[[9.63518607e+00 1.55599806e+01 6.72891358e+00 7.35391691e+00
  9.53597346e+00 1.22209847e+01 1.50469626e+01 1.96137682e+01
  2.10619112e+01 1.48384922e+01 2.86371576e+00 3.67024468e+00
  2.82990145e+00 3.16069380e+00 8.29878121e+00 9.01212242e+00
  2.12849115e+00 3.79513605e-29 5.25025379e+00 1.57103677e+01
  6.37945198e+00 5.17076197e+00 7.31298676e+00 9.10278457e+00
  7.11646508e+00 9.61814161e+00 9.26312009e+00 3.36840470e+00
  1.13597999e+00 1.22609843e+00 2.37601493e+00 2.31776479e+00
  1.08689867e+01 8.33829505e+00 1.58083006e+01]
 [5.95171255e+01 8.00074217e+01 1.88999571e+01 4.03833045e+01
  1.57009902e+01 3.76630894e+01 5.51319308e+00 6.91312530e+00
  7.51366809e+00 6.97282099e+00 1.41958133e+01 4.45222119e+01
  1.85592686e+00 6.04825509e+00 3.09468660e+00 3.16281795e+00
  5.12562978e+00 1.35220091e-29 1.90230760e+00 7.14646416e+00
  9.80985041e+00 2.69937531e+01 8.03881797e+00 1.16399548e+01
  3.79564497e+01 8.01399415e+01 5.60948117e+01 2.59936490e+01
  2.69214092e+00 5.40581278e+00 1.13153308e+00 1.03252978e+00
  6.85527577e+01 5.78212175e+01 6.13842877e+00]
 [4.17393141e+01 3.90382601e+01 1.35787659e+01 2.09338951e+01
  1.59148082e+01 1.16805588e+01 1.12166277e+01 1.33930992e+01
  1.55703891e+01 1.51509879e+01 5.84321363e+00 1.03622029e+01
  4.12447207e+00 4.70955011e+00 8.14243241e+00 8.87524619e+00
  3.50548434e+00 1.05615951e-28 6.16316405e+00 1.39863624e+01
  7.24442659e+00 1.82291204e+01 7.76430786e+00 9.48015298e+00
  1.80008136e+01 3.07838384e+01 3.70458595e+01 1.22740970e+01
  2.31367955e+00 2.70059587e+00 3.76961088e+00 3.02232377e+00
  2.07333414e+01 1.60002711e+01 3.63071840e+00]
 [8.53978001e+02 4.99957074e+02 5.89215126e+01 5.46985269e+01
  4.76448908e+01 8.45793693e+01 3.07922859e+01 3.16022962e+01
  3.77988291e+01 4.14755561e+01 6.59946255e+01 9.47815045e+01
  5.14847300e+00 4.62227949e+00 1.33999092e+01 1.45615432e+01
  3.40191790e+01 4.86310238e-29 9.80353118e+00 3.58060477e+01
  1.56418610e+01 3.55809678e+01 1.68496855e+01 1.76316762e+01
  3.76643985e+02 2.31257371e+02 3.72595357e+02 2.59255491e+02
  1.37983180e+01 1.40200852e+01 4.16257280e+00 4.00352308e+00
  5.70209035e+02 2.48522387e+02 4.67631911e+00]
 [1.84351963e+01 2.66237444e+01 1.25917704e+01 1.10153571e+01
  4.63885641e+01 1.90442306e+01 1.40928362e+01 1.78101507e+01
  2.02825435e+01 1.39280690e+01 5.51255595e+00 6.42648899e+00
  5.51712730e+00 3.87786778e+00 8.66585786e+00 9.71230235e+00
  3.52004241e+00 2.81904080e-29 4.73328304e+00 1.54122783e+01
  8.96711642e+00 9.13173058e+00 1.52443203e+01 7.94914279e+00
  9.18929789e+00 1.05708911e+01 1.89245093e+01 6.74144217e+00
  2.33598482e+00 2.15426425e+00 3.06077931e+00 2.35728166e+00
  8.35103313e+00 1.32520248e+01 2.24933338e+02]
 [1.08425775e+01 1.43913646e+01 8.37608609e+00 1.40675308e+01
  8.70186059e+00 4.32810534e+00 5.79455632e+00 8.13922359e+00
  9.82053593e+00 7.36415648e+00 5.43046352e+00 4.24052622e+00
  2.88936356e+00 1.65122761e+00 3.32460061e+00 3.21183908e+00
  2.38935281e+00 4.13100471e-30 2.05401092e+00 7.46651181e+00
  2.59713319e+01 3.34375024e+00 4.18710875e+00 3.25232280e+00
  1.39401310e+01 1.06043040e+01 1.21011029e+01 4.63759948e+00
  1.55357404e+00 1.17922782e+00 1.35439881e+00 9.86043250e-01
  1.41469422e+01 1.07507570e+01 6.33679922e+00]
 [1.79100991e+01 1.68447198e+01 1.05168118e+01 9.12758704e+00
  1.54990528e+01 1.26817522e+01 2.36742371e+01 1.66002461e+01
  2.88371463e+01 2.59722282e+01 5.97386861e+00 5.16137626e+00
  6.55837539e+00 4.89420524e+00 1.41069758e+01 1.12402106e+01
  4.45963032e+00 4.37252816e-29 9.94006764e+00 2.61713282e+01
  6.43791809e+00 7.06507912e+00 1.46631495e+01 1.02388478e+01
  6.41737303e+00 7.25086814e+00 1.56006337e+01 6.03699615e+00
  4.49517311e+00 4.01189584e+00 5.49484461e+00 4.02142062e+00
  3.81439418e+01 3.76830090e+01 7.75154149e+00]
 [4.27615628e+01 4.76410434e+01 3.44903681e+01 4.10911459e+01
  4.03554009e+01 6.37119959e+01 2.23225422e+01 2.24461719e+01
  3.84612133e+01 3.52439869e+01 1.54065849e+01 1.96893516e+01
  1.52157306e+01 1.77656800e+01 1.57799941e+01 1.50225130e+01
  1.06510979e+01 2.57823008e-29 1.25395821e+01 3.55016720e+01
  2.44024498e+01 4.52464755e+01 2.12763662e+01 2.70709213e+01
  2.09006085e+01 2.82176603e+01 3.38174722e+01 1.85444625e+01
  9.35376968e+00 1.04121086e+01 1.07465838e+01 1.00030893e+01
  5.73861856e+01 4.99364570e+01 1.98362477e+01]
 [2.44821969e+01 2.61174839e+01 1.46787313e+01 1.24410869e+01
  2.78987862e+01 1.52573096e+01 8.84440219e+00 9.06069369e+00
  1.13642260e+01 1.27300535e+01 5.57677829e+00 5.29384758e+00
  2.92717971e+00 2.54244289e+00 5.84882173e+00 4.67043373e+00
  3.09525329e+00 1.02425133e-29 3.69022083e+00 1.16032229e+01
  5.03385485e+00 6.16465830e+00 5.65127794e+00 5.19627060e+00
  1.39562761e+01 1.03386245e+01 1.92760847e+01 6.78097028e+00
  1.82874601e+00 1.97300645e+00 2.46771701e+00 1.66817424e+00
  1.02948444e+01 2.25045149e+01 7.11822449e+00]
 [5.45221838e+01 3.54472369e+01 1.17356971e+01 7.53129785e+00
  1.05789061e+01 3.88450135e+00 1.43099604e+01 7.88874862e+00
  1.58380386e+01 1.13684030e+01 9.67928771e+00 5.92352796e+00
  4.15621685e+00 1.69249022e+00 9.52966421e+00 4.55539032e+00
  3.94526778e+00 5.21971128e-28 3.81218948e+00 1.22666410e+01
  9.08498055e+00 3.12167603e+00 9.83404432e+00 3.50508199e+00
  3.10199801e+01 1.19718994e+01 2.92414029e+01 9.84765179e+00
  1.91950716e+00 1.41695834e+00 2.46689232e+00 1.38978880e+00
  3.04989367e+01 2.35931513e+01 1.43674856e+01]
 [7.60537681e+00 1.85780690e+01 9.49602653e+00 1.17675274e+01
  9.05224255e+00 8.16812807e+00 1.21523065e+01 1.36790281e+01
  1.41354905e+01 1.37412029e+01 6.05743119e+00 1.04159022e+01
  4.43617283e+00 4.74343799e+00 8.89032061e+00 7.51440918e+00
  3.42649730e+00 8.03939896e-30 5.20177130e+00 1.27074691e+01
  7.01336260e+00 1.10159080e+01 8.32246050e+00 7.35500410e+00
  9.07514067e+00 2.88869659e+01 1.11586002e+01 6.25119073e+00
  2.06706764e+00 2.13456198e+00 3.42558817e+00 3.23302379e+00
  1.19895706e+01 2.10860620e+01 3.56411243e+00]
 [8.27614299e+01 6.05981908e+01 1.70105387e+01 1.85016524e+01
  2.72227534e+01 2.24691976e+01 1.46801419e+01 1.60889909e+01
  2.50056185e+01 2.39661522e+01 9.39935496e+00 9.32921554e+00
  5.70427817e+00 4.30165569e+00 1.07841306e+01 9.27744076e+00
  6.35970647e+00 9.50318330e-30 6.38192303e+00 2.12589273e+01
  1.08138196e+01 7.80453913e+00 9.52929146e+00 9.75473344e+00
  2.87828008e+01 2.65645750e+01 7.36865667e+01 1.76456233e+01
  3.63725039e+00 2.87046354e+00 4.02190352e+00 2.83798927e+00
  8.29163748e+01 5.69641515e+01 3.44774615e+00]
 [1.23244867e+01 1.75272089e+01 1.53020308e+01 1.78488933e+01
  1.46204333e+01 1.09829577e+01 1.92941522e+01 1.48563845e+01
  2.27790502e+01 2.26552957e+01 9.54078188e+00 9.44252796e+00
  6.68382055e+00 4.31855022e+00 1.26289786e+01 8.29859810e+00
  5.43738089e+00 1.00227974e-29 6.65621247e+00 2.05607939e+01
  1.09693151e+01 1.05816938e+01 1.29663194e+01 8.82514378e+00
  1.06266771e+01 1.23834210e+01 1.17806156e+01 7.50241063e+00
  3.65665594e+00 3.29284386e+00 5.09368271e+00 2.57689610e+00
  7.84765814e+00 9.07970849e+00 2.87731279e+01]
 [1.53559679e+01 1.53473097e+01 1.95979045e+01 1.67702547e+01
  2.41462399e+01 2.06282197e+01 3.11029358e+01 2.92540385e+01
  2.81313154e+01 3.28403328e+01 1.18696651e+01 1.19706725e+01
  6.63953766e+00 7.00928875e+00 1.67069806e+01 1.55496713e+01
  7.34059258e+00 3.24621661e-29 9.37911222e+00 2.53743454e+01
  1.43271614e+01 1.34076630e+01 1.73434588e+01 1.68381038e+01
  1.31609264e+01 1.42245809e+01 1.42825705e+01 1.07346432e+01
  4.67823278e+00 4.94367186e+00 5.11597417e+00 4.65990225e+00
  5.41019729e+00 7.15996069e+00 1.24471979e+01]
 [1.98173253e+01 1.79147819e+01 9.86604131e+00 8.76491586e+00
  9.25606670e+00 8.61855550e+00 1.69312476e+01 1.73792187e+01
  2.09337571e+01 2.19784263e+01 4.92874126e+00 5.49726134e+00
  3.97705755e+00 3.16820863e+00 9.80469572e+00 9.05664048e+00
  3.43509407e+00 7.39398168e-30 4.77577793e+00 1.81933992e+01
  6.04260205e+00 5.83575533e+00 8.86565177e+00 7.77479220e+00
  9.59626539e+00 1.26902111e+01 1.82396208e+01 7.72291660e+00
  2.36289582e+00 2.19552449e+00 3.48487455e+00 2.47200154e+00
  1.10379349e+01 9.93269058e+00 1.88527689e+01]
 [2.39949606e+01 1.93859802e+01 7.52375369e+00 4.92676751e+00
  5.36090240e+00 4.35630595e+00 6.86280687e+00 8.26707823e+00
  1.18525821e+01 1.10632716e+01 5.10138785e+00 4.22923017e+00
  1.85471195e+00 1.62454535e+00 4.04229363e+00 3.48842405e+00
  3.03521970e+00 1.73662182e-29 1.97556687e+00 9.96238613e+00
  4.93743094e+00 3.65803632e+00 4.53261152e+00 4.04541266e+00
  1.27259850e+01 1.49203074e+01 2.05264836e+01 8.50977709e+00
  1.42635523e+00 1.00873456e+00 1.35035527e+00 1.07052392e+00
  1.58721209e+01 1.69159298e+01 9.66773183e+00]
 [1.24240525e+01 1.29035028e+01 9.39601396e+00 6.83190887e+00
  1.25529444e+01 1.92126418e+01 8.77362099e+00 7.82247558e+00
  1.28217651e+01 1.27778017e+01 9.77470971e+00 6.89094838e+00
  3.22430307e+00 2.33996676e+00 4.32796253e+00 3.71262977e+00
  1.83721272e+00 9.48230741e-30 2.16803353e+00 1.27125278e+01
  7.32678917e+00 5.05766059e+00 5.91128112e+00 5.99003392e+00
  5.30536186e+01 1.99780073e+01 1.21935952e+01 3.79272318e+00
  1.58795112e+00 1.14430524e+00 1.48177258e+00 1.13362780e+00
  1.61838083e+01 3.83108808e+00 7.28561959e+00]
 [3.06103012e+02 3.36747365e+02 2.32043736e+01 3.14444859e+01
  1.60524191e+01 2.30203014e+01 1.81180809e+01 2.16528013e+01
  2.71018657e+01 2.94958773e+01 1.39909079e+01 2.41986509e+01
  5.63258823e+00 7.01703607e+00 1.46862140e+01 1.41629473e+01
  1.50796920e+01 1.82293502e-28 1.05152685e+01 2.55518035e+01
  9.57054326e+00 1.07640157e+01 1.33095383e+01 1.77887337e+01
  5.81343206e+01 7.60848553e+01 1.93354217e+02 5.63274395e+01
  5.15343318e+00 5.43095199e+00 6.80454274e+00 5.47267883e+00
  2.57370482e+02 1.63832687e+02 8.76552883e+00]
 [3.24895670e+01 1.10668248e+02 1.14503121e+01 1.34833616e+01
  1.33595145e+01 1.29719445e+01 1.29740920e+01 1.46039903e+01
  1.34300846e+01 1.77939762e+01 5.59626059e+00 1.84884600e+01
  2.41643228e+00 2.49903396e+00 6.09553930e+00 5.56709971e+00
  3.81735460e+00 3.25553932e-29 3.86327599e+00 1.33834180e+01
  8.26972526e+00 1.29525231e+01 6.25975774e+00 5.87408473e+00
  1.23016897e+01 4.62532275e+01 3.64397635e+01 1.05448607e+01
  1.55011336e+00 1.73910327e+00 2.50895145e+00 1.64742062e+00
  1.23448879e+01 2.72000994e+01 1.27517095e+01]
 [1.20855389e+02 2.09013816e+02 1.71579565e+01 2.76915126e+01
  3.95647237e+01 3.51726685e+01 2.77680723e+01 3.02855763e+01
  3.87112675e+01 4.25405012e+01 6.08149538e+00 1.58166640e+01
  5.61396945e+00 6.29588493e+00 1.55796972e+01 1.39667901e+01
  8.70923334e+00 2.06394251e-28 7.95467907e+00 3.53384865e+01
  1.10271160e+01 1.04689347e+01 1.46280464e+01 1.34814755e+01
  3.30443438e+01 7.09442381e+01 1.30190444e+02 3.41269124e+01
  2.11864868e+00 3.59614308e+00 4.75714358e+00 3.18294438e+00
  6.03944407e+01 5.54050094e+01 8.55113543e+01]]