[[2.32707163e+00 5.52403724e+00 1.88093334e+00 2.58566958e+00
  3.26609825e+00 3.58047502e+00 1.63887039e+00 1.57408675e+00
  1.72277775e+00 1.46096135e+00 7.67195246e-01 1.16035745e+00
  8.38778679e-01 5.10485946e-01 8.58042281e-01 7.70949031e-01
  5.51640141e-01 1.25361326e-29 5.07083485e-01 1.50999326e+00
  2.09422470e+00 1.42447438e+00 1.43553455e+00 1.10178844e+00
  1.75254367e+00 3.38753711e+00 2.52884679e+00 8.20924405e-01
  2.73640255e-01 3.01941509e-01 3.24478696e-01 2.30501107e-01
  4.04983274e+00 3.43799092e+00 4.24534763e+00]
 [4.64929522e+01 5.81966437e+01 1.27593650e+01 2.62942010e+01
  1.37686183e+01 3.10225950e+01 1.57692322e+00 2.60501276e+00
  1.90853524e+00 2.57893428e+00 1.02050552e+01 2.84701410e+01
  8.54998071e-01 3.62888199e+00 1.00106958e+00 1.22719747e+00
  3.38815182e+00 9.11184669e-30 5.86594285e-01 2.38376600e+00
  6.53272417e+00 1.77816540e+01 7.00236251e+00 1.26793681e+01
  2.69462818e+01 5.34017237e+01 4.34736226e+01 1.77910411e+01
  1.60929638e+00 2.98508619e+00 3.69056222e-01 3.94926716e-01
  6.97804091e+01 4.07574587e+01 4.68040822e+00]
 [1.32806535e+01 1.30023537e+01 3.25842296e+00 7.87932013e+00
  5.46548653e+00 2.54605763e+00 1.52997051e+00 2.00040375e+00
  2.19624431e+00 1.86310272e+00 1.49494342e+00 3.78442459e+00
  6.08998392e-01 7.63714686e-01 9.84671697e-01 9.71453418e-01
  9.43706741e-01 2.30457294e-29 6.53887551e-01 1.95494251e+00
  1.42250051e+00 6.89299266e+00 9.65910913e-01 1.26473181e+00
  6.11638270e+00 1.12516804e+01 1.26859138e+01 4.31018299e+00
  3.79272518e-01 4.11170457e-01 4.65772757e-01 3.80082792e-01
  6.33852575e+00 7.13062484e+00 1.71343607e+00]
 [6.82269553e+02 4.01905619e+02 3.18061235e+01 3.32245549e+01
  2.51338166e+01 4.47715542e+01 1.15496771e+01 9.04749119e+00
  1.10381982e+01 1.39337401e+01 3.90619563e+01 7.15317487e+01
  1.81226207e+00 1.29576983e+00 3.95072620e+00 4.02419010e+00
  2.32122063e+01 2.39474035e-29 3.36135354e+00 1.22537584e+01
  7.79932085e+00 1.74597783e+01 6.89694505e+00 7.62716925e+00
  2.45690771e+02 1.85078552e+02 3.05769049e+02 2.06084871e+02
  7.11748799e+00 8.52801126e+00 1.36467253e+00 1.26187994e+00
  4.72581802e+02 2.18010419e+02 2.71804158e+00]
 [6.33069094e+00 8.35755298e+00 5.25639946e+00 3.80386972e+00
  4.49443485e+01 1.32541133e+01 2.97600842e+00 3.22106706e+00
  7.55557858e+00 2.45089526e+00 2.01654115e+00 1.92917767e+00
  3.14011900e+00 1.40561525e+00 1.84694041e+00 1.26254462e+00
  9.97507220e-01 7.18255746e-30 7.56361298e-01 5.05014576e+00
  5.53174829e+00 5.65853102e+00 1.08689330e+01 2.41901680e+00
  3.04237915e+00 3.32595218e+00 6.67339146e+00 2.07421463e+00
  7.16141333e-01 6.54907348e-01 7.12315879e-01 3.91280954e-01
  4.40368845e+00 5.44014071e+00 8.33714213e+00]
 [8.07325499e+00 9.47422124e+00 6.85378316e+00 1.29628943e+01
  6.68804397e+00 1.67597593e+00 1.26094041e+00 1.19521274e+00
  1.99760850e+00 1.87904913e+00 4.07205910e+00 2.81111054e+00
  2.02477783e+00 5.08456708e-01 8.43366392e-01 7.07693317e-01
  1.30082263e+00 2.78743431e-30 5.39241417e-01 1.83083344e+00
  3.34796283e+01 1.39110037e+00 2.12386859e+00 7.07245387e-01
  1.09707932e+01 7.97523087e+00 8.70765553e+00 2.89353633e+00
  7.33559807e-01 4.80453436e-01 4.32777080e-01 2.84119897e-01
  1.58844599e+01 1.40355449e+01 3.44108326e+00]
 [8.42847888e+00 7.49224301e+00 4.13859764e+00 4.02644784e+00
  5.45665700e+00 2.99063772e+00 7.16158865e+00 2.39958973e+00
  6.12932470e+00 4.64757035e+00 1.03545126e+00 1.10415977e+00
  1.65738620e+00 9.85636349e-01 2.18211425e+00 1.27050574e+00
  9.87417160e-01 2.03039261e-29 1.05055141e+00 5.28260752e+00
  2.85195828e+00 1.70911961e+00 4.63543209e+00 1.91100504e+00
  2.85818244e+00 3.21732777e+00 7.10512134e+00 2.18136058e+00
  5.91018712e-01 5.72654123e-01 6.86712177e-01 5.29259047e-01
  1.58245591e+01 1.42585064e+01 2.09200978e+00]
 [3.15611346e+01 3.58151894e+01 2.47190112e+01 4.47105243e+01
  3.13608417e+01 6.14766371e+01 1.26163854e+01 9.33398758e+00
  2.52658117e+01 2.66306694e+01 1.09340507e+01 1.81569965e+01
  1.13993744e+01 1.85114466e+01 8.09075789e+00 7.38222008e+00
  6.95634369e+00 1.87738821e-29 6.65493420e+00 2.44711165e+01
  1.89434034e+01 5.40397884e+01 1.47222341e+01 2.47031601e+01
  1.45882719e+01 2.39352531e+01 2.48363769e+01 1.37178991e+01
  6.12147539e+00 8.35562842e+00 6.33112296e+00 6.09561440e+00
  3.73962160e+01 4.59485597e+01 1.44046369e+01]
 [9.90746581e+00 1.12932621e+01 7.08670625e+00 3.22234437e+00
  1.45020629e+01 6.61544698e+00 1.10637794e+00 1.64848448e+00
  2.19918087e+00 3.05657296e+00 1.42522788e+00 8.80095307e-01
  3.94416482e-01 4.63963376e-01 5.24106179e-01 5.51815005e-01
  7.45577780e-01 2.15226652e-30 3.57529644e-01 2.46585752e+00
  1.35282088e+00 1.15321049e+00 6.03669953e-01 1.09892549e+00
  5.75258481e+00 3.49292292e+00 7.50195017e+00 2.47936327e+00
  3.26376427e-01 2.62976643e-01 2.49567533e-01 1.99746414e-01
  6.34282255e+00 1.32837490e+01 2.94263675e+00]
 [3.74802223e+01 2.35361166e+01 6.83779969e+00 4.17919590e+00
  5.99657948e+00 1.19733170e+00 8.39758888e+00 1.84799895e+00
  5.12226463e+00 2.81867214e+00 6.53551330e+00 2.03381336e+00
  1.45778147e+00 4.55601820e-01 5.20444175e+00 8.73306879e-01
  2.19165940e+00 1.10994048e-28 1.05453356e+00 3.53238849e+00
  5.06994002e+00 1.08506595e+00 7.32918963e+00 8.63366641e-01
  2.20229598e+01 6.69397142e+00 1.94878394e+01 6.17565726e+00
  8.98740347e-01 4.59557914e-01 9.72702911e-01 3.39499374e-01
  2.25232256e+01 1.69861560e+01 7.09898721e+00]
 [1.85946866e+00 9.02301138e+00 2.25888674e+00 3.64333705e+00
  1.49756034e+00 1.52613463e+00 2.46087747e+00 5.21021975e+00
  2.27384794e+00 2.73832802e+00 1.92003307e+00 4.62600115e+00
  5.68239061e-01 6.92088411e-01 9.66758394e-01 9.71668500e-01
  8.02868278e-01 2.22628384e-30 4.80689588e-01 1.96976455e+00
  1.73648646e+00 4.17093727e+00 1.04006661e+00 9.91383857e-01
  4.00284876e+00 1.66757401e+01 3.78265780e+00 2.04370831e+00
  3.47664446e-01 5.35324522e-01 3.33445347e-01 3.85663121e-01
  6.25609448e+00 1.28032435e+01 1.28491143e+00]
 [4.76989765e+01 3.59785099e+01 6.69496668e+00 7.56684748e+00
  1.42795533e+01 1.05504846e+01 2.29380117e+00 2.65938506e+00
  3.25659120e+00 3.71055927e+00 3.49697482e+00 4.12178682e+00
  9.79122569e-01 7.70777982e-01 1.34209563e+00 1.23103835e+00
  2.63685239e+00 2.03866943e-30 8.43450524e-01 3.24726653e+00
  3.69468243e+00 2.13348244e+00 1.43385817e+00 1.99929820e+00
  1.46031241e+01 1.43367326e+01 4.09233746e+01 8.74001755e+00
  8.77192183e-01 7.99861344e-01 5.28637931e-01 4.12064494e-01
  4.95708974e+01 2.97230576e+01 1.50408999e+00]
 [2.60887529e+00 3.59835165e+00 2.66206874e+00 3.07309776e+00
  2.18588711e+00 1.73125901e+00 2.34323048e+00 2.30438609e+00
  4.47351447e+00 6.90107419e+00 1.58968632e+00 1.78984965e+00
  1.00626574e+00 7.01022473e-01 1.53815525e+00 1.27234508e+00
  9.68840279e-01 3.07987421e-30 9.74750147e-01 5.45220810e+00
  2.03293483e+00 1.82945305e+00 1.66569554e+00 1.30894971e+00
  2.21729362e+00 2.56457252e+00 2.48165029e+00 1.52137709e+00
  5.99530827e-01 5.47883948e-01 6.97734605e-01 4.00622705e-01
  1.87135017e+00 2.45098761e+00 8.23587389e+00]
 [2.23407770e+00 2.63734151e+00 2.19663926e+00 2.46232934e+00
  2.65294542e+00 2.32297682e+00 2.20554065e+00 2.77581597e+00
  3.28381912e+00 5.30953499e+00 1.48723146e+00 2.00410788e+00
  7.40427099e-01 1.00747809e+00 1.37371090e+00 1.50621104e+00
  1.07384228e+00 3.26004698e-30 9.44007787e-01 3.73149852e+00
  1.80913849e+00 1.64861675e+00 1.36793002e+00 1.76802577e+00
  1.91333883e+00 2.80334751e+00 2.26912829e+00 1.62105514e+00
  6.49985329e-01 7.94981796e-01 4.83670108e-01 5.52670476e-01
  1.14869404e+00 1.86943306e+00 4.04408766e+00]
 [4.39746238e+00 3.01069983e+00 1.52893748e+00 1.19879915e+00
  7.83102748e-01 8.94718670e-01 1.25914250e+00 1.34819342e+00
  1.94221110e+00 2.22810293e+00 5.87196971e-01 9.01593281e-01
  3.72109307e-01 3.46349508e-01 8.13327505e-01 7.25335409e-01
  4.20277955e-01 1.33059805e-30 4.23532066e-01 1.76388925e+00
  7.96594079e-01 7.60772038e-01 7.61706906e-01 6.99751600e-01
  1.63636467e+00 2.33870205e+00 3.50796349e+00 1.33222237e+00
  2.49384283e-01 2.97311623e-01 3.38790923e-01 2.31182205e-01
  3.60106834e+00 3.52650427e+00 4.79855041e+00]
 [1.07413902e+01 8.43558326e+00 3.24869064e+00 1.97169200e+00
  1.68029791e+00 9.37830772e-01 1.28455464e+00 1.07841539e+00
  1.14000170e+00 1.34474895e+00 2.27774539e+00 2.11338966e+00
  5.20902940e-01 5.06857427e-01 7.21925370e-01 6.94700343e-01
  1.44977218e+00 4.39501279e-30 4.09340808e-01 1.22643188e+00
  1.95607937e+00 1.29344640e+00 1.19943126e+00 8.02254387e-01
  5.83759905e+00 7.95536359e+00 9.49134492e+00 4.05407033e+00
  5.32860675e-01 4.39888483e-01 2.99928249e-01 3.22272345e-01
  7.06361972e+00 7.19150661e+00 4.23782220e+00]
 [6.40554231e+00 7.01448261e+00 4.82095571e+00 3.29945025e+00
  7.13056762e+00 6.92072567e+00 3.24693924e+00 2.66306974e+00
  5.46656030e+00 4.82092774e+00 5.21900287e+00 4.49111411e+00
  1.88981566e+00 1.10302706e+00 1.15439877e+00 9.37603676e-01
  8.24911639e-01 4.89178249e-30 5.38418447e-01 5.59780078e+00
  4.28140257e+00 2.64900765e+00 2.51286366e+00 2.21381637e+00
  3.26656637e+01 1.35786754e+01 6.77363427e+00 2.21883822e+00
  6.54560251e-01 4.61374054e-01 4.15207808e-01 2.97966473e-01
  8.78624437e+00 2.51322152e+00 4.33970275e+00]
 [9.74368009e+01 1.03028579e+02 8.15674576e+00 8.80360965e+00
  1.13992432e+01 1.05158318e+01 3.15539193e+00 3.97757238e+00
  4.05687117e+00 5.16378364e+00 3.25655520e+00 5.63119994e+00
  1.53500015e+00 1.73313534e+00 1.92659617e+00 2.29197848e+00
  3.38429611e+00 5.39926614e-29 1.39522317e+00 4.70778619e+00
  3.34760909e+00 3.66092135e+00 3.91281180e+00 5.05878938e+00
  1.66311748e+01 2.18668714e+01 5.92555825e+01 1.58573548e+01
  9.46016909e-01 1.11118181e+00 8.83111222e-01 8.87274331e-01
  8.59737450e+01 5.54227886e+01 3.14873893e+00]
 [1.43905920e+01 5.55094982e+01 3.95010338e+00 4.37657697e+00
  6.00121658e+00 6.32432610e+00 2.37982140e+00 5.01738088e+00
  2.41240237e+00 7.02301670e+00 1.88332564e+00 1.02117988e+01
  3.69650438e-01 6.28982583e-01 8.89287272e-01 1.23729660e+00
  1.09315996e+00 9.48196128e-30 5.53295783e-01 4.27408911e+00
  3.47778213e+00 7.33321204e+00 9.36549913e-01 1.61891627e+00
  4.86363806e+00 2.34426582e+01 1.55317883e+01 4.14184708e+00
  3.91007909e-01 4.05031670e-01 2.85001256e-01 2.73432726e-01
  6.54738662e+00 1.34953052e+01 8.20432130e+00]
 [7.10884511e+01 1.21672784e+02 7.58158309e+00 1.51316452e+01
  2.18408222e+01 2.53891925e+01 4.36876445e+00 6.75433573e+00
  6.86467114e+00 5.79742082e+00 3.37832474e+00 8.63700583e+00
  1.46401942e+00 2.14740851e+00 2.32578553e+00 2.00854937e+00
  4.64706358e+00 8.41869471e-29 1.43783321e+00 6.04913622e+00
  5.79592199e+00 5.93576100e+00 2.68283245e+00 4.44003060e+00
  1.93138851e+01 3.81376117e+01 7.49064209e+01 1.90937582e+01
  1.03586585e+00 1.82318143e+00 9.16032513e-01 6.27519344e-01
  3.63346452e+01 3.05005387e+01 2.11417415e+01]]