[[7.74209005e+02 1.92956084e+03 9.75874749e+01 2.27524497e+02
  1.82983392e+02 7.91935194e+02 8.84785027e+01 1.06061834e+02
  1.08350551e+02 7.35939294e+01 5.56373223e+01 4.18633217e+01
  3.18115201e+01 8.20096946e+00 3.39952373e+01 3.31884535e+01
  7.71419099e+01 2.78264081e-27 2.35295064e+01 7.82266702e+01
  5.17732099e+02 6.03399719e+01 4.22376679e+01 3.34724308e+01
  1.11570437e+03 1.32476109e+03 7.18857089e+02 7.38520280e+01
  1.00584785e+01 9.38368889e+00 9.60175321e+00 7.68195431e+00
  1.68019169e+03 1.17315556e+03 1.89312605e+02]
 [3.90552773e+02 4.50783477e+02 9.35440002e+01 1.65416242e+02
  5.39813331e+01 5.04354518e+01 5.49398516e+01 6.23368210e+01
  8.07991470e+01 7.84144070e+01 5.13694602e+01 6.85318205e+01
  1.40375116e+01 1.53316020e+01 3.28313595e+01 3.38255581e+01
  4.85765302e+01 8.20225359e-29 2.61788360e+01 7.96314148e+01
  5.40657347e+01 6.09020725e+01 3.41405204e+01 3.41603985e+01
  1.83906087e+02 3.65744752e+02 4.20287199e+02 2.55144781e+02
  1.67390246e+01 1.72443709e+01 1.25259895e+01 1.12270225e+01
  1.95443453e+02 1.21708378e+02 1.11963757e+01]
 [2.56472985e+02 2.74582265e+02 2.86802372e+02 1.70136463e+02
  2.85724604e+01 2.38685395e+01 2.02409017e+01 1.10668425e+02
  2.76412445e+01 2.72213984e+01 1.03302483e+02 2.69270611e+01
  6.03806985e+00 5.52564956e+00 1.08821425e+01 1.33415301e+01
  1.98981676e+01 1.30584947e-27 9.54354104e+00 2.39259036e+01
  2.33816010e+01 1.76965640e+01 1.43676452e+01 1.45825368e+01
  1.80958217e+02 1.66176985e+02 2.09756892e+02 4.24015842e+02
  6.83094947e+00 8.42301808e+00 4.43725901e+00 4.53414483e+00
  1.72406634e+02 1.22815081e+02 2.00823997e+01]
 [3.07823559e+03 2.15552347e+03 3.39163751e+02 3.20835695e+02
  6.31041739e+01 1.23606111e+02 7.97546426e+01 1.17269260e+02
  1.16130580e+02 1.17269893e+02 1.77217599e+02 1.07313033e+02
  9.15199318e+00 1.54367920e+01 3.66400762e+01 5.19578452e+01
  1.59265996e+02 4.22512972e-28 3.33572386e+01 1.08671932e+02
  5.93168201e+01 6.09706666e+01 3.57849237e+01 6.12333961e+01
  1.26648809e+03 6.10741450e+02 2.42803327e+03 9.30583186e+02
  3.91448703e+01 1.91535178e+01 1.12155798e+01 1.53641738e+01
  4.74208821e+03 4.29187486e+03 1.05034016e+01]
 [5.03568243e+01 6.54960431e+01 1.05041339e+02 5.22626211e+01
  2.60456595e+01 2.49842851e+01 2.48973443e+01 3.38360326e+01
  2.56138064e+01 2.74809850e+01 1.65722539e+01 2.26043378e+01
  8.05409958e+00 5.64832590e+00 1.44845012e+01 1.86366901e+01
  1.07104648e+01 6.56565261e-29 9.65074702e+00 2.29828770e+01
  2.04323781e+01 2.18808705e+01 1.58246834e+01 1.34821389e+01
  3.06358896e+01 3.48039475e+01 5.30431907e+01 2.16894099e+01
  4.77823168e+00 4.69357822e+00 4.33975722e+00 4.71459336e+00
  5.30539256e+01 5.19572109e+01 6.55663066e+02]
 [6.38507728e+01 1.88940916e+02 1.06856556e+02 7.15212656e+01
  3.40803843e+01 2.41020670e+01 2.76336544e+01 2.74665918e+01
  4.06350830e+01 3.30542368e+01 1.56350451e+01 2.27143162e+01
  8.03862392e+00 5.88086974e+00 1.56688194e+01 1.74497978e+01
  1.65193149e+01 2.69455694e-29 1.39657988e+01 3.61549664e+01
  2.97456462e+01 2.17004617e+01 1.90633233e+01 1.36273517e+01
  1.57535181e+02 1.00827965e+02 7.12318574e+01 3.33277480e+01
  6.09067558e+00 6.16643138e+00 5.90795125e+00 5.63693251e+00
  2.81495250e+02 3.87662464e+01 1.88080554e+01]
 [1.22386745e+03 6.45543721e+02 3.50593239e+02 5.40156288e+02
  2.43936656e+02 1.54030223e+02 1.93213020e+02 6.24468067e+01
  1.54437133e+02 2.02225831e+02 3.10785510e+01 1.04444809e+02
  2.99026600e+01 1.78572334e+02 5.55078350e+01 3.76126191e+01
  9.15991267e+01 1.66170182e-26 3.99972874e+01 9.08332572e+01
  7.41329136e+01 1.14297206e+02 5.95096890e+01 4.41634993e+01
  1.72305775e+02 4.62036401e+02 4.41411779e+02 1.58552821e+02
  1.34600999e+02 3.95680831e+01 1.85476954e+01 2.02388533e+01
  2.12565025e+03 8.64708232e+03 7.29639267e+01]
 [1.72087356e+02 1.90370364e+02 1.73553673e+03 6.22463765e+02
  5.77961404e+01 6.11065495e+01 3.23798534e+01 5.29509812e+01
  4.03464117e+01 4.27070399e+01 3.56330314e+01 3.99651843e+01
  1.72478482e+01 1.63921355e+01 2.16099983e+01 2.82486791e+01
  3.22421557e+01 2.45485440e-28 2.00460422e+01 3.65967276e+01
  4.46600279e+01 6.00358221e+01 2.17476189e+01 2.95014114e+01
  8.17691097e+01 9.88466551e+01 1.33206212e+02 9.45335556e+01
  1.39053566e+01 1.29909463e+01 1.06358915e+01 1.15914651e+01
  1.13836317e+03 1.31032668e+02 4.28390152e+01]
 [9.78846702e+01 1.00400925e+02 4.24655053e+01 5.04161205e+01
  3.19687651e+01 2.50961532e+01 3.80828479e+01 4.55188133e+01
  5.60167181e+01 6.42412595e+01 1.88505257e+01 2.04509284e+01
  9.41737126e+00 7.29941316e+00 2.35421256e+01 2.25839292e+01
  2.10273670e+01 3.20817875e-29 1.86476325e+01 5.93871581e+01
  2.47270684e+01 2.29275211e+01 2.15619094e+01 1.97180905e+01
  4.15913043e+01 4.21643826e+01 8.11989292e+01 3.22693073e+01
  8.94031522e+00 6.99922838e+00 8.01783198e+00 7.14790611e+00
  5.54106073e+01 9.45440049e+01 1.63268049e+01]
 [3.58754408e+02 3.18417737e+02 2.43769427e+02 1.12547162e+03
  2.78794977e+02 1.92430815e+02 2.04896194e+02 1.29026279e+03
  2.80254565e+02 6.30618567e+02 1.56563413e+02 3.41830073e+03
  5.05152166e+01 6.79879580e+01 6.90872044e+01 7.73367996e+01
  5.75446425e+01 2.28095792e-25 2.26449858e+02 8.67005038e+02
  7.72454645e+02 1.07303806e+03 5.74408021e+02 5.98772201e+02
  2.20426563e+02 3.35431147e+03 2.36353134e+02 1.94494421e+02
  2.22805359e+01 1.97211395e+02 1.03843979e+01 3.20019928e+01
  7.73720387e+02 3.70966964e+02 3.12129069e+02]
 [7.67650599e+01 1.82835071e+02 1.31381892e+03 1.58409098e+03
  1.62164207e+02 5.72409800e+01 4.85699035e+01 4.48016081e+01
  5.05152280e+01 4.63461215e+01 9.51236145e+01 2.23089296e+02
  1.31536211e+01 1.36513820e+01 2.56878626e+01 2.21907072e+01
  5.15636678e+01 2.23845324e-28 1.20497502e+01 4.63377777e+01
  5.11205405e+01 5.58217063e+01 2.98476049e+01 3.05229360e+01
  3.37251739e+02 7.05663706e+02 2.11470503e+02 2.45400768e+02
  1.22942340e+01 1.33374320e+01 6.92563338e+00 1.21064695e+01
  1.37256687e+03 6.47721367e+02 2.06012533e+01]
 [3.80860270e+02 2.88881109e+02 2.79248024e+02 2.77880942e+02
  7.28150375e+01 1.05608604e+02 4.78360771e+01 5.65830789e+01
  6.92509226e+01 6.75439654e+01 5.96088283e+01 4.82424000e+01
  1.85148270e+01 1.52444028e+01 2.53430269e+01 2.67337350e+01
  3.33223534e+01 2.37473798e-29 1.62773546e+01 6.23312698e+01
  7.94297330e+01 7.69367662e+01 4.07864198e+01 5.58692158e+01
  1.63410153e+02 1.00535790e+02 3.12497276e+02 8.21385952e+01
  1.38998622e+01 1.33149567e+01 8.04079571e+00 8.19551823e+00
  5.29272233e+02 6.19518982e+02 1.11144813e+01]
 [2.86865485e+01 5.59891183e+01 1.63267178e+01 4.47824900e+01
  1.73099390e+01 1.24128532e+01 1.55514828e+01 1.30200341e+01
  1.52316370e+01 1.39068072e+01 9.49916252e+00 1.34517308e+01
  7.50220856e+00 4.31293196e+00 9.39378649e+00 6.46582134e+00
  7.89889017e+00 1.21563592e-29 5.82349362e+00 1.40657834e+01
  8.10257556e+00 1.38258525e+01 1.08119106e+01 8.16558764e+00
  2.01616570e+01 2.91591643e+01 3.41029144e+01 1.44737334e+01
  3.94396059e+00 4.05557092e+00 4.92713513e+00 2.19269641e+00
  1.17876917e+02 1.71159191e+02 1.15354139e+02]
 [1.26979269e+02 1.52411093e+02 1.08579137e+02 1.13409560e+02
  1.03667814e+02 7.96550660e+01 8.39759456e+01 7.37392073e+01
  6.41274985e+01 6.65930600e+01 9.36723254e+01 9.91759849e+01
  1.75025392e+01 2.32257747e+01 5.02279113e+01 3.12965882e+01
  9.37688105e+01 1.00505536e-28 2.68818618e+01 5.76930156e+01
  6.53815214e+01 6.35531853e+01 5.93990713e+01 4.56342909e+01
  1.13573204e+02 1.32384943e+02 1.44345742e+02 1.43112272e+02
  2.93143937e+01 4.13493642e+01 1.58693546e+01 1.00179992e+01
  4.66427226e+01 7.05792407e+01 8.09939721e+01]
 [1.85831173e+02 1.06648380e+02 5.49814409e+01 5.62982216e+01
  4.12683133e+01 3.89760179e+01 6.68989117e+01 9.96630626e+01
  8.23544765e+01 9.02457351e+01 2.22058805e+01 2.32886079e+01
  1.24886163e+01 8.52337542e+00 4.67947948e+01 4.72685574e+01
  1.92683762e+01 6.76980077e-29 2.54061925e+01 7.45787039e+01
  2.59963652e+01 2.58281373e+01 3.54053199e+01 3.42063223e+01
  8.80900586e+01 1.31124976e+02 1.65417708e+02 8.14500023e+01
  9.63764362e+00 8.32990248e+00 1.57795720e+01 1.00707397e+01
  6.53630969e+02 1.30177632e+02 1.18055912e+02]
 [4.20078643e+02 3.20835389e+02 1.16508432e+02 4.53287209e+01
  4.08349942e+01 4.32664302e+01 4.21070175e+01 6.09928282e+01
  6.91073350e+01 7.24337649e+01 5.90974617e+01 2.95038930e+01
  1.00642932e+01 1.09080964e+01 2.49017533e+01 3.16576514e+01
  3.65743836e+01 1.16703023e-28 2.11683647e+01 6.67824511e+01
  4.31834842e+01 3.69956790e+01 2.28419932e+01 4.51084174e+01
  1.72388874e+02 1.23226059e+02 3.35336871e+02 1.06373080e+02
  1.37552022e+01 6.80401622e+00 8.34038907e+00 1.00978137e+01
  2.41780148e+02 3.31860727e+02 4.60226207e+01]
 [4.99856947e+01 4.40985950e+01 3.61925299e+01 3.46204682e+01
  1.86966223e+01 1.97607515e+01 2.66453188e+01 2.50070042e+01
  3.81066349e+01 3.15777863e+01 8.61134770e+00 1.32983538e+01
  7.14099366e+00 8.45641550e+00 1.88065374e+01 1.45274674e+01
  8.58960461e+00 2.32899167e-29 1.23166178e+01 3.35912112e+01
  1.55532079e+01 1.75943896e+01 1.64426498e+01 1.34781946e+01
  1.94451450e+01 3.38519749e+01 8.71510670e+01 1.11530963e+01
  4.32786825e+00 6.84123497e+00 6.84491762e+00 6.23170698e+00
  3.62545610e+01 1.80179068e+01 3.39942910e+01]
 [3.61112556e+03 3.61669848e+03 2.37555064e+02 2.62821833e+02
  9.42536283e+01 4.78589314e+01 4.45095774e+01 4.52188250e+01
  6.69230523e+01 6.70511782e+01 1.14216491e+02 1.71164441e+02
  1.13177986e+01 1.03726313e+01 2.88904336e+01 2.55584427e+01
  1.19523347e+02 2.01479699e-27 2.73418659e+01 7.01520723e+01
  4.81921336e+01 5.43856440e+01 2.37007109e+01 2.18107967e+01
  6.16612250e+02 7.42802460e+02 2.13177375e+03 5.73242409e+02
  2.87102007e+01 2.37645320e+01 1.30984770e+01 1.05602486e+01
  3.89456106e+03 2.23970198e+03 6.43750312e+01]
 [1.63230902e+02 2.44486995e+02 5.02800345e+01 5.63923176e+01
  3.52617301e+01 3.64766629e+01 4.23306964e+01 3.76638546e+01
  4.84623053e+01 4.64957205e+01 2.30036673e+01 3.22227738e+01
  7.76839463e+00 5.94958855e+00 1.87494323e+01 1.79643333e+01
  1.91130109e+01 8.09008054e-29 1.25407846e+01 4.71962170e+01
  2.38144273e+01 2.50189097e+01 2.17158873e+01 2.41967510e+01
  5.78843023e+01 8.50179094e+01 1.75143422e+02 5.34414444e+01
  6.28557274e+00 7.36091440e+00 6.83722640e+00 4.84337367e+00
  3.93519443e+01 1.14852182e+02 2.23687990e+01]
 [2.03522627e+03 3.75573234e+03 2.22572524e+04 3.90930099e+03
  7.78098394e+03 3.42520308e+03 1.17721132e+03 2.19600234e+03
  2.72565728e+02 5.27980190e+02 2.64798078e+02 8.03289276e+02
  4.51618824e+01 6.23517389e+01 1.01520057e+02 1.23607800e+02
  2.40087849e+02 9.83379391e-26 9.23966837e+01 6.11099528e+02
  5.16494909e+03 1.22191678e+03 1.70031930e+02 4.20992939e+02
  3.25600027e+03 2.21296298e+03 1.66962991e+03 3.56450567e+03
  2.41001185e+01 2.58388255e+01 2.15037624e+01 1.32322022e+01
  1.67807859e+03 3.24275824e+03 2.55450988e+02]]