[[3.70968897e+01 4.61533309e+01 3.69975251e+01 3.62879885e+01
  5.89829227e+01 8.96038953e+01 2.26409800e+02 3.63554533e+02
  3.87425108e+02 2.75675781e+02 1.12951946e+01 1.24364114e+01
  1.36270234e+01 1.27656289e+01 9.65480443e+01 9.55697408e+01
  5.43014786e+00 1.09278828e-28 4.17041202e+01 3.02082240e+02
  2.68170191e+01 2.86987541e+01 7.23061231e+01 9.22299922e+01
  2.38143267e+01 2.98377153e+01 3.50488760e+01 1.15979038e+01
  3.17768424e+00 3.17974547e+00 1.58669222e+01 1.21312473e+01
  1.63886566e+01 1.35661874e+01 2.35098052e+01]
 [2.03862581e+01 2.36873168e+01 8.67821592e+00 9.31436387e+00
  9.19501958e+00 8.35627619e+00 1.87508885e+01 2.51735847e+01
  5.24780131e+01 3.62875868e+01 4.61395497e+00 6.47056834e+00
  2.90282941e+00 5.44988440e+00 8.92656766e+00 8.99274826e+00
  3.23270814e+00 1.23713237e-29 4.37678869e+00 3.87798274e+01
  5.45737904e+00 5.52100590e+00 8.32926480e+00 8.12785993e+00
  1.02481304e+01 1.49647299e+01 1.92928673e+01 9.94368968e+00
  1.68095499e+00 2.01280246e+00 2.39485710e+00 2.13968772e+00
  9.84271952e+00 1.37858540e+01 4.00115473e+00]
 [3.52469839e+01 2.91904471e+01 9.71841155e+00 8.99856430e+00
  7.99892390e+00 1.04964102e+01 1.54568913e+01 2.38910903e+01
  6.24729495e+01 5.16833325e+01 4.52938605e+00 3.51968599e+00
  2.85235249e+00 5.26779560e+00 1.09525972e+01 1.33962912e+01
  2.84905124e+00 1.02548279e-28 7.56636178e+00 4.75996773e+01
  4.92938245e+00 4.69393004e+00 8.05893265e+00 1.32900685e+01
  1.45660459e+01 1.68027235e+01 2.90805737e+01 1.00266416e+01
  1.22211244e+00 1.35165491e+00 3.95531667e+00 3.62691387e+00
  2.01567911e+01 8.74023099e+00 1.52510030e+00]
 [1.66524475e+02 1.50882987e+02 4.17446066e+01 4.62254641e+01
  4.63867618e+01 5.41588380e+01 7.63765340e+01 1.09956379e+02
  1.14152123e+02 1.13639579e+02 2.27143289e+01 3.12197292e+01
  7.42265498e+00 1.16856294e+01 3.55375051e+01 4.62767262e+01
  1.73484064e+01 6.65294543e-29 2.27331259e+01 9.37418253e+01
  2.24030856e+01 3.00797596e+01 3.23971126e+01 4.10581297e+01
  8.10091241e+01 6.22300909e+01 1.11739323e+02 6.33791889e+01
  8.09427382e+00 8.49997668e+00 1.06891893e+01 8.52342238e+00
  9.53520224e+01 5.56120474e+01 3.91082335e+00]
 [2.19868423e+01 3.24774491e+01 1.20320680e+01 1.28185927e+01
  1.12823989e+01 1.40782835e+01 1.67042335e+01 4.29753094e+01
  2.64197648e+01 2.63143093e+01 4.96291902e+00 5.82671957e+00
  3.03009129e+00 4.69549009e+00 1.01288730e+01 2.21912744e+01
  3.77083136e+00 4.21625836e-29 6.66301579e+00 2.12939599e+01
  6.15886486e+00 7.13212818e+00 7.98954967e+00 1.44998069e+01
  9.76778520e+00 1.17710023e+01 2.19367393e+01 7.63760549e+00
  2.01344806e+00 1.66846294e+00 2.44444990e+00 4.00741503e+00
  6.59482415e+00 1.35630891e+01 1.61368365e+02]
 [1.15555146e+01 1.36601999e+01 5.82116504e+00 6.13684739e+00
  5.81267798e+00 5.13982227e+00 1.34232822e+01 2.31472963e+01
  3.35893379e+01 1.92162208e+01 2.97308434e+00 3.02935436e+00
  1.83838477e+00 1.72086902e+00 8.23873378e+00 6.77862160e+00
  2.48524835e+00 3.94504386e-30 4.50930620e+00 2.04706352e+01
  4.53801607e+00 3.07518601e+00 5.19936019e+00 5.56520735e+00
  6.96019496e+00 6.35970784e+00 1.16012516e+01 4.60920668e+00
  1.20876466e+00 1.04130300e+00 2.22394867e+00 1.33618969e+00
  6.67342598e+00 4.00766644e+00 4.54222973e+00]
 [1.81877274e+01 1.95418973e+01 1.11900438e+01 1.25854626e+01
  2.03786940e+01 1.72532146e+01 4.48024790e+01 4.85972217e+01
  9.78559539e+01 1.09059004e+02 3.72889784e+00 4.87394124e+00
  4.75637621e+00 4.25688734e+00 2.75988856e+01 3.19720819e+01
  3.51203145e+00 7.51353712e-29 2.34728229e+01 9.51081302e+01
  6.43020507e+00 7.24258205e+00 1.89237036e+01 1.84170513e+01
  5.77526276e+00 8.57297516e+00 1.64229133e+01 5.73775888e+00
  2.72971212e+00 2.75646187e+00 7.46759234e+00 6.92999181e+00
  3.50751036e+01 3.64292340e+01 6.91270036e+00]
 [2.83549122e+01 2.78979058e+01 1.29255190e+01 1.87242751e+01
  1.45048156e+01 1.89126344e+01 3.90996793e+01 9.30212315e+01
  7.25757642e+01 7.60747535e+01 7.76483814e+00 8.04183834e+00
  6.09338236e+00 6.39266293e+00 2.23980176e+01 3.38813877e+01
  6.67307503e+00 2.11374309e-29 1.43714400e+01 6.48815308e+01
  7.89689782e+00 7.95894077e+00 1.40236733e+01 2.24068252e+01
  1.40213158e+01 1.33894657e+01 2.25198140e+01 1.15317756e+01
  4.40701740e+00 4.10896508e+00 6.96418574e+00 8.09848195e+00
  3.17528488e+01 1.77383067e+01 1.06216165e+01]
 [4.62120617e+01 4.27339163e+01 2.45228692e+01 1.81331636e+01
  2.69526207e+01 1.87939996e+01 5.18551043e+01 7.05933256e+01
  8.24831346e+01 7.49168579e+01 1.14587964e+01 8.48867242e+00
  7.03990992e+00 4.06063381e+00 2.07847177e+01 2.07392154e+01
  8.22410105e+00 2.22441001e-29 1.48302955e+01 7.04744502e+01
  1.52215101e+01 9.41713921e+00 2.01432643e+01 1.69787814e+01
  1.89573857e+01 1.69467251e+01 3.83711734e+01 1.61061379e+01
  4.10125998e+00 2.87920885e+00 5.82324431e+00 5.48187227e+00
  8.45784985e+00 1.38320003e+01 4.27392992e+00]
 [4.49882279e+01 4.84857352e+01 1.01003844e+01 1.07047101e+01
  1.36301333e+01 1.04367917e+01 5.88137318e+01 6.84346318e+01
  1.24861831e+02 1.14019331e+02 5.50050397e+00 8.78672777e+00
  3.74060785e+00 3.69971300e+00 4.45002577e+01 4.50408442e+01
  6.94382809e+00 2.52803630e-27 3.11624178e+01 9.41261522e+01
  5.72008033e+00 4.87845932e+00 1.93574768e+01 1.99151830e+01
  1.77095790e+01 1.87149156e+01 4.00437055e+01 1.47064254e+01
  2.50025882e+00 2.16397843e+00 9.19165053e+00 7.62661817e+00
  2.96647735e+01 2.36456200e+01 1.62935442e+01]
 [1.07115524e+01 1.26667258e+01 1.35868577e+01 1.23167356e+01
  1.74539079e+01 1.39491657e+01 3.16146081e+01 2.94989370e+01
  3.56420941e+01 3.69621328e+01 5.14246679e+00 5.62087389e+00
  4.69744605e+00 4.95442522e+00 1.17546876e+01 1.29249796e+01
  3.55719606e+00 1.05030039e-29 6.71753929e+00 3.13117654e+01
  8.86004694e+00 7.98066072e+00 1.17199127e+01 1.08340036e+01
  7.32905696e+00 1.06202477e+01 1.06069146e+01 5.57398641e+00
  2.14236037e+00 1.86376743e+00 3.36758450e+00 3.56424090e+00
  5.95387687e+00 5.26206577e+00 3.31926085e+00]
 [4.23282789e+01 3.75331236e+01 2.06160627e+01 1.71092451e+01
  1.96327633e+01 1.71391347e+01 3.59872745e+01 3.39103404e+01
  6.91518826e+01 7.36610564e+01 8.85213839e+00 7.54337026e+00
  5.70308014e+00 4.01916550e+00 1.60648418e+01 1.26942037e+01
  6.16263589e+00 1.15853362e-29 7.87899092e+00 5.59548856e+01
  1.41306555e+01 1.08309828e+01 1.55738410e+01 1.26846670e+01
  1.85093619e+01 1.46821919e+01 3.58845393e+01 1.25930338e+01
  3.39934310e+00 2.60760534e+00 4.31293770e+00 2.95895738e+00
  4.63051453e+01 3.76562428e+01 1.81169511e+00]
 [8.38113250e+00 1.06332762e+01 1.08367308e+01 1.04785422e+01
  1.60820749e+01 1.23471920e+01 4.39406481e+01 3.47733104e+01
  5.90516908e+01 4.33303029e+01 5.84772460e+00 5.71410373e+00
  6.14572005e+00 4.47398585e+00 2.50755024e+01 1.59968016e+01
  3.91050151e+00 7.36684801e-30 9.74129248e+00 3.53975467e+01
  8.12135741e+00 7.31705776e+00 1.80837794e+01 1.34616923e+01
  6.97440924e+00 7.55257251e+00 8.53692208e+00 5.69576951e+00
  2.32555804e+00 2.24936236e+00 7.18996924e+00 3.38356329e+00
  5.07228932e+00 4.36430366e+00 1.70857335e+01]
 [6.10054136e+01 6.07208610e+01 6.91786419e+01 5.72594834e+01
  7.70239395e+01 6.07454513e+01 1.39099681e+02 1.18408178e+02
  1.18231060e+02 1.32056035e+02 3.57192822e+01 3.53385267e+01
  1.91036663e+01 1.82719366e+01 8.19704460e+01 6.38119778e+01
  2.85253241e+01 1.33688869e-28 4.37354780e+01 9.37968740e+01
  4.79964279e+01 4.01497775e+01 6.84251672e+01 5.11870846e+01
  4.74035593e+01 4.72715015e+01 6.04735252e+01 4.21419379e+01
  1.40161544e+01 1.30897474e+01 2.34125822e+01 2.26952283e+01
  8.51640050e+00 8.32739447e+00 1.45269348e+01]
 [5.91032737e+01 6.45414072e+01 4.05959162e+01 4.09069314e+01
  4.13519036e+01 3.35539799e+01 1.18866598e+02 1.23481083e+02
  2.04364619e+02 1.90570919e+02 2.09271721e+01 2.22256638e+01
  1.41804925e+01 1.03505431e+01 7.42297790e+01 7.89865844e+01
  2.10434541e+01 4.51700658e-29 5.11484280e+01 1.64292677e+02
  2.58451625e+01 2.14423219e+01 4.74181474e+01 4.05204396e+01
  3.71126174e+01 4.84231428e+01 6.03729878e+01 3.29556115e+01
  1.09549176e+01 9.04236393e+00 2.38891509e+01 2.13406484e+01
  2.02733174e+01 2.05022317e+01 3.45560832e+01]
 [2.89225521e+01 2.67407090e+01 1.07809537e+01 9.17359140e+00
  1.16100544e+01 1.34048994e+01 4.13417675e+01 6.36985931e+01
  1.08292573e+02 8.48944655e+01 5.44351482e+00 5.47788272e+00
  2.73063630e+00 3.65445745e+00 1.69005838e+01 1.73894373e+01
  3.83699292e+00 9.26868618e-29 6.09529581e+00 7.43796150e+01
  5.78646370e+00 5.89976716e+00 1.33037131e+01 1.65610085e+01
  1.31093285e+01 1.32974756e+01 2.49674758e+01 1.00642385e+01
  1.61834379e+00 1.23474160e+00 2.88323990e+00 2.93269765e+00
  1.30221573e+01 1.44532354e+01 8.32245216e+00]
 [9.88789456e+00 8.45819363e+00 9.15202422e+00 7.16436655e+00
  1.12174370e+01 9.91647176e+00 3.87958788e+01 4.77095938e+01
  9.46911928e+01 7.26141605e+01 2.97285590e+00 3.46065767e+00
  2.78113071e+00 2.67339378e+00 2.42613774e+01 2.06118937e+01
  1.91656334e+00 1.76934075e-29 1.14015087e+01 7.56770251e+01
  5.72327500e+00 4.19410634e+00 1.19666346e+01 1.09880402e+01
  8.58998488e+00 6.22823037e+00 7.72908008e+00 2.92684435e+00
  1.14816593e+00 1.04460056e+00 4.44943357e+00 4.29618794e+00
  3.70128374e+00 1.91733018e+00 3.18992969e+00]
 [5.79539400e+02 6.52091227e+02 3.58189830e+01 4.95810356e+01
  1.15692924e+01 1.71525908e+01 2.46940492e+01 5.44360336e+01
  4.88931959e+01 5.51439478e+01 2.17335206e+01 3.32550028e+01
  6.57587591e+00 1.57533183e+01 2.10069118e+01 3.38904780e+01
  2.35492575e+01 3.62860831e-28 1.57928968e+01 3.92925986e+01
  1.08413626e+01 1.24914297e+01 1.46242057e+01 2.67741725e+01
  1.07961323e+02 1.33510744e+02 3.65602892e+02 1.01695186e+02
  6.87477504e+00 5.68192600e+00 9.18429813e+00 1.40750371e+01
  4.53797836e+02 2.75660449e+02 7.07224455e+00]
 [1.72139065e+01 2.20382629e+01 1.31404050e+01 1.02614791e+01
  2.28293669e+01 1.38826269e+01 3.37942013e+01 2.76054711e+01
  3.89770841e+01 3.77483353e+01 5.97039779e+00 5.91685081e+00
  4.70646954e+00 2.46898991e+00 1.64283761e+01 1.72117975e+01
  3.75485325e+00 4.97521238e-29 1.33964981e+01 3.54611684e+01
  1.06246107e+01 6.50230823e+00 1.84502725e+01 1.14713083e+01
  9.22089013e+00 1.11408671e+01 1.56187446e+01 6.96831926e+00
  2.15558079e+00 1.82580928e+00 5.68794482e+00 4.64321795e+00
  3.28326117e+00 6.26724749e+00 4.66873834e+00]
 [1.26389059e+02 2.46168667e+02 2.14986895e+01 3.04956488e+01
  4.16727821e+01 3.20711527e+01 1.36467249e+02 1.48754584e+02
  1.95310882e+02 2.25618183e+02 5.19528195e+00 1.42737631e+01
  1.16270492e+01 1.30760435e+01 6.56755038e+01 6.31832794e+01
  8.62884342e+00 4.27080680e-28 3.15893617e+01 1.70433673e+02
  1.44133791e+01 1.20276162e+01 5.00269052e+01 4.05167846e+01
  3.08008221e+01 7.95471315e+01 1.48913971e+02 3.56638595e+01
  2.13359236e+00 3.74050995e+00 1.58308019e+01 1.12740761e+01
  7.36624446e+01 7.56720793e+01 3.73847734e+01]]