[[1.54692498e+01 2.40795375e+01 1.27158529e+01 1.46286551e+01
  1.49037481e+01 1.76487109e+01 3.89383907e+01 4.86897054e+01
  4.58561852e+01 3.35751788e+01 5.45735354e+00 6.29486982e+00
  4.46015046e+00 3.27150037e+00 1.54079885e+01 1.46134139e+01
  4.64195188e+00 4.83551051e-29 8.53559455e+00 3.48538648e+01
  1.11019095e+01 8.42354412e+00 1.44746189e+01 1.46510555e+01
  1.15903497e+01 1.70773039e+01 1.68941807e+01 7.34907241e+00
  2.46521458e+00 1.96895255e+00 3.96960616e+00 2.74917721e+00
  1.76906419e+01 9.48070269e+00 2.24404681e+01]
 [4.98723822e+01 5.83985248e+01 2.67724759e+01 3.03476123e+01
  2.09415552e+01 1.85963839e+01 1.84596963e+01 2.19754949e+01
  1.86880911e+01 1.89215893e+01 1.11837602e+01 1.54819158e+01
  5.46058276e+00 6.35688367e+00 1.04309751e+01 1.11660074e+01
  1.01002483e+01 1.99551790e-29 6.70646657e+00 1.77697390e+01
  1.55635538e+01 1.61768537e+01 1.28073480e+01 1.34347536e+01
  2.29414109e+01 3.78170734e+01 4.96808393e+01 2.67617285e+01
  4.91160323e+00 3.93362537e+00 4.28507832e+00 4.14111997e+00
  1.20791504e+01 1.64006555e+01 2.26486379e+00]
 [3.90336004e+01 3.42590494e+01 1.58684458e+01 1.15722461e+01
  9.06974715e+00 7.19527715e+00 9.41405540e+00 7.95602050e+00
  9.59026994e+00 8.75842618e+00 5.94998048e+00 4.13640427e+00
  2.54251230e+00 1.95578896e+00 4.71738256e+00 4.05850702e+00
  2.79881142e+00 8.94585318e-29 3.06874457e+00 8.63887387e+00
  6.92336775e+00 5.28628146e+00 6.01443807e+00 4.74899979e+00
  1.65432802e+01 2.04171805e+01 3.42304982e+01 1.12804636e+01
  1.34788002e+00 1.36316902e+00 1.70193614e+00 1.42233468e+00
  1.40679644e+01 8.30834753e+00 1.54947019e+00]
 [1.36554497e+02 1.15085242e+02 2.09876827e+01 2.14296532e+01
  1.76557925e+01 2.06504541e+01 2.04674832e+01 2.59452669e+01
  2.38158783e+01 2.50318528e+01 1.58074743e+01 1.43096110e+01
  3.33565797e+00 4.84782963e+00 9.35690736e+00 1.15222558e+01
  1.23871281e+01 2.68971217e-29 6.57554742e+00 2.23738566e+01
  9.92640099e+00 1.26461074e+01 1.18601292e+01 1.42815993e+01
  5.72133324e+01 3.55237508e+01 9.79839136e+01 4.53533929e+01
  5.49917991e+00 4.39157811e+00 3.02217094e+00 3.26776180e+00
  1.05208959e+02 6.34032126e+01 2.37093793e+00]
 [2.04400160e+01 2.75179847e+01 1.74681610e+01 1.61062712e+01
  9.49596096e+00 1.12822358e+01 1.44018579e+01 1.71526017e+01
  1.46292783e+01 1.25879506e+01 5.86596200e+00 7.01224476e+00
  2.80587278e+00 2.74433093e+00 5.91575410e+00 7.16842020e+00
  4.63372510e+00 3.04260362e-29 3.64356292e+00 1.22503095e+01
  7.20533955e+00 7.81144869e+00 6.52408497e+00 6.96162818e+00
  1.04582675e+01 1.24296488e+01 2.04390972e+01 9.02246559e+00
  2.28940882e+00 2.03575931e+00 1.64959258e+00 1.75130954e+00
  8.43177554e+00 1.04616494e+01 1.21847587e+02]
 [1.42321153e+01 1.73683060e+01 1.29400560e+01 1.16671102e+01
  9.58922959e+00 8.35787551e+00 1.17350374e+01 9.38552921e+00
  1.28222369e+01 1.01361388e+01 5.06392945e+00 5.16577777e+00
  3.22483545e+00 2.20923566e+00 5.26839525e+00 4.29298987e+00
  4.77290866e+00 5.47506591e-30 3.33002308e+00 1.07209810e+01
  8.01312017e+00 5.71645353e+00 6.78011519e+00 5.13557673e+00
  8.79942601e+00 9.64514461e+00 1.47782654e+01 7.21379191e+00
  2.39107410e+00 1.74127019e+00 2.23389245e+00 1.42885854e+00
  1.03554110e+01 3.50241567e+00 4.33558696e+00]
 [1.86619816e+01 2.69674680e+01 2.68271282e+01 3.22911640e+01
  1.66614050e+01 1.56160083e+01 1.84538534e+01 1.65424389e+01
  2.16117249e+01 2.01313025e+01 6.28150782e+00 9.04792543e+00
  5.23334097e+00 4.39361337e+00 1.09510231e+01 9.73559866e+00
  9.56200735e+00 6.27991377e-29 8.36891710e+00 1.90251450e+01
  7.24297323e+00 1.14683871e+01 1.20326013e+01 1.04941875e+01
  6.82610683e+00 1.74799520e+01 1.93870901e+01 1.34616759e+01
  4.56905784e+00 4.27463761e+00 3.61482512e+00 3.22452887e+00
  6.19654626e+01 4.03330422e+01 6.54290904e+00]
 [4.14817616e+01 4.21532191e+01 2.98290691e+01 3.15332398e+01
  1.81605483e+01 1.82078291e+01 2.46317742e+01 2.95039725e+01
  2.41981477e+01 2.23367229e+01 1.45174609e+01 1.35491178e+01
  6.83100807e+00 6.83428772e+00 1.42409486e+01 1.52866531e+01
  2.49441623e+01 2.17210188e-29 1.00259253e+01 2.13549595e+01
  1.25941366e+01 1.23475353e+01 1.40535460e+01 1.47192482e+01
  2.80895628e+01 2.44488713e+01 4.26360371e+01 4.05218651e+01
  8.29421928e+00 5.91574754e+00 5.76614286e+00 6.68596347e+00
  8.91003167e+01 1.78129586e+01 9.59538014e+00]
 [2.90362957e+01 2.91564853e+01 1.65322224e+01 1.51638154e+01
  1.23497355e+01 8.51595981e+00 1.62441618e+01 1.72951653e+01
  1.71610595e+01 1.69862552e+01 5.94861637e+00 6.15695148e+00
  3.77580106e+00 2.07307660e+00 7.35022683e+00 5.70804284e+00
  5.30428865e+00 1.16343055e-29 4.49050623e+00 1.70707279e+01
  9.01074813e+00 6.23455023e+00 8.71286366e+00 5.99358885e+00
  1.12281945e+01 1.15660525e+01 2.23795533e+01 9.11744928e+00
  2.20384367e+00 2.05753076e+00 2.59102736e+00 1.80302762e+00
  1.09720357e+01 1.73256866e+01 3.78461744e+00]
 [2.07097327e+01 2.13746432e+01 6.75540146e+00 7.60639850e+00
  6.35060732e+00 4.68689640e+00 8.52144509e+00 9.92687617e+00
  1.04017681e+01 1.00798642e+01 3.14547385e+00 1.03017385e+01
  2.22353179e+00 2.36297582e+00 5.06642909e+00 4.93593807e+00
  3.08649919e+00 8.18936539e-28 3.60279113e+00 9.60888078e+00
  4.91448397e+00 4.45258573e+00 5.57732542e+00 4.43416980e+00
  8.62813264e+00 1.03608697e+01 1.75373047e+01 6.23976929e+00
  1.25951528e+00 1.37856613e+00 1.70826194e+00 1.54678973e+00
  1.37509235e+01 1.00431647e+01 9.03138622e+00]
 [8.07198590e+00 1.07690946e+01 1.16036144e+01 1.34226512e+01
  1.14002456e+01 1.07065305e+01 1.20532440e+01 1.18199023e+01
  1.24352465e+01 1.14366611e+01 4.31629911e+00 5.93768433e+00
  3.45177368e+00 3.32369502e+00 7.11110601e+00 5.60148551e+00
  3.71334828e+00 7.64589507e-30 3.32316495e+00 1.08661490e+01
  7.42503918e+00 7.61451301e+00 7.97059426e+00 7.19719020e+00
  6.52556063e+00 1.00554883e+01 8.89750284e+00 5.98080093e+00
  1.82730108e+00 1.65468237e+00 2.51699431e+00 2.08732601e+00
  6.99787169e+00 5.95365480e+00 2.06371670e+00]
 [6.12888309e+01 5.32137155e+01 3.24382401e+01 3.09390371e+01
  2.19284089e+01 2.36839002e+01 2.23615162e+01 2.28989286e+01
  2.77418233e+01 2.80699850e+01 1.52664392e+01 1.12387892e+01
  6.96542422e+00 6.17766881e+00 1.33052152e+01 1.34226037e+01
  1.14993194e+01 1.27724788e-29 1.04461950e+01 2.61467534e+01
  1.74952603e+01 1.44446358e+01 1.62227531e+01 1.65123796e+01
  2.91096858e+01 2.18272450e+01 5.47204158e+01 2.15656403e+01
  7.10897074e+00 4.42828609e+00 5.35200544e+00 5.14802517e+00
  5.21356478e+01 4.88458001e+01 2.10425900e+00]
 [5.73304352e+00 8.17408246e+00 8.20225144e+00 7.20111763e+00
  8.06560698e+00 4.87224581e+00 7.57375874e+00 6.26604376e+00
  7.79949152e+00 7.30747982e+00 2.92082220e+00 3.18595397e+00
  2.39926442e+00 1.33794624e+00 4.11246383e+00 2.99799873e+00
  3.01189649e+00 3.69410758e-30 2.40557634e+00 7.04421195e+00
  4.65861222e+00 3.31737010e+00 4.89150183e+00 3.43855382e+00
  4.39533312e+00 4.95747109e+00 5.49353252e+00 4.03374782e+00
  1.40309380e+00 1.19284824e+00 1.63023978e+00 9.28822780e-01
  6.43674980e+00 3.09172507e+00 1.09991656e+01]
 [1.44409971e+02 1.45880050e+02 1.23434456e+02 1.16631888e+02
  1.41138310e+02 1.05543994e+02 1.58512431e+02 1.27166400e+02
  1.22495331e+02 1.25249779e+02 9.23565139e+01 1.05189256e+02
  2.81892200e+01 3.21340405e+01 9.52622149e+01 5.48006093e+01
  9.84371757e+01 1.76843217e-28 5.67816167e+01 1.12939341e+02
  8.14684264e+01 7.81851421e+01 1.12255847e+02 7.30414652e+01
  1.18956990e+02 1.25360423e+02 1.57261425e+02 1.41083877e+02
  3.22676243e+01 4.72197353e+01 3.22515162e+01 1.57905821e+01
  3.68719590e+01 2.54283568e+01 1.96376067e+01]
 [2.78050264e+01 2.40185576e+01 1.74772311e+01 1.55594067e+01
  1.79631684e+01 1.40136173e+01 3.17401910e+01 3.02917358e+01
  3.27156275e+01 2.99113963e+01 7.01260881e+00 7.00727443e+00
  5.43844689e+00 3.89291985e+00 1.83928150e+01 1.51754187e+01
  5.05326122e+00 1.17494546e-29 8.76048198e+00 2.65406580e+01
  1.01987406e+01 8.75908842e+00 1.66995165e+01 1.15880614e+01
  1.35964592e+01 1.73007185e+01 2.45795709e+01 1.01892794e+01
  3.19887171e+00 2.69875007e+00 5.86052814e+00 3.95726695e+00
  1.54071830e+01 1.45345087e+01 1.89905445e+01]
 [6.76812075e+01 5.66718685e+01 2.61155027e+01 1.58899897e+01
  1.40324969e+01 1.22314489e+01 1.60481677e+01 1.80710013e+01
  1.89617460e+01 1.81735857e+01 1.30036077e+01 8.74300366e+00
  3.62546917e+00 3.67841231e+00 7.59233176e+00 7.69718400e+00
  8.83085240e+00 4.78818738e-29 4.55722462e+00 1.73699851e+01
  1.14139094e+01 8.99492100e+00 9.43609299e+00 1.01087708e+01
  2.94711276e+01 2.53596528e+01 5.49636172e+01 2.10782573e+01
  3.53470620e+00 2.55323552e+00 2.44807362e+00 2.43623911e+00
  3.73111379e+01 3.79176313e+01 7.29693397e+00]
 [1.57196052e+01 1.37679836e+01 1.56092170e+01 1.40617497e+01
  1.25558089e+01 1.10073314e+01 1.54608844e+01 1.29267636e+01
  1.78668258e+01 1.42391054e+01 4.33357208e+00 5.23632520e+00
  3.48144276e+00 3.25229124e+00 9.16412956e+00 7.03344761e+00
  3.23672995e+00 8.85760241e-30 5.47523728e+00 1.49317828e+01
  9.18638394e+00 7.66583538e+00 8.43448404e+00 7.00622769e+00
  1.11074923e+01 9.70474688e+00 1.16111129e+01 5.13945133e+00
  1.78525196e+00 1.53694581e+00 2.84252779e+00 2.40693110e+00
  5.32451176e+00 3.80444053e+00 4.69835724e+00]
 [4.93601667e+02 4.87790240e+02 4.23944344e+01 4.26848446e+01
  1.97071308e+01 1.89819488e+01 2.57023571e+01 2.57735490e+01
  2.82581560e+01 2.70673202e+01 2.21214418e+01 2.68119136e+01
  6.25054567e+00 6.22095941e+00 1.69206405e+01 1.42499069e+01
  2.08895305e+01 2.86282176e-28 1.25193347e+01 2.56771010e+01
  1.43410492e+01 1.28058047e+01 1.57335017e+01 1.42632049e+01
  9.44130836e+01 1.02897637e+02 2.93632020e+02 8.40394501e+01
  6.82618806e+00 4.98854815e+00 7.31533422e+00 6.08285339e+00
  4.37544791e+02 2.48128331e+02 9.97621250e+00]
 [3.21678999e+01 4.42495109e+01 2.23764907e+01 2.05146007e+01
  2.90742045e+01 2.35381557e+01 3.60137655e+01 3.14916938e+01
  2.64289859e+01 2.67199888e+01 1.04024873e+01 1.13207737e+01
  6.25968778e+00 4.87564681e+00 1.43384032e+01 1.30533083e+01
  8.38765936e+00 6.42938632e-29 7.01680243e+00 2.46636947e+01
  1.60099057e+01 1.27197398e+01 2.23915012e+01 1.68854817e+01
  1.76346690e+01 2.30003393e+01 3.18622747e+01 1.57997370e+01
  3.21680640e+00 3.52317363e+00 4.39249380e+00 3.26945242e+00
  8.18347437e+00 1.89495486e+01 4.55667418e+00]
 [1.28580819e+02 3.37259153e+02 2.90196983e+01 4.89423035e+01
  1.82178547e+01 1.48459576e+01 2.13085822e+01 2.34366963e+01
  2.37518739e+01 2.69299959e+01 7.67761826e+00 2.30631622e+01
  4.63265508e+00 4.44618843e+00 1.15601519e+01 9.87122935e+00
  1.39730012e+01 2.94834377e-28 6.84755627e+00 2.45861514e+01
  1.05483753e+01 1.24815377e+01 1.26134844e+01 1.20785777e+01
  3.51752395e+01 1.13029683e+02 1.78288230e+02 4.77103495e+01
  3.56863218e+00 4.88131715e+00 4.10981825e+00 2.64504554e+00
  5.59778604e+01 9.02176174e+01 3.11051614e+01]]