[[ 1.84434959  1.19153857  8.15585649  5.0726882   5.52661778  1.9288435
  10.50933178  9.02507017  8.12452905  8.41178873  7.17876539  9.62147511
   8.32624435 11.72190952  9.93371019  9.54160454  5.16379803  1.61681542
  10.73301136  8.06087515  1.96798854  8.0950855  10.50659895  9.73116707
   0.99918698  1.23330169  2.15874661  7.57727467 14.4071938  12.25965266
  12.35145438 10.94825416  1.02305958  0.7848402   8.78927362]
 [ 8.79860468  8.70225615 16.66467908 11.16723944 18.43649357 12.73081441
  18.60096077 18.4661757  11.57964303 13.2156763  12.21360611  9.47041369
  21.74504489 17.26686435 18.5325369  19.12828392 14.34220323 14.56764295
  16.87119246 12.19517621 17.02251212 12.70014576 18.21338896 16.78455988
   8.13529942  6.85007251  8.43722212  7.97346441 17.7743989  12.45539555
  20.69434897 21.86985619  3.3958959   6.54785891  8.00836346]
 [10.11826802  8.78274175  4.81991873  5.27160185 13.5326084  12.89780302
  16.27084022  5.0383566   8.16394003  8.36707726  4.91246709  8.48845278
  15.72713468 10.73282524 13.22165036  9.98573981  9.33085767  5.50000269
  11.36753144  8.98892418 15.77031015 10.01210745 16.18035589 10.95085121
   7.00438151  8.31886088 10.60425217  2.44214919 11.14512842  9.56636132
  11.87682173 10.95300012  6.01958425  5.097316    5.43652299]
 [ 2.77687387  3.46292416  4.26038856  4.49811676  8.83118873  6.30035864
   9.34841735  8.83030621  7.86169657  8.03976326  4.92757862  4.48358414
  12.41357915 12.79505699  9.46240139  8.97773568  5.03065485  4.57031439
   8.67134161  8.20013494  8.62509132  8.06834685 11.42717681 10.06937942
   2.82249895  3.15814055  2.95477506  3.01420318  7.46622071  8.04418975
   9.9236637  10.07922608  1.75774811  1.29993264  9.80556098]
 [17.38842259 17.14807067 11.46281975 16.77619295  6.87331488 13.65174979
  19.70905767 14.91593338 15.48055858 15.2097808  16.79336682 16.01006817
  12.44437936 14.93787399 14.41392885 12.1557919  19.60736787 17.52469022
  14.31825836 15.91164809 14.91929358 15.13415233 11.55695904 15.36385311
  16.57579258 17.04993551 16.88945301 19.12952238 18.86893849 18.16511449
  13.51361338 13.24554048 10.4308156  11.05016872 10.39522577]
 [13.11060345  7.12297473  9.1872717  10.02711116 14.78172486 19.16774841
  19.60824285 13.5367194  12.96946595 14.14677858 15.2644863  13.60808774
  17.89985593 18.45542264 15.80016976 13.23324678 17.37647422 12.64913352
  13.6485415  13.98803699  7.87547709 16.22749979 18.15108381 18.15480228
   4.43954177  7.12279524 12.47952106 13.69311723 19.96280125 16.4136277
  18.38145547 14.77292475  3.15179973  4.92863218 11.57275083]
 [ 1.44997462  3.76435547  6.65246765  5.39817261  5.51825556  7.70887437
   6.42308415 11.28511911  6.99700041  5.56058129 13.05973576  7.2597006
  10.87828608  2.27527316  9.92418427 10.60164537  8.68324451  0.37338252
  10.10377017  8.04716495  7.45960246  8.08872554 10.96218995 12.31356743
   3.51530123  3.50610535  3.87798002  7.23860387  3.10849948  8.35155508
  10.09398656  9.22768978  2.72177142  0.45959464  6.79690338]
 [13.11689833 12.25820008  1.62335008  4.15718994 11.19792858  8.14975558
  18.79567353 14.23549784 12.04802946 11.00368184 17.23018746 13.63056197
  12.02910302 10.37129059 17.34169237 15.31399574 30.61879402  6.52478644
  15.75463926 11.68176031 11.60782916  6.87392651 16.37495103 12.43163302
  17.62550176 12.94701464 16.58887061 22.65695568 19.70973607 14.15813006
  14.25712907 15.74108109  6.58053176  6.78669175  9.86195911]
 [13.99186547 13.9037659  15.7021988  15.25895029 10.864363   11.46484848
  13.98756303 12.00082394 10.1410126   9.87969319 13.75086451 14.91853065
  16.029941   12.61031566 12.6618899  10.52107154 13.81447924 14.84820303
  10.68756303 10.6028433  16.28075697 13.58376245 15.37392748 12.23539548
  12.2731628  13.6862258  13.263711   13.65843952 12.6653742  14.51833095
  13.53060126 11.06102606 11.99415875 10.72864655 10.98703474]
 [ 4.0099799   4.77900394  2.41956758  0.65828153  2.01382055  2.20418414
   2.88922367  0.72019419  2.3831114   1.31093781  1.73376759  0.29900442
   3.58094969  3.10106947  3.79826461  3.71843704  4.18724699  0.3528747
   1.35401642  0.97399898  0.61643401  0.4097814   0.90466677  0.70665186
   2.87789361  0.30454756  5.11793946  2.6957848   4.36444295  0.68033511
   6.90935312  3.60517643  1.58027848  2.25569945  2.51626389]
 [ 7.68662146  4.60469653  0.85904064  0.8258867   5.65577687 11.68950841
  11.28042864 11.25601047 10.8130785  10.28250665  3.83467046  2.37802479
  13.12099637 12.14577577 13.06930696 11.38438115  5.88826136  3.03095929
  11.96548834 10.52993593  9.74984282  8.79236197 13.53227129 12.64872531
   1.79182898  1.30268951  3.61810391  2.254775    9.78284447  8.47435219
  15.19075975  9.76448064  0.4985076   0.85932852  6.6931523 ]
 [ 9.96667179 11.17454767  9.11166474  8.78955599 14.0676274  13.19795251
  18.15665158 17.32919873 14.26998327 14.25221634 15.79988508 13.96546842
  18.39457441 20.24557732 19.90627248 21.18499215 19.17164568 21.41343009
  24.97421938 15.47702869 13.93332429 12.87969991 19.4177116  17.05466794
  11.4418063  12.26618157 10.5696599  15.11438216 24.57927766 18.43492862
  24.04716948 26.3291692   6.8581462   6.16188882 10.53062958]
 [ 9.93008441  8.5215897  15.38024049  8.63607583 13.84322241 11.50566144
   8.53830815  8.79813224  7.13354748  7.76557416  9.93538527  9.48647635
  10.10757969  8.83457248  7.79630454  8.5579926  14.18864757 10.17100486
   9.39629624  8.53631303 13.74838536  8.99712962 10.10239975  9.76863901
   9.90489345  8.75612177  8.80435391 12.13995591 11.76223839 10.52032684
   8.34361881  9.79502093  4.62726101  1.62597501  6.09547526]
 [41.26179564 38.69531679 38.21656614 38.0486576  40.48378347 39.25090312
  38.20529166 36.19430837 36.4277772  34.59472839 39.28308918 41.46557006
  39.05655362 39.35655055 38.79682521 32.82160356 42.95832577 39.58350849
  41.229132   38.47558627 38.61379902 39.69909689 43.37694939 38.75516752
  40.32330739 38.926393   41.53406537 41.65528969 39.87280795 43.96725719
  41.81281108 29.39621297 37.39929906 22.43063962 14.9165489 ]
 [ 9.36340378 11.11281746 14.04362548 12.67793157 16.2382513  14.58887273
  13.46657506 11.12998576  9.55729061  8.93051901 12.59864764 11.89278135
  14.91754197 14.81245434 12.25898255 10.03582046 10.266586    8.8115111
   9.67854924  9.30045925 14.80664904 13.98632827 15.29955484 12.22506468
   9.06238701  8.16542483  9.03269329  7.62385105 12.11523434 11.96050215
  11.8747352  10.39421021  2.18867428  8.134672    9.72607892]
 [12.27401265 13.116377   15.90688691 20.558718   19.08696452 16.48511782
  14.90851402 11.88038185  9.05725443  9.67143923 15.31210367 17.46246819
  19.28850047 18.05588894 14.01862569 12.63337081 16.43645859 17.15993292
  13.32296153 10.2344427  16.96545186 15.82446915 18.38898163 13.19237441
  12.61968907 13.72581162 12.34344732 14.04473503 16.93883597 21.2051895
  15.97752146 14.45020525 11.84295653  9.28582096  9.65872873]
 [16.64810511 15.96422001 20.76501686 21.31280383 20.20132907 16.47362118
  16.63844679 13.44732192 10.57502858 10.46763819 14.01929291 15.68823617
  18.80063627 18.24557658 15.87840931 15.02133841 19.73011618 13.79366213
  17.16385234 10.47768324 21.83540004 20.62871148 18.6323677  17.65846471
   8.89582161 11.64453626  9.25494399 20.3696279  18.78461698 13.93617713
  17.72828192 16.75386803  7.57933202 12.64606488  8.78067951]
 [ 9.7016597   9.38715997 12.21285487 10.79711062 12.88201727 16.15078084
  22.12297931 17.06193363 16.12603407 14.71673015 12.61782941 10.27035529
  19.96226331 15.13722953 20.28104886 15.80622704 11.45095349  9.87102936
  18.52943216 15.52599442 16.61907621 13.60758896 22.07257589 16.64401524
  10.56367622  9.55265619  9.64746481 10.1110814  14.07153511 12.17397836
  19.61964452 16.40551877  8.53038882  8.31878781 10.68829263]
 [12.39644858  9.27755058 22.11173675 19.53244379 27.29305112 25.2572348
  28.24773527 27.05881328 20.37530662 19.67873374 22.200906   14.48397969
  29.08691066 29.68928885 25.37723841 23.71869634 23.19208792 27.13002706
  18.77623519 19.73433631 25.74086687 19.71236895 32.10068419 28.12065634
  17.30497644 12.17883516 11.60332835 17.38217388 23.65458632 23.71863458
  22.2837814  22.27618234 11.73915124 10.48301017  8.6710812 ]
 [ 5.18024044  7.22206039  0.12994374  1.21397866  0.23053922  0.42024607
   1.558643    0.97440419  4.42138464  3.2490157   2.6739097   2.66601536
   6.76304201  5.03433668  5.87820689  4.64227733  5.06183813  0.29676204
   4.88322472  2.90099694  0.20259102  0.98837781  5.04573288  2.45744389
   1.04243485  4.49489821  8.09691104  1.28908547 10.82819311 12.24001993
   8.72247708  8.54293552  2.9393221   2.58166366  7.22377926]]