[[ 1.14877267  0.76996151  4.3158767   2.55007226  3.53613601  1.33564242
   4.06112115  3.63558648  3.73162549  3.71757548  3.767017    5.6098329
   5.28288253 11.32488538  5.3503212   5.88432716  2.36777517  1.26895278
   6.60188734  3.63343673  1.13085847  4.96913884  5.30823087  6.04602974
   0.61349997  0.69461025  1.18364598  3.47299988  6.63888813  7.63428299
   7.39298529  9.23020819  0.6285595   0.69026836  6.19164803]
 [10.50015331 11.92230592 11.76438524 14.86014866 13.82281322 25.78360414
   5.5553833   5.80915184  4.65567049  4.87012713 15.50302123 27.23459888
   7.39064211 16.42855297  5.49827731  5.41816581  7.27831853  9.87131216
   4.78555993  4.90453967 10.72944517 21.19229143 11.43204032 14.54224795
  13.45981225 14.51631129  9.5264974   7.74462066  9.74247805 17.11691637
   5.46462366  5.4529398  19.27271544 23.08475862 21.7049559 ]
 [10.81964161 10.00795302  4.12444601  9.53619196 23.7458513  20.93783787
  19.38632704  8.48152788 13.25465537 14.47400297  4.82431745 21.26462121
  25.51261114 25.84469963 22.82121347 21.83706933 11.68680934  6.49337746
  22.83017028 14.55309493 16.50163017 34.52557596 20.88794714 21.86054947
   7.62149733 12.54269502 11.47642182  2.65726454 19.1309726  18.95207084
  26.30592031 23.27406694  8.87165274  9.81644517 12.73886011]
 [17.36588135 15.04374842 11.96075533 11.48130389 23.83133025 25.80477688
  14.06421775 10.75564007 12.47751273 13.3211734  20.57214828 29.69758221
  19.15993117 12.19975413 13.5509859  11.34584126 13.81585354  8.26330305
  12.92816588 13.12310291 13.5912784  22.7010242  16.23458999 12.43138353
  18.5809357  20.55929533 11.23587969 17.2302153  18.73393653 25.68102468
  13.66831113 12.34864004  9.52660177  5.09536266 19.33999689]
 [15.68291263 16.59081702  8.26287288 11.47352813 33.57671851 23.04393163
  19.28615911 15.48773916 21.46278832 16.82902032 15.78161846 14.67269474
  24.46911543 21.10791362 21.11464685 16.46955996 14.89487719 16.23702032
  18.60057613 20.01865736 18.56720859 17.692109   27.00424445 17.54323256
  14.56454393 14.50024964 15.63790256 14.29327357 19.25281037 19.22253607
  25.07418418 17.82864132 10.33093045 13.99751645 19.18981654]
 [ 9.9881663   5.90209122  5.94691235 12.09011421 13.41385226  9.92597152
   9.68220753 11.7391767   9.93329852 10.27798581 16.36935048 11.17071918
  16.03777689 13.7939578   9.97063652  9.9005729   8.69878945  9.54392715
   8.41863632  9.74181781 25.52521683  9.49202265 11.20933194 11.49730217
   7.03316257  7.83112014 10.21878852  8.8030254  12.97061003 11.11568237
  11.1445927  10.19467103  4.30579999 15.12856612 16.91447986]
 [ 1.39155583  2.35133358  2.60791053  1.52587532  5.13328462  6.26037283
   8.24010109 11.32455472  9.33629894  7.1739365  12.42013029  4.14128594
  13.63256936  2.53450927 12.78421436 12.2401026   4.04978359  0.25997579
  12.0006158  11.06982335  6.63046901  4.98304472 13.35872661 12.01395951
   3.30481193  1.45436941  3.12057899  3.24620975  3.05823296  7.83822446
  15.34372637 11.50816864  1.67543477  0.42939753  8.05245468]
 [13.52158273 13.8540651   1.87702612  5.41725809 24.88343912 28.51724894
  17.03357669 10.83014948 19.14947524 17.36215383 18.28545279 19.8077049
  26.79422848 26.96009264 19.21584092 15.04938327 13.07415217  7.74475676
  19.70457448 19.42040783 22.49137655 25.18890926 24.79085731 22.86365135
  13.11461183 14.94279457 13.15773482 10.36874942 22.22756906 24.91924928
  26.57156382 23.55074796  4.23827469 19.02566269 20.38733858]
 [11.79735907 12.45456641 13.94176478 12.5191399  24.54324148 20.54057867
   7.61575973  6.28706276  6.71548043  7.40416419 12.89132092 12.82719665
  12.42716906 15.46542336 10.07548998  8.60854917  8.06127177 13.07193782
   8.78285558  7.20690732  9.09524561 13.43148276  9.97173154 10.60773892
  15.25513732 12.23379787 11.42437534 10.15826572 10.50970757 13.92191121
  12.88666242 10.23374156 11.2538823  13.93555088 20.66475172]
 [10.5570103   7.92539473  4.20334935  0.65178209  3.35464269  1.82682858
   4.85183861  0.57232818  3.62859563  1.47851885  5.33516925  0.17192836
   6.69349704  2.22115254  7.14431914  3.43175539  5.35228089  0.22491414
   1.43271341  1.2434014   1.13954813  0.28729481  1.59512534  0.5585877
  10.34664231  0.35190219  8.53356501  4.25450826  6.65143141  0.69928202
   9.97776145  3.2392469   3.50498737  5.29903274  4.00297189]
 [ 7.24228875  7.94369197  0.70301136  0.72404805  4.49090889  8.91805256
  11.37313962 13.02644297 12.29152702 12.35448081  5.38152057  4.17153764
  16.86292702 17.33394128 16.33927675 15.27218056  5.43340138  3.18695075
  18.72965526 12.3142832   9.20926898 12.71990084 14.1296608  12.92607587
   2.4919085   3.74230931  4.53756245  2.35671254 11.06648567 10.93202556
  20.67437605 15.12403819  0.85410141  3.04348422 11.55931303]
 [13.45850453 12.72524134  4.7781361   5.25618524 17.46408294 12.52105441
  11.91968471 12.1756491  12.86252001 12.16854182  9.7277909  11.59260691
  15.06408885 14.09747034 16.13441333 14.64265156 10.60289177 15.93236161
  15.25756944 12.58378138  8.61218708  6.95899318 11.40601921 10.07509173
  11.31332138 14.92840252 14.23311459 12.36701951 12.57579901 11.94972263
  18.07087017 14.51467256 10.90717473  7.18601738 17.25402513]
 [21.34698478 18.27234838 28.69320889 21.40562114 25.09345057 25.93592311
  21.7513421  20.85980254 20.83410638 24.07552028 32.45365082 28.1160114
  28.15748368 28.51575329 23.94169695 23.68891638 25.61478505 27.59581818
  25.99948422 24.91596988 32.37238146 28.69889935 26.77928919 25.07148304
  23.94724157 21.87218846 18.88051245 22.57923358 30.65401538 29.04124136
  26.06962945 27.17499158  5.64153705  4.77512674 15.94538127]
 [ 4.38761121  4.07094056  6.06771105  5.47093674  6.92605109  7.67145742
   7.49655234  8.32633216  8.36571714  9.07069382  5.04866515  4.71883517
   9.19917112  8.58471025  6.80414379  9.31312908  3.20346013  7.26613353
   6.8101734   8.6443998   6.79068146  6.80784225  6.70171182  8.93415177
   4.46120971  4.41695723  3.77214704  3.16942431  5.78084943  4.60315355
   6.63265751  8.67501133  5.48757353  6.31588188  9.45477928]
 [ 6.67352785  8.28874508  7.92774257  7.14172499  8.36725089  8.972345
   7.18350804  6.3855851   6.11542602  6.56200572  8.85483223  9.32997955
  10.90898269 12.05494783  6.53492105  5.98934499  6.97899578  5.54512134
   5.27626242  6.37538706  8.77271927  9.31841144  8.12242231  8.20217757
   6.39615576  5.98940241  6.70283877  5.77846221  8.94910431  9.73027313
   7.06113195  6.49299224  1.56799879  5.55912703  9.65551664]
 [ 4.35149521  4.48677328  4.58269942  6.3743291   7.29188501  5.87127636
   6.37544762  5.43500854  5.66149615  5.88754257  6.00702372  8.44707382
   9.86758146  7.97425843  7.46376781  5.72554256  5.64931454  6.22371507
   5.77553305  5.86986514  7.33891815  6.43546319  8.83311664  5.27943499
   5.44933251  8.07555726  4.60973244  5.67018243  6.83530565  8.3777651
   8.81318686  6.34966016  5.03798191  4.14261888 12.79688148]
 [13.15789608 14.96183926 12.49956282 10.35483755 20.19672044 28.75372534
   9.44185483  8.13748521  7.58895475  9.39338542 31.62160822 20.64555229
  17.41201949 13.12737377  7.49892939  7.9290657  11.19908703 14.76649534
   6.7963826   8.92042436 17.41527173 13.61013067 13.05843521 15.09725452
  42.48983614 23.97122077  9.71922686 15.03202482 16.70859589 10.37592895
   9.24152159  7.89081607 23.03731533 12.73464205 13.61596988]
 [ 6.01640444  6.4804523   6.68464272  7.95386736 10.49303128 19.58681098
  15.59490935 14.33402356 15.46617584 16.03715711  7.98026143  9.26933996
  17.98870294 17.07429332 17.6028693  15.70976997  8.26619111  6.28549265
  15.56328345 15.45023169 11.09079157 11.43796149 18.67199048 20.75802438
   6.50452371  7.06345148  6.35277449  6.77695207 10.62331059 13.25361408
  18.24970748 14.75987165  5.01770408  5.49267937  9.39119302]
 [12.5204085  23.20320044 11.31483442 12.83783222 12.54107952 13.91933392
  10.1763509  12.54828176 10.35386268 13.10490519 11.94349505 23.65443268
  11.22844339 15.21737404 10.78836691 10.11577635 10.55508096 13.73737173
  10.33772566 10.70856882 13.29613688 20.07312412  8.97405248  9.78255289
  12.07170098 24.49139664 13.27031872 11.60099068 11.39866246 11.70795406
  12.7282879  11.22458361 17.70867727 15.04726709 24.26574828]
 [ 4.86899972  4.47581745  0.0768295   0.68686807  0.50067478  0.9956364
   2.0311305   1.25915325  7.20605896  5.13237197  2.11802266  1.82834725
   8.19562661  7.12871371  7.92210034  6.56835239  3.1549936   0.20774368
   5.67275156  4.16969861  0.21178567  0.82900545  5.85161182  2.7428701
   0.97928475  2.82126889  5.91256329  0.92207472  6.42855187  9.0174151
  10.09632866 10.28023457  3.17123079  1.58546749 19.85892757]]