[[ 0.27744937  0.27334842  1.2064171   0.89661664  1.21113672  0.39131334
   0.44232523  0.29177099  0.30523162  0.36602331  1.00919148  1.77356334
   1.56583871  1.82909044  0.55318988  0.50337935  0.61365528  0.41916179
   0.63762785  0.34922575  0.37123435  1.36892996  1.04200227  0.73180307
   0.15108421  0.24464373  0.32313727  0.84641562  1.59920691  1.88003415
   1.00961749  0.91794181  0.23420406  0.28460691  1.66277824]
 [ 8.20239757  8.67217284  7.94213891  9.67567514 12.12159464 21.23761809
   1.58899077  2.18901206  1.18257968  1.80124197 11.144778   17.41541663
   3.40475957  9.85693877  1.77858339  2.10228962  4.81112551  6.65181352
   1.47567202  1.63595236  7.14511464 13.96004444  9.9580922  15.84082736
   9.55547465  9.67302984  7.38305986  5.30071267  5.82381647  9.45194973
   1.78231941  2.08566536 19.61785364 16.2721599  16.5495207 ]
 [ 3.44260354  3.33331825  0.98972099  3.58933246  8.15483472  4.56390339
   2.64433389  1.26680763  1.86960398  1.77985452  1.2342663   7.76614357
   3.76706131  4.19105354  2.75978993  2.39020926  3.14619029  1.41687518
   2.42219159  2.03415749  3.24022571 13.05518514  2.59854406  2.91638039
   2.58966042  4.5844314   3.92996409  0.93312742  3.13606617  2.88548603
   3.25035698  2.92691089  2.71221114  4.37476261  6.01181915]
 [13.87414205 12.09337228  6.4564748   6.97388455 12.57159526 13.65959546
   5.27525545  3.07925595  3.64374405  4.47525688 12.17657273 22.41281142
   6.7442942   3.41997348  3.99526849  3.1355071   9.42693067  4.06910316
   4.4327024   4.49106627  6.7768625  11.13951852  6.64517299  5.37760931
  12.12063541 16.45389543  9.22068456 13.69647635  9.66339292 15.62102256
   4.48106728  3.89219716  7.89552313  4.46978706 11.2410882 ]
 [ 5.38555007  5.20808157  3.44931327  3.96208728 32.53137422 16.03776425
   4.07269132  2.80104573  7.99523905  2.96137003  5.77305398  4.40461893
  13.92680105  7.65101001  4.50013087  2.14095006  4.22090016  4.13698629
   2.97230396  6.55951933 11.45397467 10.96302028 19.25355263  5.33861013
   4.82200766  4.56225843  5.51442808  4.39777074  5.90232143  5.84374927
   5.83535687  2.95934419  5.44773304  5.7461754   0.71126952]
 [ 7.43707048  3.88550493  4.86609704 11.1407521  10.30956918  3.84364243
   2.10692347  1.7238516   2.02054569  2.62254617 12.27463592  7.40524283
  11.23878472  4.24752488  2.52929622  2.18148204  4.73583563  6.43985468
   2.21015251  2.38875211 32.90454154  3.94896606  5.68582031  2.50018661
   5.53505358  5.88958888  7.35318845  5.49246951  6.12440603  4.52886855
   3.5610813   2.93750693  4.83463538 19.75095042  9.18509985]
 [ 0.6548651   1.04583293  1.02627037  0.67310861  1.80724421  1.47633441
   2.4926765   1.63698086  1.98442686  1.28373177  2.15278246  0.88593451
   3.44512643  0.51042086  1.97750508  1.38352574  0.89667204  0.1207203
   1.26832778  2.23441209  2.93725716  1.20545281  4.22306748  2.24231647
   1.47190375  0.64532729  1.42123024  1.17295983  0.40209195  1.11882056
   1.91756537  1.51458973  0.69507805  0.16247555  2.17322115]
 [ 9.97990871 10.41509442  1.3452518   5.89441945 19.33732728 27.51671075
   9.62713681  4.50359558 12.57960929 13.11899757 12.97718281 18.26613873
  20.07379408 28.09182171  9.85239385  7.39542439  8.53886581  5.63949474
  10.45749737 13.38638538 17.45985429 30.08418467 17.15409494 20.86387952
   9.15377765 12.67502572  9.66336159  7.67007715 14.54659689 19.9974852
  15.65407578 14.35119428  2.76190923 17.50628398 14.8048267 ]
 [ 4.77416026  5.38538412  6.73090812  3.24256074 12.7578178   8.90623007
   0.95268265  1.14385562  1.2995655   1.7777905   3.29456704  2.13250484
   1.67447194  2.82224236  0.90285305  1.01710609  1.94178135  2.74681547
   0.85093315  1.53157505  2.44429738  2.51260103  1.06518114  2.24336174
   6.28795753  4.13321067  4.4461879   3.71422229  1.87566824  1.85561354
   1.30326635  1.22538349  6.93370151  8.22574318  8.5427002 ]
 [ 7.25721285  5.26227234  2.44907998  0.36168069  1.90155592  0.56308895
   2.84722982  0.1340722   1.17354349  0.3665827   3.60233838  0.05903073
   2.34772542  0.59791255  3.90173168  0.65789655  2.9732777   0.04782665
   0.39631933  0.35805864  0.63593319  0.09986104  1.18882686  0.1375905
   7.34570709  0.1967627   5.68716711  2.6680863   3.11429407  0.22679607
   3.93426074  0.79128735  2.5884057   3.81509852  1.97787191]
 [ 1.77069582  3.85809865  0.16723027  0.22417208  0.7429548   1.66625067
   2.30309389  4.96165591  1.97722629  2.46198395  1.70578866  1.85269961
   2.16000913  2.52909807  1.77677877  1.97480553  1.27310931  0.88253574
   1.73078549  1.90881742  2.28018596  4.81611761  1.76579852  1.74231078
   1.09912708  2.16034378  1.53818989  0.77048249  1.86129546  2.74163103
   2.01243529  1.80412646  0.4456656   1.84797283  4.16729095]
 [ 7.75671581  7.55526222  1.88056725  2.14968648  9.16069364  5.8793017
   1.86247427  2.01254011  1.67514231  1.88399436  3.61916748  5.12178694
   2.58570654  2.52600871  2.00794358  1.9429567   4.3961558   3.41788825
   2.01647762  1.92215211  2.94246598  1.90234035  1.71624658  2.06495778
   5.73988046  8.05676416  7.9046576   6.1254831   3.03289337  3.32981801
   2.37523038  2.10747139  6.52076796  3.74955833  7.52712217]
 [ 4.51877817  3.75132946  4.99170962  3.68547031  3.75169798  4.0883159
   2.64165054  3.23558122  4.09155235  7.33369161  5.40743154  5.32944496
   4.23917893  4.62891083  2.91599568  3.63199614  4.56407892  8.47983304
   3.80742069  6.6070918   5.99954882  4.96170935  3.44015453  3.71861481
   4.99667634  4.52967024  3.97728189  4.57873216  5.02591097  4.83206329
   3.57102781  4.22481862  1.34527921  1.28900355  4.56412489]
 [ 0.63833582  0.69956629  0.68010191  0.80328226  0.76096467  0.86389509
   0.53158811  0.79005727  0.97654523  1.46652491  0.63258176  0.79001866
   1.02587197  1.23392085  0.55946234  0.90211153  0.46862851  0.72970906
   0.68544406  1.27122748  0.85748201  0.83709762  0.52858388  0.93809913
   0.6485718   0.87048372  0.59929587  0.47861969  0.80318092  0.74022374
   0.6270591   1.02886764  1.16512258  1.64904793  3.07185251]
 [ 1.48085512  1.39297947  1.22855991  0.97679133  0.70790514  0.93144664
   0.5342229   0.49536196  0.56738254  0.66523526  1.05494088  1.53018864
   1.02068777  1.31785047  0.54209036  0.47967941  0.85386834  0.99788287
   0.46791672  0.61810751  1.15650446  1.2147848   0.69785114  0.7382174
   1.09067881  1.10379784  1.28913391  0.99679914  0.94450459  1.31764565
   0.68646586  0.60722626  0.51155138  1.97371347  2.45759568]
 [ 1.94795519  1.95236708  1.97876929  2.55100604  2.28553669  1.26397542
   1.19333255  0.70898045  0.54453242  0.71563521  2.68210749  4.22108936
   2.77134796  2.48796509  1.33297673  1.14021011  2.69839415  1.57508716
   1.19670025  0.72261702  2.90748499  2.27551779  2.33744193  1.04697598
   2.49969007  4.30580903  2.13151758  2.70128325  2.55354733  3.6533718
   1.95750242  1.91151251  2.24206888  1.76116072  5.60947588]
 [ 6.78389439  8.13341643  6.4133407   5.00083827 11.47253392 10.35758887
   3.49423904  2.77031106  3.23555129  3.54402373 16.88369975 13.45555444
  10.20546343  6.18805735  2.00019174  2.00244075  5.02840914  7.61781708
   1.68784187  3.92799601 10.17659816  7.12846178  5.55109234  5.57969281
  26.16143314 16.2927874   5.39910396  8.79411166  6.88735477  4.18348553
   2.58956873  2.07404814 12.50703656  8.35401738  8.11039627]
 [ 1.91510432  1.98270829  2.34976958  2.22686876  7.45137633  8.94738981
   2.71596375  2.63312887  2.3151278   2.80759269  1.85750361  2.15704202
   4.90230435  4.21717387  2.30921466  2.54229957  1.8551598   1.86167072
   2.06502132  2.8466244   3.87936544  3.8901353   5.48929521  5.90320115
   1.86082626  2.03004376  1.94687946  1.90785405  1.95012356  2.71171148
   2.36849442  2.39298809  1.67614719  1.85811276  3.37348899]
 [ 5.54565996 11.63836995  3.90336659  4.167044    5.63356809  6.78621516
   1.86663527  4.31111688  1.85983065  5.17231038  4.01937867 13.06513935
   1.71765584  3.83006529  1.57393085  2.24824708  3.02261464  4.00109518
   1.4805621   3.41985712  5.59160864 11.36461783  1.3426475   2.69610241
   4.77270893 12.413046    5.65623268  4.5566775   2.8752524   2.7267456
   1.44585422  1.8630145   9.39219191  7.46568822 15.61233772]
 [ 2.86399847  2.60549842  0.03394864  0.37532958  0.27638633  0.71869453
   0.31955876  0.28081829  1.27785082  0.69943981  1.17658042  0.99840559
   2.13726787  2.43147082  1.18263571  0.94458784  1.68343817  0.08473737
   1.02536765  0.71375651  0.11131589  0.47003619  1.07320511  0.90334527
   0.57237612  1.51663419  3.40185454  0.51589407  3.14309654  4.57167121
   1.94414256  2.02675425  1.90788331  0.87280217  4.90990135]]