[[ 4.42294449  2.283826   23.72994615 12.58336121 21.87208655  9.79289039
  61.10719181 67.38806772 68.64170079 69.06668878 14.85803534 19.00859371
  25.43903572 45.73973103 62.24565208 62.40079704  6.04060265  3.65387882
  52.44049409 69.86448243  4.75373953 27.57970575 52.48438247 61.25875785
   2.05299803  2.15484277  4.47856239 11.95804008 18.57100516 19.7986361
  49.37002774 48.31117422  0.94776505  1.12304852  9.20810162]
 [ 3.59659229  3.52976551  5.4018046   3.42747661  8.09509696  5.72058535
  18.89438135 21.15355494 32.51678592 25.34485844  5.03882662  3.95809924
  11.5596006  14.80323055 15.85968169 15.40531323  4.59039778  9.03129091
  11.01051405 26.61416856  5.96896454  4.33443862 11.84508611 10.1544513
   3.63410994  2.71066678  3.2764786   2.96265078  6.08313889  6.37331938
  11.56571826 11.3000017   2.76715246  5.5039158  14.14773883]
 [ 9.13670341  7.48334128  2.95189299  4.09919109 11.93487568 18.81520728
  26.71501254 15.1296534  53.18154923 49.37398872  3.73958536  7.22286469
  17.64370291 28.90819542 30.69740666 32.96085917  9.49835043  6.30477385
  28.02802692 49.5284335  11.22833465  8.89020615 21.68056215 30.6459401
   6.1672257   6.84617147  9.00885914  2.17070463 10.10520218  9.48555834
  27.60185292 27.92984555  8.62495088  5.36228403  5.35101795]
 [ 3.38632174  4.54008118  8.47393429  9.70279514 23.20203111 16.52361259
  34.88458788 37.42295256 37.68197591 36.49890884  7.0806151   9.78197677
  27.62325034 30.8423163  35.93817109 36.05719413  7.04552693 11.30457472
  29.97875126 34.35686707 19.46613478 19.19119668 31.21446034 28.9484307
   3.99641408  5.53239367  3.36957926  4.21220421 10.98957223 15.56967075
  35.09924546 26.29001327  1.59306621  1.14019326 16.1741125 ]
 [18.70431542 20.23860389  7.89558941 13.35176721  8.16636465 17.03502801
  22.85987713 37.37140666 27.95713563 31.79507841 14.20809061 13.30332592
  13.43881506 25.55837509 24.67933115 37.63067821 15.95607767 24.28466895
  26.18392591 27.6582396  12.75247506 13.8180149  14.15292699 32.00011515
  15.48141526 16.14646022 18.12700067 16.19332805 16.5945144  14.88772285
  20.02515729 30.30896414  8.15835221 14.32607963 13.76687575]
 [10.64492285  5.60223079  4.13295159  5.27421529  8.96019912 11.78754339
  22.42915542 33.38527294 33.97502162 26.81964253  8.96193473  7.98015744
  10.20418651 14.37572529 24.70835734 20.89526766  9.04791125  9.11429878
  18.48198985 26.7087502   4.4600656   8.72963981 13.91923587 19.67359159
   3.51160135  4.69654926  9.79668856  8.74913058 10.09183638  9.81557011
  18.29963366 13.81482437  2.03114123  5.6396258  12.12433133]
 [ 1.41312663  2.72782925  2.77485551  2.10393467  6.74942124  8.51708458
  15.59403809 33.15263476 31.68179087 30.12380616  7.75266414  3.91065935
   9.88684311  2.20446833 25.01103536 34.81621272  3.18927048  0.4467296
  28.33867328 40.22838248  6.62252531  5.10823865 17.24026493 21.61002015
   2.97413867  1.71955587  3.28505875  3.08530408  1.85712438  5.38542567
  20.85239925 19.8316769   1.5406391   0.41511078  7.18104992]
 [ 8.96607293  8.11274009  0.70342934  2.46851794  8.94377677  8.46522379
  29.83564239 44.88221175 36.13478827 37.4765085   9.2157725   8.09017809
  10.73017677  9.70110823 27.2748355  33.94199007  8.1911554   6.34948222
  22.58313778 35.49201258  7.27845376  4.43077686 16.34014388 18.92443313
   8.79802684  7.09045444  8.76203103  6.44775183 10.47249258  9.8339663
  17.21936091 19.06664039  2.34511658  6.75824957 10.91670638]
 [22.26843805 20.3783948  23.29166383 18.24692754 23.71087665 25.30194636
  44.65152163 48.98351974 48.74189183 43.57379315 26.48823632 20.56838032
  29.88752294 24.70042544 35.80485514 38.2265472  21.41883311 28.38888105
  35.29662588 43.77256528 27.50245627 20.51794875 35.54297382 34.6607201
  20.72168254 20.0532295  22.74147964 24.12787868 23.56972641 20.31624887
  30.40955799 33.62961898  9.24575863  8.56523877 12.40754639]
 [ 8.71097144 10.8405795   3.6176329   0.92641912  4.32220748  4.90828234
  19.94098705  4.96492789 28.6066417  14.82879616  3.03184703  0.25503176
   6.02416776  4.85534676 33.36151579 33.93104634  9.4202271   1.08931524
  11.71159356  9.54104628  0.71748165  0.4489755   3.13986806  3.1737849
   5.90698894  0.55010651 11.68601814  6.35365766  8.66383849  1.06794333
  37.1771786  17.77572189  3.40912398  5.31081721  4.53959733]
 [10.20017247  5.416094    1.00586443  0.75784046  8.65905985 15.22985342
  29.58758077 28.0916319  30.99261136 33.23202235  4.56865129  2.25114316
  17.85608744 18.10495171 21.60361846 26.26854851  5.64065058  4.1635645
  24.18737537 30.34293791 11.63415614  9.21514714 19.8977684  19.04025493
   2.01245799  1.37585414  4.3132236   2.10140504 11.4695813   9.54516824
  20.32430783 16.67346701  0.42413651  0.75950712 10.76519777]
 [ 6.8833433   7.88172139  5.79090145  4.86061243 12.59491286  9.55085452
  29.22021919 25.66229347 35.57070487 37.40056552  9.16145327  9.37349189
  15.06092505 13.17168797 24.03502044 20.03535314 10.27433603 19.42315109
  18.83668143 33.12133469 11.25373396  9.65755112 18.64100078 13.10124816
   7.27526002  8.25090073  6.93136867  8.82588799 11.7532342  10.8554455
  19.37851986 15.13335443  6.09117695  4.7503282   9.06651231]
 [14.51678378 11.08533187 20.32021663 12.56658891 27.60210614 29.15752133
  49.53667089 48.82509527 54.00967981 46.04661099 19.89145276 17.01427904
  25.89058318 29.54210792 47.53750088 45.66396521 18.42185747 20.28317942
  38.04995428 42.89543544 23.96755646 19.84479126 37.34835943 38.243523
  15.71684751 13.3397136  13.68192198 17.14197164 19.4953239  19.83825471
  36.79849028 35.68180487  3.64637547  2.29523923  9.468506  ]
 [17.43088017 16.10647208 21.41841289 18.67968116 22.09336699 22.59071068
  33.52635405 33.70152874 35.15966433 36.47465654 15.19290505 13.93043557
  26.46839354 22.37877291 33.38357258 38.21876185 12.44855065 29.92410205
  31.75633064 31.95423043 22.74899007 20.38635303 26.44027105 27.15942286
  16.0685664  14.67854846 15.97156679 12.44248928 17.31963374 12.1881304
  30.35348379 42.25010562  8.63820144  7.34568834 11.03452861]
 [19.90315735 29.86177971 32.62037564 33.33130159 37.38107812 34.93136213
  50.43214658 45.37021919 59.70150049 56.89795283 37.59714463 37.72150822
  38.89678371 39.38353531 49.4748393  52.23547354 42.75346587 33.87532004
  56.50860082 57.57194667 37.52230469 34.23864886 43.44296709 42.74787437
  24.73650652 22.85428394 22.1863386  24.65813958 41.49006468 40.07455681
  48.40473994 56.05363198  2.87993519 11.47468651 17.69802823]
 [ 5.24511579  6.18898281  6.56665173 11.86893649 15.79196469 18.06665326
  38.40589984 41.87723736 51.72695534 45.17829777  6.40988759 10.94101712
  14.52774168 17.93830387 31.20555919 28.54124435  7.14161809 33.21716975
  17.81948407 43.82467243  8.60090681 10.37926664 25.92616835 21.61281799
   5.61348218  7.19720601  5.6070677   6.70594163  7.75534328 10.25480389
  18.81766426 17.39487835  4.1333728   3.53951846 11.01617585]
 [10.47193653  9.80742485 12.17498208 10.85872969 18.04799187 14.84103581
  41.75072717 49.63085023 56.04588533 53.38107557  9.61731726 10.36826643
  15.01878113 14.99792219 42.03695273 44.02083405 11.68278413 27.55337996
  35.74161303 53.10282819 13.60382931 11.28631199 26.43513646 27.69420708
   6.87958823  7.47313199  6.16066725 11.60021305 12.08112785  9.47186187
  27.7502345  29.9043732   5.26870062  6.37325819  5.96160506]
 [11.39075173 12.54901013 10.31861959 12.54149876  7.56253286 14.5942726
  21.25509097 36.03632516 27.90179732 29.98222925 12.39656337 12.73839307
  21.00126507 38.33196458 25.17884616 37.59186586 12.9089283  12.5114667
  23.37451769 23.75878285 12.56347626 13.27353063 20.51634123 31.24331017
  12.07955951 12.39466988 12.01211312 12.23530502 14.17169253 13.8660873
  24.63218482 37.96052132  8.84725878  9.24183376  7.57704583]
 [ 6.6336723   4.62064088 12.98493048  9.77020057 21.43078678 14.89652683
  26.50679922 23.71962882 30.04920591 27.80088879 12.74197569  7.57011396
  21.86956664 15.03442673 29.07623762 31.27493721 10.38226316 20.9938616
  35.84763875 28.37379521 17.08234238 10.07692777 26.45049859 19.10402809
   9.0484991   5.89916444  5.68789968  7.66623755 15.85092963 12.2916744
  28.85579913 31.63623635  4.709821    3.46708096  8.88433266]
 [ 5.09193918  5.27145063  0.09626634  0.75642265  0.52735136  0.90784147
   9.98206822  6.18462125 36.3569014  27.22009399  1.80937816  1.64999367
  16.97389966 14.80576149 33.39525299 29.71406046  3.12587167  0.42987298
  22.52744571 20.11000236  0.27682189  0.95243304 20.01210705  8.24333185
   0.91279692  3.16338371  6.76288712  0.96360148  6.47389501  9.37941849
  33.59851906 36.41287206  3.86791582  2.16542914  8.68213951]]