[[1.25998746e+01 1.19331701e+01 1.36263085e+01 1.27829135e+01
  1.44491376e+01 1.49818183e+01 2.52216060e+01 2.83304780e+01
  3.18159544e+01 2.63896147e+01 6.62975348e+00 6.29697318e+00
  4.92639029e+00 3.28543098e+00 1.18959834e+01 1.01113153e+01
  4.75022656e+00 3.22782348e-29 6.90610103e+00 2.78800699e+01
  9.77914270e+00 8.57526925e+00 1.22731191e+01 1.14602159e+01
  8.91085692e+00 1.02566707e+01 1.12729608e+01 6.67669658e+00
  2.87268379e+00 2.71616081e+00 3.36362750e+00 2.26266177e+00
  8.51595866e+00 4.11597444e+00 4.89625966e+00]
 [1.78891999e+01 1.97195407e+01 1.56666118e+01 1.77265110e+01
  1.47625993e+01 1.49217773e+01 1.58134718e+01 1.70588514e+01
  1.56589769e+01 1.37195168e+01 7.48954054e+00 9.01586668e+00
  5.28744978e+00 5.52917621e+00 8.95377408e+00 8.49010440e+00
  5.47642787e+00 2.05171465e-29 4.86218248e+00 1.38513063e+01
  1.02324475e+01 1.10823354e+01 1.10789592e+01 1.13910929e+01
  1.49046298e+01 1.45373967e+01 1.74667178e+01 1.20457423e+01
  3.62172184e+00 2.91090670e+00 3.57797972e+00 2.90102346e+00
  8.52280368e+00 9.71574780e+00 5.42656570e+00]
 [8.24784799e+00 8.11107354e+00 1.13514235e+01 9.03821973e+00
  1.06295448e+01 7.75389734e+00 1.56156293e+01 1.27114183e+01
  1.61476648e+01 1.30694492e+01 4.56634994e+00 3.26378704e+00
  2.55589225e+00 2.00434153e+00 6.62450819e+00 5.42133961e+00
  2.49336599e+00 2.10319055e-29 3.67227529e+00 1.27025961e+01
  5.93159166e+00 4.31783514e+00 7.90411751e+00 5.87118400e+00
  7.29867683e+00 6.05393438e+00 7.43566140e+00 5.42935991e+00
  1.35161180e+00 1.38161895e+00 1.91708274e+00 1.60584980e+00
  3.55889880e+00 3.96885480e+00 7.14413741e-01]
 [1.20432586e+01 1.31156472e+01 1.35872460e+01 1.47218641e+01
  9.54224995e+00 1.23899021e+01 1.07970657e+01 1.41438882e+01
  1.45126556e+01 1.52897212e+01 4.20486810e+00 5.89230454e+00
  2.10023940e+00 2.82084569e+00 5.21043021e+00 6.29895855e+00
  2.94451657e+00 7.83919889e-30 3.99892840e+00 1.30187849e+01
  5.79229634e+00 7.85681725e+00 6.20944053e+00 7.23616613e+00
  9.66297349e+00 9.15608358e+00 1.04771316e+01 6.34148519e+00
  1.53701057e+00 2.03081776e+00 1.67788486e+00 1.83516248e+00
  4.76511194e+00 5.82600726e+00 2.57527619e+00]
 [1.45247167e+01 1.23850508e+01 1.95545994e+01 1.28274832e+01
  1.19603400e+01 1.17157804e+01 1.47675934e+01 1.44913772e+01
  1.35970606e+01 1.14817592e+01 5.76822754e+00 5.51466242e+00
  3.09258691e+00 2.21976605e+00 6.62594251e+00 5.82996792e+00
  3.96864823e+00 3.71473789e-29 3.56353048e+00 1.14845700e+01
  7.87735255e+00 7.43351836e+00 7.81659873e+00 6.58562799e+00
  9.08215065e+00 7.58559417e+00 1.14614316e+01 6.98272462e+00
  1.96811126e+00 1.71105023e+00 1.81598564e+00 1.48144929e+00
  3.22199068e+00 2.82248470e+00 7.44934637e+00]
 [8.27857593e+00 8.06017421e+00 8.43780076e+00 6.77147369e+00
  8.36233684e+00 6.62385955e+00 8.58428676e+00 7.78960665e+00
  9.18472183e+00 7.42259347e+00 3.84448322e+00 3.47197955e+00
  2.32668998e+00 1.86781390e+00 4.19158253e+00 3.66088306e+00
  2.76213312e+00 3.82062680e-29 2.41542132e+00 7.86540481e+00
  6.02182474e+00 4.27791211e+00 5.01194419e+00 4.37662777e+00
  5.68450998e+00 4.82893013e+00 7.85952390e+00 4.22711768e+00
  1.71248195e+00 1.31889012e+00 1.45349275e+00 1.24081235e+00
  4.05861318e+00 2.90814104e+00 1.07024913e+00]
 [1.63705234e+01 1.53372707e+01 1.91044152e+01 1.72499060e+01
  2.05747023e+01 1.75302060e+01 2.83908511e+01 2.70222054e+01
  3.27372803e+01 3.56384561e+01 9.33397310e+00 9.70304327e+00
  6.59262686e+00 5.67662131e+00 1.62876078e+01 1.44126583e+01
  1.03844045e+01 5.81289297e-29 1.38637654e+01 3.29059452e+01
  1.71101547e+01 1.09119612e+01 1.70751769e+01 1.39809831e+01
  1.25081225e+01 1.29461503e+01 1.58617823e+01 1.26358970e+01
  6.06658223e+00 5.06433838e+00 5.64808931e+00 4.63646019e+00
  3.70958386e+00 5.92750216e+00 6.28750684e+00]
 [1.94735910e+01 1.77002759e+01 1.86180588e+01 1.85949004e+01
  1.84606396e+01 2.31873376e+01 3.94572410e+01 4.64548455e+01
  3.88650791e+01 3.06162437e+01 9.22657817e+00 1.02778629e+01
  6.07537005e+00 6.70888877e+00 2.09347575e+01 2.06844736e+01
  9.48420830e+00 1.22245907e-28 9.77029582e+00 2.94176873e+01
  1.16789631e+01 1.32601393e+01 1.59255180e+01 2.14203773e+01
  1.49218980e+01 1.46886382e+01 1.87860157e+01 1.47927813e+01
  3.81487168e+00 3.64132961e+00 4.88340894e+00 5.14824933e+00
  2.61921729e+01 3.05999776e+00 1.67448450e+01]
 [9.17285010e+00 9.13035974e+00 9.64781662e+00 8.42219340e+00
  9.02383397e+00 7.67788446e+00 1.02224047e+01 1.28541870e+01
  9.78008738e+00 1.12672564e+01 3.98349881e+00 3.85143936e+00
  2.58833063e+00 2.12270424e+00 3.91555014e+00 4.23689509e+00
  3.02737192e+00 2.52337449e-30 2.39936349e+00 1.05233800e+01
  6.36461106e+00 5.03831145e+00 5.57041226e+00 5.16756158e+00
  6.04768353e+00 5.76681339e+00 8.44549641e+00 4.68956137e+00
  1.66382994e+00 1.36448359e+00 1.46806045e+00 1.32248248e+00
  3.19824493e+00 3.30752171e+00 2.40829654e+00]
 [4.85417962e+00 4.98858918e+00 3.79446217e+00 4.65521015e+00
  4.09271771e+00 5.22393827e+00 6.50062004e+00 8.41297574e+00
  8.91087353e+00 9.98143119e+00 1.89180407e+00 7.35838777e+00
  1.40673775e+00 1.79918189e+00 3.95212603e+00 4.82363085e+00
  1.89222814e+00 1.73458575e-29 3.14996632e+00 8.91279177e+00
  2.65779513e+00 3.15962418e+00 3.79015441e+00 4.14333198e+00
  3.49511968e+00 8.31137737e+00 5.22213371e+00 3.24810748e+00
  9.50158337e-01 9.38319347e-01 1.46506005e+00 1.47832705e+00
  1.02021735e+00 1.89086728e+00 7.43384500e+00]
 [1.15704018e+01 1.20213756e+01 1.49134680e+01 1.29389439e+01
  1.51651619e+01 1.14811552e+01 1.69352215e+01 1.40618032e+01
  1.36464921e+01 1.32666457e+01 5.42169106e+00 5.98020641e+00
  3.27764180e+00 3.46583672e+00 5.99006432e+00 6.29185928e+00
  4.33944920e+00 5.93082487e-30 2.93934740e+00 1.19304074e+01
  8.88946984e+00 7.87201225e+00 8.03281975e+00 7.76514269e+00
  8.06315152e+00 9.69992949e+00 1.11507392e+01 6.82451080e+00
  2.01994640e+00 2.05557657e+00 1.89453356e+00 2.15255463e+00
  3.42095200e+00 3.98300388e+00 5.73477772e+00]
 [2.02754148e+01 2.23768158e+01 2.33253366e+01 2.68615416e+01
  2.19062617e+01 2.56637273e+01 2.16912730e+01 2.33908643e+01
  2.93924666e+01 2.88006645e+01 1.13300096e+01 1.29843890e+01
  7.01358882e+00 6.83704703e+00 1.37117986e+01 1.22511116e+01
  1.21986602e+01 2.00597841e-29 8.59367749e+00 2.59824788e+01
  1.75896901e+01 1.75877251e+01 1.57157909e+01 1.79829213e+01
  1.52378870e+01 1.57619740e+01 2.21288495e+01 1.38242956e+01
  5.96704602e+00 7.26016141e+00 4.68975822e+00 4.05405487e+00
  4.52655717e+00 3.64198979e+00 9.70493869e+00]
 [6.83877186e+00 6.91094402e+00 7.35379057e+00 6.05275995e+00
  7.18013719e+00 5.44032750e+00 6.91498823e+00 6.31184474e+00
  7.09896016e+00 6.96746981e+00 2.94910589e+00 2.96021542e+00
  2.17691500e+00 1.75404977e+00 4.14534970e+00 3.09026316e+00
  1.98191177e+00 1.70252895e-29 2.44218347e+00 7.17097919e+00
  4.06759338e+00 3.62736703e+00 4.75523923e+00 3.80729224e+00
  4.72829941e+00 3.98920821e+00 6.09315638e+00 3.15883647e+00
  1.32981977e+00 1.03816722e+00 1.56436832e+00 8.83622776e-01
  2.11481520e+00 2.31318618e+00 1.17906694e+01]
 [1.17317076e+02 1.17659279e+02 1.02900757e+02 1.01557407e+02
  8.53230789e+01 8.70648272e+01 8.85138329e+01 1.12578110e+02
  9.39612208e+01 1.04828256e+02 6.07218238e+01 6.44430552e+01
  2.03580056e+01 2.19735490e+01 6.00886118e+01 4.46584059e+01
  6.19020986e+01 1.44573853e-28 4.93973852e+01 9.24822934e+01
  6.31164595e+01 6.14773394e+01 5.28297643e+01 5.70674352e+01
  8.73952826e+01 8.95296543e+01 1.17787057e+02 8.64523272e+01
  2.58239803e+01 2.54411561e+01 2.53248581e+01 1.45470513e+01
  2.52560803e+01 1.74627192e+01 5.89717445e+01]
 [1.01091730e+01 1.18443352e+01 1.06089303e+01 9.23983246e+00
  1.23323848e+01 8.69221492e+00 2.10393236e+01 1.97582039e+01
  2.04320230e+01 2.00884527e+01 3.77193129e+00 4.68590492e+00
  3.70313852e+00 2.46389889e+00 1.08479856e+01 8.97830856e+00
  3.56578083e+00 7.54630644e-29 4.30024750e+00 1.67098674e+01
  6.81318975e+00 5.48309175e+00 1.09107796e+01 7.48951596e+00
  7.07415815e+00 8.23083263e+00 1.04147216e+01 8.03479197e+00
  1.91486292e+00 1.89797860e+00 3.54470991e+00 1.89175854e+00
  5.71084124e+00 7.73928104e+00 5.27620131e+01]
 [2.14994104e+01 2.34700376e+01 2.80401246e+01 1.92608381e+01
  2.57932790e+01 1.61532603e+01 2.64033125e+01 2.48377612e+01
  3.13493955e+01 2.91213556e+01 2.62711913e+01 1.61830844e+01
  1.22276348e+01 5.06730287e+00 1.23949920e+01 9.00828762e+00
  7.53703027e+00 6.21137256e-29 5.26317534e+00 2.89412807e+01
  1.89001778e+01 2.26432021e+01 1.50942065e+01 1.27516719e+01
  1.94025519e+01 2.47573310e+01 1.65205191e+01 1.56435327e+01
  3.06936502e+00 5.16327231e+00 3.17017737e+00 2.53701149e+00
  9.70901285e+00 1.20301363e+01 1.01225477e+02]
 [1.32015658e+01 1.22600921e+01 1.14409744e+01 1.15321982e+01
  1.21354756e+01 1.11761624e+01 1.49897480e+01 1.40591039e+01
  1.72922937e+01 1.69812263e+01 3.48447124e+00 4.50420372e+00
  3.69723178e+00 3.39160641e+00 9.70124510e+00 6.81978392e+00
  2.44187215e+00 7.45240312e-30 4.17297573e+00 1.74227981e+01
  7.35151570e+00 6.45648657e+00 9.70600192e+00 7.61132445e+00
  7.06178754e+00 7.71447025e+00 1.09122244e+01 4.47433803e+00
  1.59362193e+00 1.60148319e+00 2.80775109e+00 1.95022013e+00
  3.05977099e+00 3.09224319e+00 1.71664209e+00]
 [1.21543428e+02 1.06833944e+02 1.39709569e+02 9.32266726e+01
  1.48432742e+02 8.96769900e+01 1.28580139e+02 8.82034555e+01
  9.48888267e+01 8.94789995e+01 5.73809976e+01 4.66849693e+01
  3.96780205e+01 2.28273673e+01 6.61051347e+01 3.76545570e+01
  3.22477085e+01 8.22214885e-28 4.67811771e+01 8.37954750e+01
  9.14730181e+01 5.58923746e+01 9.60858170e+01 5.41411922e+01
  8.07046590e+01 6.55171161e+01 1.00441716e+02 6.24787640e+01
  2.11135933e+01 1.48834615e+01 2.66236113e+01 1.66072588e+01
  1.00136812e+01 1.18477831e+01 9.69325521e+00]
 [3.81228761e+01 3.88618820e+01 3.91797443e+01 3.62149819e+01
  5.89057246e+01 4.37950831e+01 7.35487952e+01 5.45920768e+01
  6.02584174e+01 4.99892710e+01 1.97583631e+01 1.91705286e+01
  1.31175280e+01 8.84180852e+00 3.25263164e+01 2.49999431e+01
  1.63995456e+01 1.70058949e-29 1.36898502e+01 5.02798969e+01
  2.91302354e+01 2.37158056e+01 4.64591750e+01 3.09910557e+01
  2.88548405e+01 2.78309859e+01 3.71947714e+01 2.52380573e+01
  7.51281508e+00 6.83613512e+00 9.76586715e+00 6.35953849e+00
  6.14610175e+00 4.87209857e+00 2.24184134e+00]
 [1.86152628e+01 1.74330240e+01 3.67597240e+01 2.71954171e+01
  3.35819337e+01 2.10102114e+01 2.44763125e+01 3.74845379e+01
  2.49864075e+01 3.63725284e+01 8.51847798e+00 9.83513019e+00
  5.15461396e+00 4.59164124e+00 1.21916081e+01 1.03923833e+01
  6.33747166e+00 3.19872329e-29 6.32572837e+00 2.77915187e+01
  1.62830062e+01 1.55813154e+01 1.57406377e+01 1.46614353e+01
  1.15563282e+01 1.04356169e+01 1.50999475e+01 1.12577351e+01
  3.68689277e+00 4.19601337e+00 4.14732371e+00 2.48379239e+00
  5.18590864e+00 4.76812509e+00 2.26771556e+01]]