[[1.88758972e+00 2.04887231e+00 1.78963328e+00 2.28154347e+00
  2.20847997e+00 2.38682259e+00 1.48629763e+00 1.73406075e+00
  1.63072353e+00 1.67137006e+00 9.01745668e-01 1.26287245e+00
  8.99412781e-01 5.91301757e-01 1.00286023e+00 8.70383944e-01
  6.54338614e-01 9.70046759e-30 6.14631676e-01 1.55420070e+00
  1.65240015e+00 1.47999551e+00 1.49144041e+00 1.15977003e+00
  1.14624447e+00 1.89576461e+00 1.68259062e+00 9.11003869e-01
  3.81171420e-01 4.55577576e-01 4.07604942e-01 2.81791355e-01
  1.85062160e+00 1.42460540e+00 1.62791335e+00]
 [2.96654542e+00 3.23241790e+00 1.88237620e+00 2.20318907e+00
  3.18698213e+00 5.67596594e+00 7.73394449e-01 1.30711125e+00
  9.99715635e-01 1.86100062e+00 7.37853448e-01 8.53227248e-01
  3.50675943e-01 5.09629887e-01 5.44726532e-01 8.91105444e-01
  5.18443049e-01 2.27148540e-30 3.46041329e-01 1.44193259e+00
  9.50554517e-01 1.52373773e+00 1.35053740e+00 9.51485402e+00
  1.52153701e+00 1.79126580e+00 2.94338220e+00 1.46080358e+00
  3.19144270e-01 2.59373509e-01 2.38597400e-01 2.64420763e-01
  1.07898566e+01 8.39491468e+00 1.86208081e+00]
 [3.37977788e+00 2.85778930e+00 2.41736245e+00 1.74494109e+00
  6.14758972e+00 3.96497175e+00 1.34900570e+00 1.59894478e+00
  1.68159469e+00 1.56156435e+00 1.17830906e+00 8.47712629e-01
  5.34963798e-01 6.42940555e-01 1.17342599e+00 1.15873516e+00
  6.21813271e-01 3.20448448e-30 7.23582797e-01 1.49655327e+00
  1.17138947e+00 9.68544799e-01 1.13596513e+00 1.37217303e+00
  4.60711472e+00 1.98372228e+00 3.04247425e+00 1.80367621e+00
  3.20039720e-01 3.29502671e-01 4.68410754e-01 4.13233927e-01
  4.69241249e-01 1.26497213e+00 6.01013181e-01]
 [4.91263181e+00 4.07645927e+00 2.27707989e+00 2.28115121e+00
  7.26974669e+00 1.59532446e+01 1.94290516e+00 2.39189579e+00
  4.22885271e+00 3.34699172e+00 9.03486985e-01 5.03410527e+00
  3.42372662e-01 5.01586962e-01 7.61918357e-01 8.05079386e-01
  4.27461533e-01 2.70691997e-30 4.55051555e-01 3.59372870e+00
  1.21651710e+00 1.41566666e+00 2.48493626e+00 1.91188108e+00
  4.13140626e+00 1.85591685e+00 2.61899418e+00 1.23694023e+00
  2.21238791e-01 3.21637228e-01 2.20070488e-01 2.20983390e-01
  1.55335144e+00 1.63216006e+00 3.38674122e+00]
 [3.45103115e+00 3.65746336e+00 3.24659283e+00 4.15732381e+00
  1.81865380e+01 1.00909678e+02 2.51337574e+00 5.13707112e+00
  3.44256345e+00 2.50460171e+00 1.25319321e+00 1.64918903e+00
  1.01321879e+00 2.00271588e+00 1.43368949e+00 2.85012703e+00
  8.20643654e-01 7.21316117e-30 7.81137608e-01 2.63236910e+00
  1.79930494e+00 6.52937992e+00 3.97464515e+00 2.79326151e+01
  1.94230759e+00 2.22953021e+00 3.04735203e+00 1.39952596e+00
  5.08948651e-01 5.66980455e-01 5.17192078e-01 5.92416444e-01
  1.01961099e+00 6.07225712e-01 3.82013564e+00]
 [2.65451379e+00 2.29128231e+00 2.71190963e+00 1.90609387e+00
  1.79314816e+00 1.27792759e+00 1.10427281e+00 1.58763116e+00
  1.88251366e+00 3.68698322e+00 1.03825458e+00 9.81030610e-01
  8.50340625e-01 7.05400559e-01 7.63639501e-01 9.04714815e-01
  7.39145915e-01 1.12364170e-29 6.33971671e-01 2.54127800e+00
  3.68612202e+00 2.53405490e+00 9.90713490e-01 9.69664839e-01
  1.67154987e+00 1.38429400e+00 2.48513764e+00 1.09401918e+00
  5.93699097e-01 5.40773897e-01 4.94012530e-01 5.08411323e-01
  7.57580259e-01 4.35476905e-01 5.94469910e-01]
 [3.89581680e+00 3.46106930e+00 3.01412091e+00 2.97543772e+00
  2.26165412e+00 6.88200963e+00 2.39888419e+00 2.05296121e+00
  4.09826310e+00 3.17137146e+00 1.24503219e+00 1.40396726e+00
  1.03649270e+00 1.07476817e+00 1.35056076e+00 1.24079387e+00
  9.37678842e-01 5.42430498e-30 9.54691572e-01 3.55794294e+00
  1.69456669e+00 1.84830054e+00 1.55725698e+00 1.50552852e+00
  2.27041665e+00 2.25054587e+00 3.62476566e+00 1.61104747e+00
  6.92273626e-01 6.13125343e-01 5.71138605e-01 5.07594066e-01
  1.18843816e+00 9.65641700e-01 1.73127179e+00]
 [1.69324695e+00 1.41582882e+00 2.25950332e+00 1.55562693e+00
  3.42965949e+00 1.48965883e+01 1.74341246e+00 2.13083088e+00
  5.08634625e+00 9.03327134e+00 7.79917525e-01 6.81378896e-01
  6.59440006e-01 5.42573333e-01 8.71732760e-01 1.09210380e+00
  4.65665531e-01 1.04672941e-29 6.09802460e-01 6.47516106e+00
  1.28949168e+00 1.03243220e+00 1.22475791e+00 1.89284420e+00
  1.27758656e+00 1.09188787e+00 1.56194710e+00 7.63765417e-01
  3.12084058e-01 2.98769404e-01 3.50849792e-01 3.53991241e-01
  3.19559418e+01 1.18254388e+00 2.49723088e+00]
 [1.18085895e+00 1.02632847e+00 7.64577449e-01 8.13816144e-01
  5.74215927e-01 5.50044300e-01 7.64636662e-01 8.88239188e-01
  1.01028082e+00 1.75836767e+00 4.26673499e-01 4.96396306e-01
  2.72118512e-01 3.04799958e-01 3.83282433e-01 4.08637013e-01
  3.50546959e-01 3.19716724e-31 2.80225927e-01 1.39947508e+00
  5.65275475e-01 5.53738572e-01 4.50086977e-01 4.40244208e-01
  6.40880596e-01 6.15153233e-01 1.00345996e+00 4.50217788e-01
  2.16130820e-01 2.24023793e-01 1.95867979e-01 1.81158345e-01
  1.13392736e+00 1.02955302e+00 5.70579757e-01]
 [1.24029733e+00 1.16057934e+00 9.72836492e-01 1.04381334e+00
  2.90110752e+00 9.61356341e-01 5.72205803e+00 1.09601709e+00
  2.85733702e+00 2.68437375e+00 4.16633176e-01 5.90895246e-01
  4.37457487e-01 5.95833435e-01 1.27156266e+00 5.85717958e-01
  3.31868809e-01 2.64116908e-30 4.44240181e-01 2.60675645e+00
  7.44932164e-01 7.50462266e-01 1.23605004e+00 6.76131922e-01
  7.17355715e-01 1.11256763e+00 1.26304049e+00 5.19606124e-01
  1.71106188e-01 2.73655703e-01 3.05500249e-01 2.32823061e-01
  8.01846054e-01 7.10576442e-01 1.98781042e+00]
 [2.12682926e+00 2.24471848e+00 2.07665415e+00 1.66079701e+00
  1.43397640e+00 1.59073209e+00 2.18292577e+00 1.81896610e+00
  3.63729253e+00 2.03620230e+00 7.46785147e-01 9.32628966e-01
  5.31660216e-01 5.33320569e-01 9.75216934e-01 8.13357324e-01
  5.39017245e-01 1.00875935e-30 4.55379816e-01 2.35715406e+00
  1.09019511e+00 9.91625871e-01 1.00158776e+00 8.46414285e-01
  1.24609447e+00 1.41165358e+00 2.13248387e+00 8.20129206e-01
  2.78818287e-01 3.06464767e-01 3.11482601e-01 3.45613032e-01
  6.58791084e-01 6.66157300e-01 1.57496836e+00]
 [2.75404963e+00 3.01729590e+00 2.91815492e+00 2.33470686e+00
  3.83303222e+00 3.76315459e+00 2.52470727e+00 2.19481127e+00
  2.50622441e+00 2.70989709e+00 1.20633148e+00 1.47366389e+00
  1.29405416e+00 1.04728514e+00 1.45526102e+00 1.30358101e+00
  1.02438870e+00 1.58401024e-30 7.76804660e-01 2.19238647e+00
  4.06799097e+00 2.43756182e+00 2.87620432e+00 2.82946208e+00
  1.76065831e+00 3.43249812e+00 2.94358826e+00 1.27753085e+00
  5.71849663e-01 9.81770426e-01 5.10603829e-01 4.26744527e-01
  3.12222831e+00 2.20141299e+00 4.98069611e+00]
 [2.85796080e+00 2.81017998e+00 2.49885848e+00 2.41310272e+00
  1.99364800e+00 1.74345542e+00 2.61448834e+00 2.23533624e+00
  7.01648971e+00 4.52187673e+00 1.81748788e+00 1.62587446e+00
  9.40216292e-01 7.57338368e-01 1.70770013e+00 1.18274387e+00
  9.11476149e-01 6.21173620e-30 9.44129686e-01 5.63171332e+00
  1.69786837e+00 1.66888946e+00 1.65017323e+00 1.30134672e+00
  2.29867069e+00 1.98262626e+00 2.51733462e+00 1.42863694e+00
  6.86625067e-01 5.30261958e-01 6.61951625e-01 3.73899511e-01
  7.65722247e-01 7.89885113e-01 6.55732360e+00]
 [3.35283580e+00 3.55656149e+00 3.12065908e+00 3.41082713e+00
  2.44059130e+00 2.87718431e+00 2.87116048e+00 3.38189074e+00
  4.03015901e+00 6.97615765e+00 2.02295468e+00 2.90640059e+00
  1.02685416e+00 1.75692207e+00 1.89530637e+00 2.28624381e+00
  1.75757714e+00 3.57481333e-30 1.28655644e+00 4.73676612e+00
  2.37798926e+00 2.59954833e+00 1.92305509e+00 2.63214282e+00
  2.68196763e+00 3.25050613e+00 3.21234621e+00 2.34374410e+00
  9.64004585e-01 1.42336069e+00 5.48319291e-01 8.95702172e-01
  1.23936325e+00 1.42037007e+00 9.88843553e+00]
 [1.57694478e+00 1.75863236e+00 1.19963232e+00 1.21415588e+00
  9.36201769e-01 1.17926411e+00 1.75919591e+00 1.81536287e+00
  2.60839374e+00 1.92295204e+00 5.63255150e-01 7.17584097e-01
  5.45384192e-01 4.19923735e-01 1.15126274e+00 8.25557989e-01
  4.90957609e-01 6.59448058e-30 4.70555629e-01 1.94791636e+00
  7.27283522e-01 7.44728147e-01 1.03098925e+00 9.06567271e-01
  1.00472016e+00 1.24713438e+00 1.60757421e+00 1.06487444e+00
  2.98644721e-01 3.04113867e-01 4.62682313e-01 2.54423006e-01
  9.20432774e-01 1.52681456e+00 9.10973489e+00]
 [3.45514036e+00 3.62595438e+00 3.59854538e+00 2.51888333e+00
  2.83856938e+00 1.83433575e+00 2.40766867e+00 2.40220044e+00
  2.53390975e+00 2.80316749e+00 4.79434110e+00 3.08101378e+00
  1.40572121e+00 1.03416619e+00 1.48565598e+00 1.29659469e+00
  1.43646971e+00 1.67752335e-29 7.24015629e-01 2.71109914e+00
  2.84104607e+00 4.25156787e+00 1.68638661e+00 1.86090904e+00
  3.31835120e+00 4.28615084e+00 2.62394870e+00 2.73454788e+00
  6.90312596e-01 1.27858196e+00 5.26027203e-01 4.49181171e-01
  2.30241370e+00 2.76688376e+00 3.45618236e+01]
 [1.65904493e+00 1.41322686e+00 1.36129182e+00 1.14490298e+00
  1.46600255e+00 1.02715297e+00 1.52129713e+00 3.06264987e+00
  1.13326201e+01 1.22898398e+01 4.68849692e-01 6.61779538e-01
  8.64352603e-01 5.06730566e-01 1.26375248e+00 1.35795536e+00
  3.73329150e-01 3.45538133e-30 7.86430874e-01 1.50539430e+01
  1.09882824e+00 7.20736572e-01 8.37605187e-01 9.29254686e-01
  9.05847218e-01 9.96004351e-01 1.20559095e+00 5.84147182e-01
  2.33524246e-01 2.46535502e-01 3.88370640e-01 3.29194661e-01
  9.58608148e-01 1.47690664e+00 8.00420655e-01]
 [3.44959256e+00 4.00459395e+00 2.33304149e+00 2.73593290e+00
  1.65904860e+00 1.98094930e+00 2.40302580e+00 3.73012759e+00
  4.74117433e+00 6.50163760e+00 1.12517498e+00 1.87589315e+00
  7.74307325e-01 1.03710498e+00 1.50563251e+00 2.04149046e+00
  9.35078132e-01 1.50639751e-29 1.18133016e+00 5.73655669e+00
  1.43707731e+00 1.66458302e+00 1.40486131e+00 1.84387288e+00
  1.86589130e+00 2.43068819e+00 2.80737331e+00 1.63650705e+00
  5.08556968e-01 6.68859212e-01 6.77875360e-01 7.68626165e-01
  1.42191422e+00 1.12912724e+00 1.95668410e+00]
 [7.72839639e-01 7.76652494e-01 9.92124806e-01 8.01087218e-01
  7.35510399e-01 7.25843247e-01 8.29662016e-01 1.37640956e+00
  2.21868234e+00 3.97955154e+00 5.68580906e-01 4.62518464e-01
  3.50823665e-01 3.52288345e-01 6.08887858e-01 7.74166085e-01
  3.38754895e-01 1.25937642e-30 4.54872588e-01 3.14952805e+00
  6.28798418e-01 6.33330964e-01 6.06448346e-01 6.30868034e-01
  6.90268626e-01 7.10607351e-01 7.47717406e-01 5.05216558e-01
  2.16624646e-01 2.37288255e-01 2.79550311e-01 2.33881879e-01
  3.13663191e-01 2.14031440e-01 2.44940082e-01]
 [5.69104992e+00 7.97652469e+00 8.84950437e+00 6.93303926e+00
  1.00013042e+01 4.78590379e+00 6.11502618e+00 7.70062192e+00
  4.80995661e+00 7.24221588e+00 2.25529469e+00 2.72125962e+00
  1.59621840e+00 1.42488288e+00 2.64231186e+00 1.98438201e+00
  1.76994223e+00 9.00655181e-30 1.28010665e+00 5.50757637e+00
  4.64527714e+00 4.00452546e+00 4.02496005e+00 3.02267445e+00
  2.89428982e+00 2.66633476e+00 3.89318787e+00 3.13637582e+00
  1.11060283e+00 1.15859125e+00 9.82636309e-01 6.46937431e-01
  1.21223343e+00 8.44263070e-01 8.50301834e+00]]