[[6.38196856e+00 5.66895981e+00 5.92131572e+00 5.93795625e+00
  7.14074463e+00 8.21592612e+00 8.92717282e+00 1.12826037e+01
  1.11185941e+01 1.00388975e+01 3.33736514e+00 3.46145280e+00
  3.23121678e+00 2.47014527e+00 6.13699046e+00 6.21392482e+00
  2.06524371e+00 2.01174508e-29 4.22297385e+00 9.84034015e+00
  5.31964460e+00 4.42248169e+00 6.46276773e+00 6.53744921e+00
  4.02539323e+00 4.98139108e+00 4.99141696e+00 2.98622304e+00
  1.39132658e+00 1.31492625e+00 2.19926565e+00 1.81206227e+00
  4.32460385e+00 2.61194367e+00 3.95511258e+00]
 [6.24357886e+00 6.62316947e+00 5.21183581e+00 5.50420474e+00
  6.19699159e+00 8.81371457e+00 4.06586808e+00 4.91251656e+00
  5.25323924e+00 5.25731859e+00 2.65127941e+00 2.82085508e+00
  1.50916581e+00 1.56769544e+00 2.63335639e+00 2.86581613e+00
  1.48012479e+00 5.11865708e-30 1.48171009e+00 5.03338270e+00
  3.23213506e+00 3.77225816e+00 3.56079307e+00 1.16751863e+01
  4.55681842e+00 4.48271830e+00 5.56090794e+00 4.38388816e+00
  1.15620385e+00 8.58616128e-01 1.01198668e+00 9.03919435e-01
  1.30682566e+01 8.77690719e+00 5.79442726e+00]
 [1.11043921e+01 1.04978508e+01 1.19315358e+01 1.10989003e+01
  1.87244030e+01 1.57093177e+01 2.05635426e+01 2.23098933e+01
  2.70846334e+01 2.55467019e+01 5.87867785e+00 5.14286437e+00
  5.16926429e+00 4.83035683e+00 1.36304101e+01 1.18801676e+01
  3.05180050e+00 3.28533213e-29 7.93298293e+00 2.26109485e+01
  7.90869701e+00 7.57000065e+00 1.26998322e+01 1.20696113e+01
  1.18888374e+01 8.65537569e+00 1.03506773e+01 6.88138346e+00
  2.44374647e+00 2.40750214e+00 5.05426780e+00 3.56966332e+00
  2.32767756e+00 3.80714791e+00 1.40301108e+00]
 [1.27982691e+01 1.10250467e+01 1.06391289e+01 1.04500531e+01
  1.61274115e+01 3.13646159e+01 1.51079570e+01 1.92239164e+01
  2.42671502e+01 2.16718223e+01 4.29844442e+00 1.01644078e+01
  2.33934261e+00 2.93276181e+00 7.82961462e+00 9.34063076e+00
  2.24885292e+00 9.96678783e-30 4.56184340e+00 1.84251056e+01
  6.07390189e+00 6.90771885e+00 9.06513552e+00 9.85630866e+00
  1.15754710e+01 6.94365733e+00 8.70685733e+00 5.09386786e+00
  1.41096898e+00 1.90780857e+00 2.10656446e+00 2.05801260e+00
  4.00838785e+00 4.12300532e+00 5.87764861e+00]
 [9.83850727e+00 9.08655277e+00 1.13809796e+01 9.61365741e+00
  2.25831579e+01 9.35143789e+01 1.80490161e+01 2.64721035e+01
  2.03910753e+01 1.82295861e+01 4.41095194e+00 4.92414046e+00
  3.54117708e+00 3.79968975e+00 9.29567613e+00 1.13263776e+01
  2.79959698e+00 4.32961825e-29 4.73313468e+00 1.64307641e+01
  5.97927856e+00 9.94888813e+00 1.05748971e+01 2.82273782e+01
  6.27806719e+00 6.14882325e+00 8.30717368e+00 4.53191794e+00
  1.83035251e+00 1.83006406e+00 2.78129216e+00 2.23140288e+00
  2.37854463e+00 1.62571499e+00 9.47153641e+00]
 [4.95892260e+00 4.68714094e+00 5.35728547e+00 3.93231038e+00
  4.21620631e+00 3.60900290e+00 4.56500731e+00 7.28095075e+00
  8.18351809e+00 8.66905507e+00 2.42258891e+00 2.35299884e+00
  1.85798549e+00 1.68282592e+00 2.98814784e+00 3.34988526e+00
  1.64126930e+00 2.32541992e-29 2.03283080e+00 7.41196715e+00
  5.69663793e+00 3.93082820e+00 2.90271320e+00 3.26686773e+00
  3.67834402e+00 3.30134685e+00 4.67911028e+00 2.46828811e+00
  1.35327961e+00 1.14764877e+00 1.34704876e+00 1.25022833e+00
  1.45371934e+00 8.64609841e-01 1.21162436e+00]
 [1.38841183e+01 1.32346577e+01 1.35653924e+01 1.40926211e+01
  1.34889783e+01 1.76525918e+01 1.92405890e+01 1.84997481e+01
  3.00787825e+01 2.89462292e+01 7.92017494e+00 8.40538688e+00
  6.05301131e+00 6.37951843e+00 1.23987297e+01 1.25850096e+01
  5.33382293e+00 4.04596278e-29 9.94436123e+00 2.91323390e+01
  1.00639994e+01 1.04152642e+01 1.18564183e+01 1.21352903e+01
  1.03766394e+01 1.05779588e+01 1.35434782e+01 8.01786812e+00
  5.32337485e+00 4.17651582e+00 4.81318567e+00 4.45454208e+00
  2.77366760e+00 2.84210693e+00 6.55519732e+00]
 [4.79386932e+00 4.36197305e+00 5.85424251e+00 4.65390446e+00
  6.59132841e+00 1.89365605e+01 8.46035383e+00 1.28717797e+01
  1.28958442e+01 1.50922975e+01 2.71177307e+00 2.56089760e+00
  2.74269634e+00 2.18913317e+00 6.14072549e+00 6.52595742e+00
  1.76379231e+00 3.09549329e-29 3.37391933e+00 1.23974364e+01
  3.62394867e+00 3.37827153e+00 4.61840900e+00 6.03380658e+00
  3.95855371e+00 3.72839651e+00 4.34749454e+00 2.75655765e+00
  1.13579992e+00 1.03556605e+00 2.05216726e+00 1.75613919e+00
  4.76301993e+01 1.44539769e+00 6.95293919e+00]
 [6.12852310e+00 5.89680311e+00 4.98623562e+00 5.74711058e+00
  5.05442934e+00 4.81917512e+00 7.36616559e+00 7.27960830e+00
  8.90964005e+00 1.06236133e+01 3.25684382e+00 3.55186112e+00
  2.12131880e+00 2.02359258e+00 4.41287676e+00 4.01106834e+00
  2.22381074e+00 1.63290403e-30 3.10801786e+00 9.66406993e+00
  3.66791193e+00 3.93059489e+00 4.33590425e+00 3.97221036e+00
  4.23266933e+00 4.28176902e+00 5.15814858e+00 3.25926648e+00
  1.41405741e+00 1.45255002e+00 1.80640538e+00 1.52391938e+00
  2.14997441e+00 2.35560534e+00 2.06646965e+00]
 [4.23662338e+00 4.08512783e+00 3.30556723e+00 3.92081384e+00
  5.12703432e+00 4.70308979e+00 1.07583092e+01 7.33335860e+00
  1.02152898e+01 1.04267142e+01 1.80780058e+00 2.49102145e+00
  1.52509905e+00 1.60690940e+00 4.99353974e+00 4.18366404e+00
  1.32558379e+00 1.46815703e-29 2.64978614e+00 9.31888052e+00
  2.59857825e+00 2.63097402e+00 4.14212732e+00 3.42836086e+00
  3.20236030e+00 9.28026213e+00 4.42074574e+00 2.65647118e+00
  9.42861564e-01 1.21192435e+00 1.52422773e+00 1.24292899e+00
  1.39535303e+00 2.90697111e+00 9.06815482e+00]
 [7.97073684e+00 8.49780011e+00 9.08579482e+00 8.45115965e+00
  8.93749557e+00 8.79627245e+00 1.46226714e+01 1.28916382e+01
  2.09194044e+01 1.56183940e+01 4.29982628e+00 4.91741057e+00
  5.66925958e+00 4.20697276e+00 8.59474831e+00 8.16587515e+00
  2.89606757e+00 7.13014586e-30 5.01919094e+00 1.58298040e+01
  6.14540051e+00 6.14754502e+00 7.87201500e+00 7.56091772e+00
  5.64526229e+00 6.73406958e+00 7.92262490e+00 4.23099900e+00
  1.90782121e+00 1.91516146e+00 3.28175016e+00 3.01728584e+00
  2.12604945e+00 2.38094650e+00 6.12725248e+00]
 [8.51921996e+00 9.75899883e+00 9.36882765e+00 9.42336165e+00
  1.09500054e+01 1.17081059e+01 1.30637794e+01 1.29747874e+01
  1.89204730e+01 1.90706522e+01 4.89750836e+00 5.59294989e+00
  4.32715292e+00 4.28380619e+00 9.86449697e+00 8.42197501e+00
  4.30680891e+00 8.03656381e-30 5.36602628e+00 1.56352527e+01
  8.57502291e+00 7.88588219e+00 8.99674119e+00 9.98734310e+00
  6.53628115e+00 9.06224573e+00 9.36595240e+00 5.29068557e+00
  2.35590344e+00 3.32297189e+00 3.24556970e+00 2.48338848e+00
  5.23845401e+00 2.72583014e+00 9.05537304e+00]
 [1.59226512e+01 1.70512863e+01 1.49417446e+01 1.78103379e+01
  1.35570361e+01 1.33758203e+01 1.72272243e+01 1.55215566e+01
  2.34257378e+01 1.81900164e+01 9.71244008e+00 1.03587972e+01
  6.20034414e+00 5.22115432e+00 1.08689335e+01 8.53536637e+00
  5.89227759e+00 4.03695467e-29 6.24304959e+00 1.97762016e+01
  1.00796220e+01 1.20880400e+01 1.13766702e+01 1.04201826e+01
  1.25279217e+01 1.27651960e+01 1.45686391e+01 8.95486217e+00
  3.73253651e+00 3.41826186e+00 4.41503020e+00 2.78331279e+00
  3.59426156e+00 4.39279006e+00 1.96939197e+01]
 [1.85333579e+01 1.99641004e+01 1.92980799e+01 2.09001974e+01
  2.08419006e+01 2.24216950e+01 2.88608148e+01 3.05884351e+01
  3.29580330e+01 4.04109927e+01 1.09467140e+01 1.32961116e+01
  8.03914090e+00 8.37434589e+00 1.83829968e+01 1.63205404e+01
  7.89201629e+00 2.17265604e-29 1.11142378e+01 3.16660297e+01
  1.35459571e+01 1.53972708e+01 1.69651716e+01 1.78183570e+01
  1.41145199e+01 1.60263633e+01 1.74882745e+01 1.11353407e+01
  4.96041626e+00 5.34664056e+00 6.33038511e+00 5.21387287e+00
  5.42697609e+00 5.59245549e+00 3.26760753e+01]
 [7.59718561e+00 8.29134354e+00 7.28668925e+00 7.21725826e+00
  8.43381684e+00 7.98433801e+00 1.76218391e+01 1.60333839e+01
  2.31416578e+01 1.97437642e+01 3.59120872e+00 4.25144384e+00
  3.95210262e+00 3.22109376e+00 1.16685397e+01 8.36871603e+00
  3.01882426e+00 6.48246445e-29 4.84422108e+00 1.81792998e+01
  4.93765421e+00 5.00783566e+00 9.70605870e+00 7.56404340e+00
  5.51529001e+00 6.39577935e+00 7.77444121e+00 5.64025568e+00
  1.92895840e+00 1.84203014e+00 4.14259374e+00 2.21949070e+00
  3.18576632e+00 4.38978876e+00 3.04421253e+01]
 [8.88955091e+00 9.29287635e+00 1.13647200e+01 6.40950921e+00
  9.73925560e+00 5.63315691e+00 7.98980880e+00 7.78247461e+00
  8.20198779e+00 8.57517392e+00 1.51416648e+01 7.99608689e+00
  4.37397422e+00 2.33920716e+00 4.58051397e+00 3.85381957e+00
  2.79454608e+00 4.99731851e-29 2.12973014e+00 8.09797778e+00
  8.73887359e+00 1.17514829e+01 5.25292778e+00 5.65934037e+00
  8.76521495e+00 1.09356767e+01 5.54532945e+00 6.52249178e+00
  1.14168585e+00 3.11618429e+00 1.46908056e+00 1.34995373e+00
  7.33803896e+00 8.30833356e+00 1.02217171e+02]
 [6.15132451e+00 5.96408199e+00 5.69186132e+00 5.47878676e+00
  5.33114659e+00 5.65698014e+00 6.07921105e+00 8.28181857e+00
  1.65242308e+01 1.92911485e+01 2.34820490e+00 3.26538542e+00
  2.55100947e+00 2.32019982e+00 4.78769700e+00 4.53536799e+00
  1.45954806e+00 6.94721771e-30 2.72060804e+00 2.11212370e+01
  3.91009723e+00 3.77519042e+00 4.27370655e+00 4.62454092e+00
  3.68026377e+00 4.36206402e+00 5.00646750e+00 2.38670246e+00
  1.14884161e+00 1.38931412e+00 1.73256785e+00 1.36291586e+00
  2.30135727e+00 2.43183755e+00 2.00740506e+00]
 [1.80051897e+01 1.92366901e+01 1.62107799e+01 1.82609714e+01
  1.56229506e+01 1.91529945e+01 2.22367351e+01 3.10620959e+01
  3.26916393e+01 3.75665173e+01 9.55577586e+00 1.33259451e+01
  5.79374538e+00 8.11196303e+00 1.52102688e+01 1.80983113e+01
  7.29812479e+00 1.06693423e-28 1.21726140e+01 3.26167180e+01
  1.08462633e+01 1.30907516e+01 1.39464201e+01 1.81047359e+01
  1.25595466e+01 1.45807885e+01 1.60172772e+01 1.12324003e+01
  4.74029559e+00 5.14363799e+00 6.48455003e+00 6.95686734e+00
  4.64169860e+00 4.59740747e+00 6.67908306e+00]
 [8.15887172e+00 8.65414323e+00 7.98082954e+00 8.16819199e+00
  9.25606388e+00 9.02084107e+00 9.95970179e+00 1.03165709e+01
  1.09720945e+01 1.29469344e+01 4.97647599e+00 5.08572524e+00
  3.96085745e+00 3.48474436e+00 6.73652182e+00 6.54828053e+00
  3.77146599e+00 4.56975390e-30 3.86780652e+00 1.17315634e+01
  6.19297124e+00 6.30594605e+00 7.96323232e+00 7.25883709e+00
  6.48611272e+00 6.96966702e+00 8.12377595e+00 5.69730466e+00
  2.41124847e+00 2.26615982e+00 2.86347632e+00 2.06699340e+00
  1.61625332e+00 1.21253216e+00 9.58226957e-01]
 [1.12435176e+01 1.23522765e+01 2.36630317e+01 1.76089526e+01
  2.74449002e+01 1.38088717e+01 1.83613955e+01 2.39824374e+01
  1.53021590e+01 2.20642168e+01 5.17327261e+00 6.41881378e+00
  4.56881167e+00 3.86359972e+00 8.75633209e+00 6.45848121e+00
  3.75887471e+00 2.61660606e-29 4.14061406e+00 1.73604829e+01
  1.16890840e+01 1.06118232e+01 1.23497075e+01 9.58062119e+00
  6.70417674e+00 5.89462990e+00 8.19085056e+00 7.07637870e+00
  2.35795823e+00 2.57743798e+00 3.08468725e+00 1.82567766e+00
  2.67534374e+00 2.48296155e+00 4.17659405e+01]]