[[9.15941896e+01 9.39278731e+01 1.63556646e+02 1.04945996e+02
  5.38352880e+01 5.99684819e+01 8.25641802e+01 1.41664052e+02
  1.11757985e+02 7.85282436e+01 3.32619893e+01 2.89424846e+01
  1.75139098e+01 1.05059331e+01 3.58397290e+01 3.21637791e+01
  1.93717042e+01 9.80381568e-28 1.69704158e+01 8.24651604e+01
  8.18933642e+01 3.91153318e+01 3.99482268e+01 4.12337910e+01
  6.80212124e+01 8.72494093e+01 8.50941494e+01 3.00223190e+01
  1.06769928e+01 4.71880352e+01 1.01927558e+01 6.86226391e+00
  3.34787257e+02 2.37608782e+02 5.68394342e+01]
 [3.26715797e+02 3.99987735e+02 1.99696766e+02 2.19138437e+02
  7.30323438e+01 6.78653563e+01 5.20630204e+01 9.65708966e+01
  7.16340789e+01 6.72459223e+01 7.46524118e+01 7.00306862e+01
  1.71269410e+01 1.71328496e+01 2.86563260e+01 3.09650810e+01
  4.12485897e+01 1.38258558e-28 2.25997947e+01 6.90722434e+01
  9.75889579e+01 7.61454833e+01 3.27436151e+01 3.87089340e+01
  1.30629700e+02 2.13840811e+02 3.07211049e+02 1.74396330e+02
  1.45044749e+01 1.30703835e+01 1.34289646e+01 1.36328518e+01
  4.05744851e+02 4.81489582e+02 2.88416684e+01]
 [7.73941518e+01 8.49531315e+01 7.50761938e+01 8.48999763e+01
  3.24783619e+01 2.71594761e+01 2.72004059e+01 4.71549036e+01
  3.11401355e+01 2.41104985e+01 2.30409892e+01 1.96495314e+01
  7.35571719e+00 5.15989284e+00 1.23842375e+01 1.06073206e+01
  1.54430787e+01 4.87846602e-29 8.27042153e+00 2.30401002e+01
  2.24601003e+01 2.34006582e+01 1.61279569e+01 1.33085119e+01
  4.12909496e+01 8.27335194e+01 6.91699345e+01 4.22409968e+01
  4.50076816e+00 5.84714585e+00 4.72883579e+00 3.63673238e+00
  2.03045199e+02 4.79738070e+01 4.06230638e+00]
 [5.26961365e+01 5.52026676e+01 9.81572809e+01 9.53246537e+01
  2.46118853e+01 3.28669051e+01 2.52841826e+01 4.68288267e+01
  3.96393821e+01 4.10287010e+01 1.28936953e+01 3.14270800e+01
  5.32561499e+00 8.57899791e+00 1.27307018e+01 2.05730241e+01
  7.91410240e+00 3.36774548e-29 9.43920223e+00 3.09687187e+01
  1.80823912e+01 2.81884391e+01 1.40953815e+01 1.97014178e+01
  4.17869226e+01 4.15550643e+01 4.38097480e+01 2.19023788e+01
  3.58767012e+00 6.11155742e+00 4.03699642e+00 4.24074477e+00
  6.48916237e+01 1.11941690e+02 5.34630649e+01]
 [1.04489399e+02 8.59785961e+01 1.83613437e+02 1.36738886e+02
  3.78995029e+01 4.24181228e+01 2.68780841e+01 2.84977923e+01
  2.28378444e+01 2.48663839e+01 2.42925746e+01 2.73286253e+01
  1.13057507e+01 8.66255218e+00 1.12344983e+01 1.37836557e+01
  9.22472961e+00 2.66155451e-28 7.36025963e+00 2.21357295e+01
  3.81944026e+01 4.11041189e+01 1.77267295e+01 1.94595697e+01
  5.13235673e+01 4.61428464e+01 5.52201309e+01 1.98277786e+01
  5.96945392e+00 5.08127467e+00 3.73251318e+00 3.88157752e+00
  5.34446226e+01 6.85153868e+01 7.71851752e+01]
 [1.22363194e+02 2.23507113e+02 2.03219629e+02 6.99209542e+01
  4.93042026e+01 2.02825235e+01 2.63833808e+01 2.11191067e+01
  2.94268009e+01 2.65375379e+01 2.78998370e+01 1.75066678e+01
  7.26353297e+00 5.07655241e+00 1.32862855e+01 1.35027825e+01
  1.51937278e+01 2.19756105e-28 1.00889296e+01 2.60620186e+01
  3.82059810e+01 1.66750747e+01 1.68078602e+01 1.19855628e+01
  1.97664571e+02 1.17374804e+02 1.07962513e+02 4.66145715e+01
  7.06775306e+00 4.76486904e+00 4.99803493e+00 5.16403281e+00
  3.92530971e+02 1.26595234e+02 5.76320767e+00]
 [1.48137173e+02 1.73695121e+02 2.57385560e+02 3.12137798e+02
  7.93831207e+01 6.74625845e+01 7.71944039e+01 6.14532520e+01
  9.15731014e+01 7.98283942e+01 4.34770298e+01 6.06347909e+01
  2.41805026e+01 2.97297796e+01 3.68123319e+01 3.37674193e+01
  3.05601490e+01 3.00254626e-28 2.20911489e+01 7.29269458e+01
  2.12194225e+02 8.17201009e+01 4.77613529e+01 5.15400048e+01
  8.67106119e+01 1.14155205e+02 1.43408315e+02 4.90008715e+01
  1.99787202e+01 1.45378171e+01 1.76770019e+01 1.02996469e+01
  3.42325328e+02 1.65012126e+02 1.55776574e+02]
 [7.36188678e+01 7.16805708e+01 7.76566394e+01 7.16184036e+01
  4.07431385e+01 3.15453212e+01 2.99958262e+01 4.06851595e+01
  3.66969165e+01 3.76550103e+01 2.17848663e+01 2.32491342e+01
  2.13462660e+01 1.15659414e+01 2.16816892e+01 2.56599274e+01
  1.84257658e+01 2.38908526e-28 1.55777274e+01 3.46028303e+01
  2.69295211e+01 2.78373575e+01 1.92343623e+01 2.22149912e+01
  4.42044571e+01 4.65771092e+01 6.82480750e+01 3.25387503e+01
  8.82372123e+00 8.28928408e+00 7.19502133e+00 9.66411727e+00
  2.57838928e+02 4.47294328e+01 7.83567008e+01]
 [6.90890714e+01 6.27793317e+01 4.19047743e+01 4.40950480e+01
  2.90151451e+01 2.45821574e+01 2.96613860e+01 3.35823200e+01
  3.09141298e+01 3.32559991e+01 1.85140165e+01 1.78055481e+01
  8.57005470e+00 6.94703753e+00 1.28939434e+01 1.26649236e+01
  2.40233727e+01 2.98187922e-29 8.61712831e+00 3.49979756e+01
  2.46403917e+01 2.47280485e+01 2.02343347e+01 1.62919398e+01
  3.39655299e+01 2.76902015e+01 5.81890520e+01 2.58166760e+01
  1.08392749e+01 8.57298518e+00 5.84831363e+00 4.80394460e+00
  1.33800073e+02 5.94162405e+01 3.31991234e+01]
 [4.64209445e+02 3.87949923e+02 7.77388698e+01 4.18563019e+02
  4.85446062e+01 7.48598776e+01 4.88513776e+01 7.76224502e+02
  8.62364983e+01 6.72871780e+02 3.99195372e+01 1.71248062e+03
  1.06216335e+01 1.93921700e+01 3.17940860e+01 4.91841222e+01
  2.51057521e+01 2.05403699e-27 8.07369665e+01 8.13482902e+02
  2.61619870e+02 6.18446551e+02 2.23678915e+02 2.78157048e+02
  7.59349680e+01 1.48884146e+03 2.71727467e+02 5.73031878e+01
  8.56007228e+00 7.37833150e+01 7.39126190e+00 1.01487003e+01
  1.83143419e+02 1.45628956e+02 1.09892914e+02]
 [5.55412688e+01 6.10424585e+01 1.11173541e+02 9.36579703e+01
  8.14966735e+01 3.67606969e+01 4.12102263e+01 3.11078197e+01
  3.51476309e+01 3.08253778e+01 3.44501508e+01 4.68497170e+01
  1.02944918e+01 1.07608313e+01 1.82679156e+01 1.65637934e+01
  1.90379978e+01 2.04318911e-29 9.81240383e+00 2.80030677e+01
  3.59557134e+01 3.09086041e+01 2.38284767e+01 2.17516582e+01
  3.93231620e+01 5.50795207e+01 5.49108414e+01 3.74450235e+01
  9.22154233e+00 7.43311213e+00 6.17347114e+00 8.99732289e+00
  1.33709010e+02 1.52259678e+02 4.42598689e+01]
 [6.85005692e+01 7.36354261e+01 7.49402881e+01 9.31400753e+01
  5.24610947e+01 4.53614144e+01 2.99338185e+01 2.85180740e+01
  4.27485350e+01 4.15563419e+01 3.29016565e+01 3.02734848e+01
  1.91706719e+01 9.10269171e+00 2.56773963e+01 1.64813355e+01
  3.83131003e+01 3.29304917e-29 1.25238304e+01 3.34203145e+01
  4.06511637e+01 3.22955974e+01 2.38082014e+01 4.99390258e+01
  4.39666806e+01 4.47265694e+01 7.36416750e+01 3.94663218e+01
  1.04395310e+01 2.80879320e+01 6.75915680e+00 6.42367702e+00
  5.43434537e+01 4.39759533e+01 4.53967558e+01]
 [4.40397404e+01 3.94815565e+01 4.70394029e+01 4.82795649e+01
  2.45538171e+01 1.78638250e+01 1.34429830e+01 1.58028229e+01
  1.82005873e+01 1.56893021e+01 1.44687428e+01 9.92622356e+00
  7.46357498e+00 6.54786267e+00 1.06866352e+01 8.72378104e+00
  6.23593963e+00 1.05101244e-28 9.79161496e+00 1.83270741e+01
  1.71249016e+01 1.73077921e+01 1.56063112e+01 1.18517323e+01
  2.98230540e+01 1.65016484e+01 3.24701370e+01 1.02014701e+01
  6.11408655e+00 3.35241551e+00 6.46839974e+00 3.13610575e+00
  3.90290740e+01 7.26499918e+01 2.38041365e+02]
 [9.98279518e+01 1.15257759e+02 8.06316537e+01 8.63050785e+01
  5.73290932e+01 5.71017973e+01 5.74268981e+01 7.53245243e+01
  5.97751244e+01 6.75728207e+01 4.05430793e+01 3.77888507e+01
  1.09663593e+01 1.25436330e+01 6.02927257e+01 2.24761846e+01
  3.56556174e+01 2.29398577e-28 1.73331082e+01 5.47238668e+01
  3.80143937e+01 3.68877031e+01 3.11805746e+01 3.37451826e+01
  6.68968610e+01 7.23107239e+01 9.33782957e+01 5.52430243e+01
  1.81145776e+01 1.35157630e+01 1.01681186e+01 6.43449299e+00
  1.40457451e+02 9.55401690e+01 1.46459097e+02]
 [4.16607788e+01 7.56035093e+01 4.41807750e+01 4.06468963e+01
  2.70209473e+01 2.45375034e+01 5.26098004e+01 6.24983589e+01
  5.23098031e+01 4.93936318e+01 1.07968203e+01 1.55963082e+01
  9.37470937e+00 6.80586294e+00 2.60115300e+01 2.47500482e+01
  9.29566826e+00 2.33145631e-28 1.29157808e+01 4.04819065e+01
  2.35529320e+01 1.60849930e+01 2.49576457e+01 2.16691080e+01
  2.82816061e+01 5.11722701e+01 6.31182313e+01 4.78249282e+01
  6.23030825e+00 5.20762329e+00 8.88390856e+00 5.76904934e+00
  8.46239100e+01 7.66545439e+01 7.34590972e+02]
 [3.66585785e+02 3.64480755e+02 2.08563832e+02 1.59992458e+02
  2.18076599e+02 5.54809405e+01 9.29990154e+01 9.61563816e+01
  6.49176919e+01 8.55210897e+01 4.51140783e+02 2.08757276e+02
  1.18699903e+02 2.56629573e+01 3.76932811e+01 2.17910689e+01
  4.72329010e+01 4.75923097e-28 1.82018402e+01 6.52649494e+01
  1.08711952e+02 3.51964614e+02 5.23878935e+01 6.03520120e+01
  2.73114876e+02 4.30957329e+02 2.26188286e+02 3.88050506e+02
  9.53762669e+00 4.83201907e+01 9.06425168e+00 7.81512320e+00
  3.40927052e+02 9.14827802e+02 1.05397888e+03]
 [1.03146273e+02 9.00980152e+01 7.24781758e+01 5.29869813e+01
  3.27894334e+01 3.38859946e+01 3.64949936e+01 4.04824251e+01
  4.65219305e+01 4.43909753e+01 1.55180746e+01 2.35996559e+01
  1.42394011e+01 1.26325157e+01 2.53444142e+01 1.95582274e+01
  1.40491726e+01 6.33067156e-29 1.35140962e+01 4.99895354e+01
  2.84509594e+01 2.57868449e+01 2.59505278e+01 2.47119613e+01
  3.90851843e+01 4.45207408e+01 7.69467593e+01 2.73106380e+01
  8.07249951e+00 7.07422602e+00 8.15274425e+00 6.88276808e+00
  8.22696790e+01 4.62854331e+01 1.31543941e+01]
 [2.11202736e+02 1.47160320e+02 4.17141232e+02 5.46927826e+02
  1.22752903e+02 1.04216913e+02 8.08627610e+01 6.48408156e+01
  8.78355600e+01 7.67746464e+01 6.65653808e+01 1.04001434e+02
  2.89464366e+01 2.58660949e+01 4.98791962e+01 3.30746159e+01
  2.50861675e+01 6.54382031e-28 5.66406154e+01 7.89705150e+01
  1.11975793e+02 1.28818749e+02 6.05084162e+01 4.33820135e+01
  1.28701840e+02 1.51490963e+02 1.09354731e+02 5.26776197e+01
  1.89452981e+01 1.80935385e+01 2.06407072e+01 1.47306391e+01
  1.47480489e+02 4.82922197e+02 4.65931458e+01]
 [1.13811771e+02 1.11429071e+02 9.11799948e+01 8.91718347e+01
  8.41645477e+01 8.30255372e+01 9.96645398e+01 8.66694878e+01
  1.20915071e+02 1.05741475e+02 4.71209212e+01 5.26745968e+01
  2.08999336e+01 1.48353190e+01 4.69361850e+01 3.98811314e+01
  3.48774976e+01 3.34078444e-29 2.46565389e+01 1.10295852e+02
  5.40370943e+01 5.19967585e+01 5.58223154e+01 5.66446633e+01
  8.05525884e+01 8.31683086e+01 1.11567170e+02 6.67694074e+01
  1.60250363e+01 1.43926131e+01 1.55888778e+01 9.84892627e+00
  1.93843398e+01 1.70157917e+01 8.88518467e+00]
 [8.88955005e+02 5.59228684e+02 5.55073013e+03 9.14127720e+02
  2.33467455e+03 3.59857156e+02 3.83303570e+02 5.52887853e+02
  3.52526181e+02 2.97694439e+02 1.03599962e+02 6.18144461e+01
  4.65247176e+01 2.01639128e+01 1.32172868e+02 5.61393680e+01
  6.15274448e+01 9.86140275e-28 2.90106839e+01 3.15072222e+02
  1.55165192e+03 3.05716390e+02 3.03201437e+02 1.12111264e+02
  2.16690120e+02 1.53272162e+02 2.16485631e+02 5.57319604e+02
  2.16528991e+01 3.01561689e+01 2.76081019e+01 1.25261450e+01
  3.79893939e+02 4.22907130e+02 1.57410804e+02]]