[[1.50646691e+01 1.59901482e+01 1.77468447e+01 2.09078478e+01
  2.94388168e+01 4.68858795e+01 7.74711215e+01 1.78963907e+02
  1.35653091e+02 1.29115445e+02 7.02364369e+00 8.72167888e+00
  8.52321764e+00 8.85268760e+00 4.24802257e+01 6.27135868e+01
  4.62464368e+00 3.36456586e-29 3.00585726e+01 1.15103544e+02
  1.33470798e+01 1.75412092e+01 3.12406288e+01 5.32110567e+01
  1.03687402e+01 1.38483907e+01 1.50926862e+01 7.82172190e+00
  2.59905122e+00 2.78709488e+00 1.05740119e+01 9.82080115e+00
  7.00959605e+00 5.59175258e+00 8.08153797e+00]
 [6.42989203e+00 5.91075274e+00 5.51865576e+00 5.47696264e+00
  7.55712360e+00 5.30994157e+00 1.32485507e+01 1.26259033e+01
  2.72065157e+01 1.61738544e+01 3.06660768e+00 3.00757574e+00
  1.03021332e+01 5.38888129e+00 9.31776477e+00 5.76515333e+00
  2.14486945e+00 1.19070594e-29 3.51774281e+00 1.74752184e+01
  4.39562393e+00 3.70004809e+00 1.10102858e+01 6.46501523e+00
  5.22903917e+00 4.76687231e+00 5.72508319e+00 4.43479931e+00
  1.72702743e+00 1.35413148e+00 4.27305576e+00 2.19591513e+00
  2.48676424e+00 2.79928484e+00 4.13969711e+00]
 [1.23731736e+01 1.22179832e+01 1.36568236e+01 1.46820621e+01
  1.81508588e+01 2.20645238e+01 4.38289815e+01 5.68931850e+01
  1.25020141e+02 1.06449513e+02 7.52809364e+00 7.48599297e+00
  7.62063678e+00 9.47219610e+00 3.33050884e+01 3.38456095e+01
  5.75364083e+00 1.25684092e-28 2.51174016e+01 8.61312063e+01
  9.23986060e+00 1.06941288e+01 2.31194372e+01 3.01813094e+01
  1.06969583e+01 1.14109178e+01 1.19530464e+01 9.00605479e+00
  3.34653933e+00 3.53085803e+00 1.26855455e+01 8.84744703e+00
  2.57229950e+00 3.48242854e+00 9.04106802e-01]
 [2.46662652e+01 2.48614780e+01 2.78007310e+01 2.83305269e+01
  3.45421192e+01 4.12653131e+01 7.28408224e+01 1.06284552e+02
  1.26897096e+02 1.24199616e+02 1.18070887e+01 1.33408853e+01
  6.89148496e+00 1.01858317e+01 3.71660618e+01 5.07716650e+01
  8.73426048e+00 4.64289143e-29 2.46162719e+01 9.93140940e+01
  1.63803839e+01 1.90629348e+01 2.94436944e+01 3.89166915e+01
  2.00841925e+01 1.86686678e+01 2.35342309e+01 1.59142690e+01
  5.09922105e+00 4.89775267e+00 9.08356950e+00 9.59394989e+00
  4.71591565e+00 5.49788259e+00 4.74806555e+00]
 [1.49070723e+01 1.47048434e+01 1.77431613e+01 1.70613987e+01
  2.04190054e+01 4.13539682e+01 4.37475531e+01 8.59344006e+01
  7.08465682e+01 7.92046449e+01 6.72394186e+00 6.99922455e+00
  5.81886034e+00 5.41375288e+00 2.51103426e+01 3.51373320e+01
  5.32802833e+00 1.34473816e-28 1.54676137e+01 6.55223130e+01
  8.92795045e+00 1.12185065e+01 1.92875016e+01 2.85581785e+01
  1.04916423e+01 1.02068232e+01 1.34592230e+01 8.41592034e+00
  2.60415211e+00 2.40368436e+00 6.93552918e+00 5.03456649e+00
  2.68304568e+00 2.39840657e+00 1.20756439e+01]
 [5.49909675e+00 5.28950778e+00 5.91002541e+00 5.30541123e+00
  7.11167173e+00 8.77159152e+00 1.52857135e+01 3.25117534e+01
  3.11193757e+01 2.31719765e+01 2.93389035e+00 2.48954032e+00
  4.28673013e+00 4.25147772e+00 9.13406074e+00 1.01870671e+01
  2.01338118e+00 3.36654397e-29 4.64596968e+00 2.12530534e+01
  4.37589681e+00 4.88475559e+00 6.81781817e+00 1.07880480e+01
  4.14558532e+00 3.67457270e+00 5.29570439e+00 3.03553810e+00
  1.60624083e+00 1.11436791e+00 2.69827613e+00 2.03038097e+00
  1.31761154e+00 1.10016341e+00 2.09559648e+00]
 [1.76161500e+01 1.72704362e+01 2.01130955e+01 2.03596242e+01
  3.41898663e+01 3.16371357e+01 8.42207862e+01 8.88494761e+01
  1.79383399e+02 2.00146124e+02 9.89238827e+00 9.98048113e+00
  8.54528582e+00 7.17365477e+00 5.24283099e+01 5.76209913e+01
  7.90349357e+00 1.18992786e-28 6.21817573e+01 1.83383745e+02
  1.71104207e+01 1.38275751e+01 3.46480772e+01 3.12754832e+01
  1.40895052e+01 1.34717818e+01 1.72305892e+01 1.11988282e+01
  5.50727426e+00 4.68251673e+00 1.74097004e+01 1.49517768e+01
  4.02494550e+00 4.94448082e+00 6.00009879e+00]
 [1.16471174e+01 1.13030523e+01 1.23316906e+01 1.10199742e+01
  1.65367550e+01 1.78469318e+01 6.30064010e+01 8.18452162e+01
  9.60725282e+01 6.83656669e+01 6.30070132e+00 6.40272647e+00
  6.82350354e+00 5.87242697e+00 4.41149151e+01 4.34882989e+01
  5.58689096e+00 1.43343045e-28 2.29904493e+01 6.78215097e+01
  8.76322270e+00 7.36387968e+00 2.35794696e+01 2.29495614e+01
  9.47052899e+00 9.14738591e+00 1.12052120e+01 8.26659471e+00
  3.03154145e+00 2.29898954e+00 1.00103378e+01 9.21870203e+00
  2.32688482e+01 1.89060626e+00 1.00591623e+01]
 [1.66110479e+01 1.55991420e+01 2.15549900e+01 1.61759471e+01
  3.31149654e+01 3.15740905e+01 8.00208143e+01 1.23588401e+02
  1.33116826e+02 1.20370364e+02 9.04990820e+00 6.75967246e+00
  7.86511793e+00 6.18057094e+00 2.52284717e+01 2.89412985e+01
  5.82045185e+00 3.53341863e-30 1.36596810e+01 1.12293078e+02
  1.47251230e+01 1.13915522e+01 2.64502943e+01 2.83195769e+01
  1.17387499e+01 9.51993583e+00 1.50368574e+01 9.53829891e+00
  3.49863570e+00 2.54641244e+00 5.83239966e+00 5.81427940e+00
  6.26343278e+00 6.99944378e+00 4.40470128e+00]
 [1.09864446e+01 1.07370529e+01 8.91233784e+00 1.03953954e+01
  1.21442366e+01 1.46723432e+01 4.81425596e+01 6.52375916e+01
  9.77117856e+01 1.03843303e+02 4.02310383e+00 5.70775782e+00
  3.06865236e+00 3.90286170e+00 3.73139172e+01 4.18576092e+01
  4.35489705e+00 9.92931153e-29 3.06452017e+01 7.97212924e+01
  5.04324069e+00 6.14323260e+00 1.71058908e+01 1.86068687e+01
  7.84153299e+00 1.36437669e+01 1.14963251e+01 7.06242812e+00
  2.14268619e+00 2.11313078e+00 8.13044408e+00 7.98758843e+00
  1.92218895e+00 2.82564486e+00 1.42748098e+01]
 [2.40066008e+01 2.35695991e+01 3.49614814e+01 2.56387290e+01
  5.95644767e+01 3.77117370e+01 1.81616976e+02 1.28289341e+02
  2.31219673e+02 1.75061441e+02 9.96545663e+00 9.34327597e+00
  1.39182173e+01 8.57873302e+00 5.94524717e+01 5.78577740e+01
  6.61162886e+00 6.58460279e-29 2.64802012e+01 1.60098761e+02
  2.24521812e+01 1.61942418e+01 4.93101993e+01 3.60080716e+01
  1.57464215e+01 1.75456082e+01 2.25397024e+01 1.12268202e+01
  4.16384922e+00 3.76805705e+00 1.25113310e+01 8.98765857e+00
  6.03757007e+00 7.28078515e+00 9.79076124e+00]
 [1.68108763e+01 1.72939898e+01 1.93550586e+01 2.04252251e+01
  2.32799677e+01 2.23710787e+01 6.15503864e+01 4.51020269e+01
  1.73841950e+02 1.63803913e+02 9.66691474e+00 1.01117834e+01
  5.80939271e+00 5.80931638e+00 3.34389460e+01 2.65230316e+01
  8.00904674e+00 2.25230581e-29 2.64448250e+01 1.47769116e+02
  1.49621955e+01 1.41753976e+01 2.03731099e+01 1.87019821e+01
  1.29413695e+01 1.30069854e+01 1.79014144e+01 1.07794034e+01
  4.74731586e+00 4.63413381e+00 6.80637126e+00 5.70575823e+00
  3.33895890e+00 2.77110045e+00 6.93181063e+00]
 [8.70095661e+00 9.43612814e+00 8.36560395e+00 8.42790862e+00
  1.03555172e+01 8.90846774e+00 2.00805131e+01 1.41347330e+01
  2.30769204e+01 1.44244194e+01 5.01752182e+00 4.48147227e+00
  4.32265543e+00 3.17443131e+00 1.19535753e+01 7.04864173e+00
  3.25291161e+00 2.58926996e-29 5.20224187e+00 1.47569765e+01
  6.09865660e+00 5.74085279e+00 1.02330665e+01 7.54971434e+00
  6.78177726e+00 6.12642670e+00 8.39117142e+00 4.98186733e+00
  2.17064562e+00 1.70053861e+00 3.87119214e+00 1.91600167e+00
  1.75322257e+00 1.89171557e+00 1.58911654e+01]
 [4.99571945e+01 4.93457012e+01 4.04509569e+01 4.02381188e+01
  4.84348992e+01 4.74136205e+01 1.59261811e+02 1.67899401e+02
  1.85955787e+02 2.27839954e+02 2.35408513e+01 2.85927128e+01
  2.20913374e+01 1.73200088e+01 9.95166676e+01 8.56281362e+01
  2.40276351e+01 1.09693279e-28 5.60079857e+01 1.57514711e+02
  2.83120531e+01 2.86257845e+01 6.55195091e+01 5.59478469e+01
  3.67895041e+01 4.01955443e+01 4.87483355e+01 3.51447115e+01
  1.06406074e+01 1.16645529e+01 3.12324150e+01 2.48222496e+01
  9.86702052e+00 8.69453781e+00 4.42971630e+01]
 [2.79746768e+01 2.87599306e+01 2.89620979e+01 2.84668969e+01
  4.13186390e+01 3.30718137e+01 1.27582327e+02 1.29434033e+02
  2.16766867e+02 2.12148767e+02 1.31898114e+01 1.55667214e+01
  1.83403745e+01 1.00864818e+01 8.19216404e+01 7.71807110e+01
  1.31392031e+01 5.60803859e-28 4.58410427e+01 1.81007067e+02
  2.06796707e+01 1.77938587e+01 5.48284025e+01 4.07216955e+01
  2.15976903e+01 2.44529970e+01 2.92023168e+01 1.99460065e+01
  6.76265659e+00 7.00792723e+00 2.76987789e+01 1.41397240e+01
  5.93178360e+00 7.75277077e+00 5.24593235e+01]
 [1.04025924e+01 1.23363400e+01 1.31832114e+01 7.69956813e+00
  1.30577095e+01 9.59282357e+00 1.71013581e+01 2.52123299e+01
  3.07233496e+01 3.14408581e+01 1.57898967e+01 7.75687993e+00
  5.70715566e+00 3.25218827e+00 7.97527011e+00 1.03987609e+01
  2.82417465e+00 4.88944923e-29 3.65725556e+00 2.61890480e+01
  9.19447959e+00 1.37743084e+01 8.57083510e+00 1.06893858e+01
  1.02337040e+01 1.41167096e+01 7.41633871e+00 7.96921460e+00
  1.05659253e+00 2.48691320e+00 2.08419758e+00 2.46974607e+00
  7.02707256e+00 8.99952476e+00 8.30528049e+01]
 [5.38648006e+00 5.35443678e+00 4.97449563e+00 5.34967823e+00
  6.11687920e+00 7.42219690e+00 8.72028226e+00 9.94200807e+00
  1.29224839e+01 1.32128204e+01 1.95370866e+00 2.34939450e+00
  3.18794259e+00 4.08699899e+00 7.98291805e+00 6.66245764e+00
  1.34627000e+00 5.13949893e-30 3.67120497e+00 1.39235493e+01
  3.51943502e+00 4.11778629e+00 7.10469760e+00 8.01388661e+00
  3.32912926e+00 3.62649545e+00 4.50302732e+00 2.27111036e+00
  9.66450302e-01 9.88431901e-01 3.28144981e+00 2.19024953e+00
  1.61229452e+00 1.43282112e+00 1.27747298e+00]
 [3.81138624e+01 3.82038434e+01 3.71773774e+01 3.66349184e+01
  5.06842264e+01 5.85831337e+01 9.42260163e+01 1.42496842e+02
  1.19293516e+02 1.49443566e+02 1.71396075e+01 2.14339316e+01
  1.89577518e+01 2.78585551e+01 5.83068001e+01 6.79384286e+01
  1.59074665e+01 2.82235798e-28 4.21186766e+01 1.02753944e+02
  2.44375536e+01 2.81799029e+01 5.39477836e+01 6.70119926e+01
  2.59943187e+01 2.75029210e+01 3.44700705e+01 2.46874617e+01
  8.40290785e+00 8.85391428e+00 2.54692309e+01 2.57657544e+01
  5.50668840e+00 5.02376135e+00 6.95919166e+00]
 [1.11386761e+01 1.03456997e+01 1.39462666e+01 1.02306378e+01
  2.87525787e+01 2.09756626e+01 2.95967359e+01 2.42051854e+01
  1.78021680e+01 1.71255653e+01 6.65799645e+00 5.52921006e+00
  8.14913116e+00 6.11990019e+00 1.48435040e+01 1.24976331e+01
  4.36445705e+00 7.46575913e-30 6.62058024e+00 1.60860613e+01
  1.25373731e+01 8.69783653e+00 2.45065492e+01 1.74993884e+01
  8.93404359e+00 8.07341049e+00 1.07854422e+01 7.21653253e+00
  2.59108313e+00 2.46648632e+00 5.41475708e+00 3.90457251e+00
  2.11709900e+00 1.71388169e+00 7.79806546e-01]
 [6.59618935e+00 6.03953743e+00 1.66769800e+01 1.13745500e+01
  1.86994420e+01 9.31667735e+00 1.64830895e+01 2.04037868e+01
  1.75325891e+01 2.09833717e+01 3.23059298e+00 3.87777347e+00
  3.38387879e+00 2.83368244e+00 1.00344841e+01 7.49321976e+00
  2.34971590e+00 1.75266943e-29 5.87246616e+00 1.63936652e+01
  7.49819467e+00 6.96633287e+00 1.07144053e+01 8.08544870e+00
  4.51637828e+00 3.98505441e+00 5.35059311e+00 4.25929205e+00
  1.40073803e+00 1.69238120e+00 3.45878956e+00 1.87057216e+00
  2.41223734e+00 2.12694496e+00 2.23981763e+01]]