[[ 5.0043551   4.37524314  2.92207553  4.0433798   6.6690764   6.20355829
   4.56235272  3.11695574  3.80804617  4.08511093  6.52408941  7.10982842
   9.20728107  9.6094042   6.30367289  5.54453381  6.56338084  1.86943721
   7.18526495  4.15478906  4.7500376   6.21708862  7.06961013  5.7546812
   4.3530731   4.21324753  4.22522326  6.16759313  7.76356815  2.41440124
   8.22546951  8.61263499  1.21311332  1.03915333  5.24548946]
 [ 1.73314789  1.52091177  2.28613109  2.20124777  5.91677093  8.59147413
   4.72971667  3.70825153  4.35041766  5.04262322  2.99249261  3.29046302
   4.36473233  5.20340993  5.25557644  5.8513198   2.90971053  2.8744727
   4.51638005  4.70963824  2.77675504  3.92029384  5.96006579 15.01533521
   2.90536109  1.8723314   1.64083529  2.22847363  5.42091536  4.65288565
   4.49161316  4.54273545  2.9659294   1.71700152 12.57895972]
 [ 9.87062841  8.84865385 10.42662561  9.13759733 21.7395079  20.49428513
  18.94252383 15.85992449 13.46997155 14.96254075 13.93301901 14.1326742
  22.2463366  21.84720164 20.30822892 18.8834343  11.15273367 14.18791644
  17.35249734 15.48892383 16.93089168 16.1231361  20.82372947 19.21827264
  15.68809636  7.8090701  10.15252104 10.5281955  20.42804174 17.83780517
  20.33571575 19.75144053  1.09809933  6.29309663 18.25684118]
 [11.94798356 10.1818567   6.9782412   6.91560728 17.5120142  23.43441449
  11.99301837 10.17821941 11.58087013 10.5440081  12.60260617 15.43364051
  13.76160416 11.72165862 12.29163439 10.63982126 10.09849271  9.90544581
  10.59137678 11.14508676 12.77492742 10.89003177 14.78848988 12.6977527
  13.26838937  8.88169803  9.76685815 10.08907643 11.90077555 12.49418361
  12.30104476 11.46598386  5.01459737  3.19561424  8.39055215]
 [ 6.6832815   7.22229692  4.83189225  5.32911535 20.33629355 32.25613363
  17.03450525 16.49015817 15.55204048 13.37588276 10.391207   10.60874968
  14.29531382 17.19435141 17.31033582 16.43231525 12.64403235  8.86697211
  14.83477319 13.90013996  9.52443695 13.05039009 17.80874169 25.48439825
   7.93509469  8.50299499  9.0793436  11.01106112 14.2096878  15.78586704
  17.62261998 16.87718965  3.79064138  2.13996539  8.61034382]
 [ 3.44958203  1.92225757  2.37429755  4.47686539  5.95613971  8.89686021
   8.16307238 10.35858485 10.25542971 12.47558835  6.35199001  8.77912013
  11.20261812 12.38823016  9.8411796  10.59911404  7.34359939  7.13059953
  10.25795111 11.37961555  9.82408252 12.16875761  8.92290063 10.40842245
   1.72818324  2.52852867  3.64751927  4.29719378 10.97242957 12.91444714
  12.2560758  12.26451629  0.3633222   0.65548603 11.286518  ]
 [ 6.94540052  5.93486255  4.33146449  3.84188385  8.99875206 12.50497705
   9.0995494   9.34908456  8.90245034  8.32432673 11.02035539  9.32608924
  13.04305688 12.75027938 10.39485701 10.52021957  9.67682617  7.73221851
   9.12027804  9.04992637  3.89815555  8.77272852 10.5018589  10.98839918
   8.23835104  6.89559685  6.99310837  9.72281033 14.16988643 14.36496805
  10.43642223 12.78203588  0.78347331  1.58165594  3.7171382 ]
 [ 4.30999899  4.09722278  5.01562351  4.33151783  7.68564775 17.79538862
   5.93029722  6.99599511  6.80100605  9.38794709  6.64587771  5.93184841
   7.28524513  8.14441064  6.55053901  6.69667158  4.9369545   5.67023549
   6.44835212  8.22576869  6.93112454  6.38951885  7.15117531  8.09781048
   5.36149472  4.95577182  4.17431296  4.66277055  6.63511335  6.65362458
   8.37900239  6.7178984  12.31116872  2.76324517  6.06656131]
 [ 5.99763365  6.24449899  6.32302457  7.6369386   6.58278049  6.9637886
   5.75322542  4.08524369  4.84928608  5.99271035  9.24427149 10.94061346
   9.90486382 11.51161337  9.4223535   7.9801892   6.27387777  4.31663089
  11.07458567  5.72251635  7.34121037  8.61174738  7.60137757  7.3299465
   7.47484497  8.94385341  5.87267626  7.4490674   8.01986798 10.25779198
  11.92264384 11.16769367  1.46710214  3.22207364  4.8452751 ]
 [ 0.87258247  0.99900106  3.48968019  0.89398273  7.04169109  4.68339121
   8.96713142  0.85440063  4.96052121  1.3036528   3.76163703  0.14410391
   8.93983933  5.88677132  6.29502069  4.15727597  4.01566358  0.67100452
   2.25271838  1.01952363  0.95303168  0.41686665  1.65716156  1.12400947
   3.51169356  0.61006617  1.50299189  3.75261853  7.38521257  1.54739404
   8.10048744  5.89334902  0.74109338  1.88809702  6.35659019]
 [ 7.87498976  7.91406266  5.27596843  5.93698781  5.36471455  9.13039054
   5.69933515  6.85107496  6.86849346  6.59538108  7.83440226  7.22901562
  16.82708745 15.27270543  9.21388282  9.10428481  8.66459324  7.10544384
  11.2269767   7.25408415  8.24521193  9.89719249  8.74230261 10.22682575
   8.06188576  7.44336399  8.03052367  6.98790241 10.84483661 12.37314536
  13.57634033 12.83927659  1.45667344  1.42939205  9.07907509]
 [ 7.29009969  7.74016757  7.21191286  6.19204731  9.73936684 10.75445651
  10.14552434 11.5659852   7.07546383  7.45117715  8.16218463  9.25429349
  11.5038388  15.81899196 11.72280841 12.9606662   6.74498618  9.43990944
   9.99163936  6.94901516  9.98883653 10.60184559 12.53550956 10.04351302
   8.12536974 10.53868705  7.43438832  7.48983238  9.78298345  7.50327224
  14.74490891 13.00637633  7.4230974   4.92771713 11.90406694]
 [20.31985041 22.52776452 18.6307435  21.46246008 23.52012409 28.25963338
  28.57858001 28.74027376 29.72104235 30.42160576 28.59518542 35.29092219
  29.38035712 29.91236464 27.61262133 29.86399092 32.24313765 20.74483024
  25.35431879 30.11775012 25.79977566 29.89651409 26.08044331 29.83138444
  22.30766297 30.8598173  22.74912453 31.17372453 26.59692678 34.0476362
  25.99991327 30.60959409  7.60576061  5.3546078   6.74508341]
 [ 6.41318367  6.5288372   7.83194599  8.28020386  9.72241594 10.33833713
   8.56570441  7.84776914  8.74960301  9.02780353  7.94533145  9.0433048
  12.86639326 13.51388443  7.65395926  9.5235963   6.01365461  4.26875551
   8.22428413  9.28285919  9.31846347 10.61971221 10.07324874 10.65621327
   6.78980495  7.24149885  6.23213926  5.85087775  8.19854916  9.31608871
   8.60058808 10.04341073  2.97781545  4.34499616 11.17923776]
 [ 8.54396271  6.56699765  7.89986708  8.316247    9.36653762 10.58016806
   7.98768892  6.9850265   7.34052846  6.50970079 11.2531122  10.41561994
  11.00382733 14.00642337  8.86660692  6.96792937 10.22968436  6.89014261
   7.08511067  7.03734651  8.70673713 11.10027785  9.56885323  9.65405693
   8.68912708  6.98999816  6.93420395  6.83577398 11.25713392 11.3288264
   9.26077837  9.1433219   3.17393598  4.47648945  3.46183372]
 [ 2.16378971  2.24896957  4.29261619  3.27214013  3.61375139  6.35118956
   5.43890096  4.97628844  5.95527922  5.44588108  2.95079851  3.28011834
   3.07130077  6.26196145  7.14257673  8.31486875  4.52008181  7.64490355
   7.10478028  6.17203429  5.88926342  2.9060123   6.32941969  6.19771619
   2.78406891  2.25453141  2.14690252  1.54957883  7.36781491  5.16222469
   9.00517641  9.23296824  1.99781302  0.87739432  7.43378063]
 [ 4.74841894  5.18210932  5.93230976  7.16251052  9.21722776  9.56079905
   8.96565644 10.92184676 15.79851664 18.17073888  9.87748441  9.49780575
  10.39533809 10.11506936  9.75487852 11.64892429  7.42010075  8.04996496
  10.94137739 17.97382857  8.82026512  9.23999873  8.9272611  10.07723551
   6.80746057  7.12525328  5.07888892  6.4458546   9.56177759 12.29482531
  10.58840168 10.71866719  2.5513455   4.44420917 10.58962647]
 [ 4.58947491  6.09837918  2.64634686  2.61698616  4.60647631  7.00008253
   6.77311832  9.403258    9.63074688 10.44194933  6.2963489   7.11391764
   6.15372203  9.46541459  7.96319834 11.39639019  8.95755201  5.67340127
   7.66081938 10.73366032  4.516083    5.75047697  6.17389722  9.81372632
   5.0273125   5.57534812  6.08810904  7.35524708  8.82561546 10.79611604
   8.11624122 10.73107974  2.74551984  0.90944077  9.29181512]
 [ 4.74339122  5.08865355  5.20673518  5.6493371   5.09094032  5.72595605
   4.66279407  5.82331599  5.17145637  6.82197466  6.29277806  6.13310064
   8.52195471 10.36076024  6.6270812   7.7310405   6.31189515  7.17289635
   7.84709699  6.12477064  6.04036312  6.90308517  5.88310168  6.42233943
   5.16748217  5.49862185  4.82355427  5.40405274  8.38496577  8.64989989
   8.44371221  9.22192142  5.46447695  4.84463762  7.30913033]
 [ 1.20755077  2.04836833  0.41980446  1.80190725  1.13202756  3.37807906
   4.09177258  3.73291191  3.68587021  5.74055629  4.21353131  7.58120838
   7.46193527 11.7514226   5.28133814  7.83151549  4.96264     2.44353804
   8.87979766  4.54313687  0.7343462   3.09490527  3.56895835  6.4970347
   2.76619119  3.3443988   3.28923124  1.21368427  7.80545909  6.47913419
   7.85276583  9.43350334  0.68356739  0.57326088 16.52427244]]