[[1.48013409e+00 1.58129795e+00 8.83155682e-01 1.55358955e+00
  2.06260305e+00 1.80220621e+00 7.59592560e-01 4.79055255e-01
  5.58512204e-01 6.80127685e-01 1.76278864e+00 2.59394161e+00
  2.56285692e+00 2.30029288e+00 1.03009820e+00 7.76622399e-01
  2.07949963e+00 9.01427083e-01 1.04577759e+00 6.56214720e-01
  1.47546752e+00 2.08056560e+00 1.63148402e+00 1.02090381e+00
  1.23955243e+00 1.60343274e+00 1.42430919e+00 1.88154104e+00
  2.12692717e+00 8.36508561e-01 1.52448251e+00 1.33933923e+00
  5.19125863e-01 5.66774643e-01 2.15902889e+00]
 [8.23479939e-01 7.42276405e-01 8.25689623e-01 8.81101858e-01
  3.04287055e+00 5.53284477e+00 8.99669281e-01 9.86683142e-01
  8.27904529e-01 1.78500215e+00 8.32813388e-01 9.95270096e-01
  1.01420706e+00 1.69153597e+00 1.08714944e+00 1.81942689e+00
  1.01918380e+00 1.27559293e+00 1.05476379e+00 1.34918826e+00
  8.16629564e-01 1.58353415e+00 2.26053342e+00 1.22369544e+01
  9.70109851e-01 7.48171751e-01 8.68492237e-01 7.42574202e-01
  1.49632270e+00 1.40555860e+00 1.05899340e+00 1.32887238e+00
  2.44883106e+00 1.64227341e+00 4.04233904e+00]
 [3.00426454e+00 2.40883481e+00 2.11246344e+00 1.43658999e+00
  7.13750796e+00 5.17267925e+00 1.24266393e+00 1.13667704e+00
  8.36305674e-01 9.14598302e-01 2.79270322e+00 2.32952797e+00
  2.30225890e+00 2.90795327e+00 1.74831156e+00 1.84180055e+00
  2.27240208e+00 1.38387707e+00 1.58275502e+00 1.02516706e+00
  2.50770364e+00 2.06287692e+00 1.86262544e+00 2.18489185e+00
  6.07938835e+00 1.78975782e+00 2.98422827e+00 2.75954041e+00
  2.67531221e+00 2.44137039e+00 1.88463855e+00 2.28648043e+00
  2.21368075e-01 2.09095944e+00 7.82075237e+00]
 [4.58624862e+00 3.76469374e+00 1.49354453e+00 1.50961395e+00
  7.89388349e+00 1.19196405e+01 1.54231954e+00 1.26640377e+00
  2.01811064e+00 1.62841441e+00 2.64893285e+00 7.64378728e+00
  2.01406884e+00 2.00474213e+00 1.19612808e+00 9.17058064e-01
  1.91951956e+00 2.69025985e+00 1.05650765e+00 2.17379586e+00
  2.55863824e+00 2.23180115e+00 4.05382299e+00 2.46305122e+00
  4.73562645e+00 2.37392087e+00 2.93783896e+00 2.44992310e+00
  1.86603195e+00 2.10639299e+00 1.28507671e+00 1.23118390e+00
  1.94328303e+00 1.26503691e+00 4.83469338e+00]
 [2.34427968e+00 2.90707456e+00 1.37836876e+00 2.30451921e+00
  1.63771062e+01 3.48070114e+01 2.37210229e+00 3.20001451e+00
  2.62560387e+00 1.83774106e+00 2.95224030e+00 3.55307362e+00
  4.09024464e+00 9.06268745e+00 2.66980542e+00 4.13496598e+00
  3.70633522e+00 1.47724107e+00 2.44827161e+00 2.22693837e+00
  2.86612612e+00 8.56487216e+00 6.69353359e+00 2.52182786e+01
  2.45495853e+00 3.08314022e+00 3.33061005e+00 3.40038503e+00
  3.95115226e+00 4.89069115e+00 3.27699463e+00 4.48073486e+00
  1.62493467e+00 7.99304932e-01 3.47279257e+00]
 [1.84656301e+00 9.39684729e-01 1.20189235e+00 2.17005396e+00
  2.53314003e+00 3.15032807e+00 1.97464281e+00 2.25871767e+00
  2.35913042e+00 5.30591680e+00 2.72228717e+00 3.66025917e+00
  5.12708056e+00 5.19285113e+00 2.51497379e+00 2.86253849e+00
  3.30719127e+00 3.44550200e+00 3.19911053e+00 3.90163179e+00
  6.35686652e+00 7.84473354e+00 3.04543970e+00 3.08940615e+00
  7.85338308e-01 1.06024214e+00 1.93724595e+00 1.90464492e+00
  4.81372915e+00 6.08530771e+00 4.49475565e+00 4.98742415e+00
  1.89338976e-01 3.30147791e-01 5.53760353e+00]
 [1.94884597e+00 1.55205907e+00 9.62416516e-01 8.11154009e-01
  1.50879216e+00 4.87516924e+00 1.13451647e+00 1.03749023e+00
  1.21296744e+00 9.12019733e-01 1.73237299e+00 1.55775387e+00
  2.23343928e+00 2.14806095e+00 1.13228422e+00 1.03722002e+00
  1.70117293e+00 1.03663612e+00 8.75576860e-01 1.10527073e+00
  6.56367740e-01 1.55681493e+00 1.37934515e+00 1.36324290e+00
  1.80255752e+00 1.46709373e+00 1.87162993e+00 1.95362517e+00
  1.84271049e+00 2.10882140e+00 1.23839886e+00 1.45651011e+00
  3.35696168e-01 5.37387566e-01 9.81721251e-01]
 [1.52233867e+00 1.32989499e+00 1.93582995e+00 1.44786509e+00
  3.99906561e+00 1.39988768e+01 1.22204748e+00 1.15813685e+00
  2.68243560e+00 5.61901682e+00 1.91138284e+00 1.57828893e+00
  1.75162741e+00 2.01857981e+00 9.29909578e-01 1.12067242e+00
  1.30342418e+00 1.91736880e+00 1.16547570e+00 4.29630573e+00
  2.46626766e+00 1.95269828e+00 1.89642332e+00 2.54033559e+00
  1.73037279e+00 1.45133360e+00 1.49972725e+00 1.29192397e+00
  1.82313193e+00 1.91962594e+00 1.43252029e+00 1.35415074e+00
  8.25978049e+00 2.26073328e+00 2.17887771e+00]
 [1.15563885e+00 1.08684434e+00 9.69557470e-01 1.08142411e+00
  7.47846523e-01 7.94823206e-01 5.97207194e-01 4.98470987e-01
  5.49869657e-01 9.91883631e-01 1.21107608e+00 1.52902378e+00
  1.27057603e+00 1.73391586e+00 8.18382829e-01 8.13000528e-01
  9.88972997e-01 8.45180770e-01 9.98509718e-01 8.28690094e-01
  1.13138109e+00 1.21321500e+00 7.89058259e-01 8.12385598e-01
  1.13178770e+00 1.28494562e+00 1.14246330e+00 1.02897467e+00
  1.22579227e+00 1.58203809e+00 1.29276859e+00 1.32757738e+00
  7.73770724e-01 1.40825613e+00 1.33784491e+00]
 [2.55453838e-01 2.83814861e-01 1.02702138e+00 2.37999339e-01
  3.98450677e+00 9.57329763e-01 4.76937831e+00 1.27695609e-01
  1.38751627e+00 3.35627436e-01 8.66922380e-01 3.41828903e-02
  2.56429223e+00 2.18278341e+00 1.60297378e+00 5.82023596e-01
  1.00534836e+00 1.20711638e-01 3.77671240e-01 2.85189814e-01
  2.73204761e-01 1.18907557e-01 4.94512712e-01 2.21674064e-01
  7.86648975e-01 7.31380067e-02 4.29416152e-01 7.34012696e-01
  1.34023447e+00 3.49405640e-01 1.62357689e+00 1.10393077e+00
  4.25872730e-01 4.61524114e-01 1.39341426e+00]
 [2.10128110e+00 2.09052255e+00 1.20587818e+00 1.16671937e+00
  8.60741579e-01 1.65115454e+00 8.50817559e-01 9.66663266e-01
  1.19423667e+00 8.59853461e-01 1.36066317e+00 1.37104463e+00
  1.57803551e+00 1.93613042e+00 1.04546803e+00 9.06827082e-01
  1.61265753e+00 1.00526455e+00 1.01859815e+00 1.08017724e+00
  1.46270202e+00 1.59646039e+00 1.11231791e+00 1.14485195e+00
  1.77952251e+00 1.56034198e+00 2.16152632e+00 1.35452238e+00
  1.58491726e+00 1.97995478e+00 1.28857884e+00 1.47066653e+00
  4.51374013e-01 3.99924967e-01 2.33371418e+00]
 [2.35670595e+00 2.39311187e+00 2.24633004e+00 1.53412506e+00
  3.40925011e+00 3.45663789e+00 1.96072502e+00 1.95649870e+00
  9.37222876e-01 1.05879563e+00 2.01047136e+00 2.43837660e+00
  3.44027372e+00 3.86735406e+00 1.72940862e+00 2.00609458e+00
  1.60431721e+00 1.86061028e+00 1.44642453e+00 9.74395939e-01
  4.73870416e+00 3.27707838e+00 4.00752739e+00 2.84537529e+00
  2.18870630e+00 3.99172838e+00 2.33652460e+00 1.80855426e+00
  2.37462864e+00 2.21683813e+00 2.31971815e+00 2.23501074e+00
  4.42432153e+00 3.97968323e+00 6.54755355e+00]
 [3.64721523e+00 3.71274469e+00 3.11580693e+00 2.90792466e+00
  3.45878317e+00 3.68346838e+00 4.33722594e+00 4.13902916e+00
  8.90206274e+00 7.56254133e+00 5.35101402e+00 5.53911886e+00
  4.45521890e+00 4.33884540e+00 4.33842722e+00 4.13824676e+00
  4.98768947e+00 3.19204508e+00 3.83430641e+00 8.57669930e+00
  4.34585971e+00 4.12754897e+00 3.78293898e+00 3.72555603e+00
  4.09309477e+00 4.79299213e+00 3.93085163e+00 4.97338024e+00
  4.89268266e+00 5.28168027e+00 3.89820320e+00 4.11197488e+00
  1.62033286e+00 9.62833401e-01 2.24585533e+00]
 [1.16019730e+00 1.16309829e+00 1.26649042e+00 1.35129556e+00
  1.13849712e+00 1.32663036e+00 8.52141983e-01 8.67657915e-01
  1.06991493e+00 1.55847150e+00 1.46829865e+00 1.97677842e+00
  1.64344793e+00 2.83518762e+00 7.89131279e-01 1.33410185e+00
  1.33926001e+00 7.02366312e-01 9.52022612e-01 1.38857739e+00
  1.63585385e+00 1.79294471e+00 1.14183415e+00 1.57414487e+00
  1.29016341e+00 1.46873848e+00 1.14475495e+00 1.23148098e+00
  1.59330156e+00 2.48009087e+00 7.44957578e-01 1.72537863e+00
  6.80046303e-01 1.10354074e+00 3.38306149e+00]
 [1.77346692e+00 1.39289061e+00 1.30058186e+00 1.39903822e+00
  1.03973909e+00 1.56266085e+00 7.97414479e-01 7.90872211e-01
  8.27381885e-01 6.34014990e-01 1.76496937e+00 1.75801058e+00
  1.51851155e+00 1.82597280e+00 8.74813340e-01 6.87373038e-01
  1.66367465e+00 7.00920337e-01 6.88230090e-01 7.54053379e-01
  1.28244429e+00 1.65075093e+00 1.01641512e+00 1.15706000e+00
  1.58289793e+00 1.36300309e+00 1.43383262e+00 1.29058705e+00
  1.74284920e+00 1.87035659e+00 1.03432743e+00 1.04811047e+00
  9.17014748e-01 1.55696997e+00 1.03594565e+00]
 [8.41009543e-01 8.77517438e-01 1.35922171e+00 1.28592361e+00
  1.05325134e+00 2.06815011e+00 1.63897182e+00 1.53602072e+00
  1.83981499e+00 1.78022241e+00 9.34318302e-01 1.26387944e+00
  9.87064030e-01 2.76842039e+00 2.31664217e+00 2.79748817e+00
  2.32344017e+00 2.56627714e+00 2.41531632e+00 2.06631795e+00
  1.91462533e+00 1.05136591e+00 2.03198084e+00 2.03793823e+00
  1.05399793e+00 8.83645519e-01 1.01587509e+00 6.49659312e-01
  4.45489925e+00 2.11807992e+00 3.22444383e+00 3.07216120e+00
  6.26842145e-01 2.92194347e-01 2.51352108e+00]
 [1.28067384e+00 1.22793350e+00 1.41879858e+00 1.49675102e+00
  2.53462912e+00 1.73597978e+00 2.24361801e+00 4.03894293e+00
  1.08349120e+01 1.15760588e+01 1.97216841e+00 1.92487339e+00
  3.52222822e+00 2.20912647e+00 2.57488139e+00 3.48785793e+00
  1.89794360e+00 4.00386166e+00 3.16276246e+00 1.28106602e+01
  2.47869959e+00 1.76404480e+00 1.74965691e+00 2.02491847e+00
  1.67556447e+00 1.62693240e+00 1.22303052e+00 1.57762765e+00
  1.94361597e+00 2.18173190e+00 2.37348531e+00 2.58895513e+00
  1.06273833e+00 2.69906271e+00 4.22244416e+00]
 [8.79291958e-01 1.26952881e+00 3.80859963e-01 3.92087494e-01
  4.89175719e-01 7.24002119e-01 7.31940996e-01 1.12920108e+00
  1.39671949e+00 1.80718830e+00 7.41383471e-01 1.00142611e+00
  8.22416541e-01 1.21014218e+00 7.88260249e-01 1.28551341e+00
  1.14769358e+00 8.01023840e-01 7.43468657e-01 1.88781259e+00
  5.98359110e-01 7.31214421e-01 6.21913674e-01 9.99476815e-01
  7.46875579e-01 9.29437583e-01 1.06707243e+00 1.07162435e+00
  9.46845647e-01 1.40388606e+00 8.48447449e-01 1.18561822e+00
  8.41048515e-01 2.23359437e-01 2.72210223e+00]
 [4.49312219e-01 4.56673221e-01 6.47267443e-01 5.54053057e-01
  4.04539078e-01 4.60727165e-01 3.88419575e-01 7.76931391e-01
  1.04572731e+00 2.09689792e+00 7.18973318e-01 5.57771440e-01
  7.54812164e-01 1.04741545e+00 5.98995949e-01 9.13997089e-01
  5.66937468e-01 1.97677527e+00 9.22856223e-01 1.64429379e+00
  6.13303474e-01 6.93303995e-01 4.48033806e-01 5.58167733e-01
  5.49936607e-01 5.60623785e-01 4.43962944e-01 4.79212029e-01
  7.53298660e-01 9.05725905e-01 8.24327532e-01 1.04346744e+00
  1.06048059e+00 8.55156507e-01 1.86834546e+00]
 [6.11217233e-01 1.32274084e+00 1.56998541e-01 7.09451264e-01
  4.12526621e-01 1.17078076e+00 1.36271214e+00 1.19861642e+00
  1.15858656e+00 1.88424308e+00 1.83689427e+00 3.21405745e+00
  2.60699702e+00 4.33388604e+00 1.59369725e+00 2.40624970e+00
  2.33675948e+00 8.41083889e-01 2.74526626e+00 1.44130054e+00
  2.91831388e-01 1.16790741e+00 1.16317854e+00 2.04980663e+00
  1.19420465e+00 1.51278145e+00 1.56340237e+00 5.37926272e-01
  3.67638612e+00 2.91245347e+00 2.50152194e+00 3.34280610e+00
  3.09733373e-01 1.94921661e-01 3.36413331e+00]]