[[ 9.88006224  9.20989426  6.72436745  8.704371   13.49472744 11.31224668
  12.88984375  7.82663723 10.89675747 10.73867956 12.96025538 12.93399084
  14.03764065 12.78104354 12.21908175  9.02208045 15.09630359  2.99949201
  11.75052639 11.77152494  8.73202986 12.05504343 13.4255432  10.08801548
   9.63622916  8.67506524  9.54253606 13.78970938 16.02950501  4.98727745
  12.58029719 10.75431029  2.38884837  1.6375271   6.49369088]
 [ 4.96584249  4.52829747  6.87203693  7.08920627 14.09505195 14.5455202
  18.39539302 12.87700732 12.96782549 13.15924699  8.45342615 10.51680255
  15.29209232 18.35214273 17.86968307 17.33478834 10.76586243 11.52176765
  14.8203512  12.96039773  8.7907837  11.51724233 18.54399414 14.64996571
   9.50297499  6.07194617  5.15383589  6.12324449 16.98061071 15.77435549
  15.88054571 14.5793769   1.93430805  1.90066425 11.78037936]
 [ 7.33146323  6.83683582  9.91968211  7.44106264 12.34117175 10.11568968
  14.38465323  9.03644549  8.03070073  7.65469323 10.82267851  8.96893942
  10.9994839   9.06542834  9.86999128  8.61717728  9.1119478   9.08276259
   8.03268428  8.70151659 12.69831626  9.19643826 12.96026607  9.34860383
   9.6310801   5.4619926   7.29331101  8.30666724 11.2985462  10.23677159
   7.71333282  8.88538889  1.67893717  6.56039306  9.29639006]
 [11.24313405 12.11256916  8.91192134  9.74259461 10.36149023  9.25725038
   8.570941    7.4885676   6.92578972  7.43891963 12.32824981  8.94687737
  12.35503647 11.27435241  8.17980275  7.17508216 13.2223761   7.79095142
   9.28443914  7.87487957 12.18264086 12.38628717 10.12982633  9.32225757
  11.07618811 11.71163346 11.75265137 12.56014694 12.96386952 13.2997673
   9.79781873 10.22439969  5.96127887  4.51555851  3.67629823]
 [ 9.8666157   9.84405382  8.3020725   7.11062758 10.77037084  4.04115155
  13.93752691  9.02705377 10.37032297  8.42469294 13.58864193 11.88099195
  12.48440828 10.04488262 12.33877862  8.45812091 17.92390721  7.60770936
  11.16895463  9.71574602 12.54789301  9.75086996 13.16360685  5.94567321
  11.47928546 10.4898558  12.52679664 16.96571047 15.27915874 14.75927108
  11.50631544 11.20492442  5.13482534  3.71530042  6.77201994]
 [ 5.75883696  3.30558246  3.7395524   7.7092023  11.81328496 16.32903996
  15.35028302 11.08224794 11.51011925 10.68181248 10.08017454 12.95407589
  14.02864522 13.75003093 13.80457686 11.58311824 12.35872693 11.71545812
  12.18855685 12.07577976 10.38488034 13.24323344 15.40664782 13.94417971
   2.67073303  3.69851726  6.12675555  7.35924779 13.88485232 14.84141943
  13.22455269 12.17214722  1.01435281  2.20474686  9.96958003]
 [ 8.18920143  6.87774445  6.10008865  4.70261244 13.72577229 12.41827977
  13.42702925 13.65601741  9.68928886 10.24887046 12.98755412 10.76588725
  14.20582298 11.34545004 13.65521777 12.04801064 18.83978505 11.10898965
  12.71488356 10.22219262  6.62738953  9.19109406 15.12439032 12.65965788
   9.93060471  8.43938185  8.19015331 15.32282994 16.1481736  17.41860013
  12.24674236 13.30403877  1.04784003  3.29870381  3.56534376]
 [17.50801953 16.62595632 15.95102581 17.30678907 21.52555062 21.79000154
  27.65760998 25.2488684  20.49665256 19.04439506 22.612036   23.80677961
  16.13760863 24.95962589 22.33188008 21.22556392 26.54683583 22.39265334
  18.67332964 19.51880075 22.33705686 25.07966251 24.65917836 28.74771559
  20.2103302  19.52408731 18.03767855 25.02227557 22.28570857 23.39593907
  19.93896693 19.69400608  6.76999602  5.84996373 14.61017078]
 [ 8.97694167  9.6687173  12.23435596 11.19167153 11.75244805 11.09467136
   7.9840451   7.21364176  5.32304799  6.3557852  11.30681927 11.86338878
  12.08543594 12.07542997  8.36046405  8.42948101  8.5409073   6.67061631
   8.54948643  6.23135124 12.73856887 11.03870193  9.76562313  9.53573615
  10.68013901 12.04584679  9.61540085 10.71801245  9.43646023  9.63587388
   9.68949826  9.69150958  2.18242225  4.52413584  5.64676054]
 [ 0.99977545  1.21993878  4.00580553  1.06143205  5.62111584  5.20205814
   5.41831559  0.9801855   4.32709965  1.24797903  3.9364299   0.42567775
   8.24602796  6.59114467  4.98218026  4.79320625  5.73223032  0.79277275
   2.67794706  0.97509586  0.97474954  0.50062902  1.516346    1.35841721
   3.83273215  0.54637359  1.77545263  4.58838342  7.44236648  1.19805313
   7.78604157  7.00948915  0.54185307  1.22813084  5.21097259]
 [11.43141438 11.19559395  8.66000034  9.08968181  9.10285929 11.91725604
   6.60067512  7.47294226  4.48056933  5.60227794  9.87847088  8.79141673
   9.72846003 12.58213595  6.42156684  7.01490996 12.98297133  5.91027784
   6.57476179  5.46716685 11.92689762 12.67348516  8.92088507 10.5030585
  11.51482484 10.72161567 11.30260188 11.27133697 11.48220209 13.2803151
   7.83753519  9.1596374   2.34388241  2.39118103  8.49752441]
 [17.35015596 17.74775333 17.95531958 17.6505946  19.48429356 23.57336377
  16.84576355 20.85108462 10.9915505  11.25283241 18.88258755 21.48443115
  18.64579245 25.24745219 16.29487931 18.85336498 19.10458452 23.56262574
  16.00158511 11.54779152 20.48980404 23.64508383 21.89742301 18.08405922
  18.94249393 18.32995004 17.56516083 19.5705558  24.77839771 16.39344822
  21.30598453 21.23250703  6.4143113   6.58393759 12.75797687]
 [ 8.72736702  9.13057914  9.16938347  7.29391655 12.45683171 11.49399868
  11.47140948 11.68723926  9.00669585 11.65263485  8.68270271 10.08502534
  10.315321   10.04907597 10.53129743 10.81237605 10.84522123  8.74884088
   9.91821342 10.92089187 10.41140202  8.97131622 10.90114633 10.89969369
   8.41937808  9.64389708  9.51454506 10.99656212  9.47589366 10.34067643
   9.2124943   9.71767694  4.47512733  2.81966691  4.03825393]
 [40.59577111 38.47798103 41.76131386 40.23483677 39.80186257 40.14440187
  26.27033692 28.88304078 24.94455243 23.41860062 44.07304469 43.83072351
  32.58235048 35.4592472  25.01854252 26.05971484 47.16891439 28.40534448
  36.55294566 27.11107506 43.41874257 42.40177771 31.36822718 34.12900306
  42.04159448 40.45389946 41.97471531 45.42492346 42.68173497 44.32915672
  34.40685975 28.02178245 13.85816799 13.56746564 20.17559169]
 [11.36899916  9.38107573 11.501676   10.64680327 13.69625979 11.51818654
   9.53677825  8.60776358  6.48103292  6.62334778 11.81940936 11.48000694
  10.31063733 10.71387968  8.24309009  7.47548605 12.0831189   8.02088897
   6.2895002   6.46851795 12.01393407 12.15372188 10.75654415  9.55893688
  11.14506382  8.99554249  9.28913111  9.73786031 11.17487462 11.67291976
   7.92420762  7.79321008  5.68963405  7.892136    6.00001853]
 [ 5.23313308  5.6799852  10.59115343  9.83291529  9.57059774 18.21224226
  17.97352172 15.88182039 22.76209237 18.49425339  5.11971392  6.63855118
   8.58595458 13.56496159 19.32800167 19.435972   12.19088626  9.50216481
  17.55795428 22.05817074 12.73712503  5.59941449 18.18748928 13.96474471
   6.1627743   5.10404449  6.39600303  3.71650713 19.80799999  8.55340036
  19.43256701 17.35181433  2.64332097  1.27043206  7.36165927]
 [10.19074264 10.65262645 11.92428979 15.0762376  20.98149825 18.88870746
  22.10696912 18.5407803  16.53284755 15.99497456 14.65707293 13.10107276
  15.06618256 14.78593949 19.76617725 17.5163618  12.41407382  8.63533957
  16.78231544 14.82651734 16.58330054 15.80262744 20.27467546 16.58566989
  13.06233553 12.60127184 11.07007603 12.08400831 13.2636721  14.1724292
  17.1592682  15.33752823  3.392143    5.65110754  9.05577001]
 [30.98109611 33.86829512 22.80704455 13.36034682 43.76586266 32.7753622
  39.1644046  26.70134855 27.95363864 24.87148787 37.80862868 24.92228684
  42.1432929  26.6360306  34.60874393 23.71083227 39.58010238 43.7211107
  29.44167523 27.57580226 38.08682609 24.5522811  42.5359308  29.34739534
  32.30431437 25.05219314 38.17753246 40.91260415 39.30988102 31.23928577
  33.32284431 25.61696382  5.92299562  2.34368109 13.4850749 ]
 [22.16381411 22.85086441 25.56107134 25.04723707 32.39881792 27.79881823
  34.43304769 30.81517265 28.40148483 26.34025403 24.98454609 23.11858697
  28.2229242  26.28825784 31.99789831 29.51546917 27.44614768 26.69323638
  27.77429062 26.24994005 28.41240383 25.96156462 34.32325465 27.41969221
  22.98863438 21.95686923 22.08468078 23.93900291 26.12534461 26.09343078
  28.79722488 28.37317437 20.77968274 19.46633072 17.10023956]
 [ 1.99927422  2.89090471  0.65215212  2.78288098  1.38516351  5.13975048
   5.45446039  5.83453949  6.01853992  9.46322039  6.93813692 11.6161917
   8.41868708 13.96581444  7.35330777 12.60174147  8.36702279  2.98715278
  13.56590768  7.27287796  1.0229513   4.54424225  4.54890774  9.9425551
   4.76822355  5.92078979  6.06374376  1.93083732 12.20458035 10.54789054
  10.55794614 12.83406391  1.32503273  1.10085458  8.97198751]]