[[11.81280557 12.34102699  8.7577868  14.23694721 27.49429207 35.40188676
  39.59266713 49.44094403 46.46030132 52.54072153 13.73025652 17.9143394
  24.28672102 34.43888678 43.63400081 55.95780641 14.69719898  3.12656144
  51.14377118 48.59902582 11.91792602 24.65928858 34.17406834 46.83977763
  11.21278877 11.7129326  12.77592499 16.15458641 14.50264203  5.11752301
  39.54784311 46.67774234  1.96629208  2.22466065 10.71818347]
 [ 1.78486635  1.35731593  2.42071526  2.19035308  7.21539937  5.17604981
  15.41168815  9.53076183 22.53080455 15.51335579  3.46127262  3.5082684
  29.79530376 17.88648339 18.59612516 11.77108172  4.21650207  6.68662049
  10.72238322 16.35122178  3.77631834  3.84525001 18.42904847  8.31458861
   3.33395926  1.99101618  1.68927783  2.25435343  8.09724815  7.33810924
  18.96557906 11.0357861   0.564388    0.54761617  8.98675242]
 [10.99844069 10.29855598 11.93430489 12.08757332 21.07360851 28.78525028
  40.37395411 40.44490963 62.17613203 62.34680219 17.84228945 20.57162939
  32.79601148 42.84175798 49.62193754 53.79733398 21.02654606 54.27747708
  54.94145748 59.00149174 19.78063881 22.77713067 37.90860352 48.05727505
  14.11533414 10.29518074 11.72421392 13.77884345 27.97476986 26.16103908
  51.03996437 48.95414728  1.21350156  5.75634566 11.76479259]
 [23.02749915 22.96008479 18.23459501 18.74849789 37.50769813 30.83182832
  57.82259786 56.27300221 60.55835903 60.42693299 34.61719501 20.25680506
  40.5404013  40.71071903 58.34663213 57.83350766 39.22126915 46.14316088
  57.15238068 60.07369621 34.45202434 30.05275262 48.03323419 50.13586131
  23.02151553 23.87927022 26.39936386 31.52030653 43.00922698 32.07524181
  53.04247608 53.45160394  5.89973304  4.2612392   6.77803221]
 [10.12634924 11.68790274  7.53301094  9.4576037  18.38745888 14.26432105
  41.28856223 53.53076142 54.03386928 58.1160778  15.8400891  15.07938732
  23.49005227 24.49830793 46.76028483 50.97726198 24.06337873 27.53997023
  48.47919107 55.43073445 14.22139816 14.71580383 32.48127445 25.78305324
  13.26079704 14.11466274 14.71028715 20.44790187 20.21697371 20.7338326
  43.94439286 38.07888482  4.27591893  3.15707678 10.97767468]
 [ 3.8253441   2.16929606  2.6192666   6.04011628 10.04649851 21.62359683
  27.33366609 46.2543654  38.99821161 33.34666098  7.69261436  9.28856112
  25.84659612 31.29752397 30.08215696 32.23211466  9.00855503 10.32307184
  23.44421871 32.62987702  7.54641104 15.12185312 20.9578797  34.37132154
   1.94770555  2.81438542  4.12817452  5.28475401 13.02344626 12.53993896
  24.55017059 19.91767411  0.32930533  0.83406609 19.52089124]
 [ 8.81231451  7.74464042  6.42216283  5.55037356 22.80870521 22.41153374
  39.83096374 44.90122018 53.09230181 57.5578158  13.76454877 11.07371487
  18.41342158 14.33746192 43.9548886  48.16726388 14.33882123 22.74064967
  57.02879277 56.96794154  6.62749259 11.64690209 30.68964068 28.3196765
  11.18611577  8.78203238  8.89692999 13.58017883 14.65939429 16.10533903
  37.74942359 42.90320865  1.13691972  2.75164434  3.40236843]
 [10.47151284 10.6170127  10.56517852 10.25659537 19.28225478 16.77142411
  44.16442771 44.48403757 50.66669811 42.52588213 15.44144344 14.83073857
  18.12482674 21.84766885 47.05901156 44.62592017 15.63802403 26.25716634
  43.94014747 44.99995259 16.76044379 13.9277283  36.51060809 30.79999269
  12.82695523 12.15867389 10.75885461 13.98310475 17.70965184 14.77125801
  40.87222617 35.26503129  6.01439255  3.61437456  8.77679539]
 [16.25627879 16.51892133 27.33379279 21.49509976 43.12822152 45.62508849
  62.49897276 69.35658003 72.45203693 67.90013055 25.68738724 20.82146826
  36.72381639 35.15942075 53.86771292 57.57993088 16.42082341  9.34069837
  48.6725992  66.49361799 29.47187053 24.95835175 46.37064431 52.25830568
  20.73049621 19.8854516  17.11982389 21.79982271 19.84261477 17.98256082
  38.49502693 42.60861315  4.27404884  9.57406699 10.32775365]
 [ 2.26278762  2.62570174  9.40873583  2.37024872 16.67942071 14.610889
  40.12718476  7.60075192 47.44861797 12.98353543  8.37119784  0.33018993
  17.98785397 14.29779073 47.03915316 41.59359622 13.1925281   4.53807926
  26.05304932  8.72183532  1.84961454  0.9733691   6.84363914  6.10037783
   8.59898898  0.89691439  3.90859018  9.97661818 16.78315631  2.69806112
  43.20913386 37.87315842  1.02090401  1.83527508 10.00634835]
 [23.71822572 21.95053799 20.30154496 18.01135321 35.75346276 39.14418169
  70.78706662 68.17751796 75.9166362  73.92545689 18.15733725 13.73541766
  41.31104879 31.14364406 63.73521229 64.50669937 19.78098692 65.61790785
  59.23117996 73.36603072 30.12382874 26.07179413 54.76166954 48.70417685
  22.4871485  19.39367377 22.84667219 18.54217506 23.66902318 24.34401405
  51.75838479 38.24464773  4.13667139  4.3709913  14.50749039]
 [14.38546774 13.71640487 14.89908886 13.42132085 20.70612183 20.54890818
  47.80094076 40.20484952 65.00960257 64.00053643 16.11087455 16.73131581
  15.44440849 21.45230784 39.73830179 40.81657311 12.54314059 26.45603687
  49.24074912 65.67529449 17.42909915 19.05752248 28.3866467  18.80716412
  16.08765131 15.12611253 14.20956036 15.26001185 19.71341934 10.46387654
  30.92194393 29.88305672  4.73143738  5.00955617  9.11246145]
 [11.10381269 12.4667939  10.43100559 10.15610445 17.96580372 18.82127803
  33.31195662 26.17238126 29.27848561 24.1238925  14.7724944  15.26772717
  20.48292115 18.18654286 30.36816321 24.66216017 17.80026063 13.30556574
  21.12738285 22.47382686 15.61010645 14.1984545  23.45878932 21.61367413
  12.07587375 14.81061538 13.10292622 17.34290899 15.46736448 16.93823424
  22.79727555 21.07130527  3.70996683  2.30591374  5.44265629]
 [17.2869194  16.13746892 16.4166441  15.94146792 22.594112   21.86177236
  47.26788229 43.07627163 49.36700294 50.89937669 17.0863938  19.44723577
  35.35649377 27.94971691 41.43483939 49.96696073 18.30886977 21.55213619
  41.44464028 46.17525144 19.47627853 19.74360249 38.90289639 33.45943676
  17.69763041 18.16232309 17.37200629 18.46619846 17.58673841 20.3245399
  42.43298491 47.81475393  5.41409538  6.75512456 15.15507947]
 [31.46093933 22.77874457 31.39927007 32.80161761 45.88818961 43.82396466
  57.83096389 56.38860486 68.75839941 69.94740137 41.33049318 38.13693886
  51.06504896 43.85949163 62.25003333 64.26191799 44.52392353 59.60724654
  67.04666356 70.06922534 36.46518154 39.44154502 54.05334468 51.97346787
  34.0263296  26.72487503 26.04622184 24.1737964  39.46592671 43.10004988
  61.92068743 58.24942101  5.90975593  7.90589216  5.96559712]
 [ 2.53207642  2.98551837  4.97948622  3.93073245  4.84506391 10.81557676
  11.64140413 16.12132802 22.30753452 19.96731216  3.07712555  3.18199195
   4.00742909  8.70597438 12.43615435 22.43600929  4.56800499  7.479885
  12.20060546 19.9605021   6.19630342  3.40623475 10.3272717  11.70627232
   3.25050069  2.91034256  2.87127327  1.89328353  6.81866922  4.11978353
  12.77572338 16.89175448  1.91315107  0.95038696  6.04004517]
 [ 4.1580092   4.65239693  5.1846395   6.99372476 10.57571159 12.54417221
  12.86072389 13.11126147 12.35495193 12.44543367  8.21807624  6.83352491
  12.9908342  17.81755086 16.26510531 17.11227509  6.84421382  5.95530298
  14.76436091 11.84871365  7.93902252 10.07852212 14.84086232 17.46288424
   6.15795975  5.92373209  4.56816619  6.13367079  8.04373967  8.74719214
  20.05422691 17.22524219  1.78743232  2.61849594  6.73902942]
 [ 9.71512202 12.11131029  6.06906248  5.25016287 14.94440419 21.41110475
  28.70043438 43.13728771 35.14310341 41.53917516 11.29337382 11.44228219
  20.13563367 32.50665376 30.52599657 42.78039131 19.52446183 15.00783165
  26.50733637 33.81474273 10.1751191  12.37880664 23.88197615 36.32405122
  10.40495867 10.51646546 13.10194896 16.16594638 15.64476985 18.58371179
  31.87799007 39.74409056  3.25715294  0.99378039  9.68149695]
 [ 6.47578491  6.08329214  9.09861769  7.07577907 15.814245   13.3142488
  13.85618644 13.66291612  8.39066186  9.02377114  8.41906884  6.66791858
  17.53320525 18.19554379 14.60235845 14.75497381  7.30432021 11.71859964
  13.43198916  8.39815055 12.22842533  9.5214748  18.1050251  15.48278468
   7.11774725  6.36940491  6.40393903  6.84508284  9.01032954  9.41454328
  15.96683376 17.42030759  7.15781279  6.84776534  5.94818131]
 [ 0.70842896  1.00153176  0.29586533  1.1639468   0.77130117  2.27914875
   3.67319868  3.17588816  4.22311963  5.45934748  2.63125601  4.58000648
   5.52666346  8.61885349  6.05224917  9.08623323  3.10220345  1.63674406
  12.59385941  4.29012632  0.47106093  2.03170934  3.09637018  5.4830934
   1.86348993  2.26097506  2.14865818  0.73051994  4.6368096   4.25428854
   8.80512746  9.6654788   0.61634202  0.49106453  8.8616122 ]]