[[ 1.76186139  1.19909831  2.23901448  1.63566605  7.40862357  1.80621145
   4.86654439  4.52316884  4.75678937  4.73870859  4.57483784  4.51187779
   6.57652434  8.22640367  6.1267855   6.2106151   2.7666432   1.36765203
   6.24663713  4.64091501  1.86937689  4.49029129  5.74230075  5.37456901
   1.00866796  0.95393364  1.57743206  4.04172008  7.05465788  5.85951072
   6.91221142  7.28219321  0.59743135  0.64346717  3.58896891]
 [ 8.63794246  6.97706644  3.85969947  3.3460664   4.96137735  8.81413492
   5.41104744  4.71570341  4.9447985   6.51813599  6.745384   10.86360921
   4.29937524  6.87940698  5.65333866  5.70317082  5.72797653  3.44091095
   5.41358669  5.70451194  4.97532891  6.83138702  4.96702029  5.32733702
  10.31923721  6.34460739  8.40515962  6.98845217  7.38251243 10.42992305
   5.45618006  5.75291305  4.11859352  7.28233153 15.11882853]
 [27.55362456 38.98840334 18.10695701 54.32482732 21.54615456 17.94873864
  20.77263646 16.71083613 16.69258574 17.44126036 25.33136887 34.33521427
  25.04972691 33.39598066 24.7138915  19.97239932 23.94053086 18.57595786
  24.93253154 17.30328759 22.01430774 57.20140487 23.98084232 18.56408048
  36.64754092 52.81095568 31.51858588 27.57853792 23.98751606 36.29187086
  25.08750297 21.9615867  26.95363163 40.04232687  9.558608  ]
 [44.20821579 37.4111049  20.67774795 11.65220374 30.2161629  33.50508933
  17.68391299 13.47608374 15.04444943 16.12756487 41.10290705 37.90104125
  21.14680423 15.91205538 15.08920495 13.46990224 33.51025861 29.02228923
  13.94919845 16.44469757 20.28820788 24.77705023 17.65841345 16.42445167
  40.54218321 33.46129644 31.76584723 38.9079295  32.86770917 30.18368999
  13.9503189  15.61674805 26.29609331 18.91846258 17.55415327]
 [26.51972341 27.36270988 24.02779595 21.78327042 23.69415206 15.81538808
  20.15991094 16.74358684 22.21850391 20.35436578 24.95415278 32.31956328
  26.40079386 26.01282628 22.25911744 18.81773696 20.53866099 21.11271556
  21.99164936 21.13454997 19.75271744 21.64614556 21.72550248 17.2802284
  32.1599319  42.27783937 25.17988564 23.58697386 21.5528773  36.35891538
  26.27588543 19.15320731 25.12018918 18.43052442 13.59391693]
 [15.69454099 21.58239812 14.43749215 22.16983273 17.05497491 10.01242841
   9.38029181 10.34709626  9.84482259 10.74244642 18.01932544 12.78942096
  23.86065756  9.99298649 10.13828428  9.90977242  9.71669829 13.59194112
   9.02306064 10.24079135 13.12377727 11.14394402 14.83965654  9.92299009
  25.64869705  9.84187388  3.41723678 13.49144782 10.27650521  9.89682414
  11.32588118  9.22949763 12.50262341 15.86817852 14.8436685 ]
 [ 9.35818633  4.37628142  4.22870108  3.75949458  9.68691507 11.76966702
  10.00481202 11.70902411  9.15168259 10.03703913 13.32337475 11.274635
  14.31407552 15.31501229 10.56005304 12.25888979 14.20625489 11.94151266
  10.15119876 10.15038682  2.43403515 10.35488078 10.60717273 13.21054541
   3.33228734  4.6756103   6.69686596  9.9919859  16.74047392 17.9095823
  12.92090899 14.32021944  2.08093091  3.11534818  9.53815439]
 [ 9.35295769 10.10618729  6.65632568  6.6654423  13.01846145 15.65408537
  18.17273487 16.75757211 13.33214462 14.88183748  9.07660437 12.6241187
  12.21266155 11.37400903 12.92561148 10.62956094  8.3209789   8.07787506
  10.41350906 13.17504987 10.01952566  8.58335466 13.17535033 14.65707434
   9.0076585  12.62090635  9.20927302  6.95052228  8.18144868  8.19327175
  12.14580644  9.47299782  7.82125182  6.8477911  11.42798878]
 [ 2.3227438   3.14803473  4.37101085  5.4583572   9.63934638  6.62019964
   7.24105585  5.56447432  6.18954018  6.28044991  3.26438493  5.01867425
  10.99573993 11.30150094  8.3583693   6.85108818  3.25058459  3.57731319
   6.192489    6.33453787  5.76342985  6.455776    9.37927119  7.63640751
   2.92413427  3.7636125   2.66374274  2.78519897  5.43437437  7.2249067
   9.2256936   7.36735472  2.28363937  1.74363418  6.12278575]
 [ 9.77646737  2.64295983  5.44004975  2.41502917  3.12195681  1.59069194
   2.64109575  1.70007281  3.09830449  1.70469575  3.50786602  0.9136722
   4.46465564  1.822088    3.50213465  4.23056705  4.50112374  0.85574803
   3.09367913  1.66004938  1.35002826  1.91804224  1.4918069   1.85838663
  13.89882446  1.18450582  3.71175736  2.38884534  5.63354624  2.34298737
  11.70453245  5.00523937  2.1694749   1.24476951 11.74105837]
 [ 7.89661532  9.02941328  9.54184727  8.41372146  9.56592749 10.00822084
   9.24751625 13.17855135 14.30597483 14.11542713 11.33908215 14.65704801
  19.5152054  17.57002618 14.32283992 15.52037798 12.10703936  7.15783787
  16.46549959 13.99118867 11.31720769 11.40434063 12.29611709 13.52558786
  10.42385796 11.80349977  8.76541302  9.39664023 14.01496855 16.90030766
  18.68552197 16.92216837  3.74981696  2.79236896 12.39487407]
 [ 9.1972137  11.69068081  1.8208147   1.85489108 12.86930174 12.01710838
  13.36691976 11.25571717 13.75550435 12.32540832  6.13627542  7.01475416
  10.41650401 11.6654053  15.07176066 12.75754114  8.68593232  5.51988337
  14.22066208 13.70663763  5.06075675  5.39759863 10.60410596 11.69902898
   6.55890109 10.01781152  8.54366901  8.96389515  8.52985741  9.76038403
  16.13870676 13.37225309  5.81061792  3.1939588  12.77579145]
 [10.09402628 11.35988472 13.09185171 22.68418423 10.95701185 24.53896747
  27.14417127 24.83642044 27.29024395 27.00113195 17.11802788 25.57414671
  27.59573594 29.82873872 27.06001623 25.23704653 19.88105055 20.92779891
  25.61958829 27.02907389 25.58090825 30.0892326  29.90348917 26.11635928
  10.11883325 19.0977885  10.33902023 13.98109563 22.0772315  28.62218721
  29.44550529 26.63674901  6.66517069  2.45261971 13.0265428 ]
 [ 2.14964705  2.31693361  3.48400725  4.13894354  6.83635319  8.46272301
   6.80840284  7.59786259  7.71945527  7.88057133  3.64838632  4.75310322
  10.56268653 10.98237332  7.39938141  9.57723576  3.17466077  6.45333489
   7.74429336  7.6394516   5.77725392  8.1571195   7.6266129   9.54165885
   2.48317893  2.94200416  2.38230084  2.62259711  5.68196803  5.99542456
   7.48201265 10.01605106  2.13947963  2.15097212 13.70270152]
 [ 3.43124275  5.61664631  3.89455532  4.5410431   9.33513096  9.72435383
   8.21673239  7.42603308  8.28473951  7.88615176  8.65693468  9.38773105
  11.71744648 13.4144534   8.34797111  6.89989864  8.6740488   5.82516205
   6.88499704  8.71508294  7.72699403  9.22122457  9.70774371  9.64866291
   1.78539767  4.33793444  3.03726494  2.23417364 10.32236696 12.25727757
   8.91514069  8.33872627  2.96315918  3.62203437 14.20814735]
 [ 7.35980839  6.92198994 10.06602732  6.35216227 12.58368576 12.70116536
  11.03152929 11.43846464 10.48682652 10.75117004 10.6750569   9.47908655
  13.83244718 21.7439271   9.95830695 10.42873923  7.69538572  8.23141603
   9.03041851  9.96657557  9.87467435 11.40643402 11.72273527  4.98794295
   6.92675306  6.65531277  7.12687466  7.27021791  8.953343   13.67198509
   9.82300029 10.31414243  4.9186812   6.62845497 10.08344107]
 [14.08373786 27.63525742 18.55194446 19.59160785 22.399333   24.60201633
  10.97879001 12.56936359 12.88204249 13.9288     32.77800479 36.38839626
  13.02013419 20.39771625  9.97118275 16.33737567 11.84181971 24.22552211
  10.38911855 14.23571657 31.55288669 24.1809284  15.2359347  21.11615319
  45.98099465 37.94134197 20.23430128 19.20336287 14.82353815 16.82748896
  10.16376908 13.19867297 32.69465291 11.63473799 15.24970533]
 [ 6.61315653  6.55909133  6.55577655  7.37854205  8.18357252  9.16030359
  10.36222013 12.6798161  12.97432006 15.04740883  8.85265237 10.28238148
  10.10946266  9.47679185 11.5542761  12.53934514  8.33943481  7.36273212
  10.71970602 13.67297339  8.87809082  9.21862757 10.24858861 10.74821613
   6.67592373  7.81235296  6.69086086  7.47096102 10.06099328 11.00479168
  11.2685195  10.14411227  6.76749049  7.82832567  6.97575741]
 [ 7.62187304 10.39590081  6.71508309  6.43383457  7.45136607  9.32112688
   5.82192187  6.04225497  5.80396059  5.87025037  6.45192139 10.24823128
   6.7776352   9.1450874   5.70098119  6.31172946  5.67438105  8.61033501
   6.27526799  5.90344124  8.88228898  8.56299174  5.25383184  5.93103455
   5.75330673 11.16419382  7.6693361   6.19204942  6.17356995  7.30926458
   6.96145104  6.20512729 10.68151592  5.09696562 10.70855947]
 [ 0.62339241  1.53428081  0.12872731  0.31849958  0.37397671  0.84157368
   3.17466779  2.13098083  3.12849388  2.48116456  0.68660906  1.24704934
   1.38923857  6.64261032  3.64668258  2.10599037  0.34307432  0.76149291
   3.65767359  2.44423437  0.18557157  0.37175914  3.1575343   0.81068981
   0.06717142  0.15702199  3.47486842  0.38034306  0.9400028   0.83086592
   4.37582901  3.90626263  0.21816398  0.43842805 11.42380921]]