[[ 3.25744624  1.83436492  6.10060808  5.02082949 10.25839351  3.40987592
  10.48074466  8.141832    6.83275851  7.34553646  7.80547011  8.66692815
   7.19844186 14.6247302   8.14264365  8.62690372  5.57140211  2.64329861
   8.20379218  6.83015659  2.9697033  10.12517706  9.89133377  9.71505018
   2.44081359  2.42319827  2.76366171  7.66163436 13.24672228 10.69507587
  10.10358071 11.58031962  2.40056309  3.32306143  6.19289086]
 [ 9.67576423  7.98104031  6.25854704  5.09424715  9.5641625  12.49003177
  12.57169701 12.45126204 10.80629357 11.34414233  7.52715231  6.20580443
  12.16102973 15.51140859 13.15519113 16.29157819  9.41228779  6.27064056
  14.33537853 11.22159954  7.90688326  7.89227928 11.8829747  17.07653637
   8.19464549  4.74043423  8.30034942  6.79681963 16.25290232 11.74100113
  13.43678035 17.61598444  3.75206604  7.41701475  7.4553597 ]
 [ 6.30262395  4.54457347  9.72533848  2.91842428 14.49072415 11.32970458
  15.43504117  9.95273341  9.40158064  9.12770406  8.0769659   8.05110043
  11.51343263  7.66812133 10.08579611  8.46345927  8.96445347  5.6827115
   9.37580876  9.41672344 13.14702251  2.26302992 12.9589785   9.09557506
   5.48491507  3.3675922   5.88447774  6.33853184 10.49056165  9.05413165
   8.38195384  8.81746986  4.6593192   2.52315233  5.74595943]
 [ 3.5083829   4.56376055  8.52866355  6.57444852 10.88972645  7.30860387
  12.13972607  9.92216403  9.49529049  9.62649342  5.71930963  5.25613878
  14.91654325 11.01312843 12.06436105  9.95557352  6.85806862  7.55636218
  13.31873435 10.12097573 13.16137721 10.89787825 14.69780947 10.12372686
   3.63490797  4.47526412  4.93118574  3.84535444  8.10310776  9.16292758
  12.5458923  12.11420053  2.68896915  2.5871688  10.75146928]
 [ 4.49447208  6.08538277  5.36226129  6.16247946 12.8825599  15.84808631
  22.04638836 20.90135276 19.77120529 18.9289827   8.03668439  4.91679235
  10.47860201 13.21429314 20.02272606 18.61269557  8.70540781 15.08997141
  19.35404994 19.19923412 10.68116377  9.85316449 17.43936838 18.95254224
   4.36605195  3.18447102  5.34272376  6.40506913 11.3394991   6.5164647
  16.02667488 16.18546274  4.17455302  5.23041943  5.34287216]
 [11.97812614  8.55015958  9.39118811 10.49223923 12.25870898 19.5818505
  17.95688514 17.08101416 14.26018934 14.77535151  8.20196049 14.01698383
  10.35734338 14.74269801 14.49593377 14.02203885 14.52175829  8.00861654
  12.99117795 14.71365889  5.6561635  16.86831146 15.3018496  16.81205642
   5.00545619  6.88269445  3.85927512 11.9584419  13.35449873 15.88775265
  14.16397553 12.69068589  2.19281066  1.88805446 13.03275991]
 [12.28140562  5.56533257  6.12222382  4.5366042  11.27200723 12.45328946
  12.71799791 13.21442279  8.31969755  8.81363918 12.88769561 10.42362118
  12.14114036 11.61852215 12.62730565 11.49352457 18.77499331 10.85167345
  13.15544391  8.49743554  3.11042516  9.85576599 13.09818243 13.06262208
   6.52249792  5.37413901  8.52121362 13.2279946  15.31083828 16.47147416
  12.94310696 12.20029783  4.21248637  3.71056233 10.15219413]
 [10.46679271 10.60604261 10.02707765 13.99407662 16.70878028 10.61844122
  14.41219854 14.3148255  14.09593168 12.32432256 11.32215018 12.72138455
  16.29150764 16.25598416 16.01054842 13.23743411 12.32119331  6.22964907
  14.59217956 13.17362238 15.41438246 16.21495788 17.9457249  15.51220184
  10.43483182 10.02259594 10.00787703  8.43189774 13.51203761 14.51160927
  14.01263049 13.87051824 10.14406225  7.71198042  4.80491066]
 [ 5.71036639  6.5523084   6.84218843 10.28500433 15.77189226 12.46287318
  12.57720487 10.55590105  9.15187657  8.63016761  5.87514075  8.70635117
  14.28254741 13.63486827  8.96388096  8.32002271  6.47151658  7.99762532
   6.8403668   9.48080573  9.36752845 10.93524308 13.54682909 11.30335505
   5.25416277  7.90168756  6.33277579  6.13486316  7.79128406  8.88733273
   9.37328209  7.96761608  5.92217476  5.66449448  8.15521076]
 [ 1.62669706  1.38259604  2.12650994  1.5488096   1.9338963   1.026593
   1.55309504  1.11881256  1.9090417   1.18403363  1.3275721   0.70161828
   3.53250059  1.69358987  2.51017704  3.47787571  2.67177551  0.57431445
   2.42491426  1.12476314  0.7756665   1.06316805  1.00223269  1.09618559
   1.63874697  0.87568313  1.87537849  1.09911446  4.12403612  1.60027391
   9.44607351  6.49454436  0.87511114  0.75284418  5.41437045]
 [12.68386708 13.03651574 14.46438542 12.53191614 12.55659359 14.07017007
   9.92640359 11.8372393  12.08571646 12.29580974 13.10285854 14.20034614
   9.20785957 12.79767551 10.84887155 12.90909426 16.24175049 10.17935995
  12.32237003 12.62124065 13.49066017 14.63452876 11.36198667 13.82606915
  14.12865673 12.34857675 12.65009932 14.67721416 13.38589673 14.54864982
  11.48588153 11.82254412  2.32215371  2.99534798  9.91110409]
 [ 8.43181194  9.45735023  4.88315049  5.24729638 11.15645329  8.87256895
  23.01572771 18.96280277 22.90135878 22.6312701  10.79112746 11.26328721
  15.89762649 12.52374825 24.35794166 21.25942723 17.2893778  10.18877503
  24.78739667 25.81275808  8.05947999  7.39542243 17.25452781 11.91701481
   6.93496555  9.31956739  7.5055919  12.44236505 20.93750087 18.75188251
  25.89716932 22.1318373   6.30844067  3.89269432  7.09825747]
 [ 4.7230197   5.64959761  5.40410373  8.63150226  4.82914519  9.31902707
  10.91220093  9.60954293  9.65325942  9.10570232  5.86637137  8.49282734
   9.32826371  8.70635272  9.80820723  8.48478435  7.6727123   7.88336042
   9.94864888  9.73692608  7.67825125  9.00583371 11.56718279  8.91869669
   4.05393293  7.37880784  4.84384273  5.88674876  7.81863581  9.26245274
   9.33037882  8.60904379  2.60624658  1.29228955  4.40469159]
 [ 5.09157196  5.24542062 20.17307837 15.36441145 37.77995407 39.44527987
  31.75201332 33.2236587  29.84979792 29.56489743 20.81080223 17.91847581
  32.89576114 37.85169495 31.13449042 29.22587503 17.43518984 37.15937754
  37.4648551  30.96461662 33.28962645 36.13782219 32.64676504 35.5386298
   9.19487874  8.19687329  5.81768044 11.13072005 27.32895879 28.23936778
  35.78535147 29.02764468  3.80031929  4.03455994 22.25470427]
 [ 5.98613719  6.42647832  7.24474435  6.27799688 12.33333874 11.12117989
   8.19559089  7.79996729  5.21828178  5.82106403 11.44477153  7.97371582
  10.39391518 10.66789279  6.26398847  6.34924444  9.35724613  6.88949361
   5.07123142  5.43373343 12.71720408 10.7938537   9.12581196  9.03363048
   3.00093056  4.55015506  4.20944102  2.8496595  12.0581021   9.47942098
   6.21715093  7.14664708  5.17859464  3.90060756 11.76052432]
 [11.10708924 10.61939864 14.45124934  9.89263467  9.56867628  7.15422539
  16.01281193 13.01802058 10.86662564 10.92826927 14.02344033 12.87712297
  11.82003423 10.31670608 13.80126019 11.71162431 16.44658508 11.19126607
  13.23260237 11.13436261 10.7597519   5.19065386 16.7441595   5.42107005
  11.65270253 10.02426591 10.34213328 12.85460633 14.97687248 16.92645979
  14.49192298 13.73584963  6.11304325  6.39661535  9.56051652]
 [11.87447004  8.61294106 13.63892912 15.09660941 14.77943174 17.42381402
  21.85438928 19.64890708 19.24740579 18.19402501  9.60446351  7.99147487
  13.24945662 16.04377064 20.68040227 17.75521385 14.61902817 15.18902743
  17.6154837  18.01237271 10.11080237 14.71085485 17.70588848 17.5401468
   5.20541895  5.5336595   9.30165477 13.55001613 13.34249067 15.39754706
  14.77751932 14.41143192  7.44809589  7.10292463  6.09660309]
 [16.99208875 14.73752725 30.27038586 27.58262202 36.82747102 31.8103126
  34.70187199 29.87416816 29.5677329  26.56027718 28.17092199 27.27114559
  33.71097433 28.83022737 29.43071269 24.30049797 26.35874723 31.62425568
  24.41295697 28.80930895 34.87423763 32.5199552  33.15496367 29.40373375
  20.53502522 21.51342589 16.50804045 21.44308069 28.85472147 30.41716229
  25.61356023 22.81781051 12.67895927 14.97770119  8.79900484]
 [ 7.64890342  7.20760219 11.4055281  16.87087486 30.1973238  24.3532656
  34.63449037 23.95046432 22.19438102 19.06859217 15.09397176 17.18416437
  33.20959225 27.54588072 30.15924254 21.2826245  31.24285955 13.40036727
  20.36183042 20.34863418 21.05221986 25.13477897 39.06880216 26.62028469
   8.35405863 12.62835048  7.46602278 17.641033   20.92775797 31.03382858
  29.37848729 18.02046733  6.53699057  4.77227462  9.13943731]
 [ 0.76189439  1.13183674  0.21743286  0.44725813  0.18625383  0.49903654
   1.46904132  1.56109896  1.81125979  1.93877875  1.07307425  1.65156718
   1.0095741   4.00055366  1.91519072  1.9463467   0.62466565  0.37122052
   3.35936231  1.61856592  0.14753482  0.40788913  1.8019803   0.55804061
   0.1055943   0.13843506  2.68811799  0.59900689  1.47208075  1.13452911
   3.08303233  3.51049845  0.37731904  0.48720133  4.01550222]]