[[5.29824978e-01 6.55213903e-01 8.13099919e-01 7.80856655e-01
  3.61936463e+00 6.45289485e-01 8.69398520e-01 5.93474168e-01
  5.29804496e-01 6.70782728e-01 1.86357438e+00 1.80326749e+00
  5.02973141e+00 2.63619393e+00 1.42007458e+00 9.09968201e-01
  9.43899637e-01 4.77784727e-01 9.67475608e-01 6.09261157e-01
  1.16453928e+00 1.89613600e+00 1.76660946e+00 1.17152110e+00
  3.35676661e-01 4.38743597e-01 5.65554620e-01 1.32049927e+00
  2.36157378e+00 2.08567917e+00 1.74050312e+00 1.50341026e+00
  3.03920620e-01 2.51541492e-01 2.04078802e+00]
 [6.07148831e+00 4.82981094e+00 1.89958690e+00 2.14257884e+00
  2.62061830e+00 6.24771346e+00 1.72554553e+00 1.85329244e+00
  1.81249599e+00 4.09821849e+00 4.40165108e+00 7.48698630e+00
  1.17096686e+00 2.81865050e+00 1.65233337e+00 2.04219096e+00
  3.82028493e+00 2.24231368e+00 2.09651984e+00 3.05764263e+00
  2.69258960e+00 4.07103539e+00 1.50763548e+00 1.59579717e+00
  7.09437213e+00 4.13388631e+00 5.85898966e+00 4.75984875e+00
  3.70401024e+00 5.68571450e+00 1.75947592e+00 2.02265215e+00
  3.06469474e+00 4.55668723e+00 9.98022311e+00]
 [1.33729582e+01 1.93878610e+01 7.60375942e+00 2.81064803e+01
  4.87800357e+00 3.56731816e+00 3.74895650e+00 3.07042539e+00
  2.94863022e+00 3.31925118e+00 1.19622903e+01 1.73802644e+01
  4.12766542e+00 1.05265115e+01 4.00670763e+00 3.22523110e+00
  1.34755156e+01 8.29489524e+00 4.14102033e+00 3.31232824e+00
  6.89014405e+00 3.07779952e+01 4.05424224e+00 3.02274921e+00
  1.92464927e+01 2.49607411e+01 1.51202415e+01 1.59482215e+01
  6.85706196e+00 1.16942971e+01 3.74241089e+00 3.65631753e+00
  1.73495254e+01 2.06507215e+01 7.73394104e+00]
 [2.88163553e+01 2.30824615e+01 9.59530679e+00 4.63488091e+00
  1.66893911e+01 1.86113312e+01 5.72554843e+00 3.00669241e+00
  3.69052413e+00 3.69490019e+00 1.99679582e+01 2.81117342e+01
  7.28607661e+00 4.07433455e+00 3.37877861e+00 2.73194690e+00
  1.76599686e+01 1.50622812e+01 3.32266526e+00 4.18432848e+00
  8.96466135e+00 9.76928740e+00 7.12181250e+00 6.30892340e+00
  2.33841572e+01 2.39935208e+01 2.02581228e+01 2.50543271e+01
  1.37848579e+01 1.44472459e+01 3.19446475e+00 3.85758780e+00
  1.82249577e+01 1.39931166e+01 8.41019309e+00]
 [1.88196245e+01 1.92309175e+01 1.40667062e+01 1.19880694e+01
  1.52932432e+01 4.81087682e+00 5.13736128e+00 3.39484743e+00
  9.12982187e+00 6.22260990e+00 1.40135856e+01 2.45458005e+01
  1.32662803e+01 9.53925530e+00 5.33839030e+00 3.43176541e+00
  1.24042839e+01 8.53891105e+00 5.30647788e+00 7.68052092e+00
  9.30707497e+00 1.26881681e+01 9.01662898e+00 3.13127588e+00
  2.16415008e+01 2.67218023e+01 1.81030486e+01 1.64817018e+01
  7.81833915e+00 2.14910247e+01 6.13257720e+00 3.22326905e+00
  2.07418063e+01 1.23528001e+01 5.76401115e+00]
 [1.77215879e+01 2.94026213e+01 1.49937869e+01 2.40107953e+01
  1.32509013e+01 4.40828148e+00 4.01953454e+00 3.10261691e+00
  3.57541318e+00 4.75948957e+00 2.06839665e+01 1.11913502e+01
  1.97113308e+01 3.44352411e+00 3.63488565e+00 2.92727902e+00
  7.08612713e+00 1.17856920e+01 2.57034381e+00 4.09376517e+00
  1.53053608e+01 7.16890439e+00 1.07156276e+01 3.26997512e+00
  3.37942286e+01 9.47276509e+00 3.42143506e+00 1.27349437e+01
  5.21925653e+00 4.77522907e+00 4.00420432e+00 3.13258904e+00
  1.80621783e+01 2.38631212e+01 8.05849512e+00]
 [1.63072730e+00 8.06976107e-01 9.09348251e-01 6.10821244e-01
  1.76736681e+00 1.45253968e+00 1.17124982e+00 1.37389733e+00
  1.26840137e+00 1.11307703e+00 1.52769417e+00 1.23535783e+00
  2.27656702e+00 1.82643300e+00 9.65913452e-01 1.00173137e+00
  1.69506807e+00 1.14256843e+00 8.14186693e-01 1.25339822e+00
  4.75405283e-01 1.34137725e+00 1.28617363e+00 1.32194734e+00
  5.51254175e-01 7.83812735e-01 1.29376644e+00 1.22569062e+00
  1.59680913e+00 2.01167690e+00 1.29298897e+00 1.30020547e+00
  9.94286794e-01 1.24386306e+00 3.00186127e+00]
 [6.37481292e+00 7.08177685e+00 4.35773840e+00 3.13182447e+00
  6.96956547e+00 1.19444992e+01 7.98166996e+00 6.83755961e+00
  5.20592124e+00 9.70520031e+00 5.72605897e+00 8.61341867e+00
  3.46372340e+00 3.87753573e+00 2.74706239e+00 3.42229492e+00
  5.04312415e+00 4.95050550e+00 2.86392796e+00 7.06751864e+00
  5.43516552e+00 3.79548463e+00 4.13322832e+00 7.22444579e+00
  5.93187801e+00 8.48232992e+00 6.27476315e+00 4.43745548e+00
  4.06122364e+00 3.94129955e+00 2.45802589e+00 3.00262522e+00
  5.08910194e+00 4.79578717e+00 7.97420079e+00]
 [1.54170543e+00 1.93798409e+00 2.16249441e+00 2.02822381e+00
  1.56048411e+00 9.75500385e-01 1.16092625e+00 9.53542437e-01
  1.30535429e+00 1.45639972e+00 1.44607100e+00 1.65983041e+00
  1.55990377e+00 2.14567838e+00 1.03854264e+00 1.01488546e+00
  1.50745510e+00 1.45184009e+00 9.28623322e-01 1.45459369e+00
  1.50367589e+00 1.39589460e+00 1.23499394e+00 1.14965399e+00
  1.73876938e+00 1.88674141e+00 1.71059424e+00 1.65438473e+00
  1.56568545e+00 1.57675883e+00 1.26918244e+00 1.21762233e+00
  1.60648038e+00 1.39001995e+00 2.75643016e+00]
 [6.69374357e+00 1.41307758e+00 2.60120679e+00 1.12409086e+00
  1.33784304e+00 7.89699205e-01 1.35556622e+00 7.94071992e-01
  1.49817273e+00 8.07252427e-01 1.75465294e+00 3.53754481e-01
  1.78090613e+00 7.50345582e-01 1.48553721e+00 1.66064445e+00
  1.77865029e+00 4.74887909e-01 1.13010660e+00 8.35227103e-01
  6.27491984e-01 8.29005768e-01 8.65971714e-01 8.30400591e-01
  9.06551093e+00 4.61824269e-01 1.86647562e+00 1.05448644e+00
  2.41838987e+00 7.67166766e-01 2.84563503e+00 1.54995069e+00
  1.25231882e+00 5.37018889e-01 7.65313205e-01]
 [2.16394766e+00 2.44778383e+00 2.20081972e+00 2.24590479e+00
  1.70141402e+00 2.36137959e+00 1.83798058e+00 4.87007176e+00
  4.92540846e+00 4.44011321e+00 2.15214160e+00 2.94688182e+00
  2.01203311e+00 2.75432508e+00 2.14008748e+00 2.29944935e+00
  2.01879073e+00 2.27835849e+00 2.20705839e+00 4.36296547e+00
  2.24041063e+00 2.77215822e+00 1.74046079e+00 2.19040949e+00
  2.68120874e+00 3.42350017e+00 2.83500720e+00 1.90277330e+00
  2.19040370e+00 2.98126405e+00 2.41856055e+00 2.58830432e+00
  1.82094223e+00 1.22257592e+00 4.55419034e+00]
 [5.89831862e+00 7.14866569e+00 9.07029061e-01 7.79920386e-01
  7.73611635e+00 7.60303255e+00 4.31464576e+00 4.00905154e+00
  3.45388359e+00 2.99084730e+00 2.59521283e+00 2.93412097e+00
  4.82087311e+00 4.62659140e+00 3.23994475e+00 2.99984567e+00
  3.43111514e+00 2.52947439e+00 2.75764865e+00 3.61590314e+00
  3.48876016e+00 3.22990108e+00 4.78206233e+00 8.95281033e+00
  3.77634615e+00 5.69063809e+00 5.58417893e+00 4.38033976e+00
  2.78434490e+00 3.12711569e+00 3.25781769e+00 2.85976475e+00
  3.47928124e+00 1.95423876e+00 5.85307113e+00]
 [2.68119676e+00 2.71918530e+00 2.72232248e+00 3.29537422e+00
  1.58238630e+00 2.89504471e+00 3.88120926e+00 3.60256436e+00
  5.94745111e+00 7.21966581e+00 2.52859246e+00 4.46895533e+00
  3.36138518e+00 3.58561492e+00 3.73250483e+00 3.35715887e+00
  3.19053841e+00 3.56847207e+00 3.33377689e+00 6.53888154e+00
  7.37118000e+00 4.13469992e+00 3.57692784e+00 3.09300339e+00
  2.36175332e+00 4.12159885e+00 2.65144201e+00 2.71008129e+00
  3.02273442e+00 4.15226040e+00 3.82833106e+00 3.45215211e+00
  2.36685026e+00 9.03250992e-01 6.42592709e+00]
 [1.00150622e+00 1.05110304e+00 6.57912133e-01 1.40410779e+00
  9.46773464e-01 1.00162888e+00 7.80705678e-01 7.35312228e-01
  1.02757029e+00 9.20765740e-01 7.22182216e-01 1.63375503e+00
  1.34979989e+00 1.73203892e+00 8.25709568e-01 1.10932059e+00
  9.52404355e-01 1.36165577e+00 8.87608413e-01 9.79842274e-01
  9.11689914e-01 1.45386609e+00 8.98691410e-01 1.25361102e+00
  9.22448553e-01 1.24484115e+00 1.10282278e+00 9.83037880e-01
  9.92357331e-01 1.49538931e+00 7.61090828e-01 1.33660210e+00
  1.11687720e+00 9.77787458e-01 4.89630393e+00]
 [1.12260395e+00 1.81957795e+00 8.00601914e-01 9.86772067e-01
  1.66663386e+00 1.52634296e+00 9.01837015e-01 8.53961804e-01
  1.23741600e+00 7.14091711e-01 1.60618101e+00 2.41614065e+00
  1.51144394e+00 1.82907092e+00 8.92141586e-01 6.70260941e-01
  1.60721874e+00 2.43771329e+00 7.33275785e-01 1.01453975e+00
  1.30583326e+00 1.45544023e+00 1.08858883e+00 1.23913194e+00
  4.60491979e-01 1.35380044e+00 9.68441280e-01 5.60311943e-01
  1.64666650e+00 2.04395562e+00 1.03125206e+00 1.03206386e+00
  1.11657229e+00 1.29150524e+00 5.33485397e+00]
 [3.41728593e+00 3.66619283e+00 5.89538027e+00 5.44066596e+00
  6.26337009e+00 1.69713617e+01 3.99131544e+00 3.73209067e+00
  1.93916842e+00 2.06487035e+00 8.05358127e+00 1.16678205e+01
  1.70193087e+01 2.61543770e+01 3.57476488e+00 3.35607726e+00
  3.79941940e+00 5.09403694e+00 2.68123823e+00 2.06581097e+00
  1.00739001e+01 1.55754637e+01 7.97006834e+00 4.99397710e+00
  3.43087613e+00 3.70284148e+00 3.57313548e+00 3.69873386e+00
  7.02465691e+00 1.17622597e+01 4.83889601e+00 4.91212583e+00
  2.73313827e+00 3.34887774e+00 4.36228108e+00]
 [9.07947760e+00 1.57100714e+01 1.01976146e+01 9.61543413e+00
  1.18400973e+01 7.60051794e+00 4.08005399e+00 2.65338590e+00
  5.95601303e+00 5.01311079e+00 1.86079337e+01 2.41867585e+01
  7.22420828e+00 3.70158002e+00 2.67572518e+00 2.48766914e+00
  5.80733027e+00 1.11135981e+01 2.40649977e+00 6.25290943e+00
  2.07984296e+01 1.34089777e+01 7.34264648e+00 3.52517736e+00
  2.88260316e+01 2.74910588e+01 1.26016207e+01 1.22112619e+01
  7.67658552e+00 7.28890807e+00 2.67880700e+00 2.32192448e+00
  2.16021743e+01 7.94546961e+00 9.26963125e+00]
 [1.57970625e+00 1.64212395e+00 1.31940749e+00 1.44005708e+00
  1.63460817e+00 3.27330499e+00 1.45461730e+00 2.27690794e+00
  1.87558987e+00 2.26863610e+00 1.64826614e+00 1.72038996e+00
  1.81758869e+00 2.00701384e+00 1.24325484e+00 1.79357538e+00
  1.53131146e+00 1.40327134e+00 1.08435416e+00 2.15958046e+00
  2.08145162e+00 1.66030899e+00 1.48689829e+00 3.16505441e+00
  1.48619903e+00 1.55710549e+00 1.62276627e+00 1.46735952e+00
  1.71249322e+00 1.98001814e+00 1.26067347e+00 1.38015539e+00
  1.96407287e+00 2.10014704e+00 3.35349756e+00]
 [4.40371290e+00 6.65552582e+00 4.50146026e+00 2.11364008e+00
  3.44691685e+00 4.00402633e+00 1.40828417e+00 1.70837371e+00
  1.13817457e+00 1.24334080e+00 2.32696000e+00 5.06043138e+00
  1.46319982e+00 1.93167847e+00 9.44819474e-01 1.06917478e+00
  2.23052061e+00 2.77460614e+00 1.01021268e+00 1.22227680e+00
  4.86698837e+00 2.05212671e+00 8.07338631e-01 1.21640621e+00
  3.05009079e+00 6.36158666e+00 4.71767163e+00 3.00844184e+00
  1.77769211e+00 2.00946667e+00 1.16318820e+00 1.08347695e+00
  7.23938245e+00 3.35145842e+00 4.53581773e+00]
 [2.59842800e-01 7.06914633e-01 5.58004752e-02 1.42095158e-01
  1.36395016e-01 5.16497167e-01 9.48825273e-01 7.19411967e-01
  1.04301669e+00 5.82693140e-01 3.14606044e-01 5.32454596e-01
  4.11370358e-01 2.18827706e+00 7.52898162e-01 5.68947519e-01
  1.41375106e-01 2.00490934e-01 7.92483724e-01 7.41888510e-01
  8.60579258e-02 2.10241370e-01 7.25333249e-01 3.85625075e-01
  2.67818344e-02 8.87141914e-02 1.46509567e+00 1.69229155e-01
  3.76839426e-01 3.12972384e-01 9.57944571e-01 1.13539159e+00
  9.04052551e-02 2.64834221e-01 4.93436745e+00]]