[[6.05024651e+02 1.90001270e+03 5.07566160e+02 2.98389107e+02
  3.70063119e+02 4.74665211e+02 5.69879701e+01 4.08548217e+01
  3.57909397e+01 3.09539423e+01 6.77443217e+01 7.54015134e+01
  3.59511005e+01 1.34588244e+01 1.95311374e+01 1.48574767e+01
  3.49789563e+01 5.67600609e-28 1.35352369e+01 3.32860737e+01
  1.19615540e+03 8.52483569e+01 5.06874334e+01 2.77576123e+01
  8.05682888e+02 1.22481042e+03 7.26055293e+02 5.53335634e+01
  7.74145766e+00 1.29068691e+01 7.88595097e+00 4.77254574e+00
  1.43446364e+03 2.24854008e+03 1.25085760e+02]
 [4.36533845e+03 5.82353664e+03 2.53713740e+02 5.12387438e+02
  1.10860772e+02 4.93798504e+01 1.04462938e+02 9.54682057e+01
  1.61311145e+02 1.61725899e+02 1.37037480e+02 2.52037351e+02
  1.97737400e+01 1.14686000e+01 5.95528112e+01 4.78532885e+01
  2.09422213e+02 4.02826586e-28 4.52754873e+01 1.68756602e+02
  7.45070774e+01 8.39665614e+01 6.26044931e+01 3.36574813e+01
  1.02335187e+03 1.86709236e+03 4.39165892e+03 1.42968074e+03
  3.06040558e+01 2.97522995e+01 2.21170293e+01 1.47569936e+01
  3.30283719e+03 3.70281836e+03 4.92500477e+00]
 [9.46238787e+01 1.21852109e+02 1.92552146e+02 8.92856949e+01
  3.05295607e+01 2.30098854e+01 2.07899555e+01 6.86860015e+01
  2.57517253e+01 2.67592020e+01 1.18118385e+02 1.78005547e+01
  6.51346428e+00 4.73144856e+00 1.15843842e+01 1.23288359e+01
  1.39086570e+01 4.39886197e-28 1.01610281e+01 2.61837388e+01
  2.03127646e+01 1.54693221e+01 1.42981829e+01 1.38396987e+01
  6.65324064e+01 8.73700751e+01 7.85640066e+01 1.26646027e+02
  7.48943665e+00 5.95734995e+00 4.64819636e+00 4.89399927e+00
  1.43455898e+02 5.32047368e+01 6.66432441e+00]
 [4.08012578e+02 2.61732216e+02 1.71299789e+02 1.13509706e+02
  4.05204764e+01 3.93907551e+01 3.65586959e+01 4.10161767e+01
  4.86824011e+01 4.05937302e+01 4.65999094e+01 4.28885829e+01
  7.61092531e+00 7.61715231e+00 1.97661437e+01 2.45803039e+01
  3.80423814e+01 6.86222797e-29 1.86985445e+01 3.80827570e+01
  3.40070781e+01 3.10575836e+01 1.87961577e+01 2.17689937e+01
  1.89687127e+02 1.25635276e+02 2.72657250e+02 1.41733263e+02
  1.36348891e+01 8.41929465e+00 6.21774163e+00 6.56958946e+00
  6.68270943e+02 5.44263548e+02 5.70292124e+00]
 [2.34368782e+02 1.66126262e+02 2.63605300e+02 2.14204771e+02
  6.47978066e+01 5.38587058e+01 3.47394023e+01 4.23761362e+01
  3.76971041e+01 4.55537514e+01 5.31102365e+01 4.28955475e+01
  2.16744760e+01 1.34796718e+01 2.00671886e+01 2.30567792e+01
  2.80005045e+01 1.03052481e-28 1.37314746e+01 3.75802769e+01
  7.81042902e+01 6.28440549e+01 2.91714084e+01 2.58727746e+01
  1.32958755e+02 9.01212038e+01 1.56759566e+02 6.61499463e+01
  1.40715575e+01 1.00203704e+01 5.75723444e+00 7.95235505e+00
  1.02508813e+02 2.27285335e+02 2.66265541e+01]
 [5.23274034e+01 1.20275685e+02 2.06693739e+02 9.37452971e+01
  7.17218189e+01 3.13012649e+01 3.45476901e+01 2.68458328e+01
  4.07739477e+01 3.41171326e+01 2.52370389e+01 1.41130197e+01
  1.21345784e+01 5.93552305e+00 1.84182403e+01 1.45647634e+01
  6.45337694e+00 1.77566584e-28 1.20953354e+01 3.55257344e+01
  3.64756068e+03 2.88474355e+01 2.44590235e+01 1.41776888e+01
  9.89805561e+01 6.80204458e+01 4.80219215e+01 1.59740288e+01
  6.49747038e+00 3.84245128e+00 6.42587578e+00 5.40849311e+00
  4.16429954e+02 1.91336465e+02 1.64946771e+01]
 [3.18679578e+02 4.58460064e+02 2.62992191e+02 5.69583479e+02
  1.17739715e+02 9.32164278e+01 9.23675487e+01 5.37252556e+01
  7.68846887e+01 8.17691162e+01 3.80066309e+01 9.77270527e+01
  3.39059158e+01 6.60611344e+01 7.46505354e+01 3.49741163e+01
  2.42666111e+01 3.89763934e-28 2.67989978e+01 7.27258033e+01
  3.75417179e+02 9.67278176e+01 6.60616664e+01 4.41902264e+01
  2.05097803e+02 3.85529721e+02 3.39191456e+02 8.53485584e+01
  2.15344059e+01 1.90801173e+01 5.40512024e+01 1.28801762e+01
  1.49728685e+03 4.10342682e+03 3.64155849e+03]
 [7.41768862e+02 3.13818282e+02 2.85481335e+03 1.24298046e+02
  5.33163913e+01 7.64872944e+01 5.55954065e+01 8.05829636e+01
  8.53717738e+01 7.71220941e+01 3.57892538e+01 5.80692761e+01
  1.34447820e+01 1.94814873e+01 3.32938858e+01 3.79358685e+01
  2.71913585e+01 2.15175972e-28 2.48833824e+01 7.36121791e+01
  7.47116380e+01 1.30515612e+02 2.74215237e+01 4.69659216e+01
  1.85580085e+02 1.09332563e+02 2.44266541e+02 1.18753673e+02
  1.15662390e+01 1.48088506e+01 1.01422470e+01 1.00637026e+01
  1.51650592e+03 6.02940463e+02 5.00085264e+01]
 [1.71427464e+02 1.74185703e+02 3.85365969e+01 1.49507628e+02
  2.81317220e+01 2.71688539e+01 3.75322174e+01 3.97488652e+01
  4.58745819e+01 5.61074766e+01 1.82102383e+01 1.96739829e+01
  7.60114056e+00 5.93616996e+00 2.33901332e+01 1.84915198e+01
  3.29597512e+01 7.38037081e-28 1.41314955e+01 5.22795158e+01
  1.96688960e+01 3.04064841e+01 2.14784408e+01 1.77694195e+01
  5.23306502e+01 2.28334342e+02 1.34344572e+02 4.07788368e+01
  1.01132668e+01 7.49547637e+00 6.53684663e+00 6.04073682e+00
  2.28801221e+02 5.56957264e+02 2.51217980e+02]
 [3.47293612e+02 3.40026740e+02 1.80100385e+02 5.84589928e+02
  7.14494908e+01 6.49354853e+01 5.07249986e+01 8.50927519e+02
  5.29564663e+01 5.06344998e+02 7.75914127e+01 2.07174437e+03
  2.50880267e+01 2.66636373e+01 3.73549608e+01 3.87867999e+01
  2.59615271e+01 1.08334466e-26 5.74195085e+01 7.68257224e+02
  2.61131081e+02 6.47784652e+02 3.00724127e+02 3.32268161e+02
  2.13465356e+02 1.76929429e+03 2.56716882e+02 8.80786110e+01
  1.28281934e+01 8.81701702e+01 7.86013073e+00 8.47616727e+00
  4.93139762e+02 1.57190675e+02 6.14408106e+01]
 [3.73669753e+01 3.64756443e+01 5.66745539e+01 3.85258553e+01
  4.75838377e+01 2.57847678e+01 3.57797509e+01 2.52193230e+01
  3.56662567e+01 3.09332636e+01 2.01512176e+01 1.73781319e+01
  1.01696614e+01 7.56627970e+00 2.07023142e+01 1.34656903e+01
  1.66521819e+01 1.33617346e-28 1.08748092e+01 3.25105708e+01
  2.89705995e+01 1.96848924e+01 2.61245207e+01 1.55389678e+01
  2.96549664e+01 2.60809592e+01 3.91123487e+01 2.48736697e+01
  7.93076936e+00 5.77972597e+00 6.13145435e+00 6.22925652e+00
  1.75388506e+01 1.42116938e+01 9.16842355e+00]
 [1.75192383e+02 2.14707580e+02 2.97704622e+02 4.40309189e+02
  9.12754638e+01 1.06960527e+02 4.03354150e+01 3.93312838e+01
  5.64469629e+01 4.52421214e+01 3.87401694e+01 7.36212753e+01
  2.12570356e+01 1.74911878e+01 2.16810947e+01 1.71305086e+01
  2.99223890e+01 2.52702107e-29 1.05647083e+01 3.52730239e+01
  9.17839186e+01 9.96627902e+01 4.03207870e+01 3.79298484e+01
  7.99078089e+01 1.31231358e+02 1.83087997e+02 6.13481812e+01
  1.03852500e+01 1.35808713e+01 6.58567783e+00 5.06205701e+00
  4.20151957e+02 5.09610266e+02 2.01689779e+01]
 [4.19495456e+01 6.65848318e+01 6.13308304e+01 8.09427057e+01
  5.98766110e+01 2.00324532e+01 2.20631258e+01 1.66480488e+01
  1.88610731e+01 1.76134380e+01 1.85023691e+01 1.73544518e+01
  1.18274779e+01 6.37758688e+00 1.23416853e+01 8.16264399e+00
  7.96030908e+00 2.61378339e-28 6.44362113e+00 1.76695611e+01
  1.98980658e+01 2.20069089e+01 1.49062095e+01 1.15140325e+01
  6.29304036e+01 3.56846929e+01 4.75115530e+01 1.58629348e+01
  5.33526498e+00 4.35889288e+00 4.82317000e+00 2.42085935e+00
  4.06626313e+02 5.24703651e+02 1.77665545e+02]
 [1.46389397e+03 1.74782413e+03 2.93056451e+02 4.10325936e+02
  1.18257618e+02 1.27060125e+02 8.36169331e+01 8.94889775e+01
  6.76303240e+01 7.30171026e+01 1.29322430e+02 1.18144072e+02
  2.95951382e+01 3.40749488e+01 5.30517712e+01 3.92299715e+01
  9.86649445e+01 3.14936196e-28 2.56450982e+01 6.57699755e+01
  1.02490570e+02 1.06636575e+02 7.00171373e+01 6.66405309e+01
  3.72520296e+02 4.46916784e+02 1.24868143e+03 2.60930345e+02
  3.68977350e+01 2.44286004e+01 1.90784903e+01 1.37054429e+01
  2.37200636e+03 2.03466354e+03 5.46436937e+01]
 [9.39906444e+02 6.60969867e+02 7.13345118e+02 2.03782024e+02
  5.98938585e+01 3.22878638e+01 5.81159451e+01 5.69947682e+01
  8.88748243e+01 8.20937708e+01 2.46461439e+01 5.98422721e+01
  9.07797570e+00 8.02117249e+00 4.28330777e+01 3.12283008e+01
  2.42537773e+01 5.09107456e-27 2.62841843e+01 7.79757692e+01
  2.99617974e+01 2.66076850e+01 3.10263647e+01 2.30866790e+01
  7.59373549e+02 8.53154735e+02 1.52144443e+03 8.32777428e+02
  7.60564461e+00 1.09888147e+01 1.46845706e+01 6.98979685e+00
  3.91357964e+03 8.54428712e+02 1.29740945e+02]
 [1.74079389e+03 1.54667015e+03 4.19877313e+02 9.76466044e+01
  8.11266969e+01 9.06359332e+01 5.19333610e+01 7.79180856e+01
  9.35654328e+01 1.04129738e+02 1.92792193e+02 6.28329547e+01
  1.65546155e+01 1.46020437e+01 3.46338825e+01 4.17811557e+01
  1.18310139e+02 3.50478420e-29 3.53835496e+01 1.02162061e+02
  1.30452851e+02 1.12302458e+02 2.74924714e+01 1.10926735e+02
  6.41477299e+02 3.85245470e+02 1.51328434e+03 4.21970749e+02
  3.79089062e+01 1.34815478e+01 1.33168489e+01 1.39679194e+01
  1.13324985e+03 1.16895991e+03 1.12251467e+02]
 [2.74511585e+01 4.28232143e+01 4.06237705e+01 3.12322728e+01
  2.48451176e+01 2.31035123e+01 3.26059832e+01 3.13300270e+01
  4.38144044e+01 3.75182275e+01 1.05432899e+01 2.62667997e+01
  8.32264835e+00 9.26797270e+00 2.02033532e+01 1.44814456e+01
  9.36345352e+00 2.28194883e-29 1.07691317e+01 4.35320716e+01
  1.68942370e+01 1.46249235e+01 1.87365179e+01 1.72678795e+01
  2.12369294e+01 3.64069387e+01 3.22195621e+01 1.17319248e+01
  4.45024866e+00 2.78349361e+00 6.98346999e+00 5.29367755e+00
  1.75774134e+01 1.40997204e+02 2.02414273e+01]
 [2.61207215e+02 3.21628860e+02 3.52179168e+01 4.30612521e+01
  3.74946034e+01 3.07178126e+01 2.44698540e+01 2.84690188e+01
  4.29702726e+01 4.91437276e+01 2.31057794e+01 2.94107900e+01
  7.72781912e+00 8.77516848e+00 2.12053904e+01 1.82712519e+01
  1.65741517e+01 6.83763782e-29 1.94418265e+01 4.93884450e+01
  1.86043702e+01 2.27792939e+01 1.80263961e+01 1.74608635e+01
  6.29992772e+01 8.14615379e+01 1.82134954e+02 5.43637255e+01
  8.25042173e+00 8.84506807e+00 8.08449531e+00 7.00613679e+00
  1.28543065e+02 1.20864364e+02 1.40394195e+02]
 [8.30093482e+01 1.13805027e+02 7.22571119e+01 6.55845273e+01
  9.96647565e+01 3.87260975e+01 2.66104121e+01 2.94938937e+01
  3.36760508e+01 3.58058584e+01 2.29448241e+01 2.23221777e+01
  8.70440272e+00 7.67407154e+00 1.39681371e+01 1.52833199e+01
  1.29345388e+01 1.11345733e-28 1.02091795e+01 3.40875954e+01
  2.60361874e+01 2.68679181e+01 2.21106287e+01 2.23847449e+01
  4.76567938e+01 4.47776588e+01 8.40379036e+01 3.77651212e+01
  5.79429987e+00 5.96993895e+00 5.39512107e+00 1.00142613e+01
  2.28149032e+01 9.46695670e+01 5.01745963e+01]
 [4.51283797e+02 4.29195024e+02 2.52847609e+03 1.38208393e+03
  2.49103579e+03 9.30559351e+02 1.86590424e+02 4.88625917e+02
  2.59544821e+02 2.77546989e+02 1.29865896e+02 2.17405701e+02
  2.18257935e+02 4.40159794e+01 1.33826627e+02 6.32398723e+01
  2.70500837e+02 8.79028695e-28 7.03096631e+01 2.95253515e+02
  1.65417835e+03 6.70461702e+02 3.53609153e+02 6.41297754e+02
  7.95115522e+02 3.18754599e+02 1.33368699e+02 2.53837613e+02
  5.08436119e+01 8.40119221e+01 2.41819322e+01 2.19272571e+01
  9.29795820e+02 2.29741620e+02 2.27769505e+02]]