[[1.24492997e+01 1.74280928e+01 1.80341455e+01 1.67516883e+01
  2.72954804e+01 3.43723153e+01 5.68177186e+01 1.05904678e+02
  6.84345200e+01 5.47334004e+01 5.46242017e+00 6.03255135e+00
  5.21306409e+00 3.72702394e+00 1.94788834e+01 2.45212169e+01
  2.64912502e+00 1.94902178e-28 9.06411989e+00 5.42055987e+01
  1.37438841e+01 1.20418075e+01 2.13198284e+01 2.90770346e+01
  8.88894959e+00 1.26637034e+01 1.20014133e+01 4.14998275e+00
  1.71636456e+00 1.58419442e+00 3.83648823e+00 3.26984254e+00
  1.03356426e+01 1.22938296e+01 1.00206910e+01]
 [9.38561000e+00 1.28331201e+01 1.13214396e+01 9.54053192e+00
  7.95032060e+00 5.32420687e+00 1.14690569e+01 9.20413849e+00
  1.77543164e+01 1.27161688e+01 3.80224554e+00 5.35976852e+00
  1.05015619e+01 6.11684499e+00 1.00564394e+01 5.22695069e+00
  2.30777720e+00 3.75644802e-29 3.72605499e+00 1.39227199e+01
  5.62362507e+00 5.56357636e+00 1.20295013e+01 5.45367293e+00
  6.31876118e+00 1.02421877e+01 9.91732987e+00 5.58491768e+00
  1.65216868e+00 1.73613025e+00 4.88361747e+00 2.35084666e+00
  1.80931197e+01 1.30242166e+01 8.82028037e-01]
 [1.43438428e+01 1.35265766e+01 9.34482949e+00 8.89935605e+00
  8.58095827e+00 1.03028375e+01 1.19354340e+01 1.52069622e+01
  2.36400111e+01 2.20302551e+01 4.31170942e+00 3.13574677e+00
  6.20242623e+00 6.99378313e+00 1.49059149e+01 1.43718882e+01
  3.07724931e+00 1.20949074e-28 9.01348235e+00 2.04591983e+01
  5.66977537e+00 5.62856583e+00 1.20230191e+01 1.63633244e+01
  9.20631586e+00 1.05375737e+01 1.28720344e+01 6.46779570e+00
  1.79455469e+00 1.76955322e+00 1.00186797e+01 4.82701064e+00
  3.66669546e+00 2.94504844e+00 7.89472376e-01]
 [2.04691414e+02 1.83438961e+02 5.34194436e+01 4.75030277e+01
  4.91485872e+01 5.23381553e+01 5.78953994e+01 7.65889823e+01
  8.24886142e+01 7.83043101e+01 3.39813151e+01 3.64447237e+01
  8.19009460e+00 9.39752394e+00 2.92016437e+01 3.61883810e+01
  2.10845596e+01 5.79025353e-29 2.45616031e+01 6.54732727e+01
  2.74484192e+01 3.13849107e+01 3.08781458e+01 3.34756621e+01
  1.07698428e+02 7.33540267e+01 1.28459809e+02 7.51673935e+01
  1.11282106e+01 9.67539688e+00 9.58493978e+00 8.95733118e+00
  1.10762079e+02 7.22708913e+01 2.80849165e+00]
 [3.62554709e+01 3.42113362e+01 2.07611980e+01 1.56228452e+01
  1.55607917e+01 1.27571505e+01 1.80357854e+01 2.18963179e+01
  2.14149548e+01 1.97007710e+01 9.11255061e+00 8.55485168e+00
  6.09640745e+00 6.97992561e+00 1.42157149e+01 1.35044489e+01
  7.08085253e+00 6.66359441e-30 8.18214393e+00 1.91037440e+01
  8.32375689e+00 8.92395740e+00 1.18352971e+01 1.24578384e+01
  2.27108764e+01 1.94774856e+01 2.95251905e+01 1.35720954e+01
  3.38052802e+00 3.33160401e+00 6.54107525e+00 4.77591344e+00
  1.08470251e+01 1.11601403e+01 4.18121270e+00]
 [7.31087589e+00 7.18181246e+00 5.05880660e+00 6.12858947e+00
  6.13186784e+00 4.94920878e+00 5.25865224e+00 6.62920771e+00
  7.42099895e+00 5.93726683e+00 1.75033361e+00 1.89344047e+00
  2.16465686e+00 2.79614482e+00 3.27179366e+00 3.49029072e+00
  9.42749991e-01 9.01061949e-30 2.23311674e+00 6.14759466e+00
  4.68345252e+01 4.92337176e+00 3.72113448e+00 4.72342016e+00
  3.55812176e+00 2.79579413e+00 8.27788625e+00 1.84092560e+00
  9.16470999e-01 7.23821257e-01 1.20736013e+00 1.08733125e+00
  7.11178271e+00 3.75590703e+00 3.40137965e+00]
 [4.87401387e+01 4.05808237e+01 2.04401355e+01 1.95704862e+01
  2.74877344e+01 2.59850683e+01 6.18726733e+01 7.29808251e+01
  1.28279776e+02 1.55146584e+02 8.74947943e+00 8.36347417e+00
  8.30321689e+00 6.14665818e+00 3.66849404e+01 4.77997003e+01
  5.46782388e+00 9.41253133e-29 4.05812252e+01 1.33434767e+02
  1.60325326e+01 1.08465629e+01 2.72239498e+01 2.61026755e+01
  1.95268830e+01 1.85077647e+01 4.23478700e+01 1.24043511e+01
  4.53885867e+00 3.24385027e+00 1.10307962e+01 1.14681399e+01
  5.09342338e+01 5.31095074e+01 7.51594975e+01]
 [1.85582307e+01 1.33131608e+01 9.47012737e+00 7.63982905e+00
  1.01125536e+01 1.01332023e+01 1.92431007e+01 2.86874697e+01
  2.85162659e+01 2.47998574e+01 4.54053327e+00 4.97715559e+00
  4.03213052e+00 3.51501456e+00 1.36107335e+01 1.35305491e+01
  3.10384107e+00 7.40017306e-29 7.97022070e+00 2.32840511e+01
  5.04805593e+00 6.14774529e+00 9.53807383e+00 8.69463115e+00
  8.64432371e+00 7.10306434e+00 1.20849513e+01 6.47235919e+00
  1.54647858e+00 1.54814127e+00 4.19618161e+00 3.41910654e+00
  2.97214658e+01 1.27546791e+01 5.30237451e+00]
 [5.79743622e+01 5.06235073e+01 1.05887137e+01 1.12290555e+01
  1.22116524e+01 1.17908986e+01 1.89584862e+01 2.98523827e+01
  2.35840003e+01 3.10514793e+01 6.25532995e+00 6.41881243e+00
  3.64267858e+00 2.81683897e+00 9.91622135e+00 1.19907968e+01
  5.75726671e+00 2.32109194e-29 8.67513878e+00 2.34852826e+01
  6.91943385e+00 5.85989369e+00 9.32002892e+00 9.44825919e+00
  1.46853766e+01 1.45069602e+01 4.20249339e+01 1.32258160e+01
  2.40590316e+00 2.03559572e+00 3.41365489e+00 3.18218153e+00
  4.30307042e+01 4.77734564e+01 1.95411910e+01]
 [1.46758024e+01 1.55826301e+01 5.67288244e+00 5.98466269e+00
  5.40963399e+00 5.14672459e+00 1.63895678e+01 1.75655474e+01
  3.52620632e+01 2.99381522e+01 3.43880495e+00 3.41831660e+00
  2.18977768e+00 2.08521370e+00 1.30757584e+01 1.19116248e+01
  2.81846657e+00 4.41276954e-29 9.44045814e+00 2.86596357e+01
  3.78331636e+00 3.11602739e+00 6.91833462e+00 5.92341271e+00
  8.02976325e+00 6.63712572e+00 1.38222670e+01 5.56412023e+00
  1.28882026e+00 1.31321827e+00 3.65526813e+00 2.65478858e+00
  4.82289993e+00 4.34297240e+00 3.49177165e+00]
 [1.08518376e+01 1.07264231e+01 1.55660138e+01 1.32252923e+01
  2.38477568e+01 1.72137236e+01 3.61016400e+01 2.88956266e+01
  2.25071958e+01 2.26577872e+01 6.32677291e+00 5.19031615e+00
  8.16790613e+00 6.87947293e+00 1.30443560e+01 1.26040884e+01
  3.71207420e+00 7.00411648e-29 7.85391690e+00 2.01810952e+01
  1.20347291e+01 8.83972855e+00 1.72613011e+01 1.31185216e+01
  8.26703800e+00 9.05671362e+00 1.01485900e+01 6.10670512e+00
  2.57755149e+00 1.99892164e+00 4.35564978e+00 4.06029809e+00
  2.85341052e+00 2.57800602e+00 2.89403289e+00]
 [1.65864343e+01 1.84869125e+01 9.75061454e+00 1.12242032e+01
  1.03725191e+01 1.04876610e+01 1.78765531e+01 1.70564495e+01
  4.44110155e+01 3.91474005e+01 4.33707797e+00 4.19110867e+00
  2.91207781e+00 3.23603198e+00 9.94997227e+00 9.65182887e+00
  3.70978386e+00 2.38638254e-30 6.45657811e+00 3.61039281e+01
  7.30926084e+00 6.97917865e+00 8.55970553e+00 8.10018608e+00
  7.74686302e+00 8.28642343e+00 1.61842051e+01 6.24248946e+00
  2.14044866e+00 1.79584192e+00 2.70189415e+00 2.55822551e+00
  2.69452333e+01 1.96415224e+01 3.29601889e+00]
 [1.14434202e+01 1.32680576e+01 1.24770511e+01 1.06300291e+01
  1.75318472e+01 1.10907796e+01 2.33837351e+01 2.08183644e+01
  2.72436781e+01 2.56329048e+01 6.63186318e+00 6.22505322e+00
  6.41681556e+00 4.30685307e+00 1.53245049e+01 1.25714507e+01
  4.73861093e+00 2.46552075e-29 8.26868589e+00 2.23208515e+01
  9.72902369e+00 7.33232777e+00 1.56420476e+01 1.12500777e+01
  8.47023370e+00 8.38714644e+00 1.14080349e+01 7.12243429e+00
  2.64624265e+00 2.51664025e+00 5.68665385e+00 3.28421917e+00
  7.83714569e+00 7.67971495e+00 4.04320909e+01]
 [1.23558472e+02 1.31619302e+02 4.83837624e+01 5.78639121e+01
  3.68498017e+01 4.24158986e+01 7.61734409e+01 9.23633985e+01
  6.12965473e+01 8.66896107e+01 2.89760470e+01 3.43831285e+01
  1.23321712e+01 1.39446784e+01 5.91638267e+01 4.43491157e+01
  2.94633883e+01 5.44861381e-29 3.33324158e+01 5.33482920e+01
  2.71975193e+01 3.03083162e+01 4.12704784e+01 3.68123547e+01
  5.63447726e+01 6.46894356e+01 1.09912839e+02 4.96816938e+01
  1.16458943e+01 1.30340198e+01 2.43668539e+01 1.64078939e+01
  8.60458228e+01 4.86855455e+01 9.42704643e+00]
 [9.72884722e+01 1.33892642e+02 2.84038567e+01 3.55908532e+01
  3.02103634e+01 2.29685350e+01 7.38275291e+01 7.13439050e+01
  1.07091187e+02 9.89810791e+01 1.32112168e+01 2.05398520e+01
  1.27645012e+01 6.38278188e+00 5.43709131e+01 4.27923029e+01
  1.78170427e+01 1.68795235e-27 3.04566955e+01 8.74955175e+01
  1.52394358e+01 1.62216371e+01 3.62956846e+01 2.30624926e+01
  4.16363516e+01 8.76753185e+01 1.04995321e+02 4.06601145e+01
  5.87877904e+00 7.42488591e+00 2.04701960e+01 9.49123255e+00
  7.69090129e+01 6.22893478e+01 1.93106340e+01]
 [6.34871928e+01 6.59005286e+01 1.23940351e+01 1.04739261e+01
  8.65932649e+00 1.03552320e+01 1.78685423e+01 2.64540332e+01
  4.86884513e+01 4.61374273e+01 8.10943124e+00 7.24463941e+00
  2.16636720e+00 2.92976062e+00 9.38752111e+00 1.10636443e+01
  7.25131443e+00 7.92990591e-30 5.68988644e+00 3.91206971e+01
  5.40518540e+00 7.30385086e+00 7.31533220e+00 9.66820409e+00
  2.40429571e+01 2.42060577e+01 5.77602082e+01 2.01231169e+01
  2.33024793e+00 1.70797337e+00 2.61225691e+00 2.82236513e+00
  3.89881243e+01 3.74373642e+01 9.46897865e+00]
 [7.97447246e+00 8.67098756e+00 8.45367486e+00 7.47961523e+00
  1.01220735e+01 9.76141173e+00 2.05965760e+01 1.69860085e+01
  3.85929056e+01 2.81406821e+01 2.93042716e+00 4.47196356e+00
  3.05857051e+00 3.81520084e+00 1.32114910e+01 1.03427189e+01
  1.86206089e+00 4.77190089e-30 7.08241248e+00 3.53290420e+01
  5.73808501e+00 5.31146493e+00 9.04696151e+00 8.54185611e+00
  8.79064292e+00 7.58278563e+00 7.18126620e+00 3.18914988e+00
  1.18443776e+00 1.29462479e+00 3.53813857e+00 3.03074846e+00
  5.25983811e+00 4.25761115e+00 2.71071426e+00]
 [4.25669780e+01 4.62350848e+01 1.25011177e+01 1.43480959e+01
  1.85186718e+01 2.11480629e+01 2.85998902e+01 2.95992312e+01
  3.66519694e+01 3.58946370e+01 6.91964583e+00 1.01352024e+01
  8.37605215e+00 1.46502756e+01 2.35617715e+01 2.59151968e+01
  7.81808307e+00 4.13256643e-29 2.60644120e+01 3.41735874e+01
  8.66093233e+00 1.07928300e+01 2.00472554e+01 2.33388617e+01
  1.35453420e+01 1.75505386e+01 3.13601003e+01 1.49321078e+01
  3.76863611e+00 4.72387660e+00 1.28313126e+01 1.42373535e+01
  2.50764553e+01 1.54557318e+01 1.03764822e+01]
 [1.43963454e+01 1.68692880e+01 1.00314788e+01 8.01479669e+00
  1.56945259e+01 1.00574225e+01 2.37893637e+01 2.08396890e+01
  3.61505391e+01 3.12575101e+01 4.44476266e+00 4.14221897e+00
  3.26967332e+00 2.10552379e+00 1.42326839e+01 1.20577609e+01
  3.13019923e+00 5.62341559e-29 1.11652903e+01 3.35601727e+01
  7.15681157e+00 4.73172369e+00 1.30327034e+01 8.04864558e+00
  7.74725310e+00 9.02596811e+00 1.33030821e+01 5.82424019e+00
  1.62413849e+00 1.83352797e+00 5.03266059e+00 3.47771620e+00
  4.00950176e+00 5.49811702e+00 1.26522196e+01]
 [3.14412884e+01 4.71851169e+01 1.55896307e+01 1.47259243e+01
  3.12371629e+01 2.05950858e+01 4.54141728e+01 3.77186252e+01
  5.59233689e+01 5.72194171e+01 4.97773334e+00 7.73591991e+00
  1.77643391e+01 2.42520638e+01 4.17908237e+01 3.17093977e+01
  3.77422142e+00 4.06916117e-29 2.26334326e+01 5.26460324e+01
  1.30485779e+01 1.24349831e+01 4.25603254e+01 2.84417498e+01
  1.03650091e+01 1.79400081e+01 3.17126608e+01 8.17329672e+00
  2.61808451e+00 2.91384333e+00 1.85317263e+01 1.46118239e+01
  1.85548030e+01 1.42996676e+01 5.47392375e+01]]