[[5.98565048e+00 1.08387560e+01 6.00248309e+00 6.53109865e+00
  1.01461131e+01 1.00426069e+01 9.09462933e+00 1.05402323e+01
  8.95945208e+00 7.82868444e+00 3.00352847e+00 3.41436906e+00
  4.77169174e+00 1.92983049e+00 4.66324572e+00 4.29331622e+00
  1.64013975e+00 2.89581895e-29 2.57809209e+00 7.75805975e+00
  7.69470405e+00 6.67588310e+00 5.56712707e+00 5.24864993e+00
  4.84547585e+00 7.03682381e+00 5.92469209e+00 2.23570213e+00
  1.05285443e+00 1.00777084e+00 1.33583387e+00 1.00891087e+00
  9.33401912e+00 9.73816325e+00 9.22819941e+00]
 [1.01925247e+01 1.17837638e+01 1.69746630e+01 1.13895971e+01
  6.12714119e+00 5.45013813e+00 4.71977596e+00 5.34709369e+00
  5.54118745e+00 5.81620915e+00 5.89052500e+00 1.51278399e+01
  1.80622863e+00 2.83086735e+00 2.92534545e+00 2.86149117e+00
  1.82964104e+00 2.29740886e-29 1.71506986e+00 5.50964921e+00
  7.59869992e+00 1.65938487e+01 3.36166907e+00 3.83550939e+00
  1.01268041e+01 1.61873482e+01 8.02664954e+00 5.21748806e+00
  1.38045849e+00 2.10549926e+00 1.12013607e+00 9.70583649e-01
  2.96753205e+01 1.92144742e+01 7.27679208e-01]
 [2.40633576e+01 2.96228648e+01 1.40830937e+01 4.58201450e+01
  1.04383242e+01 1.01795079e+01 1.13672523e+01 1.23254042e+01
  1.35966072e+01 1.22351827e+01 6.93166869e+00 8.60031764e+00
  4.32052151e+00 4.81402478e+00 9.73988518e+00 8.22179890e+00
  3.70837617e+00 1.54793671e-28 6.39743730e+00 1.23109716e+01
  7.15393692e+00 5.11467821e+01 9.07943793e+00 9.15942627e+00
  2.32996662e+01 3.72297032e+01 2.38859320e+01 1.19949527e+01
  2.76941777e+00 2.75937868e+00 4.39001145e+00 2.92128888e+00
  1.05337829e+01 1.68826857e+01 1.26420791e+00]
 [1.16436340e+03 5.45284888e+02 1.00487901e+02 6.73685588e+01
  7.86497333e+01 1.50242702e+02 3.92620996e+01 3.03634460e+01
  4.38373460e+01 3.60076989e+01 9.72269934e+01 1.40344538e+02
  6.96389477e+00 6.07966725e+00 1.58798574e+01 1.54483180e+01
  5.13642653e+01 1.00200680e-28 1.25207104e+01 3.56728006e+01
  2.14462692e+01 6.47503128e+01 1.86401225e+01 2.16470095e+01
  5.18159860e+02 2.53529576e+02 3.42102250e+02 2.67655193e+02
  2.37915463e+01 2.63291011e+01 4.94554275e+00 5.09476838e+00
  6.89355712e+02 4.24270630e+02 3.02907154e+00]
 [1.63964103e+02 1.27829274e+02 1.37129080e+02 5.11720497e+01
  3.37658913e+01 2.08292173e+01 1.80348229e+01 1.99964619e+01
  2.14496662e+01 1.93433837e+01 4.29145663e+01 3.85462369e+01
  1.36296692e+01 8.61929375e+00 1.17981788e+01 1.27315488e+01
  1.66964471e+01 2.89515070e-29 7.82138525e+00 1.89494088e+01
  2.92331253e+01 2.02389653e+01 1.39984043e+01 1.29317810e+01
  1.86308325e+02 1.74713962e+02 1.23223973e+02 5.23384007e+01
  9.40902081e+00 9.64526206e+00 4.89405170e+00 4.19884053e+00
  6.74117929e+01 6.48411113e+01 1.08395260e+01]
 [1.03147915e+01 1.00957718e+01 8.46001184e+00 1.28912122e+01
  1.64307587e+01 1.40595099e+01 5.74676234e+00 5.82552478e+00
  6.46864941e+00 5.58161391e+00 2.52151029e+00 3.30662934e+00
  4.66013281e+00 3.40021463e+00 3.55587699e+00 2.61717889e+00
  1.05834525e+00 8.94642834e-30 1.66598836e+00 5.56298862e+00
  4.61451982e+01 2.58994410e+01 7.50076953e+00 6.02427067e+00
  8.53637004e+00 3.43287760e+00 1.00470359e+01 2.27324956e+00
  9.55150423e-01 1.16639458e+00 1.40488124e+00 8.78240721e-01
  1.67127871e+01 6.72554375e+00 5.07131399e+00]
 [2.92404734e+01 2.65614839e+01 1.35816572e+01 1.63013564e+01
  1.64637233e+01 1.74475846e+01 2.20305053e+01 2.21158268e+01
  2.98785948e+01 3.23332733e+01 6.50567979e+00 1.02827547e+01
  6.82891476e+00 6.99055646e+00 1.43011266e+01 1.51579732e+01
  4.23031823e+00 4.38972558e-29 1.10180992e+01 3.07718888e+01
  1.13300024e+01 1.20669007e+01 1.40770134e+01 1.45765190e+01
  1.10641552e+01 1.46077243e+01 2.64357668e+01 7.55738765e+00
  5.57134389e+00 5.21962567e+00 5.61855751e+00 5.33691896e+00
  4.39964779e+01 4.88280173e+01 5.33845139e+01]
 [3.96468929e+01 2.45137472e+01 3.30898116e+01 2.43105281e+01
  5.98117517e+01 4.94787616e+01 1.05708917e+01 1.78856716e+01
  1.41910628e+01 2.02017187e+01 9.64544541e+00 1.89581411e+01
  9.61868390e+00 9.43598848e+00 5.65822037e+00 6.82732229e+00
  3.09381540e+00 4.48075823e-29 3.91006731e+00 1.60407201e+01
  1.57692310e+01 2.17662131e+01 1.46001401e+01 1.69228381e+01
  1.57701699e+01 2.22371632e+01 2.18064239e+01 1.16202343e+01
  1.92837325e+00 2.56237885e+00 2.06519451e+00 1.97299312e+00
  5.06027525e+01 3.35315500e+01 1.41599141e+01]
 [2.59105988e+01 2.64140674e+01 8.43885267e+00 7.08539796e+00
  5.66551608e+00 4.80501759e+00 7.97367237e+00 8.15800424e+00
  9.54031424e+00 1.08110206e+01 3.62468945e+00 4.30772601e+00
  2.12532729e+00 1.83075313e+00 4.89417995e+00 4.43412220e+00
  2.92955625e+00 1.81165737e-29 3.28814809e+00 1.02764685e+01
  3.79497144e+00 3.99401386e+00 4.91675074e+00 4.01663241e+00
  1.12515443e+01 7.88279989e+00 1.98664337e+01 6.14989161e+00
  1.32399013e+00 1.65868025e+00 1.89917319e+00 1.47778741e+00
  2.36793909e+01 3.10506855e+01 1.37401526e+01]
 [2.79844991e+01 2.73949332e+01 1.03482401e+01 6.98075515e+00
  4.84074722e+00 4.27936730e+00 6.13406128e+00 6.68135578e+00
  9.57503782e+00 8.32901739e+00 1.11729292e+01 3.19470297e+00
  2.31959926e+00 2.26112095e+00 4.13306399e+00 4.12279713e+00
  3.63665038e+00 3.65364522e-29 3.27348068e+00 8.95441759e+00
  7.27975750e+00 2.77459911e+00 3.74917284e+00 3.71025293e+00
  3.22700806e+01 7.51244060e+00 1.93564355e+01 8.50302313e+00
  2.31429849e+00 1.63011296e+00 2.10694675e+00 2.01293193e+00
  8.03179566e+00 1.63318571e+01 5.28063632e+00]
 [6.73434321e+00 7.31717853e+00 9.07635759e+00 8.33529932e+00
  8.31450194e+00 8.16870520e+00 1.00565454e+01 1.35341163e+01
  1.17431994e+01 1.32784340e+01 4.58027525e+00 5.55676661e+00
  6.09306580e+00 4.38896199e+00 7.14315483e+00 6.44918818e+00
  3.09835792e+00 3.55477040e-29 4.29343700e+00 1.16320505e+01
  6.36264230e+00 5.93184311e+00 7.32090669e+00 6.85948733e+00
  6.08860145e+00 7.66248754e+00 6.81136170e+00 4.57350690e+00
  1.89605069e+00 1.92287213e+00 3.28642934e+00 2.80086514e+00
  4.42398836e+00 3.81035081e+00 2.61475729e+00]
 [2.78825236e+01 3.41126504e+01 8.67907369e+00 1.23029685e+01
  1.16798595e+01 2.31461013e+01 1.09179114e+01 1.13981340e+01
  1.81193441e+01 1.45706014e+01 5.42794420e+00 5.85662204e+00
  3.97498443e+00 3.68589992e+00 6.81784455e+00 6.40325893e+00
  4.10058387e+00 2.18033007e-30 4.12546572e+00 1.46204290e+01
  1.05918380e+01 7.73507231e+00 8.21765232e+00 9.30823848e+00
  1.16726402e+01 1.75360511e+01 2.81986393e+01 8.81776418e+00
  2.36659756e+00 1.98185526e+00 2.42482189e+00 2.04710697e+00
  3.01833978e+01 3.43788536e+01 5.13317439e+00]
 [1.74531888e+01 2.33612218e+01 2.03050477e+01 1.96661663e+01
  1.70369310e+01 1.48552760e+01 2.01846928e+01 1.87070255e+01
  2.31829170e+01 2.42469261e+01 1.12709379e+01 1.10090733e+01
  6.91833603e+00 5.23703396e+00 1.27461122e+01 1.03380764e+01
  6.62349656e+00 1.92708914e-29 8.29952478e+00 2.27623197e+01
  1.59264607e+01 1.25729101e+01 1.37130205e+01 1.17920310e+01
  1.87977413e+01 1.60533837e+01 1.88800891e+01 1.03693536e+01
  4.00438028e+00 3.74475722e+00 5.27142369e+00 3.31681072e+00
  1.22953402e+01 1.36100816e+01 4.08011860e+01]
 [1.34535116e+02 1.59690818e+02 2.36064444e+01 3.05305993e+01
  2.05104340e+01 1.96991752e+01 2.71181050e+01 2.61665436e+01
  2.89677719e+01 2.83619797e+01 1.61645217e+01 1.79023222e+01
  6.52810811e+00 7.42446370e+00 1.53191421e+01 1.41538843e+01
  1.29880357e+01 3.35898944e-29 9.69745622e+00 2.57598015e+01
  1.41665297e+01 1.41637090e+01 1.61053406e+01 1.57642929e+01
  4.03210772e+01 5.61048188e+01 1.06620271e+02 2.84756479e+01
  5.89407941e+00 5.91151412e+00 5.25614381e+00 5.07662464e+00
  1.77386154e+02 9.91719999e+01 1.29859060e+01]
 [4.70141263e+01 6.37793215e+01 8.98596104e+00 1.06851971e+01
  9.36611361e+00 6.92889355e+00 1.50491944e+01 1.35227261e+01
  2.11039008e+01 2.02178463e+01 4.80339080e+00 7.03598083e+00
  3.64536343e+00 2.45125366e+00 9.72383744e+00 6.64879125e+00
  5.15431976e+00 5.18771813e-28 4.56711172e+00 1.95050013e+01
  4.96486524e+00 5.18594709e+00 8.79275391e+00 6.01048337e+00
  1.61576824e+01 3.84281332e+01 4.98476300e+01 1.48545475e+01
  2.13036626e+00 2.45513990e+00 3.62884665e+00 1.70145822e+00
  5.03840178e+01 3.99808245e+01 1.64497070e+01]
 [5.10393265e+01 5.44348875e+01 1.55919186e+01 1.33992371e+01
  1.88715823e+01 2.58956125e+01 8.32841790e+00 9.75768888e+00
  1.36253496e+01 1.34008718e+01 8.57523219e+00 1.03084144e+01
  5.57363461e+00 8.91009958e+00 5.01759660e+00 4.88985873e+00
  5.27197479e+00 4.76393735e-30 2.83930669e+00 1.26131024e+01
  1.11024487e+01 2.99251239e+01 8.16252588e+00 9.83231676e+00
  1.79732279e+01 1.91499180e+01 4.84756711e+01 1.53458286e+01
  2.31955365e+00 2.20561823e+00 1.72884585e+00 1.57609008e+00
  4.46094262e+01 3.94017278e+01 1.25517162e+01]
 [9.58850678e+00 3.57227633e+01 1.02002427e+01 9.30620543e+00
  1.29572039e+01 1.38500469e+01 7.46130024e+00 7.99822015e+00
  1.07133814e+01 9.54033957e+00 9.18817440e+00 1.38353577e+01
  3.61089338e+00 4.18141232e+00 4.68157018e+00 5.42313476e+00
  1.75367152e+00 1.12037164e-29 2.56548674e+00 1.07756779e+01
  1.17954488e+01 7.44865807e+00 6.30135001e+00 8.11256298e+00
  5.42757812e+01 3.04343630e+01 1.79508441e+01 4.45559672e+00
  1.57459595e+00 1.32135124e+00 1.77590481e+00 1.78746035e+00
  1.44302451e+01 1.01583613e+01 6.67510166e+00]
 [3.26213949e+01 3.70398884e+01 8.43200979e+00 1.03257156e+01
  9.51165296e+00 1.04731243e+01 1.33430974e+01 1.43957558e+01
  1.82708040e+01 1.90224918e+01 4.29866888e+00 6.81443186e+00
  3.70467637e+00 4.88724302e+00 9.83586227e+00 1.03309998e+01
  3.71049183e+00 2.68871909e-29 7.72176524e+00 1.75509552e+01
  5.70930202e+00 6.67478700e+00 9.02417393e+00 9.88475060e+00
  9.04884669e+00 1.26702506e+01 2.20405538e+01 8.91376116e+00
  2.09188204e+00 2.59559360e+00 4.73343367e+00 4.45160783e+00
  1.84230571e+01 1.43111469e+01 1.08160780e+01]
 [8.70650177e+00 1.42890663e+01 8.92162906e+00 6.05604546e+00
  8.50796719e+00 8.85613422e+00 6.97740375e+00 7.70554137e+00
  7.35046764e+00 8.20001744e+00 3.12502708e+00 4.06494286e+00
  1.59145777e+00 1.52773590e+00 3.49296735e+00 3.65011204e+00
  2.18136836e+00 2.20796682e-29 2.65686632e+00 7.25107220e+00
  5.25660494e+00 4.45883007e+00 3.93584863e+00 3.87146564e+00
  4.96508789e+00 7.93654015e+00 1.01233640e+01 4.05415489e+00
  1.26613093e+00 1.25054260e+00 1.54165033e+00 1.25795461e+00
  2.92333524e+00 6.61393567e+00 1.56578157e+01]
 [2.45100807e+01 3.05160021e+01 9.35855437e+00 1.08696643e+01
  3.91794744e+01 3.53883827e+01 2.23707372e+01 1.89140747e+01
  2.72839140e+01 2.25454812e+01 4.58254529e+00 8.89825242e+00
  5.44488270e+00 8.09680595e+00 1.31282034e+01 1.05762294e+01
  3.54643028e+00 1.60336095e-29 6.11200418e+00 2.25837459e+01
  7.22293751e+00 1.10574915e+01 1.40578401e+01 1.34066360e+01
  1.01015947e+01 1.66480908e+01 2.36779524e+01 7.63301847e+00
  1.92371588e+00 2.86275064e+00 4.56357187e+00 3.34951630e+00
  1.64727979e+01 1.01078541e+01 1.78680792e+02]]