[[1.25529684e+01 3.15353224e+01 1.84068334e+01 2.09096807e+01
  1.59898714e+01 1.47030181e+01 1.39589615e+01 1.41615755e+01
  1.77827263e+01 1.77471353e+01 5.30519987e+00 7.42298130e+00
  3.59460003e+00 2.86642011e+00 7.20805772e+00 6.85032160e+00
  4.76021181e+00 5.93590983e-29 5.20340369e+00 1.84744218e+01
  1.30128845e+01 8.75723215e+00 8.55850099e+00 7.33753253e+00
  9.63811637e+00 2.54190292e+01 1.46996310e+01 6.08182526e+00
  2.40454496e+00 1.89170925e+00 2.57265140e+00 1.89627701e+00
  4.82067328e+01 3.80440560e+01 1.05707895e+01]
 [7.95763997e+01 1.10555915e+02 2.95643711e+01 2.40796175e+01
  1.83170779e+01 1.46173449e+01 1.75607340e+01 1.87471085e+01
  1.83704826e+01 1.76531982e+01 1.08630361e+01 1.21862222e+01
  5.57640436e+00 5.70426766e+00 9.48204826e+00 9.53904210e+00
  9.18044616e+00 6.66229565e-29 5.59377678e+00 1.73309002e+01
  1.44700496e+01 1.16255995e+01 1.19613275e+01 1.14397728e+01
  2.78064341e+01 4.51255944e+01 8.50273260e+01 3.30730985e+01
  4.18618847e+00 3.45368199e+00 3.58008652e+00 3.36197640e+00
  7.61910057e+01 7.00569293e+01 1.01181726e+00]
 [1.93586941e+01 2.13718692e+01 1.14511148e+01 1.12108357e+01
  7.20012346e+00 6.49807188e+00 8.03119525e+00 7.74310186e+00
  7.74198187e+00 7.50308038e+00 4.75356984e+00 4.77919035e+00
  1.96821284e+00 1.75805799e+00 3.83714839e+00 3.87027387e+00
  3.19230085e+00 1.04681214e-28 2.75371550e+00 7.36618294e+00
  5.35608230e+00 6.12577365e+00 4.63714749e+00 4.23487954e+00
  1.06396695e+01 1.51706825e+01 1.93693424e+01 8.87207694e+00
  1.45002191e+00 1.48747743e+00 1.54928269e+00 1.29928210e+00
  6.84348676e+00 2.89839555e+00 5.64846270e-01]
 [1.08043457e+02 7.94623412e+01 3.25398622e+01 2.28155994e+01
  1.78856793e+01 2.30013971e+01 1.82114971e+01 2.48227283e+01
  2.09320422e+01 2.12919967e+01 2.11762787e+01 1.26030575e+01
  3.41667339e+00 4.41616969e+00 8.90635208e+00 1.13285851e+01
  1.46547726e+01 2.49123572e-29 7.61318494e+00 1.96429675e+01
  1.32027870e+01 1.38634844e+01 1.09365836e+01 1.43472337e+01
  5.66071740e+01 2.76659864e+01 7.18375994e+01 3.99209792e+01
  6.91467395e+00 4.47355671e+00 2.99788834e+00 3.55339733e+00
  6.56505045e+01 3.46009353e+01 1.30557429e+00]
 [4.91098210e+01 4.73200213e+01 2.60982555e+01 2.05322395e+01
  1.62633246e+01 1.42684464e+01 2.08864780e+01 2.31309330e+01
  2.25259659e+01 2.12186851e+01 1.10777816e+01 1.06503573e+01
  4.80132059e+00 4.38396244e+00 1.07717382e+01 1.06853636e+01
  7.86330276e+00 9.81966473e-30 7.15227928e+00 2.08830164e+01
  1.25394343e+01 1.07391719e+01 1.13552116e+01 1.06765029e+01
  2.36194172e+01 2.08220857e+01 3.96906062e+01 1.69751429e+01
  3.61050119e+00 3.39861035e+00 2.96828536e+00 2.88106849e+00
  1.33985388e+01 1.47774923e+01 4.49781542e+00]
 [1.71158179e+01 1.86783902e+01 1.21107863e+01 1.09726426e+01
  8.94827345e+00 6.70596181e+00 6.74994678e+00 7.60824693e+00
  8.18183814e+00 7.70265988e+00 3.66516039e+00 2.87299823e+00
  2.80404141e+00 2.15196588e+00 3.78579893e+00 4.11556189e+00
  2.04306578e+00 1.63700723e-29 2.63692385e+00 7.73357304e+00
  1.23664801e+02 6.79327320e+00 4.95315639e+00 4.83028179e+00
  6.54588723e+00 4.94849784e+00 1.80665486e+01 2.62556368e+00
  2.06503212e+00 1.06621637e+00 1.75939359e+00 1.37152525e+00
  2.11363474e+01 9.04117892e+00 3.91030974e+00]
 [4.65875772e+01 3.88727690e+01 2.05291729e+01 2.28855101e+01
  1.58355289e+01 1.60638468e+01 2.01498784e+01 2.04076035e+01
  2.45232909e+01 2.58495858e+01 6.29797334e+00 7.90979025e+00
  5.36661500e+00 5.21690096e+00 1.20603533e+01 1.25370490e+01
  2.95061311e+00 3.69458563e-29 1.08602436e+01 2.48471108e+01
  1.39931662e+01 1.02593670e+01 1.23321055e+01 1.20512260e+01
  1.84202209e+01 1.76077122e+01 3.80743667e+01 6.25263557e+00
  3.97226695e+00 3.26662600e+00 4.14828874e+00 4.09532134e+00
  8.77301934e+01 7.91481839e+01 5.97239363e+01]
 [2.95063267e+01 1.69507364e+01 3.94632724e+01 1.54269919e+01
  1.39935890e+01 1.23539758e+01 1.62886561e+01 1.70083567e+01
  1.57089868e+01 1.38027684e+01 8.75048636e+00 7.22944286e+00
  4.12319342e+00 3.64609020e+00 7.75416013e+00 7.63974447e+00
  6.82512395e+00 6.49211727e-29 4.81441395e+00 1.32223148e+01
  9.74063628e+00 8.74325204e+00 8.74310141e+00 8.44682144e+00
  1.32309019e+01 9.74961612e+00 1.59234162e+01 1.12469127e+01
  3.33570088e+00 2.60690857e+00 2.20936010e+00 2.42329336e+00
  5.59012593e+01 1.48673031e+01 5.36397581e+00]
 [3.23912582e+01 3.12079538e+01 7.90270232e+00 9.17393344e+00
  8.50244402e+00 6.83093227e+00 1.23682211e+01 1.26240796e+01
  1.37451192e+01 1.38064383e+01 3.42963536e+00 4.79045751e+00
  2.34565035e+00 1.82303864e+00 5.90379578e+00 4.64485008e+00
  4.60075422e+00 3.23926838e-29 3.44351051e+00 1.47243104e+01
  4.70412818e+00 4.71433498e+00 6.44756183e+00 5.09287510e+00
  7.97360167e+00 9.95065288e+00 2.36894436e+01 7.49252798e+00
  1.59016058e+00 1.67674741e+00 2.06074632e+00 1.40344540e+00
  3.62707401e+01 5.92051365e+01 1.73841954e+01]
 [1.61925750e+01 1.69150224e+01 8.53554672e+00 8.11146234e+00
  5.32790254e+00 5.97659128e+00 6.65662195e+00 8.06312894e+00
  8.49260709e+00 8.56710938e+00 3.71262793e+00 8.93086389e+00
  2.14196330e+00 2.59851895e+00 4.28326557e+00 4.58280913e+00
  2.72280704e+00 4.13122584e-29 3.01602739e+00 9.48070650e+00
  4.55289147e+00 4.15873032e+00 4.36399748e+00 4.52251433e+00
  1.02205465e+01 8.20820297e+00 1.44568669e+01 5.47087769e+00
  1.29664085e+00 1.39258792e+00 1.83743462e+00 1.64312692e+00
  7.33095357e+00 6.42218395e+00 3.19951535e+00]
 [8.07115524e+00 8.54305140e+00 1.05423607e+01 1.15641433e+01
  9.39600043e+00 9.27739818e+00 1.00117118e+01 8.54586033e+00
  9.21368517e+00 8.48126558e+00 4.57027900e+00 5.24303691e+00
  2.61300294e+00 3.22125754e+00 4.98935634e+00 4.48664157e+00
  3.54206936e+00 3.62735542e-29 2.48529742e+00 8.50298447e+00
  6.62478759e+00 7.20068886e+00 6.08355843e+00 6.15089748e+00
  6.65717454e+00 8.22886214e+00 7.90436979e+00 5.38589307e+00
  1.75540383e+00 1.85054040e+00 1.62170716e+00 1.68177592e+00
  2.69737920e+00 2.70762837e+00 1.48220732e+00]
 [2.77231557e+01 3.44651603e+01 2.88726708e+01 3.13664183e+01
  2.23896883e+01 1.89378591e+01 1.96976670e+01 1.93028271e+01
  2.38214047e+01 2.49697249e+01 9.27378664e+00 1.07310946e+01
  6.58394449e+00 5.31298297e+00 1.17751462e+01 1.05851450e+01
  7.65577334e+00 3.24226478e-30 7.35613418e+00 2.24063059e+01
  1.71299928e+01 1.37349987e+01 1.52788365e+01 1.38625459e+01
  1.41185799e+01 1.75207069e+01 2.94647641e+01 1.22760911e+01
  4.89899949e+00 4.14761248e+00 4.22265531e+00 3.75177904e+00
  4.39869636e+01 3.92312141e+01 4.27158729e+00]
 [8.21031947e+00 8.85053402e+00 7.24693434e+00 6.42196627e+00
  6.64911491e+00 5.38863525e+00 7.31754168e+00 6.66900822e+00
  7.95733655e+00 7.34124081e+00 3.41307637e+00 3.25711910e+00
  2.23292889e+00 1.49732007e+00 4.08056564e+00 3.47776776e+00
  2.55462097e+00 8.52365753e-30 2.69470576e+00 7.25304510e+00
  4.21431485e+00 3.44357738e+00 4.63361875e+00 4.08965994e+00
  5.44393657e+00 4.97617995e+00 7.74501220e+00 3.85725871e+00
  1.45684413e+00 1.21842691e+00 1.70125489e+00 1.12167820e+00
  7.52480808e+00 5.25065250e+00 1.59191542e+01]
 [2.24261937e+02 2.57556363e+02 9.18185488e+01 1.11011498e+02
  9.26675112e+01 8.57434017e+01 9.50075728e+01 1.11230945e+02
  9.20690672e+01 1.08126261e+02 6.45663328e+01 7.01319187e+01
  1.88489956e+01 2.48280473e+01 5.65550023e+01 4.86124224e+01
  5.84073622e+01 1.29884283e-28 4.00622400e+01 9.62442885e+01
  5.72824965e+01 6.01293907e+01 6.38952341e+01 5.83873794e+01
  9.48408622e+01 1.19532602e+02 2.03872520e+02 9.09806978e+01
  2.48851969e+01 2.48100971e+01 2.00427954e+01 1.52566560e+01
  2.20457788e+02 1.29094141e+02 1.21916588e+01]
 [3.84125928e+01 4.70084359e+01 1.14678358e+01 1.22402878e+01
  1.10802185e+01 1.07043941e+01 1.80574245e+01 1.85225443e+01
  1.96860734e+01 2.01400528e+01 4.18265256e+00 7.08200512e+00
  2.69707193e+00 2.81524524e+00 8.97233342e+00 9.11055192e+00
  4.81094966e+00 3.99670002e-28 4.97081408e+00 1.84353185e+01
  5.76618315e+00 6.61100275e+00 8.98486495e+00 8.56384347e+00
  1.35253669e+01 3.01363705e+01 3.86858907e+01 1.24664365e+01
  1.91704071e+00 2.72287309e+00 3.10795434e+00 2.17770663e+00
  4.92201547e+01 3.66670452e+01 1.22425988e+01]
 [1.18158338e+02 1.21059244e+02 2.74993336e+01 2.10231092e+01
  1.38770304e+01 1.55232045e+01 1.50315945e+01 1.56391479e+01
  1.98327070e+01 1.95801374e+01 1.57506044e+01 1.38678503e+01
  3.78651552e+00 3.96679861e+00 8.35760688e+00 7.97426525e+00
  1.35527246e+01 7.04633594e-30 6.45466399e+00 1.90809767e+01
  1.23436504e+01 1.24545590e+01 9.02467904e+00 1.20416277e+01
  4.55153805e+01 4.37875285e+01 1.06896265e+02 3.75014095e+01
  4.62553845e+00 3.26747137e+00 2.96875032e+00 2.67854337e+00
  5.99383826e+01 7.54934441e+01 1.24937937e+01]
 [7.95338493e+00 9.79135419e+00 9.32039909e+00 8.71430398e+00
  8.89992227e+00 8.70029145e+00 1.12640656e+01 9.94916201e+00
  1.25468658e+01 1.09450360e+01 3.13753894e+00 3.79416124e+00
  2.80620296e+00 3.04618804e+00 6.31837886e+00 5.29847759e+00
  2.25422849e+00 3.66006992e-30 3.25482497e+00 1.10588731e+01
  5.29487984e+00 4.98524244e+00 6.46225478e+00 6.41969806e+00
  6.90150315e+00 7.70976241e+00 7.64671995e+00 3.42273851e+00
  1.45952231e+00 1.21222688e+00 1.83838237e+00 1.78294554e+00
  4.21058879e+00 5.17837071e+00 2.59764984e+00]
 [4.40248765e+01 5.03411574e+01 1.62707371e+01 1.68916036e+01
  1.81655114e+01 1.66649210e+01 1.80220927e+01 1.62373281e+01
  2.03579502e+01 2.00142378e+01 6.78418039e+00 8.97567733e+00
  4.92900152e+00 5.03582338e+00 1.06990125e+01 8.82414123e+00
  5.12992718e+00 4.24272078e-29 9.31537713e+00 2.02228419e+01
  1.01545647e+01 9.77097608e+00 1.12936093e+01 1.03946839e+01
  1.31231806e+01 1.71683871e+01 3.09998408e+01 1.28041959e+01
  2.74897995e+00 2.94171646e+00 4.89432547e+00 3.75547086e+00
  2.03100223e+01 1.90252297e+01 1.38459467e+01]
 [1.41845167e+01 1.97868120e+01 1.40492487e+01 1.34906711e+01
  1.63834921e+01 1.37352107e+01 2.00534150e+01 1.70665715e+01
  1.80636412e+01 1.67643302e+01 6.59463594e+00 6.46142917e+00
  4.06308035e+00 3.05295338e+00 9.55784794e+00 8.49095306e+00
  5.19092220e+00 6.33775053e-29 5.41696774e+00 1.69432641e+01
  9.33595118e+00 8.42269855e+00 1.16173627e+01 9.54210606e+00
  9.89784775e+00 1.12478375e+01 1.43887846e+01 8.73343293e+00
  2.51991177e+00 2.53205874e+00 3.30505033e+00 2.44504060e+00
  4.35527736e+00 1.10509713e+01 1.52645943e+01]
 [1.68904889e+01 2.00289400e+01 1.24612842e+01 1.40402676e+01
  1.21074185e+01 1.24539452e+01 1.15820221e+01 1.25245472e+01
  1.30078272e+01 1.37150329e+01 5.47749231e+00 1.01822218e+01
  4.21895312e+00 4.89459261e+00 6.99480117e+00 6.66568521e+00
  4.92718749e+00 8.61420110e-30 4.70144269e+00 1.31724867e+01
  8.65426565e+00 9.70752656e+00 8.13242891e+00 1.03284558e+01
  9.39961830e+00 1.23548704e+01 1.62480295e+01 6.99758391e+00
  3.18431053e+00 3.06282744e+00 3.05876691e+00 2.39002150e+00
  1.33343891e+01 6.19944394e+00 3.23397571e+01]]