[[ 1.96270339  1.60458952  3.32023429  6.02431973  3.71562571  2.72327087
   9.96271022  8.15645938 13.39146264 15.71719921  6.3652046   7.83301783
   6.70883571 12.35261229 13.64393325 13.32173278 10.67044966  6.89273216
  16.81321453 16.00641363  1.05228199  7.50152207  9.63551263 10.20211179
   1.15904545  1.99583723  1.92875158  8.84515442 17.98485052 10.5524589
  15.91780259 16.88586519  3.19601091  1.64366266  6.63700543]
 [ 1.78027585  1.85324382  9.18495925  4.27258235 12.54962901 18.89783361
  12.60420071 14.41393748  8.9946229   8.83609674  6.76772151  4.1394547
  14.57741994 20.71570698 11.47476145 14.43123554  4.10814261 12.3469196
   9.8658784   8.36822857 13.64631696  9.03194573 13.16975477 20.52244757
   2.59133306  2.31635657  1.88980946  2.24044101 10.94538104  9.06747783
  11.19206019 15.48889189  2.20825175  1.83497231 12.85241078]
 [12.0688888  10.80256517  4.95237614  6.30532553 12.31328027 12.57211575
  14.98842274  7.33012747 10.6898116  10.70500365  3.49746777 12.61320152
  10.09656916  9.11589282  9.32209478  9.72079197 12.79183837 12.39945098
   9.47793695 10.84442392 13.4127054   5.93805688 11.28138915  9.4474784
   8.84604395  9.08215821 13.53140369  5.58348235 10.4373268  11.90147292
   7.35332954  9.05391839  4.02941725  3.36666085  5.70369415]
 [ 3.95183378  5.60129355  7.91706712  8.02345534  7.81686608  6.52104654
  10.66553503 13.37232682  9.84598244 11.30935744  8.30695386  3.64115515
  11.58781401 14.62720573 11.25338842 12.22096203  9.26878423  8.04289504
  11.23669878 11.38020902 12.3910891   8.02887774 12.37307644 13.83052019
   4.79465933  4.09674506  6.86415731  5.69482187 10.18965967  6.99873538
  11.77940319 13.67822904  3.17076916  2.44645096  8.7660041 ]
 [ 8.85600933 11.02708369  5.04890166  6.42200085 10.55085722 12.90174305
  21.8073742  20.77504084 20.58093528 19.33700454  7.96018406  8.92710626
   9.3727827  12.35546902 18.23077539 17.23311918 12.13796425  6.06522568
  18.65368262 20.60895079  8.78731999  9.65777697 15.8046184  16.48238039
   5.13139308  5.30006373  9.87772815  9.8354232  10.80066511 11.47194576
  14.16351935 14.0811248   5.78203159  4.1751943   8.88375107]
 [17.70553666 11.2729112   5.07132228  8.11187187  7.70279652  9.08632326
  12.18265123 15.33087951 12.52391913 13.77568198 10.63397316 11.54366356
  10.42485015 13.0423796  12.43493628 15.9245764  18.13005415  7.51018935
  13.76845801 13.48395271  3.17518506  7.71008787 10.47927964 13.92049604
   5.25817239  6.03768754 19.32371682 10.57354666 18.96355765 14.12069773
  15.45689517 15.09318099  4.41880593  4.16443507 12.05520939]
 [10.31104554  6.81731852  6.39854236  3.62115324  8.7948041  10.33194177
  10.07969791 11.87700623  9.28762433  8.63182214 10.38700798  6.28715759
   9.69442811  6.10880884  8.66558248 11.20744894  7.82896323  6.4703817
  12.02674059  9.33130105  3.34126191  7.79351411 10.15778978 12.23771176
   7.16234251  4.00276098  8.41390135  5.51951009 10.94428882 10.36598979
   5.49287984 11.91745005  5.17123947  1.83928495  1.55083905]
 [ 3.43296179  4.40191032  1.33453933  8.42652029  8.49900136  7.16232348
  15.17139258 11.26831157 10.45892779  9.2466062  13.4490894   6.84985434
  11.30010467  8.8811221  12.44142246 11.23557412 16.25553108 15.52275453
  11.25366842  9.77371602  8.25527983  4.75053235 12.152487    9.41145721
   5.63810821  5.86753351  5.14803668  7.1868877  17.35025053 11.22382275
  11.38540647 13.08854949  3.31073994  2.17276162  6.11403123]
 [10.89471171 10.64720981 11.41923399  5.13104973 15.35424471 13.29836582
  15.89967936 13.74957297 14.59547195 12.15119752 10.5363121  13.26728168
  14.64793012 14.32211374 13.23209018 11.58031138  9.77126547  3.94385728
  11.51505767 14.36508999 13.07324279 10.31675453 15.09706343 13.80718801
   8.68834343  3.78050668 10.40059376 10.70286335 10.11542896 12.7428419
  14.58150652 11.4011467  10.64136758  8.28571789  5.65819855]
 [ 3.80229236  4.07988733  4.05726032  1.33087747  5.97578434  7.2952883
   8.11823451  0.91070767  7.68636837  1.54148432  3.61382023  0.42761678
   6.53641761  7.52743305  7.10165342  7.54169648  7.32335512  0.37644966
   4.05131579  1.15841461  1.62110062  0.63128406  1.37637839  1.30042374
   3.59909519  0.4572637   4.59615336  4.86070097  6.83313803  1.49395852
  11.23938353 10.43821513  1.41431232  3.3103314   4.19299339]
 [12.43756238 13.09302328 11.20588781 15.70525425 10.36851318 14.88922617
  10.68515989 10.3923902  11.20200938 10.5172533  12.47162325 15.10412443
   9.46208611 14.24800653 10.65337988 11.7654034  12.80491734 12.87643263
   9.52981566 11.13805085 11.98619313 16.79361279 10.52997357 14.3690011
  12.66245189 15.36910007 11.97877086 12.80728608 12.10300039 15.52288743
  10.28116494 11.07866825  9.07160143 10.85746175  8.71189271]
 [10.47760938 10.74145899  8.27474931  6.24863492 15.88391801 10.8935232
  21.25671376 21.1639272  16.0250622  19.60252347 15.42473272 11.06914554
  18.05497847 16.97696725 22.65970538 23.39603257 16.29913024  9.49115491
  25.03573123 19.86986039 12.75603803 10.35272655 20.19433577 18.56470802
  11.76669167  9.48627205 10.75035907 13.21078246 23.87155366 18.71255784
  25.60977374 27.00414503  8.16062922  6.24561438 12.06455464]
 [ 9.87937315  7.4967286   6.83206663  5.31089768  6.42353525 10.11646017
   9.6879969  10.19720921  9.74709127  9.14098885  8.19172708  8.21332385
   7.86426141  8.25916226  8.84898482  9.68656046 11.14203352  2.68172414
  10.07294741  9.68513808  7.70280665  7.31425859  9.15552522 10.19527368
   5.36914155  7.25827695  8.53969554  9.84151557 10.350827    9.80597995
   9.35986134 10.6013705   1.72005589  0.94580155  5.53249439]
 [11.16093502 10.84834287 19.85186031 17.95605992 34.21458444 30.89124077
  33.32191854 34.50589695 36.01798474 35.90095547 26.54018511 28.56072303
  27.61279835 30.4911942  30.39865335 32.79381544 28.71619375 24.10036937
  36.42227673 39.06126088 28.12935685 28.16718484 33.10031747 32.4427345
  16.32103563 16.8106001  11.87040908 20.65491274 30.91460683 35.72632061
  28.89423246 29.8155765   7.49256865  5.4694284  12.80649872]
 [ 3.37564045  5.08558134  1.50038558  4.62168976  9.86147757 14.46134893
  10.79649059 11.4435441   8.19148008  9.01616704  8.76188118  7.37579783
   9.40689775 14.02512746  7.66228669 10.0667545   9.06805697  5.11021429
   7.43698348  8.95952949 10.16254635 11.88556625 10.42294318 13.9094852
   1.61932436  2.9533437   2.23603971  1.37785797 10.71693705 11.33392596
   7.33436031 10.56996568  1.19816897  3.63790762  6.63184096]
 [ 5.90462786  6.65767673  5.57052956 13.97748667 10.09219456  9.72942632
  15.6474403  11.76054438 11.08698399 10.50055422  6.78100771 13.6870928
  11.59086707 11.05781841 14.18682265 11.8190373   9.23827746 12.22618515
  12.55964451 10.83252688  7.35298141  6.37483676 16.14547045  8.12258473
   6.16998822  9.06752482  6.09676655  7.46389931  9.50818382 15.0256424
  13.9732105  12.31287966  4.61976933  5.63280269  8.07826031]
 [13.60389282  8.39020451 12.71067171 14.30771617 14.18170262 14.60696531
  15.15989116 14.62911038 11.39586187 12.20632759 10.25002369  6.58638563
  14.37731183 14.39719982 13.90816746 14.57168668 14.04326294  7.53702328
  13.43611422 10.49379611 11.08994927 13.88763916 15.11729296 15.37235791
   5.61875292  7.46926134 10.17432792 13.42946449 15.59478573 17.10850637
  12.66233501 14.62537211  8.43333039  3.11878714  7.17538065]
 [11.30493785 10.80771165 21.94708965 19.50885236 21.32514647 20.69028151
  20.74208518 17.90963512 16.73117344 15.76098544 16.13586748 15.82342035
  19.48987509 14.76372498 16.07186474 13.63902942 15.0767553  23.07152767
  14.68716072 16.25076018 22.97332897 19.07887144 18.96051033 16.68295921
  12.97532439 13.02612648 11.37665189 13.7269865  15.91106065 14.96699527
  15.72418247 12.51388264 10.29347376 10.95240227  7.7591268 ]
 [11.47402489 11.51348198 12.85410811 14.26287166 11.40645434 18.02389066
  25.25307246 22.14424565 18.71383646 17.87795616 17.40601127 16.93844622
  22.62425925 20.79841109 22.89658575 21.19590982 21.71537167 24.726579
  18.18888458 18.17569161 18.60285036 18.4770468  22.62330607 21.36552187
  13.79115442 14.74887287 11.4188018  15.2053192  21.96072457 21.30701568
  21.33448904 14.06138679 12.19308222  9.10123086 14.83661435]
 [ 3.1461738   3.70028134  0.48502877  0.98472507  0.46658443  1.22232275
   4.26216098  2.22593038  3.56870343  3.65588917  3.72951472  4.10820168
   1.70753696  5.88037601  3.52692945  5.84035335  1.73330802  0.90615073
   4.47614653  3.37964026  0.51340106  1.36798559  1.930637    1.48198445
   1.1328704   3.30672243  7.47961375  2.49701037  5.36454312  3.258814
   5.95817425  5.55615199  1.35065016  2.32743701  5.50537935]]