[[94.59785843 96.67700306 91.55505118 85.96933693 85.99293948 87.91677567
  40.67312827 23.53062302 26.95273068 27.41339758 81.27996664 79.56660208
  67.09787604 57.99974634 36.96995023 28.89314479 78.40852614 65.90933956
  43.73499634 28.83936884 96.72665453 73.02449219 57.06599855 38.59420894
  96.88854682 96.16898533 95.26635736 80.47483979 57.90241442 71.99795935
  48.79285656 42.49830773 95.10209854 97.14635493 78.53669474]
 [97.66094777 97.61968225 78.82293034 90.91579305 75.95434009 63.84006124
  74.97817768 73.40186591 78.98175303 80.94996023 85.37498111 85.61284909
  51.6910347  41.64954573 72.06821601 72.39532757 93.71399848 74.65395918
  79.85346398 81.48415831 70.26563306 65.23374803 68.92929068 60.38003607
  95.3680547  95.84032501 97.60860405 96.84956978 80.01862675 78.11324755
  69.14221822 67.98663975 95.7264695  96.98639707 62.55890922]
 [58.99184453 61.59102588 83.27491876 50.21707456 52.21008228 44.51827367
  38.79978405 65.02266862 35.55692801 38.17863345 86.90631621 46.97908385
  33.4128714  24.53353544 28.14348484 30.96578002 55.73324719 52.10435696
  34.97296071 38.54744936 50.86724071 14.99528386 34.78504103 30.87461014
  55.31643563 52.30541502 54.88473844 79.70240365 53.90932175 47.66542181
  22.06164172 34.10334842 84.46625111 61.8005034  67.29489094]
 [14.92360505 18.44948126 41.67786334 39.91742819 17.70931552 11.16753673
  21.41054352 22.0959482  22.89915443 21.56157601 18.28004358 12.39096027
  25.81282341 25.22947753 24.97499427 26.51654717 24.06087316 22.15453917
  27.5981622  22.06335342 31.91634713 17.98664283 21.26498597 20.98498655
  16.06660589 18.60391636 26.05268366 20.21858435 20.09275936 13.17171528
  24.43095849 25.28857339 32.27595754 38.48202569 38.29106587]
 [42.26389098 38.71275085 50.99640611 66.99820659 42.03767822 48.6998489
  36.27108143 38.06011463 34.44210402 41.51402849 38.16353053 35.95495436
  42.31130779 37.99021308 33.96298725 37.18546579 43.22218448 63.65151652
  35.81271905 37.08707889 54.73352102 56.51589078 40.60188343 39.94237787
  28.88570987 22.93949459 39.01246483 38.32737798 42.09448285 33.82357317
  27.47131471 38.86686636 44.23685355 64.21660834 52.59079275]
 [54.13032343 72.58961298 86.5518168  69.30416521 61.73912547 42.41202372
  62.35344855 54.09527739 62.41257962 61.01616528 73.22189653 56.70590052
  45.11387059 35.97331417 60.49704404 56.35626285 57.26691444 81.46321186
  63.15469364 61.94126825 93.65381318 32.74066213 51.74739641 40.85899518
  79.50898155 82.99209402 51.36354671 64.32985797 59.66742742 50.88844507
  56.45359215 59.51867488 87.05965647 88.13101598 50.85192708]
 [70.53209973 80.40251223 81.96953098 90.12467065 65.39078915 59.95492353
  46.20558844 31.26752229 29.11828222 27.3047496  62.68289129 77.67909915
  61.24875052 77.35528143 53.63776291 31.26498298 64.38743374 68.2599261
  29.67747382 27.31208356 89.64140801 73.47915464 54.41410775 44.87404477
  79.74826817 87.64246616 74.95655717 75.34138589 59.3310472  60.54696835
  71.57090022 37.48151705 88.25728692 95.35747756 94.559593  ]
 [86.30231028 81.49498044 96.54193536 67.8939882  32.38169139 44.34416527
  51.78203363 53.38751753 56.8398986  51.66482626 55.00641385 55.02029563
  36.84703303 47.4528763  53.41949242 55.79129823 64.76218985 51.44891336
  58.16478136 54.4129031  63.31880805 70.91396124 38.11458829 52.3294786
  79.08157843 65.7987423  78.97131462 75.88476397 60.16041358 63.75824459
  52.26563324 54.3554785  89.81473376 88.11590709 57.00131821]
 [57.65916176 59.42689265 55.68454938 83.62073681 50.80202145 52.8919544
  48.24867031 43.2926548  48.71264956 49.38080446 55.94435976 54.48754583
  47.46699604 46.6356002  52.42395967 46.10214622 70.00123526 89.85710889
  47.25555081 51.00408309 54.66182966 66.54092981 50.2920937  48.17430446
  57.02149161 86.75003675 58.98252999 58.25140971 64.33314503 56.96366048
  46.25366591 49.07303594 67.12732879 77.94578381 81.76629302]
 [81.55045421 82.01412642 85.60835851 95.91582061 80.13786763 79.26308896
  61.86282429 96.10986326 47.92908742 91.1069115  75.52639858 99.19674907
  76.55865021 77.23966932 61.93451717 63.82946878 69.82701305 98.71760734
  77.12945907 93.87068291 92.97822259 98.33196467 94.84656952 95.54185407
  75.1703575  98.56408924 81.61589677 78.25504678 67.60300371 94.58833766
  48.07954678 53.84614943 95.13818794 81.02434153 80.51873003]
 [57.58210224 55.90232783 60.24160178 52.32193494 52.5089002  41.38177876
  38.1865127  30.66853833 43.36307737 38.35901205 54.98972693 50.06286834
  36.82591039 33.46655813 44.20402203 35.31132933 60.19922009 47.4316563
  41.69920526 42.58556416 52.41635231 45.90956044 45.21868504 36.30030343
  56.40599974 48.7115795  59.27327223 59.14788861 54.68035494 48.48207349
  38.87168728 41.03511379 58.98520409 56.98822029 53.8887652 ]
 [66.21170326 66.91605793 85.32051387 87.71582888 64.75355812 61.52633047
  43.52791478 43.12344639 37.9728275  35.51740158 64.43503422 75.94049309
  58.29261176 55.89088523 41.7223881  37.86305608 63.70472229 73.97405859
  35.95573332 31.28003617 68.34790706 75.12061952 53.29276942 50.79561605
  66.59668031 71.052862   66.80052508 66.01918094 50.60462904 61.27207897
  39.94115237 36.43512052 77.94819319 81.13002052 56.96471111]
 [50.47735542 56.39980725 57.81980355 66.93875513 57.84522095 37.60831919
  29.21028725 25.45560466 23.10328335 21.93147507 44.40754948 43.76190381
  41.65577267 35.17853394 26.76378608 22.7352572  34.71905679 82.23519059
  24.08658409 23.59452299 36.36912738 46.743315   29.45304411 28.70378323
  62.06579376 52.04984282 52.38651492 40.47312647 37.90687259 35.08065679
  26.53582526 22.88038298 92.94854803 94.51501983 61.74534249]
 [72.85420643 73.61881965 63.36100717 66.37003573 43.66293206 45.77664109
  29.32688998 27.76113632 26.45739828 24.24372884 53.15837341 48.11332954
  43.35533842 41.84726531 28.51564559 26.46443814 48.50898168 58.43723729
  23.31504337 26.69309742 50.3294025  49.95314392 36.27171111 37.02856803
  64.10651367 62.85263745 72.70405709 59.23776851 45.83765085 35.1769687
  27.5040643  26.78409225 80.61597928 86.20411742 57.39944063]
 [82.59755389 71.50665536 93.32996659 76.94404795 53.30598347 43.62003687
  34.74738356 35.21234079 36.98128813 36.75120204 51.62909934 62.32479267
  31.66233284 39.96027236 36.57903753 34.50588286 45.71543046 65.09490788
  39.32455346 37.89607462 52.80584181 47.83652571 35.99230906 37.49762838
  90.91598752 83.60858053 87.93930006 92.04306447 42.51824916 45.74080712
  34.65364039 33.92647654 95.26848706 84.77183537 70.28093709]
 [86.99123801 85.05942659 85.05438766 64.92161059 59.00011633 56.80757688
  54.0610755  58.59392774 52.30543946 55.84332387 83.00159901 62.01397226
  50.67517807 40.70454875 58.79012449 61.9258354  80.64665368 60.81194669
  68.85018412 57.99877493 77.70937752 57.48174884 49.18500518 74.82475166
  86.95758095 79.77666194 86.30929522 83.98476826 77.92494919 61.9956208
  62.67928034 64.20852227 87.34558162 87.21976571 72.57976166]
 [46.95392221 36.69518221 55.40056876 51.27919516 39.58979182 38.78860886
  43.88319212 46.06723893 39.79503006 41.84177872 34.44386599 45.59723772
  42.64029093 43.80322335 44.47210681 39.82636235 58.3319039  46.99118274
  44.45562655 41.30770631 35.38441605 40.7413807  43.83074331 41.34898894
  17.28972027 35.27124769 42.8696738  46.03140639 47.55026624 39.28424528
  48.10045948 43.42365042 35.20555965 84.91865309 55.91205701]
 [67.07415376 69.05029913 47.50434911 49.73332497 44.01626201 38.13760589
  28.16297771 31.40108617 35.31510173 38.70012848 54.95605555 51.84893301
  30.55674231 25.72651269 31.85435719 28.24095117 48.71110649 37.18244923
  30.65310464 39.68778376 42.08987085 44.47899742 30.2639891  28.02383186
  62.28947714 61.80710455 66.84182611 58.28168595 47.75333502 45.00232895
  25.97336043 23.34566739 65.14786885 69.57893067 78.6754695 ]
 [67.14725295 66.22047702 66.11034831 69.33855929 69.38822861 50.81792794
  33.51023579 38.26896497 34.88821006 38.18438072 60.56101821 58.51693133
  48.4683164  52.28003006 33.46178467 38.15165008 54.10952152 43.44126598
  34.2799878  36.5670756  51.87980196 58.94070375 43.05757986 50.12119494
  66.40253707 58.71528619 66.6916764  65.75085965 50.49661865 50.23642645
  34.8261418  57.59184575 63.87285294 77.96686462 48.76782959]
 [84.06016391 79.29238085 98.41551045 96.93352971 95.9972197  91.33201124
  68.66490332 86.84124506 71.20624209 73.98312796 88.42308534 87.7162646
  88.33553732 52.88090966 67.47826882 55.40963737 95.15799237 92.46736674
  66.94037881 75.75264178 98.13159826 94.48152848 83.94674226 92.01697888
  95.82972548 85.31315562 61.39491283 90.57914281 85.6551979  89.38774146
  47.10400297 50.97492759 94.1797082  86.25114692 38.7744882 ]]