[[ 0.93587875  0.55150076  1.08273106  1.88168471  2.35768993  1.86007652
   6.49096687  6.07072123  6.74700639  6.93323123  3.60364806  3.60297469
   8.90571849  8.31645287  8.82692895  8.34915712  3.6765231   3.36260236
   8.33031953  6.7216563   0.62222934  5.71862017  6.26770077  7.29772756
   0.58269962  0.55251343  0.77738409  3.25151246  7.87484946  5.62161462
   8.26522391  8.98409508  0.61882698  0.42072947  5.79404308]
 [ 0.22802622  0.1975307   5.27363113  2.02092046  4.19790477  7.04613622
   3.38761487  4.11117661  2.71309648  2.91123377  3.66982421  5.13867278
   4.72170804 10.28062183  3.54012554  4.32903563  0.81874303  4.25767993
   3.02490988  2.66033521  7.16613078 12.89178604  3.70129128  6.88073457
   0.94373562  0.83091803  0.17839957  0.35344358  3.6094037   5.52788819
   3.50176741  4.47155584  0.86008286  0.50327681  9.24320272]
 [15.00194107 14.97309031  6.09065392 25.77068635 17.85108433 19.69475775
  21.21442415 11.66803507 18.77363862 17.45652037  5.10001717 22.69789058
  22.16347911 24.9617102  23.66239809 20.65032072 14.85979887 18.33525301
  22.01916192 18.12409436 17.91489432 49.57945213 22.08872434 20.43351668
  19.37183031 22.28812409 16.68668883  7.54880818 19.93440099 22.07809677
  20.8362238  20.35671175  6.20224864 19.61025535 12.76569507]
 [42.58814658 38.43708453 24.44907277 23.69118656 34.37355791 42.59478883
  22.99378765 16.35718353 20.62014473 19.12568106 38.13985261 40.54700534
  23.61838787 20.1370305  20.06457882 16.66521514 32.486638   32.34955016
  18.47997297 20.66713833 20.12776789 37.4994     21.08845595 20.86739564
  43.88843029 37.54234616 32.68822564 38.18164472 35.05989747 41.19103051
  19.43219206 19.61148788 33.29430367 29.99795474 20.33806412]
 [29.56776449 29.78832346 26.52864054 16.00541172 21.90567471 18.83409043
  18.82998801 17.95981657 19.59756998 17.6280055  30.83720707 32.30937171
  26.60683138 24.29204592 19.96798875 20.53316156 25.7729969  17.88222193
  20.39876134 18.7007196  20.48583856 18.2009763  19.48351528 19.96407779
  40.47607269 44.47177588 30.66652334 30.32494778 28.14669693 32.55740193
  23.3525377  20.52169112 29.09101679 18.32003921 21.40942702]
 [10.67018362  6.09307001  3.54258141  9.53023489 14.14382248 19.05010128
  10.37205233 11.73863299  9.90154544  9.98233589  7.3158252  13.28598684
  17.32541678 20.60761757 11.67972855 10.12679831  9.39169798  4.10440281
   8.69880669  9.69940738  1.18481203 29.39480868 15.86920645 17.36147903
   6.85708501  4.18847153 10.74616306  9.1547238   8.77131641 15.44743241
  12.34237871  9.66474818  3.49400778  3.09783608 15.63450367]
 [ 6.47167917  4.65822478  4.23313735  2.57934864  9.14369341 11.22193399
  11.02045549 12.87117391 11.31582074 10.79688728 10.72957034  8.17332664
  12.33597402  8.1856975  10.2756187  13.55041456 11.22444886  7.68779042
  12.2015514  11.55634396  2.70535665  9.16660467 11.59504695 14.80208224
   4.30208031  3.32077377  5.84193391  6.67127916 15.35002491 16.56344696
   7.43970904 15.53051882  2.59336398  1.1346898   1.38622458]
 [ 4.61278254  6.3659368   1.11900642 13.27887898 36.32664628 28.6857366
   9.84581832 11.8495469   9.44830515 13.53332396 14.82459972 17.96272659
  26.36115357 22.98411755  9.07852156 10.04076588  7.3686006  10.71356342
   9.1397627  11.85703456 13.3645699  11.82638899 20.29348679 18.85544373
   6.7201711  13.38281412  7.05001168  7.42544385 10.03020358 11.03210384
  10.64248374 10.65641432  2.99693702  4.90042239 16.13992311]
 [ 8.71495953  9.01168079 12.19395966  3.96291618 10.23114295  9.35434275
  10.2503693   8.88532692 10.13053339  9.51489761 11.13554511 11.93034573
  13.2720743  14.38272014 10.96925315 11.05493501  6.22190851  2.20571971
  10.9955276  10.02575948 10.54660527  8.74041848 11.51264614 10.88940879
  12.26011597  2.99487661  8.72214265  8.78494544  8.42224885 12.60553614
  13.43824131 12.00507765  6.94722805  4.34552196  4.47213749]
 [ 6.57123694  6.60763185  4.91890039  1.14535818  5.42939013  5.2235826
   7.48093378  0.75464029  8.66603943  1.49864431 10.87557337  0.15296489
   7.07849168  6.55005289  6.85261923  6.78467807  9.78125949  0.33293108
   4.39714307  1.0941092   2.59202738  0.42117667  1.18246642  1.06686251
  11.36368701  0.41850407  6.15383307  7.55466583 12.19606885  1.7487737
  12.88795927 12.78745807  1.54952114  8.41829814  6.92032097]
 [10.37754959 11.21425874  9.64761577 11.32016369  9.17507652 13.10989318
  10.73300928 16.45847376 14.27739583 16.46601583 12.49890155 16.00791596
  22.06392972 19.41290271 15.25221627 16.91182576 11.20085833 12.61876938
  16.46308519 15.23681126 11.51189506 13.83438143 12.67168794 16.0243251
  11.58098268 14.3112785  10.32235879 10.87548723 13.07271968 16.12962766
  20.83503297 18.45064806 14.87838979 15.27932662 15.36862264]
 [10.53784042 10.63159526  2.48737498  2.45092564  8.28604346 13.3142078
  11.78205097 12.49709572 12.18918952 11.43867452  9.02809087  6.04111737
  10.90049567 11.77782848 13.12003662 14.15293367  8.73013705  6.38252946
  14.04053387 12.96536271  7.88732897  5.83029457 10.8614311  12.46558392
   9.72819925  9.49457992 10.28840743  9.48914144 11.53181601  8.94142866
  14.7061826  14.73444273  5.59973905  5.47311795 14.49799774]
 [21.00120039 19.78781608 19.14263776 16.26370998 16.45893147 27.8888439
  26.72335188 28.60387124 28.39719126 30.19120156 27.05138628 27.76106163
  24.36602584 28.88728614 27.64081331 28.79444769 28.88852064  6.06303274
  31.0240465  30.39498671 29.10993879 26.70522698 27.09543276 29.39681666
  18.5394764  23.41553279 20.81729621 26.45665301 28.45098299 30.1380526
  29.00200032 31.34833076  2.81052648  2.45158792 14.17991999]
 [ 6.69546383  6.72621992  5.1038907   4.93831071  7.5728372   7.09712877
   9.51110801  8.11734589 11.33237032  9.41697383  6.64447522  7.29059288
   9.56333889  9.11794479  8.23413084  9.54817402  6.38561536  6.23269301
   8.81636758 10.45475367  6.95666902  6.63488859  8.34321833  8.75937187
   6.93879961  7.89036341  6.20792952  6.46469017  7.32215011  8.5125281
   7.57739817  9.92107908  6.02871845  4.20169456 13.64080076]
 [ 4.13153018  6.89993023  1.17567139  4.03451835  8.33591139  9.3607491
   8.9978771   8.35457102  8.7814456   9.05099312 10.06221263  7.32786425
  12.71436651 12.21177627  8.30406391  7.34661849  9.71526799  6.63306007
   6.83299231  9.4793933   8.75027238  9.32353533 10.20008368  9.76229071
   1.9344783   3.76593077  2.88118686  1.64180491 11.90950248 10.21948985
   8.56359713  8.25839201  1.22650095  3.96668303  8.91084018]
 [ 2.55054561  2.99365725  3.15844903  8.90865647 13.72452708 16.23050534
   8.66963393  7.33772285  7.61691444  7.18670039  3.69184027 10.17405165
  17.06140054 24.83772757  8.51724114  7.24749188  3.59366602  8.26596696
   5.52479303  7.16062771  6.61361075 15.31710428 14.60304791  6.63231152
   2.43642046  3.96556651  2.76478181  3.05427772  4.76803786 10.14265377
   8.13727135  7.24506002  3.43828529  2.93988652  8.11571194]
 [16.40069224 30.61081067 13.91055629 15.27953882 20.64683338 23.25291691
  10.04188923 11.76047242  9.7305747  10.63975577 30.01684028 24.01716625
  18.50006604 19.76261085 10.30518483 14.91451444 10.92492192 23.07132739
  10.5904843  10.22507131 24.70517409 20.75009924 14.74088493 19.42602605
  44.18779465 29.48498263 23.88445967 17.48198926 16.82433103 18.64860986
  12.23200467 14.66240671 28.90213957  6.1180955  18.43835713]
 [ 8.37669227  7.95207051 11.37367491 11.92562091 11.16607114 13.00287529
  15.35691041 15.87839653 15.01585312 14.97999669 10.22419031 12.01331284
  14.64874365 14.32812598 14.77525594 15.96810461 10.90506265 14.62100858
  12.17458033 14.10367374 12.91652352 13.03323251 15.15042164 15.86454122
   8.94689518  9.61326687  8.08867728  9.55617048 12.10778639 13.20597606
  15.20727938 14.83353219  9.3371269   8.23860948  6.06121938]
 [ 7.04279324  8.31447261  8.16268446  6.40269107  5.92338549 11.62137213
   8.78657736  9.99810659  7.61504549  8.74473067  8.24825768 10.65612796
   8.86163946 10.40778396  8.36768139  9.11175048  9.12539676  8.61432864
   8.92112286  7.77850425 10.47433016  9.78142711  7.66455441  8.66851441
   6.91809933 10.40689126  8.03380483  7.05847513 11.0341771  10.52318823
   9.95153439  7.23447551  8.18420138  5.44702848 15.21881084]
 [ 4.56546725  5.63773186  0.36426166  0.76235234  1.50986213  3.4732789
   8.23238661  3.36151182  7.48535445  6.00973993  3.12016324  3.59016098
   2.20370746  9.72752328  6.61952301  9.26670179  1.24757908  1.68661804
   5.81911301  5.79426944  0.42848971  1.55822278  3.33732843  1.92365891
   1.21747472  4.45578249 10.89990252  2.72375816  3.24084498  3.04593453
   8.88938489  7.78671725  1.66854192  3.79475867 30.41783965]]