[[ 0.55706503  0.28012533  0.78897481  1.29830437  1.59099286  1.13348845
   2.32157724  1.2456492   1.37348987  1.46323587  2.19734242  2.63162319
   7.55808935  5.26987165  3.68814756  1.74986859  1.30624536  1.20343718
   1.83352627  1.46831818  0.48744015  3.44024736  3.02804784  3.47721672
   0.30075477  0.28834237  0.4527909   1.39293051  3.40029654  2.99090803
   3.2865588   2.51461467  0.39783093  0.25810798  2.74063768]
 [ 0.12077616  0.11442222  3.20117258  1.09787375  1.85110152  3.33264121
   0.79810169  0.99630861  0.61759425  0.9377834   1.81865669  3.28840022
   1.5574384   5.14009625  0.74703246  0.93675647  0.32641249  1.77979261
   0.6840151   0.76468985  3.61842873  8.52016936  0.95484729  2.43313324
   0.50801957  0.48665532  0.10276526  0.1782116   1.10676012  2.73325902
   0.89679781  1.22237554  0.68080115  0.33421586  4.14168877]
 [ 4.99487095  5.7962131   1.64060095 12.70163665  2.95084026  3.28148365
   2.72256122  1.58326221  2.33846228  2.22822389  1.32383256  9.43398586
   2.50977683  5.12465525  2.6591012   2.56588532  4.28429911  2.83456611
   2.50668565  2.36419672  3.60690375 24.03112176  2.59488999  2.73989636
   8.81136637 10.01582503  5.90477839  3.0949147   2.80166029  4.19661568
   2.19734521  2.84947664  3.14314758 11.80172941  6.26380039]
 [31.0495527  24.58154417 12.95885137 11.66276195 18.62006295 24.87841851
  11.02378302  6.91505986  7.83384843  6.41163409 21.9430828  32.89161731
  11.20387049  8.87987449  6.81006476  5.55825825 20.84823778 18.75932034
   6.43340831  7.95717274  9.80388596 18.30886888 10.33956864 12.0470566
  26.12818733 28.89481884 22.12046505 25.18214304 18.25883668 23.50167207
   6.69598016  6.94191022 25.90941462 23.96367229 13.74783912]
 [12.77436008 12.49950268 13.4096435   5.68792289 15.41070192  8.02911096
   4.26056339  3.53885624  5.813535    3.56726188 16.49105433 15.63790965
   9.80812272  5.6905125   3.77866788  3.26857564  7.93669721  8.28519229
   3.79518984  4.7502214  10.16024107  7.60000809  7.6371631   4.37875864
  20.57281465 22.33085723 13.09540384 13.64855862  8.84544523 10.90131204
   3.80112579  3.18820228 16.20915167 10.13500109  8.85760827]
 [ 9.93118707  5.70998871  2.71593329  8.52297514 11.13585959 22.74556205
   5.60076179  5.47712833  3.80265131  4.60741996  3.74994601 10.8566338
  19.0881128  13.43014575  4.64167029  4.08718316  6.84542152  2.78834383
   2.71802572  4.15666826  0.78367872 24.56661529 14.03139845 14.2465006
   5.5175973   3.37058419  9.71266703  8.52818249  4.18158215  9.9573206
   5.14004802  3.75767579  3.54072669  2.87671382 10.97214608]
 [ 1.89771204  1.00507558  1.02799816  0.57820741  1.40445723  1.77812963
   1.74330928  1.51024044  1.69530019  1.45922287  1.77034663  1.21264489
   1.72164595  1.15269015  1.06224121  1.2467868   2.05118903  1.09759841
   1.15418624  1.68901339  0.48375545  1.32114985  1.40905352  1.5795618
   1.19466259  0.82662919  1.42932191  1.51789174  1.86929115  2.22987936
   0.89028603  1.69804507  0.97580096  0.43436249  0.5516923 ]
 [ 3.49275772  4.27989845  0.68426524  6.22759066 16.65080512 13.93296365
   5.27756806  4.48871107  4.26694854  8.94158262  9.74130917 15.45129795
  14.44117283 12.12003512  3.22236545  3.03333407  4.22119954  4.62083848
   2.81143665  6.74516153 10.78306787  9.16881993 16.1819778   9.7160534
   4.87652091 10.67612966  4.92357515  5.36700337  4.4153083   7.32043848
   4.08246274  3.43248068  2.11734193  2.94689382 14.70091136]
 [ 3.23164775  3.6430074   5.40179462  1.00480238  1.56002592  1.50097631
   1.22963948  1.55858873  1.51830176  1.62435352  3.16654806  2.53777887
   1.86549102  2.52998124  1.14961673  1.36774345  1.7780779   1.16735026
   1.22430437  1.69274156  2.48852342  1.57822532  1.27520823  1.5141193
   6.02829717  0.96301599  3.44414134  3.36807909  1.82459547  2.21796631
   1.57211822  1.6697031   2.65942166  2.73711415  1.7431146 ]
 [ 4.62988817  3.53983883  2.71895043  0.6260181   2.38950342  1.93572336
   2.5497377   0.24080974  3.80401679  0.46617301  6.63692307  0.05899757
   3.14411249  2.64236292  2.4316055   2.24180002  5.48772807  0.17090715
   1.74107088  0.37497191  1.46156338  0.14257005  0.4125848   0.38761544
   7.03923438  0.19040108  3.23971661  4.38604243  6.5758649   0.76011881
   5.4342412   6.06322674  0.96752847  5.00843253  3.79195774]
 [ 2.8802221   3.3511461   2.3591693   2.69138765  1.63144271  2.99292711
   1.86526408  7.34140569  3.79324196  6.56076979  2.77490993  3.87284463
   2.07082767  2.44380282  2.03779519  2.95950666  2.37550323  2.20983954
   2.19223062  4.60437733  2.31118775  2.84622637  1.70223111  2.66042776
   3.62603115  4.69275821  3.0457972   2.64801015  2.3724549   3.09785766
   2.39852652  2.68843024  7.46845169  6.53730907  5.02061319]
 [ 6.50421785  5.94923138  1.12288913  1.34859026  3.71790353  8.23317754
   4.14185959  4.51456766  3.93687885  2.7086695   3.89844716  2.62610701
   4.76619941  5.01398686  3.35046937  3.25482606  3.36788602  3.16654554
   2.99380285  3.86786062  5.56580425  3.43581807  4.33793423  7.3263307
   5.4520465   5.47975089  6.25582434  4.56310773  3.56215023  2.97173212
   3.35630682  3.41297579  3.2924561   4.02431423  7.16355066]
 [ 4.87234884  5.07711419  4.44271893  2.69571644  2.33525531  3.56488397
   3.41966724  3.91111291  5.38114026  6.81937353  4.43219751  4.56628715
   3.5142437   3.91857501  3.51418215  3.76871182  4.58283704  1.2629993
   3.90765286  6.51986695  9.03569015  3.66312183  3.38901815  3.65836657
   5.67172835  5.04282045  5.6779276   5.05633092  4.48985523  4.72122429
   3.81582455  4.12961909  0.72941812  0.70424143  4.49059735]
 [ 3.14020997  3.26277738  1.22230876  1.37613187  0.94400788  0.95358334
   1.12384267  0.96278596  2.21266077  1.65495634  1.74627506  2.033071
   1.40253486  1.41820955  1.05065811  1.27577274  1.90342634  1.11965447
   1.14240334  2.13919748  1.22885612  1.04706777  0.90497483  1.31467491
   2.93735543  3.34872852  2.81796616  2.36363122  1.45802568  1.81530928
   0.89639361  1.41384945  2.93834506  2.06206257  6.25079621]
 [ 1.34571198  2.02273246  0.27777943  0.96134412  1.60917745  1.52799116
   1.31694698  0.91206159  1.48457239  0.87043611  1.87175841  1.57960993
   1.69613783  2.00476663  1.02237357  0.79715343  1.91827865  1.57951693
   0.8382986   1.14234852  1.42276273  1.79036398  1.27965081  1.37225114
   0.54529821  1.08002374  0.87475677  0.44329693  1.99085279  1.79978017
   1.14145277  1.17743512  0.43464263  1.44355889  3.71577153]
 [ 1.38099609  1.66502702  3.70597876  5.22852076 10.88558935 10.74217777
   3.0212322   2.41453252  1.77258842  1.72656368  3.03425106  6.97467255
  14.04110804 15.23292627  2.57073616  2.60968262  1.57851081  4.93662283
   1.99385687  1.79872502  5.10421881 17.08785122  6.97908805  3.89874149
   1.17678765  2.17765442  1.53483642  1.49195409  3.00880828  4.98187586
   2.91495807  3.25953034  1.59134204  1.41422589  5.10379633]
 [ 9.40153067 16.87363948  6.44952462  6.85302669  9.45251607  6.96302318
   3.19485429  2.56718599  4.0260008   3.92856062 15.71585968 16.03620965
   8.81203844  4.00518063  2.2330894   2.24325494  5.09975146 12.57389799
   2.28114816  4.44959804 16.80223285  9.82446745  5.14732526  3.3986325
  25.74696506 20.42826283 13.51651926 10.54418426  7.37507002  6.68722668
   2.63535444  2.42756243 16.92411294  3.28022474 10.98651136]
 [ 2.31364506  2.26373722  2.31251869  2.26095771  1.75278624  1.91292477
   2.82168521  2.16318139  2.81546501  2.29226963  2.22582074  2.4467611
   2.18470395  2.23083684  1.90445145  2.09610396  2.32988288  2.65249615
   1.39049949  2.49642071  2.42608884  2.33474852  1.96832821  1.97093621
   2.39557387  2.23742682  2.18398096  2.42690142  2.41500051  2.79035123
   1.87153977  1.86557741  2.51234528  2.33253599  1.68930994]
 [ 2.69055323  4.13572524  3.69473757  1.52231756  2.35514674  6.33905884
   2.49239776  2.54873565  1.33114121  1.8590391   2.05311919  3.02978948
   1.83941667  2.16977947  1.1784207   1.44098097  1.95503495  1.27820771
   1.11962512  1.47743956  4.78232869  2.4207429   1.27506127  1.82322175
   2.09358327  4.29353185  3.29851831  1.84506876  2.35431022  2.50441904
   1.40141805  1.11200539  4.5248184   2.95680055  8.87926134]
 [ 2.37165892  2.65230949  0.12840617  0.28657875  0.82254502  1.95103231
   2.12822423  0.86775434  2.39709786  1.09879334  1.33799785  1.46417585
   0.56345702  2.37469983  1.30344506  1.70010425  0.53340805  0.65940562
   1.21553774  1.56615448  0.15242406  0.83992411  0.68147956  0.49639684
   0.57070718  2.12278142  5.62697274  1.28353818  1.32878032  1.20721345
   1.95047509  1.71367424  0.92166996  2.25817982 15.98372348]]