[[3.41534820e+01 4.32608905e+01 3.33802863e+01 3.14783328e+01
  5.46249982e+01 7.36361052e+01 2.09348433e+02 3.08025504e+02
  3.45521159e+02 2.40710902e+02 9.45337422e+00 1.03852004e+01
  1.19248761e+01 1.18280523e+01 8.62237934e+01 8.95703341e+01
  4.77337981e+00 1.00627581e-28 3.75422900e+01 2.61528375e+02
  2.21895845e+01 2.40758481e+01 6.55527416e+01 8.03928922e+01
  2.04187633e+01 2.70965797e+01 3.25448611e+01 1.00956228e+01
  2.78627653e+00 2.67542587e+00 1.42210701e+01 1.20727413e+01
  1.89465103e+01 1.54736441e+01 2.20691485e+01]
 [1.98372205e+01 2.30375693e+01 7.91530831e+00 8.88281695e+00
  9.53970602e+00 7.88581825e+00 1.71651768e+01 2.62096225e+01
  5.09587770e+01 3.69752330e+01 4.99458615e+00 6.16692657e+00
  2.94218882e+00 6.10775762e+00 8.62067589e+00 9.65851742e+00
  3.03658631e+00 1.25118866e-29 4.27961720e+00 3.82430472e+01
  5.40566467e+00 4.97139128e+00 7.92617256e+00 8.27553605e+00
  9.54887407e+00 1.41079480e+01 1.83859408e+01 9.56924387e+00
  1.91522807e+00 1.89206307e+00 2.25544113e+00 2.35217477e+00
  9.34823325e+00 1.39999605e+01 3.96317064e+00]
 [4.39892483e+01 3.86744077e+01 1.22184811e+01 1.03618877e+01
  7.75946971e+00 1.16903376e+01 1.54160801e+01 2.48344500e+01
  7.25423942e+01 5.72130314e+01 5.82759796e+00 4.03327988e+00
  2.63142042e+00 4.71414271e+00 1.10972050e+01 1.37130989e+01
  3.53198464e+00 1.33897151e-28 8.55018009e+00 5.60532886e+01
  5.41391164e+00 5.63181332e+00 7.74752122e+00 1.28742528e+01
  1.89738379e+01 2.18164674e+01 3.79996949e+01 1.22219489e+01
  1.40892563e+00 1.41191990e+00 3.97365416e+00 3.35946336e+00
  2.36640675e+01 1.00065772e+01 1.57267884e+00]
 [1.93548086e+02 1.80140327e+02 5.02621138e+01 5.64254617e+01
  4.72488143e+01 6.19234363e+01 8.27701811e+01 1.30701683e+02
  1.33517658e+02 1.33521044e+02 3.24579518e+01 3.66124755e+01
  6.78618534e+00 1.31499668e+01 4.33152885e+01 5.99323010e+01
  2.68215665e+01 8.49395168e-29 3.50632646e+01 1.10018728e+02
  2.48858949e+01 3.59701592e+01 3.38079134e+01 5.24406989e+01
  9.35791834e+01 7.75593750e+01 1.45798237e+02 7.66106603e+01
  1.16992883e+01 1.17312861e+01 1.50345454e+01 1.19176119e+01
  1.11508811e+02 6.84123463e+01 5.05631454e+00]
 [2.17810979e+01 3.13707168e+01 1.19907000e+01 1.21306359e+01
  1.04536835e+01 1.24244108e+01 1.80468988e+01 4.69863484e+01
  3.06350929e+01 2.94816937e+01 5.11268381e+00 5.72338065e+00
  3.10395189e+00 3.89156325e+00 1.16967542e+01 2.41273465e+01
  3.88589884e+00 4.53183966e-29 7.10247037e+00 2.38423907e+01
  6.11271526e+00 6.29468455e+00 8.21363454e+00 1.39721563e+01
  9.82036723e+00 1.15083946e+01 2.15707859e+01 7.99229989e+00
  1.96628684e+00 1.55382071e+00 2.63977753e+00 4.00366410e+00
  6.85520063e+00 1.32557303e+01 1.60171444e+02]
 [1.01631088e+01 1.24613564e+01 4.87016814e+00 5.77146160e+00
  4.77154098e+00 4.74956548e+00 1.08614147e+01 2.06897194e+01
  2.98946330e+01 1.68890523e+01 2.82846019e+00 2.75019785e+00
  1.62531175e+00 1.54130705e+00 7.17739594e+00 6.32549117e+00
  2.40448081e+00 3.30943668e-30 4.38383437e+00 1.80354850e+01
  4.41746752e+00 2.87367229e+00 4.39678049e+00 5.37383241e+00
  6.10396025e+00 6.00414424e+00 1.06778349e+01 4.35821638e+00
  1.13307314e+00 9.25136657e-01 1.94549969e+00 1.25190101e+00
  5.61222035e+00 3.08750116e+00 5.31524600e+00]
 [1.84622433e+01 1.87958225e+01 1.03184780e+01 1.08637177e+01
  2.20385935e+01 1.86681794e+01 4.90448740e+01 5.00496920e+01
  8.88952442e+01 9.67395181e+01 3.60510130e+00 4.52953342e+00
  5.35511726e+00 4.08256176e+00 3.23266206e+01 3.00864530e+01
  3.49739053e+00 9.44203631e-29 2.57438912e+01 8.47281653e+01
  6.88601783e+00 7.33504398e+00 2.27227101e+01 1.83718638e+01
  5.38982259e+00 8.36082418e+00 1.63727061e+01 5.47750274e+00
  2.68546518e+00 2.28125076e+00 8.89300081e+00 6.94872060e+00
  4.27104133e+01 4.69367480e+01 7.01746481e+00]
 [2.26225186e+01 2.30029411e+01 8.63730755e+00 7.14558602e+00
  1.02175830e+01 1.22386450e+01 3.27982300e+01 7.98062579e+01
  6.40769780e+01 6.31430042e+01 4.42224115e+00 4.76056552e+00
  3.68323273e+00 3.58560406e+00 1.82916716e+01 2.78785280e+01
  3.70499791e+00 1.79148873e-29 1.00926342e+01 5.53475152e+01
  5.18460895e+00 4.89262293e+00 1.14341744e+01 1.73582409e+01
  1.04843595e+01 1.00501895e+01 1.81840872e+01 7.82626941e+00
  1.70239521e+00 1.31167807e+00 4.20210303e+00 5.09058267e+00
  4.12454376e+01 1.60206655e+01 7.58980486e+00]
 [4.12338913e+01 3.79592262e+01 2.13378182e+01 1.58715648e+01
  2.33763932e+01 1.71476291e+01 4.94205544e+01 7.10620598e+01
  8.04345598e+01 7.56699790e+01 9.45029204e+00 7.67882048e+00
  6.34860232e+00 4.32152426e+00 1.96539453e+01 2.05344948e+01
  6.95695800e+00 2.37078058e-29 1.37422482e+01 7.05963176e+01
  1.30132692e+01 8.44532818e+00 1.84055979e+01 1.73116991e+01
  1.58526502e+01 1.47668209e+01 3.33922702e+01 1.39165113e+01
  3.24433819e+00 2.62812254e+00 5.86489884e+00 4.84212762e+00
  1.01701880e+01 1.41202946e+01 4.20052793e+00]
 [3.60215709e+01 3.94093424e+01 8.38881161e+00 9.35498216e+00
  1.06041525e+01 1.09079286e+01 5.90953569e+01 6.85888928e+01
  1.29111442e+02 1.15682589e+02 5.51415791e+00 9.32982707e+00
  2.91419411e+00 3.87645512e+00 4.46570106e+01 4.50548784e+01
  6.05403261e+00 2.52777532e-27 3.03585845e+01 1.00313231e+02
  4.10366390e+00 4.32038495e+00 1.87185781e+01 2.01196730e+01
  1.48517237e+01 1.46489969e+01 3.21603281e+01 1.25275847e+01
  2.27349917e+00 1.82611751e+00 8.86293412e+00 7.72790652e+00
  2.28553035e+01 1.76908338e+01 1.57342953e+01]
 [1.14841243e+01 1.37846139e+01 1.57205163e+01 1.48467541e+01
  1.97012491e+01 1.49707510e+01 3.05137713e+01 2.20460397e+01
  2.77558106e+01 2.54324453e+01 5.42594616e+00 6.40470403e+00
  4.58263259e+00 4.55718081e+00 1.07791748e+01 9.88844128e+00
  3.65871232e+00 1.20464974e-29 6.12845187e+00 2.26287016e+01
  9.66084752e+00 9.01244834e+00 1.23552138e+01 9.42700994e+00
  8.17138805e+00 1.23782797e+01 1.10817041e+01 6.10389280e+00
  2.22978527e+00 2.03699984e+00 3.32666817e+00 3.09977586e+00
  5.88356958e+00 5.65750272e+00 3.72853126e+00]
 [4.05524831e+01 3.75117472e+01 2.03129521e+01 1.82470513e+01
  2.39683468e+01 2.18258320e+01 5.23613936e+01 4.99825594e+01
  8.65408279e+01 1.05770955e+02 7.99969300e+00 7.71886132e+00
  6.09485476e+00 5.02969810e+00 1.99509999e+01 1.81819615e+01
  6.10305797e+00 1.35129311e-29 9.55976600e+00 7.49804807e+01
  1.29213935e+01 1.13923045e+01 1.83732380e+01 1.75982204e+01
  1.81545341e+01 1.50268515e+01 3.60496501e+01 1.30537247e+01
  3.26939066e+00 3.43222577e+00 4.94570307e+00 4.01599590e+00
  4.51115321e+01 3.41108729e+01 2.20479901e+00]
 [9.22648656e+00 1.13900820e+01 1.18889271e+01 1.14150993e+01
  1.81209631e+01 1.29666653e+01 5.19101207e+01 3.43649926e+01
  6.90232139e+01 4.66490750e+01 5.64405441e+00 5.93047565e+00
  6.36292994e+00 4.43536827e+00 2.68795506e+01 1.57382880e+01
  4.39969921e+00 7.69731544e-30 9.93768868e+00 4.10088958e+01
  8.22142833e+00 7.61179919e+00 1.98476883e+01 1.34056231e+01
  7.15080656e+00 7.91499375e+00 9.43804252e+00 6.31373407e+00
  2.45051638e+00 2.38783839e+00 7.52943231e+00 3.31523538e+00
  5.93197251e+00 4.74037503e+00 1.53620871e+01]
 [5.69797054e+01 5.69256690e+01 5.90043601e+01 5.15321288e+01
  5.44746955e+01 4.92941243e+01 9.81709044e+01 9.59204518e+01
  9.96527767e+01 1.15138676e+02 2.93370698e+01 3.12437037e+01
  1.48174702e+01 1.27567297e+01 6.47455535e+01 4.99163012e+01
  2.43127959e+01 1.05353460e-28 3.59800388e+01 8.31036337e+01
  3.69202098e+01 3.31637341e+01 4.88741995e+01 3.86891419e+01
  4.16262987e+01 4.34398790e+01 5.58303213e+01 3.73286923e+01
  1.12647551e+01 1.07125791e+01 2.01034581e+01 1.81364126e+01
  6.58137255e+00 6.87668215e+00 1.13072849e+01]
 [5.31634201e+01 5.56471561e+01 3.24574834e+01 2.79583577e+01
  2.99227695e+01 2.09266699e+01 9.10571508e+01 9.80038469e+01
  1.67057305e+02 1.71936636e+02 1.54011481e+01 1.50587078e+01
  8.32866103e+00 6.26849715e+00 5.35998462e+01 6.15630019e+01
  1.49751719e+01 3.50455628e-29 3.61159785e+01 1.40020180e+02
  1.86801962e+01 1.36243933e+01 3.31755459e+01 2.78438308e+01
  3.11767734e+01 3.93837766e+01 5.23152096e+01 2.70932620e+01
  7.40306012e+00 6.04026144e+00 1.59987189e+01 1.33096348e+01
  1.29600702e+01 1.21073008e+01 2.08951193e+01]
 [2.64415856e+01 2.58104286e+01 1.04155499e+01 9.48907587e+00
  1.12597135e+01 1.39121269e+01 3.85917528e+01 5.92730196e+01
  9.82460142e+01 7.78753259e+01 4.82997479e+00 5.28299989e+00
  2.55023205e+00 3.03555732e+00 1.56469224e+01 1.51930345e+01
  3.60351713e+00 8.69351727e-29 5.93664881e+00 6.86011128e+01
  5.22137235e+00 6.36877850e+00 1.24579143e+01 1.53905855e+01
  1.18554709e+01 1.33758983e+01 2.32557544e+01 9.06015670e+00
  1.43225054e+00 1.19962879e+00 2.98091945e+00 2.42186668e+00
  1.30916113e+01 1.46904376e+01 7.74098105e+00]
 [8.71772197e+00 7.65500403e+00 7.55437049e+00 7.20107612e+00
  8.55063016e+00 8.53723611e+00 2.86102138e+01 4.13288905e+01
  7.35869232e+01 5.90752705e+01 3.23249864e+00 3.69505223e+00
  2.38009216e+00 2.62490633e+00 1.83859561e+01 1.63724053e+01
  2.09447497e+00 1.51702275e-29 8.81211921e+00 6.03012672e+01
  4.82134504e+00 4.25018340e+00 9.22635342e+00 9.61898475e+00
  6.70535794e+00 6.26733424e+00 6.67570001e+00 2.98662972e+00
  1.22089891e+00 1.14911037e+00 3.67886953e+00 3.48105064e+00
  3.17574739e+00 1.83412289e+00 2.88882440e+00]
 [6.02351538e+02 6.87345363e+02 4.52898562e+01 6.36516460e+01
  2.07746516e+01 2.74470640e+01 3.43006312e+01 6.60581323e+01
  5.22082199e+01 6.33399455e+01 2.93462619e+01 4.38268631e+01
  1.29621780e+01 2.61452052e+01 2.99173805e+01 4.44390776e+01
  3.22340517e+01 3.88926092e-28 2.38637602e+01 4.29720164e+01
  1.75547757e+01 2.05132321e+01 2.45249074e+01 4.02469204e+01
  1.23460519e+02 1.53546412e+02 3.91974516e+02 1.18536245e+02
  1.08424829e+01 9.40466751e+00 1.58701533e+01 2.24879249e+01
  4.49355695e+02 2.75724751e+02 1.12177156e+01]
 [2.23052630e+01 2.82099464e+01 1.72664200e+01 1.44966162e+01
  3.42233830e+01 2.56273561e+01 5.08075711e+01 4.60849494e+01
  4.99742862e+01 4.58164371e+01 7.32989458e+00 7.63990294e+00
  6.80009732e+00 4.39058709e+00 2.23488442e+01 2.24406480e+01
  4.74936630e+00 7.21019795e-29 1.54477046e+01 4.27045219e+01
  1.37105879e+01 9.62274310e+00 2.89985109e+01 2.03443744e+01
  1.15830417e+01 1.40540506e+01 2.07841497e+01 8.93555133e+00
  2.47328091e+00 2.54773021e+00 7.36258137e+00 5.97467076e+00
  4.05047159e+00 7.77956975e+00 5.23596302e+00]
 [7.62518859e+01 1.51915429e+02 1.19024922e+01 2.08974741e+01
  2.89279786e+01 2.15172144e+01 8.92681605e+01 8.51648369e+01
  1.18179168e+02 1.27975797e+02 4.41215092e+00 9.95049934e+00
  8.81464301e+00 8.76279916e+00 4.07339766e+01 3.31022767e+01
  5.99543782e+00 2.76768014e-28 1.70797622e+01 9.57144197e+01
  9.93323154e+00 8.79913243e+00 3.35575127e+01 2.38436556e+01
  1.91465279e+01 5.00989093e+01 8.94460397e+01 2.15666555e+01
  1.81542249e+00 2.89292801e+00 9.56204771e+00 5.83188375e+00
  5.08203078e+01 5.24645738e+01 3.56233285e+01]]