[[7.52546859e+02 2.16841125e+03 2.83876185e+02 5.81659080e+02
  1.59814783e+02 1.21971091e+03 6.69139160e+01 1.23064660e+02
  9.46511980e+01 5.75437094e+01 1.05617688e+02 1.22072354e+02
  7.67673336e+01 1.55632502e+01 2.91040058e+01 2.55453564e+01
  1.06058369e+02 2.42096156e-27 1.81439320e+01 6.98012094e+01
  6.01806748e+02 1.42164999e+02 5.62979504e+01 6.03913219e+01
  1.16193399e+03 1.70265927e+03 9.33619493e+02 1.15757165e+02
  1.01293613e+01 1.33541889e+01 8.17907264e+00 6.29429828e+00
  2.38086571e+03 1.79147548e+03 1.55724139e+02]
 [3.52417270e+02 4.05495358e+02 1.58336730e+02 1.90750568e+02
  6.11057308e+01 5.55349859e+01 4.87966147e+01 8.82131985e+01
  7.25455660e+01 7.76661524e+01 6.52217961e+01 6.61221059e+01
  1.40948481e+01 1.65893360e+01 3.08439150e+01 3.27511057e+01
  3.64246543e+01 1.74919804e-28 2.62167595e+01 7.51387610e+01
  5.67407315e+01 8.12841466e+01 3.18576790e+01 3.38875033e+01
  2.76399270e+02 7.67608444e+02 3.53145087e+02 5.52027796e+02
  1.62009189e+01 1.47192568e+01 1.34672340e+01 1.18946913e+01
  1.24415257e+02 1.23705269e+02 1.33482567e+01]
 [2.00695016e+02 2.02460769e+02 3.19015987e+02 1.79427102e+02
  2.58785847e+01 2.50626474e+01 1.87579490e+01 1.23663759e+02
  2.73346289e+01 2.45360750e+01 8.11964505e+01 2.38713699e+01
  4.82629122e+00 5.13576234e+00 1.11888836e+01 1.25419073e+01
  1.78444918e+01 1.23220327e-27 1.08580958e+01 2.37213683e+01
  2.06251037e+01 1.72678320e+01 1.27153760e+01 1.45290219e+01
  1.54751253e+02 1.55291356e+02 1.69236307e+02 3.13356080e+02
  5.92946403e+00 8.08160368e+00 4.92441158e+00 4.67534501e+00
  1.79383003e+02 1.13689114e+02 1.21724378e+01]
 [3.22198159e+03 2.17270721e+03 3.24029770e+02 3.68363470e+02
  6.63773299e+01 7.19434178e+01 6.14796366e+01 7.74673567e+01
  9.18108853e+01 8.38678712e+01 1.19480543e+02 1.19326088e+02
  1.11252202e+01 1.32148979e+01 3.30620767e+01 3.90423196e+01
  1.27424824e+02 6.09520559e-28 3.11369254e+01 7.84400956e+01
  6.75888902e+01 7.27243727e+01 3.22893851e+01 3.75502118e+01
  7.06914000e+02 5.59019931e+02 1.30700645e+04 5.44539472e+02
  2.96746098e+01 2.04064026e+01 1.07346487e+01 1.16719741e+01
  3.25327373e+03 2.03954838e+03 1.08813823e+01]
 [5.79050006e+01 8.17462838e+01 9.19873943e+01 5.93884672e+01
  2.90539064e+01 2.75969677e+01 2.96009107e+01 3.57341573e+01
  2.81403509e+01 2.95466397e+01 1.63283733e+01 2.73689734e+01
  8.34282734e+00 5.83695899e+00 1.36826598e+01 1.79427068e+01
  1.17367381e+01 7.82859878e-29 9.03134872e+00 2.57560433e+01
  2.20188204e+01 2.37392703e+01 1.67293527e+01 1.45331258e+01
  3.14629798e+01 4.26395027e+01 5.83395878e+01 2.48358604e+01
  5.43329804e+00 4.85186885e+00 4.05145559e+00 3.49143765e+00
  6.62935061e+01 5.52396729e+01 6.41829433e+02]
 [6.76818992e+01 1.58254654e+02 9.76757475e+01 8.07786178e+01
  4.04847845e+01 2.55480186e+01 2.92207953e+01 2.70040898e+01
  3.98812195e+01 3.38707531e+01 1.72577255e+01 2.32182166e+01
  9.50516368e+00 6.61382806e+00 1.80091557e+01 1.83336534e+01
  1.50813586e+01 2.24593291e-29 1.53444115e+01 3.56277727e+01
  5.18172917e+01 2.32679825e+01 2.07659771e+01 1.39016006e+01
  7.89337590e+01 8.46236952e+01 8.40339073e+01 3.17118701e+01
  8.09631250e+00 5.86598000e+00 7.02282568e+00 6.15452085e+00
  2.37829252e+02 3.07826799e+01 2.26861291e+01]
 [6.88097955e+02 3.82939862e+02 2.59076088e+02 3.44745616e+02
  1.66039942e+02 1.07954554e+02 1.44748469e+02 6.69127034e+01
  1.34368022e+02 1.14439710e+02 3.46443445e+01 7.29752020e+01
  3.00472926e+01 1.24348629e+02 5.14301686e+01 4.07621355e+01
  6.34134623e+01 3.73489367e-27 3.61532623e+01 9.73715945e+01
  4.37293508e+01 7.47549441e+01 6.52482010e+01 4.45063934e+01
  1.03546299e+02 1.85681759e+02 2.87275954e+02 1.07328326e+02
  8.62561331e+01 3.20988527e+01 2.14790725e+01 1.45307310e+01
  1.20672628e+03 1.36535086e+03 4.83706394e+01]
 [1.89444354e+02 2.24474002e+02 5.90425822e+01 7.17226926e+01
  3.64515609e+01 3.70407978e+01 3.59911504e+01 5.98807053e+01
  4.26226352e+01 4.86969184e+01 2.54097964e+01 2.73857727e+01
  1.86077634e+01 1.01980132e+01 2.28206254e+01 3.07004582e+01
  2.09177568e+01 1.08361509e-28 2.05681884e+01 4.20253204e+01
  2.51764166e+01 4.57915843e+01 2.38671976e+01 2.33328241e+01
  5.42582677e+01 7.55345643e+01 1.07867480e+02 6.54675539e+01
  9.26421715e+00 8.76593412e+00 1.06245188e+01 1.07805244e+01
  3.44585919e+02 8.96526527e+01 3.19169499e+01]
 [9.48793522e+01 9.81150459e+01 4.57384161e+01 5.53247623e+01
  3.94449766e+01 2.74909495e+01 4.20497585e+01 4.99625191e+01
  5.19830366e+01 6.41194873e+01 2.06405538e+01 2.30799008e+01
  1.02538760e+01 8.25894416e+00 2.37882860e+01 2.10348155e+01
  1.89335540e+01 3.49707285e-29 1.62328375e+01 5.85270328e+01
  2.62228350e+01 3.49706325e+01 2.71947763e+01 2.04920488e+01
  4.54702475e+01 4.17387542e+01 7.31476581e+01 3.11302395e+01
  9.63577994e+00 8.33561749e+00 9.54223594e+00 6.72873884e+00
  7.22638423e+01 8.40804390e+01 2.55456759e+01]
 [3.62516813e+02 3.33129644e+02 1.34625827e+02 5.42341982e+02
  1.38906607e+02 9.44530784e+01 1.03004597e+02 7.41908571e+02
  1.91346905e+02 3.66463227e+02 8.84141267e+01 1.53597705e+03
  3.11496921e+01 3.62995243e+01 5.13372676e+01 6.05622046e+01
  4.57770929e+01 1.02955057e-25 1.23139538e+02 5.65316866e+02
  3.93063275e+02 4.21868631e+02 2.68707315e+02 3.27467980e+02
  1.51579402e+02 1.36054536e+03 2.39475097e+02 1.02192009e+02
  1.89130848e+01 1.08431524e+02 1.24825098e+01 2.09170344e+01
  4.02302723e+02 1.92091229e+02 2.92021124e+02]
 [5.82386520e+01 1.31380765e+02 1.02461290e+03 1.14314097e+03
  1.09074995e+02 4.12584680e+01 3.85584682e+01 3.20272471e+01
  3.99511082e+01 3.48388751e+01 7.69189880e+01 1.67254395e+02
  1.21617431e+01 1.07164157e+01 2.15425582e+01 1.52266029e+01
  4.22524034e+01 1.78364809e-28 1.03084869e+01 3.63028865e+01
  4.15093886e+01 3.90069396e+01 2.58757991e+01 2.18415763e+01
  3.19841262e+02 5.52347269e+02 1.67940161e+02 1.73778622e+02
  1.19811545e+01 9.90206495e+00 6.76931508e+00 9.63266177e+00
  9.84699042e+02 5.20577321e+02 1.65966924e+01]
 [4.25127769e+02 4.36844227e+02 2.71034042e+02 3.04061760e+02
  7.79924790e+01 7.74763861e+01 4.19961344e+01 4.30500728e+01
  5.77991053e+01 5.50899239e+01 5.95588349e+01 5.34026999e+01
  2.02808648e+01 1.34478046e+01 2.30095169e+01 2.00451318e+01
  3.75806748e+01 2.33466942e-29 1.43219415e+01 5.00196384e+01
  8.62726039e+01 7.03648320e+01 3.73891580e+01 4.79820890e+01
  1.66636478e+02 1.26834668e+02 3.06430588e+02 9.54596806e+01
  1.47331106e+01 1.32615527e+01 7.74786694e+00 7.48000125e+00
  1.25724797e+03 5.03920839e+02 1.28643028e+01]
 [1.60070102e+02 4.41809698e+02 1.14708216e+02 3.28705394e+02
  8.60144694e+01 2.18608953e+01 5.24845066e+01 1.52061747e+01
  4.14764651e+01 3.01344207e+01 1.09682303e+01 7.73055655e+01
  2.15017789e+01 1.04363007e+01 2.73473509e+01 7.99556796e+00
  2.66260672e+01 1.83872035e-29 1.31074026e+01 3.53778246e+01
  4.71509993e+01 6.62855653e+01 4.19326599e+01 8.82934370e+00
  2.45202950e+01 2.19689261e+02 2.10272772e+02 6.62936519e+01
  4.92675253e+00 1.49533204e+01 1.13139045e+01 2.28446039e+00
  1.33425836e+03 7.97747382e+01 1.13069831e+02]
 [7.44490332e+01 8.35021114e+01 6.65019154e+01 7.28624438e+01
  7.45757658e+01 6.36838891e+01 7.01336515e+01 5.42124006e+01
  5.49332146e+01 5.90639038e+01 4.97673348e+01 5.01450252e+01
  1.24571688e+01 1.32322875e+01 4.55389508e+01 2.52173739e+01
  4.17555771e+01 8.17074289e-29 2.15847821e+01 5.12755423e+01
  3.97404734e+01 3.89377180e+01 4.88279185e+01 3.32215106e+01
  9.43519684e+01 6.24437647e+01 7.36761184e+01 6.26142730e+01
  1.67846271e+01 2.18743127e+01 1.14085433e+01 7.98990065e+00
  3.01527539e+01 6.24392193e+01 7.87550371e+01]
 [3.36244703e+02 1.74715488e+02 5.66773980e+01 6.25473997e+01
  2.87137620e+01 2.75171851e+01 5.38537319e+01 6.69121836e+01
  7.25959884e+01 7.28643245e+01 1.72896683e+01 2.61553829e+01
  8.05133140e+00 7.22197655e+00 3.29873255e+01 3.06080109e+01
  1.46581005e+01 1.31069022e-28 1.85833810e+01 6.05227266e+01
  1.94380557e+01 1.89220916e+01 2.55231110e+01 2.28793714e+01
  1.99654536e+02 3.82041197e+02 3.07394872e+02 2.11796759e+02
  6.44996350e+00 6.48615002e+00 1.08144846e+01 7.28306793e+00
  3.72388522e+03 3.57227632e+02 1.25599963e+02]
 [3.17904371e+02 2.48233816e+02 9.31845087e+01 4.32075952e+01
  3.37167812e+01 3.32981684e+01 3.79738104e+01 3.93474469e+01
  6.06516896e+01 5.63179768e+01 4.47076352e+01 2.55200270e+01
  9.37399721e+00 9.44199300e+00 2.40556249e+01 2.01985974e+01
  2.90624930e+01 1.20136970e-28 1.72652779e+01 5.72369222e+01
  3.36328417e+01 3.43870838e+01 2.10707351e+01 2.97033983e+01
  1.31599477e+02 1.17996400e+02 2.52750229e+02 8.12242026e+01
  1.06432196e+01 7.03017978e+00 7.62321074e+00 6.91244822e+00
  1.81523070e+02 3.03256204e+02 4.71215881e+01]
 [5.81149446e+01 3.88305994e+01 3.21843648e+01 3.00827236e+01
  1.99064163e+01 1.97473028e+01 2.23900784e+01 2.31419958e+01
  3.21762855e+01 3.04602321e+01 8.54694783e+00 1.12710106e+01
  8.08345410e+00 8.07072540e+00 1.63431278e+01 1.21455051e+01
  9.45595052e+00 2.41741744e-29 1.02570725e+01 3.55577690e+01
  1.47492922e+01 1.38369699e+01 1.58757992e+01 1.36287502e+01
  1.81923388e+01 2.84366418e+01 1.41655091e+02 1.12848635e+01
  3.89764266e+00 3.14270920e+00 5.78018505e+00 5.00020729e+00
  2.57048804e+01 1.66197839e+01 3.43994290e+01]
 [3.15755049e+03 3.09344832e+03 2.00526010e+02 2.36406171e+02
  3.87547714e+01 5.26935658e+01 3.88322016e+01 4.38448521e+01
  5.89585365e+01 6.22954466e+01 1.00321991e+02 1.46908556e+02
  1.11798738e+01 9.94720915e+00 2.90523495e+01 2.40062653e+01
  1.02206383e+02 1.71826002e-27 2.69189390e+01 6.34047975e+01
  4.40436356e+01 4.13074456e+01 2.22065998e+01 2.26989888e+01
  5.32868574e+02 6.70682689e+02 1.87252304e+03 5.09825814e+02
  2.46570079e+01 1.92176990e+01 1.16237313e+01 1.04504923e+01
  2.74905688e+03 1.73885101e+03 6.09402830e+01]
 [2.65795022e+02 4.04383073e+02 7.35997058e+01 7.02071272e+01
  3.53661281e+01 5.06040588e+01 4.91630318e+01 5.46308622e+01
  6.10660682e+01 5.84646166e+01 3.54849138e+01 3.98570595e+01
  7.63828193e+00 9.25095011e+00 2.29539088e+01 2.69123682e+01
  3.11436521e+01 9.20139506e-29 1.59826988e+01 5.65084452e+01
  2.78725012e+01 3.30983550e+01 2.32563738e+01 3.77383726e+01
  1.00495175e+02 1.15072704e+02 2.83597717e+02 8.06289307e+01
  8.92028327e+00 1.01348198e+01 8.66456183e+00 7.78742886e+00
  7.49842828e+01 2.64855815e+02 2.08302427e+01]
 [2.00488962e+03 3.26913988e+03 1.62021148e+04 1.41109879e+03
  5.42276908e+03 1.26779904e+03 1.80973760e+03 2.30923868e+03
  7.10695443e+02 8.22321637e+02 3.79298558e+02 4.59192910e+02
  1.87801594e+02 8.03387491e+01 3.84545524e+02 3.66160816e+02
  2.32810400e+02 5.83782845e-26 2.05555755e+02 8.54877551e+02
  4.62592262e+03 8.93062667e+02 4.63886310e+02 2.91548998e+02
  1.93234377e+03 2.05934730e+03 1.78785051e+03 1.27345147e+03
  5.80278328e+01 7.68791989e+01 5.15677515e+01 5.51156408e+01
  4.56488390e+03 3.28039707e+03 6.24028373e+02]]