[[9.86251616e+00 1.72848712e+01 6.24595538e+00 7.61557170e+00
  9.34880422e+00 1.15654501e+01 1.30954219e+01 1.80246711e+01
  1.82157176e+01 1.36548610e+01 2.83215434e+00 3.69427884e+00
  3.02544533e+00 2.86214797e+00 7.49289509e+00 8.22210563e+00
  2.23117757e+00 3.51328493e-29 4.94411178e+00 1.40501251e+01
  5.54574854e+00 4.99101639e+00 6.90637920e+00 8.40789132e+00
  6.68174596e+00 1.03190213e+01 9.78235832e+00 3.53995854e+00
  1.10934333e+00 1.09241296e+00 2.39376816e+00 2.15296438e+00
  1.01040037e+01 8.80200164e+00 1.59444298e+01]
 [6.31921745e+01 8.53838103e+01 2.32850883e+01 4.46427376e+01
  1.56407662e+01 3.27102386e+01 5.37342258e+00 6.65189487e+00
  6.88321348e+00 6.66768866e+00 1.71784968e+01 5.24467317e+01
  2.09613165e+00 6.45930595e+00 3.08180612e+00 3.17155673e+00
  5.53985096e+00 1.38350116e-29 1.79616391e+00 6.70419030e+00
  1.08460640e+01 2.98947939e+01 7.91811701e+00 4.87751791e+00
  4.10868752e+01 8.74176230e+01 5.97176586e+01 2.72096719e+01
  2.85323922e+00 5.89598256e+00 1.12530799e+00 1.05912377e+00
  6.83923120e+01 6.51081835e+01 6.02633244e+00]
 [4.35158030e+01 4.29584736e+01 1.39421921e+01 2.38561204e+01
  1.38257850e+01 1.14798308e+01 1.06617121e+01 1.30592533e+01
  1.57290707e+01 1.42875923e+01 6.15183656e+00 1.00865770e+01
  4.22214252e+00 4.77145896e+00 8.14634692e+00 8.51493089e+00
  3.50172852e+00 1.13982192e-28 5.81294864e+00 1.36237497e+01
  7.31632780e+00 1.87505397e+01 7.88162648e+00 9.34391123e+00
  1.97528758e+01 3.57545133e+01 3.92210406e+01 1.38489896e+01
  2.46092540e+00 2.54411626e+00 3.90183314e+00 2.90861519e+00
  2.15356059e+01 1.84184552e+01 3.96523221e+00]
 [1.01637391e+03 6.02133872e+02 6.05060916e+01 6.38896932e+01
  4.92744338e+01 8.95933346e+01 3.58405620e+01 3.19909365e+01
  4.50593493e+01 4.53264836e+01 7.28850571e+01 1.11449748e+02
  5.15151156e+00 4.91352876e+00 1.68670134e+01 1.59138991e+01
  5.06550846e+01 5.44954088e-29 1.22793260e+01 4.09017384e+01
  1.68028930e+01 3.90881831e+01 1.89956522e+01 1.75757483e+01
  4.15475526e+02 2.99297200e+02 4.75870289e+02 3.21812221e+02
  1.54183821e+01 1.72849136e+01 5.26761033e+00 4.57435591e+00
  6.66421005e+02 3.11056347e+02 5.39169109e+00]
 [2.08563446e+01 2.83438294e+01 1.34883865e+01 1.23208109e+01
  4.69200712e+01 1.82900969e+01 1.48061137e+01 1.83247319e+01
  2.31427708e+01 1.54771924e+01 5.56277863e+00 7.09838326e+00
  5.59305353e+00 3.63510504e+00 9.63900513e+00 1.02549639e+01
  3.97826220e+00 3.17877032e-29 5.62619423e+00 1.74553773e+01
  9.04597483e+00 9.18145225e+00 1.58960759e+01 7.70891970e+00
  9.63879114e+00 1.16273931e+01 2.06986241e+01 7.85533343e+00
  2.18402284e+00 2.26772657e+00 3.34141236e+00 2.48569209e+00
  8.30836565e+00 1.33574507e+01 2.18711993e+02]
 [8.94205945e+00 1.28208515e+01 7.19708508e+00 6.60818502e+00
  8.61208628e+00 3.61341641e+00 5.73761291e+00 8.16886763e+00
  9.99306354e+00 8.11804258e+00 5.06249878e+00 3.24934588e+00
  3.58137677e+00 1.44497801e+00 3.55240124e+00 3.26139253e+00
  2.12167270e+00 2.94090500e-30 2.18133207e+00 8.09817854e+00
  2.37113013e+01 2.84442628e+00 4.19421538e+00 3.14202169e+00
  1.43082346e+01 8.99476745e+00 1.04291217e+01 4.00005735e+00
  1.39951389e+00 1.03431442e+00 1.45562692e+00 9.52546362e-01
  1.20829704e+01 4.20733550e+00 6.74479284e+00]
 [2.03391412e+01 1.87274236e+01 9.19076062e+00 9.37264116e+00
  1.51723534e+01 1.27825222e+01 2.51420017e+01 1.56092252e+01
  2.87699717e+01 2.65563017e+01 5.98305921e+00 4.93116465e+00
  5.60273683e+00 4.79536225e+00 1.33605618e+01 1.09644255e+01
  4.94031062e+00 6.62142834e-29 9.91904600e+00 2.82529078e+01
  5.38343314e+00 6.87340711e+00 1.30099928e+01 1.02014109e+01
  7.30416450e+00 8.17287070e+00 1.70925619e+01 6.74441990e+00
  4.93084852e+00 3.63829499e+00 5.31372325e+00 4.14030752e+00
  4.50258005e+01 4.70471153e+01 7.79707488e+00]
 [2.20370186e+01 3.01452320e+01 7.64521585e+00 7.50648725e+00
  8.60561633e+00 6.62047374e+00 9.93476150e+00 1.25050199e+01
  3.03819869e+01 2.59811949e+01 5.14144416e+00 6.81269929e+00
  3.01629962e+00 1.95907997e+00 6.59356215e+00 6.84491569e+00
  2.92264930e+00 1.14601517e-29 4.15548208e+00 2.67176456e+01
  4.40507663e+00 4.50468538e+00 5.24314440e+00 5.26444837e+00
  9.57013977e+00 1.88133089e+01 1.78256339e+01 8.95110319e+00
  1.36379534e+00 1.26164159e+00 2.37247306e+00 1.93796440e+00
  4.47021247e+01 1.74454422e+01 7.82186592e+00]
 [2.64445890e+01 2.90002854e+01 1.62372955e+01 1.26814484e+01
  2.83036193e+01 1.50466203e+01 8.15953420e+00 9.09066053e+00
  1.09473123e+01 1.27515018e+01 5.43463623e+00 5.06212807e+00
  3.16242629e+00 2.52827529e+00 5.31423155e+00 4.54605414e+00
  3.20288299e+00 9.56413950e-30 3.53143377e+00 1.13076682e+01
  5.05338637e+00 6.15665632e+00 5.39741230e+00 5.34245415e+00
  1.41670613e+01 1.08896973e+01 2.08401115e+01 7.21690370e+00
  1.79346730e+00 1.82924432e+00 2.48155313e+00 1.64546471e+00
  1.23764189e+01 2.63377318e+01 6.78460460e+00]
 [7.17764405e+01 4.17159643e+01 1.76666601e+01 9.39717647e+00
  8.80389870e+00 4.35452760e+00 1.63200683e+01 8.75351107e+00
  1.59719528e+01 1.21367138e+01 1.76520955e+01 6.25093103e+00
  2.11216129e+00 1.73570039e+00 9.38645814e+00 4.92104294e+00
  4.66978840e+00 4.49019863e-28 3.91392664e+00 1.24738015e+01
  8.74747108e+00 3.13150310e+00 8.96631481e+00 3.78679069e+00
  5.32930441e+01 1.36740812e+01 3.34506356e+01 1.19569953e+01
  2.60106583e+00 1.41906966e+00 2.29423567e+00 1.49440043e+00
  3.85345323e+01 3.07428893e+01 1.72294538e+01]
 [7.85463344e+00 2.03390384e+01 1.08232418e+01 1.25593659e+01
  9.99222805e+00 8.63557365e+00 1.33556727e+01 1.37123705e+01
  1.54901985e+01 1.44878178e+01 6.15612593e+00 1.10489174e+01
  4.47692560e+00 4.82474024e+00 9.20843792e+00 8.04726997e+00
  3.59027554e+00 7.52025886e-30 5.76239698e+00 1.36966060e+01
  7.09362380e+00 1.13464029e+01 8.76808686e+00 7.83764317e+00
  8.64978112e+00 3.19920136e+01 1.14663421e+01 6.17302726e+00
  2.28753333e+00 2.22548636e+00 3.62497682e+00 3.55488485e+00
  1.22272838e+01 2.29905238e+01 3.71510861e+00]
 [9.56506527e+01 7.04346636e+01 1.60113979e+01 1.82030570e+01
  2.72772007e+01 2.27825082e+01 1.53945234e+01 1.59893311e+01
  2.59544224e+01 2.57127493e+01 9.56009684e+00 9.48062124e+00
  5.95809776e+00 4.26216149e+00 1.13740379e+01 9.74475730e+00
  6.85547510e+00 9.74494617e-30 7.26151018e+00 2.23835888e+01
  9.70850424e+00 7.79921990e+00 9.92012269e+00 9.31677678e+00
  3.11251353e+01 2.86339820e+01 8.39618608e+01 1.94289368e+01
  3.77320365e+00 2.85894017e+00 4.57714699e+00 3.03520085e+00
  9.94301635e+01 6.63022843e+01 3.56211905e+00]
 [1.41517715e+01 1.95600273e+01 1.60145548e+01 1.93952261e+01
  1.53792617e+01 1.31678825e+01 2.07320542e+01 1.70831301e+01
  2.39266051e+01 2.47742885e+01 9.40091841e+00 1.00002706e+01
  6.55449501e+00 4.93740723e+00 1.28239065e+01 9.19144521e+00
  5.80901610e+00 1.10892981e-29 7.00702340e+00 2.20969432e+01
  1.08628592e+01 1.16872091e+01 1.32106528e+01 1.02738192e+01
  1.14286301e+01 1.37625970e+01 1.34930277e+01 8.40073730e+00
  3.66673675e+00 3.36965457e+00 5.12531674e+00 2.85445191e+00
  8.24624837e+00 9.62195655e+00 2.90128009e+01]
 [1.07808538e+01 1.21119151e+01 1.28715308e+01 1.35162027e+01
  1.74719826e+01 1.63249262e+01 2.22032389e+01 2.35776377e+01
  2.10093951e+01 2.61051631e+01 7.94445447e+00 9.74039711e+00
  6.16031302e+00 5.22608903e+00 1.33876577e+01 1.14584049e+01
  5.74369931e+00 2.48844253e-29 7.17340475e+00 1.94034140e+01
  9.78873786e+00 1.04819053e+01 1.39334577e+01 1.29327177e+01
  9.47308391e+00 1.16735980e+01 1.09392887e+01 8.31220063e+00
  3.45325276e+00 3.98466623e+00 4.31852913e+00 3.51761855e+00
  4.19545151e+00 6.15392334e+00 1.12707358e+01]
 [1.59442630e+01 1.37400458e+01 8.00253785e+00 6.94857115e+00
  7.24775810e+00 6.55129866e+00 1.43068797e+01 1.42529234e+01
  1.85776541e+01 1.96009231e+01 3.88269416e+00 4.24460783e+00
  3.05058417e+00 2.39150233e+00 8.03379786e+00 7.28310099e+00
  2.68407249e+00 6.61955373e-30 3.72943565e+00 1.64910397e+01
  4.82958961e+00 4.57924465e+00 7.26513892e+00 6.12148007e+00
  7.59676099e+00 1.03463767e+01 1.47925589e+01 5.87461322e+00
  1.84860479e+00 1.67283918e+00 2.82602781e+00 1.79814379e+00
  9.95752108e+00 9.13125574e+00 1.62804512e+01]
 [2.51125370e+01 2.04920102e+01 7.32897884e+00 4.96736411e+00
  4.88857374e+00 4.25570557e+00 5.73344979e+00 7.17299207e+00
  1.01243895e+01 9.67343750e+00 5.11952338e+00 4.21286240e+00
  1.55667500e+00 1.58133571e+00 3.50489327e+00 3.32891415e+00
  3.16636429e+00 1.47787631e-29 1.83429679e+00 8.75913084e+00
  4.82681896e+00 3.59867546e+00 3.97169081e+00 3.74377484e+00
  1.30536346e+01 1.70275790e+01 2.11100600e+01 9.50459422e+00
  1.33143339e+00 9.35467501e-01 1.16085499e+00 1.02991754e+00
  1.65562069e+01 1.90776794e+01 1.04865209e+01]
 [1.08300128e+01 1.20908955e+01 7.15162646e+00 5.91410708e+00
  8.10082909e+00 1.86074667e+01 8.55362177e+00 8.15025630e+00
  1.27092302e+01 1.21410343e+01 6.42815115e+00 6.10881977e+00
  2.50126305e+00 2.45650692e+00 4.29125612e+00 3.90045574e+00
  1.73242270e+00 7.81830991e-30 2.17489666e+00 1.29217930e+01
  4.77517483e+00 4.57170637e+00 5.02607116e+00 6.48114686e+00
  4.30372821e+01 1.71782168e+01 9.58127191e+00 3.50326429e+00
  1.25363920e+00 1.05123792e+00 1.40536069e+00 1.20530462e+00
  1.25788461e+01 3.51540757e+00 6.35655462e+00]
 [2.95917677e+02 3.16949707e+02 2.67428185e+01 3.34262402e+01
  1.33341619e+01 1.42047368e+01 1.87912330e+01 2.39541749e+01
  2.56677892e+01 3.01978987e+01 1.76519524e+01 2.60754001e+01
  6.16488040e+00 7.86562249e+00 1.53850260e+01 1.66911414e+01
  1.70438565e+01 1.82986812e-28 1.17888308e+01 2.50341744e+01
  1.17816127e+01 1.21677011e+01 1.34972762e+01 1.50002081e+01
  6.32774635e+01 7.67332491e+01 1.89273586e+02 5.92608901e+01
  6.44892172e+00 6.13962942e+00 7.19647738e+00 6.96418383e+00
  2.35250204e+02 1.44995895e+02 9.44649249e+00]
 [4.40170788e+01 1.59346340e+02 1.61432763e+01 1.82031490e+01
  1.72154071e+01 1.51219085e+01 1.33451860e+01 1.55526513e+01
  1.31750936e+01 1.61111792e+01 7.20492063e+00 2.22655880e+01
  2.91764258e+00 3.11848816e+00 6.75552416e+00 6.48041436e+00
  4.86861599e+00 4.32384255e-29 4.46191616e+00 1.26495016e+01
  1.18532423e+01 1.67363603e+01 6.77800484e+00 7.14252681e+00
  1.57833558e+01 6.68610431e+01 5.01176186e+01 1.42217110e+01
  2.05356975e+00 2.26255442e+00 2.86312853e+00 2.13807973e+00
  1.73341448e+01 3.80894059e+01 1.53691226e+01]
 [1.10947813e+02 2.00397948e+02 9.70499955e+00 2.40009963e+01
  4.91069189e+01 3.89621545e+01 2.51376924e+01 2.98269906e+01
  3.27318716e+01 3.75771953e+01 6.03645331e+00 1.49632528e+01
  4.94893799e+00 5.99103417e+00 1.32673092e+01 1.30314303e+01
  7.97819290e+00 1.61019898e-28 6.95775143e+00 3.01626732e+01
  6.27562426e+00 8.82539977e+00 1.28353542e+01 1.26345457e+01
  3.01955413e+01 6.69292884e+01 1.19830126e+02 3.05399222e+01
  2.15255589e+00 3.46481336e+00 4.14686092e+00 3.10663060e+00
  6.09711441e+01 5.52764878e+01 8.90821740e+01]]