[[2.30312759e+00 5.74041026e+00 1.94497049e+00 2.96011424e+00
  3.17786650e+00 3.40394122e+00 1.50049053e+00 1.74893955e+00
  1.73789796e+00 1.73902499e+00 7.56546497e-01 1.33110590e+00
  8.87012118e-01 5.55558370e-01 8.76988648e-01 8.25902651e-01
  5.60209923e-01 1.21569623e-29 5.17755900e-01 1.61272937e+00
  1.98612952e+00 1.61602095e+00 1.45172767e+00 1.20861459e+00
  1.55504498e+00 3.66962562e+00 2.61836995e+00 8.18284820e-01
  2.64946093e-01 3.31501443e-01 3.42925612e-01 2.35388861e-01
  3.95258496e+00 3.45131829e+00 4.33116267e+00]
 [4.95924373e+01 6.16127569e+01 1.42768580e+01 2.77991117e+01
  1.21044518e+01 2.69703612e+01 1.56854392e+00 2.52463757e+00
  1.92930330e+00 2.76686418e+00 1.20901089e+01 3.46395520e+01
  9.31783751e-01 3.44330763e+00 9.68565579e-01 9.82336612e-01
  3.50516951e+00 8.83047580e-30 6.15020181e-01 2.49417537e+00
  6.89963810e+00 1.95521853e+01 6.35984200e+00 2.45977733e+00
  2.88091035e+01 5.62662517e+01 4.62920222e+01 1.92691740e+01
  1.78184644e+00 2.95263617e+00 3.74185023e-01 3.82865424e-01
  6.92621437e+01 4.37839220e+01 4.57767345e+00]
 [1.35141549e+01 1.41634547e+01 3.24271382e+00 9.64365401e+00
  3.65441301e+00 2.37120730e+00 1.66134731e+00 1.93996977e+00
  2.47015577e+00 1.98470159e+00 1.49321810e+00 4.02931903e+00
  6.09561580e-01 8.00573267e-01 1.11779591e+00 1.04539022e+00
  9.72005233e-01 2.53672206e-29 7.36458110e-01 2.17710903e+00
  1.29572160e+00 7.99023900e+00 1.07052914e+00 1.29623098e+00
  5.87878343e+00 1.31101483e+01 1.30263796e+01 4.62971795e+00
  3.72756438e-01 4.13854177e-01 5.51750998e-01 4.06088072e-01
  6.31458910e+00 7.98682440e+00 1.94675088e+00]
 [8.33347979e+02 4.67305494e+02 2.73815557e+01 3.85122201e+01
  2.41268275e+01 4.57143603e+01 1.30641628e+01 1.03066689e+01
  1.36010055e+01 1.60219224e+01 3.90470580e+01 8.15303067e+01
  1.57566109e+00 1.30605056e+00 4.91653446e+00 4.56716821e+00
  3.20289267e+01 2.67290409e-29 4.05996000e+00 1.45691800e+01
  6.88629341e+00 1.80325938e+01 7.50311535e+00 7.32290813e+00
  2.42875382e+02 2.36290005e+02 3.90940664e+02 2.47992337e+02
  7.21582782e+00 1.03715959e+01 1.70850863e+00 1.38713209e+00
  5.64275534e+02 2.63238168e+02 2.85220813e+00]
 [5.66893989e+00 6.77975781e+00 5.23200674e+00 3.70614485e+00
  4.38352847e+01 1.14543299e+01 3.04298905e+00 2.90207154e+00
  8.31964868e+00 2.82847918e+00 1.62910881e+00 1.79532475e+00
  2.98845583e+00 1.27298201e+00 1.93385924e+00 1.30500460e+00
  9.43939452e-01 7.93723825e-30 8.43878356e-01 5.65522346e+00
  5.15330080e+00 5.78156582e+00 1.08279003e+01 2.15396029e+00
  2.70779699e+00 2.84000292e+00 5.51343450e+00 1.87341156e+00
  5.90916508e-01 6.40845968e-01 7.02398308e-01 4.01048575e-01
  3.95829785e+00 4.59416826e+00 7.90958960e+00]
 [4.34441259e+00 6.90714117e+00 5.41464761e+00 3.22973260e+00
  6.94623780e+00 1.08144767e+00 1.49550412e+00 1.37722955e+00
  2.29088278e+00 2.57229295e+00 3.59508126e+00 1.21657488e+00
  2.61266966e+00 4.72507356e-01 8.41141478e-01 7.44063578e-01
  8.49758313e-01 1.31706739e-30 4.87449974e-01 2.36147526e+00
  2.98252864e+01 1.03213037e+00 2.27545412e+00 7.42060192e-01
  1.04010180e+01 4.42254277e+00 5.07909218e+00 1.80887566e+00
  6.86519881e-01 3.38485717e-01 4.00331606e-01 2.91821122e-01
  1.12132944e+01 2.92220142e+00 3.57838645e+00]
 [8.34752557e+00 7.47092936e+00 3.28166394e+00 3.54725855e+00
  4.80812795e+00 3.21181253e+00 9.98825554e+00 2.63855017e+00
  7.27261049e+00 6.44524117e+00 9.47131120e-01 1.19261702e+00
  1.29862639e+00 9.03239495e-01 2.07287747e+00 1.39971234e+00
  9.83946184e-01 2.54523708e-29 1.18326618e+00 7.54958316e+00
  1.65199303e+00 1.67433797e+00 3.06452130e+00 1.95032464e+00
  2.69853003e+00 3.37919181e+00 6.71678752e+00 2.09687374e+00
  5.57807759e-01 5.38654868e-01 7.60407571e-01 5.58391590e-01
  1.88159998e+01 1.79162421e+01 2.63401718e+00]
 [1.10163283e+01 1.83060248e+01 3.45511691e+00 3.79592701e+00
  5.80571838e+00 3.29147205e+00 3.77700443e+00 2.48086616e+00
  2.29334906e+01 2.09222731e+01 2.56576604e+00 4.13366782e+00
  7.27306669e-01 5.64471517e-01 1.71537282e+00 1.49141915e+00
  1.16514280e+00 7.76963578e-30 1.18692743e+00 2.05245532e+01
  1.86488002e+00 1.87170397e+00 1.88849970e+00 1.66146231e+00
  5.38466974e+00 1.21215526e+01 9.77363452e+00 5.45395252e+00
  4.15047418e-01 4.38473095e-01 5.14493192e-01 4.29278820e-01
  2.35213681e+01 1.13224397e+01 4.61683546e+00]
 [1.23807001e+01 1.42293004e+01 8.41301210e+00 4.32600715e+00
  1.59658856e+01 7.02039684e+00 1.14878206e+00 1.58844082e+00
  2.47961103e+00 3.24886280e+00 1.71977408e+00 1.11709873e+00
  4.14959265e-01 5.14650539e-01 5.46842893e-01 5.76915174e-01
  8.28775658e-01 2.32604301e-30 3.52812221e-01 2.67790908e+00
  1.37933582e+00 1.42226516e+00 6.22724989e-01 1.12613586e+00
  7.24779025e+00 4.65027317e+00 9.32141984e+00 2.88100893e+00
  3.63054713e-01 3.15452299e-01 2.64596463e-01 2.03623824e-01
  7.47907166e+00 1.72435149e+01 3.43171502e+00]
 [5.37772848e+01 2.49219281e+01 1.13242771e+01 5.36632648e+00
  6.18635765e+00 1.61295415e+00 9.74404534e+00 2.24851619e+00
  5.57859329e+00 2.98759222e+00 1.26304825e+01 2.01919026e+00
  8.36819565e-01 5.98170942e-01 4.64389473e+00 1.04654341e+00
  2.65574484e+00 9.04473471e-29 1.17547905e+00 3.75144876e+00
  6.01138232e+00 1.31193471e+00 5.74785230e+00 1.20928544e+00
  4.02274465e+01 6.81257890e+00 2.07030825e+01 7.06240985e+00
  1.40927778e+00 4.45471568e-01 7.88537772e-01 4.16963277e-01
  2.62944464e+01 1.93110964e+01 1.09725655e+01]
 [1.74705456e+00 8.82577035e+00 2.27245719e+00 3.30898166e+00
  1.49164276e+00 1.52392814e+00 2.49742065e+00 4.97345567e+00
  2.45351006e+00 2.59518168e+00 1.52033750e+00 4.22658868e+00
  6.51589080e-01 6.89728526e-01 1.06714470e+00 9.07239411e-01
  6.98542578e-01 2.01662037e-30 4.65518842e-01 1.96697627e+00
  1.42917946e+00 4.04462986e+00 1.14063781e+00 9.51879705e-01
  3.30790515e+00 1.51658962e+01 3.35126796e+00 1.97796142e+00
  3.35000730e-01 4.92903808e-01 3.84913307e-01 3.67604344e-01
  5.71993183e+00 1.14109631e+01 1.15441295e+00]
 [5.92732223e+01 4.56256116e+01 6.99930677e+00 8.58029959e+00
  1.45053347e+01 1.10278489e+01 2.42598151e+00 2.65285308e+00
  3.40496309e+00 3.83165191e+00 3.90678234e+00 4.66618430e+00
  9.74769570e-01 7.13029028e-01 1.49219953e+00 1.33593418e+00
  3.13832994e+00 2.14067234e-30 9.86709276e-01 3.41052153e+00
  3.41119582e+00 2.04011380e+00 1.41088873e+00 1.70469777e+00
  1.76246901e+01 1.67361064e+01 5.13360906e+01 1.03868741e+01
  9.47565648e-01 8.72519965e-01 6.16492467e-01 4.53593826e-01
  5.67861572e+01 3.65277676e+01 1.48399416e+00]
 [2.66480791e+00 3.86369280e+00 2.40369403e+00 3.33637136e+00
  1.96958757e+00 1.67100981e+00 2.28561902e+00 2.20926646e+00
  4.35268468e+00 6.60413462e+00 1.48895123e+00 1.79299282e+00
  9.18162628e-01 7.14223186e-01 1.49831457e+00 1.21958698e+00
  9.41912095e-01 2.80023422e-30 9.67033892e-01 5.22694508e+00
  1.62215694e+00 1.87912036e+00 1.50539345e+00 1.26174974e+00
  2.04913795e+00 2.78975745e+00 2.60786822e+00 1.54014013e+00
  6.22490898e-01 5.75376529e-01 6.76911039e-01 3.95288998e-01
  2.12716903e+00 2.97461018e+00 9.05466941e+00]
 [2.27556521e+00 2.47889146e+00 2.16870672e+00 2.42672133e+00
  2.59239609e+00 2.35076481e+00 2.11685276e+00 2.65457145e+00
  3.06923262e+00 5.48925733e+00 1.38022174e+00 2.06918184e+00
  7.43332859e-01 9.38296905e-01 1.38346207e+00 1.39867318e+00
  1.11310659e+00 3.29213629e-30 8.76757519e-01 3.59946513e+00
  1.73595761e+00 1.66884134e+00 1.40594870e+00 1.67652784e+00
  2.04854506e+00 2.94507485e+00 2.33102818e+00 1.70954197e+00
  6.77033548e-01 7.77228545e-01 4.58816266e-01 5.05504596e-01
  1.12567882e+00 1.72763814e+00 3.91867853e+00]
 [4.56826482e+00 3.18222900e+00 1.64655224e+00 1.28140638e+00
  1.00790116e+00 9.76429031e-01 1.26570640e+00 1.29547297e+00
  1.93546189e+00 2.09540188e+00 5.94920029e-01 9.75841500e-01
  3.92782506e-01 3.58137645e-01 8.13667262e-01 6.75602662e-01
  4.21734917e-01 1.32962493e-30 4.03741441e-01 1.75965252e+00
  8.39880479e-01 8.44610092e-01 7.83511448e-01 7.08215545e-01
  1.67854975e+00 2.38355777e+00 3.84204443e+00 1.41306517e+00
  2.69582253e-01 2.86704621e-01 3.40519244e-01 2.14766603e-01
  4.10405969e+00 3.99174195e+00 5.05768028e+00]
 [1.10012186e+01 8.09120801e+00 2.87709746e+00 1.79962029e+00
  1.75656352e+00 1.17541752e+00 1.33357251e+00 1.02267357e+00
  1.03004296e+00 1.24079012e+00 2.25228604e+00 2.28278573e+00
  5.08038003e-01 4.88519686e-01 6.63448999e-01 6.47790684e-01
  1.49561073e+00 3.93932349e-30 3.86227620e-01 1.11820034e+00
  1.82661363e+00 1.32697010e+00 1.11415207e+00 9.06836788e-01
  6.16929989e+00 8.54902458e+00 9.65327966e+00 4.18008822e+00
  5.33422350e-01 3.99706190e-01 2.77635132e-01 3.10284997e-01
  8.16992062e+00 8.26978795e+00 4.87512267e+00]
 [5.04382685e+00 5.78232601e+00 3.16935369e+00 2.30785168e+00
  4.25738981e+00 6.80708703e+00 2.66721168e+00 2.28800316e+00
  4.66176466e+00 4.21340970e+00 3.29481914e+00 3.28105483e+00
  1.30780524e+00 8.39254579e-01 9.21106736e-01 8.99473152e-01
  6.62135425e-01 3.85947954e-30 4.92524484e-01 5.01101123e+00
  2.78275175e+00 2.01488559e+00 1.89184293e+00 2.04207082e+00
  2.64750052e+01 1.19962992e+01 4.89587713e+00 2.23176631e+00
  4.89450952e-01 3.73656927e-01 3.39294036e-01 2.96581719e-01
  6.73718939e+00 2.05898726e+00 3.59975417e+00]
 [6.76944166e+01 6.77875362e+01 4.78678870e+00 6.05437033e+00
  1.66085212e+00 1.88951460e+00 2.18702398e+00 2.84932267e+00
  3.09656935e+00 4.10103985e+00 2.81240235e+00 4.59327089e+00
  7.57706331e-01 1.00928271e+00 1.45921094e+00 1.75615189e+00
  2.82570235e+00 3.74493383e-29 1.19989793e+00 3.63935325e+00
  1.72488758e+00 1.87881158e+00 1.43828131e+00 1.67287450e+00
  1.25020253e+01 1.54724751e+01 4.14289023e+01 1.17062927e+01
  8.75099019e-01 9.39764143e-01 7.36037617e-01 7.56821085e-01
  5.81794294e+01 3.48388080e+01 2.11778155e+00]
 [2.15179542e+01 7.81690891e+01 7.07456985e+00 5.77154490e+00
  7.88273638e+00 6.69363008e+00 3.04846218e+00 5.40113229e+00
  2.35920906e+00 6.63648730e+00 2.51609858e+00 1.18846514e+01
  4.41480699e-01 7.03901867e-01 9.78574984e-01 1.14870365e+00
  1.48711099e+00 1.35628355e-29 5.60551396e-01 4.01648430e+00
  5.35303127e+00 8.13544831e+00 9.89783085e-01 1.46430179e+00
  6.99485824e+00 3.13657840e+01 2.46314340e+01 5.83058844e+00
  5.13336595e-01 5.15637992e-01 3.05475929e-01 2.65911667e-01
  9.48413848e+00 2.01963759e+01 9.14010843e+00]
 [6.29079533e+01 1.09518368e+02 4.14047732e+00 1.26516182e+01
  2.89026591e+01 2.74800323e+01 4.74581366e+00 7.30517312e+00
  6.41407499e+00 5.12581783e+00 2.75279381e+00 7.20980327e+00
  1.10813557e+00 1.71202941e+00 2.29632678e+00 2.04686242e+00
  3.95633163e+00 5.80533437e-29 1.36822672e+00 5.50142043e+00
  2.19837415e+00 4.14181582e+00 2.77103605e+00 4.31006318e+00
  1.72365311e+01 3.60080833e+01 6.55714247e+01 1.66579845e+01
  8.90297421e-01 1.36707920e+00 8.77590554e-01 5.61792540e-01
  3.23320564e+01 2.98120272e+01 2.12619625e+01]]