[[1.45928618e+01 2.30759057e+01 1.36558800e+01 1.76846938e+01
  1.37879794e+01 1.76935121e+01 3.18844020e+01 4.56810465e+01
  3.71983169e+01 2.74207071e+01 5.57585666e+00 7.04193869e+00
  4.14300428e+00 3.28712301e+00 1.23599736e+01 1.15802055e+01
  4.52115723e+00 4.16690169e-29 5.93777850e+00 2.77439501e+01
  1.00338670e+01 9.23556283e+00 1.23228912e+01 1.35858434e+01
  1.06006640e+01 1.89552351e+01 1.56715127e+01 7.15628215e+00
  2.25659014e+00 2.02446490e+00 3.00999735e+00 2.09636258e+00
  2.10958831e+01 1.73001830e+01 1.70668267e+01]
 [5.06371593e+01 5.93391205e+01 2.93779092e+01 3.16382166e+01
  2.33294105e+01 2.10767783e+01 2.11277657e+01 2.43145915e+01
  2.28878407e+01 2.12167359e+01 1.22959233e+01 1.47513533e+01
  5.97700168e+00 6.31034508e+00 1.20652094e+01 1.19795914e+01
  1.08326977e+01 2.26846505e-29 6.92767250e+00 2.05153788e+01
  1.62244867e+01 1.79310037e+01 1.43207398e+01 1.46250702e+01
  2.56133277e+01 3.58779307e+01 5.18602755e+01 2.71780826e+01
  5.26017488e+00 4.24468959e+00 4.74011202e+00 3.90528268e+00
  1.09873405e+01 1.53523018e+01 2.38927255e+00]
 [3.71462831e+01 3.29868224e+01 1.65314835e+01 1.37670081e+01
  9.03402985e+00 8.40635279e+00 8.63436264e+00 9.54708440e+00
  9.38671179e+00 8.79231723e+00 5.97185664e+00 5.04740071e+00
  2.32297556e+00 2.12529487e+00 4.49729343e+00 4.54901856e+00
  3.54820014e+00 9.50180832e-29 3.43621314e+00 8.55083193e+00
  7.09455503e+00 6.39923116e+00 5.28813071e+00 5.58943971e+00
  1.64301958e+01 2.06495407e+01 3.30075314e+01 1.17521309e+01
  1.55451991e+00 1.70808919e+00 1.77002014e+00 1.59041278e+00
  1.46856634e+01 7.55641116e+00 1.78626637e+00]
 [1.53379703e+02 1.39191269e+02 3.39056871e+01 2.76142289e+01
  2.49099448e+01 1.82064575e+01 2.75018116e+01 2.81489282e+01
  3.39893504e+01 3.51395569e+01 2.27551777e+01 2.05929507e+01
  4.94039552e+00 3.84209800e+00 1.25654461e+01 1.40016241e+01
  1.93455948e+01 3.99808212e-29 1.20684183e+01 3.23225911e+01
  1.52664373e+01 1.35125263e+01 1.52975939e+01 1.22391902e+01
  6.44362409e+01 5.10120369e+01 1.94603098e+02 5.62660608e+01
  7.96319970e+00 6.27490715e+00 4.28531162e+00 4.40925175e+00
  1.26407485e+02 8.73548197e+01 2.86974557e+00]
 [1.95225153e+01 2.55104520e+01 1.68635882e+01 1.54626140e+01
  1.05647391e+01 1.09748049e+01 1.44184617e+01 1.81113973e+01
  1.51198916e+01 1.36725633e+01 5.90914268e+00 6.92425797e+00
  2.99150002e+00 2.81415182e+00 6.44426819e+00 7.71133631e+00
  4.38476104e+00 3.28371482e-29 4.16723906e+00 1.33055176e+01
  7.59850953e+00 7.89823404e+00 6.91954823e+00 7.20524062e+00
  1.00801380e+01 1.18128092e+01 1.93305225e+01 8.44596409e+00
  2.33817469e+00 1.87714603e+00 1.85223623e+00 1.93071474e+00
  8.07315523e+00 8.95018200e+00 1.14535382e+02]
 [1.18110739e+01 1.62150822e+01 1.13714120e+01 1.05741488e+01
  9.22544554e+00 7.30391201e+00 1.15166933e+01 9.90145564e+00
  1.33517544e+01 1.09665493e+01 4.14402098e+00 4.38212953e+00
  2.70475976e+00 1.88090552e+00 6.14195117e+00 4.43953029e+00
  3.64684628e+00 4.62617129e-30 3.37886133e+00 1.14762380e+01
  6.99174342e+00 4.99584015e+00 6.50562214e+00 4.89292950e+00
  7.48460433e+00 8.17178567e+00 1.26934054e+01 5.83498369e+00
  1.87047585e+00 1.54379595e+00 2.18457779e+00 1.32792219e+00
  1.26960816e+01 3.59433121e+00 4.21724682e+00]
 [2.26840407e+01 2.72724759e+01 1.73679846e+01 2.19354081e+01
  2.09311977e+01 1.43662106e+01 2.67890138e+01 1.88724362e+01
  2.67462750e+01 2.49320079e+01 6.28659537e+00 8.12779220e+00
  6.03211734e+00 3.77889759e+00 1.52206634e+01 1.04048339e+01
  9.93340685e+00 9.94011961e-29 9.81536120e+00 2.47694425e+01
  7.28733914e+00 9.82379652e+00 1.68116159e+01 1.09273687e+01
  8.42196464e+00 1.53220289e+01 2.23373561e+01 1.31781319e+01
  4.85162087e+00 3.43156479e+00 4.87409871e+00 3.50428346e+00
  7.87305745e+01 6.46735078e+01 6.68525818e+00]
 [4.14212775e+01 4.04606387e+01 1.86876029e+01 1.69027092e+01
  1.65710474e+01 1.42475655e+01 2.28873824e+01 2.57594657e+01
  2.24947716e+01 1.96453297e+01 1.35823939e+01 1.17392669e+01
  5.05413022e+00 4.32885855e+00 1.11924048e+01 1.15338852e+01
  2.99933996e+01 1.78398132e-29 6.93644336e+00 1.93103656e+01
  1.09081491e+01 1.07248909e+01 1.21967173e+01 1.16750057e+01
  3.10519188e+01 2.26749971e+01 4.67581421e+01 4.93586383e+01
  6.71982678e+00 4.00572845e+00 3.81812167e+00 3.99790446e+00
  7.49963696e+01 1.66731030e+01 7.28973022e+00]
 [2.73749915e+01 2.82792852e+01 1.61051689e+01 1.52609083e+01
  1.23664091e+01 9.59257448e+00 1.88769756e+01 1.80939515e+01
  1.86506832e+01 1.74791663e+01 6.15399905e+00 6.13665916e+00
  3.74246223e+00 2.79120414e+00 8.25729969e+00 5.89359146e+00
  4.74359285e+00 1.27853894e-29 4.37411907e+00 1.76290735e+01
  8.75835754e+00 7.16368950e+00 9.27418891e+00 6.98477725e+00
  1.07844163e+01 1.11735679e+01 2.14401199e+01 8.25607518e+00
  2.32248718e+00 2.01254995e+00 2.81763004e+00 1.78859293e+00
  1.41822176e+01 2.37811441e+01 4.31979087e+00]
 [1.99868218e+01 2.12522018e+01 6.56748872e+00 7.11411236e+00
  6.02094051e+00 4.87617373e+00 9.10403951e+00 7.57823611e+00
  1.03479144e+01 9.00075382e+00 3.42341911e+00 1.52546756e+01
  2.00206271e+00 2.08144805e+00 5.18721167e+00 4.23423465e+00
  3.13525654e+00 6.34975647e-28 3.09498041e+00 8.88028144e+00
  3.58129911e+00 3.66884131e+00 5.44881099e+00 3.79702327e+00
  8.31695514e+00 8.60886780e+00 1.75941546e+01 6.18973931e+00
  1.39230806e+00 1.46705069e+00 1.92305620e+00 1.41408009e+00
  1.29138949e+01 9.65991765e+00 9.24969129e+00]
 [9.06454705e+00 1.25439368e+01 1.35270609e+01 1.53961720e+01
  1.24170400e+01 1.18039487e+01 1.14582509e+01 1.16285600e+01
  1.10623623e+01 1.13621596e+01 5.15629601e+00 6.43991562e+00
  3.64928451e+00 3.81551698e+00 6.86003756e+00 6.70145046e+00
  4.05535403e+00 7.90691091e-30 4.23622409e+00 1.04770621e+01
  7.49842008e+00 8.50915460e+00 7.86418785e+00 8.06785693e+00
  7.57526697e+00 1.14477994e+01 1.05111501e+01 6.71356243e+00
  2.05193022e+00 1.80611839e+00 2.70367694e+00 2.72125345e+00
  6.77908882e+00 6.50519462e+00 2.06614771e+00]
 [7.35128164e+01 6.47395027e+01 3.91227597e+01 3.48208620e+01
  2.78085101e+01 2.67346809e+01 2.70767635e+01 2.78315545e+01
  3.23553633e+01 3.20010155e+01 1.62256654e+01 1.39729032e+01
  8.78606737e+00 7.66424185e+00 1.72923316e+01 1.62363313e+01
  1.36004485e+01 1.69621323e-29 1.10064873e+01 3.05384055e+01
  2.16483555e+01 1.81631101e+01 2.07222451e+01 2.00179348e+01
  3.43219599e+01 2.66318837e+01 6.51977877e+01 2.59997679e+01
  7.57186768e+00 6.89048564e+00 6.76953172e+00 5.57623016e+00
  5.66634711e+01 4.78411697e+01 2.17615936e+00]
 [7.21062910e+00 1.17003002e+01 1.07848341e+01 1.10203882e+01
  1.11937614e+01 7.54992184e+00 1.25283165e+01 8.16971183e+00
  1.11351370e+01 9.72925052e+00 3.01192473e+00 4.23155710e+00
  3.05977065e+00 2.08649780e+00 6.34361294e+00 3.88167147e+00
  3.22960931e+00 5.02833284e-30 3.31502454e+00 1.00417352e+01
  5.78382316e+00 5.37258806e+00 7.61637944e+00 4.99775654e+00
  4.43090432e+00 6.54903322e+00 7.62782823e+00 4.32300514e+00
  1.48654954e+00 1.56241771e+00 2.30291400e+00 1.16816495e+00
  1.30055898e+01 5.51305935e+00 1.15503821e+01]
 [8.13540391e+01 8.29895338e+01 7.25963933e+01 6.59415416e+01
  8.18496444e+01 5.78200143e+01 8.25982888e+01 6.98646802e+01
  6.63234520e+01 6.85980450e+01 5.29953761e+01 5.06107885e+01
  2.05798552e+01 1.56552079e+01 4.98751074e+01 2.82980431e+01
  4.62795720e+01 1.02281441e-28 2.71119649e+01 6.05604992e+01
  5.19642147e+01 3.98794635e+01 6.12355222e+01 3.60721185e+01
  6.52363544e+01 6.68094469e+01 8.49431052e+01 6.87558355e+01
  1.77248922e+01 2.03884970e+01 1.62040336e+01 1.01135220e+01
  1.86120153e+01 1.68523718e+01 1.60746111e+01]
 [2.53779147e+01 1.89204437e+01 1.32278301e+01 1.12930232e+01
  1.18041069e+01 8.95355600e+00 1.96961618e+01 1.72050104e+01
  1.99451923e+01 1.78137243e+01 4.70665655e+00 4.83718774e+00
  3.13742764e+00 2.52759804e+00 8.96037483e+00 7.51084483e+00
  3.25777167e+00 7.36177177e-30 4.14316706e+00 1.61226701e+01
  7.12622110e+00 6.28610517e+00 9.74249707e+00 7.07434109e+00
  1.06523605e+01 1.41785715e+01 2.18025333e+01 7.78296289e+00
  1.91419139e+00 1.71897751e+00 2.87006319e+00 1.99319754e+00
  1.54132475e+01 1.13199013e+01 1.37567554e+01]
 [6.58643030e+01 5.58337469e+01 2.18770666e+01 1.40088572e+01
  1.08759745e+01 1.21602879e+01 1.40171934e+01 1.55944958e+01
  1.71888284e+01 1.60288738e+01 1.08005274e+01 7.92055597e+00
  3.13762698e+00 3.37070919e+00 7.41641052e+00 6.55043278e+00
  7.63545457e+00 3.98443660e-29 4.27598678e+00 1.52952475e+01
  1.02154680e+01 9.46966815e+00 8.21758523e+00 9.02060836e+00
  2.82351551e+01 2.27284529e+01 5.47740348e+01 1.98311239e+01
  3.04025666e+00 2.10635292e+00 2.52935059e+00 2.18651271e+00
  4.09320470e+01 4.71011436e+01 8.71456263e+00]
 [1.49635982e+01 1.19114309e+01 1.47544217e+01 1.19337379e+01
  1.02893121e+01 8.99550935e+00 1.19584234e+01 9.59961663e+00
  1.16489762e+01 9.99105480e+00 4.34847836e+00 4.65610696e+00
  3.11826974e+00 2.82930854e+00 7.06130714e+00 4.92123077e+00
  2.95749632e+00 6.47749821e-30 3.74777039e+00 1.10656261e+01
  8.42855779e+00 6.24137918e+00 7.15551995e+00 5.81383528e+00
  9.87339248e+00 7.69761027e+00 1.05122020e+01 4.50358736e+00
  1.68316498e+00 1.32582911e+00 2.50239649e+00 1.65777344e+00
  4.55359513e+00 2.82934996e+00 3.93445108e+00]
 [4.59277096e+02 4.70714890e+02 4.55231924e+01 4.76381938e+01
  2.23562305e+01 2.02075921e+01 2.77215794e+01 2.67302440e+01
  3.02766854e+01 2.72315142e+01 2.42542149e+01 2.97071322e+01
  7.90147924e+00 8.52522482e+00 1.90240681e+01 1.67174610e+01
  2.26221438e+01 2.79778040e-28 1.36700485e+01 2.73291086e+01
  1.81066584e+01 1.51522080e+01 1.81549086e+01 1.66934307e+01
  9.39298127e+01 1.06371354e+02 2.84303135e+02 8.61541976e+01
  7.81291567e+00 5.95365675e+00 7.95745823e+00 7.86194459e+00
  3.74368913e+02 2.21830537e+02 1.05153999e+01]
 [4.77145893e+01 6.37496958e+01 3.16720895e+01 3.21342015e+01
  5.15339795e+01 4.07863417e+01 6.68106150e+01 5.34177817e+01
  4.60646278e+01 4.08747749e+01 1.31547373e+01 1.79387977e+01
  1.07613096e+01 8.33884752e+00 2.73452659e+01 2.19580506e+01
  1.27108806e+01 1.07744922e-28 1.19857254e+01 3.99947614e+01
  2.33918042e+01 2.08549589e+01 4.17861789e+01 3.01466357e+01
  2.32230195e+01 3.28928307e+01 4.61782006e+01 2.25717688e+01
  4.64176553e+00 6.31432250e+00 8.32969839e+00 5.75007066e+00
  1.15606596e+01 2.29586721e+01 6.28599512e+00]
 [1.10678899e+02 2.83017431e+02 1.59654256e+01 4.26528046e+01
  1.28405110e+01 1.24813367e+01 1.98511312e+01 1.99880128e+01
  1.87769870e+01 1.83873449e+01 7.02401159e+00 2.07687335e+01
  4.62699687e+00 4.11377115e+00 1.11808804e+01 9.92491247e+00
  1.11259679e+01 2.54820619e-28 6.56040662e+00 1.92869427e+01
  8.90469209e+00 1.05020720e+01 1.23552407e+01 9.58922172e+00
  2.97099345e+01 9.93401372e+01 1.52155197e+02 3.82449994e+01
  2.86932433e+00 4.34283249e+00 3.86480088e+00 2.82827400e+00
  6.12886101e+01 9.05177752e+01 3.10022118e+01]]