[[92.51197675 96.04202616 83.71378397 90.68616804 66.38082722 91.98354345
  20.73290075 24.78419967 19.0320883  16.87156408 85.01401473 84.46459584
  79.34799099 45.64520765 21.39093568 18.81878711 89.77020034 92.73767762
  27.04583325 18.62674976 93.80335419 78.07683841 39.49854966 36.82699401
  96.73188991 96.59383498 93.90315119 84.26834761 61.21748194 68.560391
  29.05858852 27.54404715 97.77824368 97.54821222 72.38414359]
 [65.78922666 63.87075189 67.89975735 62.80609819 50.20185507 38.51830077
  51.89388919 59.6381893  46.74186137 53.45496796 58.3478837  37.9735661
  54.12361952 42.63509044 55.4944577  55.94357196 61.38404688 75.14323829
  65.81299353 52.50950125 59.03323713 52.90781994 46.58743907 52.84567544
  72.45874206 79.85289234 66.70654146 86.89875601 57.83686121 49.5520655
  61.31983512 60.70535645 44.05556938 47.22482936 44.04681167]
 [59.22644064 61.12135263 87.41340933 75.68982625 43.02178358 42.47159421
  34.02404369 71.46355253 21.44515444 22.97090262 80.67932847 50.71682895
  33.02875706 29.26821903 31.03925626 31.07174663 60.69883238 76.99018875
  36.93996842 22.78133136 49.40662945 30.81359426 36.64037337 33.2983514
  71.71483543 62.9673508  57.86035599 88.06865391 50.56425878 57.07515228
  32.56526279 36.13116167 73.0437591  72.11150704 56.76551789]
 [59.46117078 61.00577078 65.3173604  66.39511554 31.3193167  25.03415889
  27.86216459 27.80438855 28.87332249 26.71999024 41.68520359 32.29292339
  37.61192084 36.27821138 29.85926474 29.25453766 49.72171621 74.72679346
  32.91155101 28.39436492 51.42561061 40.55386755 29.92704591 29.53715003
  46.40734771 45.70223472 91.54451993 43.66023185 41.23116659 30.8864521
  28.98857047 34.36944093 68.89775274 73.64027188 40.22492658]
 [46.05361112 47.04793932 65.9114547  57.6538515  20.63082014 34.17978591
  37.04032058 29.27620515 26.70933047 32.46649147 47.27095147 55.95746128
  36.24198067 33.44816285 31.52937477 29.25058621 47.07952914 39.9079344
  33.73540255 29.9438207  44.09997984 44.87981368 28.5549561  31.8894902
  49.38462356 53.01567654 46.50315962 48.69502582 43.42227101 43.35351542
  32.18690287 28.35672237 70.9108479  57.90491808 56.14530292]
 [65.74725088 76.57764178 77.19629566 75.52075289 57.80229803 60.4024046
  49.6681826  40.21975276 41.79915131 46.77202587 52.47457256 66.6874617
  47.45633847 55.32951587 50.41468216 55.38176924 62.56756374 64.81224649
  59.53009559 47.12721366 44.37814343 66.45327073 54.44949997 49.55575485
  67.33148318 75.41080582 68.36840705 66.46239679 61.40131055 60.42597421
  53.98493622 61.67650831 85.11111968 69.02867192 53.32667743]
 [90.78636981 84.12442501 86.57948088 88.29112279 72.50962329 68.76818668
  56.60591662 43.42651305 46.97326505 42.52481455 67.31471004 79.53153584
  62.16352349 90.16736283 44.95216124 43.5411213  76.61543905 92.89897771
  43.65554294 40.12482592 67.34001757 74.41151288 53.98791862 51.77729128
  81.30155797 84.05058571 82.12686108 79.60550611 86.88004002 76.4465566
  51.98188552 48.95397356 86.68954159 88.5484914  66.71402437]
 [66.11410768 66.73051427 60.57648456 66.98460235 46.9424914  50.43753455
  34.15091834 33.18735079 23.35360655 27.2982049  49.70457838 49.9448982
  59.85372135 49.41849062 37.64932548 39.13418594 35.63262449 66.33863753
  47.90019522 25.63685701 52.9593536  67.55366961 43.6890245  39.35241089
  48.99194894 54.26543672 53.82367664 47.76648169 47.59354217 55.53875209
  49.34359096 48.4817453  65.13280884 59.32770815 53.88174131]
 [46.8971872  47.26542071 42.41648006 53.47211866 33.02015193 36.03094204
  35.14232248 33.35334377 31.60155168 37.0057473  47.55969592 53.58122171
  42.86320635 44.84998253 41.32737281 40.00088825 54.6174441  41.95441606
  42.4571603  36.41144744 48.17966522 60.12979947 44.65869132 39.97893504
  48.61975473 50.1552497  46.25453867 49.10075212 55.50843518 55.12614826
  45.50224063 44.24313797 62.04410039 50.78452059 57.68821325]
 [66.62945249 72.35199903 75.38977253 94.55474517 81.4596606  81.28165976
  52.21553474 89.48600917 54.30486965 72.38481299 69.27145708 97.90579038
  79.84044127 81.40494956 44.5590196  52.29043146 73.48801634 96.52886483
  76.16132321 81.84272575 94.59845166 97.13731821 87.35924482 91.88711168
  56.50285507 96.88493627 69.73987917 73.03146617 71.13060739 95.4593325
  47.36966419 65.42628305 79.99642136 71.27796079 84.59301639]
 [65.88901849 70.30441768 96.03139501 96.12266666 71.44159528 52.76513553
  40.00522362 37.95251837 41.30893724 39.26990268 80.8161924  85.60706601
  47.65167207 43.55632285 43.55784702 37.34664685 77.87702373 85.81209312
  38.319976   42.67301494 61.77777493 54.23688815 46.20354544 45.38418259
  92.0285738  88.61215638 82.18235727 89.23298597 63.44134586 60.14529619
  40.27064942 49.71393554 96.98516643 91.78967087 60.88095663]
 [61.24728303 66.67791983 76.67582054 79.20068773 45.46291358 48.46901221
  30.15776513 30.85885795 28.05037225 24.76994807 61.24234255 59.84081121
  48.17919315 43.21699606 31.46855108 30.58265645 55.85879845 35.53131408
  33.20151136 27.58446564 64.40077767 64.10814597 42.57687201 49.6607625
  62.20963845 59.30636735 56.43538591 58.09059255 48.63193052 48.54915273
  31.42291547 36.3795207  82.97355905 73.16955027 57.7097785 ]
 [82.7989644  90.4747419  73.62519234 87.91912013 64.82946787 38.20741068
  37.5048415  19.73974826 27.66681952 25.56121962 35.94481843 77.88121543
  55.99839075 46.15831195 36.51535859 21.02627227 64.93164382 40.85828748
  38.17596707 31.10074341 64.0279578  71.40049546 49.85290338 22.77465212
  49.45624604 87.62836723 86.37576832 76.31251739 37.45712205 65.44521524
  41.98346277 22.80446437 97.85042251 77.73441251 63.50462052]
 [32.96550569 35.08372368 31.20062334 35.32227239 32.28884563 33.61093535
  25.48248792 22.01699932 22.42281199 21.52513494 35.19004835 34.86916093
  22.74943736 27.67762377 26.03256182 21.68512765 35.02845046 25.73309214
  23.27778774 23.52709064 28.35575364 31.36807912 28.01741218 27.09924476
  44.35161766 33.33680893 32.35383942 35.03473736 33.63345329 37.88594014
  21.733299   19.84429598 49.70184558 66.38950457 64.91173497]
 [77.24461543 65.63184388 50.59948794 56.84641064 36.4868016  42.38294394
  29.88891236 33.85054589 25.91680888 25.62838649 41.28867422 51.01326606
  35.06557285 38.48085828 31.5985649  28.43538767 40.72050725 72.243977
  29.5088104  25.76353138 38.17825637 42.75556185 33.36799096 35.40205609
  79.62009396 85.2136221  76.82044457 83.39746679 36.06272579 40.02577554
  32.92099217 29.60739855 98.87330612 90.71806565 69.16679574]
 [71.22726092 69.24984053 68.67799968 58.80783659 53.94891604 51.38470923
  38.88775873 32.14381588 32.39231849 34.95049869 66.02816469 56.43622508
  54.73365434 52.69523638 46.90366795 43.98767127 64.63583122 45.22640201
  58.13530648 37.90258235 60.35707431 62.35059028 44.99209995 50.54589515
  68.93163431 65.67126959 69.90869107 65.60912272 62.67876592 60.23458048
  52.31420505 53.74723594 69.7433735  77.28335193 59.69384234]
 [59.50126188 50.91185153 49.65639625 52.37288881 38.95231561 31.49761249
  30.18362706 27.38413761 23.87262679 26.28578605 33.06248312 38.8494188
  46.48098376 47.98090777 34.77057503 31.76203058 55.9441606  42.04226947
  40.24846285 28.47868852 41.48055725 44.75793044 40.52472612 36.26134655
  17.44509952 39.72924048 81.73031091 46.04166587 45.61422352 44.62463296
  42.17233648 42.95372078 48.72939236 61.88100192 67.21393554]
 [68.90016016 66.72312991 62.10760941 61.05899948 40.00258504 45.25287405
  31.87338983 26.82680521 34.63915071 33.28355482 57.52842425 58.50338144
  28.69126928 18.59550575 30.63364772 23.16981253 57.76586694 65.89935649
  34.76036384 39.04730397 47.2512539  45.38312313 27.8201589  23.56808002
  64.50893536 65.57280378 67.36898358 64.90599143 48.69420943 46.13493387
  26.79275626 21.53791833 71.10467574 71.96513141 64.66658331]
 [66.22526056 55.10371131 50.49512527 49.85854099 24.18665907 36.44951215
  26.83939826 31.20205646 35.37205813 34.82036902 54.01828079 40.02275392
  26.74579702 35.8525399  28.55598906 34.09210188 56.66641928 27.9965189
  32.99579264 36.25270969 33.91592291 37.4213157  22.84317471 38.97134359
  63.57257377 44.21682628 66.68037518 60.99539673 47.9527474  46.54323578
  31.47837028 35.53281355 63.86331796 74.84343161 36.63334187]
 [84.74911509 81.44366697 99.74320465 93.36976238 97.83893462 92.65912745
  92.86704387 94.19605798 80.14179192 81.30626488 94.93762296 89.67119358
  90.59397755 79.60764603 85.07192306 86.30447853 88.90428938 98.73046634
  86.54181079 85.016508   99.41305512 96.51277034 88.29111057 85.26657379
  95.25352452 89.08276036 80.72094495 92.24827364 88.24796707 86.4327373
  73.64817196 81.72033038 95.69393351 93.49941717 77.90635359]]