[[2.83127733e-01 2.54250956e-01 5.73562872e-01 4.61509889e-01
  1.31996179e+00 2.56705563e-01 4.64918557e-01 3.52221890e-01
  3.49449644e-01 5.09874526e-01 6.08961018e-01 9.21021991e-01
  9.16830457e-01 1.62938826e+00 6.44571331e-01 6.08427064e-01
  4.74174340e-01 4.65686226e-01 7.71780874e-01 4.30363695e-01
  3.09577139e-01 8.87516675e-01 1.01852975e+00 7.37020500e-01
  1.29458680e-01 2.08182116e-01 2.63354815e-01 5.95691069e-01
  1.60121968e+00 1.70192804e+00 1.21834524e+00 1.03006905e+00
  1.62326171e-01 1.87928851e-01 2.01322354e+00]
 [9.25791207e+00 9.70480434e+00 6.12236459e+00 9.15307227e+00
  9.94449993e+00 1.87062708e+01 1.66810433e+00 1.70682864e+00
  1.24307015e+00 1.90433840e+00 1.08158976e+01 1.98933065e+01
  3.57801013e+00 8.84940378e+00 1.74264588e+00 1.67797141e+00
  5.90702901e+00 3.79345580e+00 1.54391008e+00 1.74301390e+00
  7.17840538e+00 1.27265100e+01 9.30038725e+00 3.83588584e+00
  7.55237665e+00 5.85327451e+00 8.74422670e+00 3.03330242e+00
  6.36114570e+00 9.93998695e+00 1.70376218e+00 1.95397943e+00
  2.45257957e+01 1.67146336e+01 1.51054872e+01]
 [3.98811744e+00 4.27583830e+00 8.88534375e-01 4.06809499e+00
  6.07526908e+00 4.01828876e+00 3.01342932e+00 1.12108133e+00
  1.93794004e+00 1.85809617e+00 1.48370812e+00 8.56064334e+00
  4.17153886e+00 4.56239059e+00 3.10089504e+00 2.58988520e+00
  3.30631902e+00 1.58498776e+00 2.50547976e+00 2.09083396e+00
  3.10385044e+00 1.42581873e+01 3.08481536e+00 2.97076809e+00
  2.72434618e+00 5.31588702e+00 4.45360087e+00 1.30118116e+00
  3.17872795e+00 2.92278502e+00 3.64874380e+00 3.13825690e+00
  2.57126549e+00 5.06593747e+00 9.07856942e+00]
 [1.53793078e+01 1.31211107e+01 5.51952663e+00 6.94157677e+00
  1.13839432e+01 1.59072309e+01 5.92059216e+00 3.69924365e+00
  4.27733832e+00 5.10452459e+00 1.36230094e+01 2.20643449e+01
  5.32696338e+00 3.58543657e+00 4.44025658e+00 3.42219406e+00
  1.24978255e+01 3.27696169e+00 4.29135437e+00 5.27386676e+00
  5.23949782e+00 1.00556580e+01 6.95417632e+00 5.76022946e+00
  1.59442341e+01 1.93177035e+01 2.73820191e+00 1.98835962e+01
  1.00259785e+01 1.56981025e+01 4.61377210e+00 4.08456649e+00
  1.19502137e+01 9.50452095e+00 1.05436845e+01]
 [4.50868061e+00 3.90199553e+00 3.74887426e+00 3.59789594e+00
  3.11268944e+01 1.41865783e+01 3.80776427e+00 2.37760306e+00
  7.89656983e+00 3.10799455e+00 4.71630101e+00 3.67064609e+00
  1.29821167e+01 7.29470768e+00 4.45625147e+00 2.12744654e+00
  3.78642042e+00 4.04617470e+00 3.15219542e+00 6.57472870e+00
  1.03211915e+01 1.09302263e+01 1.84818996e+01 4.72635387e+00
  4.25018660e+00 3.53110769e+00 4.39482236e+00 3.67314933e+00
  4.72253438e+00 5.72623177e+00 5.58022311e+00 3.25723219e+00
  4.23399324e+00 4.81583114e+00 6.91907041e-01]
 [4.22023004e+00 3.34228769e+00 4.27937076e+00 3.01950992e+00
  9.91751623e+00 2.55683389e+00 2.54199009e+00 2.05123862e+00
  2.40105386e+00 3.55207196e+00 1.09313567e+01 3.49425162e+00
  1.30442505e+01 3.95287011e+00 2.35468452e+00 2.24764570e+00
  3.52536591e+00 3.80074114e+00 1.89110827e+00 3.12367967e+00
  2.55434198e+01 2.94776047e+00 5.96636211e+00 2.64526037e+00
  8.87219835e+00 3.94106536e+00 4.13225391e+00 3.79107922e+00
  5.20647152e+00 3.48677104e+00 3.07737614e+00 2.92443690e+00
  4.01286232e+00 6.55289545e+00 8.41145967e+00]
 [1.10135706e+00 1.64121759e+00 1.09668462e+00 9.08471131e-01
  2.09970891e+00 2.04595837e+00 3.90604725e+00 1.71242571e+00
  2.54240745e+00 2.39499632e+00 1.84029623e+00 1.29976568e+00
  2.68667109e+00 6.54954736e-01 1.81178333e+00 1.49513866e+00
  1.18879282e+00 6.33083412e-01 1.42880958e+00 3.11102752e+00
  2.54394902e+00 1.66664590e+00 2.53565806e+00 2.26894429e+00
  2.11880770e+00 1.52962280e+00 1.92020483e+00 1.55525295e+00
  5.61842489e-01 1.28285924e+00 1.84027589e+00 1.88121900e+00
  1.35171532e+00 1.16194032e+00 3.63290394e+00]
 [3.84458393e+00 5.44192398e+00 3.54487945e+00 3.54516335e+00
  7.47663140e+00 4.48191575e+00 3.58388572e+00 1.37495668e+00
  1.25656172e+01 1.17284731e+01 5.01894298e+00 7.53879107e+00
  2.33945423e+00 2.73536911e+00 2.83001139e+00 1.90112714e+00
  1.98477763e+00 4.75655109e+00 2.76417419e+00 1.25206668e+01
  3.92283150e+00 2.76121636e+00 3.45690813e+00 2.80217034e+00
  4.86203258e+00 8.70834895e+00 4.87684465e+00 3.97931659e+00
  2.13224458e+00 2.77805516e+00 2.38946743e+00 1.93053563e+00
  4.44595291e+00 7.49263272e+00 7.79407603e+00]
 [6.11956129e+00 6.85474753e+00 7.80198333e+00 4.18114345e+00
  1.33653512e+01 9.20126500e+00 9.60073759e-01 1.06039114e+00
  1.50740628e+00 1.87503988e+00 3.96268108e+00 2.59340433e+00
  1.73461085e+00 2.79479643e+00 9.50029780e-01 1.09709160e+00
  2.39076130e+00 2.79055600e+00 9.22784143e-01 1.66600870e+00
  2.53427739e+00 2.44549534e+00 1.02262592e+00 2.19703325e+00
  7.74981013e+00 5.58798691e+00 5.89435104e+00 4.54412518e+00
  2.09143413e+00 2.08618860e+00 1.26173069e+00 1.33887749e+00
  6.42136175e+00 1.04150697e+01 7.74962887e+00]
 [9.88409618e+00 5.41276152e+00 6.34153705e+00 9.35593500e-01
  3.62789508e+00 1.38802877e+00 4.93949351e+00 2.71206923e-01
  1.58322279e+00 5.90117338e-01 9.89583858e+00 1.28706622e-01
  2.14487010e+00 1.34145216e+00 4.03074425e+00 9.03603275e-01
  4.26338607e+00 8.48018545e-02 7.27029203e-01 5.43109203e-01
  1.44675806e+00 3.02079391e-01 1.86868019e+00 3.39324005e-01
  1.49952140e+01 4.85126254e-01 6.02914662e+00 5.04714751e+00
  5.30018163e+00 3.92177632e-01 2.99240859e+00 1.30421727e+00
  5.22855425e+00 7.16563466e+00 3.17854545e+00]
 [1.97655176e+00 4.72284239e+00 2.12985054e-01 2.78240523e-01
  9.76991455e-01 1.94893991e+00 2.59112657e+00 5.89358078e+00
  2.53689817e+00 2.92525323e+00 1.59736746e+00 2.16332645e+00
  2.55303118e+00 2.80336627e+00 2.15770685e+00 2.22520743e+00
  1.28751059e+00 9.70204919e-01 1.73048393e+00 2.31212490e+00
  2.12702548e+00 5.62382334e+00 2.03671047e+00 1.97789215e+00
  9.51790245e-01 2.43303958e+00 1.63995973e+00 1.01565659e+00
  1.77386054e+00 2.99390538e+00 2.28984892e+00 1.89719717e+00
  5.63368620e-01 2.01201340e+00 4.23468502e+00]
 [8.53937119e+00 6.96408625e+00 1.98011138e+00 2.23495920e+00
  8.45536374e+00 6.89899168e+00 1.74211702e+00 1.90159995e+00
  1.65245606e+00 1.72281630e+00 4.01721260e+00 5.22872915e+00
  2.31566119e+00 2.29145006e+00 2.04077980e+00 2.03822137e+00
  4.66472038e+00 3.25788742e+00 2.28741608e+00 1.88080956e+00
  2.54638962e+00 1.85871137e+00 1.60664834e+00 1.76433734e+00
  6.57974543e+00 7.82560234e+00 9.45457860e+00 6.32078031e+00
  3.12778123e+00 3.19420404e+00 2.50029987e+00 2.20608599e+00
  3.74766925e+00 5.30384957e+00 6.65725738e+00]
 [1.37841691e+00 7.91215337e-01 1.54280522e+00 8.92382175e-01
  1.48448644e+00 2.92050976e+00 1.63327779e+00 2.86793783e+00
  2.90345239e+00 5.60189085e+00 4.87955486e+00 1.80634420e+00
  2.39122679e+00 3.15891018e+00 2.00061402e+00 3.20719780e+00
  2.29699340e+00 6.22241304e+00 2.81653468e+00 4.59502187e+00
  2.20278250e+00 2.02412281e+00 1.78973227e+00 3.25459199e+00
  4.13301189e+00 1.11276213e+00 1.07125911e+00 1.77289932e+00
  4.73267480e+00 2.51821266e+00 2.51187108e+00 3.94594447e+00
  1.56000062e-01 2.89853129e+00 5.08547097e+00]
 [1.00760419e+00 1.04151550e+00 1.01748951e+00 1.17642653e+00
  1.12242196e+00 1.24068120e+00 7.69141116e-01 1.07808725e+00
  1.25280901e+00 2.00049433e+00 9.75942757e-01 1.43883933e+00
  1.35748376e+00 1.96261068e+00 7.90862796e-01 1.20275833e+00
  9.33777034e-01 1.03683163e+00 9.45526125e-01 1.65156600e+00
  1.23864620e+00 1.34441230e+00 8.06731998e-01 1.36756690e+00
  9.62950626e-01 1.57228505e+00 1.02363850e+00 9.56544746e-01
  1.35665666e+00 1.34614671e+00 8.74045952e-01 1.25550783e+00
  1.85549603e+00 1.83693905e+00 3.22986607e+00]
 [1.04945552e+00 1.19540379e+00 1.46998103e+00 1.16461042e+00
  1.28074788e+00 1.50393060e+00 7.02469192e-01 6.55373429e-01
  6.90960988e-01 7.37010459e-01 1.42070159e+00 1.90327407e+00
  1.71066658e+00 1.90826484e+00 7.79412013e-01 6.27646915e-01
  1.17158835e+00 7.32876400e-01 6.41106677e-01 7.49055197e-01
  1.64960800e+00 1.90844541e+00 1.02433449e+00 1.09584682e+00
  6.69387690e-01 5.31648400e-01 9.60157727e-01 5.56411043e-01
  1.50727533e+00 1.76924289e+00 1.03659414e+00 8.73077179e-01
  1.08967362e-01 1.01370408e+00 2.78522007e+00]
 [2.46485025e+00 2.25720602e+00 2.12045222e+00 2.44937899e+00
  2.81060927e+00 1.81386817e+00 1.36566874e+00 8.35445082e-01
  5.50116245e-01 7.70024705e-01 3.32637397e+00 5.04826305e+00
  2.96637345e+00 2.72640112e+00 1.29359315e+00 1.41073180e+00
  3.32628183e+00 1.48298586e+00 1.30049810e+00 7.40477979e-01
  3.27801783e+00 2.40605948e+00 2.37903619e+00 1.54315263e+00
  3.23147124e+00 4.75798667e+00 2.67001991e+00 3.37648032e+00
  3.14136661e+00 3.42468264e+00 1.90526823e+00 2.41259832e+00
  3.13898297e+00 2.10751478e+00 6.17582760e+00]
 [5.16414607e+00 7.58136439e+00 4.88991110e+00 4.01788286e+00
  8.33074067e+00 1.08575329e+01 3.59561593e+00 2.70741530e+00
  3.45871396e+00 3.63597971e+00 1.27454741e+01 1.13092851e+01
  7.52006176e+00 4.98941478e+00 1.95968674e+00 2.35223595e+00
  3.91738625e+00 6.71217457e+00 1.93265216e+00 4.01338532e+00
  7.82614458e+00 6.51747528e+00 4.82913745e+00 5.43323758e+00
  2.53875604e+01 1.67602018e+01 2.82475947e+00 9.10549239e+00
  5.72805848e+00 5.30570988e+00 2.47549553e+00 2.54775205e+00
  1.27718604e+01 7.66629673e+00 7.03365295e+00]
 [1.47714381e+00 1.46212127e+00 1.48258076e+00 1.56372311e+00
  1.71432770e+00 1.62270222e+00 1.79510470e+00 1.74337968e+00
  1.81928757e+00 2.19112619e+00 1.61273788e+00 1.82917786e+00
  1.94452610e+00 1.88677267e+00 1.53863473e+00 1.69496211e+00
  1.59705432e+00 1.43627115e+00 1.54942543e+00 2.24126467e+00
  1.85050802e+00 2.06418809e+00 1.80186138e+00 1.73692495e+00
  1.51349204e+00 1.51274752e+00 1.49051466e+00 1.49032966e+00
  1.72820056e+00 2.25604307e+00 1.69657023e+00 1.55976869e+00
  1.50481770e+00 1.44185981e+00 2.24727701e+00]
 [5.36139509e+00 1.06517983e+01 4.85370541e+00 4.09874067e+00
  5.39095082e+00 4.82134352e+00 1.66423606e+00 3.08482107e+00
  1.36655400e+00 3.95256054e+00 3.83022825e+00 1.19340585e+01
  1.54586506e+00 2.72800842e+00 1.21740383e+00 1.45515703e+00
  2.70582444e+00 4.12668054e+00 1.15724121e+00 2.57675537e+00
  6.51369586e+00 9.19801540e+00 9.72197477e-01 1.51214279e+00
  4.42490040e+00 1.20523406e+01 5.79141921e+00 4.41081200e+00
  2.75954242e+00 2.36802046e+00 1.10979465e+00 1.21331313e+00
  8.07754010e+00 5.70712815e+00 1.60743550e+01]
 [2.65919546e+00 2.72841721e+00 2.54895415e-02 8.37133860e-01
  5.21468891e-01 2.00842227e+00 2.43532369e-01 2.97985010e-01
  7.23285154e-01 5.06810332e-01 6.89018439e-01 1.40793042e+00
  5.34555680e-01 1.69644950e+00 5.08009904e-01 4.82447566e-01
  1.51082104e+00 9.81809201e-02 5.76042339e-01 5.47109411e-01
  4.72440005e-02 4.47603661e-01 5.27409076e-01 1.26052335e+00
  8.49662657e-01 1.55762919e+00 2.96053127e+00 1.20669719e+00
  1.35395264e+00 1.53696187e+00 1.25335967e+00 8.32973569e-01
  6.77778826e-01 8.49716394e-01 2.65443374e+00]]