[[ 1.79392749  1.02206477  4.02705635  2.75721152  5.72698884  1.33434237
   9.87920273  9.1997831   7.47969034  8.03963147  4.48813042  4.87247512
   4.28227803  9.64075051  9.08436462  8.53092117  3.82680966  1.59617894
   8.85101238  7.40359115  1.56397445  5.07215949  8.64572028  8.28472964
   0.88251336  1.07535247  1.57623575  5.20959605 13.63785553 10.39360057
  10.69391094  9.17374857  0.86637326  0.94201787  7.93305167]
 [ 9.45294069  9.34667727 12.59816914 10.41712722 19.16644594 14.6185629
  22.46881141 16.43833614 14.74687343 14.60275682 11.00002066  8.47162206
  22.95143321 16.21777592 21.70775825 20.46285528 18.25562489  9.74502632
  17.39081693 14.33683883 16.88000743 11.67128348 20.94209669 22.80698307
   6.71459624  3.73231504  9.7960293   4.27830191 18.77868822 14.28965734
  21.58296858 19.93087268  3.89062849  5.86078377  7.88416351]
 [10.96211642  9.95846856  4.52978343  5.80749751 15.01859863 14.24555033
  15.66141008  5.51712623  7.36426621  8.23144951  5.93382322 10.72364758
  15.89729916 12.11185249 12.47601171 11.26989293 12.06936054  5.93689398
  11.69022699  8.21197721 16.99472921 11.41911231 15.23817173 12.8101622
   7.61408235  8.37295074 11.28497515  3.30293369 13.2563663  12.06313185
  11.70518955 12.29074246  5.97992029  4.79293202  8.33015841]
 [ 2.83059865  3.90824435  6.83464975  4.97728486 11.7534473   6.33530298
  12.46363909 10.10314242 10.68920612 11.19533148  7.93898481  5.57301922
  16.70238993 10.54752328 11.34819764 10.49146271  7.54873459  4.90162067
  12.75624877 11.70038665 11.61560509  7.53509698 14.17839925  9.62739702
   4.23009735  4.17044895  1.36302673  4.51131532 11.06440878  9.49749071
  11.57234492 12.98353784  2.67705468  3.1540476  10.60851476]
 [15.52685117 14.68218667 12.0832168  15.0109826   7.50189079 13.59267027
  18.04216254 14.83826746 14.35100017 15.02371039 17.10708054 14.15704899
  12.99534097 16.12624113 14.84972587 12.57118614 17.5885738  16.73942928
  15.56616753 15.46891453 15.21853173 14.93185203 11.81082137 15.81018793
  15.82189046 14.68741506 15.40858288 16.55978221 18.68641376 16.77309959
  14.71514282 15.68085909  8.63545039  9.3820171  10.01920973]
 [11.47346113  7.84629536  8.9871939   9.88587943 13.17166335 17.26841739
  19.57555303 14.74717722 13.993855   15.14367649 12.60048606 12.58637133
  13.50402782 15.73515227 17.19372749 13.4108045  15.12955788 13.35002275
  13.10861206 15.18037977  5.98797394 14.26810074 17.05808837 17.442079
   6.38446106  7.28213228 10.32711597 12.22908014 14.18542929 15.90277742
  16.79299728 13.30755162  4.54350217  8.06011402  9.91318349]
 [ 2.99289032  5.99123148  5.8041292   5.61777067  9.14065161  9.15142727
  10.47621913 12.24825863  9.35014033  9.26452026 12.21499066  8.85801997
  12.47958254  2.74014465 13.30350908 11.11419044 12.00143155  2.4724317
  11.85217861 10.20697641 11.22197189  9.77866508 13.91033217 12.71254547
   6.61268295  6.93565978  6.38583536  9.77423105  4.88671356  8.1726071
  11.79589298 11.80591674  5.65589523  4.19433695  9.22047925]
 [14.45559473 12.02793733 19.17309923 15.78609521 21.34027266 19.40055609
  21.71714764 14.27652562 12.3252362  11.01265243 26.56877481 21.40952879
  16.25711243 20.97718947 18.46515973 14.70236057 51.09264615 10.92148788
  16.15392591 11.77997161 22.94562135 15.82180987 22.326152   19.69069915
  28.03801311 16.29013992 23.33136098 36.01308359 34.52211383 25.37928715
  17.73255221 17.97921686 14.17563497 11.03343801 12.306419  ]
 [13.53097458 13.62311253 14.93546639 14.74987084 10.35216    12.57248298
  15.77608975 12.0789303  11.33813198 10.08787874 14.17996465 14.24658181
  15.64422377 15.15756186 14.34540105 11.20755698 13.68379741 15.33864372
  11.44055527 10.96758289 16.09188078 12.31751277 15.22987855 13.6269418
  11.53140137 13.42668465 13.55754761 13.02204888 13.37905493 13.3096471
  13.435895   11.76044509 12.17653119 14.36379277  9.75511541]
 [ 3.67351513  4.61573838  3.67775998  1.24031165  3.53088872  4.19619457
   4.61505899  0.91405617  2.93677152  1.77785337  2.68220972  0.97235897
   5.1315297   4.66783455  4.50232506  3.65590979  5.03316767  0.59534209
   1.9142333   1.28562667  0.86191047  0.84476868  1.77145908  1.06544005
   3.10023462  0.61304065  5.12376541  4.42349397  5.23635983  1.29154026
   7.29777329  4.42309376  2.56788066  3.58443868  2.67946126]
 [10.2552873   6.712506    1.26781785  1.29460945  8.13287358 15.09597865
  11.88817689 13.77992731 11.43834181 12.80727059  5.41754672  3.29619011
  14.29848567 15.50797332 13.87061199 16.43680508  7.4745784   3.80404957
  15.74741347 12.31548978 11.15978153 11.83148617 14.04220827 16.76404152
   2.1796469   1.83655147  5.14368384  3.44732404 10.86516451 10.97039114
  16.08417173 14.04432354  0.66768731  1.14701438  7.57916374]
 [10.59084022  9.8815438  11.0678706   9.06998703 16.20997185 16.72514222
  19.4440437  19.95002404 15.70231892 14.38853853 16.68430481 15.65744552
  20.87216899 24.63045231 23.64954569 24.77160768 20.2153026  25.81465474
  25.51553598 16.84109731 16.16006552 16.54808632 23.59743911 20.71827059
  12.81326122 12.45274897 12.00749029 15.82177852 24.99367269 25.22534488
  27.45509499 27.12039395  3.73957244  6.94656105  9.76233822]
 [ 3.72981973  2.39601269  6.92221982  2.94763291  8.43678512 13.19538659
   8.95259489 10.6054322   7.42767799  8.25273901  9.87060667  4.26306706
   7.96874684  9.22829063  8.47026471 10.20779031  7.87588492 11.17348099
   9.6551751   8.82771715  7.85405168  5.78716418  9.05496168 12.89135073
   8.93691917  2.61224006  3.13335635  4.97633477 11.30194125  6.83813094
   8.54561788 11.66112402  0.95379013  5.37205687  6.48716484]
 [36.02299348 34.86836227 34.05996218 31.96715585 35.43819501 30.51611312
  30.01141179 28.37377798 27.07211486 24.99973892 37.47256823 35.19303698
  37.58318881 32.74558189 28.51134672 24.33428158 38.82359694 32.21271042
  29.23849585 27.7873678  37.07767781 32.12674575 35.13688314 29.42452493
  30.66536814 35.66751265 37.30157945 38.47114283 35.51757986 35.31253252
  30.86871802 25.11867587 30.67883997 17.91855544 13.24906872]
 [ 5.83000192  7.10746153 11.80931823 10.26370143 14.99957081 13.79058433
  10.93140316  8.70393049  7.1204449   6.26557667 11.23975346  9.43441532
  13.66428631 13.46780086  8.58314461  6.97770872  9.05015726  4.05773739
   6.57899287  6.86315607 13.9966003  14.20381867 12.73698784 10.94637681
   4.24804747  3.16250563  5.44862799  3.06463324 10.70253484 10.60774232
   8.7369238   8.10282077  0.40923891  2.87469239  7.57572427]
 [14.75706008 15.57595225 16.12363677 19.06680023 17.40222559 18.76538231
  14.35455718 12.739495    9.18005761  9.94739449 15.95116805 17.51590155
  18.32023061 18.81173999 14.46052044 14.26526198 16.98147341 14.99969008
  14.39801916 10.12859102 18.33255025 17.17038302 17.54691586 15.35025452
  14.78953745 12.64959232 15.15005974 16.01865699 17.90431314 18.04723185
  17.35764234 17.00106976 15.72659081 12.00349476 11.03964761]
 [15.32055104 15.61739993 22.76420298 20.7761883  20.13383651 14.34814014
  16.12091679 11.35931514  8.64275215  8.62182298 16.82138408 16.04887575
  17.93048408 16.82039535 15.02317749 12.86964029 17.49741064 11.2652751
  14.70614513  8.86260665 23.70427473 20.18875646 18.26525283 15.4685861
   9.46784886 10.75444183  6.06519352 18.37440609 19.69812784 18.82599817
  18.25753081 14.24091706  8.63236554 10.53461413  7.68762591]
 [10.02177657 10.1529321  14.09960063 12.30399541 23.07604925 17.35414193
  22.75381438 16.35510245 17.78807161 14.54940361 13.90828417 11.83026864
  20.27782003 15.93722064 20.05953419 16.13497282 12.78577432 10.73015294
  17.65210207 16.83039852 19.42533356 16.64722934 22.74424927 17.33258314
  11.37111948 10.39995225 10.22855944 10.96830222 15.42943705 14.29263515
  18.34197934 16.20305675  9.68309544  9.18081169 11.15838246]
 [11.88852632  8.68692352 21.72951793 22.8205378  35.24374476 29.37792522
  36.47368027 30.50921352 26.68258723 24.34420731 20.02530706 18.01337314
  37.68122276 32.31763871 34.01909104 27.81606185 23.12766943 32.78288485
  24.74416332 25.65843863 28.46370414 23.57881534 41.04375825 31.13157286
  14.69072635 12.63911013 10.85756183 17.07543413 24.95272888 28.99795026
  30.26181075 26.23666837  9.84609111  6.48770277 11.05493638]
 [ 4.67853124  7.05077735  0.0982861   2.82225613  0.23167166  0.91221853
   1.01866473  0.81533019  2.11739275  1.81803113  1.75809517  4.05571837
   2.23202606  4.07633478  2.47351468  2.33931201  4.24872029  0.43095748
   2.76202176  1.91806243  0.19136564  1.1349529   2.35156309  2.80446884
   1.46453029  4.29723225  6.8697641   2.77045121  4.36363081  4.88250275
   5.51964186  4.19350084  1.28479679  2.57998012  3.87044785]]