[[92.62018693 96.56040232 79.62792162 82.15304676 74.64231119 84.33904532
  22.44959218 15.27432839 15.14467125 15.0174456  68.78212685 64.93582266
  45.31704955 39.50007587 17.73658391 16.89829491 76.01998104 91.91196011
  24.40352277 15.06950172 80.45478617 60.12924087 26.15545596 22.74686634
  95.81001329 96.30586571 93.0137276  73.11779054 54.56572626 60.79740203
  22.81595657 24.71751554 97.16532738 96.75074003 75.77655048]
 [71.99048264 75.57062533 83.56619051 83.54583388 72.38710417 62.40362257
  65.22281532 65.89656593 67.59762349 66.24214198 62.74610853 61.82881373
  54.29588251 54.11036138 59.89407623 64.24876318 69.72452952 82.86576544
  66.3421306  67.72688253 75.1898791  69.10646349 60.85154207 58.4170116
  64.58316265 75.77197767 74.30035632 72.04411488 64.09780741 64.3609446
  54.13179202 57.35145886 85.79403783 70.3751194  50.38505896]
 [50.91149194 47.58385863 54.60441238 33.5174971  40.49520924 38.89370992
  37.14268685 37.90775813 34.36485221 34.04368095 47.15864438 44.12944728
  31.82239325 23.7440223  27.46573741 29.69489048 49.33235348 88.52439698
  31.86874316 36.23740014 46.45825795 21.40867973 31.78303078 26.89874428
  42.48019854 35.67816471 48.94909949 47.3493096  45.493129   41.88536123
  22.2125441  29.66038331 46.50410386 44.38514882 88.51485831]
 [16.86836072 27.26958299 45.72281358 56.39433615 16.6259761  11.84202923
  24.60721776 27.59829834 29.01955473 25.91424442 22.25279719 11.16383408
  25.04820673 27.24149154 28.92615991 30.38901125 29.37438923 21.12640559
  31.04498037 26.79256695 37.25252665 17.67433903 23.67051894 24.52852285
  28.62953997 23.10076765 48.95931629 31.75326401 24.42169525 11.43333591
  26.27533623 32.41754162 50.72142887 59.80507921 42.32630163]
 [94.92534439 94.33946467 92.65395796 87.47009251 30.20475988 69.12600225
  50.4608851  60.45117545 52.0433045  59.96344915 89.3054673  87.90771723
  50.65443041 52.05506843 46.33155355 59.07971974 90.30652023 82.07336427
  57.92909725 56.23441244 81.36892404 74.05897416 35.07664535 59.75332655
  94.04002353 93.3020044  94.69811499 93.43748401 82.51566936 79.42567798
  35.89501407 59.31337504 94.42989745 94.42029523 74.87992592]
 [54.82479303 63.85765801 56.69395041 57.61661544 49.38711541 53.25362647
  50.97213753 47.57074195 52.29807749 46.49714766 47.90415554 55.36100889
  38.05004563 37.64066753 50.57948331 46.76250367 62.4558335  40.53028277
  51.9321317  48.89373348 26.9945378  53.9181315  48.29330652 43.02203523
  41.97813619 76.88866021 67.40649266 62.36469278 55.65085017 53.50541221
  48.95884769 50.19477985 68.92985606 43.34041845 45.33582855]
 [62.82049042 81.35251999 83.69562887 88.73173337 60.34070454 60.99590842
  43.83453164 32.67890493 35.28731534 26.14714709 61.71234793 74.77067907
  54.57611724 58.57062374 37.76770962 30.30892954 48.46576187 40.44330197
  33.48301435 28.9078532  94.51626501 83.11007628 49.38241343 56.79960182
  82.79537511 81.01968876 73.61977262 67.82248844 48.61110485 53.36967929
  39.77472926 37.21185076 89.79393106 88.30900314 67.98797001]
 [69.1921562  65.03106125 70.76582939 69.32695106 52.66503661 46.86839025
  41.71199934 44.02226179 45.38485269 45.03093674 67.17936785 58.41617181
  62.41226332 53.65218481 45.03110109 53.64188571 62.13340143 73.12224531
  56.34861615 47.0679845  59.11888649 62.48341198 47.80747841 47.13896391
  67.42625512 68.56535928 65.68660765 76.51018676 62.32190853 61.6978988
  48.82536988 54.58508748 67.92527462 79.15628436 67.37416628]
 [90.69622281 89.77594182 68.93794124 82.91596749 62.81131354 49.50625759
  65.95639814 59.3939328  66.14928771 62.78354668 79.95559777 83.20730737
  51.62180182 50.65022475 63.00625552 59.77876486 85.66570348 86.21678708
  62.07250238 66.0528132  62.66763916 79.98989165 63.37201929 57.27235275
  87.0979403  87.78065971 89.70587769 88.44410537 74.856067   76.67291582
  60.81143362 59.39847667 93.37055855 93.8577224  73.92435493]
 [80.21898264 92.12398583 83.83680823 82.34357713 86.60116945 78.79266378
  76.39492023 82.00521737 76.14398364 84.36124715 87.78270284 93.44343755
  72.67070743 75.07417822 61.66905403 65.05925272 83.54404935 94.31391812
  55.87265548 85.3243278  90.55843807 89.75187882 90.21744534 83.03669911
  70.1334099  90.23197058 81.48082094 88.00781237 74.38409165 85.0572057
  61.36825714 60.91576226 91.41921104 91.41481357 68.392316  ]
 [56.2671238  53.99967478 50.60706831 52.21112336 41.61864498 41.85584612
  31.59903479 30.82845651 36.6335976  35.74837196 50.49050785 50.22522723
  25.31142261 37.08437812 38.08678069 33.64957215 52.23517801 56.40658386
  39.12273304 38.78623479 45.53924875 46.33827835 34.59095492 38.08760431
  51.9169355  47.14808466 54.1681511  48.59284685 47.20376682 50.46760581
  34.73342959 40.51086853 59.75202149 71.22333931 52.48234265]
 [69.13383883 68.12895672 84.97951177 80.43792163 65.06704474 49.90049755
  51.28098479 47.25240096 50.01456099 40.37397591 62.91324979 64.417827
  58.30604593 46.77959227 49.1932875  41.32901407 59.54476521 56.29346374
  40.96099954 40.1212375  70.99318114 63.93532264 59.83037685 49.44109462
  64.33038396 67.38960061 69.59340556 65.91207107 46.32448204 54.30940708
  42.90606803 42.45340196 83.79588067 79.87194844 61.03495854]
 [76.799146   75.4485099  72.46222143 64.56947647 85.04470198 49.50328861
  39.82175541 38.81295186 30.80439276 32.66037506 66.97384068 58.12127704
  39.40787124 37.64157567 44.13750852 34.04613953 61.81280125 72.24588564
  32.69479028 35.49450895 50.66419592 48.52921295 34.17760565 39.76430471
  84.58930206 68.02921713 76.8174879  71.80944599 56.33477338 45.20534112
  30.4161367  34.49506399 91.22691718 95.02079995 80.26309318]
 [83.03598744 83.36804101 78.51302754 79.46020493 48.26752285 55.98382806
  31.59692414 32.33820076 30.93721804 29.70323707 62.31466458 58.79261603
  41.49603315 44.90837214 27.27457204 30.46671568 58.57464566 67.96443248
  30.18825034 32.28020175 62.5850442  62.31749803 34.49253346 39.1032915
  76.36745257 73.94098958 82.86631391 70.64706581 48.44961381 43.22060836
  26.8683217  29.75601879 87.38392935 90.71667156 41.89952029]
 [71.24207285 59.10823162 66.27901202 63.83878271 39.56549101 44.67563292
  29.432485   27.89274349 28.23016646 27.30117706 48.88487866 45.43907972
  29.85523003 34.76804499 26.37586572 25.4143924  44.32180504 71.20305235
  26.32545914 28.54399316 50.68374429 49.04976523 30.03344981 31.79044091
  64.43749772 58.47521986 65.26131281 56.0176124  41.21505988 39.27563215
  24.81276174 25.90586682 80.1302616  82.98258726 47.68458161]
 [76.36110465 78.13229769 66.10533092 64.95961849 56.97376498 41.43851087
  52.17215779 53.75545466 45.96210368 49.33863072 62.0640341  58.25365296
  35.14484607 28.74625038 53.48803817 52.71042653 67.60195987 57.18127167
  56.83365966 47.42682065 66.08768093 53.12736057 47.2028152  79.75156039
  68.62206852 74.84509753 76.4571509  73.56390816 57.40058201 55.08582967
  55.95144522 55.21241065 78.26349274 80.83228778 66.94550404]
 [59.5431087  57.65209368 58.95960752 65.04154139 32.02968358 32.87059368
  33.28162533 42.14721608 32.21893561 35.20249691 48.02709006 52.50113023
  41.75176852 47.14328977 36.22673166 36.74215039 65.6219281  43.65592384
  43.08291555 32.39829001 38.41707625 43.65524176 37.30839051 37.98129289
  36.72750922 54.2880776  59.22697763 57.11248864 55.8553715  54.00525511
  41.35504889 44.11148627 47.14930048 79.70922624 75.23071555]
 [69.9299617  71.20872874 72.60493599 70.91710656 46.76925993 61.7541216
  30.42694074 34.0808966  35.34019666 38.11775713 59.5868904  56.07900881
  39.20917056 37.29281722 33.12063021 35.18883751 53.8544074  46.93364607
  38.21907572 38.56441978 55.06247698 55.69342745 34.74969495 34.52241017
  66.21935924 67.29826712 68.84491681 63.31687494 48.46394902 45.05412278
  32.81927402 33.52105319 77.9541591  84.68067326 81.1106533 ]
 [80.41070749 81.45089911 66.63587468 68.71417326 39.9590643  51.98497358
  34.31891731 44.74282863 37.36550347 41.72824837 63.01534076 67.48768732
  38.39170044 47.33049479 32.16519842 39.42236161 53.84366725 69.3830593
  33.15259059 40.1765549  50.9751198  55.4944834  32.44975194 49.43386247
  75.36117102 73.79598587 78.91779317 70.20311688 57.21124106 53.75318171
  29.80979759 56.25833642 83.34661316 88.20331127 80.69116547]
 [92.56127614 94.29245332 98.54375408 98.7456066  96.43057702 91.64878318
  69.44984057 87.52102978 62.10610501 71.7608854  79.22207042 82.32819494
  85.17796982 47.51011198 57.212553   45.84679938 88.74251463 58.19329148
  60.6888197  69.95720364 98.41681373 96.81473181 75.00223754 91.67561346
  89.83370811 87.48239711 70.92305796 98.04083521 75.46235048 70.61064551
  55.23821967 48.47389659 72.63340471 84.36649913 30.96106824]]