[[3.70253304e+00 4.22196249e+00 2.55114746e+00 2.51222964e+00
  4.47231983e+00 2.21494821e+00 2.10258581e+00 1.51829732e+00
  1.66843616e+00 1.61276007e+00 9.23765575e-01 1.24330448e+00
  7.18736591e-01 4.90412044e-01 7.84750493e-01 7.03400665e-01
  5.52596281e-01 1.31707257e-30 4.56633653e-01 1.57329977e+00
  1.58776913e+00 1.33578935e+00 1.88531220e+00 9.90134068e-01
  1.99907015e+00 2.69584814e+00 4.25060663e+00 1.08706404e+00
  2.75713362e-01 3.02944053e-01 2.94014210e-01 2.06916246e-01
  3.75326315e+00 2.09963292e+00 3.16508538e+00]
 [2.73795171e+01 6.70288446e+01 1.36074271e+01 2.04569425e+01
  7.17844695e+00 2.49166434e+01 1.56994324e+00 5.82365847e+00
  2.11347909e+00 4.83771865e+00 2.25867638e+01 2.63493964e+01
  9.41163891e-01 1.93106774e+00 8.35698562e-01 9.75988392e-01
  4.98471161e+00 5.98219676e-29 6.86485734e-01 3.72458860e+00
  1.32983555e+01 1.20062735e+01 9.35787144e-01 1.39098167e+00
  4.39367238e+01 3.95183159e+01 3.35302828e+01 2.30890558e+01
  2.41142142e+00 2.92667096e+00 3.87706122e-01 3.80179244e-01
  3.14501763e+01 4.49342921e+01 9.28837962e+00]
 [2.47864508e+01 2.38846505e+01 4.20079728e+00 5.91546759e+00
  7.34370303e+00 7.08794234e+00 1.56603800e+00 2.13668233e+00
  2.27761040e+00 1.92830602e+00 2.42816236e+00 2.70627136e+00
  5.99846795e-01 7.34907052e-01 9.52060725e-01 1.03419043e+00
  1.75804708e+00 6.18913517e-30 6.31734755e-01 2.03426767e+00
  1.64624495e+00 4.11187340e+00 9.51306192e-01 1.57577073e+00
  1.11419016e+01 1.49440097e+01 2.12095598e+01 6.43515317e+00
  4.56832101e-01 4.05152494e-01 4.44472267e-01 3.82359293e-01
  1.87247735e+01 1.21248164e+01 1.97002441e+00]
 [4.84881527e+01 5.96325704e+01 5.02856300e+00 6.00617144e+00
  8.77268140e+00 7.91123377e+00 2.58947803e+00 3.38816770e+00
  5.83927750e+00 5.84674833e+00 3.54751210e+00 1.15880927e+01
  5.92276629e-01 6.07758393e-01 1.02350904e+00 1.13739600e+00
  1.96831363e+00 2.43856503e-30 6.76116169e-01 5.36951181e+00
  2.97484975e+00 3.21110150e+00 3.05998581e+00 1.66664170e+00
  2.47181461e+01 2.39099881e+01 2.92067267e+01 2.23813145e+01
  6.06694540e-01 6.55373541e-01 3.10333690e-01 2.91280727e-01
  3.59042501e+01 3.40964967e+01 6.89333986e+00]
 [5.81115722e+01 6.99064426e+01 8.06263136e+00 5.88078481e+00
  5.39208968e+01 1.96771412e+01 3.56502371e+00 3.10450357e+00
  5.25205209e+00 3.30184539e+00 3.97469984e+00 3.62481586e+00
  3.04711746e+00 8.39812340e-01 1.92211061e+00 1.53763112e+00
  3.28951786e+00 2.05215392e-29 9.14827697e-01 4.19233626e+00
  4.72705489e+00 2.01556246e+00 1.13936784e+01 3.39162878e+00
  1.55192259e+01 1.67611300e+01 5.05802488e+01 1.13209246e+01
  9.81372040e-01 8.57285001e-01 7.42152567e-01 4.66974881e-01
  4.43887388e+01 6.03713974e+01 3.80468085e+00]
 [3.81744103e+00 3.86413698e+00 2.31882718e+00 2.29642078e+00
  1.17252434e+00 2.39806957e+00 1.19873748e+00 1.26932472e+00
  2.61055266e+00 2.48879557e+00 1.25850826e+00 8.04454298e-01
  4.91989270e-01 4.44869963e-01 6.84624128e-01 6.12302294e-01
  5.76635453e-01 9.41779240e-30 4.21253417e-01 2.26165612e+00
  1.75655164e+00 1.51838778e+00 6.57225200e-01 7.15024665e-01
  2.53252518e+00 2.20095484e+00 3.69466465e+00 1.26193703e+00
  3.69999728e-01 2.72988648e-01 3.07614406e-01 2.19393272e-01
  5.03648970e+00 2.99009455e+00 2.64142098e+00]
 [5.90795083e+00 6.40746635e+00 2.90582129e+00 4.55888460e+00
  6.86758187e+00 4.62330216e+00 2.80398991e+00 1.61202570e+00
  3.53839644e+00 2.58933362e+00 1.23671964e+00 1.64594424e+00
  1.06746209e+00 8.45691786e-01 1.13427636e+00 9.66871688e-01
  1.12294244e+00 2.24800937e-30 8.11383370e-01 2.97894266e+00
  2.03095235e+00 1.98291060e+00 1.43266734e+00 1.05724509e+00
  2.84468281e+00 4.10937634e+00 5.90836685e+00 2.12906547e+00
  6.15713612e-01 5.96930676e-01 5.54497950e-01 4.22345668e-01
  1.24695767e+01 1.11033281e+01 5.27313238e+00]
 [1.25481248e+01 2.40810893e+01 3.09155491e+00 4.29912361e+00
  2.54963060e+00 2.81770631e+00 4.38397946e+00 4.88677447e+00
  2.13075353e+01 2.10489063e+01 2.28917759e+00 3.38411901e+00
  6.82935037e-01 5.39797485e-01 1.84041982e+00 1.67377499e+00
  1.09266126e+00 9.20693713e-30 1.18963232e+00 1.84319018e+01
  1.64777980e+00 1.80834724e+00 1.49953094e+00 1.47644171e+00
  7.07356487e+00 9.75503716e+00 1.30655465e+01 3.27457563e+00
  4.35773610e-01 3.93049223e-01 5.07887640e-01 4.67648116e-01
  2.55999957e+01 1.10469975e+01 1.47383755e+01]
 [2.62629481e+01 3.53191285e+01 1.57239201e+01 6.05129918e+00
  1.18010217e+00 5.51914498e+00 1.57870722e+00 2.02514703e+00
  2.01175968e+00 5.16388760e+00 3.45334083e+00 1.83458562e+00
  4.05863880e-01 5.26144667e-01 6.58436119e-01 7.55808839e-01
  1.64757873e+00 3.22563820e-30 4.94431114e-01 3.31895238e+00
  1.97523205e+00 1.68605553e+00 7.84581931e-01 1.07784728e+00
  1.28031749e+01 7.66028868e+00 2.23214498e+01 6.91197168e+00
  5.36833574e-01 4.24118265e-01 3.05356706e-01 2.57780124e-01
  1.53277163e+01 3.00259817e+01 2.94097058e+00]
 [9.71659742e+00 4.24605615e+00 3.20841358e+00 1.66812342e+00
  9.69647761e+00 1.27586788e+00 8.70462116e+00 1.26597755e+00
  2.42338400e+00 1.38427393e+00 2.48167967e+00 1.18496876e+00
  1.21124431e+00 4.79116022e-01 2.86285845e+00 6.96528512e-01
  7.48547184e-01 2.55429777e-30 4.45902589e-01 1.62707320e+00
  1.97458646e+00 1.15095898e+00 1.86841963e+01 1.19174787e+00
  1.50449728e+01 2.21863213e+00 2.35677808e+00 2.22326533e+00
  3.49674708e-01 3.29204542e-01 6.45201284e-01 2.33686679e-01
  3.82389790e+00 4.25556640e+00 5.93432447e+00]
 [2.02129268e+00 2.40745626e+01 2.59822929e+00 4.91648085e+00
  2.09728094e+00 4.58467698e+00 2.34523823e+00 8.70873440e+00
  4.83588696e+00 6.43953851e+00 2.48388331e+00 8.68794804e+00
  5.82996710e-01 9.80019159e-01 1.06950319e+00 1.40400674e+00
  9.11658141e-01 4.88006841e-30 6.07375086e-01 4.40281452e+00
  2.24611263e+00 8.20710558e+00 1.08133492e+00 1.67723360e+00
  5.30976118e+00 3.01404335e+01 5.56309490e+00 3.64747341e+00
  3.85871620e-01 8.12801242e-01 3.87418200e-01 4.16627032e-01
  7.56610415e+00 2.25175948e+01 3.93820357e+00]
 [1.48461318e+01 1.80863344e+01 4.20864558e+00 5.38527920e+00
  7.70260156e+00 9.24282919e+00 2.27451779e+00 3.53884571e+00
  2.70024861e+00 2.77259848e+00 1.86649444e+00 2.32971806e+00
  1.43420295e+00 1.95003645e+00 1.47001022e+00 1.47458829e+00
  1.48531519e+00 5.96362025e-30 8.56559783e-01 2.44055477e+00
  3.24628977e+00 4.83515833e+00 2.36712744e+00 6.62252344e+00
  5.99902637e+00 8.11017637e+00 1.57285896e+01 3.66204727e+00
  6.82954457e-01 7.41165871e-01 6.28717557e-01 5.04376158e-01
  1.13539682e+01 1.19169026e+01 1.08010617e+01]
 [2.65101515e+00 3.45192990e+00 2.66967366e+00 2.72037510e+00
  2.27669899e+00 2.61386182e+00 2.57840085e+00 4.42593080e+00
  4.69257897e+00 7.35944910e+00 1.47885521e+00 1.67209811e+00
  9.54044150e-01 7.18442882e-01 1.59814004e+00 1.56739148e+00
  8.37044632e-01 1.15706821e-29 1.05547720e+00 5.56362564e+00
  1.68933173e+00 1.82448424e+00 1.70514985e+00 1.89519885e+00
  2.21654918e+00 1.99783173e+00 2.88283853e+00 1.31711074e+00
  5.64486978e-01 5.48200430e-01 7.03335517e-01 4.63796313e-01
  4.11292877e+00 2.92380950e+00 7.18720154e+00]
 [3.97328092e+00 2.51941651e+00 2.14117356e+00 2.06767227e+00
  1.37944815e+00 1.49856059e+00 1.45599587e+00 2.07298113e+00
  2.01412596e+00 5.37897080e+00 1.20760066e+00 1.72600719e+00
  6.08754153e-01 6.84835076e-01 1.08724797e+00 1.10057764e+00
  8.46379031e-01 3.59742099e-30 7.41438480e-01 2.99158826e+00
  1.47259032e+00 1.32861206e+00 1.05908531e+00 1.34983512e+00
  3.01989897e+00 2.14328878e+00 4.54167631e+00 1.21596952e+00
  5.35759755e-01 6.22209909e-01 4.01965436e-01 3.93330796e-01
  3.53484437e+00 1.50722719e+00 6.38575021e+00]
 [8.53247516e+00 5.99633017e+00 2.68441455e+00 2.14442124e+00
  1.35103005e+00 1.10432704e+00 1.82242855e+00 1.40785944e+00
  3.28612618e+00 2.44589776e+00 7.70270437e-01 9.54781571e-01
  4.55314811e-01 3.73545390e-01 1.01292799e+00 6.64188521e-01
  6.63729053e-01 2.66674804e-30 4.49407487e-01 2.26504425e+00
  1.05686492e+00 8.96947408e-01 9.60879368e-01 7.04289727e-01
  3.22242735e+00 3.68626643e+00 6.77261002e+00 2.09907664e+00
  3.23211827e-01 3.13499265e-01 3.97482484e-01 2.18576342e-01
  5.16314556e+00 2.94763787e+00 5.12241264e+00]
 [7.20644115e+00 1.59440018e+01 2.21352208e+01 1.87901785e+01
  2.93837224e+01 2.25770403e+01 3.28013333e+00 4.07733670e+00
  3.78005987e+00 4.54033698e+00 7.10749013e+00 7.34928143e+00
  7.37257414e+00 6.22883401e+00 1.16351304e+00 1.56804362e+00
  9.14473958e-01 3.14890560e-29 1.01964500e+00 4.10359278e+00
  9.22247452e+00 2.64679519e+01 2.95536797e+00 3.53876570e+00
  3.67957471e+00 6.44501870e+00 1.00512937e+01 2.89368265e+00
  1.50718573e+00 1.27219161e+00 4.10995608e-01 4.26176179e-01
  9.85974225e+00 1.77109828e+01 5.46805210e+00]
 [1.13738348e+01 6.54346330e+00 3.20914828e+00 1.92437483e+00
  5.43564088e+00 7.32226952e+00 4.42608469e+00 3.99937271e+00
  7.08579534e+00 8.11028721e+00 1.89244094e+00 1.84016289e+00
  9.10677724e-01 7.51354798e-01 1.18622980e+00 1.22896752e+00
  6.22990602e-01 9.43094775e-30 5.87304282e-01 8.30968264e+00
  2.40487315e+00 2.12060615e+00 1.86532620e+00 2.21928481e+00
  1.07496535e+01 4.69503823e+00 7.74761959e+00 1.80873857e+00
  3.81495181e-01 3.03070100e-01 3.15614511e-01 3.18648804e-01
  1.11923295e+01 3.32861572e+00 2.26894086e+00]
 [7.85321393e+01 9.42167593e+01 5.03509271e+00 8.03315837e+00
  2.39439896e+00 2.30572139e+00 3.26606401e+00 3.57027917e+00
  4.93413422e+00 5.94103582e+00 3.09265974e+00 5.52485175e+00
  9.00714707e-01 9.22501742e-01 1.96767599e+00 1.83902842e+00
  3.30064545e+00 8.29697635e-30 1.38413188e+00 5.56881668e+00
  1.94375348e+00 2.19334169e+00 1.97147620e+00 1.87435394e+00
  1.38363212e+01 2.04758451e+01 4.82501543e+01 1.41091463e+01
  8.60701954e-01 1.01173459e+00 9.23339504e-01 7.27535058e-01
  7.30182395e+01 4.89403294e+01 1.38693735e+00]
 [1.79178120e+01 5.16772359e+01 4.67157802e+00 2.77056413e+00
  5.41201095e+00 3.43628314e+00 2.77779157e+00 2.96586973e+00
  1.93741710e+00 4.16796976e+00 1.65754325e+00 5.58243326e+00
  3.84783643e-01 3.97261024e-01 6.53529461e-01 8.73002815e-01
  1.03183371e+00 6.76605793e-30 4.62729928e-01 2.97910139e+00
  3.64385653e+00 2.47073191e+00 8.26158591e-01 9.11577085e-01
  5.28145260e+00 1.81231748e+01 1.67318655e+01 4.04585784e+00
  3.80118803e-01 3.99179282e-01 2.64981222e-01 2.30195978e-01
  9.21706279e+00 1.57258438e+01 3.58704386e+01]
 [2.76967559e+01 6.07445151e+01 6.93330484e+00 9.08024904e+00
  7.41978002e+00 5.56135395e+00 4.55571219e+00 4.72949693e+00
  4.79275056e+00 4.81540006e+00 2.51181186e+00 4.83673322e+00
  1.60204195e+00 2.11901982e+00 1.66928966e+00 1.71209571e+00
  2.45282392e+00 2.45253633e-29 9.65777270e-01 4.48632214e+00
  8.42810784e+00 4.80062037e+00 2.05493583e+00 2.95782791e+00
  9.22564682e+00 1.77844208e+01 3.92542307e+01 9.85345045e+00
  9.07381471e-01 1.16081703e+00 7.33112079e-01 5.77739027e-01
  1.72894694e+01 1.66560043e+01 8.65874353e+00]]