[[1.03413366e+02 1.37846327e+02 2.36098687e+02 2.35226615e+02
  6.02136552e+01 9.51710252e+01 9.17325279e+01 9.94933973e+01
  1.16687868e+02 7.19698765e+01 4.45433046e+01 5.12374675e+01
  1.94599773e+01 1.43216611e+01 3.41146332e+01 3.12844565e+01
  1.58378713e+01 9.28878567e-29 1.90971238e+01 8.15815987e+01
  8.92978133e+01 6.98470901e+01 3.96039287e+01 4.12148739e+01
  1.14463786e+02 2.19740740e+02 1.00147743e+02 3.70780918e+01
  9.34694977e+00 9.61878288e+00 8.76076823e+00 7.11588273e+00
  5.16523164e+02 7.23718947e+02 1.48579768e+02]
 [2.75229798e+02 3.59965385e+02 2.36302767e+02 3.68618795e+02
  1.70839412e+02 7.22859712e+01 6.29412934e+01 2.17688331e+02
  8.59498966e+01 8.56317899e+01 2.11457523e+02 2.41212575e+02
  2.10197780e+01 1.50584058e+01 3.65234831e+01 3.34920652e+01
  8.69309914e+01 2.24963039e-27 3.82543617e+01 1.07089595e+02
  3.11406037e+02 2.74148521e+02 3.52561309e+01 3.92006942e+01
  3.44352746e+02 4.47285931e+02 2.60980439e+02 4.20145352e+02
  2.10996135e+01 2.88999494e+01 2.24503734e+01 1.88979171e+01
  6.90944368e+02 3.79733915e+02 9.20205257e+02]
 [3.85661727e+02 2.91769148e+02 3.22739623e+02 2.12880773e+02
  4.65438212e+01 2.92920895e+01 2.64117560e+01 5.93633050e+01
  3.30466224e+01 3.10684426e+01 2.90030387e+02 3.68827849e+01
  9.66240139e+00 7.42316359e+00 1.57827314e+01 1.58761509e+01
  1.91666517e+01 1.23884562e-28 1.08194333e+01 2.82573335e+01
  3.26816692e+01 2.07594488e+01 1.73945842e+01 1.66264036e+01
  2.23634439e+02 2.46169466e+02 2.71336779e+02 5.24672396e+02
  8.49831677e+00 1.09140565e+01 6.54138315e+00 5.31867667e+00
  5.81215755e+02 2.39353685e+02 2.98614488e+01]
 [7.69307721e+01 1.91348136e+02 3.08461140e+02 4.33561738e+02
  7.66874653e+01 7.06941181e+01 3.56700153e+01 4.31329557e+01
  4.38007117e+01 3.67222186e+01 3.13358858e+01 6.09375206e+01
  1.21659473e+01 1.37313241e+01 1.60891433e+01 1.57585714e+01
  1.12121325e+01 1.87093916e-29 1.01772466e+01 3.35844282e+01
  7.33068699e+01 9.32864827e+01 2.79315068e+01 2.56717197e+01
  7.11507673e+01 1.51070274e+02 8.53096096e+01 3.76432690e+01
  6.35359627e+00 1.07127161e+01 5.34975059e+00 4.70822306e+00
  3.90282496e+02 9.81873660e+02 2.04943387e+01]
 [4.12741421e+03 5.96027131e+03 3.31823838e+02 3.23484444e+02
  3.31454005e+01 3.43472718e+01 5.32114017e+01 6.44682746e+01
  7.05962287e+01 7.62799086e+01 1.81034459e+02 2.01511629e+02
  1.14117519e+01 6.96503871e+00 2.86301799e+01 3.36596722e+01
  2.01457000e+02 1.18866824e-27 2.65208212e+01 7.26109616e+01
  5.87852805e+01 4.52556740e+01 2.28852975e+01 2.41137885e+01
  9.63255072e+02 1.09829273e+03 3.81871715e+03 7.93560154e+02
  3.60664096e+01 3.40237138e+01 8.62868574e+00 9.36906204e+00
  2.82460519e+03 5.82683645e+03 3.62208510e+01]
 [5.98352831e+01 1.08377354e+02 2.28595575e+02 1.18809877e+02
  5.68252607e+01 4.23600148e+01 3.35401387e+01 3.77471859e+01
  4.78383724e+01 4.03368941e+01 3.23369528e+01 2.04114326e+01
  1.23309735e+01 8.46994028e+00 1.81700685e+01 2.00268790e+01
  9.15241174e+00 4.32915047e-28 1.37099195e+01 4.26165649e+01
  5.47822932e+01 3.47454855e+01 2.37238698e+01 1.87273251e+01
  1.41377524e+02 7.97222415e+01 4.03427303e+01 2.52452418e+01
  8.87472140e+00 5.30669436e+00 8.13842240e+00 6.25609675e+00
  3.27573063e+02 2.12049154e+02 3.54387947e+01]
 [4.96258974e+02 8.18828154e+02 1.49111684e+02 8.18969794e+02
  6.81702174e+01 8.03466118e+01 6.36338192e+01 3.76897507e+01
  6.43964839e+01 6.38594991e+01 2.34251278e+01 1.66000561e+02
  1.93806950e+01 3.24923208e+01 3.55295992e+01 2.38224493e+01
  6.37308620e+01 1.51012946e-28 2.50008550e+01 5.70220818e+01
  5.90775970e+01 1.35103253e+02 4.46699048e+01 3.25050309e+01
  1.17406871e+02 5.57028603e+02 5.56788249e+02 1.88095369e+02
  1.33344932e+01 2.46994049e+01 1.34345608e+01 2.00562051e+01
  1.37560025e+03 3.55058241e+02 1.38028916e+02]
 [2.12313373e+02 2.84439783e+02 6.75371955e+01 8.12660502e+01
  3.41326761e+01 3.54496293e+01 3.18688504e+01 3.85168270e+01
  3.81823008e+01 3.93771036e+01 2.96781409e+01 3.85926327e+01
  1.22556568e+01 1.19279560e+01 2.22345985e+01 2.27446432e+01
  3.11763993e+01 6.06409917e-29 1.89495049e+01 3.62438559e+01
  2.47626341e+01 3.24142600e+01 1.92731654e+01 2.03678199e+01
  9.11143093e+01 1.20366736e+02 2.11455375e+02 1.16982085e+02
  1.42721137e+01 1.16952687e+01 9.36974355e+00 9.73667297e+00
  7.99703224e+02 3.64753691e+02 1.32025747e+02]
 [1.08904626e+02 1.20562487e+02 4.27075784e+01 2.06357619e+02
  4.32290065e+01 3.80879336e+01 5.08033825e+01 6.20782848e+01
  5.88899495e+01 6.92671344e+01 1.98647561e+01 2.70697312e+01
  1.11353352e+01 9.15790782e+00 2.47198127e+01 2.35788014e+01
  2.73913552e+01 5.86698481e-29 1.82255642e+01 7.09680972e+01
  2.36675614e+01 4.21564246e+01 2.65203431e+01 2.43041329e+01
  3.15437582e+01 3.16597336e+02 8.17934321e+01 3.65578445e+01
  1.09131685e+01 9.98910239e+00 9.48517236e+00 8.02945450e+00
  1.87714659e+02 5.51615417e+02 5.99749829e+01]
 [1.26674359e+02 1.43890347e+02 6.40332430e+01 8.21358362e+01
  3.39112812e+01 4.56259774e+01 4.31061239e+01 6.08324081e+01
  4.10429050e+01 7.83675963e+01 3.59802625e+01 4.03420359e+02
  7.73411331e+00 2.31370239e+01 2.27164379e+01 1.93013607e+01
  1.67166667e+01 5.89642286e-28 1.68512715e+01 9.91107070e+01
  8.18374760e+01 1.84687328e+02 3.21676366e+01 6.34710871e+01
  2.82776992e+01 3.75671797e+02 6.21559611e+01 5.07472434e+01
  6.85665225e+00 1.66181675e+01 7.48721224e+00 6.75503637e+00
  1.30976456e+02 1.18474449e+02 1.81153970e+02]
 [7.36524490e+01 1.58692686e+02 1.32858131e+03 9.89653072e+02
  1.09858410e+02 4.11452077e+01 4.20023630e+01 3.09370388e+01
  4.75575644e+01 3.44817156e+01 1.30151352e+02 1.94015421e+02
  1.07797151e+01 1.12197335e+01 2.09625822e+01 1.56672643e+01
  5.01796566e+01 2.72697304e-28 1.08799654e+01 3.83782178e+01
  6.02958325e+01 5.28406484e+01 2.79643297e+01 2.23488025e+01
  4.18303385e+02 4.11140033e+02 1.90145908e+02 1.64254134e+02
  1.61716017e+01 1.13276722e+01 5.92841036e+00 8.50183970e+00
  6.57172046e+02 4.12420950e+02 5.74833282e+01]
 [1.07753569e+02 1.35348903e+02 1.15513253e+02 1.80439557e+02
  6.51584805e+01 6.76265060e+01 4.59319826e+01 4.64685331e+01
  6.26221357e+01 6.24802672e+01 3.04858765e+01 4.29155917e+01
  1.70693563e+01 1.42058809e+01 2.46726357e+01 2.38617856e+01
  2.93632374e+01 1.57447007e-28 1.61453070e+01 5.54424246e+01
  5.47929843e+01 5.91007095e+01 4.04850030e+01 5.63189057e+01
  4.46508289e+01 7.97230021e+01 1.20892147e+02 4.59077093e+01
  9.44731953e+00 1.56863750e+01 8.58319697e+00 7.65908576e+00
  1.66741635e+02 9.19104092e+01 1.09475579e+02]
 [1.40512740e+02 1.39693681e+02 3.93006985e+01 3.70507622e+01
  7.54065116e+01 1.28563229e+01 1.53546735e+01 1.34221092e+01
  1.33092106e+01 1.45753630e+01 2.68786021e+01 1.22923002e+01
  6.50303161e+00 3.34224863e+00 1.05937644e+01 5.77916781e+00
  8.28584536e+00 3.43217330e-28 5.52751882e+00 1.56805481e+01
  9.98752789e+00 8.49471010e+00 1.29923929e+01 8.11463120e+00
  1.63920230e+02 3.39717506e+01 1.34612306e+02 2.74755736e+01
  4.85143026e+00 2.95828832e+00 3.45024598e+00 1.93162928e+00
  1.25552434e+03 1.19993026e+03 2.02887527e+02]
 [6.09482600e+01 4.20802426e+01 4.09084891e+01 4.82250177e+01
  3.93888473e+01 3.46261464e+01 2.95398639e+01 3.42743521e+01
  2.82883675e+01 3.38375653e+01 1.36021469e+01 1.69988732e+01
  5.24580900e+00 7.77488389e+00 1.57712100e+01 1.48388934e+01
  1.03875391e+01 5.06240507e-29 1.08529388e+01 2.70030664e+01
  1.88962564e+01 2.29905570e+01 1.64255101e+01 1.98933762e+01
  2.96157282e+01 2.82008756e+01 4.26918392e+01 1.77512420e+01
  6.73015195e+00 5.73798838e+00 4.86445900e+00 4.82787220e+00
  1.04604031e+02 3.45578667e+01 6.93422801e+01]
 [2.74440189e+02 1.64603470e+02 9.31485545e+01 6.65478092e+01
  3.27038097e+01 2.93675569e+01 3.53065186e+01 4.15107197e+01
  4.15415487e+01 4.32877815e+01 2.66501708e+01 2.67797616e+01
  1.11228467e+01 8.34772347e+00 2.17062391e+01 1.98805013e+01
  2.62114396e+01 8.19698720e-29 1.52171788e+01 3.69816471e+01
  3.23848276e+01 2.66357014e+01 1.99277533e+01 1.76387866e+01
  1.05586599e+02 9.14475883e+01 2.26656976e+02 7.67278614e+01
  1.14216366e+01 9.93280340e+00 9.61300986e+00 6.11987956e+00
  2.21399115e+02 1.56554008e+02 1.61354064e+02]
 [7.16837123e+01 1.67158820e+02 7.77492181e+01 1.03428822e+02
  1.36849543e+02 1.07630188e+02 3.46488080e+01 3.04647697e+01
  3.94508349e+01 3.66250823e+01 2.64716793e+01 3.71459345e+01
  1.23991256e+01 1.29210753e+01 1.92607703e+01 1.31525879e+01
  1.43801675e+01 3.36667503e-28 1.17880886e+01 3.46833072e+01
  6.59331729e+01 1.30412259e+02 2.30874964e+01 2.44535924e+01
  4.03421223e+01 1.44925723e+02 1.05224402e+02 3.79281598e+01
  7.59349349e+00 6.78697370e+00 6.01628568e+00 4.76200557e+00
  8.85465822e+01 1.83726134e+02 3.97475709e+01]
 [8.75317985e+01 4.75361310e+01 5.54546031e+01 2.64625602e+01
  1.86176115e+01 1.89179428e+01 2.30580782e+01 2.30871774e+01
  3.23661845e+01 3.26959559e+01 1.00899193e+01 2.35315337e+01
  9.03146052e+00 7.65617257e+00 1.49182630e+01 1.21724593e+01
  1.07940203e+01 5.15737059e-29 9.30355476e+00 3.52603580e+01
  1.64915474e+01 1.36268314e+01 1.47233289e+01 1.36436887e+01
  3.63406954e+01 2.29948898e+01 4.54604129e+03 1.58397307e+01
  4.85669548e+00 3.44817963e+00 4.95551463e+00 4.37966886e+00
  6.25550510e+01 3.59465107e+01 1.58174079e+01]
 [4.11692168e+03 4.08317114e+03 6.68652512e+02 5.38447503e+02
  8.74880299e+01 1.35845967e+02 4.21968093e+01 5.77022733e+01
  5.14379324e+01 5.91476712e+01 1.67495964e+02 1.60708073e+02
  2.19473005e+01 2.45618263e+01 2.35708961e+01 2.86977362e+01
  1.25079437e+02 4.32692401e-28 2.27971559e+01 5.40438750e+01
  1.20155088e+02 1.24343361e+02 3.00960264e+01 4.93002002e+01
  8.13502308e+02 7.01665476e+02 2.32976386e+03 6.13651424e+02
  3.66897438e+01 2.14776331e+01 1.16905697e+01 1.21543336e+01
  3.18864727e+03 5.29017993e+03 2.19560518e+01]
 [3.65940803e+02 3.80993731e+02 8.57012927e+01 4.73507972e+01
  3.64534107e+01 4.08543018e+01 5.49792563e+01 5.58768929e+01
  7.60201507e+01 7.22188507e+01 4.49923149e+01 3.63087520e+01
  8.59141859e+00 5.99079697e+00 2.56371646e+01 2.57415233e+01
  3.14588537e+01 1.51314841e-28 1.85437752e+01 7.26706297e+01
  2.71153556e+01 1.84907259e+01 2.64707540e+01 3.27527567e+01
  1.21298648e+02 1.11981892e+02 2.93476240e+02 8.69714928e+01
  1.07692114e+01 9.25856367e+00 9.10028959e+00 7.51994964e+00
  1.17543262e+02 2.14389290e+02 1.90426737e+02]
 [6.98955561e+02 1.62752822e+03 2.98002876e+03 7.53195064e+02
  1.09888208e+03 3.61186416e+02 1.39394924e+02 2.72203891e+02
  9.36693530e+01 1.23854894e+02 5.18983824e+01 1.19238551e+02
  2.47943790e+01 1.92240115e+01 3.86630102e+01 3.54506794e+01
  6.08910820e+01 5.10059824e-27 3.29303757e+01 1.05593566e+02
  1.03538679e+03 2.66394954e+02 5.97991770e+01 1.18830064e+02
  2.55423414e+02 5.81676143e+02 1.00894903e+03 6.82085883e+02
  1.46447754e+01 1.85096170e+01 1.24940616e+01 9.34515826e+00
  8.92868198e+02 5.70631600e+02 1.44479797e+02]]