[[9.64305855e+00 1.12659479e+01 6.74846094e+00 6.17464353e+00
  9.78652069e+00 7.79875096e+00 1.13850081e+01 1.29440530e+01
  1.61621122e+01 1.06971191e+01 3.03687371e+00 3.44506665e+00
  2.29105513e+00 2.27580151e+00 5.66269643e+00 5.24323712e+00
  1.92148764e+00 7.90634992e-30 3.20372090e+00 1.22611767e+01
  4.37136360e+00 4.20812520e+00 6.46481073e+00 5.75661881e+00
  5.95385852e+00 7.29188138e+00 1.02535871e+01 3.56496640e+00
  9.91815387e-01 1.03864672e+00 1.67960678e+00 1.37903935e+00
  8.47933392e+00 4.21381768e+00 1.11694420e+01]
 [4.48388484e+01 1.09572314e+02 2.22523680e+01 3.50591938e+01
  1.22966184e+01 3.44720418e+01 5.60205780e+00 1.34306250e+01
  7.07907012e+00 8.84526648e+00 3.16294511e+01 4.35104271e+01
  2.40102701e+00 4.29647239e+00 2.86928789e+00 3.17821113e+00
  8.14838400e+00 1.04028847e-28 1.92505294e+00 7.99222523e+00
  2.38467174e+01 2.12114028e+01 3.14452051e+00 3.90209157e+00
  6.89768992e+01 6.44469569e+01 5.44892943e+01 3.53960247e+01
  4.38487212e+00 5.52453511e+00 1.10977295e+00 1.05918378e+00
  3.78036914e+01 7.07962486e+01 7.30607742e+01]
 [6.74234010e+01 6.32059876e+01 1.46543682e+01 1.67744183e+01
  1.50817330e+01 1.69891441e+01 8.91082094e+00 1.23621217e+01
  1.28072662e+01 1.22905302e+01 9.03891849e+00 7.74607520e+00
  3.51723587e+00 4.26631459e+00 6.41066695e+00 7.69773909e+00
  4.90572726e+00 3.13008628e-29 4.78299720e+00 1.13297672e+01
  7.00761984e+00 1.18131155e+01 6.31774760e+00 9.16304150e+00
  2.87377759e+01 3.93793924e+01 5.67126163e+01 1.75751929e+01
  2.15371602e+00 2.14217250e+00 2.86367899e+00 2.49139319e+00
  4.98373942e+01 2.80196940e+01 4.43160647e+00]
 [1.02795069e+02 9.89739182e+01 1.93201101e+01 1.97071059e+01
  2.26456168e+01 2.60405215e+01 1.83794081e+01 2.70309332e+01
  2.87824717e+01 3.22436834e+01 1.23058449e+01 1.89737675e+01
  3.23593447e+00 3.52450197e+00 8.73864724e+00 1.21685065e+01
  5.52366527e+00 8.81890653e-30 6.10686710e+00 2.62222594e+01
  9.99786993e+00 1.17056764e+01 1.18276765e+01 1.25375304e+01
  5.62513282e+01 4.04890326e+01 5.51067527e+01 3.71846489e+01
  2.90591902e+00 2.83329902e+00 2.54492180e+00 2.76195756e+00
  6.35137795e+01 4.81094677e+01 1.16656491e+01]
 [1.55970435e+02 2.01512691e+02 2.07142676e+01 1.68359342e+01
  5.46025704e+01 2.82003123e+01 1.67409424e+01 1.90960523e+01
  2.14757246e+01 1.78269869e+01 1.07722530e+01 1.09307143e+01
  5.43752730e+00 3.37649407e+00 9.69686476e+00 1.06323067e+01
  9.66001332e+00 5.09201386e-29 5.45504800e+00 1.78944907e+01
  9.41453936e+00 6.69229114e+00 1.66593627e+01 9.44740526e+00
  4.12898052e+01 4.51754720e+01 1.38915223e+02 3.22372414e+01
  3.08419392e+00 2.67817743e+00 3.07607776e+00 2.59037615e+00
  1.11663494e+02 1.78874972e+02 7.08901363e+00]
 [8.02075861e+00 7.36274829e+00 5.69072201e+00 4.29235274e+00
  4.19791680e+00 4.62884042e+00 5.70161854e+00 7.66262617e+00
  9.40913616e+00 7.69393762e+00 3.05038408e+00 2.11117573e+00
  1.89611350e+00 1.30916643e+00 3.40041275e+00 3.02636379e+00
  1.54592737e+00 2.82829458e-29 1.96754153e+00 7.53531491e+00
  3.97663965e+00 2.58959089e+00 3.15744793e+00 3.10468031e+00
  5.05898621e+00 4.27481108e+00 7.24302765e+00 2.84329986e+00
  1.25562693e+00 7.97405710e-01 1.40154019e+00 8.51906568e-01
  8.65594349e+00 5.16471341e+00 5.36295915e+00]
 [2.12734870e+01 2.14462944e+01 1.18697394e+01 1.62965696e+01
  1.56085618e+01 1.20352978e+01 1.48993285e+01 1.27321768e+01
  1.98855204e+01 1.90089397e+01 7.29945365e+00 7.97295725e+00
  5.03735804e+00 4.71171207e+00 9.97186206e+00 8.84728720e+00
  5.40714323e+00 6.93501987e-30 7.48662042e+00 1.87872046e+01
  8.32136108e+00 8.97492052e+00 9.66362989e+00 8.23673350e+00
  1.21912676e+01 1.46275824e+01 1.98675099e+01 9.37196090e+00
  4.23308085e+00 3.40647587e+00 4.41285306e+00 3.28207210e+00
  2.43339830e+01 2.03523851e+01 1.71212386e+01]
 [2.15713481e+01 4.22283953e+01 6.31051356e+00 7.72922324e+00
  5.84844815e+00 6.32631185e+00 1.03792016e+01 1.63838723e+01
  2.90058570e+01 2.59671830e+01 4.09561474e+00 5.88373306e+00
  2.67281685e+00 1.87219220e+00 6.41443660e+00 6.49373329e+00
  2.53450201e+00 1.78407837e-29 3.82427404e+00 2.50076368e+01
  3.62061231e+00 3.89921913e+00 5.09444829e+00 4.96854490e+00
  1.27287785e+01 1.63968153e+01 2.31359349e+01 6.33543996e+00
  1.21932053e+00 1.13735314e+00 2.26235897e+00 1.82701536e+00
  4.36609622e+01 1.81614130e+01 2.65338891e+01]
 [4.21015644e+01 5.53474755e+01 2.72590177e+01 1.38680351e+01
  7.03929272e+00 1.32774762e+01 8.84072633e+00 9.35260795e+00
  1.05138616e+01 1.48781631e+01 7.68219856e+00 5.38080650e+00
  3.20873358e+00 2.52601715e+00 5.80205811e+00 4.81979225e+00
  3.99682293e+00 1.10022269e-29 3.81030027e+00 1.22676496e+01
  6.24466858e+00 6.35289153e+00 5.85477510e+00 5.20227481e+00
  2.09811642e+01 1.37920506e+01 3.52389216e+01 1.14212450e+01
  2.07105617e+00 1.89125311e+00 2.52882470e+00 1.69288136e+00
  2.36908934e+01 4.31043058e+01 5.95806471e+00]
 [1.76695682e+01 8.59117168e+00 7.35496235e+00 3.88664625e+00
  9.01894002e+00 3.37059994e+00 1.31189873e+01 5.24230490e+00
  9.08624936e+00 6.98478920e+00 5.24506859e+00 2.98270175e+00
  2.12738519e+00 1.43961848e+00 4.89711871e+00 2.78162951e+00
  1.69940868e+00 8.53540966e-30 1.84389353e+00 7.37977186e+00
  3.78371648e+00 3.03922247e+00 1.49541130e+01 2.98449405e+00
  2.73287335e+01 4.73770964e+00 5.16655219e+00 4.32670863e+00
  9.90983280e-01 9.49942060e-01 1.36534988e+00 8.19266129e-01
  6.98931694e+00 7.66117804e+00 9.85569646e+00]
 [6.92862254e+00 4.59655442e+01 8.98841340e+00 1.30223584e+01
  7.88277658e+00 9.94454481e+00 1.06805559e+01 1.58880583e+01
  1.68721237e+01 1.62126838e+01 6.85909070e+00 1.79197666e+01
  3.26017808e+00 4.15750526e+00 6.80367614e+00 6.13841320e+00
  3.38339337e+00 9.54544584e-30 3.88441578e+00 1.48149339e+01
  6.43222177e+00 1.74155510e+01 6.33025134e+00 6.46507557e+00
  1.10026418e+01 5.44783258e+01 1.28423188e+01 8.31243259e+00
  1.75428685e+00 2.43427425e+00 2.51776829e+00 2.32762643e+00
  1.36592857e+01 3.93780105e+01 8.51991039e+00]
 [2.81884876e+01 3.54027424e+01 1.17066347e+01 1.27196950e+01
  1.80720190e+01 1.90888305e+01 1.47484823e+01 1.50547537e+01
  2.09766185e+01 2.10640595e+01 5.78045457e+00 6.55359852e+00
  6.84815559e+00 5.61072691e+00 1.04382889e+01 9.12077330e+00
  4.56980256e+00 2.35307904e-29 6.19392543e+00 1.83833413e+01
  8.67456534e+00 9.43297565e+00 1.07728172e+01 1.49029537e+01
  1.30102976e+01 1.63495543e+01 2.90892890e+01 9.30439107e+00
  2.73256072e+00 2.60922923e+00 4.23288167e+00 2.97933160e+00
  2.35650049e+01 2.17838524e+01 2.32963697e+01]
 [7.15760325e+00 8.36374112e+00 1.06556232e+01 9.76105960e+00
  1.04538503e+01 1.02419603e+01 1.55468684e+01 1.74429436e+01
  1.86306882e+01 1.89511438e+01 5.50714217e+00 5.30166174e+00
  4.21745596e+00 3.01120399e+00 9.10673227e+00 6.69599281e+00
  3.00940896e+00 4.52112669e-29 4.56577252e+00 1.61427155e+01
  6.81959749e+00 6.87490790e+00 8.92315330e+00 7.97659242e+00
  6.79365382e+00 5.65587809e+00 6.90436847e+00 4.01679236e+00
  2.19395866e+00 1.89144550e+00 3.37246787e+00 1.90624112e+00
  9.51818508e+00 7.01040875e+00 1.81328641e+01]
 [1.33338076e+01 1.01874149e+01 1.15274548e+01 1.00036947e+01
  1.20892141e+01 1.03460067e+01 1.71793258e+01 2.00842180e+01
  1.81805525e+01 2.92762595e+01 6.62674275e+00 6.70990054e+00
  4.62590446e+00 3.72887381e+00 9.83845040e+00 1.00763799e+01
  4.18852952e+00 2.38673315e-29 5.38912686e+00 1.82237890e+01
  7.99670981e+00 7.14369896e+00 9.71217340e+00 8.98080449e+00
  9.74856123e+00 8.39621987e+00 1.25711734e+01 5.81277530e+00
  2.79763558e+00 2.74149559e+00 3.12481693e+00 3.17254234e+00
  9.37676364e+00 4.65658614e+00 1.66386671e+01]
 [2.22932179e+01 1.93537099e+01 1.00712321e+01 8.84628572e+00
  8.96454992e+00 7.53755675e+00 1.60905048e+01 1.49979902e+01
  2.16388658e+01 2.04027947e+01 4.11736433e+00 4.64552891e+00
  3.86447101e+00 2.86285380e+00 9.63183587e+00 7.24364398e+00
  3.40467604e+00 1.83370906e-29 4.37273907e+00 1.85035775e+01
  5.39218435e+00 5.24032467e+00 8.82375806e+00 6.58924193e+00
  1.05684024e+01 1.18680694e+01 2.03670844e+01 7.53785491e+00
  2.11625482e+00 1.93386902e+00 3.55877496e+00 2.01636300e+00
  1.29538908e+01 7.77018346e+00 1.91436299e+01]
 [1.55498094e+01 3.43902752e+01 2.10131999e+01 1.73751642e+01
  3.35795435e+01 2.14829896e+01 8.24419957e+00 1.01765316e+01
  1.23255560e+01 1.17251817e+01 7.78560440e+00 6.10551799e+00
  9.02371113e+00 6.37064288e+00 4.12416019e+00 3.98572553e+00
  2.43194867e+00 8.29905340e-29 2.02950817e+00 1.05482041e+01
  1.30928927e+01 2.90829994e+01 1.02872089e+01 9.71622147e+00
  6.85507438e+00 1.57516197e+01 2.10922761e+01 6.96567067e+00
  2.01004229e+00 1.61456386e+00 1.33748410e+00 1.07068468e+00
  1.18354820e+01 3.25611681e+01 1.02459042e+01]
 [1.61742734e+01 1.03553134e+01 6.23874933e+00 4.00855514e+00
  1.07931458e+01 1.92740559e+01 9.44365002e+00 8.97300721e+00
  1.44900571e+01 1.56267274e+01 3.12046195e+00 2.95116113e+00
  1.99479892e+00 1.72904560e+00 4.02321409e+00 3.36160227e+00
  1.36594928e+00 1.76243555e-29 1.89559014e+00 1.57887587e+01
  4.14841883e+00 4.08613635e+00 4.87054578e+00 5.24126672e+00
  1.57307651e+01 7.25762900e+00 1.11060043e+01 2.98843659e+00
  8.42832291e-01 7.38298086e-01 1.17064337e+00 8.65227158e-01
  1.91081460e+01 6.01506192e+00 3.75201327e+00]
 [3.22296794e+02 3.81889179e+02 2.16097046e+01 3.60000792e+01
  1.09866770e+01 1.06608036e+01 1.74392026e+01 1.82912891e+01
  2.52828614e+01 2.68614152e+01 1.48571244e+01 2.52176668e+01
  4.70357207e+00 4.50309375e+00 1.37080678e+01 1.03515206e+01
  1.62092294e+01 2.99366429e-29 8.76753630e+00 2.39770787e+01
  8.77537927e+00 1.05957731e+01 1.15375546e+01 9.58530230e+00
  6.14130859e+01 8.65720415e+01 2.03511984e+02 6.13820160e+01
  5.13836159e+00 5.39875764e+00 6.32614772e+00 4.01209527e+00
  2.71204129e+02 1.78329775e+02 5.00867080e+00]
 [3.73083431e+01 1.00844679e+02 1.20023274e+01 9.96954395e+00
  1.27881724e+01 9.06052184e+00 1.32434070e+01 1.11787014e+01
  1.22347831e+01 1.41357281e+01 5.25811162e+00 1.30626033e+01
  2.96610147e+00 2.18014343e+00 6.11801855e+00 5.03325084e+00
  3.81538936e+00 2.95773573e-29 3.75824961e+00 1.17802290e+01
  8.44980929e+00 7.22414865e+00 6.74268653e+00 5.07089579e+00
  1.25223589e+01 3.79094183e+01 3.53318992e+01 1.02923788e+01
  1.66755414e+00 1.78585881e+00 2.77573446e+00 1.66800282e+00
  1.82320784e+01 3.12618605e+01 7.87337781e+01]
 [6.31315749e+01 1.32106587e+02 1.43891525e+01 1.96226961e+01
  1.84866112e+01 1.47980039e+01 2.33666764e+01 2.40396848e+01
  2.75258353e+01 3.10559847e+01 6.61676507e+00 1.02918269e+01
  4.90903654e+00 5.78734369e+00 1.09004259e+01 1.10504716e+01
  6.00337630e+00 1.12311608e-28 5.37484071e+00 2.51585460e+01
  1.00204055e+01 8.44564023e+00 1.11086854e+01 1.17527734e+01
  2.15814262e+01 4.04343517e+01 8.48544472e+01 2.22765875e+01
  2.37706177e+00 2.73625049e+00 3.48536146e+00 2.59196651e+00
  3.18911740e+01 3.42596613e+01 2.53463478e+01]]