[[2.04654902e+01 2.18716872e+01 1.98777745e+01 1.91525694e+01
  3.15619984e+01 4.27327971e+01 1.21480296e+02 2.05117407e+02
  2.45943872e+02 1.90353259e+02 6.39697811e+00 7.07192422e+00
  6.83058594e+00 5.54676399e+00 4.79825053e+01 4.87522879e+01
  3.93035226e+00 1.04972582e-28 2.10283387e+01 2.09123352e+02
  1.26763119e+01 1.35030301e+01 3.61848386e+01 4.49762493e+01
  1.15298490e+01 1.40103842e+01 1.91047637e+01 7.20062160e+00
  2.02167506e+00 2.10459812e+00 8.07987575e+00 5.76709993e+00
  1.76078155e+01 1.34908689e+01 1.82818992e+01]
 [1.84371515e+01 2.66032639e+01 9.96028469e+00 1.12299357e+01
  9.85070749e+00 8.78919652e+00 1.53394637e+01 2.32092878e+01
  4.05191625e+01 2.70725178e+01 5.45777506e+00 8.43060726e+00
  3.48108356e+00 4.21671552e+00 7.38437270e+00 7.02029393e+00
  3.48225404e+00 3.63139112e-29 3.28370276e+00 2.84276541e+01
  7.04423283e+00 8.12074472e+00 6.83314746e+00 7.22444236e+00
  1.18604450e+01 1.34393785e+01 1.97456306e+01 9.50220497e+00
  1.67500807e+00 1.87230910e+00 2.16579003e+00 1.71092191e+00
  9.02881351e+00 1.49742504e+01 2.94830578e+01]
 [4.59389471e+01 4.01614741e+01 9.28352165e+00 8.08448994e+00
  7.28861151e+00 1.03533584e+01 1.30604437e+01 2.29565890e+01
  4.95796583e+01 4.09256340e+01 5.39452299e+00 3.15306411e+00
  2.39932673e+00 4.51637615e+00 9.22931080e+00 1.19240963e+01
  3.17573135e+00 3.06170170e-29 6.10720964e+00 3.81940010e+01
  3.99536842e+00 4.28581947e+00 6.91561032e+00 1.20604729e+01
  1.71327094e+01 2.14137465e+01 3.68653228e+01 1.12868962e+01
  9.76818806e-01 1.29039219e+00 3.21748311e+00 2.83219546e+00
  4.00279300e+01 2.01641981e+01 1.66942220e+00]
 [7.40320426e+01 7.60896137e+01 6.03091070e+01 6.60504809e+01
  6.17280644e+01 7.43761083e+01 7.93161428e+01 1.33239735e+02
  1.24668512e+02 1.39502261e+02 2.25853191e+01 2.85977274e+01
  7.40938546e+00 1.46791887e+01 2.97475846e+01 5.06226479e+01
  1.68399242e+01 3.06850100e-29 2.14412160e+01 1.08792294e+02
  3.27478863e+01 4.29837308e+01 3.58179568e+01 5.51987757e+01
  4.44959067e+01 4.75019432e+01 6.47431541e+01 3.77286352e+01
  8.31405924e+00 9.72531079e+00 9.56530957e+00 8.25723565e+00
  1.96618904e+01 1.85126246e+01 7.35956382e+00]
 [2.40127158e+02 3.31485059e+02 2.54357899e+01 2.50903437e+01
  1.41481596e+01 1.59626136e+01 2.82792664e+01 5.64546603e+01
  3.96685408e+01 3.86560485e+01 1.32460984e+01 1.42500410e+01
  3.07761384e+00 4.63387532e+00 1.52525618e+01 2.48050802e+01
  1.36628980e+01 7.18521188e-29 9.09371085e+00 3.29711823e+01
  8.82781171e+00 8.30816028e+00 1.19381870e+01 1.78986749e+01
  5.80552854e+01 6.50251522e+01 2.22762497e+02 4.84165958e+01
  3.41892436e+00 2.96023881e+00 3.18522127e+00 4.45609121e+00
  1.61563675e+02 2.90570206e+02 4.90690257e+00]
 [8.65163380e+00 8.42946465e+00 5.42189333e+00 4.02492993e+00
  5.14154698e+00 4.57697600e+00 1.14771818e+01 1.96291723e+01
  2.70963088e+01 1.74642930e+01 2.54131493e+00 1.92594651e+00
  1.46732921e+00 1.26927756e+00 6.67926108e+00 5.47776079e+00
  1.66001985e+00 3.49643439e-29 3.71472340e+00 1.75873426e+01
  3.39177319e+00 2.34979159e+00 4.44987006e+00 4.72957885e+00
  4.86927299e+00 3.72025992e+00 7.93679348e+00 3.14827872e+00
  1.08616174e+00 7.64588522e-01 1.67887530e+00 1.07177602e+00
  7.66780390e+00 5.69233070e+00 5.19736401e+00]
 [1.82218997e+01 2.13893046e+01 1.02795178e+01 1.78726090e+01
  1.29895141e+01 1.17713038e+01 2.97228327e+01 3.38166800e+01
  7.08205122e+01 8.31049025e+01 4.43814547e+00 6.36040430e+00
  3.89936159e+00 3.66182333e+00 1.70762882e+01 2.12875952e+01
  3.82348866e+00 1.26830067e-29 1.56567656e+01 7.03050934e+01
  6.75179512e+00 7.43162439e+00 1.25227436e+01 1.20303973e+01
  8.83306422e+00 1.36370013e+01 1.79604800e+01 7.11669027e+00
  2.22954304e+00 1.90124482e+00 4.58381774e+00 4.62775141e+00
  2.26518613e+01 1.42711910e+01 1.35933873e+01]
 [1.59898787e+01 1.83099457e+01 5.91152033e+00 6.81569262e+00
  6.96651068e+00 1.08072798e+01 2.35672057e+01 6.12547303e+01
  4.78517479e+01 4.72329094e+01 3.00604529e+00 3.59715532e+00
  2.35265079e+00 3.57406694e+00 1.27702323e+01 2.13532030e+01
  2.81300454e+00 3.92891965e-29 7.44717814e+00 4.07898367e+01
  3.42929303e+00 4.30979722e+00 7.66174266e+00 1.42163564e+01
  7.65642447e+00 8.11032557e+00 1.46987300e+01 5.98456525e+00
  1.30840003e+00 1.11716265e+00 2.96853257e+00 4.09350596e+00
  2.26991052e+01 9.67431709e+00 1.70654582e+01]
 [3.13012797e+01 2.99862467e+01 1.78671644e+01 1.36974141e+01
  2.02851310e+01 1.67773830e+01 4.66696346e+01 7.52039474e+01
  7.92532573e+01 8.50062570e+01 8.25646470e+00 6.45827265e+00
  5.52663377e+00 3.72173579e+00 1.90374193e+01 2.40910788e+01
  6.16375166e+00 4.19401160e-29 1.54198159e+01 7.30874563e+01
  1.10009962e+01 7.50856793e+00 1.62662146e+01 1.68067087e+01
  1.33048890e+01 1.22597434e+01 2.55387931e+01 1.14067868e+01
  3.21736506e+00 2.51006409e+00 5.72260276e+00 5.66705394e+00
  1.16082493e+01 1.53355962e+01 3.83443909e+00]
 [7.89986710e+00 8.51760012e+00 4.27394402e+00 5.04515376e+00
  5.71641292e+00 6.05396174e+00 2.67626696e+01 2.84716399e+01
  5.76017349e+01 4.83962273e+01 2.21642240e+00 3.46612201e+00
  1.57628440e+00 2.58415951e+00 1.88580623e+01 1.82733063e+01
  1.80468374e+00 3.21899472e-29 1.08408013e+01 4.02536939e+01
  2.46393099e+00 3.51928334e+00 1.07875365e+01 9.52672123e+00
  4.83434403e+00 5.24575995e+00 6.86166701e+00 3.32090010e+00
  9.77384712e-01 9.98892396e-01 3.31179252e+00 2.95773129e+00
  2.70156683e+00 2.44358299e+00 6.26172232e+00]
 [1.17271145e+01 1.47470761e+01 1.70540610e+01 1.50351811e+01
  1.98724044e+01 1.54374690e+01 3.36213702e+01 2.72111550e+01
  4.48596113e+01 3.86705962e+01 5.45010946e+00 6.63114770e+00
  3.76708991e+00 3.68844335e+00 1.10169533e+01 1.14784500e+01
  3.39455207e+00 4.01198107e-30 6.26238559e+00 3.56484405e+01
  1.06666044e+01 9.21578732e+00 1.15344739e+01 9.73263043e+00
  8.13558522e+00 1.34198123e+01 1.12682670e+01 6.01836715e+00
  2.03237609e+00 1.76491470e+00 2.88569217e+00 2.86306633e+00
  5.17066338e+00 6.92709073e+00 3.93612038e+00]
 [2.02720759e+01 2.18444884e+01 1.29770695e+01 1.34425187e+01
  1.60900360e+01 1.43201462e+01 2.80431679e+01 2.97516025e+01
  4.69488633e+01 6.09972939e+01 6.20045776e+00 6.65788737e+00
  4.65786385e+00 3.95278390e+00 1.25409599e+01 1.21651739e+01
  5.41373036e+00 2.59557658e-29 6.97569176e+00 4.30824754e+01
  9.37099639e+00 8.91094061e+00 1.26806892e+01 1.24328295e+01
  1.07228040e+01 1.05526230e+01 1.97515957e+01 8.78013463e+00
  3.02250916e+00 2.94271572e+00 3.61212686e+00 2.98351089e+00
  1.95657184e+01 1.61697093e+01 9.44937296e+00]
 [5.89312800e+00 6.89918319e+00 6.16096732e+00 5.93969705e+00
  8.77310652e+00 8.39544871e+00 2.90375904e+01 2.64624678e+01
  3.84366246e+01 3.56867833e+01 2.90465998e+00 2.96465623e+00
  2.99705481e+00 2.08014803e+00 1.35964086e+01 1.03793817e+01
  1.94113833e+00 5.50936505e-29 4.76396779e+00 2.52093623e+01
  3.95022346e+00 4.01971827e+00 9.51053033e+00 8.56591511e+00
  4.58833990e+00 3.78029039e+00 6.05058559e+00 3.04654342e+00
  1.15327139e+00 1.10268795e+00 3.16258029e+00 1.71375482e+00
  1.69384891e+01 5.37561997e+00 1.08942925e+01]
 [3.62397865e+01 3.25107297e+01 4.17656184e+01 3.50786248e+01
  4.13709023e+01 3.31342087e+01 8.37975790e+01 7.10828320e+01
  8.97567159e+01 1.02440970e+02 2.17908427e+01 2.03425286e+01
  1.03195920e+01 9.89727409e+00 4.42931051e+01 4.25632525e+01
  1.68268037e+01 8.34088186e-29 2.55508875e+01 7.35881877e+01
  2.78344173e+01 2.27824400e+01 3.56914985e+01 2.74796544e+01
  2.93143051e+01 2.64738783e+01 3.39810385e+01 2.34598455e+01
  9.79373840e+00 6.56666171e+00 1.17238200e+01 1.66231627e+01
  1.14656875e+01 5.79087594e+00 1.07602316e+01]
 [3.80522925e+01 3.73139534e+01 2.50392365e+01 2.40019657e+01
  2.53857125e+01 2.18468013e+01 6.44397918e+01 8.10347979e+01
  1.14380235e+02 1.21729075e+02 1.09321468e+01 1.13468456e+01
  7.67833486e+00 6.95053682e+00 3.56972488e+01 4.11535344e+01
  9.99978243e+00 7.33302146e-29 2.33046934e+01 9.73537956e+01
  1.52340386e+01 1.28873270e+01 2.46816598e+01 2.44158235e+01
  2.15210776e+01 2.63128083e+01 3.80096338e+01 1.80129182e+01
  5.36056851e+00 4.64252177e+00 1.18724233e+01 9.44457211e+00
  1.44477980e+01 8.86724448e+00 2.61351740e+01]
 [1.12202621e+01 2.43749787e+01 1.29204189e+01 1.03545351e+01
  1.93267568e+01 1.47418015e+01 3.63294030e+01 5.40012645e+01
  9.66323724e+01 6.68788204e+01 4.24557028e+00 5.30955580e+00
  3.86340262e+00 2.87772820e+00 1.39647625e+01 1.28435403e+01
  2.17488955e+00 4.47315380e-28 4.29266920e+00 6.23255228e+01
  5.02935530e+00 7.57348716e+00 1.17672734e+01 1.32431883e+01
  5.64651070e+00 1.19087442e+01 1.45497789e+01 5.15308156e+00
  1.30096765e+00 8.92347326e-01 2.20548994e+00 1.84419994e+00
  7.18505063e+00 1.53192261e+01 6.30560235e+00]
 [1.08678085e+01 6.27740509e+00 7.97385553e+00 4.90636876e+00
  8.73536377e+00 8.10091116e+00 2.83414312e+01 4.07522008e+01
  7.68728113e+01 5.80451554e+01 2.50149431e+00 2.04530325e+00
  2.25953106e+00 1.87246893e+00 1.86932343e+01 1.42972267e+01
  1.57357474e+00 4.69707222e-29 7.53790723e+00 6.12549494e+01
  4.87876479e+00 3.36347659e+00 9.75339662e+00 8.66338699e+00
  5.55713403e+00 3.75351938e+00 8.05960961e+00 2.56839070e+00
  9.44803143e-01 7.17421318e-01 3.26895214e+00 2.66345800e+00
  6.67938150e+00 2.71418675e+00 2.17978420e+00]
 [4.14519962e+02 5.04519856e+02 2.23336406e+01 4.49445180e+01
  1.17708869e+01 1.43173748e+01 2.63847086e+01 4.77801984e+01
  4.24621483e+01 4.54754306e+01 1.28983344e+01 2.60821388e+01
  7.74365985e+00 1.03229216e+01 2.24554399e+01 2.22826683e+01
  1.53574067e+01 3.00406456e-29 1.16435520e+01 3.24716090e+01
  7.69957457e+00 1.22315500e+01 1.73449143e+01 1.98440665e+01
  7.19404096e+01 1.05491725e+02 2.65874250e+02 7.08034175e+01
  3.67037692e+00 5.09328621e+00 1.00441798e+01 7.58629584e+00
  3.38909215e+02 2.19972494e+02 4.30697051e+00]
 [1.91828809e+01 2.14634566e+01 1.64083911e+01 1.16330429e+01
  3.38961771e+01 2.15477666e+01 5.09386493e+01 3.96488192e+01
  4.98717305e+01 4.21938664e+01 6.71531338e+00 5.40663761e+00
  7.70885246e+00 3.49034282e+00 2.67900801e+01 1.94070095e+01
  4.34372572e+00 9.13618357e-29 1.90725882e+01 4.21005978e+01
  1.40960362e+01 7.81777752e+00 3.03567277e+01 1.61439441e+01
  1.03217782e+01 1.09298023e+01 1.67823171e+01 7.91423961e+00
  2.28579310e+00 2.09668658e+00 1.01636839e+01 5.89587993e+00
  6.17573334e+00 8.08021639e+00 4.61241193e+01]
 [6.56043842e+01 1.28108695e+02 1.46277219e+01 2.31591021e+01
  2.39219200e+01 1.82781526e+01 7.58094108e+01 8.10642863e+01
  1.19708180e+02 1.40057999e+02 4.81411280e+00 9.09799975e+00
  8.57745931e+00 1.19052671e+01 3.77925830e+01 3.43075934e+01
  4.69844030e+00 3.13922321e-28 1.55772207e+01 9.81506424e+01
  1.03414041e+01 1.00060839e+01 3.04946310e+01 2.60196754e+01
  1.98148122e+01 4.04349542e+01 8.24685201e+01 1.92624856e+01
  1.87878299e+00 2.29184258e+00 8.91084067e+00 6.87238928e+00
  2.87022695e+01 3.19173759e+01 1.74277526e+01]]