[[1.99116427e+01 2.39016564e+01 2.02123363e+01 1.78648852e+01
  1.35907199e+01 1.36356144e+01 2.32406938e+01 2.43459176e+01
  2.46572876e+01 1.77983281e+01 7.90184492e+00 7.45609346e+00
  4.27958190e+00 3.02412137e+00 8.91320363e+00 8.79825581e+00
  8.58866001e+00 1.29669484e-29 5.59448403e+00 1.85143079e+01
  1.07062124e+01 8.84675227e+00 1.05183651e+01 9.57344612e+00
  1.30500923e+01 1.74144189e+01 2.19585505e+01 1.28678658e+01
  3.96731469e+00 2.32843079e+00 2.69606991e+00 2.15692617e+00
  1.55376417e+01 2.32049487e+01 1.92961031e+01]
 [5.54904869e+01 7.67840298e+01 2.46973889e+01 4.01697455e+01
  2.19134898e+01 1.97368224e+01 2.07847778e+01 2.33777033e+01
  2.28334577e+01 1.93233738e+01 1.10695265e+01 2.41670419e+01
  5.92041173e+00 6.08109461e+00 1.16533076e+01 1.03326010e+01
  1.16183041e+01 8.64740909e-29 7.57749761e+00 2.03293557e+01
  1.62632828e+01 2.44423628e+01 1.37338267e+01 1.19080270e+01
  2.84036209e+01 4.25285491e+01 5.80541634e+01 2.95539482e+01
  4.61579027e+00 4.94773618e+00 4.52454937e+00 3.79722110e+00
  2.10364755e+01 2.77767491e+01 2.21463750e+01]
 [5.09432466e+01 4.95745212e+01 1.55961716e+01 1.39089807e+01
  8.34870907e+00 7.12990034e+00 8.04619538e+00 7.41473677e+00
  8.54364258e+00 7.90317378e+00 7.99275202e+00 5.49864797e+00
  2.42880022e+00 1.97942643e+00 4.44728252e+00 3.63251455e+00
  4.11726245e+00 2.53295746e-29 2.81901382e+00 7.57638916e+00
  6.51489415e+00 5.70215249e+00 5.36341882e+00 4.45249369e+00
  2.05681636e+01 2.96094936e+01 4.40402989e+01 1.33498190e+01
  1.30188702e+00 1.57563010e+00 1.68477638e+00 1.17687665e+00
  3.46183019e+01 1.39683800e+01 2.15313702e+00]
 [2.95304454e+01 4.58437948e+01 2.65525436e+01 3.29224151e+01
  2.07202797e+01 2.10091433e+01 1.96044609e+01 2.40296920e+01
  2.30592552e+01 2.43315649e+01 8.81672718e+00 1.22492498e+01
  4.30709082e+00 4.29103620e+00 9.33351466e+00 1.04605355e+01
  7.40291280e+00 9.99360010e-30 7.07685509e+00 2.16955162e+01
  1.34900673e+01 1.50758001e+01 1.30792027e+01 1.30169301e+01
  1.52649645e+01 2.50247179e+01 2.86858232e+01 1.56861672e+01
  3.42824428e+00 3.63775451e+00 2.99723264e+00 2.96854688e+00
  2.15506294e+01 3.03218304e+01 4.81464621e+00]
 [4.36817371e+02 6.59702337e+02 4.21753705e+01 4.91292823e+01
  1.18668440e+01 1.23650805e+01 1.91306818e+01 2.34920755e+01
  2.20862299e+01 2.06189126e+01 2.26411749e+01 2.70620509e+01
  2.86778072e+00 2.72581142e+00 9.18140311e+00 9.99698687e+00
  2.57267672e+01 1.33587298e-28 5.99868822e+00 2.01752384e+01
  1.10248980e+01 1.07806011e+01 8.21162908e+00 9.10157894e+00
  1.05287475e+02 1.27036844e+02 4.12714092e+02 9.21815511e+01
  5.62594280e+00 5.08150950e+00 2.46175572e+00 2.47248458e+00
  3.06662830e+02 6.06528994e+02 5.33458401e+00]
 [9.15861940e+00 7.16366920e+00 1.56377993e+01 8.90174337e+00
  1.10516971e+01 7.85078613e+00 1.17879731e+01 1.08514700e+01
  1.43426909e+01 1.19636826e+01 4.68709536e+00 3.37032123e+00
  3.43007025e+00 1.96409578e+00 6.49925927e+00 5.22357135e+00
  3.16201919e+00 7.43951373e-29 4.04885219e+00 1.25319621e+01
  8.26187003e+00 4.67760082e+00 7.43784838e+00 5.65287873e+00
  6.93936238e+00 4.23160814e+00 7.31890214e+00 4.03766436e+00
  2.38070374e+00 1.31932137e+00 2.56155771e+00 1.59467887e+00
  1.59847732e+01 1.04445563e+01 6.28434316e+00]
 [3.56682786e+01 5.86190058e+01 1.63991995e+01 5.57295011e+01
  1.43308010e+01 1.21641841e+01 1.54439194e+01 1.22694439e+01
  1.53871911e+01 1.74199342e+01 5.80598691e+00 1.39909064e+01
  4.46939757e+00 4.49734782e+00 8.68779523e+00 7.45337563e+00
  8.04862524e+00 1.25494963e-29 6.52913849e+00 1.51687130e+01
  9.48457982e+00 1.33837161e+01 1.02007520e+01 7.82829843e+00
  1.24498587e+01 3.77784021e+01 4.01184230e+01 1.62022748e+01
  3.17796728e+00 3.10495967e+00 3.35032807e+00 2.73788914e+00
  8.38914597e+01 2.74911824e+01 1.56908279e+01]
 [3.98396671e+01 4.73578627e+01 1.90427865e+01 1.92448684e+01
  1.63213771e+01 1.41392026e+01 1.93208398e+01 2.35984041e+01
  2.15175417e+01 1.98570856e+01 1.24851556e+01 1.14236425e+01
  4.78256104e+00 4.05362871e+00 1.17077117e+01 1.15961601e+01
  2.81471044e+01 2.48274488e-29 7.85359643e+00 1.97985622e+01
  9.85004060e+00 8.91849750e+00 1.14099702e+01 1.11969284e+01
  2.81222856e+01 2.36957432e+01 4.72520822e+01 4.83902839e+01
  6.53399108e+00 4.23303834e+00 4.14030691e+00 4.02487838e+00
  4.58374718e+01 2.33336206e+01 1.75792437e+01]
 [3.42437343e+01 3.80427221e+01 1.76482074e+01 1.54598836e+01
  1.61916956e+01 1.08680098e+01 2.40907760e+01 2.34247323e+01
  2.33907052e+01 2.22139218e+01 6.08070483e+00 5.50236248e+00
  4.69949197e+00 2.66508050e+00 9.78556008e+00 7.86363189e+00
  5.06088132e+00 2.15447803e-29 5.46129084e+00 2.15788196e+01
  9.00971532e+00 6.30305782e+00 1.17362227e+01 8.13840950e+00
  1.12268601e+01 1.35906677e+01 2.67490055e+01 9.28344991e+00
  2.36571675e+00 1.98895056e+00 3.22259522e+00 2.23090738e+00
  4.64878980e+01 8.65286957e+01 4.22121366e+00]
 [7.75312075e+00 6.66301132e+00 6.46215065e+00 5.65227711e+00
  4.87220566e+00 4.42090750e+00 5.56735456e+00 6.25585974e+00
  6.43554287e+00 6.58554573e+00 2.58356472e+00 5.38238091e+00
  1.51103761e+00 2.07944506e+00 3.32732738e+00 3.52865857e+00
  2.01179799e+00 1.17082236e-29 2.32596049e+00 6.84157463e+00
  4.08535973e+00 5.42179777e+00 4.06473664e+00 4.11009392e+00
  4.71481377e+00 5.85766963e+00 6.08855431e+00 3.68031407e+00
  9.89840563e-01 1.18610655e+00 1.27565458e+00 1.22201361e+00
  3.79123841e+00 3.66227723e+00 6.10432899e+00]
 [9.73278235e+00 1.25698272e+01 1.64483920e+01 1.45788277e+01
  1.40281285e+01 1.10956141e+01 1.21080645e+01 1.08750971e+01
  1.20518386e+01 1.13918106e+01 5.98125134e+00 7.51360116e+00
  3.33654412e+00 3.70495108e+00 6.89265311e+00 6.11686284e+00
  5.95490657e+00 3.97270318e-30 3.85380909e+00 1.11075951e+01
  8.77873145e+00 9.28251932e+00 7.94495924e+00 7.40343501e+00
  7.83029007e+00 1.20268553e+01 1.07406955e+01 9.08951971e+00
  2.52794061e+00 2.19873658e+00 2.43317060e+00 2.46632481e+00
  5.04249989e+00 6.01107166e+00 3.60107671e+00]
 [3.86057588e+01 4.54924504e+01 3.01866492e+01 3.49810452e+01
  3.12287114e+01 2.88619907e+01 3.25150268e+01 3.04766039e+01
  3.65544815e+01 3.55620270e+01 1.19457256e+01 1.58698579e+01
  9.91119822e+00 7.43317858e+00 1.97409576e+01 1.66236844e+01
  1.65982959e+01 5.16288356e-29 1.23627742e+01 3.37029848e+01
  2.07901082e+01 1.87313410e+01 2.34134684e+01 2.16152318e+01
  2.09627763e+01 2.63861635e+01 4.26909658e+01 2.53881841e+01
  7.01893113e+00 8.15064989e+00 7.73521860e+00 5.59372714e+00
  2.17409716e+01 1.93328638e+01 1.28527035e+01]
 [1.18140153e+01 1.35281936e+01 9.26676993e+00 6.40052558e+00
  7.15085476e+00 4.69352181e+00 7.04086309e+00 5.40394428e+00
  6.64178696e+00 6.06932554e+00 2.63619482e+00 2.90542943e+00
  2.03198286e+00 1.02255463e+00 3.65815616e+00 2.35976185e+00
  3.38011428e+00 3.27671748e-29 1.85217264e+00 6.27355303e+00
  4.07913742e+00 2.85098758e+00 4.56297809e+00 3.03587455e+00
  6.53220322e+00 5.27508521e+00 1.07296180e+01 5.53687851e+00
  1.22436546e+00 1.09275778e+00 1.36941935e+00 7.61455855e-01
  9.49296568e+01 9.04954718e+00 1.36420878e+01]
 [2.86559833e+01 2.67767582e+01 3.78230612e+01 3.60579784e+01
  4.03363141e+01 4.13712874e+01 4.25553144e+01 4.82302795e+01
  3.87117654e+01 4.53638240e+01 1.91495182e+01 1.89141320e+01
  7.62050834e+00 1.05234354e+01 2.14267440e+01 2.11011325e+01
  3.04070237e+01 7.00517248e-29 1.26531164e+01 3.89634730e+01
  2.13134894e+01 2.46346285e+01 2.59357028e+01 2.68141391e+01
  2.48297370e+01 2.23746634e+01 2.97579132e+01 3.45976150e+01
  9.86658661e+00 8.27588301e+00 6.94753660e+00 7.05194280e+00
  2.59864842e+01 1.06442460e+01 1.98094098e+01]
 [4.20391949e+01 3.40943954e+01 1.66314469e+01 1.60512189e+01
  1.01539819e+01 1.06173254e+01 1.36935151e+01 1.51406109e+01
  1.31679016e+01 1.40145346e+01 5.22908110e+00 6.32658318e+00
  2.97344129e+00 3.22490227e+00 6.92596866e+00 6.79084657e+00
  4.87995251e+00 2.30975698e-29 3.53058795e+00 1.19655696e+01
  7.26383228e+00 8.06483561e+00 7.34599922e+00 7.66327147e+00
  1.72864145e+01 2.09300884e+01 3.74846142e+01 1.26161437e+01
  2.22048660e+00 2.19822769e+00 2.63632797e+00 1.76653568e+00
  2.36464936e+01 1.19658451e+01 1.87726883e+01]
 [2.18106045e+01 5.18525702e+01 2.13522694e+01 2.47897934e+01
  2.21658709e+01 1.94529185e+01 1.43043386e+01 1.36445302e+01
  1.61236524e+01 1.47262225e+01 8.19890664e+00 1.14982910e+01
  3.81874189e+00 5.39413966e+00 6.90996156e+00 5.84841529e+00
  6.09539059e+00 1.22860134e-28 3.75640287e+00 1.43984672e+01
  9.97537647e+00 1.31270591e+01 8.85528909e+00 7.71113800e+00
  1.15518279e+01 2.71469163e+01 3.04694589e+01 1.33916388e+01
  2.59541876e+00 2.41874448e+00 2.09107433e+00 1.82898612e+00
  1.41998806e+01 3.62817620e+01 8.32417242e+00]
 [3.05469564e+01 1.46208891e+01 2.30351768e+01 1.15573691e+01
  1.33247205e+01 1.03340796e+01 1.20171129e+01 1.11415861e+01
  1.27896733e+01 1.13935730e+01 5.34069772e+00 3.29545283e+00
  3.39347716e+00 2.50337164e+00 6.79647390e+00 5.08268894e+00
  3.64750872e+00 1.90924206e-29 3.40800714e+00 1.16591568e+01
  1.10806359e+01 6.41648241e+00 7.36057423e+00 6.21277907e+00
  1.50890665e+01 6.81981611e+00 7.37226969e+01 6.34339753e+00
  1.98488811e+00 9.92887816e-01 2.05060182e+00 1.72818129e+00
  1.84323600e+01 8.64870971e+00 3.04417200e+00]
 [6.28555199e+02 6.55136026e+02 5.14063494e+01 4.86106905e+01
  2.05061482e+01 2.14727680e+01 2.61216163e+01 2.97384530e+01
  2.88895424e+01 3.12773831e+01 2.68777992e+01 3.16604529e+01
  5.38035552e+00 6.11179404e+00 1.40671507e+01 1.39954043e+01
  3.05326451e+01 6.05091158e-29 9.64750035e+00 2.86105817e+01
  1.49209256e+01 1.38337559e+01 1.46378936e+01 1.57596342e+01
  1.20630878e+02 1.31682588e+02 3.63826711e+02 1.11906322e+02
  8.88261322e+00 6.16714078e+00 5.56980710e+00 5.12010771e+00
  5.56873794e+02 4.29862531e+02 4.89640875e+00]
 [4.16242677e+01 4.86402826e+01 3.03412580e+01 2.73185502e+01
  4.18249840e+01 3.37760155e+01 5.65048939e+01 4.39565319e+01
  3.99221924e+01 3.54252529e+01 1.30111066e+01 1.45425955e+01
  9.18942066e+00 6.06195392e+00 2.29307294e+01 1.73523590e+01
  1.74796703e+01 1.12404996e-28 1.01980386e+01 3.46098610e+01
  2.05298620e+01 1.66790908e+01 3.38630298e+01 2.29090256e+01
  2.21961257e+01 2.60268947e+01 3.90955243e+01 2.75715565e+01
  4.95657560e+00 5.81411555e+00 7.09980539e+00 4.71796748e+00
  1.36321800e+01 1.97102390e+01 5.34009723e+01]
 [8.66061931e+01 2.18053526e+02 3.10722821e+01 3.67695720e+01
  1.47686522e+01 1.43699387e+01 1.68810525e+01 1.78917164e+01
  1.94349501e+01 2.08846845e+01 9.42044257e+00 1.67409988e+01
  3.88556983e+00 4.85010265e+00 9.83749837e+00 9.88147224e+00
  1.47825128e+01 1.23210045e-28 7.23483546e+00 1.92909769e+01
  9.36955013e+00 1.17639735e+01 1.06813933e+01 1.28396653e+01
  2.95823080e+01 6.93364292e+01 1.26490418e+02 3.68934041e+01
  4.24069217e+00 4.59047424e+00 4.11420113e+00 3.19911546e+00
  3.75514058e+01 5.87971203e+01 2.27180500e+01]]