[[13.02405461 10.98485908  6.96272566  6.81753643 26.38406848 26.45123346
  48.60356721 59.72801854 60.70895778 65.09331633 10.1858221  10.03766804
  20.34127093 21.61742806 49.23414102 51.43642686 12.74806657 47.7037926
  42.58446835 64.73330266 10.68473409 13.81514361 38.22722144 43.87442122
   7.84361311  5.36481279 12.26903828 11.65175341 12.17622143 13.67207877
  37.56276131 34.6875193   3.13361405  1.75953729  9.11850447]
 [ 4.37546517  4.15705983  3.24629328  2.36153908  4.43568366  5.48636671
  14.43883615  8.18584279 25.56493619 18.57964036  1.93400246  2.45311086
  10.31020852 13.35089944 12.45968015 12.76436582  3.02371794  1.43178457
   6.34812838 16.96531043  1.89433089  2.38895106 11.40694187 11.35450204
   2.38386321  2.21326664  4.62643847  1.83551307  4.89958903  4.23875527
   7.06892249  6.61982551  1.14250667  2.78220372  2.79676623]
 [ 7.9928048   8.57060086  2.53319729  3.13882603  8.61471022 14.61256545
  22.51984905 22.0242085  46.66109989 43.4842071   1.71317382  5.63179474
  12.8943298  23.87067296 25.06462894 29.68800677  9.58757085 14.0883742
  24.27311322 43.70435117  7.70625332  9.1827688  18.71984579 27.48626359
   5.68786745  6.09182511  8.57005082  1.96869232  7.29646048  7.90322951
  21.81079217 23.21186059  5.52548251  6.42927919  4.16463912]
 [22.31383072 16.12450587 14.37055227 11.83174708 32.39398258 37.18226767
  50.98765434 57.72414802 55.12641437 58.45561322 28.73768757 21.60824661
  26.73841851 39.85248593 45.81316125 56.15525616 39.21099133 43.43521043
  47.14603569 55.60158673 24.71211397 25.85288653 39.05297703 51.06666654
  21.00041204 16.49396192 24.61229633 25.04821705 38.47585027 35.28207304
  46.05892537 43.48833199  3.70341067  1.663437   14.36642118]
 [ 4.78489576  4.5893765   5.94000075  5.96791223  8.43740037 14.43895458
  23.385342   33.88318485 24.93641313 24.67139085  5.7176905   5.53659276
  11.9094447  24.99254277 23.58043606 30.76344325  5.38341325  4.90274311
  18.95190516 22.30130112  9.51482134 11.37289523 16.79349688 27.98719918
   4.90577562  4.80851655  4.79710177  4.95200781  6.95230552  6.49162016
  17.60384712 23.02295931  4.68452052  4.17295146  8.55516394]
 [ 9.6683869   6.23493225  2.10424279  2.90975637  6.55902044  7.40435036
  18.01595598 25.43964299 26.74935338 21.84467368  5.79226907  6.72858986
   7.48008576  9.43185363 18.85006387 15.93907049 10.31259517  6.02859223
  15.56733825 21.3095084   4.69975639  5.12150768 11.28656357 14.36274651
   3.0285754   3.95142309 11.92854903  8.61682279  7.77650985  9.03662272
  11.91705071 10.72435412  2.10123983  2.40852596  9.4626767 ]
 [ 3.15623319  2.30813966  5.39420452  1.95665357 11.0111724   9.73312034
  23.495588   34.46458768 40.69487083 44.68423305 10.51557845  3.24558821
  11.51807763  7.92449867 23.58609175 34.12699806  4.65523699  6.83983755
  28.21813555 42.8005736   7.88150798  4.45336985 15.95463351 19.5115878
   5.74598889  2.17433278  2.80350822  3.19255265  9.45090133  5.64016708
  17.40510218 14.86767409  1.49128701  3.33223905  7.16544528]
 [ 5.29006555  4.39702085  5.80166176  5.71043946 10.58440345 15.54106932
  26.32616785 42.34960779 30.31181908 30.77399556  5.83085206  5.72055018
  10.34285856 16.26968902 23.23237508 33.43673125  4.27744449 25.88129764
  18.96684724 29.07914394  7.9179509   8.39296409 17.04926002 27.22079339
   5.21926823  4.54806737  4.74753423  3.30699349  5.50451032  6.01405226
  15.42188602 20.31544755  2.42123593  2.26580701  8.20680752]
 [12.89104418 10.73782678 14.7411687   5.36240304 23.07088817 19.8478569
  35.36027704 43.70169973 45.53227038 43.25371809 18.21113002 13.96511347
  22.12772598 20.01268282 31.72729438 39.42305422 13.92611245 30.75180637
  35.52019762 40.33057225 21.19727048 11.7308548  26.59523572 30.26633963
  14.80626727  3.36898613 13.3263304  15.09207586 16.84119276 14.93775597
  26.91146671 31.69834115  4.07550928  2.11056774  4.98434355]
 [ 4.65482506  4.95473793  5.00856452  5.12781221  9.04276551  9.96580967
  27.51669399 27.89472395 49.40545997 34.14956434  4.5692838   0.832329
  11.13190101  8.69520489 35.80975317 40.98855583  7.85290261  4.99355273
  33.55471873 25.93451606  2.61716413  1.77904581 13.37437976 11.72027009
   6.02781805  1.33231886  8.30413588  5.16482287  9.61563576  4.97399075
  23.51255253 24.6729805   1.82190566  1.79020933  2.99160148]
 [11.26932506  5.75945853  1.24149584  1.44958497 12.92606584 18.77865961
  33.36857259 29.06551027 35.55291565 36.07454741  3.61112118  2.82455486
  17.33866824 15.52986125 23.56801068 28.13001055  5.3185999   1.35949816
  24.56998449 34.16172174 12.06363313  9.50457318 21.02707224 20.43503525
   1.80557397  2.57476433  4.88734089  3.14567558  8.88583974  9.52031891
  20.39003996 17.27289699  0.7508835   1.42165698  5.08026524]
 [ 9.66874629  8.52717686  7.43278659  5.44301833 11.63820675 10.29187514
  22.704596   23.74612661 27.64912495 33.35441054 11.01735422  8.9576041
  11.66776853 11.92299579 18.21150232 19.23469129  9.42659656  9.81217875
  16.40017259 28.14895397  9.67329219  8.82174177 14.13376686 11.11141111
  11.24623378  7.47768521  8.65718682  9.43669592 13.19626646  9.7666859
  14.56964434 15.12934136  8.05281969 10.03620769  5.69668004]
 [ 3.50721927  4.01262907  9.05309244  9.59991073  8.4307326  21.63713231
  41.7456296  39.40365398 47.03978255 43.18234721  7.37121302 11.79439469
  17.94260101 20.44452273 35.26661367 38.75550607 11.12173828 11.29291985
  26.81673066 36.60437615 14.89199488 16.70372045 25.23074957 28.95043159
   2.49297232  7.45901347  3.75393735  7.36006302 11.54713311 14.52170116
  26.22796015 25.28826661  1.22651699  0.43908074  4.31040646]
 [25.31575508 28.49954377 31.12985523 26.68936112 30.74424    27.38902865
  48.01380928 40.44665195 50.72390007 47.36112415 34.93418199 31.44547115
  36.31029467 30.3510759  47.92756889 47.46112903 26.85573578 36.0220488
  46.29831712 45.77230824 35.90913902 28.88242691 40.18228241 32.51344851
  30.3686341  30.22514322 27.50529152 28.32033859 32.94906633 27.42480905
  43.32111799 51.83585399  7.39875426 10.13156043  8.75268589]
 [ 9.87454645 14.27674014 16.96713946 20.41127525 32.31416554 30.99999354
  49.05857506 52.58858953 58.95442382 60.2977137  22.91901119 22.66943451
  29.42521125 31.94244855 47.61269753 54.34049803 22.14321415 36.77515787
  49.7170963  58.27138856 24.83874859 23.98751856 39.97674104 42.8262029
  13.60501208 17.05911951 11.54287341 15.39646524 25.00013483 24.40744973
  42.28369353 48.2705075   5.20434241  4.71398864 11.33709467]
 [ 8.80221939  8.29869434  8.32660413  5.92573216  8.00925045  7.93060572
  37.52770676 48.05903714 57.41248358 49.72564053  7.89003791  7.87667644
  10.59117745  8.5158985  30.74370031 34.34256616  8.36596685 43.79765774
  18.75649013 49.44151256  4.87089194  3.66464217 20.66150802 22.5750636
   8.29453041  5.77595233  8.02139188  7.76859348  8.66900975  6.87223434
  18.28562855 18.56816544  5.45865586  5.36388835  8.99626941]
 [ 6.944523    7.35634541  8.31376091 10.04184665 15.35038433 12.66771702
  36.67067809 46.33388437 53.53091287 46.11454037 10.90212574  6.0757091
  12.84558317 12.90253291 40.9782849  39.55744842  8.74011845 32.46252237
  33.15936426 46.30952132 12.50829341 11.35790384 25.28544109 24.0780688
   6.65785651  8.24570691  0.17344888  8.69206163 10.48533025 11.57157856
  27.79407701 26.75448256  5.66206339  4.7908896   8.05468394]
 [ 7.45428788  8.82192289  2.90410369  6.6482438   8.84057681  7.75578031
  22.86203463 30.41726517 27.75183755 26.95592129  5.72694551 10.46663415
  19.03760326 22.23706655 29.63662131 28.87614362  8.06250423  5.35030123
  21.46677454 22.44499126  5.01618202  7.49492419 22.94669154 20.59291614
   6.6529991  10.08633407  8.27952222  8.12103328  6.64420255 13.01015213
  29.06802992 25.62905964  7.65264836  3.56676385 11.46842235]
 [ 3.98006463  3.55579312 11.00312348 11.74550629 25.99903415 19.82773281
  28.54601434 25.80852774 27.70862993 25.09423566  9.37442671  7.21818358
  26.7291896  19.26184803 32.61930597 28.36985723  7.47250149 23.3408227
  36.65311489 25.6491351  19.09128667 14.83942725 30.89449058 20.75371876
   6.01430858  5.33236046  4.18076009  5.7854521  11.39520548 10.83312401
  34.56506917 29.43231407  3.74740382  2.79430358 11.40116922]
 [ 6.96441289  5.91305048  0.48006157  2.75105345  2.05606798  4.41294625
  29.15659372 20.26966564 45.15056654 43.67681812  6.3965133   5.67893431
  19.59734039 27.12786847 38.22730117 37.12850095  5.28935455  5.53209239
  25.09093988 38.8438426   0.96329376  3.31974444 26.71714171 15.09261865
   5.90380881  5.39372709  6.145119    2.50041412  7.8124118   7.82492565
  29.96491842 30.42715464  2.84659306  4.48113005  7.97132026]]