[[ 2.35625885  2.12044286  0.89360808  0.89425167  3.73860968  1.37103387
   0.84123248  0.44211212  0.41183795  0.55150042  1.47089948  1.76470749
   2.14037505  1.91128505  0.80522091  0.74212757  1.79234168  0.59853112
   0.92472837  0.48700869  1.33831441  1.36666523  1.99172498  0.96587777
   1.3599426   1.0322858   2.72973046  1.75904287  1.66057692  1.96801228
   1.36685092  1.24454429  0.66795782  0.27384318  1.57865684]
 [ 6.49764818 10.47401245  4.43498359  4.30188296  3.23238913 15.55339471
   1.47776699  2.05398602  1.3334668   3.32008546  8.00378476  7.66706223
   2.7875217   6.1141168   1.41007736  1.77455146  4.32833497  2.35866002
   1.32712973  2.2227934   3.57618584  3.5319913   1.56215999  2.18617624
   8.83096204  6.50808148  7.85620848  4.46004521  7.05368181  6.62574463
   1.26543408  1.47097319  3.97970744  8.34875545  0.88109675]
 [ 4.31253381  5.09706903  1.14627279  2.29669698  8.67982515 10.00380915
   2.70028647  2.0499011   2.14353648  2.04885912  0.77112734  4.83376305
   3.22366367  3.88424819  2.58557213  2.5748746   5.30756513  2.84792122
   2.51083066  2.32775688  3.17527179  8.81007309  2.57508801  3.59123976
   3.69898642  4.25130154  4.93056865  1.1224376   3.41235995  2.48142632
   3.01300486  3.13370694  2.58478038  3.86595239  4.91453913]
 [14.61470458 12.63701687  1.19821418  1.0758968   4.60377449  3.95500139
   1.66462218  1.46787364  2.58203476  2.44996214  4.51387443  8.75588333
   2.13736219  1.65000146  1.57626864  1.26170333  4.58312802  3.4518348
   1.4866786   2.74425114  2.2448724   1.93134102  3.3363588   1.54187905
  11.66604507  8.30219581 11.1030212  14.85905919  2.80766442  2.37760393
   1.4943203   1.53408641  6.76273647  3.06371331 13.456317  ]
 [ 1.15796071  0.9678475   1.88286019  1.39878545 32.15628096 17.79892408
   2.94807147  1.86327342  3.30154167  2.10733175  1.71568282  1.4083559
  11.79143286  4.52948006  2.97157992  1.90698144  1.29612575  1.4002626
   1.90656246  2.83564455  5.09493001  2.75906818 16.02753434  5.30330825
   1.31140239  1.23946147  1.08922554  1.15789444  1.9955979   1.87997285
   4.10167433  2.41268484  1.28704647  0.86700875  6.63344502]
 [ 4.26607248  2.85814501  0.89993939  1.66015933  1.49577766  3.87944951
   1.88168159  1.64506007  2.57712577  3.11303339  2.86844357  2.81048462
   2.50804108  3.30577686  1.93213117  1.78166404  3.58225114  1.62382655
   1.76535201  2.74031052  2.43393775  3.30941463  1.66697317  2.17138108
   1.5751722   2.33771402  5.55287076  3.45391521  2.64905901  3.22643533
   2.18351922  2.19528249  1.38016998  1.26516197  4.80915185]
 [ 1.02332198  0.69143562  1.52483752  0.49909657  5.8216287   3.82278437
   2.21652466  1.64291117  2.03323277  1.39224503  2.93023798  0.83989271
   3.15310876  1.83014931  1.56668392  1.5500308   1.36722341  1.21233232
   1.4623535   1.81353083  2.37077205  1.18825089  1.82529349  1.71470067
   1.85049213  0.65521382  0.9222557   0.95510039  2.60997365  1.77083388
   2.1054706   1.35687879  0.82093553  2.59256172  2.77961194]
 [ 4.15140127  5.78292551  3.03410204  3.60196483  3.87372104  4.05191408
   4.89720251  3.37856328 13.4973158  13.71414457  4.44033757  5.38175888
   3.00235825  2.45723915  3.34820249  2.62094472  1.66149675  6.06496191
   3.02981533 13.14013415  3.8045858   3.52160268  3.33682479  2.82701936
   4.8219417   5.47038042  4.22003324  1.80948822  1.83332336  2.11591263
   2.63853777  2.32086648  2.730664    2.58730039  7.08770954]
 [10.81606976 12.64748759 12.97290119  2.36902418  1.34216561  6.5292185
   1.19614231  1.17683141  1.15578828  2.62753998  7.61696939  3.96703543
   1.62501173  2.82920844  1.09733343  1.23681854  3.72246774  2.36513894
   1.13894297  1.83143942  3.80597604  2.63417376  1.28279024  1.94103988
  14.24793761  2.10505272 11.64749695  9.14508201  2.81003789  2.52398939
   1.43598938  1.44187834  5.38136702  4.13233809  3.82293405]
 [ 5.72529393  2.46995576  3.75988697  1.69545351 15.33881029  2.10028688
   8.94986938  1.24032526  2.07855547  0.97677762  5.11612711  0.28454967
   8.55394607  1.61213422  5.43630905  1.56237177  3.25722896  0.39624236
   1.38016883  1.04828531  2.09738701  0.58182549 23.1646527   1.46615048
  18.75918596  0.56348851  2.85222314  3.45772871  3.44014449  1.63927602
   4.58070034  1.94938157  2.57879285  3.11769836  2.83518383]
 [ 1.94238782  9.40230078  0.18914503  0.47401203  1.36418276  5.57695621
   2.32760449  9.30220745  3.83262084  6.00723702  1.64576578  3.7006544
   2.68334093  4.12628313  2.28793404  3.44077156  1.4283902   1.65365786
   2.38298908  4.21919508  2.54029096  8.46428339  1.9712479   3.52158937
   1.17842372  5.7828315   2.41285914  1.90645864  1.68708606  4.38441985
   2.73746197  2.51351348  1.0987493   4.62131899  5.08295397]
 [ 7.08084771  7.06015033  2.4105569   2.18055664  5.57142754  6.64281234
   1.84151832  2.82451603  1.59023043  1.51610641  3.31650198  3.13443152
   3.59262283  5.88200038  2.13469261  2.33151213  2.58628822  2.25445507
   2.0138115   1.59459416  3.35101073  4.78675821  2.63837611  5.91865115
   6.29186663  5.74694519  6.89389052  3.935888    2.98177723  2.45988229
   2.535955    2.55768434  4.67304378  7.39657762  6.51156354]
 [ 1.57771754  2.00767452  3.92289087  4.39674919  2.18784992  6.73656358
   3.70681469  6.59038481  5.74290528  8.90520962  3.7529201   6.6521659
   5.71161844  7.06114257  4.1452849   5.85247291  4.79584129  2.37172131
   5.94136     8.07846876  6.36863197  7.58154494  4.52363931  6.40524964
   1.20431264  3.94198653  1.78858642  3.18197271  5.65192748  7.21945209
   5.83291307  6.84380559  0.29781741  0.23881681  2.84366882]
 [ 2.77558497  2.20856996  1.5959161   1.57317603  1.02511869  1.23872338
   0.83424735  1.17954144  1.13823598  2.48683807  1.93597566  2.66806111
   2.14194929  2.10012183  1.17646193  1.2272243   1.35082884  1.55363038
   1.34348969  1.86078641  1.89978651  1.68434727  1.19234178  1.5971014
   3.12851376  2.44698603  3.67617166  1.46789835  1.80245612  2.5985788
   1.48531725  1.22651977  2.28101847  2.63700406  5.19435528]
 [ 2.21417205  2.29426367  1.81901857  1.82361615  1.71976299  1.56700886
   1.38743074  0.91364876  1.69375133  1.21155971  1.61485544  1.90752206
   1.74487499  1.71669538  1.35103505  0.87701665  1.46974143  1.33737615
   0.95874402  1.35574861  1.72319387  1.66951165  1.55633073  1.23534866
   2.03712676  2.3898802   2.05672542  1.79417684  1.5073661   1.6481813
   1.4156358   1.11712747  1.85985279  1.56701797  2.22203521]
 [ 5.65340415  5.42828772 14.26511192 10.75331382 12.17698318 12.14570719
   3.38832658  3.62867199  2.2458584   3.37582456 13.20867701 10.90259035
  20.21126159 18.43263664  2.56149692  4.19281917  3.51763097  3.0831645
   4.45526092  3.25529293  8.93189567 12.80725387  5.18916803  6.03237368
   5.40516896  3.12594847  5.54134642  4.36240798 10.04314579  9.79752905
   3.40754809  4.29091751  7.49068345  6.2013403   7.80132763]
 [ 7.26787354  7.66813286  3.34594619  3.93861079  9.55188344 11.45012411
   5.72686418  4.54715252  4.9342425   6.44329685  8.24772178  5.46632605
   5.17726294  5.17732489  2.60038803  3.40029715  3.46028157  6.51794007
   2.58356013  6.28222583  6.16567107  7.16093605  4.83581234  6.16803709
  12.87887785 10.31402938  0.16673462  6.12121323  4.23379515  4.8883402
   2.68349418  3.20083285  9.4876568   5.87543597  8.38413341]
 [ 1.4122388   1.64745347  0.65472672  1.18827385  1.79832396  1.24901868
   2.83000543  2.27286893  3.22478483  3.52159598  1.37316131  2.21709586
   2.21438565  1.98720221  2.59693279  2.38319971  1.73281     1.47770868
   2.55187138  3.84927157  1.26633246  1.34397763  2.6081914   1.94508588
   1.27957337  1.957748    1.50254575  1.61829542  1.5580629   2.5843474
   2.67216048  2.4578582   1.64876872  0.79354739  3.69307922]
 [ 3.71758808  8.56122868  3.1326624   2.79734879  4.15111878  3.1619845
   1.55667414  1.93056774  1.07642492  2.47884407  2.31389317  7.45288126
   1.33417457  2.19232948  0.79573026  1.27618659  1.7750612   1.72857033
   0.88926018  1.81497123  4.93513984  4.68985544  0.84079381  1.17187066
   3.0774044   8.84181599  4.16819175  2.95759516  1.89497985  2.06247262
   0.90115891  1.1491415   5.59286718  5.43831742  8.86661787]
 [ 2.9402249   2.80375492  0.22754146  1.0786364   0.63772357  1.34269346
   1.7521446   1.18258392  1.80769103  1.50167326  3.33744526  3.01906913
   3.66026353  4.82849234  1.68849106  1.85287107  2.7613111   0.43219792
   1.5556215   1.77549517  0.7850717   1.59271428  1.80038289  1.71567739
   2.74877472  2.37231163  2.92501816  1.27905127  3.77310085  3.96332064
   2.46527174  2.55791021  1.71471053  2.33846672  3.96044283]]