[[ 6.13675606  5.65822146  2.36383012  2.19792219  8.1809849   4.82735969
   4.55507619  3.76917127  3.9894671   3.65799335  4.83557311  4.88981985
   6.8226904   8.8694914   5.81040928  5.53191232  6.23233002  3.59296562
   6.4878521   3.79539853  3.68457781  4.3053932   6.8297044   5.61559317
   4.05033603  2.79218457  6.58483167  5.76868384  5.97354342  6.74734983
   7.80837113  8.29454226  1.50904352  0.54958427  5.57100804]
 [10.64105915 17.12190909  7.2525751   7.37258506  5.53705501 21.51803775
   5.27314357  4.73693919  4.46642933  6.07043169 11.20812706 12.6605235
   7.11131714 13.60342444  4.84136037  5.77865399  7.07542145  4.10164848
   3.72155585  4.76967186  6.41284503  6.23994533  5.24931781  6.13283414
  13.86385523 10.61345954 12.76694436  6.83734632 12.82624947 12.50709743
   3.62218814  4.09814835  4.78368167 13.15388623  6.9305534 ]
 [11.73083227 13.4883817   3.99874177  6.51271522 17.82572158 23.97820794
  15.36474166 11.86003488 12.05335306 13.05890485  2.87054825 13.83552763
  18.90213564 22.5490076  17.40985778 19.16543823 14.81044917 14.40304481
  19.01002902 12.96434282 13.51627383 25.31070407 17.1014929  20.88291037
   9.54061947 11.20272771 13.18393456  3.06551482 16.08742964 13.12010487
  19.41241189 20.41874306  6.87958758  8.9339747  11.05534697]
 [30.98322966 20.97402587  4.60362731  3.530171   11.88408745 13.01823479
  11.81503382 11.71075275 12.72714691 13.51106619 15.65802652 14.33644854
  11.6775906   9.56865998 13.45806931 13.49841683 12.86160129 12.48332855
  13.42808979 13.40167741  7.5445633   7.04046664 12.89593326 11.59898702
  26.54853347 14.05888929 20.94899063 24.68706202 13.44802844 10.27881423
  12.25431989 14.54638479 11.96312279  4.32283755 22.77222294]
 [ 3.10794613  2.78992246  4.83738721  4.00454371 32.56280406 25.50854374
  13.84380551 11.46114541 13.50005646 11.37769066  4.64985284  4.24692909
  21.04160368 18.21092856 14.99133736 13.18626508  3.80620887  3.47447456
  11.36868701 12.10361287 10.1472101   9.16096024 23.43479415 14.77240158
   3.48906251  3.34066122  2.99148407  3.29719734  6.27163875  5.87307705
  17.00064075 13.38350629  3.23767041  2.56886825 12.35966537]
 [ 8.9633703   5.44592554  2.2085755   3.10308526  5.35524079  7.48825343
   8.94994175  9.93085551  9.28865663  9.62372522  6.95256032  7.37571661
   9.66592328  9.72826318  9.59657014  8.80604823  9.60381477  4.87657793
   8.24540114  9.13008064  5.51016727  5.64416421  8.00848931  9.42826787
   3.14657264  4.54043201 10.88585846  7.78209719  8.98981694  9.42448696
   9.94846106  8.52430687  2.37202379  2.18528174  9.76417054]
 [ 3.68480164  2.31428948  6.2286776   1.78411228 13.23133134  9.95140414
  11.77776317 12.97611782 11.42661441 10.22081569 17.2950567   4.06844201
  14.87953338 10.19654764 13.77332418 14.18344114  6.58339423  3.73999719
  13.4931106  11.43733825  9.7136943   5.3781836  12.31197238 13.35880645
   7.93053085  2.33227461  3.10118256  4.20426877 17.94377985 10.10553341
  16.75593638 10.54438193  1.60202963  4.75216204  9.02507197]
 [ 7.13662985 10.14088945  6.19324017  6.47582922  8.88570156  9.0973541
  11.59427241 11.32729773 18.37383849 16.91858459  7.94429933  9.35689097
  11.75039101  8.52249982 11.66952906 10.16846114  3.85395454 11.75240712
   9.73985315 17.8279868   8.35969114  7.59339811 11.33639922  9.51353007
   8.67701494  9.19492319  7.47266212  3.50088233  5.129748    6.12274425
  11.7532287   9.06719938  4.65716553  4.25355678 12.76019183]
 [17.33900759 19.8194729  22.48984615  5.4291995   8.00599881 15.70742268
   6.69837111  5.43488578  6.0403825   7.57045299 16.94448193 11.63524327
  12.84723762 13.58301147  9.66956723  7.88719064  9.03024792  8.06717727
   8.77718773  6.76944244 12.03254017  9.92530783  9.57254823  9.36850986
  23.34876484  3.79006521 18.38792893 15.1112052  10.84087619 11.25512191
  11.89220787  9.46903481  8.31757256  5.93224784  7.74482022]
 [10.41140918  4.99753494  8.61915909  3.95032402 14.2670169   5.54855794
  13.48860801  5.13608097  7.79334736  4.92863848 10.81301423  0.71624402
  15.02383793  4.84404217  9.29918512  6.23942786  7.39480862  1.32407854
   5.70726528  4.75461488  4.01902775  1.53636848 18.54009818  3.67168047
  34.07548825  1.20328417  6.25267174  6.72910446  9.74942022  4.73024226
   9.69349998  6.8342034   4.71351512  5.6127058   4.70865915]
 [ 6.65815106 17.95180579  0.65433552  1.25552295  5.12737598 12.0968808
  10.60024929 16.97077985 13.37178756 15.1242879   4.54468078  7.63297187
  15.00552084 17.50480453 14.55476005 15.04328792  5.30111639  3.23456563
  15.24020428 14.19707683  7.27466403 17.96128456 11.53989801 13.57434129
   2.44187518 10.45237052  5.57004812  4.34473597  7.66999368 13.13098427
  17.79032309 14.04258475  1.98360085  8.08160682 10.99646364]
 [13.44447095 13.81975353  6.70512842  5.15033937 13.07181006 13.71912392
  11.94081682 12.01589351 12.35355037 11.51820423 10.27106676  8.81729259
  17.15436451 16.92393892 15.15808378 14.42110568  7.95711686  8.89545402
  14.56220394 12.01119073  8.95439521  9.33855121 12.00727219 13.3189992
  13.64539048 11.58544378 12.74992728 10.00015522 11.93035238  8.65986551
  17.07348129 15.10814826  9.69883812 13.52079145 14.04452603]
 [ 4.25975544  4.86442958 15.65766171 15.7761078  10.04588473 26.3960459
  22.35081485 25.97322816 22.8007409  22.93159521 13.97558352 21.09178474
  25.24883072 29.59531117 23.62120891 25.00212423 17.24238734  9.26726053
  25.70107468 23.43946752 25.70928255 28.56830553 23.67248075 26.95868334
   3.69118054 11.15979635  4.28364598  9.70406157 21.96701735 24.90913796
  27.96860312 28.12860568  0.68921234  0.57261031  7.1744002 ]
 [ 9.31449771  8.93048788  8.59194749  7.61125111  8.98393988  8.55210019
   9.84330194 11.42806709 10.27431228 13.53517605 10.62372119 10.37216111
  16.27660811 11.43500029 10.6457429  11.23589804  6.68493222 10.30766522
   9.76512086 11.33530955 10.31654306  9.05642076 10.9341807  10.62593146
  10.09918153  9.58593769 10.17549208  7.01708647  9.41208317 11.44949995
  11.54662583  9.89290934  6.05078153  8.14703759 13.53437664]
 [ 5.78507631  7.40494805  6.82448923  7.5228827  11.41122002 10.69557996
  12.2498415   9.73314143 11.15321072 10.10639305  8.63196594  9.28112685
  14.80957496 13.15676223 12.84686366  9.56474887  7.5392111   9.19606477
   9.32858829 11.0753684   8.7918322   9.75395328 14.29178967 11.55775931
   6.68104286  7.69430657  6.18513395  6.44294944  9.86959792 10.16706294
  12.67459434 10.30548172  4.66621166  4.13077102  8.3042548 ]
 [12.19871984 11.70849773 13.54202203  9.94352412 13.91578406 11.5571438
   8.51612959  9.05671963  7.32301986  8.71788954 14.46889576  9.05747891
  24.73770799 18.85228362  9.07942007 10.65750098  9.35477483  8.12579037
   8.86778091  8.3676661  12.68036591 14.07261725 18.06274413 16.56280288
  10.06986898  7.63981514 11.62831496 10.50118517 13.39393505 12.43424042
  11.089027   10.7800949   8.99170046 11.40099827 14.61793959]
 [10.33535087 12.13515159  6.50469149  8.20429486 18.96646101 30.13960784
  12.21903889 10.202008   10.09025126 12.41480615 13.59973857  8.76662008
  11.34056345 11.91425252  8.81946966  9.30085332  7.58690278 12.18058841
   8.33872875 11.93650249 10.63581504 13.79820626 12.62677025 14.56700258
  18.84661699 15.94351209  0.23900959 10.11359955  9.35366799 11.90830839
   9.95332777  8.69122207 16.19783716 10.61735992 13.86434542]
 [ 5.79584412  6.67762993  2.80996834  5.32517232  8.25159255  5.77500078
  15.11086064 11.64438426 16.52403116 15.92231641  6.59666119 10.11972577
  11.56361988  9.7003154  18.09186613 13.41455127  8.50970366  5.33177813
  16.16437367 16.573411    5.71705609  6.49259625 15.2637657   9.94702001
   5.67943951  8.27737467  6.3375148   7.04041432  9.3015829  13.79044006
  18.30798086 13.55420763  6.12385189  2.89154423 13.33688078]
 [ 7.74073598 16.70666669  8.04850945 10.06592536  9.80877962  8.3372727
   7.42160406  7.27653005  6.79762009  8.40703454  7.34020578 17.43935426
  10.28447346 12.03136588  7.44923188  7.35778522  6.56360564  7.55632641
   7.22248882  7.17692147 11.4441911  13.71262204  6.86213178  6.51884968
   7.2965461  18.49499909  8.8017759   7.52391483  8.31314177  9.22714449
   9.43983056  8.32669313 11.06313315 10.81098876 19.46177273]
 [ 6.70190505  6.09757925  0.47223205  2.33096628  1.58890797  3.57272406
   8.98691445  6.01098702 10.38197275  9.68474919  8.79169798  6.42411636
  11.21591564 13.18729741 11.02581065 11.95908556  6.75840997  1.97920998
   8.65750109  9.95668063  0.93339299  2.80203198  9.73260911  6.81715371
   6.43017016  5.39364671  6.3229057   2.89166701  9.88436954  9.34224577
  11.72039493 11.47580011  3.16285772  4.80998183 11.59322493]]