[[65.81133945 69.23208367 82.69992121 83.7311165  50.33525391 58.91004509
  36.70165633 28.97142449 28.80331501 24.61086278 70.92570406 72.72485879
  57.9512028  55.81587377 35.004522   33.00687472 51.37001069 42.21200413
  38.67356697 25.25325969 75.26821644 71.46155891 41.83929542 40.20519199
  77.8682925  84.14244165 64.31466555 59.9982621  56.29516446 62.48639854
  40.72818151 42.80007672 91.92419365 94.39054579 74.10746939]
 [65.31694438 56.24864853 77.01668257 77.51671179 76.92742781 45.12213888
  59.24581439 76.77798958 54.2287522  58.76837427 74.93151812 70.18725564
  62.25598733 47.67769162 61.62621195 60.89559443 75.48409604 88.69840724
  73.95419644 63.90988906 83.74312592 80.648687   58.85496219 61.61089541
  69.21239824 73.66137001 61.14820877 81.15824587 61.71876839 65.42713103
  73.27577777 73.1190083  87.43214719 70.55425689 87.29077595]
 [67.10033852 62.26456994 88.06605619 82.6515608  55.01205985 41.34238946
  45.54123689 56.95226785 31.10129845 33.01076756 92.10684023 65.87759295
  51.92714631 39.23409039 42.8621719  39.52763093 57.86435036 57.00529421
  43.00185274 32.33409416 63.03629489 44.47905935 47.08535024 37.89218853
  74.24412691 70.03077812 63.07743446 91.51484209 63.47915502 66.84502107
  44.34296732 43.59034642 80.23141573 76.31702797 74.49413213]
 [23.18753022 40.54947844 73.50062289 77.66473086 40.24445671 35.34155902
  22.93014193 18.6867163  19.3679715  15.38770617 39.87195803 46.04397243
  43.90353169 37.27913115 24.77829805 17.48084403 26.10693638 26.48349676
  22.37824721 17.16433608 55.3186153  56.10785307 30.4542356  23.74996787
  33.58051428 52.4556928  32.43069358 24.99154208 29.40320864 38.8642421
  25.76014517 24.7967693  73.51156642 88.22546845 40.00648797]
 [82.24495252 82.5193426  77.49056953 76.94301813 19.76660022 31.06876537
  44.00279721 38.69282805 44.37815683 48.68400963 78.14368997 78.2936574
  44.16006543 37.56553985 44.26221218 41.74497346 79.37747009 81.10735075
  55.27117556 49.113159   63.3601463  61.94970021 32.19284219 37.7054395
  81.39677924 81.21716871 82.23455482 81.16465058 73.34023012 74.61189469
  47.68838697 48.40644501 81.89910846 83.68065684 63.15090095]
 [66.8672161  80.16232238 88.71819512 85.89163122 72.49142083 68.52742758
  52.64860948 48.92080607 47.22582472 50.45416333 73.70370732 71.31047414
  62.86028993 62.93913941 51.27916811 58.27378171 56.85782447 74.64370848
  57.45433262 51.63588771 75.90821024 75.72980998 60.17276047 56.87098846
  87.93355655 84.67588629 60.63282824 69.09609806 63.53967012 62.71948036
  57.76843142 62.59945686 89.76619327 89.72175352 64.52229557]
 [85.95750553 88.36050407 78.24675645 89.65899548 57.78769023 66.43471721
  50.30186765 38.41186414 37.00349681 34.33627444 55.50263528 84.70679491
  57.24740937 70.31615932 49.07415333 38.19072444 77.5946504  81.43999643
  45.05895619 34.71409671 68.96248243 80.96005975 56.91180639 52.71852204
  76.37424141 88.81465381 86.91084177 84.37972542 56.52412945 73.27239975
  51.01204213 64.43499129 90.5627472  82.90400802 72.75880738]
 [70.24141242 68.30646468 66.28209705 68.08770372 51.85867522 50.97722619
  35.59966822 26.62933151 24.18668168 25.65564616 57.56694668 61.37380016
  53.87902255 54.29784583 40.45051966 35.61557126 47.40671955 39.94654247
  48.26155055 25.83830647 57.17485191 63.12401865 42.88752861 38.99931886
  62.11124034 67.49864995 68.29784797 64.64278985 60.04356124 62.95945974
  48.67695194 48.32162727 85.30160816 85.42840423 63.4914033 ]
 [44.85102083 43.17242881 35.23556411 80.78698072 49.16564614 45.05850847
  38.49230226 36.07425749 33.8332227  35.24518321 43.81532155 58.53451673
  44.58403742 49.2443082  41.19743139 38.58475461 61.88683672 43.01856986
  41.98335739 39.16108344 45.60384258 65.86221245 43.3607199  43.7680664
  35.10328523 87.00117088 42.68041556 48.36890277 57.12462576 59.44659907
  44.60555987 44.9122932  65.90423905 75.91629895 77.96079479]
 [74.64011386 83.70185863 75.03950163 83.48152775 53.64408909 75.1078098
  44.32061671 59.59977149 35.20282159 55.29809706 74.17540579 96.87439203
  54.61919427 77.85168186 43.13645915 43.29456794 72.74092005 91.46985648
  52.15847619 63.85471679 86.92699076 93.36196739 39.8814119  78.08544674
  35.25872887 95.41317669 75.22247086 78.92454326 67.45662151 82.7502662
  53.15655201 56.34956805 88.3290187  86.7963416  86.54815031]
 [70.7772907  61.97729911 96.71761906 95.41529342 71.45773661 50.05042288
  41.68654915 33.04530138 37.69114419 32.16687631 86.2353883  82.64138063
  49.61546154 47.23968551 44.84419124 38.39545509 78.62171833 92.40608987
  42.68670086 36.77765371 68.19291063 54.4964626  50.97830963 46.92447433
  92.83630895 78.8825261  82.47123247 85.85222654 70.70456162 61.10383213
  41.88961153 51.29165184 95.43449474 84.64175616 74.1924855 ]
 [51.39295704 52.83456473 66.16172923 73.06188961 47.13027798 48.603104
  37.18792085 37.08868019 36.8794287  34.16532685 54.169178   57.73916846
  42.75807648 42.84996647 35.82865782 37.72852596 51.128404   59.52042355
  37.95836043 36.22461908 56.56053263 58.50910922 45.12417161 50.33307307
  46.83044264 56.49244886 52.98741018 49.34059801 41.24697041 52.0620788
  34.62063541 38.83911516 68.62719233 57.04691028 65.99880728]
 [83.62434862 81.24714367 57.74951197 59.8825171  72.46374289 33.1339003
  22.07450763 19.98604776 16.28817246 17.63673627 68.21035966 48.90288401
  38.9319879  32.84894965 27.47830009 21.57879731 47.47369226 70.35158788
  31.11481644 22.76839348 37.65210142 35.29930539 34.46787931 27.42521638
  89.06240732 67.03076208 83.51690204 66.37750554 48.57495936 38.95878161
  28.61363374 28.50323489 90.91259126 98.01032496 80.27393278]
 [42.57616753 36.8883666  30.49099696 36.6917153  29.27130199 28.62227744
  16.92556529 19.50235733 15.98650657 15.64398632 21.80640193 26.27685021
  18.4577909  23.8425337  17.06531417 16.54644779 16.5786094  21.86318013
  19.6655714  16.79607443 24.37803142 29.14626713 18.49220437 23.53749628
  30.68089825 32.19685054 34.55607994 21.42900648 22.64224486 23.96396258
  17.97484118 15.05470908 67.50048957 60.46151205 56.40503108]
 [71.21706001 62.97914728 63.11951709 56.59226694 41.62957099 41.67173302
  26.8791603  26.93892324 21.41154949 21.44232401 55.87151114 53.50227485
  42.62540231 38.36347242 28.95160358 26.25087636 58.04181486 41.10795254
  32.46358723 22.13546902 52.80271436 49.57772719 32.27686629 30.93904468
  66.74883959 59.28729912 68.83183329 65.58281331 53.26719647 52.22041207
  34.23678143 31.2782505  79.75172423 83.22696123 69.99327009]
 [56.2353855  56.91081733 50.10572545 59.19063397 56.71216736 57.90151114
  35.79167832 27.11246698 23.43904384 27.23142643 49.19540587 55.10564694
  33.99110897 38.23660842 42.40296595 35.16893412 55.31499498 32.96387455
  51.50715268 27.51353044 63.85577106 63.10359448 40.53806486 41.68493196
  59.26119301 70.29154783 58.01092721 57.17907846 50.59931292 52.26851967
  49.88078306 47.94583572 67.27096923 64.33004256 56.70827875]
 [55.93276604 55.70648929 57.8184931  54.16082341 32.71615232 29.58273969
  29.83460351 26.24934572 22.53841605 25.97562134 43.97434329 69.90198332
  51.34444889 52.75602537 32.70299941 33.67865945 59.95331104 35.64374792
  40.92647357 26.65727941 42.28142206 46.01555457 38.16986849 37.91977394
  43.5388339  50.51502406 97.83423884 53.60551854 53.899118   55.61708372
  42.13397736 43.99385097 53.02746436 63.45022665 58.44808916]
 [74.03435835 71.39742969 86.9466946  79.64776187 65.70827308 73.58831425
  36.56303098 36.73373921 33.61810939 35.06025005 74.36931198 64.49136004
  53.95691534 52.90972727 31.10879702 37.18943981 65.66561045 77.06341307
  42.03025045 37.35615014 78.27962238 76.1918206  39.81594976 51.16062718
  75.23212823 67.08803371 72.55058238 70.38478942 66.41663645 54.8618833
  33.8327107  41.0614281  72.0003921  85.77809975 58.46366362]
 [75.92540717 63.11820672 57.46949238 47.80856497 27.96048259 37.59313879
  30.81037013 36.37183579 42.23663787 42.95119207 62.80826156 48.4743488
  29.78934382 33.06088451 31.21552871 37.62987494 54.11859449 38.65742019
  35.63685831 44.27345208 36.72429763 35.09843832 26.93967772 42.1050455
  70.67847048 54.63299331 73.10991346 63.5777321  53.68700109 47.83698698
  30.94863465 37.53969247 71.32465786 74.14018771 47.0705454 ]
 [74.1995398  75.12102521 97.80041567 89.47151225 94.44794781 87.20226115
  53.61182888 68.06304108 35.32945179 38.62391067 68.95739823 74.42821708
  56.64892921 43.80468328 39.10774059 38.36557601 68.54924202 89.88523216
  53.04245808 41.78943483 96.44547525 88.38254529 52.39161896 68.92694881
  76.10321927 77.59134214 75.18155858 88.5398289  60.89634444 63.19647702
  42.01439015 41.37521375 88.55161851 80.11543377 66.08395031]]