[[12.67159103 12.00439293  7.07991492  6.3591732  11.36108303  8.44032789
   9.29846779  7.08927359  6.08642216  6.08632712 12.58200125 10.58294584
  12.74446082 11.78592172  9.14570679  9.28265853 27.85725104  5.89270654
  11.32938421  5.73103043  9.02415725  9.05123904 11.11205376  9.33891585
   8.87781575  6.66827519 14.10173404 20.82225778 23.89449377 15.12616058
  12.53383513 12.97331743  2.76519096  3.02648947  9.62436125]
 [13.16888313 11.9983701   8.04946547  8.4472811   9.8674444  12.32006195
  19.56443889  8.24524242 14.40641547 13.26146822  3.92256759  7.03204777
  17.53496531 19.2538677  19.66267017 18.78683429 10.0884296   3.40949969
  14.64898961 12.13233525  4.37351232  7.19042532 22.92661815 18.71559217
   5.70892128  7.00382232 13.60219992  5.70884953 13.50171131 11.20127163
  14.76767752 14.69204466  2.66195703  5.16089771  2.10080767]
 [ 8.8634906  10.57937847  4.25573195  5.40020098  9.8676832  10.063028
  13.87388594  7.11358767  8.04071212  8.39726138  2.53831035  9.82132163
  13.05272459 10.46198086 12.07776925  9.04404947 12.43006449 11.65536557
  11.20417436  8.66945498 12.56590617 12.21739468 14.51822305 10.14739775
   6.82839974  8.42336751 10.23801151  2.32851317  9.72459491  9.65021823
  11.42082375  9.64534299  4.7787338   4.45376575  5.37134264]
 [ 8.90070482  9.71497295  6.32698335  5.89745425 10.87369877 10.50293713
  12.60254772 10.41050929 10.19643245 10.19565228 11.21845344  9.25544908
  15.543097   11.64972148 14.37420275 11.60377964 17.23734298 14.14612946
  15.56094871 11.08814863 10.17983503  9.06745275 14.26049531 12.04249953
   7.20449514  8.68926019 10.90499826 10.41411967 15.86524824 13.19726671
  14.43228927 15.63442751  4.05916365  2.72454369  9.39855091]
 [ 8.70424487  9.13351093  9.84918232 11.68574049  7.07691439 11.18481223
  15.81998381 14.09956827 13.88383191 13.15957712  9.77308387 10.51446485
  11.09745333 14.70150877 14.19443448 12.39833677 10.13678204  9.11516899
  12.5016698  13.64628246 11.88289224 14.75737614 11.55133244 14.23165148
   8.89698024  9.39419205  8.8876338   9.42824983 11.44022772 11.14343525
  13.60545083 12.77440456  8.89165413  8.7105147   9.30082473]
 [10.23495422  5.29867482  6.0690472   6.43536781 14.09854029 12.70051912
  18.5038112  14.06363536 14.15903951 14.96440439 10.68301971 11.77473477
  17.48565995 14.59496691 18.34206671 15.19943553 19.64351445 12.82729481
  16.96757598 15.18421272 11.44792835 10.1951035  18.86521348 17.16661608
   4.31612321  4.4945446  10.9998935  11.05106674 17.04494409 15.59297463
  18.18253758 15.95659967  4.38037313  4.41927681 11.44170534]
 [ 6.17813766  6.32563117  8.60552391  6.1011421  12.14817734 10.05797395
  12.20825652 12.50451919  8.84178518  9.36643179 13.75649159  7.13928216
  13.20187086  9.73264507 11.99974682 11.94880556  9.79949498  6.76783652
  11.76744416  9.23446061 11.07154323  8.02013591 12.99629423 12.69638304
   8.09874671  6.02352499  6.26221175  7.26835277 13.47121571  9.21106588
  12.72144872  8.7960739   5.52300063  6.41902917  8.27106343]
 [13.18049091 11.3726995  18.68889899 16.12406277 24.79749873 20.33243631
  21.58268901 16.31519969 13.63034495 12.93762913 24.21756435 18.16699981
  21.02536963 18.45272617 21.29937371 18.15829163 42.80038466 16.35479086
  20.00193374 14.11442864 22.74292025 17.36801647 25.38998736 21.43933832
  19.17053479 13.28797907 15.26192245 26.73984611 27.48885708 22.78783111
  21.50939557 19.97485933  4.88932637  5.46493159  8.45388781]
 [14.10285765 13.62278392 14.56051985  6.05239256 18.41530126 12.85699345
  18.25290728 13.61232558 13.43833614 11.30310574 13.41209711 11.8980911
  18.81598724 14.33078907 16.30837356 12.86818199 11.43433517 15.79730756
  12.58031429 11.90746245 17.36037073  9.84745117 19.18870591 14.65604423
  12.49374505  3.73472506 13.95782816 12.28273416 12.3832674  11.83653366
  15.15477617 12.47845249 16.32131209 11.90854738  5.4871074 ]
 [ 4.56835797  3.87591275  7.57288779  5.74488251  7.7073182   7.27753571
   5.72421191  6.12909833  5.51981561  4.64692251  5.32616906  1.29248529
  10.67112072  6.99693685  6.3182935   7.91507659  8.75413976  1.81626989
   7.19937098  4.40786696  4.33943035  2.74079284  5.03945746  5.05645223
   5.87877887  1.48773177  7.36849838  5.72380069  9.73817802  5.90622477
   9.05669515 10.19386648  2.55676767  2.6830449   2.91640522]
 [ 9.35284535  4.90913577  1.19740455  1.40558662  9.12463881 13.49708049
  12.01702449 11.61620105  9.55153176 10.62705137  3.96304397  3.20043824
  15.35700844 15.59936558 14.74510398 14.99047487  9.33017519  1.34618847
  15.12012129 10.64435264  9.92850126  9.57339628 14.48347221 15.54455977
   1.73781818  2.30750754  4.65851938  4.75090327 11.05251889 11.86044484
  17.19256345 14.87935294  0.73227161  1.23366105  4.64783164]
 [18.41297801 17.75835455 17.28979887 14.16419605 22.58827766 20.7430846
  26.32514802 24.32478366 21.52766554 19.44595197 21.22589903 21.35150333
  24.82716764 22.42109844 28.66706347 26.28416494 28.90159436 19.5174886
  29.06545154 22.02064206 21.46076924 18.54383959 26.09641323 19.31786547
  21.98606647 18.69747695 18.7115852  27.28666285 30.64463352 27.0514875
  31.20028396 28.36571089  8.94810608 11.99951297  7.7484231 ]
 [ 7.03095913  7.86812316 13.61684301 10.34471518  6.87178985 12.09635791
  10.12223322  8.04668529  8.12839882  7.34411169  6.6899237  11.55877066
  12.16496193 10.05007388  9.48859243  8.81109949 19.36634083  6.71651043
  10.42601821  9.10929409 15.37798917 11.84712369 12.10525106 10.26041905
   3.54912717 10.40844158  6.65692821 13.37639715 12.25896269 14.39092717
  11.35688992 11.23608723  6.873862    0.73916718  5.39759174]
 [20.01799471 23.47303179 28.19128422 27.43449643 29.97539945 34.19787035
  24.38307614 27.4433822  21.87704509 20.97287542 30.69971923 29.23745641
  26.81335703 32.27126828 23.18491212 23.52930084 48.52989376 30.25347547
  22.92750092 24.23552136 27.49649998 31.23053793 29.19899075 31.72602235
  25.72277236 25.54508253 24.0869648  41.76567012 33.19414951 34.56314962
  25.67209774 21.99000781 16.76895617 18.62288588 16.11355111]
 [10.90914519 13.04490086 11.26983565 13.64995897 12.92528046 15.06568462
  10.4249924   9.82569704  6.78706464  6.94200953 10.96265629 12.63964172
  11.39493649 14.82062142  9.23780018  8.96686009 10.80601846 11.58344867
   7.53198416  7.1620254  11.84351097 15.01128931 11.89827226 13.44164445
  10.92797872 13.5693946  11.38343394 10.78359517 10.35570469 11.55689396
   9.38929489  9.0286328   8.5178689   6.36126115  8.14334522]
 [17.11027112 17.65370287 13.76053646 14.18679592  9.18581494 10.46503215
  14.77615875 12.14310425  9.57959433 10.94921894 15.23698346 17.05760736
  10.468744   15.96257282 15.21241676 15.63817957 23.44663237 12.02951285
  16.41331537 11.42199796  9.66107542  6.35189223 15.54851495 13.14482787
  16.96923863 13.16673624 16.79801953 20.18873491 17.29459649 18.62747652
  17.3370133  18.41498642 10.787991   12.70373053 11.87618462]
 [19.51948654 17.13388084 24.01710831 23.65442429 23.41511891 16.15981134
  15.54881534 12.66760939  8.90617731  9.05173528 23.27607062  9.78936144
  19.29214155 17.24986432 14.898858   14.06274166 20.25938616 13.19520124
  14.99187329  8.81447094 28.40879842 21.66739928 19.08210783 17.26711759
  18.07781476 14.98172757  1.58656807 21.46760704 22.0280886  16.01468911
  17.43512368 17.35961155 15.62497828 15.26608787 11.24874807]
 [11.30327085 11.45556402  6.68450666  7.19054817 15.4012336  11.63188598
  22.63406832 18.93174243 18.88123707 18.53991627 11.93392    12.70518418
  13.22747587 13.16568856 18.56578275 18.13666558 16.02937166 10.77679889
  17.78672996 19.77617603  9.72080704  8.47668133 19.36540159 16.3543508
  11.15585979 12.59050955 11.32983484 12.83546755 16.07951519 15.75317711
  16.11911803 17.29744643 12.57433893  6.97004479 13.03795403]
 [ 8.63620413  8.05810479 20.34621229 27.58265459 32.08058486 31.07987121
  31.66533733 28.61253869 22.18068719 21.06869366 18.16321277 19.41523211
  31.86281855 33.45357209 27.92020317 25.36629603 30.07023718 28.71686037
  19.5982778  21.08552011 27.80508475 31.65965694 34.4629061  29.4505154
  12.93327043 12.69783115  9.7393588  20.15530582 24.70967181 30.04027189
  24.14530671 23.55215883  8.27193799  6.81620253 13.19989478]
 [ 9.19391737 10.06459014  1.01974925  4.36783162  1.26935266  3.46937507
   6.49251835  4.47372234  7.33031788  6.51284876 12.51694522 10.44966312
   8.87755124 11.0516585   9.95065653 10.69396641 16.64168236  2.17126756
  11.65347946  7.63454677  0.87276631  3.90296402  9.35824732  7.44760144
   8.81402704  9.24897242  9.42539856  4.7890387  17.63377337 15.67303092
  13.83502476 14.16392129  3.72422018  8.25498763 10.39106167]]