[[9.68487239e+01 1.26964233e+02 1.92219555e+02 1.31623928e+02
  4.71953414e+01 6.19019493e+01 3.19863937e+01 4.02696007e+01
  3.92084847e+01 3.49117508e+01 4.40672983e+01 4.23389485e+01
  1.50460869e+01 1.22226896e+01 1.69330721e+01 1.80204005e+01
  2.60141243e+01 2.75936333e-28 1.23415026e+01 3.46998741e+01
  6.02242623e+01 4.54271005e+01 2.47468142e+01 2.55358263e+01
  7.22409849e+01 1.23334391e+02 1.08344233e+02 3.81681183e+01
  1.11988353e+01 1.10474261e+01 6.19854224e+00 5.70364154e+00
  2.81937318e+02 2.73214643e+02 4.77885546e+01]
 [4.21923664e+02 4.28963084e+02 1.96911942e+02 1.48214601e+02
  6.51036824e+01 5.95464138e+01 5.65045483e+01 6.83497884e+01
  9.41877374e+01 9.37650008e+01 5.75651156e+01 4.41511732e+01
  1.66544106e+01 1.63669394e+01 3.33916147e+01 4.22694945e+01
  3.04179952e+01 1.56156891e-28 2.55799821e+01 9.44821934e+01
  7.08194600e+01 5.79222982e+01 3.56639212e+01 3.66530437e+01
  1.67196646e+02 1.58105410e+02 4.22529840e+02 1.37453891e+02
  1.53179580e+01 1.04664866e+01 1.19277478e+01 1.36243439e+01
  3.54483240e+02 6.51913544e+02 8.76898731e+00]
 [4.64439996e+01 6.29755643e+01 5.49294027e+01 3.84771019e+01
  2.40093047e+01 2.17142201e+01 2.22847606e+01 3.11110481e+01
  2.71960249e+01 2.67209772e+01 2.15871780e+01 1.17981878e+01
  5.99524677e+00 4.19585733e+00 1.13388519e+01 1.08480643e+01
  1.20603964e+01 4.79361155e-29 8.38881960e+00 2.64341825e+01
  1.79497021e+01 1.46652985e+01 1.38319035e+01 1.20977154e+01
  3.33926266e+01 3.83462716e+01 4.28440046e+01 2.90148297e+01
  6.26884972e+00 5.08100454e+00 3.97098936e+00 3.60399768e+00
  2.79048159e+01 6.05615607e+01 8.85677269e+00]
 [5.88411808e+02 2.22603196e+02 4.63434324e+02 5.49608208e+02
  6.71110699e+01 1.08044191e+02 3.47028212e+01 6.19509140e+01
  4.96280721e+01 4.95442004e+01 5.81748113e+01 5.96158654e+01
  1.25173467e+01 1.89222397e+01 1.74314828e+01 2.87736498e+01
  4.38353012e+01 4.21927044e-28 1.46574463e+01 4.13015709e+01
  7.81766013e+01 1.13472480e+02 2.38784298e+01 4.18825232e+01
  3.29743867e+02 1.71546932e+02 3.37996048e+02 1.35604365e+02
  1.30240493e+01 1.06451761e+01 5.80613871e+00 7.78658232e+00
  8.43658949e+02 1.93257646e+03 1.16725643e+01]
 [1.33149239e+02 3.12042182e+02 1.12040404e+02 1.00066609e+02
  4.86304131e+01 3.80326724e+01 4.39913747e+01 4.89615090e+01
  5.26328651e+01 6.11587482e+01 2.21365474e+01 2.90102454e+01
  1.27229064e+01 8.36373781e+00 2.23118031e+01 2.87811609e+01
  1.67514293e+01 7.03295438e-29 1.68646150e+01 5.23943223e+01
  3.47589830e+01 3.36956164e+01 2.75694675e+01 2.31304637e+01
  5.42407955e+01 7.66213399e+01 1.45499792e+02 4.33406557e+01
  6.61592702e+00 6.93621324e+00 5.66037891e+00 6.28752300e+00
  8.96377247e+01 2.28339019e+02 2.95631133e+01]
 [2.62550488e+01 2.96907870e+01 3.76687633e+01 2.60857872e+01
  2.42469558e+01 1.95863845e+01 2.41536850e+01 2.13261955e+01
  2.95477521e+01 2.49330299e+01 1.53802856e+01 1.10271167e+01
  8.54802450e+00 7.41654791e+00 1.58577729e+01 1.24415466e+01
  1.09649207e+01 2.32654657e-29 1.19018130e+01 2.57206569e+01
  2.26641960e+01 1.35510518e+01 1.49912424e+01 1.25001040e+01
  2.36491291e+01 2.15651382e+01 4.00811493e+01 1.29494325e+01
  8.35382546e+00 6.09618743e+00 7.72742203e+00 7.02595686e+00
  1.61429837e+01 2.75343480e+01 1.24623160e+01]
 [1.49279138e+02 2.55806902e+02 2.79805516e+02 3.99088595e+02
  9.43651443e+01 1.27198646e+02 6.41205040e+01 6.27392184e+01
  1.95847118e+02 9.87694208e+01 5.32985429e+01 6.19762163e+01
  2.58446994e+01 5.25416097e+01 3.45592310e+01 3.60663229e+01
  3.15195931e+01 4.47563627e-28 2.81516802e+01 6.91116264e+01
  4.72140030e+02 1.17886306e+02 4.66152263e+01 6.59494558e+01
  3.63309509e+02 6.77414774e+02 2.28684838e+02 5.89219501e+01
  2.53263316e+01 1.74308690e+01 1.70612216e+01 1.19872981e+01
  7.99382370e+02 1.96773617e+03 1.95986731e+02]
 [5.31197797e+02 4.30403705e+02 2.42047358e+02 4.77378903e+01
  2.59864250e+01 4.63964918e+01 3.20977313e+01 4.38644059e+01
  3.94047335e+01 4.00764530e+01 6.24750998e+01 2.38147560e+01
  1.04224708e+01 1.12132956e+01 1.73361381e+01 2.46493797e+01
  3.39163877e+01 1.75286635e-28 1.82539639e+01 4.02281946e+01
  3.51629225e+01 2.27228967e+01 1.84241098e+01 2.52022073e+01
  2.50841876e+02 1.05238672e+02 4.21185326e+02 1.58502074e+02
  1.19145897e+01 7.36765173e+00 5.81522327e+00 9.31560388e+00
  3.34324955e+02 5.57468999e+02 8.88549738e+01]
 [1.18327931e+03 1.07374190e+03 7.92960189e+01 1.30354780e+02
  3.60770853e+01 2.37334685e+01 5.62264354e+01 5.52240420e+01
  1.02622680e+02 8.60788246e+01 5.27793330e+01 6.23202948e+01
  1.04460113e+01 6.59082748e+00 3.03463529e+01 2.55986304e+01
  6.28635059e+01 2.61025014e-28 2.20897130e+01 9.49523359e+01
  3.24158513e+01 3.56074525e+01 2.51352113e+01 1.97891225e+01
  2.26462002e+02 2.48489083e+02 9.19904687e+02 2.10234989e+02
  1.29389169e+01 1.28419516e+01 1.01124399e+01 7.91302147e+00
  6.29971616e+02 3.05481346e+03 3.27205560e+01]
 [5.06163254e+02 3.30775869e+02 1.24617202e+02 6.74713134e+02
  1.01855260e+02 1.37032008e+02 7.15970921e+01 1.05918924e+03
  1.50105660e+02 5.85221677e+02 7.34209362e+01 2.75719394e+03
  1.55982429e+01 2.63763239e+01 2.88513276e+01 6.60830564e+01
  1.69541794e+01 9.33767588e-28 1.14871628e+02 8.16876461e+02
  4.96311393e+02 8.59131591e+02 5.37779783e+02 5.48172972e+02
  1.21697064e+02 2.55448360e+03 3.00510945e+02 9.71551959e+01
  7.64744154e+00 1.21808760e+02 7.15034954e+00 1.40778661e+01
  3.85659203e+02 1.24724855e+02 9.72597965e+01]
 [3.13476206e+01 4.21331677e+01 5.45284422e+01 5.00149276e+01
  6.17333561e+01 3.60698825e+01 4.00198187e+01 3.23218672e+01
  4.01061855e+01 3.48996876e+01 1.95569148e+01 2.06595481e+01
  8.48929697e+00 1.03335583e+01 2.05909271e+01 1.58975508e+01
  1.60966611e+01 1.34596609e-28 1.10614878e+01 3.64747919e+01
  3.14602866e+01 2.73558345e+01 2.59200031e+01 2.15453564e+01
  2.97634974e+01 3.18865760e+01 3.75307814e+01 2.52713404e+01
  7.56249145e+00 6.27624275e+00 6.25242328e+00 6.87901666e+00
  2.82145939e+01 1.85900203e+01 1.43054496e+01]
 [4.79593512e+01 5.44531343e+01 6.52748327e+01 9.52220765e+01
  4.06757379e+01 4.42973199e+01 2.60314227e+01 2.24984376e+01
  3.58416481e+01 3.29061199e+01 2.40879817e+01 2.30409682e+01
  1.19746175e+01 8.65316403e+00 1.92629875e+01 1.25879461e+01
  1.78258958e+01 1.20697613e-28 1.03998806e+01 2.64225332e+01
  3.05417983e+01 3.52392812e+01 2.38390293e+01 2.37459026e+01
  2.58579076e+01 6.56079503e+01 5.60796078e+01 2.56714381e+01
  6.60727071e+00 8.45208008e+00 5.94348282e+00 4.88216833e+00
  1.68482469e+02 5.41856726e+01 2.20616691e+01]
 [1.91142464e+02 2.13181784e+02 1.60461292e+02 1.05089616e+02
  4.02602460e+02 3.06936044e+01 5.48556870e+01 2.37977099e+01
  1.92766873e+01 1.93647569e+01 6.16174313e+01 3.01834925e+01
  1.37514619e+01 7.95616760e+00 2.42900068e+01 1.08161203e+01
  9.88538220e+00 1.79471013e-27 1.15414036e+01 2.92218767e+01
  3.02363388e+01 2.64995200e+01 2.38430214e+01 1.65166665e+01
  4.31487134e+02 3.67554151e+01 3.22457414e+02 8.39951564e+01
  9.43180906e+00 5.47545873e+00 5.87199548e+00 3.55807205e+00
  1.06480181e+03 1.16497798e+03 3.31328595e+02]
 [8.54029444e+02 1.15241529e+03 3.06843217e+02 3.16679739e+02
  1.63791778e+02 1.30469175e+02 1.27789617e+02 1.16470058e+02
  1.27546112e+02 1.27129751e+02 1.88241664e+02 2.06153078e+02
  3.61888197e+01 4.20977345e+01 7.63882671e+01 5.62746276e+01
  1.80563884e+02 4.85646690e-28 5.70952460e+01 1.22940895e+02
  1.45197893e+02 1.26786510e+02 9.72582477e+01 7.73014119e+01
  3.32291644e+02 4.22100529e+02 7.74822692e+02 2.94951309e+02
  6.08057767e+01 7.78283066e+01 2.92449701e+01 1.99982770e+01
  6.02092557e+02 6.81687496e+02 2.92241984e+01]
 [1.29808544e+03 1.02437991e+03 5.94276183e+02 2.92847179e+02
  6.81666545e+01 4.39672171e+01 5.46893733e+01 6.80256086e+01
  7.26781881e+01 7.83677882e+01 5.72400580e+01 9.08681311e+01
  1.20936684e+01 1.10310660e+01 3.24010293e+01 3.17519441e+01
  4.14125242e+01 6.78004355e-27 2.04722622e+01 6.91568285e+01
  5.55863209e+01 3.91373064e+01 3.50358174e+01 2.90916119e+01
  1.15582051e+03 8.55020279e+02 1.82959758e+03 9.09972312e+02
  1.47575305e+01 1.35034828e+01 1.08794945e+01 7.22490773e+00
  1.46370385e+03 1.02513218e+03 7.74229389e+01]
 [3.90850975e+02 4.75854115e+02 9.81152020e+01 6.85683570e+01
  3.95663773e+01 2.71499106e+01 3.58916754e+01 3.76722558e+01
  6.13720581e+01 5.60217700e+01 5.13095080e+01 4.41977982e+01
  8.72843450e+00 7.46385416e+00 2.14832061e+01 2.28959801e+01
  4.49821982e+01 1.76195924e-29 1.82330930e+01 5.92349600e+01
  5.05204199e+01 4.87938109e+01 2.20984856e+01 8.71516544e+01
  1.59377138e+02 1.71993937e+02 3.99146290e+02 1.48374399e+02
  1.68013645e+01 9.74448934e+00 8.16015760e+00 7.59233106e+00
  1.26201999e+02 3.75318968e+02 8.98691551e+01]
 [4.83885258e+01 5.24693334e+01 3.40472400e+01 3.89433614e+01
  2.13552977e+01 1.78880434e+01 2.49199241e+01 2.70461244e+01
  3.16561959e+01 2.96857259e+01 8.65865823e+00 1.18907799e+01
  9.27297350e+00 8.34632934e+00 1.62239688e+01 1.06143937e+01
  1.13895562e+01 9.88945199e-30 9.65448199e+00 3.31480159e+01
  1.49138402e+01 1.43439412e+01 1.59074400e+01 1.35027489e+01
  1.88620458e+01 3.66061620e+01 2.86382498e+01 1.04501473e+01
  3.81783095e+00 2.95613757e+00 5.52725524e+00 4.01004862e+00
  3.13492199e+01 3.27965283e+01 3.72833847e+01]
 [9.92545755e+02 1.11267442e+03 8.90578604e+01 1.26524031e+02
  4.36783576e+01 4.20159030e+01 3.48732877e+01 3.81625132e+01
  5.89737024e+01 6.54432046e+01 3.47600293e+01 6.51227144e+01
  9.92943340e+00 9.77140283e+00 2.42215225e+01 2.26771200e+01
  3.92495466e+01 3.14403917e-28 2.35643984e+01 6.26074694e+01
  2.81993722e+01 3.35517106e+01 2.16050097e+01 1.89372146e+01
  1.78675907e+02 2.64611580e+02 6.19268436e+02 1.77892544e+02
  1.08143536e+01 1.07713617e+01 1.03395169e+01 9.23585527e+00
  5.67014712e+02 3.78703592e+02 7.34494773e+01]
 [6.04848494e+02 6.41818979e+02 1.47220649e+02 6.40197032e+01
  4.31309161e+01 5.97627197e+01 7.18477849e+01 8.15743085e+01
  1.00747886e+02 1.04532665e+02 6.80743212e+01 5.04638502e+01
  9.91531853e+00 8.82252832e+00 3.48360677e+01 4.14854531e+01
  4.75618940e+01 4.16189657e-28 2.77138603e+01 1.03684168e+02
  3.95885982e+01 2.76803759e+01 2.84034930e+01 4.33209756e+01
  2.22032689e+02 1.64084850e+02 5.12691037e+02 1.35546088e+02
  1.81081285e+01 1.33718942e+01 1.12843014e+01 1.90535901e+01
  2.40662089e+02 4.84737350e+02 3.82344118e+01]
 [2.48575270e+03 4.06624303e+03 8.99852342e+03 3.26659694e+03
  5.58498925e+03 1.99267254e+03 3.41759621e+02 1.27435266e+03
  6.73601029e+02 5.77704991e+02 2.22713236e+02 4.48358961e+02
  5.79931630e+02 4.22807200e+01 3.13087597e+02 1.37414896e+02
  7.08077600e+02 6.01461954e-26 9.49335042e+01 5.19515278e+02
  4.33379696e+03 1.29631498e+03 6.82256918e+02 1.15860600e+03
  9.76983997e+02 1.14272111e+03 2.06932448e+03 1.28120049e+03
  1.15338758e+02 6.45423703e+01 4.81131924e+01 2.89818957e+01
  1.03461781e+03 1.07999144e+03 2.01497579e+02]]