[[2.09114574e+00 2.15675634e+00 1.74587834e+00 1.68884627e+00
  2.06886258e+00 1.49542134e+00 1.63065185e+00 1.62306121e+00
  1.67982004e+00 1.61261544e+00 1.05249965e+00 1.30114635e+00
  2.68344557e+00 6.29202272e-01 1.02526868e+00 9.38615746e-01
  6.44983712e-01 4.51192330e-30 6.94180593e-01 1.60794005e+00
  2.89721419e+00 1.71743449e+00 1.47685162e+00 1.15739645e+00
  1.23216104e+00 1.81979531e+00 1.80400735e+00 8.40253619e-01
  4.06559828e-01 4.10174453e-01 4.47710833e-01 3.17841060e-01
  2.57433143e+00 1.81500310e+00 1.98362994e+00]
 [2.91860638e+01 3.41799758e+01 4.84253631e+00 7.37521131e+00
  2.80789780e+00 8.58577683e+00 1.35515825e+00 1.82376353e+00
  1.99783441e+00 3.65708199e+00 5.50844090e+00 9.03907971e+00
  1.19095659e+00 1.56306341e+00 7.93900651e-01 8.55962124e-01
  1.85311397e+00 4.97231453e-30 5.58546394e-01 2.93357588e+00
  5.47888492e+00 6.23239213e+00 9.85331188e-01 9.58547445e-01
  1.85067928e+01 1.63926738e+01 3.15657917e+01 1.22909216e+01
  7.06992189e-01 1.00977689e+00 3.63469601e-01 3.20033641e-01
  2.46786097e+01 2.28834080e+01 1.05885366e+00]
 [9.57794693e+00 3.07026250e+01 4.54291371e+00 6.08030529e+01
  1.93211376e+00 1.71219325e+00 1.67621620e+00 1.98560461e+00
  2.05814685e+00 2.53564049e+00 3.13418780e+00 8.17442925e+00
  8.53027135e-01 1.56634382e+00 1.20361077e+00 1.27416317e+00
  1.79078444e+00 8.59875646e-30 8.44914681e-01 2.22430103e+00
  2.17382932e+00 5.18810024e+01 1.22992156e+00 1.38757573e+00
  1.14914716e+01 6.25668837e+01 1.18715836e+01 8.06642628e+00
  4.51486070e-01 9.99048522e-01 5.04793368e-01 4.69983534e-01
  6.46680209e+00 4.70408372e+01 1.39895708e+00]
 [2.80976173e+02 8.91447307e+01 2.04286101e+01 1.15142931e+01
  1.44362717e+01 4.05912554e+01 6.25649893e+00 4.17292316e+00
  8.25797217e+00 5.47180834e+00 2.08179000e+01 3.68313937e+01
  1.09760800e+00 1.12589153e+00 2.06483362e+00 2.18769852e+00
  9.44767029e+00 7.50418004e-30 1.64385910e+00 6.33805933e+00
  4.35562195e+00 1.04247919e+01 3.40355294e+00 7.52394169e+00
  1.43195692e+02 8.34304556e+01 9.27885770e+01 6.59794756e+01
  3.74515290e+00 3.46783521e+00 6.39338485e-01 7.25004907e-01
  1.96229918e+02 7.27705912e+01 2.05503024e+00]
 [4.08563477e+01 1.00010241e+02 3.44124858e+01 1.53362757e+01
  1.33226930e+01 1.15772287e+01 4.53621370e+00 4.64919726e+00
  5.00795292e+00 6.63821180e+00 1.25458053e+01 1.35271452e+01
  3.53193154e+00 2.09691769e+00 1.90593206e+00 2.24718191e+00
  4.76764473e+00 1.46052290e-29 1.47277138e+00 5.56906930e+00
  1.16267041e+01 1.03050373e+01 3.18309524e+00 3.09952427e+00
  5.08256002e+01 6.50804200e+01 5.61496303e+01 1.86729552e+01
  2.16319488e+00 2.32146105e+00 7.36765758e-01 6.95787156e-01
  3.02885179e+01 9.79266054e+01 4.18826964e+00]
 [8.93151743e+00 3.89466386e+01 1.03180460e+01 3.71477578e+01
  2.87122361e+00 2.23098729e+00 1.05947886e+00 9.47633091e-01
  1.44615140e+00 1.26581919e+00 7.51600672e+00 3.11998624e+00
  7.03210481e-01 3.90482739e-01 5.95478221e-01 5.54332781e-01
  8.63422972e-01 1.27116309e-29 3.97075953e-01 1.40271123e+00
  6.23604868e+00 1.90287566e+00 1.06729927e+00 5.95043818e-01
  2.71307533e+01 6.44058499e+00 5.60564145e+00 2.13193629e+00
  5.46271548e-01 3.54583261e-01 3.48301430e-01 2.35697568e-01
  2.24684181e+01 6.85382518e+01 1.79861731e+00]
 [6.45880959e+00 6.30989101e+00 4.22765970e+00 5.46175292e+00
  4.72278039e+00 5.61502226e+00 3.28647601e+00 3.93846699e+00
  3.99640638e+00 3.40046904e+00 1.65770669e+00 1.62593202e+00
  1.49966167e+00 1.97713292e+00 1.44424499e+00 1.71160569e+00
  1.20954808e+00 1.17901707e-29 1.03529060e+00 3.73522631e+00
  2.95915724e+00 2.16575598e+00 2.16733362e+00 3.50434420e+00
  3.93118658e+00 3.42019029e+00 6.46740301e+00 2.32499339e+00
  8.49526205e-01 7.10633898e-01 6.69965618e-01 6.11758289e-01
  1.41059405e+01 6.80534511e+00 7.31243118e+00]
 [1.42931919e+01 1.78151531e+01 4.60388298e+00 1.93850362e+00
  4.75263782e+00 3.33530342e+00 3.49974173e+00 3.77199288e+00
  8.32877296e+00 2.14181420e+00 3.81002466e+00 6.66369483e+00
  6.13186633e-01 7.89347945e-01 1.00114214e+00 8.74466656e-01
  1.60394168e+00 9.46318771e-30 6.45426867e-01 4.93550772e+00
  1.98235621e+00 4.21453920e+00 1.09215236e+00 2.07438593e+00
  1.35232249e+01 1.56000384e+01 1.31575243e+01 9.33267899e+00
  4.53998747e-01 5.06584885e-01 3.39954588e-01 3.14884870e-01
  1.43557172e+01 1.41984822e+01 9.77166944e+00]
 [8.62634175e+01 8.20671627e+01 9.61282725e+00 7.36701363e+00
  1.69717306e+00 7.85551116e-01 1.62152224e+00 1.60830626e+00
  2.68882948e+00 2.63199895e+00 3.76845853e+00 2.63382417e+00
  8.56806994e-01 3.35851116e-01 7.67736674e-01 8.34502085e-01
  3.57997904e+00 2.54384842e-30 6.20905310e-01 2.46085970e+00
  3.82672707e+00 1.18513072e+00 8.31618739e-01 6.75579182e-01
  2.07257266e+01 1.58960966e+01 6.58125477e+01 1.42589879e+01
  7.74815339e-01 5.25004406e-01 3.02356686e-01 3.13314739e-01
  5.10925392e+01 2.60814559e+01 1.66833938e+00]
 [4.33352878e+01 3.82770267e+00 8.64199619e+00 5.52976333e+00
  1.71532957e+00 1.08182683e+00 1.55458678e+00 1.74849510e+00
  2.65620183e+00 1.99954023e+00 5.20829917e+00 1.05991794e+00
  5.35817849e-01 4.25994242e-01 7.13492177e-01 7.53143537e-01
  9.44729701e-01 2.02900087e-29 6.91615614e-01 2.34210910e+00
  4.18099428e+00 1.60154987e+00 9.84211107e-01 9.90939585e-01
  1.80973087e+01 1.89927194e+00 6.00136374e+00 2.33097185e+00
  6.28182586e-01 3.51626090e-01 2.59949899e-01 3.09484145e-01
  1.87043884e+01 2.07521574e+00 1.05813800e+01]
 [1.12648778e+00 2.59010594e+00 1.85188243e+00 1.83355244e+00
  1.45939106e+00 1.60363398e+00 2.15261706e+00 3.89582536e+00
  4.49733886e+00 3.69999045e+00 1.09213863e+00 1.40287603e+00
  5.84943618e-01 6.20228659e-01 9.93104046e-01 9.29361012e-01
  5.48015468e-01 5.13144716e-30 5.79855855e-01 3.52861181e+00
  1.35329435e+00 1.20770450e+00 1.02791496e+00 9.28054402e-01
  1.48437723e+00 1.76270946e+00 2.90571624e+00 8.66248181e-01
  3.14941408e-01 3.75552074e-01 4.00278008e-01 4.28826519e-01
  4.07395015e+00 1.48353697e+00 9.34580974e-01]
 [9.01146263e+00 7.78710190e+00 3.15002625e+00 3.58148602e+00
  6.65300202e+00 1.18036304e+01 2.53025534e+00 3.33313802e+00
  2.33403714e+00 2.42342033e+00 1.62660547e+00 1.83209401e+00
  9.31413735e-01 1.71687117e+00 1.27705560e+00 1.19868308e+00
  1.06031320e+00 7.03507187e-30 7.71768710e-01 2.21627320e+00
  4.41197704e+00 5.80966132e+00 1.80576309e+00 4.35181869e+00
  3.66716006e+00 4.29755560e+00 1.00062950e+01 2.05831264e+00
  5.95235991e-01 6.85421545e-01 4.90572458e-01 4.29950558e-01
  1.40472053e+01 5.31221423e+00 4.00238460e+00]
 [5.81898335e+00 6.19201955e+00 3.34523560e+00 3.11949534e+00
  2.02722030e+00 2.17983999e+00 2.57280319e+00 3.37219407e+00
  5.69989042e+00 6.39733144e+00 2.07318668e+00 1.94174413e+00
  1.01109035e+00 8.23001746e-01 1.73290743e+00 1.53106790e+00
  1.23216668e+00 6.42662043e-30 1.07217873e+00 5.32848799e+00
  2.72002044e+00 1.99538661e+00 1.63083350e+00 1.70353524e+00
  3.17405770e+00 2.72846269e+00 4.70717068e+00 2.14166656e+00
  7.52080288e-01 6.63228614e-01 7.50962566e-01 4.85901062e-01
  4.42740543e+00 3.05669250e+00 6.09878761e+00]
 [1.01977191e+02 1.86909470e+02 9.44214578e+00 1.59174144e+01
  3.41982418e+00 3.47783752e+00 3.37293573e+00 4.02472264e+00
  4.14344337e+00 4.95749973e+00 1.03227014e+01 8.41994073e+00
  1.11769956e+00 1.72486063e+00 2.24495222e+00 2.56870404e+00
  6.43000627e+00 3.08734904e-29 1.74615944e+00 4.49166780e+00
  4.10022223e+00 3.24363095e+00 2.13574026e+00 3.61258813e+00
  3.22247727e+01 5.54006317e+01 9.65889740e+01 1.82596679e+01
  1.93446569e+00 2.07882456e+00 7.60467441e-01 1.01645908e+00
  1.39970406e+02 1.26725847e+02 3.20039720e+00]
 [1.87377710e+01 2.57408799e+01 2.30672781e+00 3.31647000e+00
  2.74706447e+00 1.21672098e+00 1.70898552e+00 1.72300459e+00
  2.39061930e+00 2.27368741e+00 1.19865993e+00 2.17746323e+00
  4.69681689e-01 4.40085852e-01 1.05327128e+00 8.62792011e-01
  1.32752949e+00 9.36655778e-29 5.55549569e-01 2.06792018e+00
  9.41072707e-01 1.00811498e+00 1.02884329e+00 9.25963374e-01
  5.42402851e+00 1.36625916e+01 1.94800468e+01 5.22196136e+00
  4.64443834e-01 5.43509064e-01 4.44821882e-01 2.71419883e-01
  1.86675210e+01 1.68598777e+01 4.33216375e+00]
 [1.22892591e+01 1.58169823e+01 9.76618830e+00 3.83335738e+00
  2.94716498e+00 3.55754107e+00 1.97678078e+00 1.53083040e+00
  1.62262410e+00 1.54474714e+00 4.13767459e+00 3.34272340e+00
  8.36269630e-01 7.54127949e-01 9.26978445e-01 8.80718092e-01
  1.64085070e+00 7.72961738e-31 5.43062868e-01 1.52627964e+00
  3.52747767e+00 2.55137184e+00 1.66928183e+00 1.74916920e+00
  5.47373121e+00 7.26202524e+00 1.29386989e+01 4.63867672e+00
  7.80814377e-01 6.22555481e-01 3.63737619e-01 3.71082109e-01
  4.49360420e+00 1.11054908e+01 6.69694889e+00]
 [6.10511158e+00 7.41553818e+00 5.16338502e+00 5.38515607e+00
  8.41779045e+00 5.48194534e+00 2.09132241e+00 2.23784354e+00
  4.59085708e+00 5.16795206e+00 4.71257034e+00 6.21671796e+00
  2.14672638e+00 1.31971114e+00 1.05130238e+00 1.15214114e+00
  7.26914951e-01 2.35789225e-30 5.64717764e-01 5.34268700e+00
  8.84572474e+00 3.94130020e+00 2.32750961e+00 5.48639719e+00
  3.13834423e+01 1.60447206e+01 8.61485972e+00 1.99175915e+00
  6.96620308e-01 4.07049534e-01 4.10062681e-01 3.49596117e-01
  1.01336956e+01 3.14572123e+00 6.19558415e+00]
 [4.15886121e+01 4.34656928e+01 4.01735848e+00 6.11209206e+00
  6.22287859e+00 6.40280146e+00 3.28546270e+00 6.50325664e+00
  3.86293799e+00 4.24166620e+00 1.62848720e+00 3.43339927e+00
  1.56005589e+00 1.11018169e+00 1.89194818e+00 2.15699697e+00
  1.76222516e+00 2.72330861e-29 1.18686871e+00 4.03394664e+00
  2.30435926e+00 2.66415080e+00 2.42674510e+00 3.58149553e+00
  7.42041199e+00 1.01138475e+01 2.58023893e+01 7.45581147e+00
  6.00524748e-01 8.35231330e-01 8.05173127e-01 7.30408839e-01
  2.19452147e+01 1.51184141e+01 5.87668329e+00]
 [4.06407953e+01 8.50428157e+01 1.19259742e+01 6.52954121e+00
  6.83078756e+00 3.27980765e+00 3.78495881e+00 4.05014954e+00
  2.36948486e+00 2.47162094e+00 3.70043927e+00 9.61964406e+00
  5.62091234e-01 7.36759933e-01 9.99239106e-01 9.90029161e-01
  2.43519606e+00 2.02460337e-29 7.01158679e-01 2.46692327e+00
  6.98329972e+00 6.39675064e+00 1.17546650e+00 1.39096193e+00
  1.23168210e+01 4.17889261e+01 4.58494762e+01 9.08449738e+00
  9.20977792e-01 9.93935435e-01 3.65943369e-01 3.60748172e-01
  2.68099556e+01 3.51500797e+01 6.06906735e+00]
 [3.52955316e+01 6.77885110e+01 7.25796274e+00 1.01114109e+01
  2.92795128e+01 2.06998664e+01 1.02249125e+01 7.17486955e+00
  5.93922304e+00 4.89183136e+00 3.19270911e+00 6.19599877e+00
  2.42986103e+00 2.21993327e+00 2.86588624e+00 2.35198695e+00
  3.91949065e+00 1.80157916e-28 1.48836206e+00 5.03961186e+00
  8.00120251e+00 2.01977798e+01 5.02097179e+00 4.67755834e+00
  1.01028627e+01 1.79275772e+01 4.14912112e+01 1.06306721e+01
  1.49179653e+00 1.86672918e+00 1.12343867e+00 7.62633310e-01
  2.35376943e+01 1.41283402e+01 2.62968138e+01]]