[[9.66707279e+00 9.58210166e+00 1.06079829e+01 9.74675890e+00
  1.41635894e+01 1.51142002e+01 2.48158500e+01 2.91174762e+01
  3.68971660e+01 2.76328013e+01 4.98485764e+00 5.01755978e+00
  5.79836234e+00 5.62697685e+00 1.70187932e+01 1.69539197e+01
  3.03724040e+00 5.06315429e-29 1.22231626e+01 2.99191099e+01
  8.15615616e+00 8.20180075e+00 1.45179411e+01 1.58568900e+01
  7.10125014e+00 7.63976238e+00 9.81714112e+00 5.44232097e+00
  1.81773273e+00 1.56798480e+00 5.77243679e+00 4.83179780e+00
  3.04410083e+00 2.16228686e+00 4.43249113e+00]
 [4.79227551e+01 5.40427315e+01 5.98225862e+00 1.11370275e+01
  8.63861043e+00 6.64232170e+00 1.21573504e+01 1.04857274e+01
  1.86061943e+01 1.35363398e+01 4.41077815e+00 6.82215371e+00
  1.09453427e+01 5.99654541e+00 1.02010285e+01 5.58581880e+00
  3.78145295e+00 1.65200774e-29 3.91434258e+00 1.51430715e+01
  5.01930624e+00 5.74082036e+00 1.22085337e+01 5.97332300e+00
  1.31393200e+01 2.05206719e+01 5.02066268e+01 1.71553038e+01
  1.88617759e+00 1.82063698e+00 4.81718054e+00 2.21934654e+00
  4.42284212e+01 3.20737650e+01 1.08599775e+00]
 [8.37284527e+00 1.11758445e+01 6.95491649e+00 9.31524421e+00
  7.23850345e+00 1.03395172e+01 1.14671161e+01 1.49332240e+01
  2.73968963e+01 2.09147083e+01 4.04959914e+00 3.47348271e+00
  4.04010401e+00 6.58422015e+00 1.29601701e+01 1.37495158e+01
  2.79764318e+00 2.01744746e-29 8.70124371e+00 2.14188738e+01
  4.30853394e+00 7.55039962e+00 9.30496854e+00 1.62364028e+01
  6.95467778e+00 1.06061853e+01 8.65484086e+00 5.17666686e+00
  1.72964547e+00 1.68341788e+00 7.82988695e+00 4.84492479e+00
  3.77400622e+00 6.78527852e+00 2.05534701e+00]
 [1.38791270e+02 1.29569521e+02 5.71914159e+01 6.63114218e+01
  6.29597228e+01 8.99895636e+01 8.23293046e+01 1.41610056e+02
  1.13959423e+02 1.27911223e+02 3.08916415e+01 3.71613958e+01
  7.23606345e+00 1.76288666e+01 3.71244882e+01 5.97034469e+01
  2.58270777e+01 1.27033065e-29 2.86162100e+01 1.04739588e+02
  2.86224042e+01 4.64875096e+01 3.72004760e+01 6.93214474e+01
  7.48969538e+01 6.50559115e+01 1.04068824e+02 6.16417295e+01
  1.19663276e+01 1.22221455e+01 1.40844791e+01 1.18078023e+01
  9.18426170e+01 6.22082448e+01 5.21836544e+00]
 [2.63189748e+01 3.97836736e+01 1.51124130e+01 1.48051383e+01
  1.40089599e+01 1.80265090e+01 2.41976301e+01 3.34583306e+01
  2.62678052e+01 2.39197889e+01 6.18497512e+00 7.19919057e+00
  7.05860268e+00 7.02552759e+00 1.59842423e+01 1.58004341e+01
  5.54871326e+00 2.27049495e-29 8.76472792e+00 2.25415627e+01
  7.22832809e+00 9.41486689e+00 1.45836061e+01 1.52200842e+01
  1.36477570e+01 1.75089828e+01 2.60356158e+01 1.02539221e+01
  2.67683389e+00 2.66292374e+00 6.60621630e+00 4.25388996e+00
  1.22198676e+01 2.64933146e+01 2.16711654e+00]
 [4.70170701e+00 5.16745642e+00 5.11316138e+00 5.17022145e+00
  4.78609150e+00 5.07051419e+00 6.20713809e+00 7.29564336e+00
  9.11991890e+00 8.35570590e+00 2.68924739e+00 2.11223046e+00
  2.49634355e+00 2.57331814e+00 3.96453363e+00 4.51273599e+00
  1.50348482e+00 5.94975358e-30 2.92384990e+00 8.63014378e+00
  3.88898632e+00 3.30506011e+00 3.65237232e+00 4.76025493e+00
  3.84482989e+00 3.31167621e+00 4.49820619e+00 2.28080183e+00
  1.26059771e+00 8.74023429e-01 1.79596691e+00 1.43858270e+00
  2.04684396e+00 3.02805278e+00 3.07489171e+00]
 [3.37070850e+01 3.30437878e+01 1.29519281e+01 2.19211129e+01
  1.42085226e+01 1.74498213e+01 3.08295861e+01 3.52692300e+01
  6.99115828e+01 7.75258306e+01 8.24130304e+00 9.93661873e+00
  5.86083245e+00 7.09728250e+00 2.60210216e+01 3.09416815e+01
  7.79502073e+00 8.77703898e-29 3.22273927e+01 7.13911222e+01
  1.33954856e+01 1.03087676e+01 1.55045635e+01 1.80927952e+01
  2.36612963e+01 2.07429907e+01 3.25280802e+01 1.46946195e+01
  4.39402042e+00 3.92293566e+00 1.07687452e+01 9.20458185e+00
  3.32632029e+01 1.79595539e+01 6.36125939e+00]
 [1.94842577e+01 1.68128481e+01 1.19144438e+01 7.64549767e+00
  8.32676376e+00 8.42689704e+00 1.17585443e+01 1.50874903e+01
  1.65651457e+01 1.31512829e+01 6.74688558e+00 5.67563652e+00
  4.67266274e+00 4.86749770e+00 9.42664715e+00 9.84419444e+00
  4.80533144e+00 4.55339842e-29 5.72298087e+00 1.40187474e+01
  6.62345354e+00 5.55122115e+00 7.96606429e+00 8.06279868e+00
  1.30069040e+01 9.66047881e+00 1.61910424e+01 9.41221908e+00
  2.36308273e+00 2.05902249e+00 4.35036471e+00 3.81831037e+00
  1.30503448e+01 1.30115418e+01 6.76788055e+00]
 [1.03395582e+02 9.10500349e+01 1.47511766e+01 1.27169492e+01
  1.26699420e+01 1.06169720e+01 2.19478302e+01 3.52497208e+01
  3.19889287e+01 3.54718070e+01 9.31787472e+00 7.50261929e+00
  4.10817928e+00 2.77385492e+00 1.08561407e+01 1.32460549e+01
  7.36119351e+00 3.98388211e-29 8.94578962e+00 2.91569518e+01
  8.76010466e+00 5.74795914e+00 1.00586212e+01 1.01009697e+01
  2.32409807e+01 2.34690570e+01 7.76683337e+01 2.09212947e+01
  2.85935298e+00 2.00361666e+00 3.47085020e+00 3.49949219e+00
  5.53977151e+01 5.37873439e+01 4.75016043e+00]
 [8.14918043e+00 4.93427259e+00 3.57438989e+00 4.13017385e+00
  2.75483998e+00 2.89428678e+00 4.99176385e+00 7.28269859e+00
  9.12670370e+00 9.93051820e+00 1.71635200e+00 4.31242018e+00
  1.12464001e+00 1.30651408e+00 3.21661785e+00 4.10113429e+00
  1.00178364e+00 1.45383250e-29 3.07452026e+00 9.90154867e+00
  3.71590395e+00 3.18274377e+00 3.08151291e+00 3.71063158e+00
  4.12701342e+00 3.55419917e+00 5.10965328e+00 2.12231543e+00
  6.48653085e-01 1.02533644e+00 1.10125569e+00 1.10773711e+00
  3.19607805e+00 1.10167341e+00 4.31962120e+00]
 [1.34577048e+01 1.46960348e+01 2.19737040e+01 1.71645207e+01
  3.52860476e+01 2.22916318e+01 4.62566671e+01 3.11905656e+01
  2.79870181e+01 2.58492728e+01 7.50132502e+00 6.11699724e+00
  8.89494098e+00 7.65962066e+00 1.52094719e+01 1.52990580e+01
  4.27670383e+00 9.26390296e-29 8.99957048e+00 2.42095794e+01
  1.57643495e+01 1.08990281e+01 2.20101517e+01 1.54365281e+01
  1.03306837e+01 1.14243272e+01 1.32040417e+01 7.19213634e+00
  3.02326301e+00 2.38450255e+00 4.53103425e+00 4.82882006e+00
  5.83263443e+00 4.23644777e+00 3.54606703e+00]
 [7.90624335e+00 8.03122837e+00 6.73099502e+00 7.49142354e+00
  7.71803479e+00 9.15381625e+00 8.81604491e+00 9.33644183e+00
  1.46597041e+01 1.37223222e+01 3.91577718e+00 3.77464619e+00
  2.35637543e+00 2.96017988e+00 5.63951699e+00 5.28975203e+00
  3.30881654e+00 3.19003470e-29 3.63990740e+00 1.20488404e+01
  5.76183724e+00 6.34759225e+00 5.42976583e+00 6.08899955e+00
  4.73622011e+00 4.70979326e+00 8.29670301e+00 4.36045541e+00
  2.12316478e+00 1.84820830e+00 2.03525850e+00 1.75326615e+00
  9.87246186e+00 6.26590143e+00 3.45181485e+00]
 [2.01309518e+01 2.22215958e+01 1.01536442e+01 1.04830241e+01
  1.13488074e+01 9.44631951e+00 2.21788949e+01 1.91653613e+01
  3.12796907e+01 2.57892286e+01 6.03761426e+00 7.23158535e+00
  5.26185906e+00 3.67940266e+00 1.70480923e+01 1.21174265e+01
  5.37185287e+00 1.75371980e-29 8.50042016e+00 2.33100104e+01
  6.52590482e+00 6.63066037e+00 1.26852144e+01 1.01008866e+01
  1.05849801e+01 1.12545204e+01 1.78330354e+01 8.97514386e+00
  2.59644613e+00 2.73763894e+00 6.42996580e+00 3.07597688e+00
  1.10751675e+01 7.38494576e+00 1.41621478e+01]
 [1.18996563e+02 1.26570987e+02 6.55449392e+01 6.00136003e+01
  6.87133556e+01 5.94758162e+01 1.40278622e+02 1.49672143e+02
  1.30275557e+02 1.48825619e+02 4.02793552e+01 4.16740802e+01
  1.73787153e+01 2.32497874e+01 9.37158371e+01 7.54269641e+01
  3.65579556e+01 1.20803878e-28 5.49335126e+01 1.08973819e+02
  4.13601212e+01 3.81130899e+01 6.76210845e+01 6.24486068e+01
  6.44223408e+01 6.90080489e+01 1.07359674e+02 5.70507093e+01
  1.57857061e+01 1.65075812e+01 2.99172484e+01 2.61251633e+01
  6.55818426e+01 4.24294903e+01 4.40045172e+00]
 [1.06060833e+02 1.37596928e+02 3.78615414e+01 4.15585260e+01
  3.25666516e+01 2.60853929e+01 7.58602387e+01 8.23957465e+01
  1.20184691e+02 1.14251778e+02 1.88826253e+01 2.29835660e+01
  1.30931401e+01 9.06908190e+00 5.65655995e+01 5.71687086e+01
  2.03077070e+01 9.50890625e-28 3.65478171e+01 9.49529207e+01
  2.01987795e+01 1.97478636e+01 3.53457196e+01 2.96433128e+01
  4.85800788e+01 8.22984955e+01 1.07392370e+02 4.26753391e+01
  8.38897473e+00 8.55384545e+00 2.23532149e+01 1.39694680e+01
  6.46713361e+01 5.39249227e+01 1.70864294e+01]
 [3.23077924e+01 3.75173910e+01 7.79958557e+00 7.19809801e+00
  6.82857217e+00 6.20285808e+00 1.51632589e+01 1.65327931e+01
  4.04055530e+01 3.08101308e+01 4.53249417e+00 5.14414310e+00
  1.65253993e+00 1.56717752e+00 8.27019369e+00 7.06051184e+00
  4.44162651e+00 6.13120897e-30 4.44147298e+00 3.09384799e+01
  4.32963881e+00 4.29106821e+00 6.24602166e+00 6.10422073e+00
  1.30771723e+01 1.64369675e+01 3.09583999e+01 1.20405709e+01
  1.52871333e+00 1.29855366e+00 1.99561812e+00 1.60889867e+00
  1.72711339e+01 2.70791004e+01 9.73440341e+00]
 [1.05117996e+01 1.06687283e+01 8.42633978e+00 9.47724637e+00
  1.16986953e+01 1.08906253e+01 2.23025031e+01 2.05383346e+01
  3.91572402e+01 3.25233725e+01 2.68487208e+00 4.41208934e+00
  3.97698956e+00 3.56027285e+00 1.67097706e+01 1.17834027e+01
  2.13740530e+00 5.07683585e-30 7.82577727e+00 3.55379541e+01
  5.68352449e+00 5.86828656e+00 1.24213910e+01 9.70063037e+00
  7.63536961e+00 8.28259946e+00 9.58505797e+00 3.80268873e+00
  1.25224753e+00 1.16296826e+00 5.03020489e+00 3.20593085e+00
  2.84219096e+00 1.69711509e+00 5.36072661e+00]
 [1.41775093e+02 1.52780617e+02 2.44346074e+01 2.57761323e+01
  2.91002374e+01 2.67510813e+01 4.07076654e+01 4.38157279e+01
  4.65235804e+01 5.13943791e+01 1.07521796e+01 1.62866704e+01
  1.45482498e+01 1.49125560e+01 3.44591852e+01 3.18246623e+01
  1.23414763e+01 3.33599903e-28 2.30456917e+01 4.24825445e+01
  1.40655839e+01 1.34781641e+01 3.26647581e+01 2.95725276e+01
  3.29237067e+01 4.20334903e+01 9.64462579e+01 3.35473494e+01
  4.70934077e+00 5.23317754e+00 1.84483623e+01 1.51097305e+01
  7.03342071e+01 4.15710487e+01 1.39802249e+01]
 [5.66631729e+01 5.80036325e+01 2.24775829e+01 1.64404937e+01
  4.01044780e+01 2.53216616e+01 5.61582786e+01 4.50285902e+01
  5.01371260e+01 4.24564915e+01 9.77367422e+00 9.55499960e+00
  7.40027345e+00 3.33763997e+00 2.48822934e+01 1.87401166e+01
  7.06948146e+00 3.30909966e-28 1.34536923e+01 4.34148955e+01
  1.58224808e+01 9.41945792e+00 3.50764849e+01 1.95486741e+01
  2.19807045e+01 2.44955307e+01 4.57733437e+01 1.63061603e+01
  3.09439577e+00 2.80158534e+00 7.40470417e+00 4.61921462e+00
  1.93722777e+01 1.61049897e+01 3.72314979e+00]
 [1.74512100e+02 3.44919776e+02 2.49361939e+01 3.94443564e+01
  3.70230919e+01 2.26836831e+01 4.76504154e+01 3.97187039e+01
  5.49231030e+01 5.62238978e+01 1.07198146e+01 1.69999687e+01
  1.27098031e+01 1.70026372e+01 3.69282310e+01 2.95802069e+01
  1.38279627e+01 5.37620037e-28 1.83589282e+01 4.81321038e+01
  1.61783654e+01 1.11743025e+01 3.39926538e+01 2.53887175e+01
  4.59204849e+01 9.72648284e+01 2.16473532e+02 5.34140822e+01
  4.29710856e+00 3.55740425e+00 1.26032892e+01 1.15114606e+01
  6.52409814e+01 6.84793253e+01 2.13970588e+01]]