[[ 4.02156659  3.7566815   2.35174089  3.03356483  7.85816314  6.0763814
   8.76492347  7.51537661  8.17024853  8.44772906  5.10900449  5.63262329
  15.17210082  8.7364079  11.21804423  9.81598457  5.44497682  4.36400159
  10.5353607   8.51762944  6.45961325  6.09957139 10.57947488  9.27947177
   4.05414079  3.33048789  3.63758888  5.03919675  7.12344138  6.48773836
  12.35409879 10.59737096  1.80200994  0.98251546  6.07097276]
 [ 8.47772243  9.24262156  3.91591176  6.87943796  6.29525894 11.40641009
   5.65248212  5.34228083  5.11311504  5.91832962 11.88484222 18.7020101
   6.50195195  8.28657787  5.69308296  4.9874079   8.22317257  5.17536459
   5.28797841  5.54176475  8.2542709  12.41401657  5.5614871   5.35570582
  12.18227384 11.45635993  8.90894631  9.96443854  8.05377617 11.92631109
   5.71062429  5.07399936  8.4089722   5.13632069 13.34156509]
 [22.57258838 32.39303618 14.95333974 46.66677423 21.41456235 22.07908823
  22.45827491 19.32683046 19.94711731 20.36997702 19.98135274 35.16801196
  27.24468433 31.33614238 26.7545142  25.02999821 18.51654941 27.34935284
  26.5138849  20.4654122  21.63981384 54.54216139 25.22644104 23.56664613
  28.89196707 48.60478862 26.84362652 24.60091858 23.22984328 31.98917149
  25.38873544 26.1045983  20.35252275 38.52412119 19.26820665]
 [25.15067134 23.39749625  6.65324345  4.03301687 15.84908228 18.94791915
  13.3256462   9.46961377 13.9257011  11.456452   25.19813289 24.84616852
  13.63224254  9.69699129 12.76925782 11.19822525 15.67509862  2.53017165
  12.28681251 12.75390569  8.87329837 10.79711894 13.00435973 11.6154165
  25.7105282  22.27737774 18.16672883 25.24206225 19.87465548 18.98482683
  11.43038203 12.69957092 16.6856734   4.10996522 16.39457569]
 [24.82359576 25.39387282 25.57721451 18.08596516 21.75646051 23.88059212
  15.86990331 16.08127891 15.54976967 16.07870887 31.7724051  28.47075064
  23.69033811 22.78405546 16.95077912 16.88530933 22.81307895 20.10144086
  17.3810168  16.09968172 23.18859323 20.70223607 16.24046466 18.689657
  40.62320355 38.37978328 27.95037205 27.08792372 24.83522669 26.44411602
  19.40617583 18.97223645 25.62637812 27.9508358  15.46418697]
 [14.0956881  27.83658577 13.1676781  27.20654062 10.37503274 12.03599366
   8.27309398  9.15164845  8.92781711  9.28563994 16.65810556 16.21918845
  10.45851624 10.33559305  8.67457612  9.43564732  7.48592919 18.11838843
   8.27822931  9.45049859 17.06014346 12.53402167  9.91047049  9.95866836
  28.11509108 15.28585293 10.40247823 11.20514326  8.50881042  9.04239196
  10.08499647  8.11922129 23.01740068 31.52065351 14.76754301]
 [ 9.5177023   6.39219879  4.3902922   3.48627601 11.81838287 10.18514764
  13.42399934 13.04038088  7.72374136 10.62099199 10.49995305 10.27419318
  15.53343376  9.84253151 15.144652   13.47921682 11.97131286  9.20601116
  12.68150761 12.37455966  2.44168025  6.73381308 14.77786311 12.01800654
   4.04022336  2.00428937  7.03806515 10.73087362 14.20249599 15.95642391
  14.63067828 15.32274941  3.88984312  0.91800239  5.26235982]
 [ 3.70733866  5.08745598  3.30252903  5.83761666 12.09457937  9.03386031
  11.10897582 12.94315584 14.88073308  9.3748787   7.31986432 17.83044024
  10.00745881  9.35527753 10.30156733 10.06080798  5.93361786  7.5731625
   8.52556605 11.84596467  6.83273474 11.75609766  8.7103229  10.53578141
   6.75520055 13.46830343  4.13726086  6.40952996  6.85059806  8.7026265
  10.57934258  8.28566202  5.39295806  3.86724399 11.99187697]
 [ 8.39803859  8.45808531 10.61302003  8.17963753  8.75203706 10.34396085
   7.90600271  7.11800126  6.6201834   7.79275084  8.36169374  7.63451015
  11.13039642 13.64903047  8.80778277  9.04261864  7.31657948  4.06528744
   8.59077084  7.17461556 10.96770602  8.88604849  9.50174783 10.48968032
   9.69488097  8.27482173  8.1851402   7.90620824  8.98861745  8.8170976
   9.76648723 10.45208077  8.95068526  1.14864313  7.42086875]
 [ 8.22127225  2.43878654  9.74990686  1.29106938  3.35493174  2.16562872
   4.8773145   0.49653656  3.62891429  1.03141198  8.02074779  0.16555233
   7.65617226  4.76675643  6.18902966  3.55803668  7.85821514  3.30073052
   1.90157796  0.8847279   1.40185061  0.50549474  0.62456263  0.60469533
  14.83608815  0.21348324  3.36088201  4.214388   11.36724616  1.03566289
   8.99146513  5.94775765  5.01986079  2.59503819 10.80867492]
 [ 8.06004272 10.92296159  8.04311978  9.10831473  7.18219572 10.23280026
   9.19053161 12.95859812 13.55473316 13.83186568 11.80278222 14.32543315
  22.86397247 17.17778672 13.927748   14.99166925 10.18543185 10.34727557
  15.4212497  13.78060539  9.90872329 11.11159029 10.97859399 13.10827307
   9.23387083 11.61214005 11.83672244  9.04396027 13.05854992 15.59899305
  19.0217516  16.60704861 14.22118742 12.64127319 11.06760649]
 [15.22103144 12.87040938  8.0994883   5.19060449 15.41064483 17.59827591
  14.12225395 15.63027719 13.1458032  13.79357817 10.6135764  10.8915341
  14.77780498 17.00085267 15.09800985 16.82685799  9.66104382 11.42285107
  14.30205489 14.50038663 13.57633462 12.8594903  13.65697286 14.92742702
  13.91296029  9.34963643 14.36776093 10.74918609 12.33656214 12.12927363
  17.34770658 15.04923115  8.01153762 10.19849178 17.39291167]
 [10.81198678  9.1521359   9.18921312 12.8333093   3.16039147 22.76760774
  16.62573179 26.06313452 25.8841586  27.29453171 14.79696088 19.9334171
  21.08642334 25.06954155 19.32980539 25.58776003 28.10432935  1.26486924
  23.93560841 24.1997516  22.15966957 23.17669494 20.91265261 25.48673317
   3.78621648 20.04301492  5.57949025 10.38352785 24.44572131 27.25986116
  23.82849922 26.75656417  1.9104741   1.0567052   4.83516352]
 [10.96692294 13.48047902  5.11188385  6.96145021  5.80611107  7.05327362
   6.77909397  7.04480205  6.81627094  7.34144131  7.07978761  6.02062854
   8.47154057  8.08579077  6.9358667   8.46187407  4.93845489  7.29969309
   6.81047399  6.95518863  5.84356536  6.18638769  6.76511163  8.2424042
   9.84951794 11.58620366 11.24281377  6.6145903   6.12261631  5.25884315
   6.87400923  8.84740471 19.32008764 16.08280879 13.49488001]
 [ 4.18430133  6.80416459  1.67388357  3.63618525  8.30690364  8.95507537
   9.63142304  8.26427215  8.99178799  8.95607098  7.68921818  6.15836872
  10.81022967 10.58054681  9.4933927   7.61565557  8.93100375  4.42832552
   7.98492368  9.38182154  6.37833291  7.52906046 10.08922822  9.73375101
   1.82611257  4.65076547  3.29497345  2.0265289  10.44061366  9.58339773
   9.67459045  8.70305781  3.70716334  4.59880841 10.68990169]
 [ 4.96255663  5.06263979  7.56145072  6.51456084  8.09509102 11.12371717
   7.97987142  8.40695041  7.28077498  7.94082347  7.56551454  8.19032466
   9.01868688 10.59535495  7.80896812  7.8173978   5.48872584  7.06382506
   6.30376576  7.24920367  6.47808331  6.78396945  8.78216474  3.85284635
   5.19026726  6.13803083  5.12963109  5.08921236  6.18019143  7.52343099
   7.76901468  7.87337357  6.02859212  5.21299822  9.41167256]
 [13.24730782 15.32017472 16.07098546 14.38402201 25.33519962 24.08259014
  13.39330146 13.69237522 13.00078736 15.28998746 32.55268427 27.72019203
  19.39963717 23.44175496 15.75005682 19.14517625  9.77913601 20.03455937
  14.45848213 14.16583847 25.61658737 23.05803146 18.87570092 25.84232839
  48.00447755 27.0061535  22.02420696 16.3498201  18.66280115 18.55791469
  18.53187828 19.67012028 22.83378583 11.16003792 16.44111323]
 [ 8.11128021  7.8318522   9.20725084  8.53744861 12.08601161 14.05543579
  14.3096886  15.03633107 13.96328724 15.15251637  9.23608788 10.19847512
  13.83470963 13.22128331 14.37031964 14.4901516   8.73610838 13.40677836
  12.69886251 14.28303686 11.86506765 11.56171914 13.88734909 15.49716955
   8.16336211  7.95713318  8.12044066  8.36139892 10.72577009 12.50607849
  13.9524383  13.05579796  7.81535093  8.24348267 12.82897878]
 [ 7.82705718 11.48577967  8.54956324 11.2362809   8.56871365  7.02498938
   5.69631317  5.74113647  5.03336302  5.07238453  7.44021744 14.96664833
   7.08563094 11.24477146  5.46409618  5.7226312   7.05564016  7.08553307
   6.4726986   4.87137663 12.54165962 14.8301077   5.15362385  5.48969125
   7.07475781 17.88479493  9.16213604  7.92410828  7.48614385  8.77169912
   6.97125415  5.73697185  9.73607144  7.22782677 13.97688687]
 [ 3.68892695  4.34460485  0.2050295   0.85089626  0.97280627  1.54284029
   6.0455221   1.50185955  2.78140757  3.50826563  3.11641497  2.72835539
   1.01914655  9.15958205  2.87182002  5.58131639  1.35088402  0.68521939
   4.61332127  3.35838234  0.37477695  1.55729276  1.93832111  1.08031571
   2.78074262  4.23978149  5.00355238  2.41177938  2.62906135  4.6619962
   5.62958155  6.94030335  4.77524856  3.61243262 14.39292484]]