[[ 7.75124841  6.13183323  4.78816074  6.10496563 17.32633701 15.52204204
  30.62671888 30.99985649 35.91728361 32.10713803  8.27536247  8.57053666
  17.45910728 23.35071791 34.35857985 35.04546136  8.17909531 13.33857042
  35.64121285 33.82772051  9.49673541 12.12043926 25.63564125 27.7734234
   7.60986137  5.17290094  7.22513571 10.02996623 10.28979102  9.55578231
  32.69177637 33.06013872  1.02346318  0.76582961  6.88792374]
 [ 7.711836    8.21479304  2.51633931  5.37802787  8.65948796  6.50711314
  13.28121293  9.90900584 13.174741    9.70701572  5.06478036  7.75895917
  30.33305031 18.5147921  18.16338162  9.03362364  8.05407238  7.20989288
  10.25437797 10.80995665  4.9370291   6.06656457 19.2486252  10.24765034
   5.21925981  8.02709933  7.88329539  8.02056217  8.14417991  9.81651142
  22.16247983 10.67558541  8.50602921  4.02793125  7.53124045]
 [ 8.78909381  6.25915769  7.65029525  4.13863101 13.37795792 19.27670731
  18.85459204 20.95913124 32.75872631 27.69217908  9.73163924  7.9825979
  22.38266882 31.43631552 31.59742967 34.04571738 11.75712535 15.35876973
  30.69433349 28.43530669 11.31058162  4.26935172 22.87122089 35.21942958
   8.31665625  4.36257849  8.55871871  7.96325901 13.52648475 12.28192736
  42.26855829 34.8244932   7.14491398  3.37249138 12.2125181 ]
 [ 9.64480598 20.4843754   9.34405952  9.6568121  31.91956224 27.58590401
  49.59643992 54.76950835 50.4989521  54.72934582 18.77549112 19.21252287
  24.76056358 37.35909584 49.14459455 52.21954705 24.89194851  2.72010456
  48.02370199 52.51496154 20.94272367 22.23188952 42.00030171 45.80349364
   9.51962829 14.87544774 14.70118666 16.00279156 28.78678498 33.16555835
  51.62543738 44.24569267  6.50960622  2.801291   19.70792047]
 [ 8.48378213  5.71688972  6.24871245  8.01528272 12.09212533 16.77453706
  22.14616445 25.93416936 21.3744803  17.91529027  8.79128895  8.39803653
  19.72142974 26.00651978 26.66408763 22.99202622 12.45075011 14.11735956
  21.27617648 18.97428628  8.80019266 11.75476176 21.81579573 24.35966299
   6.1539624   5.94533985  7.03669051  8.57056682 13.98907092 12.62297241
  33.81369432 25.01390892  5.81897132  4.70735711  4.75358703]
 [ 8.64826686  4.64655645  7.1368478   5.02075886 10.6312367  13.58894274
  14.59596078 18.2727898  17.41410082 18.24507097  7.45245011  8.9086728
  15.51210284 18.40623992 14.60378224 18.99310443  8.38761617  9.96682233
  14.8290605  18.26514716  8.11945574 12.62780501 13.1132953  19.23052357
   4.60753967  7.8522941   7.10078931  9.62518953  9.17429581  8.9137908
  13.63614289 12.8273623   3.59219349  2.01460678 12.60717122]
 [14.02816144  9.62399985  3.91606386  4.69775526  9.61713789  9.159813
  22.50354469 24.40931783 21.73454255 32.98713532 10.05401646 10.64005036
  12.62875488  9.40022179 29.78069049 32.77127187 14.09683609 13.23856256
  38.2839295  36.416598    2.51002743  6.68449024 17.2410214  15.58637357
   5.35212843  2.82595093 10.25844485 14.74448303 10.46187556 12.47819969
  27.83091691 29.91621456  3.5817384   0.88123637  2.77345444]
 [ 3.10346012  3.21682851  4.04016243 10.28790029 14.03289759 10.50028367
  16.75498485 16.30680092 17.36628698 16.64162525  7.49821816 10.59621144
  21.01172595 20.81806892 24.07008323 20.1874492   9.45253944 14.25007666
  17.74862519 16.4654322  11.31229235 11.87926004 20.32067359 15.83282448
   4.02698825  5.76778622  3.22610435  4.5304608  12.427581   14.84910773
  29.88663139 21.49605948  3.14300907  2.04992339  5.17222689]
 [ 6.30239458  6.07154722 11.07882595  6.93376205 19.08054473 21.92628564
  21.54846227 30.65534071 19.31715214 23.45346882 11.45832008  8.42968614
  19.78590545 20.08502071 20.58705416 26.77096338  8.2608405  11.47781004
  23.07729277 19.01858884 14.8895841  10.41543899 21.24559234 24.85079596
   7.06511038  6.75482686  6.11029448  7.10398052 13.79785562 10.315304
  19.50111677 23.5005221   6.29451798  1.54374186 10.19732378]
 [ 1.31506446  1.37542649  2.25639862  0.5877348   2.38513261  1.935537
   5.59021777  0.672094    5.15468163  1.6154879   1.89564851  0.15506881
   5.42858451  4.06362848  8.10377125  5.21509667  4.43486597  1.41375556
   2.45092172  1.16429529  0.71652444  0.36359468  0.55830143  0.65916244
   2.35918953  0.13809601  1.53754136  1.92862336  5.7390798   0.80956876
   9.71479718  6.02502777  0.73609757  0.82811317  3.30661316]
 [22.74596725 18.47894065 21.40346214 18.69988775 28.9113431  27.81594599
  41.64264893 34.55122196 28.6143945  29.44317112 19.51373668 15.33505331
  32.44040088 28.81365396 30.76698319 34.61021956 15.26954596 30.37748234
  32.01678173 27.69884725 24.57504754 20.18679941 34.40448896 29.72006757
  19.18271926 18.42094563 18.2946157  16.12457214 20.48831344 18.42333185
  27.88210915 28.79356011 11.04874106 12.86086741 14.89397672]
 [ 8.25128366  8.16346703  6.63088998  5.76597907  8.85113133  9.06828787
  13.3293783  15.02249633 16.8884619  16.92215968  8.77647188  9.1486419
   9.27550104 13.48442126 12.46275554 14.81931629  9.81350617 12.48773931
  13.54280605 16.86394659  9.10356403  9.49765688 10.18641737 11.02188219
   8.83272292  4.97112133  7.73388081  9.06854709 12.18660098 10.36274781
  12.63674798 13.6124375   4.29479939  7.56895293  7.99508267]
 [ 7.8872439   8.01017505  4.99885315  7.21951787  2.59918464 15.09768565
  21.20789051 26.67400625 35.87101279 31.73483593  7.02495475 13.41236227
  18.63613759 19.60251719 28.91268365 32.34551089 20.4507513   0.9459871
  27.216967   26.89867987 11.55741128 12.92839987 23.23983426 23.25926883
   2.25527022 16.02464268  4.76475053  8.10892869 13.90388034 19.66902611
  33.13232822 27.63349848  0.99261756  0.61809222  3.74358528]
 [ 7.91855241  6.20720867 11.02636164  9.72680526 15.79361876 16.0680618
  29.33375713 30.82234176 27.93976281 29.95532869  9.98290033 10.06904463
  16.6446682  19.1298421  30.83397208 32.99921177 10.0769582  12.11658505
  26.53275207 24.96912032 12.59145007 12.84591932 22.16078584 23.54763564
   9.73764725  8.30851672  7.66629247  9.74166287 11.81461727 10.51992465
  27.64792857 33.88418564  5.84050549  3.87310927  8.58085146]
 [ 6.73329296 10.0627954   5.70277199 11.27132237 25.38345032 28.85728809
  44.92567856 43.79586937 50.71017333 48.10026276 20.64993437 17.39389644
  39.67282615 33.63782343 51.29896326 52.57117404 26.8078781  11.09226367
  53.85913615 46.66895217 22.23498415 27.03548661 38.73313254 38.69845127
   3.8523816   7.87589862  5.11291733  4.27445999 28.53167592 30.74381873
  54.88081764 52.64701564  3.82594438  4.48922688 13.97279763]
 [ 6.15018003  5.81101789  5.34120379  6.78928717 10.20581131 11.63351653
  21.39789335 22.46620394 31.62926053 27.48265987  5.88337471  7.34255736
  10.36613316 10.52632472 20.37681229 17.31320197  6.96953069 19.46118221
  15.08537618 26.82079314  5.81838635  6.02033231 15.05349722  5.63877338
   6.03332056  6.62138712  5.77751989  6.00948859  6.36396843  8.42008733
  14.48950734 12.53388567  9.66050492  5.55583427  7.35465982]
 [11.60098346 10.82161053 11.87819055 12.11836167 16.02286683 17.4327775
  29.33530009 26.72270298 36.76560748 32.67785514  9.35822884 11.62191893
  16.96227936 16.30569402 32.03773844 30.6493507  11.3006818  18.75255217
  30.00566992 33.62849867 11.5978288  14.3470962  25.04810903 18.92531276
   5.97461172  8.55223481 12.90222359 15.1600496  14.04423775 15.62560997
  29.88341386 27.21311962  4.59504183  3.69791263  8.36385432]
 [ 9.30614682  9.02355235 15.21110239 11.81907371 23.94608369 23.81150621
  32.35992562 33.52656286 28.87353703 29.39568445 17.04139265 13.76067453
  37.62264063 41.45789217 37.9537062  40.24265983 17.16018076 32.41757966
  34.97938315 26.54960132 21.20145321 18.37174034 37.16053016 38.53006573
  11.60730645 10.18257392  9.92520072 11.63833198 21.29649876 21.51555301
  43.6223984  45.07656466  8.25569593  7.69261123 11.25153351]
 [ 6.80029303  5.95251058 10.08094997 13.4290771  27.83228428 20.82891366
  28.83836488 25.77075967 24.74598516 22.24595228  9.48758215  9.15714674
  25.58800844 16.36799527 27.40111532 22.88881773  8.94195117 29.31702582
  23.77989251 22.58933825 17.26779047 14.0983086  33.40965541 22.17894605
   7.2115085   7.50386119  6.27599961  7.91471887 10.08060652 10.35839038
  25.50539953 15.31639801  5.34960812  2.59917068  5.80180284]
 [ 5.66849283  6.43487139  0.27484837  1.15703286  0.64696615  1.09004055
  10.75707512  2.92670057  7.10138438  8.25291556  4.19405877  3.29727258
   2.10078237 23.57003528  9.91680165 15.66377486  1.82618985  0.87285175
  14.41318944  7.8849905   0.36909315  0.82209622  4.56267115  2.09659072
   4.05029752  6.45250606  7.57511314  3.63110737  3.34548578  4.47590912
  18.09566922 24.27256086  5.04307443  5.06544645  6.99685567]]