[[1.67672164e+00 1.38016384e+00 7.88042947e-01 1.05782328e+00
  2.53084223e+00 1.53577382e+00 2.01248459e+00 1.72798852e+00
  1.63520886e+00 1.87373209e+00 1.74725474e+00 2.22249918e+00
  8.07996488e+00 2.61105122e+00 2.06987507e+00 1.94021338e+00
  1.73690013e+00 1.18863861e+00 2.02414376e+00 1.81800016e+00
  3.37341219e+00 2.53798660e+00 2.60781042e+00 2.02718577e+00
  1.32041183e+00 1.23218765e+00 1.32769793e+00 1.54855171e+00
  2.30144707e+00 2.49972945e+00 2.53557778e+00 2.17473287e+00
  8.65521073e-01 6.42830114e-01 3.08248598e+00]
 [4.69668610e+00 5.19554471e+00 2.03693375e+00 3.56146124e+00
  2.81468384e+00 8.41100804e+00 1.48043322e+00 1.72345539e+00
  1.41463377e+00 2.62252225e+00 6.32519757e+00 1.02803093e+01
  3.30052216e+00 4.82607770e+00 1.41357515e+00 1.38429834e+00
  3.94692575e+00 2.17007791e+00 1.46322038e+00 2.09414768e+00
  5.38907430e+00 6.58602898e+00 1.55352569e+00 1.64445469e+00
  7.35135149e+00 6.41234468e+00 4.95636683e+00 5.74633373e+00
  3.05266673e+00 5.44451557e+00 1.67222043e+00 1.53943803e+00
  4.74620096e+00 2.87377532e+00 7.34300005e+00]
 [1.00541060e+01 1.71953512e+01 4.99713134e+00 2.70139349e+01
  3.57086749e+00 3.19216531e+00 2.75608727e+00 2.78684278e+00
  2.46094553e+00 3.35732202e+00 7.53180349e+00 1.87860966e+01
  4.72587433e+00 7.47849818e+00 2.93445275e+00 3.15500559e+00
  7.52579074e+00 6.54620868e+00 2.98050415e+00 2.95294154e+00
  5.70664506e+00 2.93359634e+01 3.02309541e+00 3.00988011e+00
  1.37419191e+01 2.57352603e+01 1.17397358e+01 1.24085717e+01
  3.53079261e+00 7.28888623e+00 2.72505696e+00 3.37816150e+00
  1.22428904e+01 2.33807378e+01 8.31236216e+00]
 [1.95254404e+01 1.40933926e+01 3.33767132e+00 1.67680563e+00
  7.31895649e+00 1.24430704e+01 3.76901123e+00 1.61393163e+00
  3.65936341e+00 2.34122139e+00 1.26528173e+01 1.90419111e+01
  3.75582565e+00 2.38598945e+00 2.73338209e+00 1.91346785e+00
  9.10559552e+00 1.60683790e+00 2.75872310e+00 3.17781412e+00
  3.18696453e+00 4.98548585e+00 3.84269949e+00 4.97137363e+00
  1.82006035e+01 1.90769041e+01 1.31076929e+01 1.71289126e+01
  9.00952365e+00 9.41018830e+00 2.34343981e+00 2.71670742e+00
  1.39083525e+01 3.27692258e+00 7.76112234e+00]
 [1.31698273e+01 1.43714108e+01 1.42289473e+01 8.30283266e+00
  1.14997597e+01 1.07731703e+01 4.15163527e+00 3.60367857e+00
  4.07504130e+00 4.97184535e+00 1.78325373e+01 1.57797545e+01
  9.86806354e+00 7.76219733e+00 3.17937744e+00 3.26999026e+00
  1.06981115e+01 9.08115954e+00 3.57511882e+00 4.68774577e+00
  1.41550348e+01 1.28661680e+01 4.76163132e+00 4.96077194e+00
  2.29179660e+01 2.20986690e+01 1.51756568e+01 1.56074728e+01
  1.13048055e+01 1.10043477e+01 3.77111057e+00 4.09139792e+00
  1.44230710e+01 1.73996915e+01 9.18700211e+00]
 [1.64285324e+01 3.50206640e+01 1.44017210e+01 3.60738773e+01
  6.37778401e+00 5.97903043e+00 2.49134331e+00 2.37345761e+00
  2.76136515e+00 2.76397485e+00 2.08283794e+01 1.31590454e+01
  4.36970037e+00 2.79301609e+00 2.19350751e+00 2.33306367e+00
  4.81684976e+00 2.12940865e+01 2.01387333e+00 2.96874857e+00
  1.30196707e+01 7.27041022e+00 3.83197803e+00 2.40386373e+00
  3.25127575e+01 1.52712295e+01 8.84896717e+00 8.99696352e+00
  3.97561946e+00 3.61624289e+00 2.64452983e+00 2.10163663e+00
  3.94318799e+01 4.55994781e+01 7.37439838e+00]
 [2.68801718e+00 1.83775511e+00 1.27824871e+00 1.17046879e+00
  3.19664694e+00 2.94745447e+00 2.39890862e+00 2.72575535e+00
  1.24242738e+00 1.44689495e+00 2.02232708e+00 1.74103476e+00
  3.23142827e+00 2.61867665e+00 1.65291793e+00 1.81281342e+00
  2.18739649e+00 1.77833222e+00 1.22985414e+00 1.90533824e+00
  5.54482762e-01 1.40433613e+00 2.41006755e+00 3.01888223e+00
  8.89224969e-01 4.65954505e-01 2.03963765e+00 2.33288283e+00
  2.02266640e+00 2.26040712e+00 1.73146984e+00 1.98830241e+00
  1.51890932e+00 3.33923529e-01 3.18815717e+00]
 [2.27662514e+00 3.40860111e+00 1.56116688e+00 2.60848054e+00
  8.00950786e+00 4.15593448e+00 4.98685195e+00 4.07683027e+00
  8.73157800e+00 2.71025036e+00 4.23430867e+00 1.24408812e+01
  2.75733778e+00 3.37600569e+00 2.55632509e+00 1.79326519e+00
  3.15510432e+00 2.96154955e+00 2.00165610e+00 5.79689934e+00
  3.38569492e+00 9.01884571e+00 2.78597697e+00 4.07344764e+00
  4.18684321e+00 9.31399864e+00 2.62166853e+00 4.49217512e+00
  2.38760418e+00 3.65335180e+00 2.33545878e+00 1.77271705e+00
  3.45739135e+00 2.23692174e+00 7.46781671e+00]
 [5.25811724e+00 5.47253665e+00 7.21968444e+00 4.01677467e+00
  2.55589066e+00 1.62232868e+00 1.59201664e+00 1.39868275e+00
  1.62370327e+00 1.74024135e+00 4.63412584e+00 2.95927466e+00
  4.12657312e+00 2.43184190e+00 1.45589828e+00 1.68657195e+00
  4.01750556e+00 7.32898418e-01 1.60173827e+00 1.60517736e+00
  6.50430294e+00 2.14748512e+00 1.75652630e+00 1.66208601e+00
  6.30048911e+00 4.57518936e+00 5.17758047e+00 4.84174489e+00
  3.73888438e+00 2.70290229e+00 1.69880366e+00 2.10403668e+00
  5.80534604e+00 7.48559649e-01 3.58147837e+00]
 [6.99318137e+00 1.06697057e+00 5.45541726e+00 7.86900132e-01
  1.48512746e+00 7.23465235e-01 1.74096349e+00 1.61362308e-01
  1.50019933e+00 3.25283431e-01 5.75237746e+00 3.81132181e-02
  2.58636758e+00 1.32496264e+00 1.79753321e+00 9.57714639e-01
  4.18228990e+00 1.97306861e+00 5.51336661e-01 2.75402029e-01
  8.06206141e-01 1.82960068e-01 1.78317107e-01 1.76032069e-01
  1.03452489e+01 7.37949314e-02 1.80586519e+00 2.11823686e+00
  5.55796323e+00 2.77631308e-01 2.29316457e+00 1.68329702e+00
  4.30785938e+00 1.55991193e+00 8.09990707e+00]
 [1.90396909e+00 3.25682502e+00 1.80382404e+00 1.99756378e+00
  1.19574049e+00 2.00104670e+00 1.93789744e+00 4.31558468e+00
  4.59815433e+00 4.21441071e+00 2.84105881e+00 3.51695087e+00
  2.13332562e+00 2.33315131e+00 2.00893336e+00 2.10244242e+00
  1.95663476e+00 1.68266492e+00 2.06288938e+00 4.03718206e+00
  2.10965082e+00 2.23686811e+00 1.60675353e+00 1.78679035e+00
  2.75629305e+00 2.84224835e+00 4.02596140e+00 1.94210463e+00
  2.13432251e+00 2.90162009e+00 2.46314516e+00 2.55703091e+00
  7.71727096e+00 4.50367225e+00 3.92537061e+00]
 [9.40473636e+00 7.91532088e+00 3.10317828e+00 2.75658869e+00
  7.62973947e+00 1.16933436e+01 3.82560786e+00 5.36307671e+00
  2.68888764e+00 2.98852522e+00 3.64572766e+00 4.44046174e+00
  3.66636358e+00 7.82081327e+00 2.82216221e+00 3.35812787e+00
  3.14474676e+00 2.75395574e+00 2.87147798e+00 3.10196763e+00
  6.97081744e+00 8.69277163e+00 3.38767031e+00 7.87735859e+00
  6.83899987e+00 4.53601021e+00 9.32749948e+00 4.28072377e+00
  3.41655230e+00 3.84310070e+00 3.04592292e+00 3.33815553e+00
  6.11093053e+00 6.41693776e+00 9.27031061e+00]
 [2.27985946e+00 2.23202514e+00 1.64693002e+00 2.14835452e+00
  4.64288422e-01 3.48395360e+00 2.46016443e+00 4.69335924e+00
  6.53653657e+00 7.87221157e+00 2.41221813e+00 3.60133697e+00
  3.58101932e+00 4.38465354e+00 2.93892147e+00 4.08693822e+00
  4.69088320e+00 3.46663135e-01 3.43294245e+00 6.14883006e+00
  4.81717030e+00 3.89058624e+00 2.98775401e+00 3.92272339e+00
  6.76275036e-01 3.88489585e+00 1.25769357e+00 1.93496859e+00
  4.02736426e+00 4.76507721e+00 3.86955996e+00 4.36516488e+00
  3.96808481e-01 2.55833682e-01 1.61213763e+00]
 [6.78600885e+00 9.16628769e+00 1.58841423e+00 2.57984173e+00
  7.86039320e-01 9.39576987e-01 7.05316861e-01 8.28820743e-01
  8.88630439e-01 9.97835820e-01 2.55839494e+00 2.03437625e+00
  1.07048985e+00 1.41920917e+00 7.38624296e-01 1.12380512e+00
  1.77238862e+00 3.09659986e+00 8.43390735e-01 1.02917375e+00
  1.24824933e+00 1.09325750e+00 6.99924925e-01 1.36220668e+00
  4.87087966e+00 6.67019402e+00 6.89718302e+00 3.11791968e+00
  1.44782702e+00 1.32478996e+00 7.02783531e-01 1.31834155e+00
  1.24653088e+01 1.15679696e+01 6.24075316e+00]
 [1.18957109e+00 1.88249266e+00 3.47443402e-01 8.99478546e-01
  2.14114657e+00 1.34601262e+00 1.01208927e+00 9.15829847e-01
  1.00868686e+00 9.57227655e-01 1.31084785e+00 1.64789789e+00
  1.42315746e+00 1.63230748e+00 9.55204672e-01 7.93405870e-01
  1.75245038e+00 1.09262123e+00 8.18692394e-01 1.01637388e+00
  1.03594065e+00 1.38014317e+00 1.12744412e+00 1.20881727e+00
  4.30123379e-01 1.30749883e+00 9.27438964e-01 5.23043645e-01
  1.57961627e+00 1.95345406e+00 1.09211085e+00 1.02290558e+00
  1.10436712e+00 1.40357765e+00 3.54272071e+00]
 [2.33940948e+00 2.44987097e+00 6.68794534e+00 3.61564458e+00
  4.40475827e+00 6.67220051e+00 2.78956817e+00 2.08022612e+00
  1.27018186e+00 1.37791561e+00 5.37088172e+00 4.77127830e+00
  5.24579295e+00 5.06528174e+00 2.28396897e+00 2.15962391e+00
  2.57472331e+00 2.45347195e+00 1.84450242e+00 1.32314291e+00
  4.74040187e+00 3.57955306e+00 4.02312556e+00 1.61579490e+00
  2.52537585e+00 2.92539852e+00 2.41464644e+00 2.31517882e+00
  3.25049697e+00 4.03677698e+00 2.64097566e+00 2.89085995e+00
  2.51347050e+00 2.27851980e+00 5.05976369e+00]
 [6.73769487e+00 7.52180241e+00 7.27856612e+00 6.88588926e+00
  1.15292459e+01 8.77502719e+00 2.75079306e+00 2.91168828e+00
  4.31045825e+00 5.19249930e+00 1.64258521e+01 1.63755053e+01
  9.15601412e+00 6.04414520e+00 2.01566805e+00 2.99678951e+00
  3.84327416e+00 8.70945972e+00 2.16524624e+00 5.05562425e+00
  1.80506306e+01 9.63589841e+00 4.69349324e+00 1.07036119e+01
  2.45572764e+01 1.65670474e+01 1.15962623e+01 7.94047834e+00
  7.81275347e+00 5.46910648e+00 2.43609815e+00 2.96750036e+00
  1.63834014e+01 6.85433905e+00 9.66640664e+00]
 [2.72988521e+00 2.56717745e+00 2.50089761e+00 2.80256424e+00
  5.12069951e+00 5.69922183e+00 2.61172748e+00 4.97610910e+00
  2.39742260e+00 2.42607622e+00 2.58102923e+00 2.90089311e+00
  4.03439746e+00 3.08637853e+00 2.08381147e+00 2.72754803e+00
  2.45028241e+00 2.64637589e+00 1.80146190e+00 2.52102779e+00
  3.47342600e+00 3.63143572e+00 2.76074705e+00 4.66633289e+00
  2.61607834e+00 2.45007015e+00 2.65530150e+00 2.58658912e+00
  2.71568255e+00 3.43394884e+00 1.90388623e+00 2.17901447e+00
  2.57588771e+00 2.79762204e+00 4.72965917e+00]
 [4.87740631e+00 8.72735444e+00 5.34866895e+00 5.33352063e+00
  4.74052851e+00 2.69788103e+00 1.94364974e+00 2.31798131e+00
  1.16949737e+00 1.29505664e+00 3.59212111e+00 9.21909952e+00
  1.94354916e+00 3.61311681e+00 1.10039157e+00 1.20920256e+00
  3.08019822e+00 1.79370086e+00 1.23932358e+00 1.28357246e+00
  7.62119149e+00 9.57415653e+00 1.11960850e+00 1.57811571e+00
  4.04094690e+00 1.28014496e+01 6.28643816e+00 4.40945272e+00
  3.00026740e+00 3.67490902e+00 1.26048680e+00 1.19616927e+00
  7.40350509e+00 5.67284167e+00 9.45745786e+00]
 [1.14646760e+00 1.26467191e+00 7.99977421e-02 2.96600976e-01
  5.11649692e-01 9.94710321e-01 2.30827266e+00 5.28685298e-01
  7.67922849e-01 7.18055361e-01 1.24912698e+00 1.20176085e+00
  4.01627717e-01 3.07739941e+00 7.69612425e-01 1.24546100e+00
  5.17627521e-01 2.92494961e-01 1.16848021e+00 8.25588091e-01
  1.82539397e-01 1.48595569e+00 6.73941001e-01 3.86271005e-01
  8.91096855e-01 1.18930761e+00 1.45191246e+00 7.22676685e-01
  1.16142843e+00 2.34870978e+00 1.61302134e+00 1.60805515e+00
  1.81944449e+00 1.04507967e+00 8.59907954e+00]]