[[ 8.89525867  7.48364381  5.309272    7.35987574 14.55053623 13.29349018
  19.119559   16.88383726 16.11003871 17.00669686 11.71225376 11.25482189
  13.98444101 14.5803459  18.16798005 15.94835589 14.58464491  8.41504943
  15.81300518 16.6036096  10.54727033 12.11084107 17.47938624 16.19378947
   9.60050141  6.75441988  8.07131385 13.04006545 16.8911412  14.13033288
  17.31355342 15.1422874   1.51830115  0.84281906  9.69700918]
 [11.21686411 12.14228769  8.70302515 12.60881066 16.96954629 15.34115902
  17.85787053 18.43475081 13.6047182  14.51251299 10.62467403 13.04479122
  13.70976973 17.83837662 15.27471627 16.23464664 14.98889728 17.2927771
  15.98270937 14.10754892 11.7610478  13.724479   17.40672207 19.87134791
   8.83251083 12.25788628 11.90701125 12.00530447 14.60915448 16.37945371
  15.57849484 17.17463803 10.16442665  6.09247819 10.97251028]
 [ 9.83129012  8.88228035 11.97778225  5.08582869 17.26342509 14.96865337
  19.28974325 13.26210756 12.31466841 13.20053598 10.87880376 10.94924209
  12.43237444  9.71595091 11.0690143  10.90795989 11.51658996 14.25204121
  10.21904504 13.05280039 14.22215849  3.56007269 14.88100621 11.96210874
   9.11734198  5.52463106 10.4897473  10.39378091 10.68809269 11.36987948
   8.18081421  9.78782623  7.43053132  4.6216978   7.58149447]
 [ 4.7894953   6.83214272  4.94810496  4.5949188  10.8881708   7.90263608
  12.40338915 10.18663449  9.9242465  10.27451506  8.01575315  6.07786476
  15.01916242 10.45791121 12.27734565  9.50192216  8.07921467  2.79745697
  12.33264713 10.84528988  9.79598484  7.7191518  14.19327285  9.93623342
   4.65780187  4.54497391  6.27769113  6.42202369 10.9977436   9.55307368
  13.31884249 11.16048023  3.09964474  2.78623385 12.05323475]
 [10.6028429   9.67755471  7.61842277 11.42133882 12.67530133 13.18046251
  17.57049388 16.42990421 16.17261063 15.22786811 10.13900433 13.51027873
  11.17291986 12.48703119 15.9863581  14.97172301 16.4495501  12.9709202
  16.82922077 16.13553767 11.53854468 12.60678181 15.94060278 14.96972516
   5.84694319  7.55871086 10.51280236 12.50848485 15.29621798 17.04905367
  14.03656161 14.95029029 11.4470459   9.37062346  5.7483043 ]
 [12.5342718   5.7983551  12.71645092  6.36713316 18.75673248 15.90465905
  17.84269585 16.78815993 14.47652937 15.26288818 12.43917309 15.20444919
  16.54285879 15.41661494 16.11433712 16.87447581 18.13868698 11.64719563
  14.51571595 14.87948105 14.48224617 15.79259581 19.32044755 17.90890417
   6.42413804 10.45766343 10.37636672 15.52493    17.54434799 16.25516842
  14.96274259 14.3036651   5.62772872  2.5462665  14.1549249 ]
 [11.6393631   7.64231199  5.81515161  5.11970778 11.49612445 10.93808669
  14.86984977 16.40365123  8.41313282 12.91872374 12.40189497 10.98109435
  12.91696061  8.54816214 13.86918935 13.73776315 14.74312602  8.27028358
  14.36244584 14.04967648  6.02486818  8.73661649 13.73507626 12.56335721
   7.53868433  2.41523673  8.5430638  13.06986953 13.01262091 13.86030154
  11.71364153 13.81229099  4.93305579  1.31429031  3.3274977 ]
 [ 6.30318516  5.93730054  9.01839994 17.02915663 22.06870906 18.49785596
  21.41248845 19.26386109 17.71093449 20.56052679 11.51528739 14.6711649
  19.35638872 18.49188654 18.80577773 17.41009575 14.74200998 20.35842611
  15.11331115 18.64250308 18.41401272 18.72024343 21.18487198 20.06866356
   7.36934398  8.61719161  6.09277166  8.27472737 15.67473968 19.66142229
  17.2484835  16.00121942  7.4887409   4.01859929  7.46231753]
 [ 7.91561058  8.39681879 11.53343768  9.79546572 15.28054182 17.0928083
  13.75019253 12.80172758 10.46821087 10.09940923 10.64238079 10.95557965
  14.64681023 16.11102475 11.60192536 10.76368745  9.85871607  8.52108797
   9.74576231 10.26580787 12.54105799 14.02947459 14.40610841 14.31147408
   8.09651063  8.87542724  8.15658276  8.76121931 11.03768282 12.04993621
  12.21642645 10.80418322  7.36946497  8.88334811  8.55804802]
 [ 1.78897885  2.91517631  3.87140243  1.32080969  4.58881436  3.53603212
   7.61076081  0.92125066  4.93785392  1.82447298  3.24046612  0.49629365
   9.03689024  7.80682152 11.22320746  6.23641791  8.46898795  2.50974829
   3.52370814  1.62136687  1.37347173  0.80128785  1.20511345  1.18180011
   2.89186821  0.32188651  2.86922226  3.45037675  9.6735378   1.70132346
  15.92330963  9.77382385  1.11394569  1.26293024  3.33371099]
 [14.30684438 14.36260786 15.63622494 15.70546886 12.12998519 14.94148297
  11.20100724 12.37017851 12.22748447 12.75866156 14.96761232 15.02994954
  11.60130898 12.80304278 11.64329773 12.33151199 15.11685893 13.45668618
  11.1468412  12.75155019 14.36313152 15.79722062 12.49411098 13.90342696
  13.56022136 15.7097447  13.8426205  16.23171188 13.06866    14.58405271
  12.15816942 11.02377257 13.56598402 13.55922089 10.02815992]
 [17.07057938 15.70106717 17.86239437 12.99655163 21.46107883 17.75666325
  29.36467083 27.7837747  25.98608846 25.7164087  22.97558149 19.67477281
  25.14413318 22.27640654 27.04784101 29.73038607 24.51148668 26.0870549
  30.58938926 28.55186723 22.09397832 16.22290709 28.04614483 23.19015597
  22.19210779 11.89495232 16.29551496 22.51201739 34.13568611 26.27477892
  30.06704009 30.09480057  8.28810583 10.36153889 14.2425265 ]
 [ 4.13189104  3.76044439  5.16652627  5.42501191  1.56925445  9.59435695
   7.25213873  9.44827405  9.60211767  9.26919371  4.07204014  7.07180679
   7.99231487  8.55572469  7.62399291  9.10790645  9.12018839  0.63268034
   8.46077921  9.03203681  7.91703598  8.33580163  9.17836377  9.29841641
   1.34818893  7.7135956   2.24172155  3.68401595  7.11601862  8.96668398
   8.91239388  9.28029989  1.26669151  0.56508736  2.22657575]
 [17.49765676 14.63005448 30.65433929 29.40550109 39.9670388  40.69136999
  36.4596592  37.3190784  37.00094792 36.11696729 33.72479979 32.06646385
  39.15303532 36.72729231 36.35860564 32.79502289 33.44096029 28.77693561
  38.23651919 38.87712726 36.11347928 37.14136711 38.50069884 37.69953746
  25.31498771 22.61450217 18.86551235 30.16157659 35.10560491 33.29814485
  37.74863393 30.01241854  8.75369417  6.24934172 14.69652369]
 [ 5.48362393  6.33517277  2.76497659  4.76827765 11.03731146 12.20234696
  12.04286459 10.8663288   8.62385292  8.99341855  7.75258955  6.03109744
  11.44940643 13.23437023  8.86816294  9.82132675  7.84065912  4.29669365
   7.168049    8.94256863  9.16085893 10.47502662 11.65666471 12.38075804
   2.23525971  4.34109663  3.55809863  2.03105047  9.25637345  9.18576285
   7.64153333 10.39836565  4.7700737   4.16656934  8.48029516]
 [12.14463172 12.97207196 13.21951117 18.40644137 18.15943228 19.65066251
  17.18351258 15.8542663  11.77804904 13.22714004 14.57825434 16.60955637
  20.61723707 23.68026709 16.59808542 16.56615163 14.3836854  15.09485136
  14.83801159 13.25564286 15.0712478  15.1588422  18.88179232  8.38625207
  12.72035664 15.02999187 12.18870578 12.53196912 14.26197916 16.83444422
  15.85236155 17.55495553 11.20710269  9.94824376 10.27482099]
 [15.01169393 13.11519647 16.7775632  16.815645   17.86386264 21.07596185
  21.74251546 21.48315782 16.20043748 17.01292809 11.48313587 12.96078761
  14.93186069 15.98305116 19.09022887 19.59999669 14.85915196 15.97428545
  16.35329472 15.7830667  14.30169551 17.89015077 19.30486493 18.18574281
   6.70424404 10.07670935 14.92802522 18.88840593 16.66237462 20.62878474
  16.31232183 16.11049286  5.50469634  6.82603023  7.35875048]
 [14.70177643 14.8604696  17.64019249 18.82612525 22.90503771 19.03490183
  22.99668049 17.26011508 18.16540193 15.59462982 16.04946912 18.11750912
  18.83014607 15.06929973 18.91432498 13.86415552 17.07897569 20.97705689
  14.75360198 17.51959687 20.95434049 20.70162737 21.61278621 16.63312245
  14.62077073 15.30831372 15.57067967 15.69874502 16.35756736 18.25931706
  16.07279109 12.13547572 14.79795312 11.18819871 12.07638355]
 [ 7.90582093  7.96892417  9.9939676  17.70795149 28.92585809 20.28901989
  26.62644161 19.48351993 19.3254147  16.61456605 13.39840934 18.29447845
  31.09850346 25.50788554 27.67189177 19.50981468 20.76275797 24.93134543
  19.52282485 17.307483   19.36452689 20.06760347 33.26334914 21.60343874
   8.82750437 11.54480905  7.9801739  13.96007064 20.44217047 27.75467268
  27.39424176 14.5725412  11.05255528  6.26880947 11.18297821]
 [ 8.75402427 12.09545538  0.25780814  1.87542541  0.27275897  0.61662417
   3.73693999  1.1411842   2.25479192  2.72140416  4.30527284  5.80999778
   0.62250201  5.58101325  2.36442151  4.74335783  2.79303237  0.4992194
   5.27480968  2.82416218  0.20236657  0.76443898  1.2489876   0.75957575
   6.10551811 12.31078785 13.55702628  6.13799425  3.06778833  7.30648137
   5.58131568  6.06912654  8.38712316 10.38958917  4.12126748]]