[[9.77956825e+00 1.12372854e+01 5.94436225e+00 4.60339423e+00
  1.08602535e+01 8.63023049e+00 1.10423787e+01 1.28755205e+01
  1.42018675e+01 1.15176884e+01 3.12469228e+00 2.85184948e+00
  3.74360416e+00 2.10056327e+00 5.64261270e+00 5.78164674e+00
  1.68754102e+00 1.01243907e-29 3.47398351e+00 1.17459653e+01
  5.49637991e+00 4.43345200e+00 6.68996001e+00 6.12878825e+00
  6.12384496e+00 6.22637234e+00 8.04656750e+00 3.07228464e+00
  1.03785204e+00 9.09969053e-01 1.75327906e+00 1.46473473e+00
  2.52853744e+01 1.29208054e+01 7.93269539e+00]
 [4.67934215e+01 3.67465374e+01 1.26440088e+01 1.01075772e+01
  9.42705268e+00 1.91793044e+01 4.10080851e+00 5.92054483e+00
  4.85348442e+00 5.28358178e+00 9.34393267e+00 1.19836304e+01
  2.13492936e+00 3.51465161e+00 2.40875085e+00 3.11731493e+00
  2.88900452e+00 4.35601233e-30 1.57914607e+00 4.60904149e+00
  8.90263053e+00 9.32852599e+00 4.95103633e+00 1.70827116e+01
  2.68342802e+01 1.72946431e+01 3.20055831e+01 1.18894920e+01
  1.61472259e+00 1.63143679e+00 9.45803050e-01 9.85128489e-01
  5.06414454e+01 6.11253645e+01 1.63499876e+00]
 [5.99026299e+01 5.71019060e+01 1.58462870e+01 2.23825909e+01
  1.01077624e+01 9.79115767e+00 1.00142511e+01 1.14007378e+01
  1.36288995e+01 1.24199397e+01 8.19952174e+00 1.15069514e+01
  3.86397220e+00 4.58307232e+00 7.34846161e+00 7.47484089e+00
  4.96639967e+00 2.82718810e-29 5.12358924e+00 1.15952818e+01
  7.72019494e+00 1.68201748e+01 7.15892907e+00 8.27898337e+00
  2.69850446e+01 4.00134366e+01 5.15602772e+01 1.78535539e+01
  2.48448475e+00 2.98166605e+00 3.48832957e+00 2.55352635e+00
  3.79568159e+01 2.18619994e+01 1.26060382e+00]
 [2.92469086e+02 1.31317788e+02 3.56811010e+01 3.24605381e+01
  4.01025619e+01 6.38595161e+01 2.50054051e+01 2.69076771e+01
  3.30206853e+01 3.56489278e+01 3.73977584e+01 4.04546434e+01
  4.57985575e+00 4.66798265e+00 1.13846173e+01 1.40018382e+01
  1.31975072e+01 5.62312649e-29 8.27864401e+00 2.96664035e+01
  1.36906170e+01 2.38882219e+01 1.56264258e+01 1.50654542e+01
  1.70191420e+02 7.47957366e+01 1.03574547e+02 7.54605611e+01
  7.93110795e+00 5.40782724e+00 3.25738369e+00 3.51892448e+00
  1.98114661e+02 7.14456659e+01 4.78030562e+00]
 [8.71319224e+01 1.18097505e+02 1.56084259e+01 1.47391491e+01
  2.10461013e+01 1.46171799e+01 1.55579764e+01 1.99649288e+01
  2.14716129e+01 1.95487021e+01 7.37355709e+00 1.01589402e+01
  4.50246509e+00 4.21365797e+00 1.01842325e+01 1.23611074e+01
  7.05185787e+00 1.13904587e-29 6.15874514e+00 1.83051643e+01
  8.19074354e+00 1.01693947e+01 9.05111160e+00 9.49100068e+00
  2.28914650e+01 2.81514291e+01 8.00480453e+01 1.99504294e+01
  2.60046085e+00 2.93549187e+00 3.40410554e+00 3.08993581e+00
  5.87978831e+01 1.01022604e+02 2.72209638e+00]
 [5.49414814e+00 6.88196978e+00 5.42968023e+00 8.58225791e+00
  4.33983219e+00 3.32518374e+00 5.25993311e+00 7.46241894e+00
  8.45635944e+00 8.45657303e+00 2.25848797e+00 2.03193306e+00
  2.16480658e+00 1.18400974e+00 3.22190412e+00 2.77032869e+00
  1.43295599e+00 3.11999986e-30 1.85395955e+00 7.33451947e+00
  8.64169208e+00 2.74855441e+00 3.05632925e+00 2.69809235e+00
  4.41072980e+00 3.75812143e+00 6.26183691e+00 2.40170124e+00
  1.08427002e+00 7.57291425e-01 1.41122167e+00 8.33184265e-01
  2.56280141e+00 3.93187326e+00 1.57239467e+00]
 [4.90526104e+01 5.04531698e+01 1.34930693e+01 2.17111356e+01
  1.69277273e+01 1.37864190e+01 2.15347323e+01 1.44598183e+01
  2.28006835e+01 2.09421188e+01 5.54074706e+00 1.46974464e+01
  5.96474767e+00 5.64823929e+00 1.10156943e+01 9.17107489e+00
  7.00058846e+00 1.62786092e-29 8.07061984e+00 2.13943946e+01
  1.18115136e+01 1.08783716e+01 1.17904791e+01 1.01106626e+01
  1.53929997e+01 2.81331561e+01 4.69614459e+01 1.51055763e+01
  3.60690229e+00 4.93231937e+00 4.48495541e+00 3.38697463e+00
  6.74217338e+01 8.77778904e+01 5.51135088e+01]
 [2.33405041e+01 5.02196751e+01 6.48298203e+00 8.82886712e+00
  1.42551228e+01 2.31405607e+01 2.78255787e+01 1.81582470e+01
  2.83916460e+01 2.30533086e+01 1.15117754e+01 1.85672519e+01
  3.51276967e+00 2.19798977e+00 6.40386666e+00 6.61648601e+00
  3.18066978e+00 7.99774217e-30 3.47551108e+00 1.98955024e+01
  8.18455749e+00 6.30180340e+00 7.45504149e+00 6.51252328e+00
  2.05573441e+01 2.87153042e+01 2.32589102e+01 1.25972424e+01
  1.50464705e+00 1.36401257e+00 2.09975658e+00 1.82009414e+00
  4.32217877e+01 3.03096358e+01 1.26271439e+01]
 [2.40694728e+01 2.19409233e+01 1.57510556e+01 8.31922138e+00
  1.98609758e+01 1.09398466e+01 7.87821031e+00 9.33848230e+00
  1.06122692e+01 1.28081296e+01 6.10838592e+00 4.96446576e+00
  2.87698152e+00 2.36102758e+00 5.12920152e+00 4.40640429e+00
  3.34259166e+00 6.28969370e-30 3.23865184e+00 1.17444082e+01
  5.00745303e+00 5.29112593e+00 4.78429664e+00 4.92050773e+00
  1.40162711e+01 8.35278574e+00 1.72618271e+01 6.81095808e+00
  1.88502580e+00 1.84258450e+00 2.14412614e+00 1.53864700e+00
  1.32339002e+01 2.49321702e+01 3.07404079e+01]
 [7.47903465e+01 2.28351644e+01 1.38083186e+01 1.65002983e+01
  1.19478932e+01 4.83764670e+00 1.65364024e+01 1.66294268e+01
  1.37144110e+01 1.29468168e+01 7.82356827e+00 4.38178802e+01
  2.66269969e+00 2.25471104e+00 7.38423662e+00 4.74115626e+00
  2.87383916e+00 8.29743826e-29 3.41043450e+00 1.50978423e+01
  1.55243258e+01 1.34692382e+01 1.28218422e+01 7.65256674e+00
  1.48685216e+01 3.67980427e+01 2.23025305e+01 7.05947402e+00
  1.41772354e+00 2.71305389e+00 1.76940995e+00 1.24516848e+00
  6.06687433e+01 1.84477150e+01 3.88518859e+01]
 [8.53323080e+00 3.47290780e+01 9.69950932e+00 1.11761447e+01
  8.99075953e+00 1.01341426e+01 1.16035245e+01 1.47314761e+01
  2.01512469e+01 2.13942171e+01 6.24512522e+00 1.46427700e+01
  4.32447016e+00 5.03022389e+00 8.00233967e+00 7.80327894e+00
  3.66897749e+00 5.30692335e-29 5.22822602e+00 1.85400791e+01
  6.63980586e+00 1.18972764e+01 7.61204582e+00 7.90747403e+00
  1.12846829e+01 4.16106292e+01 1.51936621e+01 7.37227757e+00
  2.14375429e+00 2.54105468e+00 3.19392357e+00 3.39899351e+00
  7.47114300e+00 2.96080844e+01 6.10137644e+00]
 [2.77419801e+01 3.73042696e+01 1.06935037e+01 1.23671206e+01
  1.80516077e+01 1.54574755e+01 1.47636614e+01 1.33334847e+01
  2.42644932e+01 2.27329723e+01 7.30768115e+00 7.90706718e+00
  5.22532851e+00 4.30080045e+00 9.89033532e+00 8.58555625e+00
  5.62029959e+00 7.42470482e-29 5.81848787e+00 1.97353534e+01
  8.24839509e+00 7.42452087e+00 9.16024692e+00 1.02310924e+01
  1.93208079e+01 1.99070077e+01 3.74474030e+01 1.03842067e+01
  2.95891998e+00 3.02167794e+00 3.61017092e+00 2.82808198e+00
  5.36331615e+01 4.07616853e+01 2.28431876e+01]
 [7.15622928e+01 1.02628664e+02 1.33943101e+01 2.89129398e+01
  1.45610784e+01 1.23720957e+01 1.92467385e+01 1.65415146e+01
  2.44199850e+01 2.01578372e+01 8.64753965e+00 1.44398735e+01
  5.99376810e+00 4.47522965e+00 1.15568037e+01 8.63465955e+00
  8.42591493e+00 9.84509632e-30 6.77833794e+00 2.03139219e+01
  9.01752919e+00 1.29702175e+01 1.17579513e+01 9.47715156e+00
  2.09873609e+01 3.46013233e+01 6.58759807e+01 2.03035334e+01
  3.42691656e+00 3.86634596e+00 4.46430974e+00 2.64870673e+00
  4.16921184e+01 4.70958349e+01 1.64226113e+01]
 [1.43510406e+01 1.78541249e+01 1.92541450e+01 1.71616893e+01
  2.38087751e+01 2.00316859e+01 2.94596147e+01 2.89467480e+01
  2.67652716e+01 3.45966142e+01 1.14089956e+01 1.20664678e+01
  7.31091030e+00 6.34638420e+00 1.66619780e+01 1.49768551e+01
  7.25950721e+00 1.86304820e-28 8.55954781e+00 2.48561569e+01
  1.41554519e+01 1.28436807e+01 1.80389648e+01 1.55355268e+01
  1.22686758e+01 1.46028652e+01 1.64487966e+01 1.04040400e+01
  4.38952974e+00 4.82541890e+00 5.07923832e+00 4.35146801e+00
  8.24664802e+00 9.34265924e+00 2.94243275e+01]
 [3.10188207e+01 3.15376162e+01 9.04468836e+00 5.83530019e+00
  8.57045684e+00 7.07184396e+00 1.55899678e+01 1.48666062e+01
  2.09510315e+01 2.14676497e+01 4.87820523e+00 4.06466422e+00
  3.71335661e+00 2.24853596e+00 9.81202980e+00 6.88550612e+00
  4.02770808e+00 3.10156908e-29 4.33527218e+00 1.88025617e+01
  5.11136578e+00 3.78144251e+00 8.85846018e+00 6.18002774e+00
  1.23354526e+01 1.65214341e+01 2.87458865e+01 9.47625290e+00
  2.22564024e+00 1.80606635e+00 3.61624894e+00 1.80141423e+00
  2.45891838e+01 2.54707240e+01 1.20658342e+01]
 [8.90597602e+00 9.50295231e+00 5.14306774e+00 4.57543470e+00
  3.90246338e+00 3.89301046e+00 5.72989631e+00 7.28550257e+00
  1.13434132e+01 9.79579969e+00 2.80445105e+00 3.29511244e+00
  1.45811209e+00 1.40209373e+00 3.69682931e+00 3.20494546e+00
  1.89568585e+00 2.93973461e-30 1.76291363e+00 8.84332982e+00
  3.37992225e+00 3.94846825e+00 3.39961140e+00 3.84529447e+00
  4.97486949e+00 6.15822018e+00 8.39663477e+00 4.21520755e+00
  9.60477417e-01 8.82877296e-01 1.20542435e+00 9.71864161e-01
  3.11408241e+00 5.68290355e+00 7.81621512e+00]
 [3.54654724e+01 3.62156969e+01 3.68358776e+01 3.79522309e+01
  4.57872554e+01 5.33576975e+01 4.42076051e+01 4.16737954e+01
  4.40199198e+01 4.36516397e+01 3.62307203e+01 3.87010265e+01
  3.43940191e+01 3.45899657e+01 3.72432291e+01 3.67161642e+01
  3.28264973e+01 6.67924531e-29 3.48867589e+01 4.39250038e+01
  3.75506216e+01 3.68034853e+01 3.88764821e+01 3.92351766e+01
  5.42975932e+01 4.78812497e+01 3.41057439e+01 3.31342279e+01
  3.26911203e+01 3.31301155e+01 3.40291488e+01 3.35454940e+01
  4.01507342e+01 3.36263612e+01 1.35712861e+03]
 [1.39341483e+02 1.53307429e+02 1.90118730e+01 2.48810973e+01
  1.10906477e+01 1.28974198e+01 1.49395965e+01 2.16537981e+01
  2.13778059e+01 2.74750021e+01 1.09921242e+01 1.77558851e+01
  5.98849714e+00 6.00263717e+00 1.28638412e+01 1.19605476e+01
  9.48017037e+00 1.97841510e-29 9.17598652e+00 2.17001191e+01
  1.02154404e+01 1.08167101e+01 1.13674222e+01 1.15188543e+01
  3.13666046e+01 4.27105454e+01 8.96994216e+01 3.05924548e+01
  4.36734021e+00 4.57985061e+00 6.43442533e+00 4.90233209e+00
  9.92686189e+01 6.07081310e+01 2.39229253e+00]
 [1.65072182e+01 4.02409841e+01 6.36541431e+00 7.86094850e+00
  7.68213539e+00 1.05992046e+01 1.01805917e+01 9.28190021e+00
  1.13809935e+01 1.18363033e+01 3.73870166e+00 5.78109553e+00
  2.51317703e+00 1.86076790e+00 5.60558375e+00 4.47164879e+00
  2.81304997e+00 5.23838078e-29 3.57954852e+00 1.04390868e+01
  4.16400202e+00 5.01994114e+00 5.78193060e+00 4.22970958e+00
  7.03151883e+00 1.14482836e+01 1.80096111e+01 5.90562477e+00
  1.28709705e+00 1.55555837e+00 2.46838259e+00 1.60904001e+00
  6.72641872e+00 9.89082756e+00 3.79133283e+01]
 [2.96470480e+01 4.29721204e+01 1.21040179e+01 1.16794301e+01
  1.43171399e+01 1.91186565e+01 1.74411091e+01 1.96484079e+01
  2.41435484e+01 2.88630141e+01 4.94612329e+00 9.13443359e+00
  4.06839576e+00 4.82431755e+00 8.34294360e+00 8.73977773e+00
  3.30726881e+00 2.93827384e-29 4.64171472e+00 2.28818254e+01
  8.66898167e+00 7.74498625e+00 8.55215157e+00 9.77740861e+00
  1.08017996e+01 1.41162121e+01 3.08583121e+01 9.10564391e+00
  1.97453004e+00 1.94554755e+00 2.90548368e+00 2.32821919e+00
  1.34349737e+01 9.57988747e+00 4.77251091e+00]]