[[4.65462727e+02 3.77390732e+02 5.01290305e+02 1.57967033e+02
  9.14536314e+01 1.59534802e+02 7.91244113e+01 1.08757124e+02
  1.06124082e+02 7.49659951e+01 7.58403692e+01 2.89228104e+01
  1.47825827e+01 1.23968700e+01 3.37785217e+01 3.31233565e+01
  2.35091742e+01 4.80978559e-28 2.11268949e+01 8.18645883e+01
  4.30306821e+02 5.84196910e+01 4.11829167e+01 4.63209394e+01
  5.40225064e+02 3.08694750e+02 4.02704361e+02 9.51130600e+01
  9.40713902e+00 6.27911426e+00 9.94175302e+00 8.71703911e+00
  1.77588930e+03 1.28301393e+03 9.00031327e+01]
 [6.05313147e+02 4.64334429e+02 1.20963353e+02 6.81206795e+01
  5.75814041e+01 5.49821372e+01 4.90499731e+01 5.81813259e+01
  6.65925613e+01 6.84264666e+01 5.78051899e+01 5.20680816e+01
  1.50284200e+01 1.50645042e+01 2.79293722e+01 3.26464131e+01
  4.52227853e+01 2.83642762e-29 2.57416853e+01 6.86014789e+01
  5.30197416e+01 4.68103299e+01 3.38473780e+01 3.71415993e+01
  2.04288092e+02 1.64421967e+02 4.00917281e+02 1.49786175e+02
  1.95930859e+01 1.54540055e+01 1.13406924e+01 1.14222292e+01
  3.01051053e+02 4.88453186e+02 4.22739754e+00]
 [1.98078116e+02 2.51337528e+02 3.75618843e+02 2.01965996e+02
  3.68459904e+01 2.22761888e+01 2.57751317e+01 1.25555277e+02
  3.09075965e+01 3.00967759e+01 1.24000797e+02 3.28670603e+01
  5.68529837e+00 5.11289509e+00 1.38594526e+01 1.24641925e+01
  1.45357650e+01 4.63988662e-28 1.07599501e+01 2.82466616e+01
  2.74505016e+01 1.85799468e+01 1.73422035e+01 1.29632809e+01
  1.74784387e+02 1.89404073e+02 1.65872588e+02 3.47370124e+02
  5.31454441e+00 9.20109174e+00 6.03604966e+00 4.48243370e+00
  1.81973767e+02 1.20515304e+02 4.05643709e+00]
 [2.68806980e+02 2.44176810e+02 8.25176650e+01 1.43586910e+02
  4.27657176e+01 3.74519759e+01 4.09357249e+01 5.22510683e+01
  5.45845794e+01 4.92629553e+01 2.58318197e+01 4.76299092e+01
  6.19217008e+00 9.04422137e+00 2.00910695e+01 2.41044352e+01
  2.31923194e+01 6.63650490e-29 1.63432851e+01 4.39615944e+01
  2.60275660e+01 3.75361550e+01 2.17764533e+01 2.30269325e+01
  1.11729253e+02 1.22679209e+02 1.94354879e+02 9.32107924e+01
  8.56912003e+00 9.99850730e+00 6.18318273e+00 6.27094361e+00
  6.37441755e+02 3.46916873e+02 1.18799162e+01]
 [2.44925253e+03 2.58640791e+03 6.68380660e+02 2.03158786e+02
  6.59174016e+01 7.35532774e+01 6.26887426e+01 8.09591003e+01
  6.66227752e+01 7.64995629e+01 1.66793757e+02 7.95127459e+01
  2.44403171e+01 1.26872989e+01 2.62434150e+01 4.24736189e+01
  1.08176448e+02 6.13442865e-29 2.29822061e+01 6.56723595e+01
  1.34363511e+02 5.26442061e+01 2.90477132e+01 3.89545822e+01
  7.40175903e+02 4.27488276e+02 1.92729995e+03 4.16425887e+02
  3.21862880e+01 1.46345211e+01 6.78529938e+00 1.06274122e+01
  1.03760134e+03 3.37488700e+03 1.29764341e+01]
 [4.87443911e+01 5.54619155e+01 9.80394357e+01 7.59984680e+01
  3.61463573e+01 2.94117132e+01 2.64513455e+01 2.80057158e+01
  3.57861050e+01 3.20505279e+01 2.25525724e+01 1.84199597e+01
  9.03777366e+00 6.33974727e+00 1.51558111e+01 1.52079490e+01
  1.33918774e+01 5.67531098e-29 1.21204612e+01 3.30951990e+01
  5.76906133e+01 2.37644761e+01 1.63006495e+01 1.42062037e+01
  4.18903310e+01 3.74456265e+01 5.61925215e+01 2.22857070e+01
  7.77410158e+00 5.63764666e+00 6.40993173e+00 4.92562026e+00
  6.06224170e+01 1.03080421e+02 9.82270008e+00]
 [9.45812398e+02 1.06826587e+03 3.20263351e+02 2.34715941e+03
  1.20430162e+02 1.74053528e+02 8.53567935e+01 5.11213320e+01
  1.17412574e+02 1.77319731e+02 9.85485216e+01 1.60922350e+02
  3.31566607e+01 1.81823067e+02 4.34068231e+01 2.73816934e+01
  1.16315508e+02 2.67147495e-28 3.05146277e+01 8.00824548e+01
  9.17785970e+02 1.44973814e+02 5.61442793e+01 5.54933571e+01
  4.93016807e+02 1.29835016e+03 1.97494579e+03 2.94809020e+02
  2.93703390e+01 2.45564436e+01 1.83528397e+01 1.06273416e+01
  4.96916750e+03 2.57593276e+04 5.81223549e+02]
 [1.20360426e+02 1.83305374e+02 5.14663199e+01 8.99277105e+01
  3.58604868e+01 3.60190865e+01 3.23724702e+01 3.72044551e+01
  3.07261376e+01 3.58554460e+01 3.23002158e+01 2.95365885e+01
  1.72031737e+01 1.25395628e+01 1.93516534e+01 2.36994859e+01
  2.37384527e+01 2.88960105e-29 2.08402988e+01 3.15293230e+01
  2.48683820e+01 3.33121664e+01 2.32713537e+01 2.14038801e+01
  7.91351904e+01 1.14490154e+02 1.25183804e+02 1.19092906e+02
  1.22088011e+01 1.01005607e+01 1.07844849e+01 1.20025573e+01
  1.29962602e+03 2.16413350e+02 6.19621710e+01]
 [1.37781365e+02 1.40351690e+02 5.36235566e+01 1.90472096e+02
  3.04010603e+01 5.10791815e+01 3.41025004e+01 9.25015059e+01
  5.13526248e+01 8.82491144e+01 3.26545830e+01 2.90843344e+01
  1.31118880e+01 6.54939777e+00 1.87280779e+01 1.94352470e+01
  2.00032581e+01 1.97998352e-28 1.39543140e+01 5.29039970e+01
  2.81044776e+01 7.69162853e+01 2.59965631e+01 2.05600370e+01
  7.11450518e+01 2.89529848e+02 7.94825960e+01 3.52216112e+01
  1.31606141e+01 6.51666142e+00 7.43418023e+00 6.33598270e+00
  1.33373344e+02 5.20161819e+02 2.69604761e+02]
 [2.85016644e+02 2.71323238e+02 1.81289812e+02 6.01305363e+02
  1.88560498e+02 1.12250509e+02 9.11069636e+01 7.99323122e+02
  2.47315626e+02 5.00296491e+02 1.00640253e+02 2.66559188e+03
  3.66158898e+01 3.18430649e+01 3.65669246e+01 4.71919211e+01
  2.39150767e+01 6.06112860e-27 1.00386402e+02 7.36042230e+02
  6.30912967e+02 8.85268730e+02 4.78531309e+02 3.75575996e+02
  2.03681978e+02 2.11634748e+03 1.88002487e+02 1.38412774e+02
  1.14421584e+01 7.81343537e+01 1.09250047e+01 1.62144650e+01
  6.95406782e+02 2.58635764e+02 2.37286335e+02]
 [4.88710863e+01 6.81673598e+01 8.92765231e+01 1.88184013e+02
  5.18846181e+01 3.71063279e+01 3.73569961e+01 3.23789550e+01
  3.97444745e+01 3.70567062e+01 2.46885154e+01 3.50154783e+01
  1.13668230e+01 1.09793020e+01 2.18604378e+01 1.62694108e+01
  2.20040938e+01 1.92056958e-28 1.18258174e+01 3.87959818e+01
  3.06713857e+01 3.13603248e+01 2.54225851e+01 2.11029109e+01
  4.87984268e+01 9.96232304e+01 7.18959113e+01 4.14979886e+01
  9.86668868e+00 8.86535908e+00 7.28833079e+00 7.95178040e+00
  5.67905609e+01 6.69901059e+01 1.90459771e+01]
 [1.34368089e+02 1.41262855e+02 1.14031539e+02 5.58904137e+02
  5.51978134e+01 6.90784355e+01 4.43690976e+01 4.37347149e+01
  6.78984526e+01 6.70569834e+01 3.53888291e+01 4.42834421e+01
  1.53857659e+01 1.18674055e+01 2.70956664e+01 2.11151785e+01
  4.63459037e+01 4.21785954e-28 1.50118582e+01 5.71863195e+01
  4.68191735e+01 4.51937187e+01 3.34472105e+01 4.97276066e+01
  8.53037896e+01 4.26086598e+02 3.09003960e+02 4.75259303e+01
  8.89834742e+00 1.61238175e+01 7.32578708e+00 7.79293884e+00
  2.42856388e+03 3.04783195e+02 1.10320998e+02]
 [2.80159643e+02 3.28151272e+02 2.46239944e+01 5.29195690e+01
  1.94458228e+01 1.06943354e+01 1.87190967e+01 1.53048869e+01
  2.01898031e+01 1.89822824e+01 2.28110497e+01 2.38039158e+01
  5.94573475e+00 3.56576219e+00 1.04975156e+01 7.80016721e+00
  2.04824724e+01 2.12630684e-29 8.92148066e+00 2.13280352e+01
  1.02824773e+01 1.29672317e+01 1.44116140e+01 7.76138621e+00
  8.02286947e+01 9.22289107e+01 2.30789935e+02 6.24900651e+01
  6.49154428e+00 5.12810054e+00 4.91493923e+00 2.52064818e+00
  1.35402330e+02 2.25122234e+02 1.03722836e+02]
 [1.47738851e+02 2.00986044e+02 1.22063473e+02 1.65720220e+02
  1.58857835e+02 1.17776022e+02 1.31533624e+02 1.12133123e+02
  9.97700436e+01 1.05762628e+02 9.80155875e+01 1.03856520e+02
  2.51330635e+01 2.91439834e+01 6.14088144e+01 3.88299125e+01
  9.77720042e+01 1.09344283e-27 2.68404723e+01 9.48759081e+01
  7.48315155e+01 7.78766384e+01 8.77610972e+01 6.53701145e+01
  1.26252263e+02 1.31492439e+02 2.06844616e+02 1.52515311e+02
  3.07663490e+01 4.40496802e+01 1.75967828e+01 1.07297726e+01
  1.18375498e+02 1.80753633e+02 1.68995493e+02]
 [2.23235453e+03 1.26205855e+03 2.07986024e+02 8.68865115e+01
  3.82296649e+01 4.91795092e+01 7.09121837e+01 1.02229774e+02
  9.68958167e+01 1.03978087e+02 7.72251006e+01 5.75877091e+01
  9.16416539e+00 8.09081699e+00 3.98137301e+01 4.31907891e+01
  9.45982072e+01 7.63250144e-28 2.75126144e+01 8.82886934e+01
  3.48383371e+01 1.98731304e+01 3.05675418e+01 3.70745432e+01
  7.91471251e+02 1.15668947e+03 1.89945878e+03 6.93184364e+02
  2.27435650e+01 1.45312372e+01 1.38050451e+01 1.06741736e+01
  6.40478151e+03 1.72190967e+03 6.12792054e+01]
 [9.19581181e+01 1.02961482e+02 5.45730187e+01 5.28475038e+01
  3.69834168e+01 2.97374956e+01 3.41535507e+01 3.62806326e+01
  4.66101464e+01 4.59643664e+01 2.52350887e+01 3.12805475e+01
  8.85104367e+00 8.85348720e+00 1.93798655e+01 1.76418570e+01
  1.50708225e+01 2.10289098e-29 1.35910125e+01 4.47857315e+01
  3.19138525e+01 9.32673470e+01 2.34835073e+01 3.48397422e+01
  5.02910611e+01 6.77935549e+01 8.55909211e+01 4.06516992e+01
  8.30388745e+00 6.38602994e+00 6.90961732e+00 5.34960090e+00
  3.03594628e+01 6.85784065e+01 6.97923612e+01]
 [5.53175732e+01 4.51754935e+01 6.62870265e+01 3.62263161e+01
  2.71249033e+01 2.69487466e+01 2.85704922e+01 3.00980482e+01
  3.48107595e+01 3.19901368e+01 1.84178783e+01 2.28609730e+01
  1.62729778e+01 1.79862079e+01 2.23656627e+01 1.89423361e+01
  1.83190782e+01 2.56540651e-29 1.81186995e+01 3.97632349e+01
  2.33105745e+01 2.34913440e+01 2.24119335e+01 2.19947690e+01
  4.22866183e+01 3.61807816e+01 2.66995309e+03 1.92775964e+01
  1.42498485e+01 1.12215484e+01 1.27650065e+01 1.20562166e+01
  1.23758232e+02 2.62741155e+01 3.64127232e+02]
 [6.62917526e+02 7.28559267e+02 8.85306744e+01 1.18805713e+02
  3.73250375e+01 3.77544988e+01 3.26048096e+01 3.73159182e+01
  4.84380933e+01 5.69071921e+01 3.60712709e+01 6.65777089e+01
  1.06525879e+01 1.04277769e+01 2.23776169e+01 1.98423873e+01
  3.33286937e+01 8.03354039e-29 1.62046686e+01 5.33387235e+01
  3.23474238e+01 4.11747045e+01 2.18625771e+01 2.05975467e+01
  1.36547503e+02 1.85889077e+02 4.02973018e+02 1.22158449e+02
  1.16253174e+01 1.10586228e+01 8.45192464e+00 6.92818647e+00
  5.18263788e+02 5.63710611e+02 9.33243453e+00]
 [1.14087351e+02 2.06619445e+02 4.08168463e+01 5.38339928e+01
  3.53439835e+01 3.17422949e+01 3.99241539e+01 3.31997342e+01
  4.40583497e+01 3.85836981e+01 1.99349477e+01 3.18268840e+01
  7.99858338e+00 6.06839895e+00 1.74090077e+01 1.46168999e+01
  1.72212106e+01 2.06006838e-28 1.00542860e+01 3.84504439e+01
  2.06476304e+01 2.30877142e+01 2.22309702e+01 2.75626715e+01
  4.22196336e+01 8.57330337e+01 1.30686124e+02 4.67988586e+01
  5.36516013e+00 6.85263977e+00 6.26964418e+00 6.52185073e+00
  3.64987992e+01 7.28277114e+01 1.10043862e+02]
 [2.61416160e+02 3.71497815e+02 6.30373761e+02 4.27452205e+02
  7.98449836e+02 7.66438605e+02 5.02267767e+01 8.54985515e+01
  5.98638787e+01 8.00668016e+01 4.28937674e+01 9.33029402e+01
  1.94543834e+01 1.30554892e+01 3.15431370e+01 2.80968212e+01
  3.22564487e+01 7.44680428e-28 2.55308238e+01 8.14358628e+01
  4.55769146e+02 2.32885579e+02 4.30858630e+01 6.60666183e+01
  1.23552692e+02 1.17632144e+02 2.41398022e+02 1.70894995e+02
  1.11059089e+01 1.02603248e+01 1.98195174e+01 1.14138640e+01
  1.91703024e+02 9.55829220e+01 2.24566623e+01]]