[[1.55071105e+01 1.84259164e+01 1.25098974e+01 1.41638421e+01
  2.82682261e+01 3.88784050e+01 9.73688575e+01 1.75092949e+02
  1.93720103e+02 1.51436519e+02 4.61122712e+00 5.36378947e+00
  5.88849641e+00 5.77069038e+00 3.84717637e+01 4.19378135e+01
  2.70385803e+00 6.03349094e-29 1.57438069e+01 1.62526842e+02
  1.02482846e+01 1.28948218e+01 3.04000607e+01 4.22214153e+01
  8.45745060e+00 9.48618825e+00 1.34278873e+01 4.75030570e+00
  1.65125424e+00 1.73486705e+00 6.17456926e+00 4.78561609e+00
  4.30642135e+01 2.16949205e+01 7.76580234e+00]
 [7.95696902e+01 6.74161302e+01 1.08305763e+01 1.43396883e+01
  7.04883969e+00 7.68331002e+00 9.83143375e+00 1.54841814e+01
  1.67195255e+01 1.36865925e+01 6.51255682e+00 8.16400314e+00
  3.26720961e+00 4.83095954e+00 5.11164443e+00 4.85144087e+00
  4.60998063e+00 4.65287083e-30 2.53516939e+00 1.12866150e+01
  5.70178836e+00 6.38472412e+00 6.30072781e+00 6.21606525e+00
  2.37171101e+01 2.60225277e+01 6.53128996e+01 2.13690064e+01
  1.98099775e+00 1.76175028e+00 2.00150743e+00 1.49035774e+00
  2.72201631e+01 3.24535299e+01 1.23334597e+00]
 [3.21156064e+01 2.85922766e+01 8.86799279e+00 8.60029946e+00
  7.35324251e+00 9.21245931e+00 1.45018383e+01 2.37190438e+01
  6.10287197e+01 5.39096484e+01 3.86925960e+00 3.43096169e+00
  2.29996693e+00 4.20520859e+00 1.00585892e+01 1.34531813e+01
  2.72377816e+00 4.61686306e-29 7.43778040e+00 4.91443959e+01
  4.32153985e+00 4.43236965e+00 7.13112743e+00 1.24104998e+01
  1.39441275e+01 1.72564369e+01 2.69060367e+01 8.90107181e+00
  1.04393585e+00 1.32859555e+00 3.10363474e+00 3.15352578e+00
  2.23251150e+01 9.70203999e+00 7.60231084e-01]
 [2.56198186e+02 2.67533855e+02 5.81742298e+01 6.36299500e+01
  5.07008047e+01 6.14929904e+01 8.44738853e+01 1.27238550e+02
  1.35553284e+02 1.36724122e+02 3.66092402e+01 4.33871054e+01
  8.14271887e+00 1.40951150e+01 4.09996392e+01 5.81399924e+01
  3.14293655e+01 1.06615638e-28 3.51145920e+01 1.11585607e+02
  3.12828385e+01 3.82653206e+01 3.57509839e+01 4.97816788e+01
  1.14560521e+02 1.05100323e+02 2.01842016e+02 9.63327380e+01
  1.31480276e+01 1.36783177e+01 1.36551962e+01 1.18300477e+01
  1.66923931e+02 1.04927411e+02 4.82582926e+00]
 [1.19936657e+02 1.68162924e+02 1.95722562e+01 1.91076646e+01
  1.43665703e+01 1.70648392e+01 3.12605109e+01 6.56878570e+01
  4.64093183e+01 4.61906285e+01 1.03233525e+01 1.14063672e+01
  4.24341377e+00 5.71541214e+00 1.98668627e+01 3.31570179e+01
  1.03040774e+01 1.94285887e-29 1.24906836e+01 3.83620251e+01
  8.73171728e+00 8.95171477e+00 1.30855698e+01 2.09708600e+01
  3.32961390e+01 3.78082901e+01 1.13560297e+02 2.89476998e+01
  3.54680354e+00 3.06498262e+00 4.61648123e+00 6.20807770e+00
  7.62811539e+01 1.41952735e+02 2.00496546e+00]
 [7.11113576e+00 7.39257580e+00 6.00183479e+00 4.98753760e+00
  4.70680442e+00 4.61174907e+00 1.01482193e+01 2.32783840e+01
  2.73324446e+01 1.90613915e+01 2.36472605e+00 2.04996565e+00
  1.69397977e+00 1.47122941e+00 6.68223182e+00 6.78243877e+00
  1.71812393e+00 2.76749354e-30 4.22255020e+00 1.86483543e+01
  3.71921927e+00 2.78251923e+00 4.39361211e+00 5.45280081e+00
  4.89246846e+00 3.91205366e+00 7.42362483e+00 3.04448604e+00
  1.01590647e+00 7.83961389e-01 2.01205882e+00 1.18767059e+00
  2.68039802e+00 2.47999598e+00 1.50635804e+00]
 [2.91582579e+01 3.09761747e+01 1.27774118e+01 1.88599678e+01
  1.63133540e+01 1.42478300e+01 3.12062568e+01 3.14824806e+01
  5.80880270e+01 6.39367563e+01 4.66289525e+00 8.01768058e+00
  4.79888715e+00 4.77076477e+00 1.66253898e+01 1.82903927e+01
  4.35692098e+00 2.10948432e-29 1.24953621e+01 5.40417677e+01
  1.24398794e+01 8.45277826e+00 1.43329987e+01 1.26845192e+01
  1.08205813e+01 1.68444417e+01 2.91186919e+01 9.16829430e+00
  2.42438549e+00 2.45383877e+00 4.74188580e+00 4.22478577e+00
  4.08502264e+01 5.28609764e+01 4.16422869e+01]
 [1.22313504e+01 1.64901436e+01 5.70419978e+00 6.47698399e+00
  7.16835502e+00 9.06367299e+00 2.06385872e+01 4.20842402e+01
  3.53663313e+01 3.38513220e+01 3.32438738e+00 4.65921332e+00
  2.14634346e+00 2.60992221e+00 9.13836042e+00 1.28723358e+01
  2.38977125e+00 3.62268675e-30 5.16709677e+00 2.91061338e+01
  3.69689983e+00 3.96343220e+00 6.26528944e+00 9.75674419e+00
  7.25526458e+00 8.13035089e+00 1.15320587e+01 5.54949922e+00
  1.02666524e+00 1.14616359e+00 2.15947216e+00 2.61158362e+00
  2.68847971e+01 1.08890545e+01 3.75974410e+00]
 [3.81190398e+01 3.16271830e+01 2.33958076e+01 1.52057629e+01
  2.34658519e+01 2.22029566e+01 3.91667540e+01 7.44491295e+01
  6.79835466e+01 6.82140188e+01 1.03942690e+01 7.30763967e+00
  5.59003288e+00 4.17857686e+00 1.62189534e+01 1.99423343e+01
  7.05517726e+00 5.24727552e-30 1.21136718e+01 5.95248518e+01
  1.39901851e+01 8.76576157e+00 1.56313314e+01 1.83685378e+01
  1.66876797e+01 1.34041878e+01 2.97558435e+01 1.33228443e+01
  3.66815008e+00 2.52830404e+00 4.60281071e+00 4.72475575e+00
  8.44197647e+00 1.39588009e+01 2.02518051e+01]
 [2.28300633e+01 2.22914087e+01 7.14379354e+00 1.09547706e+01
  1.02201455e+01 9.93233110e+00 4.85716510e+01 5.89588618e+01
  9.92917606e+01 8.44426611e+01 4.51262444e+00 3.01453273e+01
  2.79084459e+00 3.43731356e+00 3.40784389e+01 3.39021865e+01
  4.18861492e+00 5.96035355e-29 2.10675451e+01 7.45226717e+01
  8.66909204e+00 9.06826519e+00 1.85448621e+01 1.83652065e+01
  1.06093198e+01 2.53796516e+01 1.94158575e+01 7.94146785e+00
  1.75795817e+00 2.22689971e+00 6.32249498e+00 5.36191036e+00
  2.15789398e+01 1.52842781e+01 1.44114229e+01]
 [1.34853531e+01 1.37867052e+01 1.90632058e+01 1.57991483e+01
  2.53114848e+01 1.99368043e+01 3.69738924e+01 3.37773070e+01
  4.45546940e+01 4.23422582e+01 5.83236374e+00 6.36330982e+00
  4.52783511e+00 5.54542416e+00 1.38551614e+01 1.38926984e+01
  3.51840893e+00 1.08755658e-28 8.10183580e+00 3.68878964e+01
  1.16988619e+01 1.07228171e+01 1.48084702e+01 1.28000879e+01
  8.86184988e+00 1.09448390e+01 1.21560029e+01 6.05268221e+00
  2.15475736e+00 2.10821326e+00 3.63495516e+00 3.57664846e+00
  3.07533977e+00 5.32684340e+00 3.75101928e+00]
 [2.28047868e+01 2.37632246e+01 9.43051727e+00 1.05729528e+01
  1.51539456e+01 1.40955708e+01 3.01039581e+01 2.68622828e+01
  5.31415907e+01 5.62930504e+01 5.52261582e+00 6.41141420e+00
  3.98534692e+00 3.99035188e+00 1.32026333e+01 1.01940635e+01
  5.53316526e+00 1.30623111e-28 6.42482317e+00 4.29108351e+01
  8.65637618e+00 8.44373921e+00 1.28226222e+01 1.13545941e+01
  1.07258332e+01 1.03595849e+01 2.12787605e+01 8.40997850e+00
  2.67051870e+00 3.01151895e+00 3.49610359e+00 2.63088554e+00
  4.81076252e+01 3.45880985e+01 1.83151008e+01]
 [4.69272927e+01 5.83128254e+01 1.34447426e+01 1.74588302e+01
  1.99248165e+01 1.28205566e+01 6.48768807e+01 3.76657450e+01
  8.72187436e+01 5.73820233e+01 7.41200677e+00 9.89568097e+00
  6.53849299e+00 3.88686472e+00 3.44556766e+01 1.93393493e+01
  7.43433142e+00 1.72239296e-29 1.37561655e+01 5.26171601e+01
  8.46239604e+00 8.47354612e+00 2.32047453e+01 1.39396012e+01
  1.75742934e+01 2.21127306e+01 4.23286977e+01 1.57386082e+01
  2.78223289e+00 3.07498474e+00 9.91193910e+00 4.32375930e+00
  2.37345298e+01 2.45212684e+01 1.73306605e+01]
 [5.45710445e+01 5.45729068e+01 7.96533790e+01 5.98388979e+01
  7.81305376e+01 6.94921624e+01 1.12306430e+02 1.11621758e+02
  1.02372032e+02 1.20868845e+02 3.21886230e+01 2.96724066e+01
  1.49887257e+01 1.63877771e+01 6.20416479e+01 5.49321223e+01
  2.30418377e+01 5.09129073e-28 3.34827410e+01 8.57599230e+01
  5.01790520e+01 4.02498019e+01 5.59835456e+01 4.87484709e+01
  4.27746181e+01 3.94412820e+01 5.24237892e+01 3.40050524e+01
  1.20167125e+01 1.02848920e+01 1.73862271e+01 1.89250207e+01
  1.32147966e+01 1.13204883e+01 2.51285060e+01]
 [5.21853650e+01 5.75773177e+01 2.86174020e+01 2.56440332e+01
  3.43397442e+01 2.87147155e+01 1.05848993e+02 1.10266101e+02
  1.65038184e+02 1.57600542e+02 1.22456940e+01 1.25067540e+01
  8.54981595e+00 6.42158295e+00 5.87667887e+01 5.60674840e+01
  1.23840383e+01 7.61185413e-29 3.39471999e+01 1.30397418e+02
  1.66572023e+01 1.41393769e+01 3.90816236e+01 3.11301167e+01
  2.69739705e+01 3.63760858e+01 5.13047399e+01 2.28112229e+01
  5.59831658e+00 5.13189392e+00 1.69822009e+01 1.07716006e+01
  2.84617906e+01 2.91354018e+01 1.62499532e+01]
 [1.79572365e+01 1.83751943e+01 1.00572652e+01 9.00801792e+00
  1.15330560e+01 1.35185126e+01 3.69205914e+01 5.82460370e+01
  8.72048849e+01 6.89715920e+01 4.20080630e+00 4.79103223e+00
  2.42484158e+00 2.98054347e+00 1.34020851e+01 1.44729538e+01
  3.05573370e+00 6.54930555e-30 4.79244470e+00 5.90302201e+01
  5.42153476e+00 6.45028337e+00 1.19823278e+01 1.58402517e+01
  9.10657635e+00 1.03909687e+01 1.68250877e+01 7.23952462e+00
  1.32287115e+00 1.01424094e+00 2.26165699e+00 2.36024826e+00
  3.86354241e+00 5.71528595e+00 1.21119631e+01]
 [1.74456924e+01 1.63671629e+01 1.87578743e+01 1.77157612e+01
  2.27915787e+01 2.19579287e+01 4.61840189e+01 5.52635683e+01
  8.40897216e+01 6.62789752e+01 1.21243364e+01 1.29635735e+01
  1.27144762e+01 1.34538954e+01 3.20529863e+01 2.82957650e+01
  1.08391126e+01 2.50553167e-29 1.96573786e+01 6.84376384e+01
  1.61507823e+01 1.57977262e+01 2.28354692e+01 2.31611277e+01
  1.62962404e+01 1.43164956e+01 2.22767822e+01 1.18250322e+01
  1.01901296e+01 1.04696373e+01 1.41285518e+01 1.35755103e+01
  1.16978433e+01 1.07441619e+01 3.90847775e+02]
 [3.03866750e+02 3.28418810e+02 2.21902411e+01 2.99617451e+01
  1.17637873e+01 1.81926835e+01 2.24756105e+01 6.12754936e+01
  4.33483461e+01 6.50252083e+01 1.20949788e+01 1.93608471e+01
  7.53355672e+00 1.52634330e+01 1.68847649e+01 3.04480268e+01
  1.24281037e+01 6.60386412e-29 1.20134647e+01 3.81493975e+01
  8.72212634e+00 1.14946515e+01 1.35243453e+01 2.63017018e+01
  5.40554163e+01 7.00160526e+01 1.87151961e+02 5.11545767e+01
  4.17711889e+00 4.26161578e+00 8.12530976e+00 1.23026862e+01
  2.42475381e+02 1.37556235e+02 2.05764810e+00]
 [1.04201592e+01 1.28266970e+01 1.07405519e+01 7.77188529e+00
  2.29650353e+01 1.19874003e+01 3.41185630e+01 2.29160615e+01
  3.22679394e+01 2.93382135e+01 4.55144607e+00 3.82996093e+00
  4.79093005e+00 2.50484145e+00 1.48014017e+01 1.15799620e+01
  2.70164297e+00 9.12831933e-29 9.14047390e+00 2.82958952e+01
  9.50575451e+00 5.26115611e+00 1.85180896e+01 9.11528152e+00
  6.12686477e+00 6.88669776e+00 9.86606646e+00 4.75208961e+00
  1.66633370e+00 1.36148208e+00 4.79406653e+00 3.24631792e+00
  2.73231871e+00 3.94223720e+00 2.25260493e+01]
 [2.56104163e+01 3.82916690e+01 1.19580907e+01 1.18105438e+01
  1.32473874e+01 1.43984452e+01 4.14095624e+01 5.40906389e+01
  7.79086939e+01 9.61550293e+01 3.88974228e+00 7.92125026e+00
  4.33265473e+00 5.03966221e+00 1.80154893e+01 1.86358653e+01
  2.58072781e+00 2.79047757e-29 7.26004188e+00 6.31672077e+01
  6.92339507e+00 6.91601910e+00 1.54061767e+01 1.58483838e+01
  8.75163167e+00 1.36714283e+01 2.78038175e+01 8.28379848e+00
  1.45733155e+00 1.30042357e+00 4.03370608e+00 3.18988309e+00
  1.07588953e+01 6.89393021e+00 3.68830765e+00]]