[[1.44567031e+01 1.25059507e+01 9.46067856e+00 8.77216462e+00
  1.32865154e+01 1.24649322e+01 2.34382447e+01 2.49496077e+01
  2.54468402e+01 1.92787104e+01 4.44304781e+00 3.91952307e+00
  3.78976677e+00 2.71212496e+00 9.32690243e+00 8.28232847e+00
  3.81364551e+00 3.00346554e-29 5.10259224e+00 2.03931176e+01
  7.68820412e+00 6.74593583e+00 1.09535983e+01 9.84163855e+00
  7.16541238e+00 5.50204173e+00 1.32255782e+01 5.38966119e+00
  2.16230832e+00 1.47198075e+00 2.88188346e+00 2.13309258e+00
  4.95673003e+01 2.56036965e+01 8.91965007e+00]
 [5.57524547e+01 4.49669860e+01 2.33859266e+01 1.95709558e+01
  1.95734427e+01 1.67352072e+01 1.91124027e+01 2.00620543e+01
  1.92926944e+01 1.90708471e+01 1.14744426e+01 1.09919163e+01
  5.01087784e+00 6.14455190e+00 1.02576609e+01 1.12193675e+01
  9.03313466e+00 5.91770541e-30 7.10007826e+00 1.82470905e+01
  1.46994165e+01 1.32618623e+01 1.21210959e+01 1.27018824e+01
  2.31986967e+01 2.19523351e+01 4.46185219e+01 1.98340238e+01
  5.45455072e+00 3.72714764e+00 3.90817648e+00 3.96433067e+00
  2.43095596e+01 2.70587368e+01 1.00875070e+00]
 [5.61892652e+01 5.22744967e+01 1.72201126e+01 1.65923076e+01
  8.06502562e+00 7.45357906e+00 7.13912291e+00 7.76020287e+00
  7.78513602e+00 8.30230977e+00 6.35823047e+00 6.10437250e+00
  2.14340253e+00 1.93949645e+00 3.72305179e+00 3.95213006e+00
  3.95689733e+00 1.48148569e-29 2.64555520e+00 7.60156081e+00
  6.86982527e+00 6.41962682e+00 4.61118383e+00 4.83595934e+00
  2.31224165e+01 3.25012330e+01 4.73739180e+01 1.49336915e+01
  1.37890295e+00 1.57668786e+00 1.38813632e+00 1.27134918e+00
  3.00979341e+01 1.14382025e+01 6.98882949e-01]
 [7.63395827e+01 7.61176144e+01 2.65932265e+01 3.04177518e+01
  2.23580117e+01 2.25684205e+01 2.77653634e+01 3.14369792e+01
  3.43087455e+01 3.35283515e+01 1.58704437e+01 2.09983529e+01
  4.05750167e+00 5.14727316e+00 1.39246319e+01 1.41682711e+01
  1.65136593e+01 4.15485309e-29 1.03333463e+01 3.09554931e+01
  1.32090063e+01 1.85382579e+01 1.68368996e+01 1.56921711e+01
  4.06851500e+01 3.88240055e+01 6.03248694e+01 3.73052338e+01
  5.67812123e+00 5.89631946e+00 4.44439898e+00 3.94759654e+00
  6.33977150e+01 3.76191259e+01 2.91967510e+00]
 [2.71745836e+02 4.26660963e+02 3.29278393e+01 5.06144723e+01
  1.33631310e+01 1.46422269e+01 1.82175810e+01 2.23255165e+01
  1.93851827e+01 1.86314732e+01 1.51922022e+01 2.26973578e+01
  3.58014603e+00 3.73588402e+00 8.51460948e+00 9.21361670e+00
  1.70973552e+01 1.58863805e-29 5.18580258e+00 1.80249296e+01
  1.12850933e+01 1.39860122e+01 8.81579482e+00 9.59033265e+00
  6.49451346e+01 9.09009936e+01 2.68792338e+02 5.93686167e+01
  4.03821382e+00 4.65786067e+00 2.29906615e+00 2.13741390e+00
  1.71477225e+02 3.15255686e+02 1.98291993e+00]
 [1.18764358e+01 1.11771381e+01 1.40766206e+01 9.61129894e+00
  1.06951515e+01 7.91757692e+00 1.14946831e+01 1.00544681e+01
  1.31098109e+01 1.08977526e+01 4.64537731e+00 3.72509163e+00
  3.37883079e+00 2.11810899e+00 6.16614249e+00 4.95239682e+00
  3.84741814e+00 5.04099935e-30 3.67480485e+00 1.12633317e+01
  8.43016829e+00 4.94547718e+00 7.21144553e+00 5.60676993e+00
  8.22590228e+00 6.05180810e+00 1.27233113e+01 5.46634505e+00
  2.30170028e+00 1.49900558e+00 2.44516144e+00 1.48875663e+00
  4.64963087e+00 4.94444951e+00 2.11311656e+00]
 [4.51228717e+01 5.89461955e+01 3.29986088e+01 3.97703089e+01
  1.67050093e+01 1.41365984e+01 1.64632510e+01 1.32047327e+01
  1.72771609e+01 1.78993143e+01 6.07409474e+00 1.53776369e+01
  5.16665136e+00 6.09129879e+00 9.08074631e+00 7.47425460e+00
  1.15774161e+01 1.79391498e-29 6.87270617e+00 1.53975171e+01
  3.12741001e+01 1.42927720e+01 1.16629190e+01 9.68350841e+00
  1.64625018e+01 3.61622958e+01 5.87854345e+01 2.00524905e+01
  2.98369406e+00 4.78761387e+00 3.60645018e+00 2.61486714e+00
  9.25274598e+01 1.67037268e+02 4.29934154e+01]
 [2.43192317e+01 3.51227272e+01 1.59562165e+01 1.96157626e+01
  1.26852802e+01 1.33781865e+01 1.72721750e+01 2.20281216e+01
  1.86780716e+01 1.73753593e+01 8.63614445e+00 1.07523431e+01
  3.57325942e+00 4.26566893e+00 9.44877213e+00 1.04344290e+01
  1.63891213e+01 5.33255633e-30 6.38885740e+00 1.67056286e+01
  8.20344375e+00 1.01471733e+01 9.42152741e+00 1.06460273e+01
  1.39847140e+01 1.95624597e+01 2.78090956e+01 2.65983576e+01
  4.16291530e+00 3.83563982e+00 3.06230013e+00 3.52902923e+00
  5.74412060e+01 2.19724415e+01 6.34662962e+00]
 [1.74707909e+01 1.56438253e+01 1.31681385e+01 1.17985848e+01
  1.09811913e+01 9.68816253e+00 1.46487645e+01 1.76235317e+01
  1.41443893e+01 1.54127623e+01 5.22686501e+00 5.02724773e+00
  3.25872197e+00 2.48070558e+00 6.10316470e+00 5.94184623e+00
  4.54850445e+00 4.51346903e-30 3.84489329e+00 1.40163706e+01
  7.49513312e+00 6.42190035e+00 7.23495490e+00 6.56294896e+00
  8.37143153e+00 8.16277789e+00 1.23344326e+01 6.31208336e+00
  2.09862252e+00 1.98690623e+00 2.44252269e+00 1.74621600e+00
  6.72316934e+00 1.96245400e+01 2.28469501e+01]
 [1.00825816e+01 9.79146019e+00 4.57529622e+00 6.31700847e+00
  4.68305048e+00 4.73930205e+00 6.71028616e+00 1.06568387e+01
  9.01956343e+00 9.01963397e+00 2.58218076e+00 2.39173971e+01
  1.58619130e+00 1.75019574e+00 3.84419016e+00 4.04133304e+00
  1.55604856e+00 3.58967671e-29 3.03634289e+00 1.47831864e+01
  5.60798567e+00 5.54969936e+00 5.49163631e+00 4.91232712e+00
  4.22470767e+00 1.23559747e+01 8.92873250e+00 3.46802227e+00
  8.65587473e-01 1.38573423e+00 1.45795979e+00 1.25513928e+00
  1.20747309e+01 7.75419100e+00 1.44826761e+01]
 [1.24056662e+01 1.30287851e+01 1.58750903e+01 1.42839762e+01
  1.47616273e+01 1.11813047e+01 1.40386952e+01 1.20449014e+01
  1.42213449e+01 1.37205382e+01 5.92202513e+00 6.86481896e+00
  4.10127827e+00 3.59173282e+00 7.63503167e+00 6.68644434e+00
  5.84903241e+00 6.40612890e-29 4.43764733e+00 1.30486209e+01
  9.31946713e+00 8.84960766e+00 9.32651221e+00 7.11139206e+00
  9.42369768e+00 1.03106490e+01 1.23287898e+01 9.01357803e+00
  2.49338633e+00 2.29966497e+00 2.90840863e+00 2.39529209e+00
  2.72213215e+00 3.79415456e+00 3.49686002e+00]
 [2.66378567e+01 3.45640047e+01 1.86906806e+01 2.31678434e+01
  2.54317923e+01 2.30048387e+01 2.74023878e+01 2.33119395e+01
  3.17184986e+01 2.91203036e+01 1.15357465e+01 1.48712403e+01
  7.04080078e+00 5.50147230e+00 1.57052528e+01 1.23192384e+01
  2.01273543e+01 1.72631170e-28 1.02948231e+01 2.82905240e+01
  1.51871918e+01 1.37455058e+01 1.87885605e+01 1.60970422e+01
  1.66836389e+01 2.37217397e+01 3.01279096e+01 2.36376284e+01
  7.45723599e+00 8.82911402e+00 6.14973184e+00 4.50238843e+00
  4.33856040e+01 3.51247698e+01 2.24789884e+01]
 [4.99962184e+01 6.03608628e+01 6.11080274e+00 1.04155474e+01
  6.23048583e+00 4.49214021e+00 8.51695186e+00 6.88270624e+00
  9.11899396e+00 8.39131381e+00 3.23330700e+00 5.13717877e+00
  1.79790848e+00 1.16341743e+00 4.52608759e+00 3.01705276e+00
  3.95422121e+00 4.40543677e-30 2.48813957e+00 8.05020227e+00
  3.01328468e+00 3.43618218e+00 4.54425911e+00 3.35474477e+00
  1.36182723e+01 1.69551078e+01 4.23303589e+01 1.14502099e+01
  1.16712131e+00 1.27561906e+00 1.63734250e+00 8.20697804e-01
  1.91773498e+01 3.06155421e+01 8.15247280e+00]
 [1.20497028e+02 1.26158369e+02 1.30725221e+02 9.38444728e+01
  1.78943598e+02 9.78702888e+01 1.75824560e+02 1.08931396e+02
  1.17491704e+02 1.13959153e+02 9.38610476e+01 8.69860507e+01
  3.15673364e+01 2.50273663e+01 9.48032981e+01 5.19040829e+01
  1.01587855e+02 1.33401587e-27 5.42108323e+01 1.08019770e+02
  9.65694331e+01 6.40783031e+01 1.29319121e+02 6.21835312e+01
  1.07155376e+02 1.05003466e+02 1.40864567e+02 1.40301274e+02
  3.28182042e+01 4.14392545e+01 2.91984907e+01 1.54817149e+01
  4.90750381e+01 3.58633721e+01 3.29843996e+01]
 [7.83401800e+01 5.52442078e+01 1.65717181e+01 9.12458348e+00
  1.42833301e+01 1.17061450e+01 1.88129307e+01 1.80001605e+01
  1.75962378e+01 1.75998875e+01 6.97546701e+00 4.22410581e+00
  3.31644639e+00 2.33071492e+00 7.73169867e+00 7.45406363e+00
  6.44371754e+00 4.82419255e-29 3.65204607e+00 1.51353901e+01
  8.22026661e+00 5.41253728e+00 9.96553570e+00 7.91461343e+00
  2.42988655e+01 2.38112625e+01 6.35606644e+01 1.78036817e+01
  2.72618742e+00 1.59036945e+00 2.35004818e+00 1.87247454e+00
  6.77510293e+01 5.06617254e+01 8.70318640e+00]
 [3.32072367e+01 3.12580896e+01 2.14731332e+01 1.56990956e+01
  1.51637287e+01 1.15918237e+01 1.61212276e+01 1.56218719e+01
  1.59376879e+01 1.41184490e+01 8.67628210e+00 8.64437060e+00
  3.40432836e+00 3.53989280e+00 7.27398126e+00 5.81602051e+00
  6.52505607e+00 6.23549041e-30 3.35693601e+00 1.34089219e+01
  1.05670689e+01 1.19357830e+01 9.87689746e+00 8.82374518e+00
  1.77636066e+01 1.91357167e+01 2.96535434e+01 1.43537880e+01
  2.82460610e+00 2.12503066e+00 2.34788100e+00 2.05961350e+00
  6.57120922e+00 1.04643957e+01 1.10913538e+01]
 [1.75442527e+01 1.54190027e+01 1.93950027e+01 1.56168502e+01
  1.73081696e+01 1.41053263e+01 1.80752091e+01 1.61325213e+01
  1.85720135e+01 1.63929475e+01 1.01568421e+01 1.09547977e+01
  1.00131303e+01 9.15914502e+00 1.38528695e+01 1.10293738e+01
  8.73788681e+00 1.58146313e-29 1.04939613e+01 1.68548164e+01
  1.47601321e+01 1.21477559e+01 1.41227366e+01 1.16689725e+01
  1.43773957e+01 1.26161728e+01 6.13152513e+01 1.02125403e+01
  7.73047427e+00 7.85657485e+00 9.27086419e+00 8.31937733e+00
  1.12295766e+01 8.98220628e+00 2.99366070e+02]
 [1.78683047e+02 1.96585728e+02 2.92709079e+01 3.43810243e+01
  2.02089426e+01 1.92132863e+01 2.36708424e+01 2.77701988e+01
  2.84569582e+01 3.07016901e+01 1.37033683e+01 1.96109085e+01
  6.19106917e+00 6.42593665e+00 1.39412365e+01 1.24945750e+01
  1.14744197e+01 2.53059075e-29 8.63670454e+00 2.84095373e+01
  1.49890080e+01 1.40691390e+01 1.47121123e+01 1.38633269e+01
  3.98377349e+01 5.14245742e+01 1.12407908e+02 3.80205556e+01
  4.43807763e+00 4.30526128e+00 5.55783431e+00 4.61127878e+00
  1.33581489e+02 1.00706481e+02 2.43786360e+00]
 [2.86184290e+01 3.78908272e+01 2.26529568e+01 1.96799134e+01
  3.42870409e+01 2.19111335e+01 4.50973979e+01 3.10259189e+01
  3.35883812e+01 2.86375141e+01 9.91481078e+00 1.08567039e+01
  7.90643901e+00 4.95105044e+00 1.91341165e+01 1.45551470e+01
  9.63722187e+00 1.38074642e-28 8.43523234e+00 2.85607266e+01
  1.62027748e+01 1.22363373e+01 2.69926205e+01 1.73668829e+01
  1.60849249e+01 2.01405942e+01 2.95241654e+01 1.62335269e+01
  3.72343961e+00 4.05128327e+00 5.99778403e+00 4.30549095e+00
  6.53244033e+00 1.13304019e+01 3.03989575e+01]
 [3.39791782e+01 4.34061964e+01 1.91211903e+01 1.55724052e+01
  1.38717138e+01 1.15251643e+01 1.34816007e+01 1.33584261e+01
  1.39442030e+01 1.54371297e+01 6.70546728e+00 1.33252363e+01
  4.39674740e+00 4.05009650e+00 8.03656958e+00 7.13862546e+00
  6.41675889e+00 1.95873196e-29 5.76131677e+00 1.44335949e+01
  1.00153309e+01 8.38010981e+00 9.63172836e+00 1.12663603e+01
  1.30267122e+01 1.44012532e+01 3.13653317e+01 1.14571364e+01
  2.67510989e+00 2.66792069e+00 3.88338211e+00 2.73021449e+00
  1.92655572e+01 9.94034410e+00 4.28908446e+00]]