[[6.15395666e+00 5.68973796e+00 3.40763841e+00 2.11562205e+00
  6.06563606e+00 3.53698640e+00 2.36793431e+00 1.72623162e+00
  1.63979909e+00 1.50209495e+00 1.86879520e+00 1.47857218e+00
  2.14113165e+00 7.08851064e-01 9.82959667e-01 8.19887717e-01
  6.37388545e-01 4.01001044e-30 5.63386842e-01 1.49508570e+00
  3.01335155e+00 2.69816509e+00 2.14025331e+00 1.53580336e+00
  3.30218542e+00 2.65714960e+00 4.61439477e+00 1.30731552e+00
  4.02415144e-01 3.80913497e-01 3.60560620e-01 2.66888560e-01
  1.43110216e+01 8.93967415e+00 4.26693650e+00]
 [2.77924923e+01 2.23488325e+01 7.76444290e+00 7.33614462e+00
  6.89313106e+00 2.12254387e+01 1.16406313e+00 2.36982502e+00
  1.43379363e+00 2.14139738e+00 6.08820446e+00 8.50416116e+00
  9.40974778e-01 3.02487522e+00 7.38882500e-01 1.32413316e+00
  1.21781669e+00 3.50295351e-30 4.24580579e-01 1.74068850e+00
  5.13914435e+00 6.94308422e+00 3.50903710e+00 2.12366204e+01
  1.62868825e+01 1.09635456e+01 1.84503931e+01 6.52393920e+00
  5.91681688e-01 7.95914950e-01 2.88408179e-01 3.74702394e-01
  6.44550902e+01 1.03256230e+02 1.54833938e+00]
 [1.36174058e+01 1.46873539e+01 3.17098410e+00 7.63799346e+00
  1.87633892e+00 1.57441646e+00 1.41993381e+00 1.56518836e+00
  1.92083751e+00 1.75585951e+00 1.76471074e+00 3.79492224e+00
  5.12230183e-01 7.39980941e-01 9.14411998e-01 9.60516020e-01
  1.17118200e+00 7.78947978e-30 6.48435050e-01 1.75088925e+00
  1.28915970e+00 6.89694028e+00 8.98132914e-01 1.13084434e+00
  7.73708562e+00 1.12698609e+01 1.20986000e+01 4.57734140e+00
  3.70826396e-01 4.33830944e-01 4.96332722e-01 3.72282106e-01
  8.42594935e+00 8.02810192e+00 4.19825784e-01]
 [1.75550136e+02 5.43439510e+01 1.31069257e+01 1.17822054e+01
  1.87925041e+01 3.41975632e+01 5.01592993e+00 5.14040995e+00
  5.34565103e+00 8.31279840e+00 1.65743378e+01 2.80161761e+01
  1.29381462e+00 1.13438645e+00 1.44841240e+00 1.85830113e+00
  4.95579249e+00 2.27594025e-29 1.10236079e+00 6.32918215e+00
  5.65969986e+00 8.25459531e+00 5.28217184e+00 4.46790309e+00
  8.90038724e+01 4.53088474e+01 4.86042862e+01 4.49140375e+01
  2.64338204e+00 1.97526459e+00 4.66555946e-01 5.17777192e-01
  1.30054819e+02 4.46614252e+01 2.26117910e+00]
 [3.78665275e+01 4.93728400e+01 6.73178296e+00 5.33184555e+00
  1.47737894e+01 6.03498943e+00 2.31351976e+00 2.37174381e+00
  4.90135486e+00 3.54480316e+00 2.65493283e+00 3.20046976e+00
  2.04341186e+00 1.10298461e+00 1.42259572e+00 1.36776894e+00
  2.29885815e+00 2.85570561e-30 9.27844750e-01 4.01953611e+00
  4.14668652e+00 5.69735605e+00 2.81627886e+00 1.92292176e+00
  9.28662702e+00 1.04898016e+01 3.43877804e+01 7.49036930e+00
  8.11366653e-01 8.61559307e-01 5.85370830e-01 4.18623656e-01
  2.57295814e+01 4.02856560e+01 1.14640830e+00]
 [2.50963013e+00 3.44414385e+00 2.70700719e+00 5.95980899e+00
  1.63704968e+00 9.46825287e-01 7.85982129e-01 1.28634053e+00
  1.03874671e+00 3.02335119e+00 9.13123198e-01 8.19834928e-01
  8.91077134e-01 4.03369501e-01 5.39745544e-01 6.18961141e-01
  4.92538130e-01 1.84701698e-30 3.73267112e-01 1.69076828e+00
  1.00357236e+01 1.86727406e+00 7.47876828e-01 6.47177883e-01
  2.35732010e+00 1.84177853e+00 2.83093907e+00 9.24119786e-01
  3.82245139e-01 2.66021393e-01 2.99998428e-01 2.31537876e-01
  1.45262908e+00 3.48547927e+00 6.06869883e-01]
 [2.39688140e+01 1.96713114e+01 6.76755014e+00 7.60377937e+00
  9.82951868e+00 5.03581157e+00 9.36302154e+00 4.81045781e+00
  7.62981225e+00 6.17368643e+00 1.99985028e+00 4.40934030e+00
  2.91816216e+00 1.47001321e+00 2.15468602e+00 1.67619553e+00
  2.10347091e+00 4.77281904e-30 1.19541130e+00 7.04081055e+00
  4.86335983e+00 3.34134380e+00 4.28300201e+00 2.60426335e+00
  7.56169359e+00 1.07320205e+01 2.06574019e+01 5.90482214e+00
  8.26370654e-01 8.65236018e-01 7.59168820e-01 5.89753375e-01
  3.50080618e+01 3.98716085e+01 3.34155282e+01]
 [1.60101521e+01 3.36740782e+01 3.54081910e+00 5.34867727e+00
  9.57662850e+00 1.66858075e+01 1.67162356e+01 6.65086529e+00
  2.14948504e+01 1.92168421e+01 8.33691848e+00 1.52586902e+01
  1.25464033e+00 8.50014113e-01 2.31219686e+00 2.04949124e+00
  1.70628672e+00 5.48743628e-30 1.11993622e+00 1.49899645e+01
  5.63268328e+00 3.99604598e+00 3.39962195e+00 2.77324050e+00
  1.44214463e+01 2.28022855e+01 1.60533200e+01 1.01705253e+01
  6.15316916e-01 6.53685016e-01 5.81105530e-01 5.18395825e-01
  2.96019580e+01 2.26614052e+01 8.80704165e+00]
 [1.30764694e+01 1.17830682e+01 7.88170993e+00 2.11804399e+00
  1.21678970e+01 3.80735345e+00 1.17943703e+00 1.81482551e+00
  2.10062535e+00 3.95500129e+00 2.08834346e+00 1.12114244e+00
  4.24249817e-01 4.81513995e-01 5.44795046e-01 6.65092011e-01
  8.89657112e-01 2.85172172e-30 3.69784582e-01 2.94310709e+00
  1.34916790e+00 1.04083133e+00 6.28535271e-01 1.02939295e+00
  7.16895314e+00 2.85848913e+00 9.28336539e+00 2.83251807e+00
  3.79605487e-01 3.17706906e-01 2.67094592e-01 2.27827512e-01
  7.04223239e+00 2.00131327e+01 1.48223774e+01]
 [4.12501423e+01 1.15143783e+01 6.47186803e+00 6.67067985e+00
  7.62592664e+00 1.47882984e+00 1.02024786e+01 3.33982326e+00
  3.30087177e+00 2.31927228e+00 3.86156405e+00 9.01151308e+00
  1.04028206e+00 6.06875066e-01 3.57149760e+00 7.49288099e-01
  1.12606139e+00 1.14326732e-29 5.25320622e-01 2.85685778e+00
  5.32474454e+00 3.50815107e+00 5.15624118e+00 1.56942121e+00
  7.87926090e+00 1.04860662e+01 1.11223132e+01 3.23609551e+00
  4.70153138e-01 7.28200636e-01 5.95075998e-01 2.54717861e-01
  3.11894063e+01 9.33085050e+00 1.84520955e+01]
 [2.35711361e+00 1.86110224e+01 2.34597600e+00 3.48425599e+00
  1.94586550e+00 3.96287071e+00 2.41413363e+00 6.32581275e+00
  7.48117902e+00 8.89725172e+00 1.99546270e+00 7.11790341e+00
  5.53543681e-01 8.10868242e-01 1.18106208e+00 1.18078583e+00
  8.64865596e-01 1.04944740e-29 6.53490677e-01 7.02075857e+00
  1.48490902e+00 4.82591890e+00 1.03313105e+00 1.19283692e+00
  5.07305305e+00 2.33210833e+01 6.41402583e+00 2.91824962e+00
  3.83632243e-01 7.01653897e-01 4.10043006e-01 4.11425154e-01
  4.00606572e+00 1.72460217e+01 2.91970768e+00]
 [1.30867881e+01 1.97128463e+01 4.36048778e+00 5.70845112e+00
  8.70339314e+00 7.91066737e+00 2.21928467e+00 2.01069419e+00
  2.47329980e+00 2.33468767e+00 2.90081350e+00 3.72405034e+00
  8.63352746e-01 1.07904266e+00 1.31981873e+00 1.16822782e+00
  1.75465894e+00 1.30659796e-29 7.38259810e-01 2.12096138e+00
  2.85774828e+00 2.63836323e+00 1.55329581e+00 2.96295370e+00
  1.10504590e+01 1.06994602e+01 2.05768484e+01 4.14702603e+00
  6.72151551e-01 7.60145804e-01 4.94943089e-01 4.01107102e-01
  2.56193919e+01 2.24226108e+01 7.98231943e+00]
 [1.45723897e+01 1.78866263e+01 2.58623524e+00 4.39437535e+00
  2.62733020e+00 2.20408902e+00 3.04915194e+00 2.82892802e+00
  5.91354448e+00 4.66813745e+00 1.58347518e+00 2.38650786e+00
  9.73787586e-01 8.21864615e-01 1.97665368e+00 1.44772509e+00
  1.47544533e+00 1.68779190e-30 1.22092798e+00 5.05663671e+00
  1.53348841e+00 2.10790191e+00 1.91060633e+00 1.63530525e+00
  4.39625908e+00 5.86709371e+00 1.23094997e+01 3.88189456e+00
  5.94195045e-01 6.51935820e-01 8.23228667e-01 4.89616903e-01
  9.24914318e+00 9.76492908e+00 5.50654327e+00]
 [3.03172376e+00 4.79479398e+00 2.41429023e+00 2.95219246e+00
  1.90483231e+00 2.53911941e+00 2.15496390e+00 3.04369810e+00
  3.43936345e+00 6.32162901e+00 1.48083067e+00 2.11033999e+00
  7.96257734e-01 9.64108405e-01 1.42179291e+00 1.49739819e+00
  1.08611479e+00 1.81984616e-29 9.14584815e-01 4.12860748e+00
  1.81155621e+00 1.78663051e+00 1.39350242e+00 1.73797328e+00
  2.24739412e+00 3.48702869e+00 4.69565882e+00 1.72024591e+00
  6.49827277e-01 7.79257893e-01 5.04826190e-01 5.11369923e-01
  2.51677001e+00 4.06604024e+00 1.07004586e+01]
 [9.12659683e+00 8.75449545e+00 2.14618998e+00 1.29807199e+00
  1.23612909e+00 1.09928382e+00 1.44146316e+00 1.62232828e+00
  2.84881423e+00 2.78716143e+00 9.00818613e-01 1.01906458e+00
  4.13442932e-01 3.41694685e-01 8.83344844e-01 7.09522723e-01
  7.91096880e-01 5.94303586e-30 4.39467323e-01 2.44556098e+00
  9.77953603e-01 6.42607223e-01 8.75446178e-01 8.03902849e-01
  3.21092336e+00 4.96602007e+00 8.25705737e+00 2.28938752e+00
  3.42208966e-01 3.23266586e-01 3.55533070e-01 2.21878692e-01
  8.06844635e+00 8.19260877e+00 2.60490002e+00]
 [3.33577169e+00 3.30726276e+00 1.97121024e+00 1.62861657e+00
  8.93396702e-01 7.91066574e-01 8.43385224e-01 9.60122724e-01
  9.40885438e-01 1.18144597e+00 1.01209527e+00 1.26610902e+00
  4.01597807e-01 4.41758792e-01 5.98838473e-01 5.99046406e-01
  7.38398435e-01 6.83085437e-31 3.16223232e-01 1.00362582e+00
  1.22733736e+00 1.05459738e+00 6.23779418e-01 7.29969129e-01
  1.91838818e+00 2.23145757e+00 3.24713074e+00 1.50712499e+00
  3.73105050e-01 3.44968636e-01 2.44926200e-01 2.70477208e-01
  1.18228774e+00 1.77917898e+00 2.47517502e+00]
 [2.87910983e+01 2.87013921e+01 3.04477519e+01 2.94057647e+01
  3.45484394e+01 3.46094916e+01 3.31792515e+01 3.03589568e+01
  3.30326634e+01 3.20248042e+01 2.98557229e+01 3.13706608e+01
  2.80073182e+01 2.78614420e+01 2.90081621e+01 2.84889327e+01
  2.73448013e+01 5.63175148e-29 2.80141610e+01 3.30114227e+01
  3.04581134e+01 2.89976815e+01 3.02709900e+01 2.94527058e+01
  4.38393723e+01 3.75319444e+01 3.03411546e+01 2.79552481e+01
  2.73707731e+01 2.74299789e+01 2.77114903e+01 2.76025232e+01
  3.11291333e+01 2.57169286e+01 1.13430186e+03]
 [2.88151137e+01 3.16717437e+01 3.63349200e+00 4.64659084e+00
  1.76867818e+00 2.52684998e+00 1.90122793e+00 4.22509006e+00
  2.49122978e+00 4.99495105e+00 1.90645408e+00 3.32083297e+00
  7.29148748e-01 9.77095635e-01 1.18647880e+00 1.72924284e+00
  1.76230077e+00 2.65817272e-30 9.88369750e-01 3.72493251e+00
  1.69799948e+00 1.91626783e+00 1.27913752e+00 1.96163709e+00
  6.10347988e+00 8.45116442e+00 1.79747362e+01 6.09689147e+00
  6.45657116e-01 7.70844965e-01 6.38637699e-01 6.61109462e-01
  2.35670449e+01 1.46453826e+01 5.30862960e-01]
 [5.78338532e+00 1.71405594e+01 1.14534485e+00 1.43745502e+00
  1.43632624e+00 3.60723879e+00 1.01509158e+00 1.79727430e+00
  1.81145047e+00 3.48092881e+00 7.88103134e-01 1.58816173e+00
  2.29770277e-01 2.88921199e-01 4.55822897e-01 6.64653449e-01
  5.23891755e-01 1.17628875e-29 3.65946009e-01 2.56389973e+00
  5.70535042e-01 1.05333996e+00 4.56745682e-01 6.50547584e-01
  1.97603224e+00 3.23415345e+00 6.54510506e+00 1.54356964e+00
  2.08483082e-01 2.24151531e-01 1.95885232e-01 1.80247532e-01
  2.82181055e+00 3.88380245e+00 1.64465395e+01]
 [1.10119703e+01 1.64120933e+01 5.63223046e+00 5.10776738e+00
  6.32213209e+00 1.16994006e+01 3.54990129e+00 4.07546590e+00
  5.66333320e+00 5.24999993e+00 2.19493365e+00 3.29616973e+00
  1.65170799e+00 1.98501626e+00 1.63837342e+00 1.58507305e+00
  1.10080884e+00 1.16077650e-29 9.54399269e-01 5.29945063e+00
  5.45389249e+00 5.71525171e+00 2.29114153e+00 2.89449953e+00
  3.73355572e+00 5.28161842e+00 1.15475522e+01 3.07574118e+00
  8.01448894e-01 7.20326124e-01 7.24916246e-01 5.81413056e-01
  6.46256830e+00 4.15978613e+00 1.58519850e+00]]