[[ 1.20344882  1.33797602  0.63979647  1.12759773  4.04553032  1.58577003
   1.10992502  0.53377364  0.48069245  0.58062972  2.0790233   3.47600444
   7.05582668  2.99230901  1.11443187  0.91154307  1.97019128  0.68490694
   1.22447013  0.5377511   0.65973322  3.16715537  2.34248498  1.44820731
   0.58417434  0.79898293  1.04393634  1.19245115  2.74480596  3.53455497
   1.70784315  1.53672401  0.75000747  0.66113389  3.5890323 ]
 [ 3.40919644  3.51500134  4.42195895  6.14031541  6.85720818 17.71659633
   1.39812823  2.32294949  1.31671092  1.97165948  6.67388261  9.27270193
   3.56667462  9.28458472  1.5908314   2.49090725  1.93387971  7.48593219
   1.13582955  1.66597113  5.87581117  8.39261197  5.77816398 22.50145439
   5.53363768  4.55571036  3.28705494  3.11550003  2.02387859  3.40567505
   1.56026299  2.05465571 13.78195792 14.49521416 16.04025973]
 [ 3.78363195  3.63554158  0.75369659  2.96991119  2.9204464   3.12956722
   2.41279033  0.9206966   1.66636392  1.64893385  1.22385734  6.57650181
   3.53143582  4.46291785  2.54682718  2.50755649  4.28157145  1.38841614
   2.43632349  1.78046655  2.70540745 12.97659921  2.41813351  2.85425713
   3.13784708  3.88020429  3.98227296  1.16283671  3.50077501  2.79496533
   3.42003999  3.14610345  3.00091243  4.67986335  5.83417049]
 [16.41631293  7.02581154  6.06596695  4.17990491 10.75580763 15.57475547
   2.73800819  2.11561545  2.03401359  3.15503574 12.5293973  15.52261507
   5.33178673  3.32772203  1.64876411  1.65516536  5.55030548  7.75395592
   1.54886367  2.84459824  6.29767109  6.52627202  5.54425228  4.13564
  16.91541436 11.71654923  7.98492501 12.93520032  6.96180886  5.34487489
   1.66587157  1.98493941 10.87475905  7.37509922  8.47934573]
 [ 1.27671533  1.47438733  0.90575795  1.82004119 11.41124005  4.79300214
   1.77910601  1.23974408  3.08668514  2.15600736  1.31212893  2.52053361
   5.26520181  4.01739231  2.1479071   1.38756773  1.58620051  2.57490176
   1.94332237  2.78392045  2.48724955  6.23011268  4.4833448   2.37603973
   1.06669854  1.76346967  1.41858606  1.40748     1.87889715  3.29412563
   3.30898891  1.86208367  1.87822631  1.01388279  5.50289436]
 [ 3.31366684  4.08278331  2.14408636  5.66848451  2.84579597  2.04882674
   1.45175427  1.83533967  1.21174138  4.11398531  2.78950081  3.03117331
   5.19080068  3.50254617  1.69913853  2.04061592  2.35856998  2.65648446
   1.67797883  2.34724043 11.33756948  5.17131521  2.35849534  2.26198621
   3.81586929  3.47443838  3.31366622  2.70825291  3.04378354  2.97432447
   2.38503382  2.67155914  2.01844094  2.95574431  3.88485256]
 [ 2.19270754  1.60149049  1.7518898   0.31225679  5.45460814  2.27596823
   5.71180449  4.18014171  3.4182482   2.15658357  1.71181793  2.16755665
   5.61129899  0.73572989  2.61861761  2.61931699  1.4880883   1.4585388
   2.02102625  3.95646855  0.49718718  1.83651792  4.36090176  2.87521465
   1.39192449  0.77196448  0.96961769  1.71134322  2.10745985  2.30143802
   2.37646484  2.75023786  0.67258847  0.15272455  4.4294866 ]
 [ 8.15755443 10.56236224  4.25832378  4.10811012 12.03912674 16.97656264
  14.5580046   5.27319428 15.96266404 14.85620696 13.00419764 19.37018981
   4.53099268  3.78403661  4.95596254  3.68135301  3.59943435 10.6891657
   3.02753377 13.35687871 11.13487334  6.92308208  6.82479127  5.42789078
  10.65461722 11.77192579  7.87555996  5.84484296  3.15250549  3.82270559
   3.10965815  2.53102445  2.03201883  7.497672    9.41902084]
 [ 5.6726669   5.32335414  6.92469808  0.92931838 12.56015356  3.89628616
   1.21621957  0.92722062  1.43688057  2.09659759  3.69798653  2.36005989
   1.67940753  2.99985884  1.16598065  1.31986469  2.48235841  1.31476025
   1.10313267  2.08534689  2.41153585  1.0573696   1.15804216  2.00109729
   6.10698574  0.88688098  6.26754435  4.39149987  1.79126635  2.40830032
   1.58130834  1.56330753  4.17157725  3.34281803  4.13725136]
 [ 9.505303    3.40908532  3.03431745  1.03945452  3.41912286  1.10991081
   5.89303375  0.37572201  0.88580185  0.38081733  3.23359394  0.32503391
   2.32746602  1.52128905  4.1798649   0.82679259  3.34543497  0.18289246
   0.40904524  0.33877011  0.79946424  0.38262499  0.99054498  0.38459088
   3.26582823  0.47634335  4.45298781  2.02107126  2.94700699  0.85481355
   2.82428827  1.04686887  3.79932994  3.01527423  5.70416829]
 [ 2.75195118 12.54763495  1.72168704  1.49585404  1.89112949  4.81389808
   2.35784614  6.37307213  5.93024551  7.20944955  4.46577161 10.16781168
   2.22539515  3.12382412  2.2481847   2.57630018  2.40873551  2.44947541
   2.16051279  6.14275404  2.48252642  7.13303009  1.77505555  2.38021355
   6.07975679 12.55100868  5.43614988  4.3650578   2.2510698   4.24834219
   2.35174911  2.31996118  5.40883366 14.0251228   8.26762734]
 [ 5.8256843   7.68210958  2.77372848  0.93470762  7.10257547  6.1064078
   1.86716703  1.84039986  1.37791103  1.31503549  4.62976896  4.82407349
   2.65642136  4.03545279  1.96361546  2.18841938  2.21041622  1.60841104
   1.92816273  1.41167799  3.4949092   3.40672006  2.04996189  3.27857239
   7.72302855  2.18011787  4.91757483  4.4068181   2.96661694  2.394441
   2.34829091  2.20929894  0.98562292  5.12305621  4.38732185]
 [ 3.14590426  3.15271591  4.29892218  3.85129426  4.18434418  5.17595705
   2.66513714  3.57080664  4.02662494  4.2599649   3.62455987  4.28741018
   4.58259626  5.90711153  3.13691132  3.5978199   3.53210697  3.10111508
   3.68136915  4.70972075  4.74629383  5.27567944  3.4222363   4.52139102
   3.21352503  3.41576458  3.12713966  3.40922851  4.10866153  4.65768712
   3.78465327  4.53205095  4.03442638  2.89657529  3.64345702]
 [ 0.89118626  1.18575527  0.68179005  0.86952593  0.43130338  0.8251683
   0.47752343  0.83462911  0.98312916  1.65700709  0.62494151  0.89919636
   0.99786305  1.23810597  0.60159421  0.92351965  0.47069444  0.57936753
   0.73751976  1.29977419  0.76260957  0.90767903  0.47641722  0.89782655
   0.77310184  1.18595494  1.11462388  0.50752813  0.80583117  0.76866186
   0.72360367  1.02275322  1.31472937  1.68473353  4.00416535]
 [ 0.37979609  0.61861698  0.8118252   1.00790986  1.27885136  1.12433976
   0.67799888  0.65685304  0.93917959  0.91854163  0.88120919  1.28341951
   1.64343601  1.75829059  0.7549466   0.62071479  0.66903331  0.64278963
   0.62882917  0.95878174  1.48613592  1.46549714  0.97980954  0.96735482
   0.37410684  0.40101448  0.4025227   0.3070675   1.01739148  1.38249535
   0.95807578  0.87555325  0.12349061  0.44637366  2.58158625]
 [ 2.14706393  1.99949406  2.11463096  1.94441554  1.30468471  1.32881103
   0.89943197  0.81095442  0.5806608   0.84369923  2.4138471   2.56936219
   2.42805117  2.56571344  1.35020716  1.43536347  2.70617404  1.82464965
   1.32757964  0.78980985  2.33735289  0.90401955  1.26357789  1.13917055
   2.28231462  2.11092546  2.25945013  2.21742515  2.70661211  3.20807129
   1.8884775   2.45624793  2.62202796  1.92927313  2.3964036 ]
 [18.62728819 20.22952169 17.73068101 21.47708557 23.41309184 22.92335217
  19.49237386 17.49524632 15.39804287 16.82518439 27.95859263 26.84671273
  27.62010594 27.03664693 21.56373378 23.07308606 27.88368813 29.69800798
  25.19917181 16.34292631 24.91864325 24.73403097 23.5539625  23.46590716
  25.62249247 25.26950273  1.07669413 27.29880867 29.67589389 30.44127388
  28.30445116 29.02500332 14.28167781 24.41238601 31.99026912]
 [ 2.19355885  2.20165433  2.23410896  2.18481969  2.15280033  2.78948753
   1.98889677  2.7752734   1.72867096  2.69845593  2.54981955  2.62254843
   2.34491731  2.49916528  1.76417743  2.26119363  2.57369044  1.36932905
   2.10205591  2.56321432  2.49808675  2.41126503  2.0386093   2.64218219
   2.27817664  2.35742451  2.21853615  2.45819672  2.55670235  3.0863186
   2.1865065   2.24824394  2.31695408  1.66931889  3.16912266]
 [ 3.29694408  5.44631432  1.40152868  1.58687177  1.41211522  4.51767317
   0.77882792  1.82982899  1.47144256  3.11139864  2.02451435  2.94743695
   0.98029464  1.8433174   0.79403448  1.44841558  1.59252054  2.35487883
   1.15895603  2.36718539  1.11671024  2.25755267  0.61738778  1.1040247
   2.69071329  2.53773018  3.36282639  2.05170059  1.70183136  1.59593944
   0.99304263  1.13628023  5.10164411  3.81232215  7.56758618]
 [ 3.04480037  3.20186052  0.82925784  1.08302063  0.74711307  1.42124405
   2.81494793  2.3068045   3.11988712  2.32535501  3.62020851  2.59581741
   4.87173602  6.85562055  2.42447168  2.46910872  2.41077597  1.39321653
   2.16180316  2.83063182  1.12028514  2.184379    2.90138888  2.73444506
   2.33542254  3.1989906   3.36689798  1.51650818  4.44895217  4.26366156
   2.3110789   2.87208418  2.67462713  3.29731242  4.30856893]]