[[ 3.03252278  4.33296478  2.34877861  7.54913488 18.85374675 17.43071712
  45.63983496 54.1410555  56.78731703 58.5372745   5.12996214 12.60983824
  19.40479002 24.36010849 43.61741468 46.62604721  8.35772393 10.30515973
  34.21773429 58.45750982  2.24372553 15.13617691 33.27255019 39.81327555
   1.49616845  2.85241845  3.03785443  4.33293065 11.26292721 16.09809838
  29.24666531 27.55521303  2.25689561  1.60444854  6.53202019]
 [ 9.760503   10.60313948  6.16816488 12.00224552  7.01210536  6.41315849
  11.80829868 15.17790177 15.35421927 12.60172445  7.13905717  8.90180304
  12.38404457 14.82819945 11.00549069  9.12633989  7.3205993   9.94334508
   6.78203493 10.80214795  6.51910697  7.71768142 10.37510788  6.58628849
   8.05813477 10.81320801 11.63590864 10.20474561  6.77610785  7.53842978
  10.82797993  8.17227778  5.82028729  4.5558594  12.77703706]
 [ 8.92340557  7.07740899  2.10779232  3.34408843 11.44502759 18.31218832
  24.64191991 13.95234173 52.94360204 50.62674058  2.68339829  5.94576763
  15.85651506 25.3621404  28.01525843 35.12134232  9.95750515  8.22921087
  27.94549603 49.97457887  9.06910615  8.3395074  19.19985106 31.32416753
   5.65517068  5.94137772  8.85616371  2.2612456   9.85524376  8.55950585
  21.38596641 26.65000057  7.9511177   5.6556608  10.56466259]
 [23.95799682 34.58788725 26.92339624 22.57362954 29.01838414 28.00603901
  46.11112849 52.36699876 51.57785667 51.89221132 27.67481403 24.03901711
  33.55599768 41.34801208 46.6709161  51.78455749 35.19973438 36.32313959
  49.33749142 50.15122222 34.80909455 30.25343845 37.52480609 46.07958089
  21.77252102 27.17820424 33.15949031 27.74373741 34.62763002 37.01220429
  48.75686046 45.35141413 13.95763375 17.32703468 18.09669778]
 [ 4.04380808  5.0217343   2.63343705  6.52245761 11.09670495 13.55293353
  24.03945877 34.33597307 29.2268071  28.09389702  5.10203848  8.98309749
  10.93388477 20.8172015  29.99599595 33.63697385  7.10976135 17.51815979
  26.16108454 26.56944067  5.23742505  9.7887847  20.83143182 25.91244097
   3.82452561  6.35605659  4.68465985  5.43942585  8.21340024 11.71879607
  26.09608199 27.61420654  5.568426    3.57257269  9.62406942]
 [ 9.38940541  8.76336366  4.75375615  4.74373922  8.1821616   9.9793224
  18.74434563 33.21339945 31.88443687 25.93753741  7.22400356  7.57933209
   9.86795758 12.77500882 21.03590795 22.36061629  8.22741483  3.98036601
  18.98198267 25.88892372  4.20168077  7.70603755 13.85564217 19.05837721
   7.91959488  7.37992607  8.68948934  8.9222613   8.08957153  8.76529334
  15.99617827 13.70372858  3.72443673  2.10307778  9.64288897]
 [ 2.66744663  2.52184758  3.30763968  0.77450339  9.0526257   6.43940066
  19.03702098 27.3573193  26.02413885 22.33429891  3.99131264  3.94135533
   9.22772251  2.38772973 20.20504991 28.58159177  3.08227849  6.44643069
  21.12532715 30.36788913  1.27174398  4.64593879 14.59368897 14.00423477
   1.99180671  1.21163676  1.36677394  2.65716696  6.18281282  6.52695649
  14.84376673 19.7017368   0.78483041  0.20247914  5.52000708]
 [ 6.2321648   5.17237234  6.86008769  4.97471844  9.01159887  9.2216102
  17.97394195 33.36684257 26.26400528 26.16986919  5.18548797  5.91465227
   7.75127844 11.61867905 19.58716088 23.1216466   5.04125399  7.05675601
  13.96825971 25.93515817  7.30815303  6.86657924 12.5776611  19.09626727
   5.36021599  4.19738133  5.65748518  3.18921102  5.26000132  6.70268688
  11.55593924 12.75083955  1.84550001  3.60271388  4.02099927]
 [16.53631493 14.28852768 20.55504519  6.6717193  24.22232068 22.72157645
  40.38822884 38.03713786 46.50245558 36.1611381  18.40591237 15.38294038
  22.12833794 26.03276508 34.71211059 39.57525042 19.68565011  2.41920845
  36.13722073 42.17650281 25.00640065  8.90504498 28.79988055 35.7076772
  14.21566298  4.15881211 20.08927376 20.6555677  17.30911178 19.16519693
  27.25050676 32.42034366  5.0007377   2.33155558  5.65272397]
 [ 5.26074959  6.59986257  3.34934786  1.70702029  4.58225406  7.45454371
  28.05537649  6.6327288  26.64533215 13.86522366  3.77877846  1.08730392
   6.24407189  8.61651397 39.88334497 37.40894392 12.44402741  0.95349852
  16.40441788  8.83700051  1.30158903  0.98905229  3.56257967  4.50044311
   4.3973942   1.15290404  7.77343486  4.95976475 11.01920756  2.6140928
  30.00717302 22.03699808  2.6286333   4.93913067  4.45505942]
 [15.74427011  9.29505862 13.99028566  6.78285979 24.5994882  24.21823749
  36.111816   34.02965314 35.3179991  34.30996265 13.05261397  9.08988675
  18.2031204  21.36343345 26.37368711 30.31181489  9.79911397 25.3842461
  26.78556941 32.27475671 19.55859483 15.84903897 25.44290711 25.5415825
  10.62040777  5.89032541 10.30271092  9.05347766 12.64364326 12.76471401
  20.84781947 20.16815329  4.1522038   4.33199227 10.62162139]
 [10.15172607  9.26054475  5.99880005  1.7312261  12.36667593 10.88066273
  25.3275837  24.58720062 29.6059475  31.70760694  8.81422926  8.30524038
  12.26238146 14.92329938 19.64276928 19.09634896  6.97035645 16.07959458
  16.78014224 28.56076585 10.58639383 10.90276554 16.9226535  12.56410406
   7.4961516   2.11086501  5.08532186  8.93682489 11.78663649  9.48621226
  16.58749961 14.49092427  1.85078469  7.90259325 10.06652795]
 [10.13071798 10.27828103 22.34827727 15.30117194 31.73270337 30.10706452
  56.70618825 47.54348335 59.3886069  52.36465461 16.96601412 17.77779329
  30.7698249  27.9366492  54.68049504 48.06126263 17.79723944 31.64690376
  41.47789569 49.0073036  26.19192807 21.20768186 41.56383264 38.54105393
  12.84624742 12.87381554 10.75330051 13.82224863 19.23821708 21.9689061
  45.56844801 40.02210166 10.35287389  7.27375484 11.46699727]
 [16.04135762 13.49591079 22.49393257 17.62468881 17.69077778 22.58370716
  24.88624154 30.60841314 29.26266169 31.68179172 13.58427191 12.64313814
  18.78373673 21.04514862 26.25128882 33.87936145  9.9857445  16.20866971
  27.0004297  26.99906317 21.12384084 20.44849277 19.13992032 25.18316704
  14.7144356  13.41416645 12.44400618 10.03258928 14.90156212 10.14504224
  24.92092919 37.85053648  6.9032455   4.69056013  9.40321317]
 [ 2.17165257  4.0685733  10.82491681 19.91174142 35.52657145 29.36920906
  49.78656418 44.64486275 54.40877526 51.93910087 11.97912428 15.75112349
  33.98552573 33.04414544 50.22476546 49.04975607 10.47322306  8.23286457
  48.57469092 51.12228419 25.3129254  32.24553925 43.74060737 37.45958664
   3.14275547  2.93743017  2.50105111  3.05958913 16.64386429 21.94727139
  45.76293089 42.50570375  0.43561841  1.58744012 16.10451663]
 [11.55814557 11.10921462 10.78900866 10.75472912 16.84246394 22.70801127
  39.37413083 49.1967118  53.8178782  49.25428678 10.0189225   9.72262014
  14.66053685 17.31085058 30.21781677 34.67836376 11.19903131 17.49442666
  20.11981216 46.45421452 10.32482214  5.52929715 24.27236941 24.71987869
  10.83413281  9.82970087 11.70739635 10.65147489  9.59649055  9.43203783
  17.43826646 21.43380186  8.56840168  6.19743588 11.72650489]
 [11.28702828 11.53602151 10.92329859 12.93905882 15.44559851 14.54367893
  27.13250364 31.84726487 39.19808464 34.82163303 11.35391639 11.09410279
  12.53869356 13.05561353 23.82715806 22.91664016 11.05272011 13.21246147
  17.68211653 33.88134135 13.21341135 13.47492035 17.76835796 18.45320688
   9.5245501   9.63900835  0.7905197  11.54735921 11.04832532 11.61900627
  14.43086961 14.27511647  5.36683202 10.19914277 11.02292604]
 [23.13194407 22.82996165 13.64401418 14.0879653  14.31865078 20.08360774
  23.51199893 40.24914137 30.0795324  35.12900473 16.17663573 15.28976604
  24.22765949 39.04002885 25.10598686 39.8144682  18.15018877 34.01909482
  25.55012889 26.25150434 12.83194051 14.4638712  21.5542548  35.42647536
  20.17665157 19.53074747 23.09927588 20.62493866 16.54074495 17.06270993
  27.81865624 41.83791222 23.83855613 15.67901818 12.2836583 ]
 [ 5.94023748  4.07560932 13.14293372  8.57973655 22.57793181 15.01291155
  26.17743055 23.3311485  26.21127105 26.22371287 11.69195689  7.10794633
  20.44008082 15.98088972 25.7837492  25.2351017   8.21242532 18.27449762
  28.94800629 26.1249022  18.60564666 11.27588197 25.03108991 15.46926962
   8.34279731  5.40375743  5.0691117   6.31644002 13.60215381  9.69363423
  24.30358022 20.46478432  4.93984887  3.86968143 10.36496581]
 [ 7.08125819  7.4703806   1.76064183  2.5042375   1.56549975  1.74912419
  32.836339   30.61650683 42.91930598 42.58944427  6.41553704  6.23818584
  12.77922628 17.40540497 26.65939465 29.02956275  5.65180473  3.34925757
  16.4446705  33.73993284  1.42213595  2.64331435 19.50962397 14.97203033
   5.47434119  8.28056231  8.10670654  4.08436453  8.08984631  7.69729963
  12.85971041 15.75749405  4.45272407  5.4645698  10.02481878]]