[[ 1.91246226  2.64251508  1.11607557  2.45354642  7.24334339  3.86927155
   5.17590896  3.98128122  4.16315055  4.4521235   3.47620117  6.70446907
  12.33657075  8.86721446  6.39731987  6.4279778   5.21625093  1.72923875
   7.55038761  4.22477836  1.20335924  5.20406679  7.32209163  5.77922681
   1.08334107  1.87221873  1.820413    2.80234518  7.07901405  8.44374292
   8.30463853  8.43383101  1.32514786  0.95555858  6.67239832]
 [ 5.73996619  5.77945754  7.20094007  8.45999023  9.37792452 16.00871478
   4.92538249  5.80343547  4.45715184  4.86477857 10.24280807 13.06661883
   8.09224493 10.78790965  5.18609724  5.86417033  4.58770788  9.30894824
   4.22450028  4.41120282 10.17877147 11.27606931  8.1526353  18.10014247
   9.11722572  7.18648763  5.70199827  5.67781391  5.52324425  6.98082574
   5.11671168  5.40188669 10.82828784  8.58084059 16.93802089]
 [16.64410298 14.13436043  3.76643089  8.70311128 15.73232756 19.46250367
  17.01648902  6.7062986  11.82333557 11.66360908  5.6865098  19.94124834
  26.63913666 27.6410839  20.46699063 19.51407929 18.15601249  5.03924997
  19.25053377 11.79115777 16.20146288 31.64717367 19.27470423 20.89619812
  10.94403598 13.77659489 16.97114522  4.53555157 23.45470061 19.20944857
  24.03675212 21.57949021 13.5183676  12.74412939 17.51816561]
 [27.34981675 16.97730865 16.513436   11.51583748 22.95252616 29.08383684
  13.64951362 11.07427184 12.56432983 13.53017789 28.2708956  22.41426013
  18.87350301 13.69352454 12.95939497 12.47126057 14.78072307 19.15756575
  11.63184604 13.33331813 15.23384724 18.88657506 16.40174717 13.94508651
  32.34531611 19.34165135 17.01568013 21.7325702  20.88795975 14.63305732
  11.63072284 13.49007255 16.56570063 11.79807567 17.92598564]
 [ 2.93775714  3.52666496  2.10010571  5.03125196 16.25595895 11.60899707
  11.96414649 10.435951   13.52199758 11.88984092  3.64418168  8.00068496
  11.60137503 15.34737388 15.37667033 12.54003743  4.86574632 10.27042567
  12.89917006 12.67811005  4.91294026 11.12032922 14.40881962 11.72746347
   2.62940379  4.73261488  3.30219166  3.74879118  6.02193652 11.22369514
  19.242755   13.74437139  4.29216975  2.54247018 13.066382  ]
 [ 7.25436639  8.15807718  4.30058085  8.16274417  7.54422855  7.19533523
   9.71539945 10.64731559  9.86469607 11.50717036  6.89945675  7.51266025
  12.61066974 10.28101724 10.14267095  9.13333079  6.86185856  4.48736058
   8.33425923 10.18228271  9.76270255  7.6119738   9.63840305  9.43024758
   7.13978912  7.08953934  7.32959522  7.03849705  8.63394427  8.46710256
  11.21943014  9.6135504   3.5610352   3.33429383 10.06561974]
 [ 4.48741555  4.1075183   3.4928992   0.89158944  9.39355444  6.23086293
  13.13701779 12.56514282 10.21498207  7.31547187  4.74273012  7.22501456
  11.46954171  2.82689873 13.38751484 14.33123516  4.95252572  4.97462462
  13.64462133 12.0222308   1.20750538  5.97912863 12.00492572 11.16259041
   2.83347811  2.02364476  2.20427761  4.37791775  9.19853787 13.1194577
  14.03948443 15.79471395  1.29533252  0.33622519  7.3057217 ]
 [11.89254366 15.75212831  7.79668087  6.78110802 17.92063145 23.54379193
  24.23302187 14.39691829 21.08441313 17.82211257 17.95644309 23.57025339
  12.68597327  9.78486548 13.72604719 11.8847157   6.70966487 15.5790768
   9.39538074 17.72798149 16.1795021  10.91776781 14.96610591 12.7465559
  15.187841   14.82458545 11.41053328  7.23943959  7.70888623  7.97665288
  11.23638451  8.8864581   2.96694855 10.02813841 13.50457242]
 [10.44151123  9.9124696  13.83853321  3.65016278 20.50123418 11.19538108
   8.12390429  4.77116578  7.25905903  6.78975598 10.81657748 10.45044422
  11.38863057 14.70933248 10.97761403  8.74444038  9.32663877  2.89980583
   9.66147     8.32153377  8.95044458  5.37519918  8.81480716  9.56526337
  11.93998147  2.59155325 11.65409984 10.55962248  8.89498018 13.96726589
  12.6940966  10.55789272  7.83930917  4.16445087  8.58032356]
 [17.23399883  6.76085344  6.47399203  2.57114867  5.35689847  3.6308142
   9.55155911  1.87077014  3.68031582  2.12582726  6.55129441  1.58045565
   5.95736801  5.6520154   8.64206418  5.23156961  8.53793771  1.32737011
   2.65556296  1.79032283  2.33084296  1.46905506  2.4631531   1.875282
   6.16276554  1.67159947  8.92915844  4.40892427  8.88655386  3.18477506
   8.39779088  5.11753713  7.39034821  5.96139865 12.01043514]
 [ 9.96262314 23.41450054  7.11836756  4.7981208   8.73785496 12.31045195
  11.33297888 14.84153313 15.97366423 17.3357497  13.97635887 20.91696376
  17.38553836 19.37865348 15.23267732 17.02560148 10.21846217 12.38668875
  17.28509616 16.22148733 11.10067572 17.58496819 13.07849982 15.77875103
  13.52403121 22.39412988 12.87725157 11.02730127 12.57907963 15.38546261
  18.31833928 19.16638518 10.08724585 24.07842382 17.27704011]
 [12.34955564 14.53749913  6.80219213  2.02500498 14.73137012 11.93194509
  12.42121941 12.20421458 13.51809951 12.80456728 11.66323698 10.24268463
  16.07763959 16.08432907 14.71475956 16.08316231  7.08012316  9.13974887
  15.19653562 13.13553571 10.08744964  9.58672553 12.08923437 11.32092518
  13.50307266  4.0562442   8.94939802 11.03472939 13.05952821  9.51821283
  17.12869979 15.57708276  2.06336175  9.31311732 12.55530011]
 [15.44895017 18.08943815 22.26444666 25.33971962 23.19029548 29.05392451
  16.82277518 20.87948145 16.62794977 18.39527645 19.79413733 25.9415281
  28.2063765  32.16549316 18.34042481 21.45845928 20.171017   18.08918309
  20.438195   18.92026357 27.91011847 32.46199907 21.06058544 26.20300273
  15.34109076 20.14455203 16.73531801 17.83134081 23.69599064 27.62270343
  20.52390198 24.51727828 18.1858772  13.97005861 10.8661778 ]
 [ 4.21854073  4.41533521  5.43732664  5.05472936  5.39092348  6.50993887
   6.52802415  7.93764619  7.6507526   9.06836432  4.81483468  5.1414104
   9.16196725  8.15001311  7.05007703  9.23696854  3.14608519  5.93121361
   6.9024059   7.8252513   5.9590108   6.52509824  6.16724691  8.02555978
   4.220415    4.96650348  3.90450461  3.06952799  5.44332322  4.75980483
   7.28043743  8.70304985  4.30794642  3.87106136 11.01073117]
 [ 1.29082362  2.22853562  3.42127489  4.53091711  8.86666324  7.23303227
   7.33281361  6.01923517  6.90700744  7.0749149   4.77201429  5.11907632
  14.76059572 11.5705037   8.3858061   6.02367668  3.40624634  3.3546095
   6.20329531  7.37154091  7.76742808  8.62376423  9.9144916   7.43656977
   1.43721189  1.33413362  1.40133117  1.27101649  6.61685591  7.72389861
   9.74491773  7.10854239  0.3763467   1.38777044 11.95784541]
 [ 5.73231675  5.7452637   5.51726551  5.4626402   5.69901844  6.53936776
   6.1106737   6.15359926  7.00050725  6.99541816  6.68861541  6.6868944
   8.81571242  8.14329173  8.3352784   7.67930763  6.9475443   7.85258394
   7.40112683  6.95931574  6.43675594  3.38469692  6.88652697  6.00086504
   5.9186235   5.8255841   5.84262816  6.20181292  6.96758141  8.21040815
   9.29429664  8.82565798  6.90628084  6.16232165  7.56746731]
 [22.94548016 25.52580805 21.45068704 27.71916723 31.02951198 35.34109384
  25.97138654 24.01575652 20.51970812 22.93368861 33.92850177 33.11996992
  33.9185082  33.56598304 27.68541746 29.73629179 33.47341243 35.2217745
  31.38118005 21.74590011 30.72122462 31.39211482 30.24992578 31.25991272
  31.73493595 32.2374817   1.21028532 32.35617673 35.44431193 36.76717807
  34.75729264 35.27424179 18.4206815  31.92059681 38.27456424]
 [10.60741061 10.65713237 11.68974525 11.69905272 13.4993185  14.23796109
  15.62848661 14.2234151  14.83411624 14.84300482 14.70160413 14.0222857
  19.258801   15.35323861 19.12726825 15.6398589  13.84498281 10.19159232
  19.51540577 14.93236614 15.02889532 13.61080859 18.1166858  15.51505729
  11.70785639 11.91396609 11.07117275 12.3345269  17.29399198 18.3368625
  22.0295683  16.67142743  9.75942604  6.919671   14.28140409]
 [ 9.41029734 12.7863416   7.7891918   8.67805746  7.55264371 13.27434774
   7.81104798  9.45002667  9.24478945 10.57977913  9.60414294 10.72901721
  10.72224832 11.87170014  9.76481612  9.74463577  8.55107915 10.48701011
  11.3364793   9.63815138  8.15021577 10.75890215  7.81549436  7.1781127
   9.57464194  8.98307865  9.25320449  7.84970986 10.5064742  11.07544062
  12.5134964  10.14338629 12.16091364  9.70878965 17.4451519 ]
 [ 8.1973834   8.38349706  1.78212732  2.47643694  1.69191693  2.3225358
  13.83019133 11.12143668 13.30049692 12.78414391  8.1578765   7.19359854
  11.99979071 16.66167237 12.34592205 13.61417468  7.24293255  3.52664934
  10.51391581 12.22202596  1.78069724  2.96014702 10.83002386  9.23675628
   6.75676704  8.54996064  8.99729974  4.48957916 10.9608857  11.51583432
   9.26286595 11.50101711  5.56025769  7.59363123 12.97168283]]