[[ 2.82710834  2.94084933  1.77627671  4.67544424  8.86156048  5.58851907
  10.98623981  7.71474864  7.4595138   7.45212033  4.94286368  9.21448395
  12.48869375 11.44883088 10.57438838  9.20821106 11.7881176   5.12989784
  11.09002077  7.3349784   1.68322998  7.91850247 11.98859938  9.28031106
   1.26759995  1.6544185   2.99208506  4.91611059 14.74874109 13.65873596
  13.65042279 12.28218461  2.59770732  1.8935222   7.50255181]
 [ 6.83893578  7.07236122 13.31861266 16.38078957 19.47143761 13.96865882
  22.95544734 19.66522356 17.7172647  17.55919607 12.57827053 11.98528129
  18.99325171 18.86015405 22.08498523 21.10543327 14.34451997 12.6463401
  18.99398872 17.46385168 16.80649341 16.0305796  19.95923038 13.45839513
   7.88199842  9.12191039  7.94907358  9.47171636 18.65758002 15.94825394
  21.14289257 21.73814412  5.19793436  3.79853288 10.45030793]
 [15.61233485 12.93943809  4.09296918  6.45165254 12.55288949 14.81595074
  12.1309927   4.56481313  6.75375701  7.79672833  4.40954254 10.57871922
  14.77712314 11.69734633 10.36947189 10.31756804 14.4655046   2.64063672
   9.93997514  7.72997193 14.4168923  12.07853351 12.41515365 12.20598712
   9.37751122 11.19014909 15.59319859  3.79378403 13.0174902  10.15784596
   9.56511935 10.74399221 10.719417    6.6677311   9.71212924]
 [ 7.13878387  9.84080113 12.307511   10.79112998 12.79651036 10.27844086
  15.15607144 12.93837638 13.05443513 12.72533533 11.99728743 11.63432684
  16.72089126 15.09952297 15.85075724 12.6195003  18.49469155 14.15526957
  14.51878995 13.91268872 14.69794849 14.65677106 17.67227979 14.52519651
   7.73231717 10.03961473  9.91043375 10.74387204 14.95432523 15.95487002
  15.86904634 15.1334205   5.30110978  6.21217941 10.94868365]
 [ 9.16223637 12.74108428  4.43042391 17.27739923 10.32165078 11.62888941
  14.00939318 11.66986362 12.20804388 11.33196723  7.5083361  17.87533009
   9.22486147 13.6071815  12.85578885  9.34698606 11.79708872 14.32425977
  10.86139267 12.48402022  6.76898124 15.29383656 14.0342096  11.85020205
   7.45985384 15.28161832 11.08838837 11.15567699  9.35136835 17.80907955
  12.99617951  9.50745007 12.5176166   7.93414693  9.51824832]
 [15.68141497 13.24968839 11.14939416  9.14148412 18.59211689 17.13277359
  21.23134184 14.34562924 15.29314132 14.82897333 14.19116698 13.77277053
  19.68273731 18.39200664 19.41124004 16.32726053 18.42376124  7.25025087
  16.51965724 15.63652918  9.52373965 13.6962334  22.74192766 19.59652295
  13.31553061 11.41648357 14.89286975 16.01983331 18.32823157 16.76003919
  19.43941093 17.17775709  6.46070317  4.19297531 13.52702863]
 [ 4.12791643  4.79895668  8.54222355  1.63320741  9.26996355  6.38912883
  10.04321851 11.4745116   7.7403771   6.25256362  5.19926136  7.55938459
   9.9348919   3.04864648 11.0359477  11.67968875  8.1903759   5.48207374
  11.61936444  8.65238336  3.19718923  7.85580098 11.8750455  10.69099452
   3.03034752  2.60118844  2.75927231  5.81163885  7.60919499 12.73455607
  11.28945476 12.1940915   1.77767348  0.63982099  5.6991096 ]
 [12.39122869 11.016752   19.18955305 15.06610114 15.94712541 13.6113054
  15.04216674 17.46518084 13.87084701 13.43258857 13.47094008 13.64959407
  12.90442521 18.98962278 20.2524973  18.74261073 34.5730676  10.38746971
  17.27105634 14.88562935 16.21683708 17.57980612 18.91385544 20.83680561
  10.33195785 10.09933079 13.64279785 15.28566303 21.32821804 22.43056125
  16.38722414 17.23019133  3.94303688  7.2697239   6.78764097]
 [ 7.57895533  7.06756686 11.56923872  5.17677715 11.33519207  9.91446001
  15.10560847  9.00411742  9.675118    8.17050564  9.25560222 10.58260336
  12.8997633  15.45493305 13.06210841 11.79150089 12.69142698  2.08089367
  11.46999522  9.93133918 13.3969851   6.52394102 13.33001213 12.75810113
   7.13133591  2.53260101  8.32743299  9.78617349  9.90289135 15.06126188
  14.46072528 11.98219036  3.98257523  3.27791091  6.37708599]
 [ 2.32333728  2.89897747  2.14511499  0.9843439   2.09966942  3.55700328
   3.87591529  1.19886848  2.42043511  1.48099599  2.16226481  0.86267034
   3.54885131  4.38731754  4.4990078   4.45935843  4.62289116  0.57425309
   2.36427345  1.7530105   0.84199044  0.60529139  1.0549764   1.20377894
   1.75107409  0.5612864   3.57475431  2.16591881  5.42566267  1.62667312
   6.91961824  5.1585163   1.47088041  2.50577504  4.47708619]
 [14.48372602  8.78406551 11.65056127  6.13236902 14.34639179 13.58249238
  13.71137159 12.13488736 11.27309834 11.11776212 13.25327283  9.80628457
  16.48824668 13.83694786 14.53349628 14.58883344 16.29012894 14.95230276
  14.67135517 11.41678179 15.58063363 13.08031051 16.02417946 14.19023121
  11.29374942  5.54901516 10.44915486 13.48232477 14.6306437  13.92390715
  16.68080495 13.50667213  3.67531665  3.08555124  9.90192808]
 [11.8580466  13.46961606 11.88923709  3.79352637 20.75411525 17.7579109
  23.05465176 21.33755113 17.67083359 16.40229363 18.41133217 19.26395982
  21.66360587 20.57465625 23.36614599 23.07739947 25.35525816 21.25075108
  26.88768099 18.82972047 18.57331406 17.74853814 24.79619968 17.81172556
  11.65998803  4.83353251  7.20014296 25.11841685 32.91335498 27.81149678
  29.17781809 24.79916698  1.66912025  8.02521042 12.35512533]
 [10.7932412  10.63927029 10.15756997  9.1283367   9.92280952 10.54908605
   7.44431406  8.68767707  6.20926564  7.65759421  7.40100946  9.22904674
   8.46086845  8.36200558  7.18281381  7.49784092  9.46611305  8.09446141
   7.50229366  7.49790954  9.32640534  8.6001135   8.13957758  9.27540156
   9.95452228  9.87109796 10.75372251 10.05601294  8.07025652  9.11352662
   7.52740264  7.59664186  8.36505655  9.08150197  5.39416159]
 [35.42054103 31.19903616 36.91650434 27.64054297 40.51746623 31.80608959
  38.9613709  29.87067416 33.58456338 29.87064311 39.61132461 37.06395207
  39.55990306 32.14009071 40.11351795 32.01181947 44.02558406 42.46982484
  43.71552995 34.00694057 40.65276748 32.5543147  44.21223507 32.12363843
  36.86136653 35.71217502 33.43748276 41.39340963 40.69686357 40.87578044
  41.85229587 30.96383468 25.63618987 14.85972147 12.34292803]
 [ 3.26006446  3.90370927  6.26847504  7.08493651 14.77698095 11.97296278
   8.84874913  7.28795783  5.80101966  5.80024865  6.82362194  5.31987856
  13.18287726 11.99337971  6.60786067  6.52107027  5.44947371  5.21777259
   5.22567426  5.93382693 12.49183337 12.34355546 11.15354339  9.52383669
   2.83107719  1.92279953  3.0985143   2.38794523  8.10498884  6.80144025
   6.33281241  7.38895276  1.03695498  2.7603002   8.62529316]
 [21.37378301 18.89791317 23.03546895 18.74324877 22.14456905 19.47161426
  17.19255569 13.19479865  9.83583143 10.08232689 20.69293172 17.54234319
  20.58249155 20.55952405 16.40071904 13.93565388 23.91383361 16.65616741
  14.0932084  10.55223803 20.12402614 10.23156459 20.00743989 13.7701038
  21.13343871 18.10210154 20.63381732 21.11865364 20.49051091 19.76194102
  18.10308757 18.70368831 14.57335112 11.34718755 10.73837602]
 [11.35079487 10.86773242 11.29431845 11.40607739 11.72955341  9.34256318
  10.61894759  9.29684232  8.6572692   8.61252309  9.51144312  9.37501157
   9.87469486  8.88800263 10.29777714  8.93265087  8.91008523  8.33955559
   9.43948079  8.34429419 12.07568113 10.36162048 10.98895046  9.29704143
   8.4030563   8.49421522  2.175849    9.97273157  8.38152192  8.71907877
   9.46923891  8.74811166  5.15199679  8.52656591  8.44290352]
 [13.60229852 13.66561385 17.99767212 16.16590342 24.59792796 21.21029062
  24.76234507 18.2410062  19.74635886 16.58618015 18.32780379 15.48724611
  19.91026567 16.43593237 20.72924927 16.33816408 16.75741441 13.03606569
  18.3684657  19.54927574 22.05173956 17.70338268 23.44724349 18.67289096
  14.86977903 14.34471574 13.8739732  15.32945195 17.57410123 17.23745833
  19.02838004 15.68163846 13.13283772 11.47878716 14.55345233]
 [16.31455536 12.03959277 27.71983352 21.72554873 33.70909133 27.44130509
  34.60092971 31.58790275 27.28386692 25.59739868 25.46960643 20.14873514
  33.7321252  31.58770435 33.33125288 31.7186374  29.29512369 27.6419419
  26.71449659 26.36941447 31.71374792 26.22531849 36.48619956 29.47281366
  21.9024367  15.80363905 15.16929698 21.57747591 30.39415116 28.84478531
  30.40584116 27.14180984 11.81021373 11.12186902 13.98754623]
 [ 9.3952137   8.46818162  2.8152962   3.30188022  1.63927903  1.40007781
  10.69043927  7.56116682  7.68175523  6.83748711 11.05964627 10.49396215
  12.96826852 13.98775688 11.89254852 11.12001894 14.05272887  2.35095882
  13.04991865  7.70951481  2.05725111  3.20289233 12.19714678 10.64337478
   8.14849958  8.72260545  9.14513049  5.64899325 14.84990005 15.79161234
  12.38046807 13.4868073   7.97332882  7.8793522  11.65772991]]