[[91.0244578  88.74569479 94.11907264 84.19427672 60.99581905 71.52572224
  37.08809124 33.629141   31.10932617 28.97785194 84.37194971 67.9952043
  48.7141188  52.33153716 38.2964452  36.82622086 72.66771627 82.15079673
  45.91738719 29.44498233 94.20995203 68.57409845 45.07427383 43.67897927
  95.56871619 92.82196139 91.10571117 86.75616243 64.1645117  58.26486778
  47.09043023 50.19204735 93.07024173 94.88533679 75.70399739]
 [74.25139859 73.03004042 68.89032344 57.01665927 57.28132433 45.89287158
  58.91274326 57.03048971 61.15465327 63.00264144 63.36598162 56.77359491
  56.96378416 46.23915213 60.13259543 61.41314926 71.81329314 60.61543439
  68.86364651 65.65682643 60.61981699 56.58305771 55.73486246 39.35371953
  69.40900342 68.32268361 71.42596457 71.5302241  67.01918929 66.1268155
  61.35215283 62.63303569 64.37153259 68.56955297 43.79437439]
 [55.03652465 62.21325091 89.27911102 78.53123656 57.34930896 44.27979005
  43.79780805 73.85584995 26.81294147 28.26398816 85.99669202 56.957763
  39.19578932 30.8365115  38.60145187 32.53945386 53.1394063  82.7024863
  40.42767157 28.72382488 57.60713122 34.95818621 46.69215754 32.7193901
  70.88543503 65.21167401 54.59721952 88.24658209 50.17179043 59.2782343
  41.59212213 37.88041356 64.81018527 70.25261536 56.37087207]
 [25.13708962 31.56819144 38.18968981 50.9394981  24.4767717  17.05692782
  22.34527827 21.50473758 20.76936479 18.69723972 19.52760564 26.38978085
  25.51782131 26.53121838 22.87016758 21.46951627 25.97454552 22.61006917
  22.96300892 19.75817269 28.96143863 29.67694341 22.85691467 21.3144961
  21.23443134 31.72398045 31.9294708  26.84462003 22.56827614 27.05499347
  22.0774988  24.04015341 53.30079679 57.28761102 44.54928719]
 [82.57948308 77.23612914 89.93027538 69.34885002 50.91444527 58.41617786
  48.20789555 42.31846823 41.9564663  46.52828747 82.43331482 62.62035386
  62.97467693 46.2108508  39.62363777 43.08843493 74.6412031  55.31225301
  48.13503036 45.4845086  80.59340391 57.56693684 46.24219417 48.13385378
  85.01951823 71.86624054 79.50617407 78.24862598 74.53439774 55.9543036
  38.35599459 47.27188832 75.74356134 84.93692741 62.2884059 ]
 [64.36114639 65.74608747 77.65218248 72.28354798 62.835697   63.64374205
  48.85715882 39.95831606 41.74598436 43.61233359 68.8958719  68.10406381
  52.64783468 55.04942112 47.71104253 50.13817646 64.12839538 81.62553808
  54.48612203 45.94502396 65.17430755 65.81444004 51.40553178 49.65286605
  67.8092161  70.63961264 65.77437947 65.31115543 61.90446909 63.03324044
  50.95994684 56.83340478 84.23538396 87.41390877 62.87961009]
 [86.52451385 86.97018695 82.90534776 96.38844296 66.82924817 78.66463934
  52.07093824 44.42288457 52.60225378 61.94108203 84.35487794 79.10668887
  63.75654489 91.00099518 52.75286994 42.78816732 82.28673159 81.63833216
  51.58966083 45.00102816 93.82637422 79.68261367 57.16543806 61.26696565
  90.75244317 93.39156557 92.70005846 85.44193321 74.90199447 65.31759171
  57.45082923 49.55921989 95.46957512 98.66875013 77.04567501]
 [61.32650841 57.49638511 61.89535461 69.06996228 45.08151753 36.64672983
  28.19286484 29.49786403 22.81807054 27.71922271 50.38293122 37.49531046
  62.1273304  55.82279608 41.47833209 42.56967395 50.07657919 56.28753178
  56.33776944 28.09435228 49.16063444 57.71276475 46.71758628 41.89248043
  58.46536795 59.10677663 61.41362373 68.4408434  62.55038892 59.0673934
  57.71079397 58.60148658 89.21249572 71.60175181 66.26776651]
 [59.77055161 63.40808173 47.1124848  83.57202239 31.38109951 52.27229631
  35.16603883 47.26035832 35.12648682 46.78200268 57.82392139 61.22395215
  51.90386065 40.80311055 40.08218632 38.56894361 55.81392573 91.28533179
  41.62818138 37.48527736 50.23463381 78.13844522 47.89725801 39.967861
  60.6060339  89.83015266 53.66164906 54.60713646 62.10175034 49.39797499
  44.01336301 43.47626573 79.00580065 86.88326461 75.25261512]
 [65.6766113  80.33122119 84.99722767 93.69803262 84.54205518 84.247728
  52.62411536 89.92191058 66.36811508 82.14713577 84.27406838 96.14453618
  81.92224278 79.82286405 42.79571815 52.07333546 71.04970875 96.96198583
  78.16670048 87.28089605 94.72611334 96.55397628 91.92874585 92.03590507
  84.42293794 96.13786674 75.26966458 86.44432091 71.72156892 91.71964547
  51.85112958 66.64007962 84.71080814 83.5784214  73.35325096]
 [57.05742955 45.95874039 65.51909847 80.79079635 50.42513555 45.07492011
  36.48598738 32.62085424 31.50499282 30.02707599 55.25198271 50.01905323
  45.69769942 42.2971411  41.61195459 35.49745001 61.2835594  44.82728698
  39.09746647 33.94422013 51.27756941 46.35265225 43.67935806 42.10922171
  58.48205482 53.61552087 60.93473276 62.0718385  57.89556361 53.67757404
  41.80128719 44.83882822 76.67640004 54.47890987 53.93178308]
 [59.81498739 55.05023048 72.53604225 91.51553493 45.04526323 53.32307347
  37.32937809 40.03063382 37.82720837 37.77049667 56.48143263 57.36404168
  47.33995173 44.3822625  40.31270971 39.55466987 58.38384601 51.92149443
  39.20747842 38.06229998 57.25793327 58.35525073 44.14195056 55.0246728
  59.61775916 86.81924041 73.84756233 50.50321076 39.27386338 50.78963713
  34.7576916  42.92352705 93.43111039 69.63602279 60.63572476]
 [60.48118639 57.84029462 40.93078392 46.37947747 30.96984744 25.11396787
  16.36158537 19.31855148 13.74755275 17.32250982 52.21427921 42.76422169
  27.9803339  25.62874052 16.65935503 19.38461726 49.03352354 39.06833665
  26.90024651 19.86480254 31.82525429 32.45452613 25.81376804 21.45915075
  58.6446145  53.69476989 58.63051932 54.88116911 44.88687423 36.63717673
  22.59559411 23.33192725 59.06176599 66.77810929 68.62920632]
 [43.42837436 49.70396256 34.47044639 48.81051294 35.96952914 38.27509608
  29.14683998 30.74863739 28.51889318 27.72219377 41.3646273  44.25230303
  31.49652991 37.4266416  25.98352199 23.94833089 42.37189182 34.81092431
  21.6441147  29.86897078 31.50177131 39.56441527 30.00418049 33.7698082
  43.43068103 44.7212001  49.09938257 44.99694497 38.15241992 43.45071062
  25.22273384 21.45982577 61.83788885 74.89392351 63.23896228]
 [92.89766326 89.18056483 78.67350806 67.4644951  39.55093301 50.30045614
  33.35387421 41.39109121 31.94401805 34.26719395 75.5440303  72.52650211
  36.42756529 41.63368056 34.02662116 37.78478218 80.00202359 82.5519637
  39.36751033 34.61356624 52.94167723 45.32164393 34.21154809 44.61265208
  92.2148486  93.4046222  92.59658071 92.97438165 67.61689948 62.1448944
  37.2012632  42.12124785 98.0275893  93.81811558 60.73075855]
 [59.18869074 62.24811444 58.54362591 63.09496638 54.00926386 49.95219568
  36.42320782 30.64393587 28.76512233 32.82426895 60.18568328 63.47878009
  53.513208   51.42062021 43.69597863 42.27131127 55.23341674 56.17217233
  57.05827297 35.24442185 60.7770429  79.95042178 47.57008584 54.36998192
  59.83149036 64.13168802 59.55670804 59.81063341 60.23880501 59.38754171
  53.27587183 48.58060392 67.32993839 74.36378179 67.57124818]
 [35.78940849 31.84091633 38.6010149  26.45861099 18.38224426 17.84931189
  16.78478837 17.34488998 16.22689517 16.80697088 17.2475461  19.56420298
  16.04799744 17.45375387 16.62591356 15.34133112 18.6800941  13.52820045
  16.29805082 19.68553804 19.07103966 20.03731338 17.43880331 17.52393181
  24.71496518 24.359792   94.74665185 18.82492382 15.44994694 12.453463
  13.03814767 12.67752676 56.77881189 24.94130851 10.26933708]
 [50.46478795 50.64563781 54.43445948 55.86225888 45.43130243 41.67865301
  34.10827262 24.51116394 33.61132153 30.74335437 48.24413681 52.57815371
  34.25835653 26.67163489 33.27331818 25.94631519 48.67372356 41.38391811
  34.46394372 36.70363946 47.58933785 51.81067251 34.84320661 27.7433942
  50.96753637 51.8531462  49.73704202 49.25288578 46.03445949 44.27665064
  28.93688893 23.56077795 50.95222603 64.25320477 55.71236262]
 [65.03796573 65.65214199 49.94651228 59.4297855  34.74821794 39.75376244
  30.63176385 33.8010931  35.78863003 34.48771067 51.2097794  59.06686438
  34.12525102 38.71638839 30.32614732 31.85320955 52.3488513  41.24167154
  31.84206178 35.50034656 40.41367941 49.48234473 30.04982839 46.77577932
  57.48941076 67.27179469 67.14556045 62.20467362 43.79538947 48.7902004
  31.78403958 41.11373931 65.98737964 71.48733775 50.63474989]
 [72.28134435 72.4760802  92.81267681 90.6344247  94.35619123 93.10701815
  39.82808247 48.39408517 32.97855475 35.46356969 70.74673167 73.47843606
  57.38097846 45.08954522 46.67766309 43.76713491 70.64175788 89.37991775
  57.82969187 43.49789457 93.61963056 89.0092673  54.56181651 62.41339355
  77.28496965 71.24788101 70.38396524 84.26055489 61.65041577 60.73159215
  63.18587667 56.38259735 79.33906229 75.76513435 61.03719956]]