[[1.02655737e+01 1.54518160e+01 6.80787589e+00 7.46659412e+00
  9.59002649e+00 1.37349768e+01 1.48572342e+01 1.96662161e+01
  2.12538659e+01 1.48374881e+01 3.10785669e+00 3.84912371e+00
  4.13261458e+00 3.18495243e+00 8.67173310e+00 9.00737304e+00
  2.22928812e+00 3.51773360e-29 5.42665634e+00 1.60105695e+01
  6.98757134e+00 5.78307371e+00 7.69624933e+00 9.58364500e+00
  6.73732638e+00 9.15587682e+00 9.72274281e+00 3.55515208e+00
  1.28853572e+00 1.21336769e+00 2.60769501e+00 2.39972651e+00
  9.31197464e+00 8.08284018e+00 1.66520408e+01]
 [5.15329774e+01 6.63585677e+01 1.33410569e+01 2.94898632e+01
  1.77182549e+01 3.93222262e+01 5.39263474e+00 6.82062153e+00
  6.70579979e+00 6.49190147e+00 1.16451536e+01 3.70855105e+01
  1.84492309e+00 5.07939578e+00 3.05956995e+00 3.11314694e+00
  4.46837829e+00 1.19574458e-29 1.75850563e+00 6.39022506e+00
  8.57428626e+00 2.10941218e+01 8.56615282e+00 1.22083600e+01
  3.13916066e+01 5.63505573e+01 4.90159951e+01 2.09286983e+01
  2.22938671e+00 4.11629467e+00 1.13045949e+00 1.02640706e+00
  6.80621111e+01 4.15241282e+01 5.48060584e+00]
 [4.04206106e+01 3.80075667e+01 1.33129369e+01 2.10207140e+01
  1.46243709e+01 1.16046866e+01 1.10440905e+01 1.31492289e+01
  1.61526321e+01 1.51219803e+01 6.22246237e+00 1.00925172e+01
  4.52562941e+00 4.90524648e+00 7.79560200e+00 8.85928362e+00
  3.26669991e+00 1.09838940e-28 5.76160859e+00 1.42201563e+01
  7.63406438e+00 1.74765869e+01 7.84489117e+00 9.55512051e+00
  1.81978359e+01 3.03370468e+01 3.61969785e+01 1.24214217e+01
  2.46625697e+00 2.60190530e+00 3.63049876e+00 2.90100884e+00
  2.05963601e+01 1.56113191e+01 3.23958851e+00]
 [4.47513367e+02 3.18597102e+02 3.29350758e+01 3.74275529e+01
  3.38090854e+01 6.53688925e+01 2.59135956e+01 3.00191666e+01
  3.33702777e+01 3.69094688e+01 4.06645118e+01 5.77579583e+01
  4.24651764e+00 4.43600608e+00 1.15575855e+01 1.50231387e+01
  2.12258797e+01 3.22411440e-29 8.31871672e+00 3.10239507e+01
  1.25897260e+01 2.00746087e+01 1.47127676e+01 1.70304323e+01
  1.76427949e+02 1.42854569e+02 2.51764470e+02 1.63125679e+02
  8.59939284e+00 7.40031100e+00 3.42311679e+00 4.02363887e+00
  3.12103076e+02 1.49290408e+02 3.96312291e+00]
 [1.98337901e+01 2.75530053e+01 1.35901587e+01 1.12833497e+01
  4.52809433e+01 1.96117305e+01 1.56686785e+01 1.79327884e+01
  2.14596433e+01 1.41913009e+01 5.43013543e+00 6.25023378e+00
  5.56427091e+00 3.51457086e+00 9.50189312e+00 9.63117984e+00
  3.50662844e+00 2.96372179e-29 4.93652001e+00 1.59717701e+01
  9.01583662e+00 8.57777743e+00 1.72673992e+01 7.56933625e+00
  9.04512704e+00 1.06331991e+01 1.96409533e+01 7.04252787e+00
  2.11614126e+00 2.00388717e+00 3.14334066e+00 2.31873319e+00
  8.24631112e+00 1.40217429e+01 2.08414172e+02]
 [7.81803165e+00 1.13005000e+01 6.14656630e+00 8.94855598e+00
  8.03830140e+00 3.30851743e+00 4.63589391e+00 6.75082435e+00
  7.76906637e+00 6.79917805e+00 4.07505667e+00 2.96094222e+00
  3.11169871e+00 1.25900551e+00 3.02278113e+00 2.64342687e+00
  1.78341457e+00 3.12901213e-30 1.77053208e+00 6.53581220e+00
  8.95337728e+00 2.50841567e+00 4.05433156e+00 2.72748202e+00
  1.07265007e+01 7.24264013e+00 8.71979894e+00 3.28288626e+00
  1.19094200e+00 8.89301056e-01 1.34852501e+00 8.38761989e-01
  1.03882969e+01 5.64947640e+00 5.84546454e+00]
 [2.56102148e+01 2.06096600e+01 2.26565368e+01 1.01638975e+01
  9.29044050e+01 1.48461790e+01 3.66479037e+01 1.74425021e+01
  2.69827360e+01 2.66967720e+01 1.10248884e+01 4.90788343e+00
  2.76226730e+01 7.12748471e+00 2.04294001e+01 1.08781998e+01
  4.44521121e+00 1.23493732e-28 8.91805705e+00 2.69185850e+01
  3.50620205e+01 7.39244544e+00 4.75726415e+01 1.07564157e+01
  1.27322608e+01 8.89606431e+00 1.84482809e+01 6.95534254e+00
  5.91720670e+00 3.69418350e+00 6.58339870e+00 3.92820921e+00
  6.91179707e+01 5.99648312e+01 1.93937882e+01]
 [2.64531376e+01 3.28732643e+01 7.79884168e+00 7.61745679e+00
  8.80704451e+00 1.52199320e+01 1.30827035e+01 1.36992647e+01
  2.59562778e+01 2.36860942e+01 6.97426247e+00 7.89835912e+00
  2.97601616e+00 2.13202426e+00 6.31012759e+00 7.06643018e+00
  3.29983601e+00 9.66630576e-30 3.87758805e+00 2.22932083e+01
  4.61255736e+00 4.17892286e+00 5.66084290e+00 5.68419741e+00
  1.13428395e+01 1.94913214e+01 2.05209991e+01 1.02351662e+01
  1.35499021e+00 1.28609226e+00 2.19112837e+00 2.04673139e+00
  3.46353642e+01 2.05245673e+01 1.03076693e+01]
 [2.14529709e+01 2.21833059e+01 1.33289251e+01 1.08183789e+01
  3.13406525e+01 1.49742423e+01 8.28747634e+00 9.32307533e+00
  1.07043955e+01 1.28610283e+01 5.28270778e+00 5.09489762e+00
  3.22355148e+00 2.63858944e+00 5.57905918e+00 4.64276324e+00
  3.12746192e+00 1.03236520e-29 3.41596105e+00 1.10335055e+01
  5.34011121e+00 5.69704184e+00 5.48510546e+00 5.28983420e+00
  1.29917706e+01 9.63351307e+00 1.68215953e+01 6.54982002e+00
  1.77827206e+00 1.83918743e+00 2.50018253e+00 1.62291854e+00
  1.00067273e+01 1.84969528e+01 6.33220532e+00]
 [4.39182012e+01 3.60141175e+01 9.58701842e+00 8.60081995e+00
  7.77750992e+00 4.19827404e+00 1.24594406e+01 8.12441753e+00
  1.46111667e+01 1.08462047e+01 7.64175259e+00 6.09881444e+00
  2.29230491e+00 1.55721729e+00 8.43227279e+00 4.23893287e+00
  3.61619160e+00 5.00714255e-28 3.42300507e+00 1.13539412e+01
  5.23816931e+00 3.32395364e+00 1.00970534e+01 3.54852386e+00
  2.25787675e+01 1.23579636e+01 2.82955540e+01 9.20083520e+00
  1.66149976e+00 1.39731287e+00 2.19087134e+00 1.20566111e+00
  2.86655923e+01 2.25995890e+01 1.12788963e+01]
 [7.25375657e+00 1.53680936e+01 1.06910101e+01 1.18447697e+01
  9.13278639e+00 7.28461997e+00 1.10017884e+01 1.13516885e+01
  1.21785777e+01 1.23905706e+01 6.28707182e+00 9.40344849e+00
  4.10075428e+00 3.77236882e+00 7.34653765e+00 6.21938681e+00
  3.48057064e+00 7.19159728e-30 4.46129136e+00 1.13320229e+01
  7.07216888e+00 9.24807396e+00 7.45123228e+00 6.20029062e+00
  8.50637097e+00 2.47506796e+01 9.83362958e+00 6.10980709e+00
  1.94228323e+00 1.99801083e+00 2.98502244e+00 2.57916719e+00
  1.02521188e+01 1.70871047e+01 3.09885129e+00]
 [8.00251257e+01 5.64370027e+01 1.67010906e+01 1.72171650e+01
  2.37562736e+01 2.11572188e+01 1.35341473e+01 1.47866300e+01
  2.28349857e+01 2.40055875e+01 9.15546886e+00 8.73323408e+00
  5.87036985e+00 4.57606072e+00 1.01186837e+01 9.17227765e+00
  6.48605112e+00 9.16879670e-30 6.15291849e+00 2.00393604e+01
  1.01139367e+01 7.91348754e+00 9.45643543e+00 1.14506642e+01
  2.80668086e+01 2.55107184e+01 7.12267565e+01 1.74870505e+01
  3.63903588e+00 2.78003537e+00 3.99717278e+00 2.85537921e+00
  8.15390456e+01 5.55971523e+01 3.46126957e+00]
 [1.04073536e+01 1.45789648e+01 1.18892086e+01 1.49928608e+01
  1.14404066e+01 9.17861545e+00 1.62356031e+01 1.27602391e+01
  1.89642953e+01 1.89233265e+01 7.56872095e+00 7.66006553e+00
  4.89174043e+00 3.23746201e+00 9.63620623e+00 6.83753758e+00
  4.49576258e+00 8.56648617e-30 5.58600051e+00 1.67860067e+01
  8.26096462e+00 8.58092579e+00 9.52144295e+00 7.12642767e+00
  8.80348463e+00 9.91572164e+00 9.90141249e+00 6.23765513e+00
  3.04549813e+00 2.58487506e+00 3.96643100e+00 2.11068662e+00
  6.42560344e+00 6.85195885e+00 2.36396876e+01]
 [1.15160833e+01 1.23183836e+01 1.41975702e+01 1.38853431e+01
  1.68700385e+01 1.63924066e+01 2.22244397e+01 2.44439659e+01
  2.20883273e+01 2.66966827e+01 8.23444606e+00 9.37362708e+00
  5.65817409e+00 5.23594022e+00 1.29450592e+01 1.25032926e+01
  5.33803991e+00 2.43508921e-29 7.03265511e+00 1.97680553e+01
  1.05311920e+01 1.05002891e+01 1.29955493e+01 1.32857440e+01
  9.72978393e+00 1.17212643e+01 1.07809936e+01 7.95153744e+00
  3.33834347e+00 3.68952207e+00 4.25027486e+00 3.74227716e+00
  4.20705125e+00 6.18660306e+00 1.07035102e+01]
 [1.81859213e+01 1.58902284e+01 9.86087818e+00 8.72531642e+00
  9.61598002e+00 8.51123470e+00 1.83753638e+01 1.79780335e+01
  2.40074287e+01 2.45913721e+01 4.89087620e+00 5.36890776e+00
  4.13824841e+00 2.94129506e+00 1.07204585e+01 8.45138582e+00
  3.60036366e+00 8.36176922e-30 5.00523049e+00 2.18898358e+01
  5.93667977e+00 5.66966175e+00 9.76641761e+00 7.57109918e+00
  9.08806020e+00 1.15314402e+01 1.63110664e+01 7.39510952e+00
  2.45475745e+00 2.30043536e+00 4.02128276e+00 2.11439396e+00
  1.08329796e+01 1.02838205e+01 1.89251540e+01]
 [2.15309089e+01 1.82781934e+01 7.05027631e+00 4.38506296e+00
  5.21889820e+00 3.99540959e+00 6.59864105e+00 7.91820328e+00
  1.11069036e+01 1.11710136e+01 4.47002204e+00 3.68114512e+00
  1.55577840e+00 1.38430880e+00 3.79045923e+00 3.41879443e+00
  2.76014392e+00 1.61207633e-29 1.91561745e+00 9.88104823e+00
  4.18975010e+00 3.63281789e+00 4.42609130e+00 3.73780544e+00
  1.12361541e+01 1.29769691e+01 1.87757078e+01 7.93376332e+00
  1.16225408e+00 8.34801322e-01 1.31694171e+00 1.03092096e+00
  1.38833762e+01 1.56638153e+01 8.13034924e+00]
 [1.09374848e+01 1.21340755e+01 7.64075139e+00 6.01172492e+00
  1.39768079e+01 1.87578002e+01 9.12033943e+00 8.00821066e+00
  1.24427650e+01 1.25865775e+01 8.14121467e+00 6.00999688e+00
  2.58504041e+00 2.11775411e+00 4.11118739e+00 3.55942763e+00
  1.73883290e+00 8.55750037e-30 2.09777302e+00 1.25198289e+01
  5.61402736e+00 3.64438675e+00 5.68174855e+00 5.78679491e+00
  4.66592669e+01 1.62071364e+01 1.02752280e+01 3.41574840e+00
  1.31210802e+00 1.04107581e+00 1.34781317e+00 1.09215274e+00
  1.28513510e+01 3.51320999e+00 6.33776119e+00]
 [3.14991033e+02 3.35085784e+02 2.59345575e+01 3.28744239e+01
  1.22463360e+01 1.18314160e+01 1.80590593e+01 2.04922274e+01
  2.75010704e+01 3.11308785e+01 1.58212864e+01 2.52334071e+01
  5.65392073e+00 5.36097587e+00 1.45863517e+01 1.39035278e+01
  1.60173392e+01 1.90063055e-28 1.09572082e+01 2.68020964e+01
  1.00274910e+01 1.04915047e+01 1.23657032e+01 1.13251351e+01
  6.33366522e+01 7.83454507e+01 1.97201296e+02 6.00490611e+01
  5.40240831e+00 5.47962142e+00 6.88139791e+00 5.53818062e+00
  2.55528221e+02 1.54233664e+02 8.70459268e+00]
 [3.42333401e+01 1.17400013e+02 1.26374819e+01 1.40210835e+01
  1.40223716e+01 1.29205257e+01 1.34589570e+01 1.52831228e+01
  1.35640048e+01 1.75458546e+01 5.75404462e+00 1.94028806e+01
  2.42593876e+00 2.52517982e+00 5.98157448e+00 5.75980266e+00
  4.04531221e+00 3.41576028e-29 3.85669803e+00 1.36462258e+01
  9.05763675e+00 1.18158872e+01 6.30916090e+00 6.09575607e+00
  1.25881744e+01 4.90807647e+01 3.69298782e+01 1.12265117e+01
  1.69214477e+00 1.85600990e+00 2.40722450e+00 1.64748922e+00
  1.28873779e+01 2.83265298e+01 1.24334854e+01]
 [9.25388826e+01 1.70595978e+02 1.23945707e+01 2.31924897e+01
  1.89924839e+01 1.86222091e+01 2.11896724e+01 2.42053612e+01
  3.12831763e+01 3.64285480e+01 4.88698332e+00 1.39362420e+01
  4.47709058e+00 5.05425285e+00 1.14734749e+01 1.14755512e+01
  7.26677454e+00 1.66088563e-28 6.48327858e+00 2.90736951e+01
  7.68427038e+00 8.66912496e+00 1.05040553e+01 1.09712578e+01
  2.46896947e+01 5.57325435e+01 1.01918927e+02 2.65486606e+01
  1.94562320e+00 3.20764206e+00 3.82990316e+00 2.72145909e+00
  4.88579181e+01 4.41653864e+01 9.64261728e+01]]