[[3.05615637e+00 5.50389276e+00 2.28727716e+00 2.50812111e+00
  4.38595792e+00 4.65321730e+00 1.84197868e+00 1.81267173e+00
  1.73478289e+00 1.61559024e+00 9.46916944e-01 1.25987215e+00
  2.37444555e+00 6.45499719e-01 1.07438405e+00 9.00776021e-01
  6.23643988e-01 1.73490498e-29 5.35520470e-01 1.60928829e+00
  3.81538584e+00 1.90237333e+00 1.79168825e+00 1.49823297e+00
  1.83940079e+00 3.06219693e+00 3.12929339e+00 9.81889533e-01
  3.35645593e-01 3.42767308e-01 3.85335798e-01 2.72446756e-01
  3.64285957e+00 3.11537034e+00 6.25272027e+00]
 [3.89611616e+01 4.66495568e+01 7.98999496e+00 1.72764394e+01
  1.55998560e+01 3.23633236e+01 1.40377694e+00 2.29702977e+00
  1.64296620e+00 2.33027095e+00 8.31811295e+00 2.46357430e+01
  7.79753115e-01 2.78330582e+00 9.03419674e-01 1.10757879e+00
  2.77377235e+00 7.62831735e-30 4.95525518e-01 2.07211256e+00
  5.09908360e+00 1.38155343e+01 7.01890242e+00 1.19992578e+01
  2.21657363e+01 3.66254616e+01 3.54797993e+01 1.45871390e+01
  1.13879117e+00 2.03773550e+00 3.38619929e-01 3.54685926e-01
  7.36095972e+01 2.97295423e+01 4.34284506e+00]
 [1.27842836e+01 1.32838813e+01 3.36092085e+00 7.42082723e+00
  4.78092442e+00 2.72214880e+00 1.64889944e+00 2.00918777e+00
  2.48249150e+00 1.99804514e+00 1.44430927e+00 3.53229321e+00
  5.92278171e-01 7.52096959e-01 1.04283813e+00 1.06240284e+00
  9.71291909e-01 2.34425080e-29 7.17419559e-01 2.19099125e+00
  1.37137711e+00 6.94588072e+00 9.92611675e-01 1.32354695e+00
  6.14587872e+00 1.07641182e+01 1.22530514e+01 4.15787703e+00
  3.83155822e-01 4.13076058e-01 5.04390256e-01 4.02603529e-01
  5.64879119e+00 6.34354681e+00 1.46872353e+00]
 [3.05460884e+02 2.09853272e+02 1.25984552e+01 1.81425134e+01
  1.43874086e+01 3.10895823e+01 5.98622953e+00 5.20830644e+00
  7.09690319e+00 9.56396171e+00 1.89489485e+01 4.24774370e+01
  9.15080830e-01 8.85664304e-01 2.26499015e+00 2.41512343e+00
  1.10962733e+01 1.26160402e-29 1.84805231e+00 8.06044882e+00
  4.16333186e+00 7.57128478e+00 4.15868807e+00 4.64550177e+00
  1.09169179e+02 1.02712637e+02 1.68713255e+02 1.14096896e+02
  3.03540253e+00 3.67958963e+00 7.77978217e-01 6.89073474e-01
  2.22616230e+02 1.05328416e+02 1.67630244e+00]
 [6.01450325e+00 7.04616146e+00 5.74407377e+00 3.89980796e+00
  5.61704721e+01 1.45286771e+01 3.27977291e+00 3.44186895e+00
  7.43362527e+00 2.53470596e+00 1.74976258e+00 1.85029267e+00
  3.47709656e+00 1.39566497e+00 2.03887669e+00 1.30392442e+00
  9.77732108e-01 7.30611437e-30 8.07405160e-01 5.06200331e+00
  5.43217913e+00 5.86812451e+00 1.36897563e+01 2.53050084e+00
  2.92264072e+00 2.93474775e+00 5.62725877e+00 1.97120555e+00
  5.69273797e-01 6.50436282e-01 7.91893477e-01 4.10108693e-01
  4.06530539e+00 4.75849603e+00 7.26491496e+00]
 [4.52590309e+00 6.42438076e+00 4.12193265e+00 6.86896688e+00
  6.45303421e+00 1.03216547e+00 1.14681103e+00 1.10717147e+00
  2.01355168e+00 2.12816501e+00 2.75183847e+00 1.57282093e+00
  1.92676462e+00 4.12104976e-01 8.07682454e-01 6.12564195e-01
  8.35827695e-01 1.75567338e-30 4.36640150e-01 1.86473709e+00
  8.08909127e+00 1.02254963e+00 2.17916965e+00 6.15326575e-01
  8.35209856e+00 4.61995738e+00 5.07243895e+00 1.82590422e+00
  4.78843386e-01 3.32803214e-01 4.07385366e-01 2.36779745e-01
  9.79352593e+00 5.63149914e+00 2.86880422e+00]
 [1.47105942e+01 1.22239544e+01 1.30705436e+01 4.50781930e+00
  6.96508429e+01 5.40780839e+00 2.20994020e+01 4.45205340e+00
  7.30011453e+00 8.18436417e+00 3.79490611e+00 1.49348730e+00
  1.83400706e+01 2.08580391e+00 8.00237228e+00 2.29660382e+00
  1.39670999e+00 6.03102346e-29 1.34831055e+00 8.20010046e+00
  3.62046855e+01 2.17387906e+00 3.79348156e+01 3.12529511e+00
  6.40988902e+00 5.28997235e+00 1.10778787e+01 3.35381102e+00
  1.59498887e+00 6.59184612e-01 1.72571738e+00 8.16549000e-01
  3.57938412e+01 2.95129970e+01 1.01806488e+01]
 [1.51411879e+01 2.01209778e+01 3.67275828e+00 3.62900045e+00
  5.41338968e+00 1.01619364e+01 6.57854782e+00 2.72149637e+00
  1.79852809e+01 1.91720109e+01 4.67166409e+00 5.31637627e+00
  7.92427080e-01 6.44319470e-01 1.61779483e+00 1.48460373e+00
  1.36629544e+00 6.66082754e-30 1.06630420e+00 1.75150534e+01
  2.27798932e+00 2.05862399e+00 1.86845654e+00 1.88487790e+00
  6.43613709e+00 1.30334298e+01 1.19957445e+01 6.57188731e+00
  4.62365290e-01 4.28264314e-01 4.79557628e-01 4.36146217e-01
  1.92783194e+01 1.35152210e+01 7.53902877e+00]
 [8.87990307e+00 9.67567415e+00 6.84961373e+00 3.02561529e+00
  1.88651542e+01 6.17946412e+00 1.10423468e+00 1.66205578e+00
  2.31817738e+00 3.11318451e+00 1.56886144e+00 9.99518306e-01
  4.13085561e-01 4.74133700e-01 5.02156533e-01 5.65974058e-01
  7.54246236e-01 2.35317012e-30 3.70141601e-01 2.52335009e+00
  1.24452808e+00 1.13236450e+00 5.61147001e-01 1.04370197e+00
  6.13518590e+00 3.68080863e+00 6.84337871e+00 2.50357679e+00
  3.48057541e-01 3.07963993e-01 2.59257838e-01 2.14425676e-01
  5.62051294e+00 1.15825277e+01 3.01281274e+00]
 [3.23166462e+01 2.23164604e+01 5.89444354e+00 4.52245929e+00
  4.85556587e+00 1.21058397e+00 5.02999311e+00 1.81653622e+00
  4.50102208e+00 2.64647757e+00 4.66169543e+00 1.92743074e+00
  9.85748106e-01 4.76052466e-01 4.08943458e+00 8.36220958e-01
  1.79992790e+00 1.01606978e-28 9.19417099e-01 3.22132856e+00
  2.75199879e+00 1.16951440e+00 7.89246679e+00 8.51479263e-01
  1.79617149e+01 6.06192974e+00 1.83651000e+01 5.21481442e+00
  6.88508557e-01 4.51451841e-01 7.86969097e-01 2.92671609e-01
  2.09435175e+01 1.50847811e+01 5.20796361e+00]
 [1.67154397e+00 7.38094358e+00 2.36370100e+00 3.25131036e+00
  1.51358869e+00 1.55653817e+00 2.28603954e+00 5.21111744e+00
  1.95434967e+00 2.64989102e+00 1.83019687e+00 3.97438603e+00
  6.06809692e-01 6.70302298e-01 9.59416430e-01 9.31620372e-01
  7.53431852e-01 2.19020497e-30 4.72923280e-01 1.83351412e+00
  1.78305716e+00 3.69599640e+00 1.03509362e+00 9.73300085e-01
  3.52459867e+00 1.32344867e+01 3.46565731e+00 1.96383865e+00
  3.52120112e-01 4.91908621e-01 3.39282989e-01 3.62394934e-01
  5.13153322e+00 9.68942128e+00 1.22986138e+00]
 [4.58432750e+01 3.51580735e+01 7.62896697e+00 7.86615236e+00
  1.33935846e+01 1.10769608e+01 2.56137819e+00 3.20948034e+00
  3.68972801e+00 4.06957273e+00 3.70235621e+00 4.06915640e+00
  1.22238268e+00 1.08681874e+00 1.50596352e+00 1.46920905e+00
  2.78142338e+00 2.23587770e-30 9.75282663e-01 3.71087923e+00
  4.28438810e+00 3.69587081e+00 1.75074154e+00 3.75441223e+00
  1.49793685e+01 1.35090689e+01 3.95983958e+01 8.86493800e+00
  9.99503357e-01 8.59980618e-01 6.17783195e-01 4.82028551e-01
  4.67546533e+01 2.77391747e+01 1.54753650e+00]
 [2.31075340e+00 3.02326463e+00 2.53848733e+00 2.93818531e+00
  2.19595267e+00 1.87367186e+00 2.48476694e+00 2.40701533e+00
  4.48166682e+00 6.54149665e+00 1.43165422e+00 1.68945347e+00
  9.22870454e-01 7.59540389e-01 1.63702163e+00 1.35204746e+00
  8.75419344e-01 2.80226104e-30 1.03035816e+00 5.25935867e+00
  1.69665637e+00 1.82085783e+00 1.68290066e+00 1.43100146e+00
  1.91055064e+00 2.21438240e+00 2.24442811e+00 1.34921055e+00
  5.57624059e-01 5.58804350e-01 7.07821268e-01 4.23161047e-01
  1.96067882e+00 2.10130672e+00 7.52350395e+00]
 [1.97984420e+00 2.33891544e+00 2.04506992e+00 2.23837448e+00
  2.38245303e+00 2.14159528e+00 2.25863767e+00 2.56048122e+00
  3.37432488e+00 4.98292122e+00 1.25319219e+00 1.86338650e+00
  6.63625420e-01 8.93225188e-01 1.29131814e+00 1.34138611e+00
  1.02335798e+00 3.19852767e-30 8.41004293e-01 3.55881222e+00
  1.60245175e+00 1.47947247e+00 1.30825837e+00 1.59546895e+00
  1.71684685e+00 2.32318237e+00 1.89540145e+00 1.47806733e+00
  6.41785391e-01 7.68720058e-01 4.50189427e-01 4.81708964e-01
  9.92415027e-01 1.57128732e+00 3.58732200e+00]
 [4.44051306e+00 2.97219369e+00 1.74948072e+00 1.19688398e+00
  9.35033539e-01 9.33303162e-01 1.28875892e+00 1.22485074e+00
  1.91302773e+00 1.99260783e+00 6.75307599e-01 8.17353415e-01
  4.45770045e-01 3.69226734e-01 8.39166088e-01 6.79454053e-01
  4.45534031e-01 1.29237786e-30 4.27118761e-01 1.69514626e+00
  8.55211543e-01 7.18532991e-01 8.17329314e-01 6.94714928e-01
  1.72848118e+00 2.21315692e+00 3.56038406e+00 1.39673043e+00
  3.10544964e-01 2.83498979e-01 3.84220750e-01 2.27823752e-01
  3.46319721e+00 3.50473324e+00 4.69269362e+00]
 [8.01068127e+00 6.36067565e+00 2.53768794e+00 1.60790082e+00
  1.81864925e+00 8.80557565e-01 1.32831779e+00 1.07297736e+00
  1.02976031e+00 1.23087810e+00 1.86455711e+00 1.64136380e+00
  4.54939138e-01 4.61817708e-01 6.16629157e-01 6.21490005e-01
  1.21821049e+00 3.76905232e-30 3.64157912e-01 1.06345802e+00
  1.58997480e+00 1.16007698e+00 1.14797206e+00 7.80301918e-01
  4.65509863e+00 6.02590486e+00 7.36026106e+00 3.17336445e+00
  4.76260604e-01 3.66257517e-01 2.55649283e-01 2.93583125e-01
  5.52458587e+00 5.83564016e+00 3.82056723e+00]
 [5.57448126e+00 5.21492900e+00 3.32134917e+00 2.15201802e+00
  6.69842650e+00 6.40000438e+00 2.81794020e+00 2.44367944e+00
  4.47054419e+00 4.35341177e+00 4.19280232e+00 3.42100947e+00
  1.36146672e+00 7.83386638e-01 9.30572960e-01 9.21270250e-01
  6.51135679e-01 3.75459214e-30 4.81472368e-01 4.80204947e+00
  3.00381225e+00 1.26769379e+00 2.34620427e+00 1.92287364e+00
  2.69148935e+01 1.05279245e+01 5.37209851e+00 1.80178018e+00
  5.12100296e-01 3.35512415e-01 3.37822385e-01 3.05963930e-01
  7.87659646e+00 1.91904410e+00 3.29777477e+00]
 [6.51538324e+01 6.46068854e+01 4.92639112e+00 5.87467447e+00
  2.11316269e+00 2.33748503e+00 2.52261237e+00 3.32933833e+00
  3.54977589e+00 4.79103146e+00 2.66678157e+00 4.38905957e+00
  8.31805342e-01 1.05862757e+00 1.70790153e+00 2.08751695e+00
  2.56848878e+00 3.59704204e-29 1.35513452e+00 4.19017765e+00
  1.79439076e+00 2.04696615e+00 1.65043867e+00 1.91876776e+00
  1.17042938e+01 1.45995713e+01 3.90512903e+01 1.08593582e+01
  7.63535264e-01 9.23509356e-01 7.78161602e-01 8.23982005e-01
  5.70800040e+01 3.42135461e+01 2.24488129e+00]
 [1.56249272e+01 6.16379113e+01 4.04568587e+00 4.58273394e+00
  5.87327706e+00 5.59178955e+00 2.70367980e+00 4.78515964e+00
  2.53688797e+00 7.54377702e+00 1.95271326e+00 1.03551237e+01
  3.63101342e-01 5.92651201e-01 8.54776018e-01 1.22379380e+00
  1.26082999e+00 1.06380396e-29 5.51925050e-01 4.68853415e+00
  3.47361652e+00 6.65559093e+00 8.51810670e-01 1.31628323e+00
  5.28169424e+00 2.75360421e+01 1.75852093e+01 4.67503302e+00
  4.47720273e-01 4.02293651e-01 2.78899957e-01 2.79708174e-01
  7.30446502e+00 1.54598307e+01 7.16328986e+00]
 [5.39336796e+01 9.19141477e+01 6.33979200e+00 1.23316190e+01
  8.42211004e+00 1.17311507e+01 3.87658660e+00 4.44291069e+00
  6.85289605e+00 6.14112740e+00 2.38731493e+00 6.98114632e+00
  1.35809393e+00 1.81468263e+00 2.15116274e+00 1.75690949e+00
  3.58752461e+00 7.16610143e-29 1.26460746e+00 6.25099081e+00
  5.00406064e+00 3.80097901e+00 2.38713116e+00 2.70049505e+00
  1.45271646e+01 3.00112402e+01 5.64332328e+01 1.45702872e+01
  7.81758444e-01 1.49717820e+00 8.92828542e-01 5.41203483e-01
  2.89476017e+01 2.33720477e+01 2.74202809e+01]]