[[7.85371880e+02 2.07831658e+03 1.49975633e+02 3.18642842e+02
  1.13254204e+02 9.20317649e+02 9.29843386e+01 1.36668321e+02
  1.26937381e+02 8.07858378e+01 6.56585899e+01 4.52607875e+01
  3.00683054e+01 8.98556145e+00 4.04190629e+01 3.57342618e+01
  6.45818085e+01 2.77075890e-27 2.27413123e+01 8.63666057e+01
  6.29392759e+02 7.48830512e+01 4.46972620e+01 3.75497758e+01
  1.15090821e+03 1.48838700e+03 8.61735542e+02 9.54172926e+01
  8.95400262e+00 9.54029229e+00 9.63308611e+00 7.00710964e+00
  1.66692084e+03 1.39455579e+03 2.09342866e+02]
 [2.76260277e+02 3.57888028e+02 7.72848865e+01 1.18593294e+02
  6.64944807e+01 4.96333601e+01 5.13522888e+01 5.33728067e+01
  7.07839251e+01 6.41330295e+01 4.21095074e+01 5.42654375e+01
  1.41769070e+01 1.31576876e+01 3.19054365e+01 2.77757391e+01
  3.68570373e+01 5.30585276e-29 2.31346474e+01 6.79282335e+01
  4.58744035e+01 5.18824949e+01 3.16826827e+01 2.97541414e+01
  1.09434173e+02 1.71036153e+02 3.04084387e+02 1.23948400e+02
  1.72272731e+01 1.53666016e+01 1.28879440e+01 9.73716525e+00
  9.88849628e+01 9.43876000e+01 1.07596860e+01]
 [2.71378558e+02 2.18538844e+02 1.77957151e+02 8.88704155e+01
  2.44037274e+01 2.50230527e+01 2.02634395e+01 4.95203625e+01
  2.87572845e+01 2.82829852e+01 4.59381299e+01 1.91892254e+01
  6.70337961e+00 5.08561650e+00 1.18687881e+01 1.36085239e+01
  1.97383495e+01 6.75986670e-28 1.16528619e+01 2.63580658e+01
  2.76586961e+01 1.61693677e+01 1.31053166e+01 1.47990005e+01
  1.55996161e+02 1.29248366e+02 2.25530130e+02 2.19297829e+02
  6.48011682e+00 5.58096098e+00 4.97449818e+00 5.05562531e+00
  1.36125053e+02 1.45261671e+02 1.05277965e+01]
 [2.04415949e+03 1.29373856e+03 5.62798672e+02 6.07713561e+02
  9.87429766e+01 1.70032734e+02 7.99877713e+01 1.48633228e+02
  1.28587529e+02 1.41859495e+02 1.72418877e+02 8.57497604e+01
  1.70398765e+01 2.62315465e+01 3.79788690e+01 6.54002631e+01
  9.71673884e+01 2.39914980e-28 3.90322967e+01 1.25819507e+02
  1.23266454e+02 1.32332403e+02 4.24435181e+01 8.01704182e+01
  8.16184004e+02 3.37871919e+02 1.49767623e+03 5.29131206e+02
  4.03179815e+01 1.71146038e+01 1.23312735e+01 1.94683274e+01
  1.78454585e+03 3.69112673e+03 1.22480956e+01]
 [4.58561086e+01 6.42896845e+01 7.40081835e+01 5.30086526e+01
  2.17818085e+01 2.52336708e+01 2.67074541e+01 3.53727022e+01
  2.74810308e+01 2.80633565e+01 1.44780772e+01 2.39022097e+01
  8.06057080e+00 6.16793995e+00 1.34554786e+01 1.77412990e+01
  1.12845584e+01 6.23658707e-29 9.13662440e+00 2.46324094e+01
  1.61319791e+01 2.18852461e+01 1.32051474e+01 1.37392884e+01
  2.48871216e+01 3.57288865e+01 4.66728291e+01 2.10805283e+01
  5.20661241e+00 5.36123613e+00 4.06038738e+00 3.66116474e+00
  6.05701670e+01 4.52352381e+01 6.00426626e+02]
 [9.13908270e+01 2.81331636e+02 1.32847543e+02 9.64280621e+01
  3.99191791e+01 2.82262845e+01 3.43169601e+01 2.94968933e+01
  4.29538618e+01 3.53698060e+01 2.08096092e+01 2.83027862e+01
  1.17457993e+01 7.58042846e+00 2.03926214e+01 2.16408547e+01
  1.95479899e+01 2.79369019e-29 1.80774780e+01 3.70680165e+01
  3.48932819e+01 2.77480173e+01 2.32530093e+01 1.65510212e+01
  2.06832790e+02 1.25132110e+02 1.04312388e+02 4.43932941e+01
  9.02723330e+00 7.72778334e+00 9.25805395e+00 7.85044455e+00
  3.89258946e+02 3.75044579e+01 1.76910200e+01]
 [1.24130376e+03 6.98489331e+02 1.09214921e+03 8.27928279e+02
  4.84861658e+02 1.78567947e+02 2.65521742e+02 5.66591593e+01
  1.97776989e+02 2.08430201e+02 9.60198901e+01 1.29924193e+02
  5.80479894e+01 7.75410335e+02 5.00919207e+01 4.47338233e+01
  6.37636317e+01 1.96659845e-26 4.17190326e+01 9.52073211e+01
  1.73525132e+02 1.28812874e+02 8.67387294e+01 5.64984253e+01
  3.04313104e+02 8.08021044e+02 5.49455001e+02 1.68947528e+02
  1.62379418e+02 5.58636875e+01 1.77082969e+01 1.22017446e+01
  2.42146915e+03 8.57603755e+03 1.04243330e+02]
 [1.27128224e+02 1.44707567e+02 6.34439158e+01 7.17600767e+01
  3.42181231e+01 3.38908874e+01 3.14813998e+01 4.47983371e+01
  3.47765784e+01 3.60154504e+01 2.50546944e+01 3.18668946e+01
  1.44301441e+01 1.17228885e+01 2.17706016e+01 2.36479255e+01
  2.59296233e+01 9.47585847e-29 1.61854421e+01 3.34414873e+01
  2.63088610e+01 3.09194863e+01 2.73734760e+01 2.06358364e+01
  5.48529622e+01 8.27901980e+01 9.39288013e+01 7.53469526e+01
  1.04492861e+01 9.85451148e+00 8.93392869e+00 9.11323361e+00
  4.54123513e+02 1.23103590e+02 4.01281377e+01]
 [8.73363349e+01 9.32287330e+01 3.69677042e+01 4.77566938e+01
  2.73087801e+01 2.37719767e+01 3.53091465e+01 3.80965539e+01
  4.41359889e+01 4.92758860e+01 1.87029265e+01 2.03981706e+01
  9.58052572e+00 7.50365869e+00 2.35796042e+01 1.78597577e+01
  1.87533705e+01 3.16301348e-29 1.44760510e+01 4.54833410e+01
  2.48702128e+01 1.87419070e+01 2.07399875e+01 1.78011249e+01
  3.62488772e+01 4.07849708e+01 6.58225450e+01 2.93998617e+01
  9.84729704e+00 7.27327376e+00 7.85817478e+00 5.54839895e+00
  6.12735214e+01 9.55252037e+01 1.84545333e+01]
 [3.08642626e+02 3.12003865e+02 8.43873308e+01 3.24327997e+02
  1.02781416e+02 5.50410910e+01 8.67419467e+01 4.15105986e+02
  1.34497402e+02 2.53131112e+02 6.35959049e+01 8.82614211e+02
  1.93458934e+01 2.23047917e+01 3.85486170e+01 4.03520606e+01
  3.51763446e+01 6.01491549e-26 8.20265702e+01 3.45961679e+02
  1.78321035e+02 2.68292863e+02 1.99071450e+02 1.77557631e+02
  1.15427486e+02 8.31489817e+02 2.18784397e+02 8.44697498e+01
  1.23328680e+01 7.26824649e+01 9.19462601e+00 1.13015493e+01
  2.86079733e+02 3.93062027e+02 2.16602071e+02]
 [5.89276130e+01 1.17136731e+02 6.01013694e+02 7.13751477e+02
  9.91596089e+01 4.57088839e+01 3.41380851e+01 3.77782066e+01
  4.18548935e+01 3.98712014e+01 6.26267194e+01 1.32982724e+02
  1.01363223e+01 1.22781287e+01 1.97167875e+01 1.96701083e+01
  3.72357090e+01 1.24010409e-28 1.18638238e+01 3.95714920e+01
  3.78333837e+01 4.47141499e+01 2.14943918e+01 2.54584446e+01
  1.57289296e+02 3.43137626e+02 1.13860966e+02 1.27538202e+02
  1.19144179e+01 1.15523916e+01 5.78843635e+00 9.75046363e+00
  6.15947938e+02 3.45511680e+02 1.43539825e+01]
 [5.91610938e+02 4.83728582e+02 5.10569200e+02 5.54030459e+02
  1.26040300e+02 1.38926306e+02 6.16717756e+01 6.60333041e+01
  8.34444684e+01 7.42615505e+01 8.45647173e+01 8.35339327e+01
  2.56818478e+01 2.34887866e+01 3.21513069e+01 3.05800595e+01
  4.32028953e+01 2.91219711e-29 1.85854339e+01 6.83737898e+01
  1.46061597e+02 1.23841277e+02 5.60786402e+01 6.65086551e+01
  2.44544325e+02 1.89890511e+02 5.03294648e+02 1.38171155e+02
  1.85833428e+01 1.59735118e+01 1.01956436e+01 9.12372577e+00
  9.07185522e+02 9.36375252e+02 1.27361784e+01]
 [1.76612055e+01 2.48139513e+01 1.86880937e+01 1.87498861e+01
  2.03904016e+01 9.16753930e+00 1.23081605e+01 1.06724021e+01
  1.09074346e+01 1.06750212e+01 1.20067471e+01 7.92524361e+00
  5.66339726e+00 3.02154809e+00 6.25870033e+00 4.56292642e+00
  5.51198466e+00 1.62552525e-29 6.73488005e+00 1.17350714e+01
  7.84782902e+00 7.42096415e+00 9.41412818e+00 6.26343870e+00
  2.97202075e+01 1.24973898e+01 2.35257286e+01 8.77444920e+00
  5.66504319e+00 2.89343984e+00 3.46238007e+00 1.86393548e+00
  2.18486799e+02 4.09382541e+02 1.90054024e+02]
 [5.52264867e+01 7.08650034e+01 5.14119330e+01 7.14692712e+01
  5.58251518e+01 5.73347452e+01 6.20258874e+01 6.31707395e+01
  5.23987952e+01 5.43350096e+01 4.34096640e+01 6.92046035e+01
  1.34770947e+01 1.80240758e+01 3.99307322e+01 2.14522712e+01
  5.79491504e+01 8.30415963e-29 1.67422755e+01 4.86410139e+01
  3.01527727e+01 4.31488792e+01 4.11660358e+01 3.18696476e+01
  5.36616607e+01 7.84217899e+01 6.05600398e+01 7.85136411e+01
  1.74404071e+01 3.52082830e+01 1.24619143e+01 6.74080021e+00
  3.76119157e+01 8.89964359e+01 8.08350932e+01]
 [1.89902506e+02 1.23487438e+02 6.15536630e+01 5.85319138e+01
  3.17493709e+01 3.30567089e+01 4.93010755e+01 6.81057255e+01
  6.01720889e+01 6.23387547e+01 1.65635329e+01 2.10064179e+01
  8.50945978e+00 8.12330006e+00 3.08233383e+01 2.90769174e+01
  1.59933225e+01 6.84598120e-29 1.95786535e+01 5.19120379e+01
  2.16623320e+01 2.41886526e+01 2.52337276e+01 2.47478390e+01
  1.20899151e+02 2.33641947e+02 1.74564891e+02 8.87991530e+01
  7.10385493e+00 7.02257077e+00 1.14937709e+01 6.85745991e+00
  8.56605524e+02 1.85479412e+02 1.22319186e+02]
 [1.77425833e+02 1.43732780e+02 6.37480436e+01 4.54454578e+01
  3.45895236e+01 3.09914799e+01 3.62546650e+01 4.02767954e+01
  4.95462694e+01 4.70983551e+01 3.34088937e+01 2.65920409e+01
  9.28073993e+00 8.35730791e+00 2.11861484e+01 1.84767406e+01
  2.27670058e+01 1.10202337e-28 1.52069541e+01 4.32861619e+01
  2.89895338e+01 8.14773043e+01 2.21173330e+01 3.40328984e+01
  8.43123851e+01 7.64908423e+01 1.44677398e+02 5.30431367e+01
  1.02161090e+01 6.65184908e+00 6.59175050e+00 6.18909253e+00
  1.09345355e+02 1.35909472e+02 5.56555055e+01]
 [5.11485441e+01 4.32587591e+01 3.62315482e+01 3.35575502e+01
  2.01879709e+01 2.13635342e+01 2.55479639e+01 2.59189920e+01
  3.56942419e+01 3.15162380e+01 9.27370086e+00 1.43395370e+01
  8.60782238e+00 8.80724562e+00 1.63512035e+01 1.49492271e+01
  1.07275415e+01 1.99744770e-29 1.17172462e+01 3.27485379e+01
  1.56150198e+01 1.49386711e+01 1.54837353e+01 1.65473557e+01
  2.29464161e+01 3.53725715e+01 3.62094682e+01 1.26202786e+01
  4.71306870e+00 3.35582211e+00 7.25100656e+00 5.62959281e+00
  3.15436299e+01 1.77365135e+01 3.11897500e+01]
 [3.80898459e+03 3.71690540e+03 2.30490626e+02 2.36121568e+02
  3.88003036e+01 4.24582504e+01 3.67357939e+01 4.34531900e+01
  5.51846041e+01 5.50205617e+01 1.19112052e+02 1.65425224e+02
  9.66895752e+00 1.02417012e+01 2.32172125e+01 2.21321497e+01
  1.24068897e+02 2.09002252e-27 2.13759456e+01 5.60086305e+01
  4.77070833e+01 4.11088763e+01 1.90957577e+01 2.21303474e+01
  6.45488740e+02 7.75185808e+02 2.25089239e+03 6.04648349e+02
  3.00436034e+01 2.24815702e+01 8.88878456e+00 8.98214649e+00
  3.33765330e+03 2.16760968e+03 6.20708117e+01]
 [1.92996897e+02 2.79704518e+02 6.78986402e+01 7.16762633e+01
  4.25600333e+01 4.96967529e+01 4.98777172e+01 5.26012706e+01
  4.94943718e+01 5.05810672e+01 3.06030486e+01 4.44430719e+01
  9.52057178e+00 8.68520540e+00 2.06753758e+01 2.36663589e+01
  2.47504328e+01 1.10580115e-28 1.36220702e+01 4.61832809e+01
  3.07395640e+01 3.23762935e+01 2.54521346e+01 3.95130874e+01
  7.18134898e+01 1.02922215e+02 1.97839297e+02 6.95651037e+01
  8.84580021e+00 9.58629822e+00 7.39832911e+00 6.32320141e+00
  4.45391253e+01 1.37826734e+02 2.49645565e+01]
 [1.51182521e+03 3.21733245e+03 1.31367397e+03 1.25310198e+03
  9.40356817e+02 7.41560864e+02 9.89500236e+01 2.25350836e+02
  9.30823783e+01 1.24467672e+02 4.59895857e+01 3.02326069e+02
  1.75570082e+01 2.82911843e+01 4.60650502e+01 3.60375951e+01
  1.17263711e+02 1.00272795e-26 3.44828752e+01 1.29428016e+02
  4.74917429e+02 3.40285642e+02 5.47241017e+01 8.13054033e+01
  4.01491839e+02 1.33343782e+03 1.77650685e+03 6.87672931e+02
  1.53481625e+01 3.91735190e+01 2.09264715e+01 1.08724301e+01
  8.04412234e+02 1.00944878e+03 1.88503643e+02]]