[[ 1.21846206  0.7167099   3.34686998  2.00596783  4.88675444  1.33277604
   4.13853362  3.69741107  3.53669136  3.59490511  3.62485375  5.77947782
   7.62763182 11.86305575  5.42131087  5.94710643  2.8633625   1.19404325
   6.92123181  3.51204453  1.04008762  5.06944585  5.66488481  6.66918087
   0.56727718  0.59531096  1.06024778  3.03809861  7.67455013  7.62231209
   7.99578585  9.82143888  0.54632394  0.56647875  6.11833408]
 [11.85071181 12.03232926 10.09827513 14.60053915 13.44754433 26.64703526
   5.74798256  6.22423693  4.66807735  5.25261336 14.87896372 26.85135961
   7.23533888 14.97407738  5.57255338  5.86703609  7.40373646 11.49264385
   4.7710806   5.00057487 10.53883801 19.43671758 12.5479999  16.13607836
  16.07022852 18.21851578 10.71701154 10.6864419   7.9929276  14.54850102
   5.32188036  5.67034125 25.75610492 21.15461585 20.38510536]
 [10.27390308 11.45590226  6.1233784  15.22166732 24.62193011 20.12775589
  19.46384762 13.56508428 13.41541073 14.17391491  9.85650551 24.62023775
  27.01885093 28.95890215 21.21654583 21.66415182 10.94897593 10.98459452
  19.46675632 14.04603612 16.10903322 34.2738358  22.27610295 22.23854301
   8.72046856 14.63789252 10.84892426  4.85513035 21.13752607 22.87759644
  24.97786672 22.61702644 10.59233844  8.49005789 17.60358443]
 [14.17403854 14.53444164  4.64500181  4.80606414 13.73576842 17.08917294
  10.22194932  7.99489681  9.54786774  9.87541665 13.83633721 22.10909884
  10.92596069  7.85900436 10.16018569  9.48018257 11.14043447  6.84558901
   9.12287988  9.76468028  6.44414583  8.65004074 11.2472154   9.13085408
  13.94074697 19.36614921 11.33953639 16.79939778 11.45214478 14.12134407
   9.44894772 10.2350387  12.2526951   3.62029935 15.33918136]
 [17.02799616 17.12598253 10.87920613 11.71661666 31.52364297 23.53159343
  19.35127511 14.8954662  20.74618357 16.22564459 16.31633347 13.83351763
  23.79099271 18.67724469 20.90990535 15.42026892 14.31260535 16.36788121
  18.05406189 19.40280761 19.9988347  16.73170201 28.63240009 16.38152155
  15.56753216 14.34760612 16.95443896 14.89913204 16.91672373 16.94291211
  24.50903854 17.73016205  9.36400991 15.99010526 19.16355046]
 [ 6.30276442  3.46022748  3.86242537  6.96733648 11.49677901  7.40791171
   7.58665405 10.00615231  8.53313484  9.44524387 11.80730324  7.39653441
  14.35876081  9.66267213  8.20500679  7.34129386  6.31959473  7.73483549
   6.35486132  8.90453361 14.16312581  6.36356496  9.98598505  8.98244306
   4.47875398  4.80604552  6.23667349  5.53996277  8.53681839  7.81063626
   8.80872963  7.14641145  2.43831826 10.25847814 16.76507062]
 [ 1.926178    2.6225614   1.92813589  1.13308471 13.29068673  6.4293105
   9.44655537 12.75773831  8.06401855  7.5220783   9.07575966  3.2489255
  23.19494238  0.88655242 17.27688058 11.05951782  5.5183179   0.61070096
  10.98411023 11.86201921 13.31561736  4.70060964 22.60550823 11.00394708
   3.73576805  1.0383067   2.98729027  3.55608151  3.33991691  5.53132313
  17.2336177  14.69611346  2.60473351  0.67956647 12.92872081]
 [11.5050833  12.560419    7.3065175   6.87433236 11.00206401 16.94908147
  11.33567557  7.47271867 15.08637041 13.71888159 12.83376963 12.9241864
  10.86113085  9.32052118 10.08263519  9.11022291  5.91144333  6.65816608
   9.74588366 14.38809562  8.85317862  7.95003969  9.14235454  9.28622251
  10.34436911 13.22340402 11.28562401  7.57634986  6.75299866  7.81373322
  10.92656144  9.49918899  5.80770236 10.69873936 13.95551589]
 [11.77766971 11.71594725 14.71290033 11.55356893 28.6144878  21.51663681
   8.16622351  7.37449453  7.54067255  8.94798193 12.80182552 12.44645345
  14.56204921 15.88782784 10.43734209 10.1087595   8.81759305 13.1765889
   9.86628045  8.34422679 10.37559134 13.78668889 11.03583332 11.87424988
  15.76228609 11.79875144 11.7905481  10.499299   10.00727248 12.78843217
  13.45914525 11.96188632 10.50934758 12.02680813 17.6953562 ]
 [ 9.82900512  8.25169191  8.204365    2.41534809  5.89346069  5.29327325
   6.92977341  1.56042241  4.70377971  2.62499315  9.03473238  0.67139454
   8.41544362  5.04024662  7.96627701  4.04776965  7.20591558  0.7766419
   2.77450137  2.35195156  2.69152625  1.1768924   4.15722883  1.67706654
  12.48088048  1.40769138  8.83331539  7.71397113  9.07640047  1.79119167
   9.36682184  5.31175982  7.71175415  4.92504871  4.37283223]
 [ 8.15548585  9.37894966  1.65814709  1.56393709  6.37839653  8.90027881
  12.4399287  12.31000378 12.01511853 12.38523264  7.70991082  5.92097352
  18.25056227 14.98665592 16.02189152 13.92344809  7.07908617  4.70504854
  16.89636481 12.24456289 10.89351158 12.26913841 14.92829015 12.24688646
   4.59270367  6.1539839   6.62997483  4.0998076  10.62916853 11.2157225
  20.65743902 14.3234146   1.59224426  4.46244598 13.04675041]
 [ 9.3251192   8.07997813  2.79487982  2.71667401 11.43250424  9.94075304
   9.68285133 10.42893846 10.86901407 11.66401707  7.47420929  7.42620232
  12.66087748 11.38461552 13.29042534 13.2755573   8.54974386 13.05568368
  13.61835653 11.08807665  5.20250437  4.89904477  9.24845717 10.21673679
   8.05061288  9.26644566  9.65657208  8.32390886 10.72293757  9.46457341
  15.63856341 13.5833039   7.02322569  4.970699   15.72887428]
 [24.85094798 25.24578813 25.31961983 29.41146297 21.43128384 26.55643104
  18.89378809 19.94525806 17.45573941 20.85180787 28.27201485 31.86995389
  26.3611739  28.95093603 21.08285402 23.0162985  29.1493154  23.60713015
  23.80316244 20.85269309 31.15497231 32.75135919 23.13487459 24.61177711
  17.95890218 28.97281796 20.8117291  26.99319525 25.09909966 30.77584787
  25.02117413 26.79643435  2.71062217  1.60994084  9.64837776]
 [ 5.98812289  5.94313576  6.65338436  7.02944592  6.89892419  8.86792756
   7.53626707  9.72150423  9.01839458 10.11336035  5.94321008  5.6913683
   9.54139249  9.43304965  7.67436758 10.43332263  3.7565481   6.98049231
   8.07863631  9.24578875  7.20625014  8.03536988  7.02090293 10.773144
   5.75627335  5.93231505  5.39303196  4.02027737  6.19447329  4.92813309
   8.22600224  9.08264495  5.77533525  5.06863071  8.68284577]
 [ 6.103395    6.99396854  8.0494919   7.60522623 10.93540799 10.835472
   9.59672619  8.24423367  8.35285914  8.53565909 10.88938154 10.51112661
  15.48680185 13.24034894  9.20794043  7.44544694  8.57509397  6.42284881
   6.77623958  9.01021767 10.43671187 10.44560671 11.47217787 10.47926275
   5.09394606  3.7552368   5.92999826  5.34768051 11.8671412  12.03005362
  10.22174992  8.08347935  1.19768299  4.50304354  9.8617806 ]
 [ 6.99113042  7.19180292  6.22088256  5.73682224  7.66590264  6.42073637
   6.44267842  5.76845984  6.07683121  6.87797185  7.63045341  8.11375684
   8.77297007  8.15439907  7.83011014  7.3699357   7.02611931  5.9259807
   7.03030926  6.94957702  7.79400596  3.47720958  8.72089194  5.7198407
   7.74284055  9.63567032  7.36136267  8.23917195  6.70920079  7.39014087
  10.13142037  8.3828631   7.80600279  7.52465354  9.73364615]
 [11.60686906 14.85074942 10.50754555  9.86654566 21.83080218 28.64877971
  10.42102556  8.12467396  7.83944206  9.48922909 28.09028851 18.8489059
  13.94014855 12.2989163   7.79629384  7.63062999  9.82500992 14.825712
   7.08316341  9.15406545 14.3228207  12.09702973 13.01926553 13.84162385
  40.40968732 21.36559375 14.36152647 13.6412906  13.89247819 13.90972739
   8.73474788  8.24220307 21.14646668 12.52887602 13.31107246]
 [ 5.80721019  6.18261456  7.42061505  8.56426376 13.69784687 11.71119711
  16.05228765 12.39288178 16.49164791 17.00372066  8.37771558  9.39198105
  18.13486315 13.01011412 18.26360704 14.94985195  8.12374442  6.20705242
  16.67838658 17.12444475 11.24376518 12.14819504 18.53916946 13.2829696
   6.64323843  6.8418546   6.07024617  6.6994065  10.33881345 12.8697178
  19.89750868 14.26715277  5.49780933  5.1988143   9.31851316]
 [11.06793431 21.49468811  9.55297279 10.38502105  9.75334723  9.73497694
   8.02403726  9.22403447  9.07871057 11.05515094  9.66138026 19.47687523
   8.74747763 10.84487834  8.32153637  7.74187378  8.08497055 10.69166896
   8.7934537   9.65014296 11.35642918 14.81194489  6.54132645  6.50053516
  10.16952272 21.74993771 11.61796218  9.40548238  8.85515901  8.92669088
   9.95777492  8.60404591 15.48877523 13.18224803 22.71969827]
 [ 4.91666315  4.27189237  0.90838484  1.70078324  1.88235642  2.3080486
   9.41102655  6.66798023 11.35337386 10.91464511  7.60832921  3.89399376
  12.46482597 10.35324341 10.29086045 12.06159117  4.95430366  1.53388575
   9.71226856 10.02465873  1.52114591  2.31654724  9.43704458  8.1482567
   4.95079251  3.50518346  4.59021376  3.31594832  8.63670887  6.24379356
   9.66982317 11.81785543  4.92690219  3.62316964 25.35525216]]