[[ 0.36274744  0.25529002  1.12446516  0.67382935  2.23493641  0.45152581
   0.51308949  0.34079726  0.2886718   0.39143375  1.10443813  1.89170411
   4.38255156  2.40430566  0.67167311  0.59473621  0.80102648  0.58888814
   0.68301014  0.35301006  0.56791343  1.66762159  1.31878622  1.04260818
   0.15487599  0.19910265  0.34124387  0.83908569  1.99911333  2.15324622
   1.18152718  1.11505172  0.21372281  0.21833799  2.29738997]
 [ 8.9596511   8.45863385  6.04788419  8.55362833 11.83975262 21.9312767
   1.49627886  2.09618105  1.14371046  1.88542793 10.62801787 17.83724112
   3.05800175  8.20519576  1.64544509  2.08734277  4.59591336  7.33179446
   1.34443254  1.62150063  6.26739235 12.73002218 10.28153347 15.85970302
  11.34725123 11.84125911  7.75741507  7.44836642  4.08286071  7.20210758
   1.5941259   1.959447   27.85538793 15.14582186 16.1532058 ]
 [ 3.24944351  4.00390921  1.54587904  5.37362164  8.04927527  4.72143269
   2.90598193  2.07273     2.06180905  1.87277865  2.28781492  8.616869
   3.53601105  4.44012392  2.83819299  2.5979591   3.2554725   2.34440032
   2.42394663  2.16416343  2.89381361 13.6217659   2.81858848  3.080417
   2.94512724  5.19378192  3.67247302  1.6251791   3.2839101   3.63202587
   3.47020986  3.13880279  2.90507196  3.44987373  7.98088976]
 [ 9.67482685  9.57353382  1.77682443  2.32967631  5.84523688  8.12764646
   2.36134483  1.38710954  2.03055826  2.55891265  6.4474902  16.25988662
   2.35443203  1.56907802  1.99113566  1.52403645  5.82389553  2.67869608
   2.02670193  2.53699815  2.13103269  3.26242582  3.17912046  2.49068245
   8.6261837  13.92428855  7.59888833 11.75019868  4.0423632   7.02142806
   2.14748019  1.75281478  8.73957677  2.554219    6.48809228]
 [ 5.16365947  4.37964703  4.59825112  4.04955586 39.10470456 17.43257292
   4.05061523  2.85891081  7.18648266  2.89805976  5.25764232  4.09521583
  14.86692153  7.41688732  4.48676048  2.08768454  3.99069763  4.03498103
   2.95287828  6.14941711 12.04960306 11.44628797 22.70003567  5.47649789
   5.03014532  3.95991878  4.85755522  4.17027128  4.55085287  5.49945371
   6.17449709  3.13589058  4.61631382  5.42649035  0.6680043 ]
 [ 3.64870625  1.96715357  2.59017091  5.34817055  9.22945093  2.31106254
   1.87675963  1.64106275  2.21157951  2.95639228  7.97333482  3.9289602
   8.89094826  3.16284181  2.19236515  1.70120605  2.96178599  4.33997831
   1.56720549  2.54055863 12.79593317  2.59409199  5.3673843   2.02646099
   3.48734372  3.06569498  3.62796731  3.08126466  3.43240814  2.92297511
   2.66109083  2.0174084   2.29871492 10.22583452  8.22786711]
 [ 1.10640318  1.55548762  1.11234053  0.50253765  9.96408656  2.34191432
   5.69645747  3.25630646  2.18170088  2.30602517  3.12399134  0.98866019
  15.40027932  0.25944279  6.7675032   2.33488365  1.73388605  0.29824605
   1.6606747   3.61347928 13.74957097  1.38229723 18.02581817  3.19721577
   1.88072322  0.61742064  1.79381697  1.7147143   0.90027788  0.98700108
   4.51747721  3.05485174  1.3489027   0.33446343  6.78685178]
 [ 6.5852539   7.68794695  3.44090491  3.27497167  6.76259326 11.31644263
   5.70006679  1.48453053 10.45344833 11.10434442  8.59661662  8.69925472
   2.8920052   2.81675653  2.58499291  1.91398918  2.44763014  4.58798812
   2.68003628 11.3042618   4.37229172  3.91635429  3.01758809  3.07930818
   5.8695865   8.84220746  6.59711848  4.86469065  2.30433561  2.60194638
   2.3914235   2.02422035  3.23261336  7.04501216 10.2070636 ]
 [ 4.87506211  5.11013501  7.56082607  3.23122855 17.22416991  8.8793331
   1.08807878  1.31467577  1.63303164  2.16597912  3.80189313  2.44174839
   1.86606986  2.85491728  0.93943788  1.23230398  2.12652833  3.00346769
   1.06907567  1.90831513  2.41806102  2.74029182  1.12900742  2.3428292
   7.44352395  4.50811099  4.7966429   4.01320971  1.95870291  2.14136775
   1.39565366  1.58044628  5.90282142  7.53101552  8.41930923]
 [ 7.23254761  5.11323248  5.04433851  1.27003163  3.67933784  1.52633004
   2.79761456  0.34889441  1.44901613  0.64049921  5.51145436  0.21218328
   3.61885     1.54083945  3.86343866  0.79850989  3.58668177  0.15759934
   0.7452294   0.66729329  1.41405834  0.41408297  3.24954114  0.4024173
   9.92870923  0.69051233  5.73322299  4.37209525  3.76116779  0.57870846
   3.36459709  1.28941813  5.63432482  3.28737314  2.0191294 ]
 [ 1.87933701  4.50449485  0.36660371  0.42929031  1.05710004  1.90176341
   2.58486783  5.65104262  1.92811866  2.64874943  2.24439214  2.50251112
   2.70062952  2.66293949  2.09236877  2.08563453  1.53239499  1.43292516
   1.79111464  1.98116251  2.74650594  4.903366    2.07377482  1.9224737
   1.90297805  3.29060936  2.33659612  1.31777657  1.92698158  2.76130164
   2.34796146  2.01256162  0.79697227  2.53047663  5.17794918]
 [ 5.34199728  5.03351439  1.27668584  1.24118992  6.44554843  5.20452773
   1.83250882  2.26363092  1.75623958  1.97735489  3.02247603  3.46015902
   2.63636495  2.70385692  1.97801379  2.12646953  3.66639995  3.18372333
   2.15860929  2.05328476  2.2038449   2.28802238  1.71223695  3.3498355
   4.29664443  4.90699835  5.36855505  4.21974741  2.94517902  2.92778638
   2.41701878  2.29305455  4.02713179  2.48003867  7.03239277]
 [ 5.51767668  5.23526185  5.40603973  5.76383184  4.11367241  5.42108314
   2.89158707  3.7623544   4.12516293  7.20814237  5.34776609  7.02902658
   4.97327053  6.79217398  3.58160538  4.55121856  5.67598357  7.72234262
   4.3905801   6.53352486  6.39868161  6.9497826   4.08905414  4.9420959
   3.89747851  6.47021976  4.71755215  5.83865299  4.59559036  6.65319494
   4.46510205  5.37228366  0.82710667  0.49372444  3.07066698]
 [ 1.02947765  1.12843474  0.95837781  1.13317562  0.97429314  1.15855544
   0.76589993  1.01831794  1.37769569  1.88765317  0.90449126  1.13138903
   1.11907313  1.60923104  0.76554691  1.11931429  0.72016949  0.91689856
   0.96608858  1.66450495  1.09652052  1.13216964  0.70679236  1.29373385
   1.0157101   1.17579891  0.94814643  0.74730713  1.19086682  1.02678739
   0.87129876  1.16912546  1.36236265  1.28734219  2.91008866]
 [ 1.49028497  1.30818945  1.42811123  1.04323706  1.06333137  1.18816842
   0.67306784  0.56168299  0.66559611  0.69163368  1.50355106  1.6001961
   1.66823053  1.66208786  0.72077061  0.59858101  1.06114174  0.99270231
   0.57824691  0.69775018  1.50346605  1.32380261  0.96008052  0.96156451
   0.9688305   0.72071902  1.29440165  1.01002806  1.50128109  1.4825489
   0.97665562  0.8709865   0.38288749  1.53464039  2.4453336 ]
 [ 2.60108469  2.50269404  2.2391546   2.10355958  2.67136617  1.41508095
   1.29692224  0.78167061  0.56340451  0.7578493   3.18285146  3.61779455
   2.56538299  2.72037994  1.27379664  1.33975337  3.10103113  1.38550086
   1.33645825  0.7479554   2.95775947  1.11038618  2.26189195  1.19407036
   3.20783126  4.4743601   2.88572615  3.29552247  2.74925086  3.24232194
   1.96674639  2.38725106  3.10622805  2.80335088  4.57397935]
 [ 5.91564469  6.38248906  4.56751252  3.53192874 10.46247644  9.77472376
   3.21981732  2.47921784  2.81662253  3.28210919 14.46676344 10.72917121
   7.34187683  4.54953983  1.76470191  1.97500079  3.67914278  6.50476183
   1.62569898  3.51109231  7.66349387  4.20793139  5.37613661  4.59938429
  23.30989113 13.87878467  7.50849858  7.19567257  5.42207051  4.48275348
   2.18931928  2.30903311 12.96067508  6.84373144  6.92625006]
 [ 1.2011834   1.19205138  1.40958071  1.53043782  2.3636277   2.31373388
   2.24229285  2.01345103  2.12870457  2.61686674  1.41211889  1.63362657
   2.66800275  2.5690967   2.13846773  2.24461516  1.30269741  1.17471692
   2.06270219  2.67719601  2.01203952  2.37019805  2.47440537  2.25047503
   1.22763695  1.27497057  1.202076    1.21153026  1.46120919  2.16900108
   2.25004824  2.1226966   1.22810301  1.15324935  2.40320904]
 [ 5.0516738  11.28524301  3.05823005  3.39430176  4.08519417  4.2131368
   1.61189514  2.88805358  1.69799937  4.75312236  3.27872072 10.39461393
   1.30927496  2.54525643  1.1891601   1.64492739  2.51989781  3.32981207
   1.25841519  3.31557058  4.35520667  8.34319455  0.88315574  1.40368895
   4.26688636 12.20248308  5.53222231  3.91670556  2.34296396  1.9348771
   1.15370336  1.46078162  8.77891665  7.19450369 13.08947405]
 [ 2.86553855  2.30162135  0.46463658  0.90431908  0.83472035  1.45396638
   1.7217189   1.22391235  2.48707133  1.83999171  3.71670553  1.95063635
   3.78111727  3.71723607  1.92943426  1.84663235  2.44588383  0.66181443
   1.89444386  2.15535209  0.99058284  1.01569045  2.14464437  2.00563394
   2.91299584  1.8874951   2.54163391  1.81984019  3.47026089  2.91431259
   2.25423301  2.35016008  2.91911747  1.91735883  7.21016002]]