[[93.2189339  96.39967623 73.73062499 85.60627227 57.71052716 89.3031948
  25.9011069  25.69477312 21.12266739 19.57322011 76.58100414 67.95929086
  55.49754495 33.46869966 25.26880178 23.59350029 82.95075333 94.04936066
  29.00458118 18.94519523 93.68399784 65.64252719 32.89977095 26.1305846
  96.90549743 96.77424729 93.9707254  81.5400124  53.33025776 59.931615
  29.53723249 28.67822599 97.79652465 97.73621731 76.91727447]
 [63.52982288 64.89330236 58.49941648 58.71597361 50.46701728 33.63446129
  54.73614933 48.70597107 49.27448602 51.89019104 53.80314027 39.29029843
  55.59837529 38.78891141 58.11102572 52.34615234 61.06908891 50.99607176
  62.7676509  53.15622128 56.3852072  47.80599105 46.40990042 39.32675279
  56.02236908 55.29714343 66.48596805 63.28952489 61.76422671 54.31122817
  60.67275889 53.79254657 37.42010692 48.08610099 40.02063622]
 [68.97760722 65.87003209 81.8526358  64.35347067 41.08668157 43.40124943
  35.71181339 51.08648528 23.88408162 26.50979679 72.76692139 46.81124464
  40.02042544 30.02374524 32.30214754 33.27776147 66.15689204 67.60297852
  39.37154328 26.03532173 58.36404202 31.71021077 37.21343939 34.44312496
  74.75392278 62.3634759  67.595678   85.71639938 55.53907803 49.07133749
  34.2245958  39.41498201 70.00667255 78.99908973 57.20694287]
 [64.74442451 59.02052286 79.3743687  78.03636979 40.11675098 44.45109419
  31.55219975 39.58495365 36.79132456 37.95561586 58.66652825 32.82404683
  43.84228127 46.47284846 33.38693556 41.27009972 50.9984481  50.93985975
  42.80551506 39.601251   63.09486078 57.02131921 32.44606341 42.98331241
  64.49213266 45.80377107 67.45572196 54.49225211 53.69301884 32.65825036
  34.03844085 49.52210933 70.05857326 89.50999517 47.40598863]
 [39.36905833 39.96021488 59.24509781 55.04412057 15.16403819 30.27721003
  32.98448492 29.38153722 26.56738055 32.08627967 43.50335972 52.90228348
  34.46435022 32.77786337 29.61018205 28.40520125 46.0588948  34.4430832
  33.41487161 29.92391555 35.78378768 42.68907874 21.89646844 29.73450257
  42.83312602 48.20976133 40.28886068 44.59784615 41.62237423 45.32937473
  31.6593719  27.9950468  68.77980168 51.58532903 55.20884595]
 [73.67773351 86.14410506 83.47973389 75.07879004 57.09439814 63.19985555
  56.15980623 43.72064684 47.17826792 49.13482783 60.29495683 70.70132309
  54.200338   58.17861349 55.35352694 60.10072598 69.26901669 69.05928498
  64.88437416 50.50227714 55.19681864 70.39356076 57.27311641 54.50763898
  86.36117338 83.03472293 74.60748949 74.91493074 64.70831586 67.87229627
  60.47473604 66.88727853 91.36600588 68.10164939 50.73868773]
 [93.36009113 88.88216293 92.94501239 92.2985378  69.36317391 77.33092641
  68.44227314 41.44145851 59.1073237  58.72726071 79.04419662 86.00734504
  48.74328304 96.44943987 42.36209236 45.47944737 79.15664144 97.25218733
  51.38411317 41.95432534 65.90020268 81.90781298 41.21640087 57.79859173
  89.28839799 94.30840814 88.97206132 86.37837414 91.65367893 83.64503455
  46.35569445 45.6488474  91.25386311 97.1900944  69.49302023]
 [55.29101418 55.29075717 59.43883724 64.75949005 42.74646057 37.74126004
  27.27746094 24.43674006 20.21292675 20.85999047 46.10468525 52.14420863
  52.66358616 51.24868084 34.78614819 30.48751173 46.45124733 65.26985701
  40.68029762 21.58322434 50.49629253 58.82165132 44.20861478 33.71258151
  50.02444817 56.1669583  51.6566045  55.77387407 52.07714034 59.87169514
  44.55107323 42.29589123 76.14801392 64.16959759 54.32933953]
 [47.94760185 49.23805874 40.80615245 51.00211952 24.93332759 34.15818845
  34.79254362 30.13413692 31.0914372  34.28339689 45.32365073 49.83120353
  43.2790008  45.18203374 44.11288486 38.88632388 52.87341404 40.37110918
  41.8110091  34.39734672 48.32168357 45.35491371 41.72810287 39.95872018
  43.97900729 49.95184305 46.13616407 47.12769778 55.41592148 50.57329487
  42.30263781 40.89503937 64.35118263 62.11094923 51.57121785]
 [69.07500462 71.48751509 72.21687    91.08027056 77.88331205 69.39697901
  48.24470485 79.72764584 43.29881111 61.26266758 75.1885087  97.16353397
  71.02208551 72.19393952 36.4182907  38.53230317 70.09522659 93.29543411
  66.48626772 71.66543295 91.62661983 94.99285087 81.96307719 83.91544561
  63.80492901 94.71471931 68.30018551 70.81935464 67.37169139 93.17041896
  39.31058032 49.79103569 76.96253215 85.65862125 83.97670252]
 [66.25302474 71.48703872 93.21561743 94.24095468 69.25370618 55.84667594
  38.60057374 40.96746203 41.29312303 39.85402454 76.79988953 83.73387573
  45.11208642 48.77786305 42.99987899 44.03580924 75.73321147 81.13287935
  44.93216865 42.75808708 58.27609756 59.32090261 43.06328216 50.28581731
  84.92259882 85.31739153 76.76670494 85.58078525 65.20179629 64.84870685
  40.05808106 54.14923608 95.66213498 90.23337988 60.43298279]
 [68.93887969 69.25449921 85.44229774 87.41974339 60.6558201  65.27474652
  44.12236852 46.57296921 39.71796223 36.08276587 69.03572117 71.03209184
  55.3891385  58.43690044 42.22926212 44.26025335 56.94893272 41.46751811
  41.13544911 37.83223651 75.13257392 76.66707732 54.84528566 59.34165995
  70.14447978 68.97532536 68.23420424 65.77004535 54.75846651 54.38149327
  39.88949897 43.40241026 78.13886728 83.71722899 57.8763789 ]
 [42.17188298 42.96928925 39.79873209 36.78161156 38.19728609 26.52438451
  14.32332227 16.68180437 10.03977909 11.76291552 44.84970901 32.97323602
  30.51956707 27.02013038 13.69327952 15.35957577 35.73822602 44.79548013
  28.69878789 14.57808553 29.59689422 28.32406063 22.87412485 21.63136487
  60.62852639 36.5162127  49.4486106  37.97106697 46.68775938 34.44965899
  21.84150303 23.66378044 92.16802211 96.18879612 77.56925747]
 [28.71662008 34.18957796 24.09309105 36.18127207 22.82943753 31.01682259
  21.03286559 25.12336234 21.3937889  20.58343868 31.33091779 42.01883471
  22.72645696 32.47210519 23.67259299 17.90076209 40.78065625 23.80492767
  19.2323884  22.75006478 20.63284223 33.01977695 22.24013268 25.84245972
  31.74697293 39.69049358 30.29426078 39.69629981 32.3616     47.02807058
  24.11884828 16.36017122 51.6327017  72.91401492 65.5746231 ]
 [63.73336747 54.35209804 50.24661119 51.01802901 36.10576596 42.08379355
  25.74800304 31.23141992 20.93556078 21.63776616 36.8781835  41.12589146
  31.84543419 36.56733694 26.47456398 25.61599373 38.09177514 52.5854051
  26.50620122 21.36785151 38.08248493 44.56441376 29.64094129 34.25382513
  67.76514888 76.08597187 63.46424402 64.21399149 34.3424763  36.72431068
  29.2161629  26.21655977 94.70541791 81.21707959 63.73977044]
 [57.61053292 56.55361028 56.24873062 59.45467957 50.80764374 49.80418592
  35.39776537 29.34189341 27.10785348 28.99836766 57.02992156 58.61256397
  52.33370877 49.22949553 43.76511272 39.83052882 57.95483996 40.51029778
  55.8094677  30.44419059 53.92794175 77.98730114 43.578602   52.07942483
  58.09971515 56.79604645 56.72344335 55.08502166 58.97327252 58.88598939
  50.71127647 50.32618161 61.4800127  65.28879924 66.63071669]
 [54.27888245 52.9438765  49.82555041 55.07522476 31.53220682 32.62851605
  29.19145576 26.29593157 22.4888071  23.76061344 31.99779683 44.97249992
  46.41874152 51.14832552 31.00777837 32.04785506 60.61433584 34.60541404
  39.56346482 23.94459705 39.83791224 49.58681973 35.47972231 39.58016078
  19.87295473 46.63106257 50.60941078 50.40092755 49.90153494 44.83686024
  46.9914641  42.48512627 51.90398421 63.2522906  65.50720516]
 [70.22286921 68.58003089 65.94992827 61.51308987 43.39915357 42.0268328
  32.65361294 26.27875611 33.09271411 30.0522923  63.07242435 61.57196959
  31.01303146 24.85474745 29.07032925 23.79772708 62.92580792 68.25566051
  32.53714609 35.78513725 53.49366447 47.60028799 28.62914326 25.95613463
  67.70385637 67.69644615 69.28692268 67.45792529 57.49569332 52.80136011
  25.70185162 23.13930602 71.81117377 73.0644654  66.44856307]
 [62.39756245 51.21090893 51.32619506 53.08858631 29.60289424 37.44404484
  29.73637998 31.74717235 33.12775864 31.86971208 51.3843234  44.61255956
  34.32938625 37.30031236 28.76347901 31.81045842 49.46627346 34.61267421
  31.05896366 32.65923258 38.54114393 40.58568483 26.38872653 42.13689173
  58.01547493 45.60955346 62.2392919  58.28109166 46.29093733 46.10639239
  30.60408209 33.02304771 53.52962434 64.14009069 45.61771499]
 [80.32445463 80.56519318 96.27776128 91.89418097 93.19932531 91.90953161
  43.94694178 62.07859936 33.78170528 37.29274275 71.59916147 84.47441065
  48.88108654 57.95228803 41.31695146 37.8779836  79.94744175 92.6054197
  51.65703441 44.62699637 94.0126608  90.93048837 49.16518149 60.38480835
  80.50738637 83.86382343 80.01012607 85.89088304 68.1311837  76.25269943
  52.83561246 47.21320523 81.11807787 82.81155122 49.5670134 ]]