[[ 3.73054376  1.7955338  16.00746299  8.38983558 27.76511093  7.31917431
  59.33098575 60.89047444 67.74745941 68.90390374 12.28064535 15.79293141
  24.21576416 40.81021455 59.98408862 61.16494747  7.01357615  3.0469251
  54.92043189 70.10744001  3.41049539 20.67214589 50.09302355 56.27876577
   1.66184868  1.62919887  3.22648554  8.73132315 19.99242048 18.32384379
  50.70644761 50.5445348   0.82069631  0.9662704   8.21904426]
 [ 4.89727413  4.38446202  5.95223345  4.42635988  7.39269038  5.8602302
  14.82383005 22.38438476 28.56289826 23.96163978  5.59463879  4.23685037
  13.01970089 19.15007971 12.44675429 17.44558041  5.11125189 11.60673649
  10.43730674 23.93653494  6.9507249   5.22114278 10.27231906 12.0099785
   4.77777803  4.13537857  4.41824129  4.60940096  6.60963398  6.32104097
   9.82456246 14.91609408  3.7725452   6.44471646 13.94587463]
 [ 8.44595905  8.71469008  4.32831638  6.36674692 13.43561891 18.95672259
  28.28349523 24.88066288 53.97601977 50.13937059  6.6682415   8.74958662
  17.1935754  25.34414323 32.49076034 33.176299    8.85675558 10.4982889
  28.93302018 50.46133304 10.02907349  9.46926535 23.85595346 29.07203543
   6.44672688  8.14076638  8.41479263  3.53511505  8.61462611 12.07832206
  26.86699322 24.69447956 10.03146174  4.52544083  7.92019812]
 [ 4.96940354  7.31599624  8.9894471   9.61589879 28.62299595 22.55163695
  43.00405574 40.3560906  40.99303297 38.85792647 11.60937154 17.36471463
  28.35520931 33.61772737 40.5523466  36.94380801 14.60537245 28.42097226
  32.91334008 36.71303518 19.18660801 22.38440316 37.63747877 34.60033275
   6.46652275 10.67457723  5.83268911  7.56163486 17.25229422 29.53840973
  39.58612283 25.83577163  3.27051708  1.30835422 18.02265878]
 [21.37319235 22.17327021 11.12867196 13.74430639  7.13528997 15.66341133
  25.91192623 39.12873879 31.75198713 35.30926294 17.77368979 14.12406299
  13.98120498 26.53928421 31.11755587 43.09845056 17.82274533 28.18495289
  32.49364531 30.74189521 15.82555677 13.74412431 15.55767418 33.77330067
  19.42707877 17.64219701 21.06984912 18.94269597 18.28398851 15.03755895
  23.22267459 38.18188052  8.27272043 16.09667558 14.04401553]
 [ 6.90141629  3.21286422  3.2343227   3.99661263  7.59716975  9.53199229
  16.28569126 29.51653078 28.74540259 23.56474525  7.28601094  5.85312276
   7.61745815 12.2321054  17.57895563 16.15174155  6.94391497  8.11664814
  13.34743234 23.24612971  5.70787224  6.55406627 10.34518817 16.11017049
   2.38098122  3.24830169  6.36235875  5.98743874  7.43422037  7.46785169
  12.20857254 10.08853217  1.27950882  5.59187604 12.25942889]
 [ 1.59171936  2.57020783  1.41010996  1.60860444  3.82626325  7.46772674
  10.67884866 30.41098519 23.68488895 25.11277513  4.30888697  3.58792588
   6.33721972  0.90982484 22.27515743 30.85447042  4.52757032  0.63435919
  25.24074581 33.43555339  3.48660508  4.97579835 10.54508517 17.18464788
   2.41664829  1.19271962  2.72325972  2.98783383  1.95647409  4.18570505
  20.10240738 25.55561858  1.84565246  0.62070681  5.54055776]
 [11.34459502 10.20648937  8.98892132  7.65161269 13.7077538  17.4782453
  31.77296733 50.72334618 39.12617669 41.02575438  9.79475886  8.81351647
  13.04717213 18.11870218 31.62116298 42.753635    8.39549245 12.37599251
  27.38998158 38.15118052 10.92246749  9.81944818 19.35514543 34.19325452
  11.20681444  7.95052315 11.47336478  7.26018837  9.89073185  8.66993688
  22.86971318 27.53333773  6.29590343  9.7987053  11.25234656]
 [21.76292927 20.22133088 20.79970002 17.80793539 18.86606452 22.25964852
  40.68228905 48.466923   49.43925494 44.28636578 23.07322011 19.67782914
  24.6205246  21.16900108 32.03390844 37.13879842 20.71753517 27.96564704
  35.33850494 44.58461057 22.36974283 20.28285343 29.43573215 31.40024878
  19.47213542 19.23123027 23.21969339 23.21806958 18.60256634 18.86225421
  29.60142557 32.42812935  9.66189463  8.73618856  9.66431997]
 [ 8.86673789  9.99737013  7.97137121  3.06531563  8.51283331 17.17422202
  37.441812   16.56637039 47.30389071 33.19710296  6.03835714  0.91810399
  11.06437035 14.98274216 47.71363463 52.12376757 12.70185999  4.65342473
  27.56660302 23.47298403  2.0709902   1.88778393  8.74171352 11.84351173
   8.57774227  1.981434   11.12396863 11.30703337 13.05106265  2.67113452
  41.47085523 38.03800255  6.4695004   3.99626024  6.58035994]
 [12.74755921  7.44896195  2.54394395  1.78132277 14.17273614 17.7366533
  32.14934396 26.28157251 32.0054399  31.95252441  6.46198217  3.44941173
  17.83663254 18.58113879 23.11985004 25.20232511  6.41540896  7.03625844
  21.96697529 29.69437759 15.9470086  11.23869067 23.24021125 19.57514391
   4.3407289   2.59309974  7.07505154  3.64191689 10.88566724  9.66540719
  19.16011039 16.97428888  0.95097937  1.36807301 12.15094924]
 [ 4.54316596  5.05041702  2.88071482  2.20435396  8.35606852  6.58263793
  23.65400479 21.73045147 31.55835666 34.81226093  6.00129574  5.39756042
  10.30988419  8.89505169 19.00877079 17.98020004  6.65014677 13.6038217
  16.051111   31.06629677  5.55245452  5.02240299 13.14818892 10.13737655
   4.95152555  4.88506757  4.61883085  5.64879031  8.75011913  8.35779366
  14.4996797  13.75677208  3.83074883  3.08717222  7.1801728 ]
 [17.03187242 15.47334563 17.07447717 17.33835096 25.82153293 31.0298592
  56.68780007 52.35886073 62.49016483 53.68480175 13.39164222 18.74613778
  27.5055165  28.16236649 53.87533306 48.84096571 18.95941097 15.21311671
  34.08615638 50.96999359 21.06596475 22.02810291 40.89142787 39.92334132
  10.56232034 17.6391826  15.37384159 18.34362917 14.07259833 19.56022932
  39.4757958  33.98676388  1.79614729  0.92987792  5.68207786]
 [28.21814741 25.15044254 31.84992341 26.38236049 29.27954992 29.22747467
  36.71715037 40.38298238 40.5910973  44.34309246 21.71413122 17.62638052
  28.23881815 24.24547402 34.33068116 43.95419952 16.99068669 32.35017082
  38.01069322 38.82368321 30.88236408 26.09027517 29.79075763 32.05549961
  24.30263746 20.28762212 26.12100396 18.08808866 23.33959296 13.63267606
  31.49044821 48.52521483  9.38040358  6.2428663  10.19516296]
 [19.87011964 27.81577027 28.75965406 29.41951227 37.08782132 32.75606383
  52.78987849 50.35433726 62.66311997 61.75055963 39.18080051 36.59652205
  37.24288702 36.20820578 54.62762254 58.58309918 43.12619437 33.99881761
  59.21943571 61.25494397 35.71937973 31.72099929 45.44928836 43.631599
  19.73229953 14.63397832 21.32514377 22.67702009 41.07624015 39.39888787
  51.20057888 56.52537269  1.99854554  7.4172688  15.37143215]
 [ 9.81635876 11.40425677 10.40567838 12.08506466 17.82953842 24.23642898
  40.89479533 51.80444813 56.44402416 52.92875516  9.79818455 10.9671698
  13.8368627  20.24606451 31.55958921 36.92632908  9.47130664 35.11116349
  20.08592611 51.00204604 10.96655937  6.64772493 25.51114803 27.29128449
   9.33572142 10.1764927  10.29609544 10.02712597  8.77710152 10.2969622
  18.14407722 20.66703115  7.37803508  7.10680043  9.25587465]
 [ 9.36165455  9.45452748 10.24812401 11.89548266 16.26362496 14.6669614
  39.73373902 48.51410782 55.79111596 50.93449873  9.58698045 11.0748264
  13.96129769 15.63965699 42.03285844 41.46697478  9.37388656 29.27320445
  32.8992916  51.36956711 13.05496745 14.51470345 26.21760739 25.56461566
   6.08099942  7.36842344  8.9498837  10.36986592 11.78012185 12.64057486
  24.9465979  28.88542221  6.07003443  6.8222583   5.32435816]
 [11.36572868 12.96187131 10.92625354 15.45123529 16.78839563 23.94651174
  26.50699382 42.19828774 30.85421208 34.92303378 12.89655762 15.00108032
  26.01743062 42.22909263 28.5247893  42.52256047 14.16631334 12.7402749
  28.51733371 27.41294216 14.3296288  20.60263013 25.95975651 40.12385889
  12.1148077  12.98937677 12.13625635 12.59573467 15.6781525  17.84419493
  30.64445206 43.4362444  10.44861474 10.03487173  9.82598014]
 [ 6.15928031  4.34737892 11.10386406  9.5817048  19.10102036 15.77259898
  22.97935786 22.80046381 27.80957372 26.5958751  11.38606614  7.02201498
  18.10486728 14.90525614 24.76861976 28.55282572  9.62620695 18.11625844
  31.52453874 27.05821362 15.09541331 10.76485088 22.70879859 17.86930255
   8.39107473  5.64265671  5.55791116  7.20331788 12.95062583 11.73902809
  24.09715467 28.31421433  4.60140324  3.20211443  8.26092831]
 [ 4.87111582  4.48366461  0.96347207  1.7889955   2.63100415  2.82695797
  37.62958744 25.71678675 46.27088426 44.55520803  6.52760756  3.11922487
  22.94365205 19.29305175 38.61437444 40.40296046  4.55790424  2.8175372
  28.51909458 37.4126151   1.77854673  2.68041923 29.33741145 20.74059959
   4.73639482  3.70110218  4.8316529   3.24830911  7.90205331  5.91170459
  26.46480279 29.31022832  5.12875526  4.29812233  9.02815982]]