[[1.82707999e+01 1.91016252e+01 2.34557626e+01 2.49556462e+01
  3.64541253e+01 5.15274775e+01 1.10168786e+02 2.09646950e+02
  1.91711225e+02 1.45160890e+02 9.14429198e+00 9.84575658e+00
  9.07683892e+00 8.77634850e+00 5.11724616e+01 6.23947123e+01
  4.98683363e+00 2.38177350e-28 3.06671872e+01 1.41286639e+02
  1.67384685e+01 1.96790767e+01 3.87893563e+01 5.46406274e+01
  1.30402917e+01 1.64325015e+01 1.86020740e+01 9.10533851e+00
  3.11390738e+00 2.62655911e+00 1.08098662e+01 9.63327466e+00
  1.21235598e+01 5.84006871e+00 8.54543448e+00]
 [4.98132758e+01 5.56305345e+01 6.32079122e+00 1.20173457e+01
  8.33291430e+00 5.90834260e+00 1.23100835e+01 1.15183114e+01
  1.99264971e+01 1.56884388e+01 4.62659280e+00 6.94099178e+00
  1.17395105e+01 6.89144539e+00 1.08805360e+01 6.16196647e+00
  4.33036345e+00 1.75791415e-29 4.25633382e+00 1.65514541e+01
  5.10519903e+00 5.81167057e+00 1.23573685e+01 6.03592113e+00
  1.31171290e+01 2.17164606e+01 5.12745021e+01 1.74021529e+01
  1.85561633e+00 2.08837706e+00 5.34551720e+00 2.55941141e+00
  4.59937024e+01 3.33557705e+01 1.04429731e+00]
 [7.37473692e+00 1.08255251e+01 7.35631422e+00 1.04553692e+01
  8.93668799e+00 9.67196986e+00 1.26542418e+01 1.30842415e+01
  1.58811484e+01 1.36786148e+01 4.16558978e+00 3.77445589e+00
  6.24269828e+00 6.05580679e+00 1.44113282e+01 1.25924586e+01
  2.93422628e+00 2.45080422e-29 7.75970980e+00 1.30523041e+01
  5.25725560e+00 7.00579033e+00 1.24382367e+01 1.51898897e+01
  6.98977529e+00 1.22192118e+01 7.74901481e+00 5.77874520e+00
  1.66821907e+00 1.98814680e+00 9.34460595e+00 5.06791755e+00
  3.00406533e+00 7.14451782e+00 1.52660891e+00]
 [1.61116223e+02 1.24927557e+02 5.26539825e+01 4.65619872e+01
  6.06341606e+01 6.36517970e+01 7.12519316e+01 8.74569650e+01
  8.55600629e+01 8.54057282e+01 2.38034175e+01 3.07130998e+01
  8.02551409e+00 1.16028879e+01 3.15557137e+01 3.85073988e+01
  1.72220761e+01 9.70597084e-30 2.18866379e+01 7.13247732e+01
  2.49823035e+01 3.35366094e+01 3.82430222e+01 4.12827715e+01
  8.73339173e+01 5.98993583e+01 9.12502007e+01 6.12816583e+01
  8.01525259e+00 9.28397629e+00 1.05975230e+01 7.88803225e+00
  1.13423272e+02 6.54107133e+01 4.11217871e+00]
 [3.16442461e+01 4.67496070e+01 1.52581902e+01 1.74706721e+01
  1.32877840e+01 1.70701943e+01 1.99354136e+01 2.67191716e+01
  2.25574781e+01 2.28867781e+01 5.97185036e+00 8.80471896e+00
  7.07402533e+00 6.68428101e+00 1.65354720e+01 1.49340329e+01
  6.70507207e+00 2.03570349e-29 1.02544378e+01 2.11203126e+01
  6.72100168e+00 9.72564739e+00 1.39967700e+01 1.35371943e+01
  1.55024325e+01 2.44159075e+01 3.17863452e+01 1.29102459e+01
  2.49781573e+00 3.29358170e+00 8.23920409e+00 4.63381842e+00
  1.43577020e+01 2.72389020e+01 2.38592312e+00]
 [5.49283145e+00 5.89340074e+00 5.83289424e+00 5.64525905e+00
  5.09119850e+00 5.03864408e+00 6.78404534e+00 8.45677054e+00
  9.89533737e+00 8.53502330e+00 2.66048048e+00 2.04126618e+00
  2.08105238e+00 2.74957943e+00 4.56247943e+00 5.06941854e+00
  1.34269176e+00 7.38197980e-30 3.27968444e+00 8.53424622e+00
  3.69816074e+00 3.50999138e+00 3.83856977e+00 5.12594418e+00
  4.60688606e+00 2.97597144e+00 4.72452622e+00 2.04092205e+00
  1.06096745e+00 7.74492842e-01 1.80055484e+00 1.37880832e+00
  3.48574211e+00 4.69347223e+00 3.24268748e+00]
 [2.90299879e+01 2.78396722e+01 1.34068929e+01 1.86672580e+01
  1.45927273e+01 1.55446706e+01 2.97702258e+01 3.29035269e+01
  5.57048102e+01 6.39956283e+01 8.24129323e+00 8.40242831e+00
  5.35537725e+00 5.73654938e+00 2.14466381e+01 2.52181252e+01
  6.93297399e+00 7.42018887e-29 2.18248950e+01 5.57645153e+01
  8.84446175e+00 9.14285415e+00 1.52474594e+01 1.60678652e+01
  2.10789408e+01 1.75762695e+01 2.77183950e+01 1.25587164e+01
  4.28658513e+00 3.08857708e+00 7.68652496e+00 7.65262906e+00
  2.77101291e+01 1.34657668e+01 4.64220694e+00]
 [1.60613652e+01 1.37315020e+01 1.02442597e+01 5.76989082e+00
  7.11273042e+00 6.40843720e+00 9.65499418e+00 1.29294134e+01
  1.31856360e+01 1.21671621e+01 5.25694115e+00 3.97714910e+00
  3.28264530e+00 3.30904003e+00 7.57019099e+00 8.69071495e+00
  3.23677957e+00 3.41020005e-29 4.98579722e+00 1.24223295e+01
  4.88943652e+00 4.21089632e+00 6.61306891e+00 5.81630672e+00
  1.09340720e+01 7.36171351e+00 1.29808542e+01 7.67693314e+00
  1.59945706e+00 1.28662134e+00 3.28890572e+00 2.85053734e+00
  1.37354814e+01 1.29750549e+01 6.33696050e+00]
 [1.34608424e+02 1.14948111e+02 1.78317169e+01 1.46276509e+01
  1.37886725e+01 1.21271968e+01 2.56292870e+01 4.34041176e+01
  4.08113939e+01 4.84134992e+01 1.10430112e+01 9.38358451e+00
  3.86407304e+00 2.38882443e+00 1.24120994e+01 1.50424827e+01
  9.89541838e+00 4.86234682e-29 1.04616660e+01 3.77412175e+01
  8.99247854e+00 5.92620566e+00 1.01590659e+01 1.12620757e+01
  3.09835836e+01 2.85064176e+01 1.01348713e+02 2.72812549e+01
  3.19697859e+00 2.46638898e+00 3.77636563e+00 3.58052358e+00
  6.87369932e+01 5.21393453e+01 4.47370212e+00]
 [8.24936132e+00 5.16513485e+00 4.28240044e+00 3.80974323e+00
  3.14169359e+00 3.15482771e+00 4.07128641e+00 5.88104042e+00
  8.20582503e+00 7.56172327e+00 2.06367668e+00 5.24825564e+00
  1.43666287e+00 1.29915205e+00 3.65306298e+00 3.67593160e+00
  1.04955967e+00 1.40380472e-29 3.14695851e+00 7.86802720e+00
  4.44162059e+00 2.80110276e+00 2.60029214e+00 2.78413694e+00
  5.26827871e+00 4.41699434e+00 4.87809519e+00 2.39013165e+00
  6.08606512e-01 7.34037003e-01 1.33358985e+00 1.07027340e+00
  2.85316320e+00 1.19221574e+00 4.04478300e+00]
 [1.36058788e+01 1.54224862e+01 2.04432683e+01 1.69334494e+01
  3.33265854e+01 2.14563537e+01 5.04257076e+01 4.10688075e+01
  2.77629685e+01 3.14346038e+01 7.23017173e+00 6.57243482e+00
  1.15044561e+01 9.63972462e+00 1.80917251e+01 2.14021982e+01
  4.55927262e+00 9.74265671e-29 9.68873270e+00 2.57793225e+01
  1.52412145e+01 1.07718979e+01 2.37125632e+01 1.87373446e+01
  9.83925602e+00 1.20235126e+01 1.34880799e+01 7.46855240e+00
  3.01903961e+00 2.86696569e+00 6.76159573e+00 6.48272744e+00
  6.50233718e+00 4.26608656e+00 4.80877771e+00]
 [8.74746941e+00 8.38087692e+00 7.64234855e+00 7.89926841e+00
  7.43453887e+00 8.34914652e+00 9.69891516e+00 9.47749402e+00
  1.77117735e+01 1.68079784e+01 3.80169895e+00 3.66879959e+00
  2.27801259e+00 2.58151020e+00 6.22351333e+00 5.20483082e+00
  3.34486019e+00 3.31750310e-29 3.94139086e+00 1.49162561e+01
  5.51599019e+00 5.57994478e+00 5.70450842e+00 6.07597367e+00
  5.23718984e+00 5.14524821e+00 8.68127994e+00 4.65937861e+00
  2.11539334e+00 1.78948468e+00 2.16031590e+00 1.71299961e+00
  1.06030595e+01 6.34405930e+00 3.17154103e+00]
 [1.64205157e+01 1.79702400e+01 9.38971763e+00 1.06075666e+01
  1.21583356e+01 9.55770119e+00 1.83079938e+01 1.54573243e+01
  2.04640083e+01 1.72114796e+01 5.06436147e+00 5.63761665e+00
  5.02062089e+00 3.60974302e+00 1.26275885e+01 8.77409935e+00
  3.68182764e+00 1.76934213e-29 5.23521457e+00 1.53456666e+01
  6.99697230e+00 6.62828616e+00 1.19786257e+01 8.60191751e+00
  8.47544127e+00 8.88620612e+00 1.41628235e+01 6.61347606e+00
  1.89872854e+00 2.16575844e+00 4.62514466e+00 2.26623167e+00
  9.31336324e+00 6.34106790e+00 1.12140706e+01]
 [8.04196374e+01 8.70490272e+01 4.69313160e+01 4.17494264e+01
  5.86999365e+01 5.10963452e+01 1.22840281e+02 1.24347137e+02
  1.02840478e+02 1.11363249e+02 3.23383496e+01 3.02534204e+01
  2.33283284e+01 1.52475604e+01 8.76173347e+01 4.98616094e+01
  2.75540357e+01 8.39413540e-29 3.79118541e+01 8.40161682e+01
  3.65205210e+01 2.93847222e+01 7.11881585e+01 4.83781236e+01
  4.54481440e+01 4.70832572e+01 7.18918181e+01 4.02346681e+01
  1.28917179e+01 1.29748270e+01 2.72627453e+01 1.48512333e+01
  5.18255303e+01 3.48633575e+01 4.00036776e+00]
 [9.02994810e+01 1.19468029e+02 3.26472891e+01 3.73674521e+01
  3.50062779e+01 2.71510565e+01 7.41372514e+01 8.76639271e+01
  1.08932556e+02 1.08204838e+02 1.46072240e+01 1.92885313e+01
  1.29707760e+01 8.25621325e+00 5.50797066e+01 5.86087828e+01
  1.65234035e+01 8.02845918e-28 3.39955458e+01 8.81209452e+01
  1.78515408e+01 1.82012202e+01 3.63939368e+01 3.19497185e+01
  3.99001847e+01 7.19177791e+01 9.46656245e+01 3.62717988e+01
  6.23998338e+00 7.10641630e+00 2.17956348e+01 1.27401196e+01
  6.48268232e+01 5.10947923e+01 1.43618432e+01]
 [4.18329899e+01 4.67576442e+01 8.59340869e+00 7.83633346e+00
  7.32931837e+00 7.88669348e+00 2.02170002e+01 3.18172331e+01
  5.42232994e+01 5.11957213e+01 5.73649315e+00 5.75661962e+00
  1.74583223e+00 2.33712292e+00 1.02867252e+01 1.21260610e+01
  5.29311868e+00 8.19065425e-30 5.26494737e+00 4.26778727e+01
  4.83126989e+00 5.23947751e+00 7.51479272e+00 1.02083774e+01
  1.61068303e+01 1.94852974e+01 3.92659591e+01 1.45660838e+01
  1.80587062e+00 1.45479855e+00 2.30393786e+00 2.38944304e+00
  2.11082590e+01 3.26280845e+01 1.15977349e+01]
 [1.40068612e+01 1.17155692e+01 1.14238493e+01 1.04243036e+01
  1.53892225e+01 1.26700018e+01 2.66591911e+01 2.44487207e+01
  4.52342226e+01 3.99463345e+01 3.91199802e+00 5.04276038e+00
  5.13218116e+00 4.55744524e+00 2.03596208e+01 1.52559935e+01
  2.39935033e+00 6.08028692e-30 1.05735982e+01 4.43405545e+01
  7.82101825e+00 7.32311343e+00 1.57350650e+01 1.23135775e+01
  1.12415137e+01 8.75049470e+00 1.12591184e+01 4.25459013e+00
  1.67248417e+00 1.58533849e+00 6.26928843e+00 4.22920092e+00
  2.80886739e+00 2.63319762e+00 6.51673024e+00]
 [1.20440036e+02 1.24936988e+02 2.55203344e+01 2.69144347e+01
  2.63842417e+01 3.26788271e+01 3.71604436e+01 4.77750105e+01
  4.74067895e+01 5.22325322e+01 1.32654117e+01 1.88016470e+01
  1.27092618e+01 2.08494511e+01 3.38957254e+01 3.73666710e+01
  1.48664474e+01 3.67646604e-28 2.73899408e+01 4.37844600e+01
  1.48012821e+01 1.75060545e+01 2.92364250e+01 3.65593246e+01
  3.31000250e+01 3.93988454e+01 8.29636780e+01 3.32424085e+01
  6.76266808e+00 6.81994062e+00 1.84548209e+01 2.05919912e+01
  5.51791979e+01 3.32987246e+01 1.74296471e+01]
 [6.74723011e+01 6.88450996e+01 2.51015724e+01 1.85490377e+01
  4.54190981e+01 2.67232078e+01 6.63027733e+01 4.79222291e+01
  5.48559711e+01 4.37271577e+01 1.09737337e+01 1.06404507e+01
  8.37702223e+00 3.83773807e+00 2.95060066e+01 2.06560838e+01
  7.63948846e+00 3.68563402e-28 1.63317770e+01 4.59219772e+01
  1.84552679e+01 1.07113479e+01 4.01481279e+01 2.12473050e+01
  2.48588262e+01 2.77935628e+01 5.39898622e+01 1.78895267e+01
  3.40354952e+00 3.09103571e+00 8.69410941e+00 5.50250731e+00
  2.25897741e+01 2.05473104e+01 4.49972272e+00]
 [1.05924693e+02 2.04214491e+02 1.95944217e+01 2.33285570e+01
  2.64813174e+01 1.91626314e+01 2.62655299e+01 2.88545560e+01
  3.39030329e+01 4.22179188e+01 7.37644868e+00 1.02344637e+01
  9.24293556e+00 1.73591154e+01 1.93832986e+01 2.11017731e+01
  9.26663948e+00 3.57010177e-28 1.09943261e+01 3.36594219e+01
  1.09827425e+01 7.84549516e+00 1.98496442e+01 2.06295839e+01
  2.81116822e+01 5.63352216e+01 1.30811136e+02 3.24610286e+01
  2.99170653e+00 2.69003389e+00 7.80860417e+00 9.62801947e+00
  4.50135505e+01 4.33542397e+01 2.05284647e+01]]