[[1.38386979e+01 1.46116400e+01 1.50774267e+01 1.49368299e+01
  1.80894632e+01 1.80734975e+01 3.41879248e+01 3.75757829e+01
  4.72343188e+01 3.73343122e+01 7.82189680e+00 8.03397058e+00
  5.83548572e+00 4.33966147e+00 1.50796393e+01 1.33906249e+01
  5.70891152e+00 7.32236547e-29 8.19084632e+00 4.01051060e+01
  1.13765750e+01 1.01892002e+01 1.58844891e+01 1.44083743e+01
  9.82769372e+00 1.28383431e+01 1.40871976e+01 8.09853930e+00
  3.33295401e+00 2.69905888e+00 3.91469881e+00 2.85477416e+00
  2.10684000e+01 3.49380800e+00 7.62131429e+00]
 [5.84840396e+01 6.46522116e+01 2.23316835e+01 2.58838777e+01
  1.73666036e+01 1.64718235e+01 1.65965602e+01 1.92060849e+01
  1.87359305e+01 1.81431728e+01 1.00485248e+01 1.12799088e+01
  5.38318534e+00 6.76979215e+00 8.88941413e+00 1.10093128e+01
  7.14989588e+00 4.17849222e-29 6.11513023e+00 1.77652419e+01
  1.37489680e+01 1.30570220e+01 1.12303558e+01 1.25774262e+01
  2.09078004e+01 2.67934148e+01 6.12336212e+01 2.23979448e+01
  4.24175828e+00 3.15650357e+00 3.54203417e+00 4.38443972e+00
  4.66423871e+01 5.08042890e+01 1.63190383e+00]
 [8.40192428e+00 1.26846416e+01 1.08482901e+01 1.11184785e+01
  8.83937355e+00 7.75285311e+00 9.50925727e+00 9.26556672e+00
  8.43557786e+00 8.65836967e+00 4.18663985e+00 4.30890820e+00
  2.39163240e+00 2.02545869e+00 4.62421583e+00 4.58025806e+00
  2.30768760e+00 1.79183119e-29 3.01719970e+00 8.17312806e+00
  5.77101584e+00 6.16172006e+00 5.88551028e+00 5.51063285e+00
  7.21159633e+00 1.21928706e+01 9.22265510e+00 5.43709347e+00
  1.26987387e+00 1.49207263e+00 1.79236389e+00 1.45844288e+00
  3.66434176e+00 8.77046416e+00 1.38809628e+00]
 [9.10809896e+01 5.73634270e+01 3.41357707e+01 2.43759350e+01
  2.68179509e+01 2.68763974e+01 2.70278560e+01 2.88856325e+01
  2.81103899e+01 2.79111644e+01 1.90059986e+01 1.57071769e+01
  4.99818973e+00 4.92451142e+00 1.14019306e+01 1.25886077e+01
  1.46858765e+01 7.45502440e-30 7.82697865e+00 2.63941701e+01
  1.60639529e+01 1.52194993e+01 1.74329942e+01 1.65138549e+01
  5.34113590e+01 2.70755574e+01 5.79819814e+01 3.87173800e+01
  6.64954655e+00 4.97465124e+00 3.39203283e+00 3.23105225e+00
  6.70900508e+01 3.55306046e+01 2.39097759e+00]
 [2.84638986e+01 4.99014724e+01 1.85276370e+01 1.77272111e+01
  1.30287802e+01 1.25755298e+01 1.51255727e+01 1.69857005e+01
  1.60971321e+01 1.55481859e+01 5.95318343e+00 9.26149433e+00
  3.12393908e+00 3.49327538e+00 7.60263453e+00 8.29230662e+00
  5.90900495e+00 1.90111166e-29 5.05945477e+00 1.49403703e+01
  8.15997786e+00 9.30293813e+00 8.55422730e+00 8.52619264e+00
  1.25661783e+01 1.80395518e+01 3.18383204e+01 1.20354346e+01
  2.40132421e+00 3.16636704e+00 2.39044285e+00 2.14139053e+00
  1.54230919e+01 3.21918980e+01 2.19734769e+00]
 [7.73842892e+00 7.28722681e+00 1.02519147e+01 8.01813442e+00
  7.87613872e+00 6.84936686e+00 7.56194724e+00 7.72554711e+00
  8.40000918e+00 7.40643904e+00 3.93452097e+00 3.40186474e+00
  2.16174103e+00 2.06668536e+00 3.83407471e+00 4.01318378e+00
  2.52962747e+00 7.91314276e-30 2.63377774e+00 7.46145083e+00
  5.97531804e+00 4.45352853e+00 4.72710758e+00 4.87694361e+00
  5.67655906e+00 4.26898752e+00 7.29905594e+00 3.19606540e+00
  1.77815236e+00 1.36305705e+00 1.78943758e+00 1.35371136e+00
  4.78220683e+00 6.94924905e+00 3.36638423e+00]
 [2.76519185e+01 2.64578598e+01 2.28392480e+01 1.98865226e+01
  1.79242732e+01 1.72220775e+01 2.34083448e+01 2.31017416e+01
  3.30404026e+01 3.32384519e+01 1.06565792e+01 9.98260586e+00
  6.49461705e+00 5.54664904e+00 1.53597307e+01 1.40493115e+01
  8.98204182e+00 6.26373034e-29 1.38980353e+01 3.12460899e+01
  1.33929078e+01 1.07670820e+01 1.50636667e+01 1.34089614e+01
  3.46371665e+01 1.73407013e+01 2.67641346e+01 1.41776740e+01
  5.51604782e+00 4.57095637e+00 5.87972658e+00 4.92054928e+00
  3.42885765e+01 1.74273916e+01 6.51444184e+00]
 [3.74483400e+01 2.78253551e+01 2.19307227e+01 1.30348728e+01
  1.12186670e+01 1.28589395e+01 1.15889158e+01 1.46624275e+01
  1.29050503e+01 1.24717387e+01 1.02723246e+01 7.52064545e+00
  3.88785104e+00 3.80040025e+00 6.52995535e+00 7.72164374e+00
  7.70143446e+00 4.64729531e-29 5.05288161e+00 1.27378362e+01
  9.16623396e+00 8.66494518e+00 7.21837519e+00 8.38467290e+00
  2.44151127e+01 1.26851154e+01 2.93992577e+01 1.76255670e+01
  3.20993984e+00 2.61529188e+00 2.44909301e+00 2.74973793e+00
  3.59481815e+01 2.61490548e+01 8.32472152e+00]
 [1.91367091e+02 1.71182171e+02 2.76515515e+01 3.21979606e+01
  1.12464917e+01 1.09601594e+01 1.52456442e+01 1.69297973e+01
  1.80454729e+01 1.82078430e+01 1.19557005e+01 1.24580769e+01
  4.00009235e+00 2.79228836e+00 6.60323832e+00 5.80672913e+00
  1.07089777e+01 5.37636157e-29 4.21153447e+00 1.78908522e+01
  9.87327055e+00 1.12221787e+01 7.93264973e+00 6.28467966e+00
  3.68760378e+01 3.94059376e+01 1.55005807e+02 3.40243521e+01
  2.97305077e+00 2.98939727e+00 2.63027712e+00 1.69720823e+00
  8.36448377e+01 3.46520090e+02 3.37538918e+00]
 [1.00426270e+01 8.88596005e+00 5.86564308e+00 5.74217071e+00
  4.44776288e+00 4.33161201e+00 4.48246910e+00 6.30090897e+00
  5.03533393e+00 5.52266930e+00 2.39659431e+00 1.31524010e+01
  1.53138515e+00 1.76786706e+00 2.72594425e+00 3.04940818e+00
  1.74305343e+00 2.27203948e-29 2.34774595e+00 6.34437967e+00
  3.90511318e+00 3.49316742e+00 3.48854626e+00 3.41906592e+00
  4.86146387e+00 8.58424257e+00 8.38493994e+00 3.50765362e+00
  8.78308690e-01 1.01736619e+00 1.30828597e+00 1.10516043e+00
  3.49331284e+00 1.98049663e+00 4.15643359e+00]
 [7.47821710e+00 1.06148547e+01 1.24778358e+01 1.28803465e+01
  1.24523468e+01 1.02779629e+01 1.26822493e+01 9.89043511e+00
  1.16106529e+01 1.00834183e+01 4.68640552e+00 5.52638098e+00
  3.12406465e+00 3.20456045e+00 5.81583889e+00 5.10012035e+00
  4.21568390e+00 3.67034456e-29 3.24888699e+00 1.05807837e+01
  7.51205072e+00 7.72899918e+00 7.65616752e+00 6.40851876e+00
  6.04708652e+00 8.91656881e+00 8.74177918e+00 7.08492514e+00
  1.90320240e+00 1.81317538e+00 2.10667481e+00 1.93404075e+00
  8.63825867e+00 4.62176316e+00 2.32179696e+00]
 [1.56481179e+01 1.47735719e+01 2.11889004e+01 2.16862182e+01
  1.75988429e+01 1.75346934e+01 1.67149496e+01 1.64535277e+01
  1.88307245e+01 1.81638188e+01 8.17273783e+00 8.03558984e+00
  4.96973097e+00 5.05194778e+00 1.01974686e+01 9.71155027e+00
  7.33094797e+00 5.98342093e-29 6.33701461e+00 1.72154465e+01
  1.31336417e+01 1.17088176e+01 1.26242354e+01 1.22804181e+01
  1.09309167e+01 1.02378444e+01 1.59969273e+01 9.18049136e+00
  4.18727377e+00 4.17190967e+00 3.65595694e+00 3.34021566e+00
  2.10797344e+01 9.18720475e+00 5.43605482e+00]
 [8.55237111e+00 8.58185061e+00 7.73219952e+00 6.46553928e+00
  6.53286021e+00 5.28013265e+00 7.21693136e+00 6.63459947e+00
  7.86611770e+00 7.44880199e+00 3.16916895e+00 2.94695568e+00
  2.23514859e+00 1.28877467e+00 4.25835738e+00 3.24909038e+00
  2.24504174e+00 8.94639918e-30 2.50696663e+00 7.40438532e+00
  4.25159858e+00 3.37052225e+00 4.75451262e+00 3.82200007e+00
  5.12783846e+00 4.22293313e+00 6.85097619e+00 3.49570412e+00
  1.33290665e+00 1.03827327e+00 1.72411910e+00 1.03399972e+00
  7.03761981e+00 5.24740637e+00 7.74678514e+00]
 [2.05573114e+02 2.31944816e+02 1.73572776e+02 1.58857979e+02
  1.87860591e+02 1.51765960e+02 1.94675529e+02 1.96659324e+02
  1.85048413e+02 1.96373486e+02 1.08632125e+02 1.23982723e+02
  3.88938567e+01 4.08809988e+01 1.23867736e+02 8.78753382e+01
  1.09404493e+02 2.69435746e-28 1.03044291e+02 1.82755315e+02
  1.15411305e+02 1.02556982e+02 1.28411087e+02 1.04118507e+02
  1.45212388e+02 1.61130560e+02 2.03614817e+02 1.50200945e+02
  4.35447686e+01 5.30657195e+01 4.85685256e+01 2.77228674e+01
  9.81218170e+01 7.28608062e+01 9.17987017e+00]
 [9.10822286e+01 9.06991811e+01 2.17980031e+01 1.77319814e+01
  1.49059382e+01 1.08042163e+01 1.87356633e+01 1.98819345e+01
  1.92314856e+01 2.10525005e+01 7.37462939e+00 7.41005216e+00
  3.78501208e+00 3.04721305e+00 9.75683111e+00 8.54458163e+00
  6.19342488e+00 3.79603980e-28 4.40565200e+00 1.75919704e+01
  9.34183584e+00 7.22008182e+00 1.05486450e+01 8.34270949e+00
  2.94236868e+01 4.58812612e+01 8.12304763e+01 2.08366499e+01
  2.87180455e+00 2.42620477e+00 3.23162843e+00 2.01487074e+00
  9.63639594e+01 5.28413779e+01 1.12645435e+01]
 [7.44302152e+01 9.03966685e+01 2.19805635e+01 2.45038364e+01
  1.70803923e+01 1.57113364e+01 2.08720797e+01 2.12545533e+01
  2.60953894e+01 2.60107078e+01 1.11603476e+01 1.36366798e+01
  4.23148302e+00 4.74143770e+00 9.34082495e+00 9.57526042e+00
  1.01996752e+01 6.86503931e-30 5.91059207e+00 2.57070551e+01
  1.17888104e+01 1.52638140e+01 1.18832755e+01 1.43358456e+01
  2.87543802e+01 3.99418328e+01 7.34268722e+01 2.62699079e+01
  3.40101307e+00 3.07230094e+00 2.96698771e+00 2.86422243e+00
  2.11594711e+01 6.05441822e+01 1.68808978e+01]
 [1.18369187e+01 1.18012051e+01 1.28124230e+01 1.15105292e+01
  1.29484788e+01 1.08454289e+01 1.53260413e+01 1.26879402e+01
  1.49189173e+01 1.40622677e+01 4.29237046e+00 5.06940080e+00
  4.32041332e+00 4.64549950e+00 9.95360593e+00 6.51466852e+00
  2.51204879e+00 3.41542587e-30 4.32311760e+00 1.36065517e+01
  8.15138815e+00 8.02577490e+00 1.01532963e+01 8.10030203e+00
  9.09829224e+00 9.11106129e+00 9.36500904e+00 3.90329883e+00
  1.79758788e+00 1.74347802e+00 3.06197371e+00 2.01954292e+00
  4.25390145e+00 3.78236497e+00 5.76453314e+00]
 [2.07303371e+02 2.29204054e+02 3.18634879e+01 3.70025335e+01
  2.72225772e+01 2.07872204e+01 2.64615358e+01 2.32714052e+01
  2.81870616e+01 2.66155854e+01 1.29582193e+01 2.15237931e+01
  8.23552785e+00 8.32916945e+00 1.68527974e+01 1.28017102e+01
  1.22532097e+01 2.12827581e-28 1.09833571e+01 2.67850006e+01
  1.64199168e+01 1.48838304e+01 1.82612546e+01 1.52406224e+01
  4.30958420e+01 6.05212597e+01 1.39606898e+02 4.39736483e+01
  4.71490480e+00 4.74705572e+00 7.33948016e+00 6.48895536e+00
  1.12604981e+02 6.02245566e+01 1.43482563e+01]
 [6.58742113e+01 7.30499517e+01 2.40131938e+01 2.56086676e+01
  4.23504309e+01 2.86899044e+01 5.68879256e+01 3.87949728e+01
  4.07218548e+01 3.33052310e+01 1.23571272e+01 1.62856599e+01
  9.63109605e+00 6.38512775e+00 2.58420753e+01 1.92331120e+01
  1.43053485e+01 3.26779972e-28 1.18107243e+01 3.44030518e+01
  1.83132033e+01 1.53966338e+01 3.58740831e+01 2.25543727e+01
  2.43062824e+01 3.35780570e+01 5.63528906e+01 2.59534449e+01
  5.87610206e+00 6.18185470e+00 8.63260407e+00 5.46160819e+00
  3.40468935e+01 3.33341479e+01 7.06415229e+00]
 [1.85118908e+02 4.33911851e+02 3.68782848e+01 4.56820973e+01
  1.58294926e+01 1.57796623e+01 1.64899456e+01 1.69539935e+01
  1.74064898e+01 1.82208697e+01 9.72998921e+00 2.26151193e+01
  4.03470537e+00 4.71808337e+00 8.93193804e+00 9.60942506e+00
  1.75997207e+01 3.18308216e-28 6.93488680e+00 1.72784392e+01
  7.77536156e+00 1.03659460e+01 1.00578542e+01 1.14525674e+01
  4.87720697e+01 1.22911297e+02 2.62013571e+02 6.27905861e+01
  3.76852062e+00 5.81112946e+00 4.32026621e+00 3.38382106e+00
  8.41773350e+01 9.86791812e+01 1.26888759e+01]]