[[5.92057878e+00 6.72442885e+00 5.49666421e+00 5.43408679e+00
  6.03031198e+00 7.60212164e+00 8.50903354e+00 1.30893668e+01
  1.31108894e+01 1.11014119e+01 3.39453972e+00 3.38362282e+00
  3.19562988e+00 2.49335890e+00 6.44850511e+00 7.29910714e+00
  2.18177028e+00 2.08618192e-29 4.80624971e+00 1.09321339e+01
  4.66513189e+00 4.34598001e+00 5.71204339e+00 6.69035257e+00
  4.58290712e+00 5.58638492e+00 5.82190307e+00 3.15597309e+00
  1.35298021e+00 1.24202947e+00 2.23327309e+00 1.90238789e+00
  9.49697923e+00 2.64595436e+00 4.75264223e+00]
 [4.85774197e+01 5.47540593e+01 8.48646948e+00 1.43813852e+01
  5.43072354e+00 8.57956518e+00 5.01182246e+00 5.65268018e+00
  7.09358247e+00 8.05612877e+00 7.48629683e+00 1.61532109e+01
  2.10006486e+00 3.38399452e+00 3.24476927e+00 3.06844531e+00
  3.39183552e+00 1.10686908e-29 2.01366078e+00 7.57596242e+00
  6.83421830e+00 1.32334193e+01 3.34230226e+00 3.10763901e+00
  2.29136913e+01 2.74173298e+01 5.10664734e+01 1.77941737e+01
  1.54040437e+00 2.39322095e+00 1.30259568e+00 1.05164541e+00
  3.99261394e+01 3.75730090e+01 1.75959526e+00]
 [2.73422026e+01 8.68675328e+01 1.37732254e+01 1.19515022e+02
  1.08881410e+01 1.08925309e+01 1.17601928e+01 1.20074141e+01
  1.30696230e+01 1.28378566e+01 8.46242148e+00 1.68996230e+01
  4.40589440e+00 6.55817121e+00 9.73312940e+00 8.96348675e+00
  4.88421770e+00 3.59947504e-29 6.72819168e+00 1.24221838e+01
  7.92741166e+00 1.09394838e+02 9.33273153e+00 9.93490920e+00
  3.20863503e+01 1.69516317e+02 3.52476824e+01 2.01163743e+01
  2.80486842e+00 4.32305503e+00 4.46036213e+00 3.31446470e+00
  1.28289407e+01 1.18168752e+02 3.09228510e+00]
 [1.12163520e+03 4.92923770e+02 1.18541702e+02 7.05042281e+01
  7.36096071e+01 1.56475667e+02 3.68924702e+01 3.05424099e+01
  4.08843983e+01 3.56228470e+01 8.56490287e+01 1.28492009e+02
  7.16057311e+00 5.95289536e+00 1.51598206e+01 1.50954990e+01
  4.10440060e+01 2.46667809e-29 1.12835081e+01 3.41404584e+01
  1.78881026e+01 6.75741116e+01 1.84451937e+01 2.18442984e+01
  6.35069138e+02 2.86033505e+02 3.34721842e+02 2.83991884e+02
  2.11649064e+01 2.42253559e+01 4.65476504e+00 4.48782369e+00
  7.08322851e+02 3.24251649e+02 6.26546016e+00]
 [1.11811955e+02 2.64216234e+02 9.41717796e+01 5.69734885e+01
  2.54020620e+01 2.60707326e+01 1.79356656e+01 2.05524443e+01
  1.87505423e+01 2.21243663e+01 2.97988931e+01 3.38236409e+01
  1.07858171e+01 7.40400182e+00 9.43595364e+00 1.12642275e+01
  1.36000946e+01 3.98864298e-29 6.77811662e+00 1.92052779e+01
  2.24284064e+01 2.00817875e+01 1.07492899e+01 1.12133504e+01
  1.34083936e+02 1.90854476e+02 1.49559531e+02 4.95303389e+01
  6.73876279e+00 8.66741547e+00 3.59870523e+00 3.15729563e+00
  6.96089881e+01 2.29350425e+02 8.02800888e+00]
 [1.83152674e+01 4.84802623e+01 2.01745328e+01 3.91100427e+01
  5.66974519e+00 5.14057006e+00 3.84903079e+00 4.82601573e+00
  5.27915659e+00 4.77881779e+00 1.45066209e+01 5.78894412e+00
  1.91127743e+00 1.45886563e+00 2.51684214e+00 2.32382321e+00
  2.17920878e+00 2.46091842e-29 1.52255485e+00 4.81973641e+00
  1.08037287e+01 3.53329663e+00 2.86878976e+00 2.61656365e+00
  4.47608864e+01 1.13065819e+01 9.94125087e+00 4.43309870e+00
  1.63848521e+00 1.10533530e+00 1.27555659e+00 8.42027969e-01
  3.43268400e+01 7.83752606e+01 4.52527432e+00]
 [2.33092020e+01 2.22103884e+01 1.56734688e+01 1.60822783e+01
  1.55330670e+01 1.52554386e+01 1.94123250e+01 1.81210426e+01
  2.55441369e+01 2.63817885e+01 1.13101695e+01 1.06834945e+01
  7.40604133e+00 6.95377953e+00 1.44324563e+01 1.37202755e+01
  8.15217759e+00 6.04664541e-29 1.16036480e+01 2.52609149e+01
  1.23499469e+01 1.12922296e+01 1.39326069e+01 1.29515065e+01
  1.96968240e+01 1.54526346e+01 2.24642268e+01 1.24891981e+01
  7.13603785e+00 6.04146328e+00 6.42139684e+00 5.21338345e+00
  3.03668152e+01 1.58777760e+01 4.10533516e+00]
 [2.56470470e+01 3.47287902e+01 1.03836696e+01 4.62865008e+00
  9.35661439e+00 6.73919244e+00 9.77932019e+00 1.32537426e+01
  1.49989827e+01 1.05979329e+01 8.64204252e+00 1.35556716e+01
  2.38301053e+00 2.25505797e+00 4.04772403e+00 5.10241428e+00
  3.49028278e+00 2.67331001e-29 2.81183682e+00 1.14439246e+01
  5.13720016e+00 6.10793651e+00 3.93085339e+00 4.73919129e+00
  2.80626761e+01 3.10571987e+01 2.45778416e+01 1.76376280e+01
  1.42933083e+00 1.35701360e+00 1.52499984e+00 1.51076430e+00
  2.58608814e+01 2.87695928e+01 2.05123224e+01]
 [1.54783620e+02 1.43246592e+02 1.32619902e+01 1.61961812e+01
  5.19597007e+00 4.56024551e+00 8.48112927e+00 8.14664205e+00
  1.26128023e+01 1.27547626e+01 7.40992194e+00 7.13534623e+00
  1.88711023e+00 1.64126702e+00 4.72427580e+00 4.15088363e+00
  7.09416898e+00 1.30450237e-29 3.36157472e+00 1.22585967e+01
  4.28807679e+00 4.91664005e+00 4.41181025e+00 3.60589527e+00
  3.29114239e+01 3.08884156e+01 1.15438336e+02 2.50957956e+01
  1.95940972e+00 1.77774008e+00 1.73011984e+00 1.37814569e+00
  8.45095060e+01 4.34809297e+01 3.35472991e+00]
 [9.46547081e+01 1.14053343e+01 2.70186580e+01 1.28697003e+01
  6.55508256e+00 4.34523025e+00 6.20323926e+00 6.00459573e+00
  7.74957895e+00 6.86067947e+00 1.46615563e+01 5.26620205e+00
  2.91367122e+00 1.77883054e+00 2.97322108e+00 3.13928464e+00
  2.67571839e+00 5.70954236e-29 2.34260853e+00 7.78036564e+00
  1.92539886e+01 4.85100375e+00 3.28480224e+00 3.32391809e+00
  4.91778849e+01 8.08250161e+00 1.75225251e+01 7.15430020e+00
  1.95588647e+00 1.16981762e+00 1.20304074e+00 1.13173958e+00
  4.04725039e+01 5.10528017e+00 2.25410139e+01]
 [5.19411172e+00 9.72533336e+00 8.03186658e+00 9.11644540e+00
  8.55892275e+00 8.31215585e+00 1.10175146e+01 1.28096926e+01
  1.37356298e+01 1.20761151e+01 4.75113635e+00 6.16754841e+00
  6.45763423e+00 4.88422902e+00 7.63802776e+00 7.07963842e+00
  2.91920501e+00 3.33012839e-29 4.62454988e+00 1.20304204e+01
  6.39194375e+00 6.85087297e+00 7.59620435e+00 7.21856297e+00
  6.00801763e+00 9.08416525e+00 8.86228782e+00 4.33776521e+00
  1.99866457e+00 2.03013561e+00 3.47865698e+00 3.15278647e+00
  1.12468599e+01 4.73315811e+00 3.12677437e+00]
 [1.45933320e+01 1.24408964e+01 8.76432132e+00 7.76702045e+00
  1.29084848e+01 1.76082878e+01 8.61143492e+00 9.71036195e+00
  1.17746255e+01 1.09321992e+01 4.48905260e+00 4.30967928e+00
  3.18821232e+00 3.57184866e+00 6.14672241e+00 5.64437482e+00
  3.04473424e+00 2.80845608e-29 3.63925506e+00 1.00913867e+01
  6.81226999e+00 7.44265600e+00 6.12020085e+00 7.57379140e+00
  7.78638684e+00 9.07869384e+00 1.51577985e+01 4.82157218e+00
  2.06424608e+00 1.97409901e+00 2.42907622e+00 1.86520924e+00
  1.99189174e+01 9.01396740e+00 6.76779318e+00]
 [2.93185003e+01 2.74344208e+01 1.87921090e+01 1.96932555e+01
  1.52807147e+01 1.43121647e+01 1.84056122e+01 1.80840379e+01
  2.20272344e+01 2.22555102e+01 1.25459882e+01 1.11999558e+01
  6.13736251e+00 4.73179296e+00 1.19802538e+01 9.72456494e+00
  7.27961781e+00 2.72146202e-29 7.76362930e+00 2.06241994e+01
  1.30752642e+01 1.24755140e+01 1.23014959e+01 1.09667049e+01
  1.77216190e+01 1.46213535e+01 2.22195263e+01 1.14037643e+01
  4.33642799e+00 3.82917899e+00 4.90456193e+00 3.04284383e+00
  2.28232177e+01 1.41544441e+01 1.83752263e+01]
 [1.75888812e+02 2.93870266e+02 3.08082131e+01 4.21646895e+01
  2.34294826e+01 2.43680731e+01 3.10228258e+01 3.20464268e+01
  3.18151568e+01 3.47968365e+01 2.93366974e+01 2.40407363e+01
  7.99939887e+00 9.40924992e+00 1.94672177e+01 1.85567615e+01
  1.86732771e+01 7.61349450e-29 1.33286402e+01 3.02373886e+01
  1.84767061e+01 1.80305080e+01 1.89446217e+01 2.10474584e+01
  6.79727542e+01 1.00060518e+02 1.65458384e+02 4.10714047e+01
  8.94129764e+00 7.60585581e+00 6.42866036e+00 6.27843832e+00
  2.31533173e+02 1.91863043e+02 7.00467028e+00]
 [6.39368687e+01 8.85573834e+01 1.11534401e+01 1.31397553e+01
  9.96568231e+00 7.44724105e+00 1.58291293e+01 1.46424807e+01
  2.10273278e+01 2.11415933e+01 6.67638524e+00 7.93802579e+00
  3.61962332e+00 2.78424448e+00 1.03840871e+01 8.21461908e+00
  6.35620403e+00 3.58504987e-28 5.20382271e+00 1.92098616e+01
  5.56102712e+00 5.34797860e+00 8.88251487e+00 6.93331915e+00
  2.25498962e+01 4.70643555e+01 6.57711135e+01 1.92449631e+01
  2.90065414e+00 2.61518712e+00 3.82626024e+00 2.24250501e+00
  6.07568313e+01 5.34145860e+01 1.25904389e+01]
 [2.41546491e+01 3.09552169e+01 6.07996302e+00 6.32063558e+00
  4.92771640e+00 3.86956488e+00 5.97483170e+00 6.47549231e+00
  1.00474154e+01 9.55472567e+00 4.32422866e+00 5.61597750e+00
  1.40570792e+00 1.43203986e+00 3.34527459e+00 3.34984763e+00
  3.31525438e+00 2.35606211e-30 2.02764588e+00 9.00172712e+00
  4.19797853e+00 4.37099992e+00 3.71654974e+00 3.81641281e+00
  9.94740060e+00 1.45781300e+01 2.50306804e+01 9.74881487e+00
  1.27972582e+00 1.13958375e+00 1.16066550e+00 1.05511063e+00
  1.00645702e+01 2.31221379e+01 9.65348472e+00]
 [1.43119811e+01 1.97633665e+01 1.64638460e+01 1.57233370e+01
  2.18590267e+01 1.21074261e+01 9.74998112e+00 1.03355673e+01
  1.48032724e+01 1.51043689e+01 1.30278435e+01 1.61349722e+01
  5.97273132e+00 5.83723935e+00 7.43795373e+00 6.86750774e+00
  2.10493957e+00 5.68850605e-30 3.37188154e+00 1.56837904e+01
  1.96094160e+01 1.36755209e+01 9.73288584e+00 1.39596236e+01
  7.71237766e+01 3.76183401e+01 1.96404706e+01 4.84942600e+00
  2.21023658e+00 1.64330773e+00 2.75228885e+00 2.13033902e+00
  1.96463966e+01 8.45857728e+00 1.36965154e+01]
 [1.22329613e+02 1.29874699e+02 1.43996584e+01 1.97374376e+01
  1.69226316e+01 1.84310063e+01 1.77213314e+01 1.97931301e+01
  2.32534830e+01 2.57053846e+01 6.33001896e+00 1.34887162e+01
  5.63759295e+00 5.38414686e+00 1.28175643e+01 1.19015533e+01
  6.88692827e+00 1.37112597e-28 8.85338398e+00 2.29183768e+01
  8.09969105e+00 9.90850448e+00 1.15339546e+01 1.28680223e+01
  2.31117332e+01 3.40894284e+01 7.75942487e+01 2.39375764e+01
  2.70717108e+00 3.78474517e+00 5.75714866e+00 4.96113216e+00
  6.87503497e+01 4.67266255e+01 1.83868344e+01]
 [8.15326096e+01 1.55720050e+02 2.29581691e+01 1.71714872e+01
  1.48069121e+01 9.78669805e+00 1.19405924e+01 1.18488593e+01
  1.15373836e+01 1.15772997e+01 8.91738991e+00 1.88764576e+01
  2.26191244e+00 2.95051319e+00 5.81169329e+00 5.75922511e+00
  6.43330019e+00 8.99391146e-29 4.26333177e+00 1.09762393e+01
  1.26242017e+01 1.37093439e+01 5.88689621e+00 5.98568007e+00
  2.64206363e+01 7.43282770e+01 8.71301515e+01 2.01790387e+01
  2.66974049e+00 2.65947015e+00 2.34038594e+00 2.12749781e+00
  4.60147300e+01 5.89771912e+01 9.93474340e+00]
 [9.46877696e+01 1.82217026e+02 2.20705171e+01 2.70298182e+01
  5.91642965e+01 3.60428200e+01 2.88702939e+01 1.91460128e+01
  2.24598652e+01 2.25858061e+01 8.21878493e+00 1.33442544e+01
  6.53829330e+00 7.47498162e+00 1.08044828e+01 9.47118598e+00
  1.00745066e+01 4.61420636e-28 5.32003302e+00 2.02271334e+01
  2.28241389e+01 2.46733105e+01 1.52318225e+01 1.28093970e+01
  2.62624086e+01 5.10499053e+01 1.14011311e+02 2.97063654e+01
  3.52609537e+00 3.86722071e+00 3.93972818e+00 2.86553079e+00
  5.31295892e+01 3.77329927e+01 5.73586918e+01]]