[[2.11327973e+00 2.33971069e+00 1.41473953e+00 1.19723704e+00
  1.47281852e+00 1.22960354e+00 1.19869068e+00 1.54728423e+00
  1.74994869e+00 1.61658091e+00 8.77651052e-01 9.65577231e-01
  1.25399300e+00 5.12446487e-01 8.94806454e-01 9.29415581e-01
  6.17453059e-01 3.93411822e-30 6.69244958e-01 1.63513508e+00
  1.43759751e+00 8.70507342e-01 1.22410131e+00 9.72298607e-01
  1.23655530e+00 1.80505473e+00 1.70404278e+00 7.82455796e-01
  3.54143934e-01 3.55086317e-01 3.77070663e-01 3.04339663e-01
  2.70706384e+00 1.45101578e+00 1.66716052e+00]
 [2.60484931e+01 2.98214907e+01 3.98400672e+00 7.45968657e+00
  2.43919977e+00 5.00902550e+00 1.22198732e+00 1.74599650e+00
  1.87547768e+00 3.59740854e+00 3.95393702e+00 9.23852765e+00
  1.20555007e+00 1.75428959e+00 7.21479524e-01 8.31497241e-01
  1.60676614e+00 4.22654145e-30 5.47693293e-01 2.80283396e+00
  4.97217899e+00 7.87220864e+00 9.12704933e-01 8.54886503e-01
  1.24280629e+01 1.44407270e+01 2.69778552e+01 9.11711735e+00
  5.78974753e-01 1.10069863e+00 3.50358930e-01 3.13099000e-01
  2.08221097e+01 2.06860856e+01 9.21082656e-01]
 [1.22991212e+01 4.30599256e+01 4.69169578e+00 6.38756306e+01
  2.02907154e+00 1.73265926e+00 1.70325756e+00 1.90889554e+00
  1.99555147e+00 2.48029808e+00 3.44657232e+00 9.35457202e+00
  7.53412459e-01 1.72918142e+00 1.23687461e+00 1.22924784e+00
  2.27104302e+00 1.02297704e-29 8.67240092e-01 2.20436986e+00
  2.23492342e+00 5.51381681e+01 1.28563412e+00 1.35649512e+00
  1.62744477e+01 8.23555551e+01 1.54691592e+01 1.13345207e+01
  5.14680811e-01 1.20238889e+00 5.44834372e-01 4.67400625e-01
  7.36730222e+00 6.06928611e+01 1.47727663e+00]
 [8.25719208e+02 2.91447154e+02 6.37411532e+01 3.47111106e+01
  3.95357687e+01 1.01786356e+02 1.84854552e+01 1.18808639e+01
  1.63403669e+01 1.33951109e+01 5.26089891e+01 1.01343371e+02
  3.22266529e+00 2.78760131e+00 5.54119317e+00 5.14739694e+00
  2.73969512e+01 1.76513164e-29 4.58997887e+00 1.42524621e+01
  9.53772542e+00 3.44752675e+01 8.83376613e+00 1.48309448e+01
  3.93752941e+02 2.40756178e+02 2.38091765e+02 1.84794645e+02
  1.11277565e+01 1.59031464e+01 1.80119865e+00 1.76608638e+00
  5.58504686e+02 2.28192191e+02 4.28331099e+00]
 [6.73078572e+01 1.75226126e+02 4.87920961e+01 2.92937052e+01
  1.34646135e+01 1.18875800e+01 5.87165933e+00 5.54867187e+00
  6.23159640e+00 7.78110115e+00 1.81676902e+01 2.12582009e+01
  4.67396724e+00 2.94946725e+00 2.22770971e+00 2.67740317e+00
  7.23348273e+00 2.02451435e-29 1.81976395e+00 6.70185526e+00
  1.29533942e+01 1.20449667e+01 3.29497150e+00 3.60652288e+00
  7.79527449e+01 1.12290609e+02 9.04567252e+01 3.13592189e+01
  3.20765136e+00 4.10213508e+00 8.37524834e-01 8.47591505e-01
  4.41874696e+01 1.70282241e+02 5.19544948e+00]
 [2.08356994e+01 6.63806253e+01 2.61977822e+01 4.34035568e+01
  3.48192677e+00 2.87060099e+00 1.31357603e+00 1.11633150e+00
  1.92219437e+00 1.59691894e+00 1.98978034e+01 5.82383165e+00
  8.97639487e-01 4.55098130e-01 7.44221626e-01 6.49248454e-01
  1.68463446e+00 3.31980472e-29 4.64856246e-01 1.74732459e+00
  1.01617064e+01 2.17764201e+00 1.23672593e+00 6.65118593e-01
  5.08187071e+01 1.18245504e+01 9.51192657e+00 4.06509730e+00
  1.08832045e+00 5.41501974e-01 3.94268714e-01 2.58377429e-01
  6.12795648e+01 1.13969076e+02 3.04549710e+00]
 [3.16868675e+00 3.46597334e+00 2.55776625e+00 2.18533540e+00
  1.41426992e+00 1.59383150e+00 1.71378309e+00 1.54141458e+00
  3.32384651e+00 3.44234252e+00 1.08177152e+00 1.15182451e+00
  7.42474781e-01 8.68735278e-01 1.13530172e+00 1.11981992e+00
  9.24824075e-01 6.75030174e-30 9.55950381e-01 3.68641070e+00
  1.37638441e+00 1.13905796e+00 1.12908188e+00 1.12607209e+00
  2.71196675e+00 2.21536368e+00 3.54287912e+00 1.49234529e+00
  6.89884678e-01 6.18726174e-01 6.08925853e-01 4.92211649e-01
  6.16412457e+00 3.37395853e+00 9.90295784e-01]
 [1.67531114e+01 2.63780832e+01 4.60310406e+00 2.47564704e+00
  6.28168185e+00 3.58886776e+00 4.98447760e+00 4.33070104e+00
  8.78862636e+00 4.56185149e+00 5.73482037e+00 1.06390344e+01
  6.72828047e-01 8.50013350e-01 1.11057827e+00 1.03517571e+00
  2.00866361e+00 1.06832453e-29 7.24272642e-01 5.76145156e+00
  2.79624834e+00 4.57944733e+00 1.32025311e+00 1.74018579e+00
  1.88033954e+01 2.25296546e+01 1.71684644e+01 1.28340320e+01
  5.35863144e-01 6.32923283e-01 3.74055786e-01 3.53200329e-01
  1.71507103e+01 1.81486947e+01 1.34132575e+01]
 [8.29468954e+01 7.63358657e+01 7.57696286e+00 7.09364258e+00
  8.73819413e-01 8.15612116e-01 1.64359257e+00 1.40749644e+00
  3.02629320e+00 2.37636002e+00 3.48274065e+00 2.79173929e+00
  3.44928544e-01 3.38687222e-01 7.90563665e-01 7.42245497e-01
  3.14731962e+00 2.34777530e-30 6.04643116e-01 2.47188614e+00
  1.39965501e+00 1.35793626e+00 7.16115005e-01 5.90400244e-01
  1.78584138e+01 1.49530169e+01 6.07005061e+01 1.23584029e+01
  6.88822096e-01 5.44821848e-01 3.01634093e-01 2.85816550e-01
  4.23147528e+01 1.97482012e+01 1.27008642e+00]
 [1.03367176e+02 5.85377008e+00 2.22062993e+01 9.62498475e+00
  4.09757323e+00 1.64030688e+00 2.54659099e+00 2.36064957e+00
  4.01538157e+00 2.98089619e+00 1.43657367e+01 1.59389505e+00
  2.33873332e+00 6.64563176e-01 1.01590752e+00 1.19176049e+00
  2.17161314e+00 4.43997363e-29 9.69224291e-01 3.37876589e+00
  1.96110852e+01 2.83597234e+00 1.27696977e+00 1.30773590e+00
  4.50788815e+01 3.73846290e+00 1.37966218e+01 5.04864028e+00
  1.62260433e+00 3.38382721e-01 3.45491907e-01 4.67582781e-01
  4.57967053e+01 3.84124813e+00 1.94987633e+01]
 [1.38303248e+00 2.96476699e+00 1.95976283e+00 2.05702022e+00
  1.45179812e+00 1.64417043e+00 2.12319695e+00 4.16194454e+00
  4.54026495e+00 3.27462068e+00 1.41116330e+00 1.75868190e+00
  5.83826202e-01 6.15384237e-01 1.00552960e+00 8.63676319e-01
  5.94008849e-01 5.02437104e-30 5.40354034e-01 3.36890443e+00
  1.62315667e+00 1.63729408e+00 9.72895078e-01 8.91614472e-01
  2.39421047e+00 3.12290074e+00 3.18536075e+00 1.02519582e+00
  3.23463831e-01 3.86628978e-01 3.71322643e-01 3.86798329e-01
  6.79328182e+00 2.39226542e+00 1.13787836e+00]
 [9.81384403e+00 8.08089240e+00 3.47670966e+00 3.93249388e+00
  5.99865466e+00 1.02194669e+01 1.72616338e+00 2.95580108e+00
  2.20149648e+00 2.22458287e+00 1.53644789e+00 1.77392414e+00
  7.27916215e-01 1.02361511e+00 1.14389262e+00 1.15381247e+00
  1.07792289e+00 6.66365314e-30 7.32671796e-01 1.97421258e+00
  2.39766179e+00 3.49958729e+00 1.29400113e+00 2.71296276e+00
  4.03909775e+00 4.73971012e+00 1.03750171e+01 2.21246992e+00
  5.27387552e-01 5.87168993e-01 4.45006269e-01 4.10196488e-01
  1.62681578e+01 5.69144364e+00 3.46753658e+00]
 [5.87087437e+00 6.18572594e+00 2.82302771e+00 2.68603067e+00
  1.85844624e+00 1.87696293e+00 2.42726640e+00 2.89891320e+00
  5.50438006e+00 5.96412690e+00 2.11823979e+00 1.87639606e+00
  9.24002685e-01 7.12399209e-01 1.64782572e+00 1.36181705e+00
  1.25141181e+00 6.07542429e-30 1.01640769e+00 5.07457341e+00
  2.65083608e+00 1.71806083e+00 1.51950406e+00 1.46149350e+00
  3.15775156e+00 2.72034872e+00 4.76629530e+00 2.12716898e+00
  7.54233813e-01 6.75980562e-01 7.01808416e-01 4.37233932e-01
  4.33570497e+00 3.10631791e+00 5.91818565e+00]
 [1.00720830e+02 1.83127734e+02 9.23914974e+00 1.59533309e+01
  3.39960042e+00 3.52855337e+00 3.37050461e+00 4.13164392e+00
  4.35860957e+00 5.24865674e+00 1.08455865e+01 8.73699727e+00
  1.04496119e+00 1.68016480e+00 2.27284761e+00 2.57770634e+00
  6.81212057e+00 3.07254679e-29 1.77604301e+00 4.76361002e+00
  4.11277723e+00 3.22062211e+00 2.01920576e+00 3.54994170e+00
  3.40657637e+01 5.41702643e+01 9.63518829e+01 1.94949485e+01
  2.01443376e+00 2.07809180e+00 7.43599277e-01 9.98864792e-01
  1.38947848e+02 1.24306440e+02 3.25806542e+00]
 [1.83385369e+01 2.50661068e+01 2.25694770e+00 3.24641580e+00
  2.19887326e+00 1.21284106e+00 1.74771362e+00 1.67767057e+00
  2.42144725e+00 1.84091304e+00 1.13650846e+00 2.18964016e+00
  4.42461116e-01 4.32367779e-01 1.06814105e+00 7.86233480e-01
  1.29404393e+00 9.04041744e-29 5.44240627e-01 1.88263368e+00
  8.91416336e-01 9.98749733e-01 9.98731920e-01 9.15421736e-01
  5.33331908e+00 1.32192268e+01 1.88083431e+01 5.03972072e+00
  4.41676075e-01 5.45059090e-01 4.53127574e-01 2.49075067e-01
  1.77539831e+01 1.63082570e+01 4.13199657e+00]
 [9.74312912e+00 1.39466299e+01 2.84771035e+00 3.50426280e+00
  2.23776448e+00 1.35481947e+00 1.83337486e+00 1.52981118e+00
  1.63307093e+00 1.66346783e+00 2.03146373e+00 3.17949658e+00
  6.29323747e-01 6.24500003e-01 9.20110840e-01 9.11061087e-01
  1.51620347e+00 7.43597612e-31 5.73012365e-01 1.62034412e+00
  1.95554029e+00 1.95947022e+00 1.43290006e+00 1.10593522e+00
  4.19488525e+00 7.03273288e+00 1.10532321e+01 4.35374428e+00
  6.09008686e-01 5.77792173e-01 3.88603451e-01 3.73086380e-01
  3.70604102e+00 8.24415187e+00 3.27642172e+00]
 [8.58601642e+00 1.06566826e+01 1.03569257e+01 9.72000526e+00
  1.04904491e+01 5.56971450e+00 2.66866426e+00 2.85590212e+00
  6.92495745e+00 5.94097331e+00 7.11975993e+00 9.79453147e+00
  2.93981270e+00 2.29290465e+00 1.48664623e+00 1.27831160e+00
  9.02578030e-01 3.36947704e-30 6.68494669e-01 7.27829552e+00
  1.39665583e+01 9.39147690e+00 3.35579137e+00 6.24110773e+00
  4.50897083e+01 2.56006125e+01 1.09210354e+01 2.37290214e+00
  1.07304734e+00 6.83200607e-01 5.22598993e-01 3.88519050e-01
  1.55091705e+01 7.21253180e+00 8.50941819e+00]
 [4.59246377e+01 4.77751965e+01 4.41193240e+00 6.56254558e+00
  1.03507812e+01 8.24665824e+00 3.07938607e+00 7.02110879e+00
  3.47380216e+00 4.06306483e+00 1.71875988e+00 3.87139530e+00
  2.43287386e+00 1.19884522e+00 1.66479513e+00 2.30099608e+00
  1.98698823e+00 2.50895227e-29 1.15400117e+00 3.72742909e+00
  2.57615919e+00 3.09440812e+00 2.60300050e+00 4.09279440e+00
  8.32962088e+00 1.12137302e+01 2.84997781e+01 8.13925138e+00
  6.31105209e-01 9.22364015e-01 8.29105349e-01 7.72252286e-01
  2.53055135e+01 1.73677870e+01 7.23587508e+00]
 [5.00934355e+01 1.09701693e+02 1.49728803e+01 6.92016528e+00
  7.55959748e+00 3.69307802e+00 3.49705680e+00 4.41804138e+00
  2.38227666e+00 2.73555788e+00 4.32568370e+00 1.07903778e+01
  5.94329556e-01 7.86734371e-01 9.87604668e-01 1.09682134e+00
  2.82894896e+00 2.04871631e-29 7.58040230e-01 2.51940885e+00
  7.70320688e+00 7.72630207e+00 1.10116619e+00 1.58293845e+00
  1.54157145e+01 5.03178026e+01 5.95419858e+01 1.13329216e+01
  1.00546204e+00 1.01071483e+00 3.76588982e-01 3.90345274e-01
  3.39227786e+01 4.36174637e+01 6.70905182e+00]
 [4.32455624e+01 7.96335113e+01 1.04498983e+01 1.32195675e+01
  3.18650980e+01 2.30942177e+01 1.00441678e+01 6.64243724e+00
  7.14044364e+00 4.98789345e+00 3.59300913e+00 7.73006938e+00
  2.58428405e+00 2.50269855e+00 2.76956006e+00 2.13148344e+00
  4.69985496e+00 2.16214761e-28 1.31495427e+00 5.35660494e+00
  1.33850732e+01 2.23985007e+01 5.08409822e+00 4.92453768e+00
  1.15747662e+01 2.14884844e+01 4.90679631e+01 1.28155788e+01
  1.59151493e+00 2.29632830e+00 1.07393932e+00 6.82064104e-01
  2.97005277e+01 1.66007355e+01 3.53289749e+01]]