[[10.61961417  7.68337913  9.75904862 13.96208729 29.56883908 25.00573238
  47.54701869 55.27932988 52.54916773 52.75583163 14.18436653 16.42855233
  23.1627508  29.16128636 45.15477811 52.76851278 12.86074121 21.65754183
  47.82334308 50.43163848  9.51700167 24.44212563 36.9525631  48.01660587
   5.44151023  5.38072737  9.80458158 11.12299487 16.42942758 15.45530911
  37.4585892  42.90994213  1.7824336   1.68377026  9.92680657]
 [ 7.99012374  8.38606422  2.35645501  3.46605077  7.85079869  4.99150887
  12.93705276 10.52917782 14.33986894 11.90295618  6.26311838  6.60184949
  31.9506003  19.42267874 19.37185074 11.16115219  9.27197185  7.5541317
  11.33077102 12.30488167  5.24296087  4.57605053 19.1906289   9.73641187
   5.59154483  7.01618039  8.0577564   8.0024198   8.41315219 10.06552437
  24.00856501 13.66252681  8.52404325  2.77768572  6.82048531]
 [ 7.6063742   4.87679215  8.83125537  4.24338923 16.30969253 17.6759786
  23.25674793 19.88070355 24.40216931 20.52433182 11.64626067  7.81838342
  32.65853126 28.87597959 35.85616675 31.319253   12.00964581 18.52204327
  27.24587367 20.68920926 14.15569877  3.5906254  30.73886336 32.91771571
   6.87129029  3.77603715  6.79409384  7.44021068 14.0995999  13.56858301
  46.19913298 33.95759185  5.92284869  2.8762556   9.56156403]
 [ 5.61192601  9.10018969 10.42552975 14.74061275 24.36339764 16.62653141
  36.78815505 41.69854138 38.47359183 40.13491416 10.17724751  9.59845831
  25.1673016  35.47342863 37.95595755 39.99970046 11.35505216  6.29252041
  35.88362276 37.61568809 23.31220801 19.12237788 36.13455876 35.24595684
   5.52484988  7.46332926  7.49628021  7.63464833 13.33874038 14.69921231
  40.41190082 33.61638102  4.34703723  3.9702139  13.92465044]
 [ 8.84856868  6.21881532  5.93040742  8.87669365 13.43090497 16.64751164
  20.89028112 23.9559012  20.47801972 19.02030104  7.70114208  8.45149171
  20.03335456 23.44273606 29.43060003 24.15972183 12.41716203 12.85765518
  26.69800966 20.03202528  9.1341874  12.08389172 24.28805415 23.31443009
   5.40263394  5.83694314  7.33498035  8.4000297  11.67406472 12.00946277
  40.4494407  28.1345473   6.91941326  4.43530929  4.68810181]
 [ 5.02388579  3.48538212  3.15087626  4.24866691  8.94424204 11.33727919
  15.69664175 17.90040193 17.20633413 17.60047379  3.56220698  7.05960748
  11.93955236 18.00174987 16.81629631 18.22864859  7.07288636  5.34228941
  16.45991439 17.41676256  4.29592011 11.20526942 12.45642463 17.0412764
   2.51180855  3.07456069  5.58801854  6.43083025  7.29955634  8.29104542
  13.63235486 12.75133107  1.38906093  1.4280529  12.6597921 ]
 [ 7.38617768  2.79453828  3.34559803  0.95620004  8.41615414  4.78732115
  15.37859968 21.17736779 14.09782944 17.35174427  8.81530327  6.91084251
   9.5969642   1.04232489 19.97550235 23.14371309 10.41863407  4.75342724
  24.86572591 24.39359124  6.52495824  8.48254784 13.88266716 14.38690915
   2.2153851   1.88889329  2.46943495  6.12485183  6.18430159  6.78574585
  19.18743235 22.97781974  0.68896153  0.46195919  1.09752404]
 [ 3.24453548  3.34406824  4.19420921  7.69264617 11.12987223  7.59100893
  14.38585717 14.25205983 14.47280216 14.60873443  6.56455656  6.88578544
  15.25172439 15.72497012 19.78908887 17.00290647  7.01476054 11.35257063
  15.79001106 14.74057281  9.06212171  8.78732222 17.57687219 12.38138006
   3.68998327  4.59879613  3.2276794   4.12151883  8.50801558  9.57626844
  23.64650594 16.05020892  3.82470755  2.20745416  4.74362059]
 [ 4.17889376  4.75354407  2.96007413  4.40404669 15.09624974 11.17935283
  23.10683114 26.97043527 21.67127036 22.7272638   4.67927267  7.94466581
  14.13733891  9.71933822 21.0281101  21.9545547   6.25629594  9.5205302
  20.68157079 21.09188257  5.69805438  4.92373779 20.05168316 17.56839968
   4.10018207  5.63282059  4.32049771  5.14331942  6.96995846  9.74571264
  18.9780951  17.11173307  6.6785603   1.55210117  8.57483821]
 [ 1.69687155  2.22762935  1.19611999  0.30627986  1.0932628   0.96547768
   2.20055165  0.42034951  3.45236458  0.95896819  1.19865406  0.11933087
   2.7935267   2.63848791  7.64360949  4.33628485  3.45408349  0.52479479
   1.80003444  0.80055499  0.73715927  0.22917612  0.40320428  0.40542074
   1.26829624  0.09734779  2.29416364  1.06804135  3.25953551  0.55922957
   9.79293811  4.95230117  0.41381106  0.31373187  2.5813623 ]
 [20.35548394 16.00024577 20.81580231 17.02001186 31.32316908 26.57398706
  44.02403678 40.24875214 29.89530935 34.51755515 19.23093016 14.21875976
  37.10864719 32.98611671 33.67404816 41.16548949 16.0972831  32.86141701
  33.80111485 30.0449076  26.50782932 18.91336117 37.28814758 33.36669127
  19.01019011 16.13628932 16.11938912 15.48459105 20.51153567 19.77483179
  35.06719315 31.95519729  6.98532859 11.54860274 17.30406804]
 [ 7.55195991  6.86201005  3.34792898  3.16842098  6.92019818  7.81103908
  13.49016738 13.89395475 18.1395749  19.35962187  8.44847763  6.42511389
   8.76458819 10.13976052 12.97504123 13.08089804  9.37339615 12.06122637
  14.6408911  18.7883871   6.01196652  6.46716912  9.64401528 10.47679389
   7.66445684  5.60547332  6.86713357  8.83439503 12.45785136  9.22479582
  14.12140492 12.77172516  3.26665718  6.98399523  7.53738781]
 [ 7.40043593  8.28731297  7.1653648  11.79501679  5.10866759 19.50014922
  23.43052451 25.08938125 27.11098213 24.07749143  7.57960756 13.46318442
  21.15077883 23.62435703 28.4855318  27.25881433 15.77900704  1.44808106
  19.58303386 20.43689164 16.10273438 17.36578279 26.97330959 23.67600109
   3.17961481 17.43470917  5.16382441  7.88357146 10.81520797 18.80274417
  29.14857572 23.19211116  1.34380287  0.8308493   5.77787994]
 [ 7.30162036  5.46295379 11.41336024  8.28922936 15.22856607 14.96004587
  26.74040002 26.88793935 24.58471163 24.89203248 10.6544423   7.77873308
  24.17439958 14.41972795 28.80019085 24.66324397  9.31060124 11.11435819
  18.92596877 21.47986015 14.11096916 11.20525107 24.25468861 20.13380822
   8.51066657  6.4683489   6.54514592  7.89234805 12.33016756  9.13212284
  25.0245297  22.86514363  5.42065532  3.38567461  9.30372345]
 [ 8.87597648 11.80859043  9.59770173 12.12733789 27.39621207 31.98745316
  41.79066944 46.45360021 44.64768633 45.16156293 20.38276012 18.65138664
  37.34091602 32.74949605 45.93637746 55.2555803  21.21491572 14.26559559
  50.46335881 43.01687089 20.46593792 25.41804665 37.62286166 43.68547772
   7.24578746 10.13722186  8.06916085  8.23390412 24.11434826 26.60425234
  51.09647413 52.91407357  3.56517472  6.47003509 12.4990183 ]
 [ 7.05842938  6.97522029  4.223467    4.76160719  9.54844103 10.52846356
  22.35418529 28.21178257 34.90207629 33.76357016  6.49705859  7.40868386
   8.57239006 10.59340272 21.69894377 23.68309888  8.11437512 19.41151808
  16.433381   31.11144586  5.66358458  3.64185565 15.3082913   7.54897984
   6.78538603  7.43858556  6.86634381  7.38609227  8.34937462  9.69110102
  14.50834971 14.90422176 12.32020013  5.97624806  8.32911077]
 [12.81852947 10.63146407 12.82443187 12.06744759 18.34150939 19.29524635
  33.40095088 31.10948969 39.14777858 36.11768286 10.69316675  9.9490212
  19.18053342 17.40796325 36.69527446 35.51894804 11.21170176 19.95153806
  36.56330508 38.69164246 11.26384532 12.05161027 28.71027494 21.66730572
   6.931302    7.52114424 12.8559685  15.8541412  14.58119016 16.40050393
  31.06872281 30.99207719  3.25175439  5.43399247  8.9778324 ]
 [ 9.79791669  9.74739691 19.44733149 16.83356264 23.41589048 28.10023216
  32.40251644 35.44380125 31.13686078 30.8049585  22.05788884 18.42654455
  34.49752424 45.82073426 38.88146789 42.37227976 23.32636847 35.347018
  40.23161349 28.43187781 23.92922938 24.05067598 38.18210736 41.72702699
  14.09467792 11.97361614 10.81168041 14.05397257 28.09336992 26.27041485
  45.42192243 49.3345534   8.62510659  8.15666063 13.86533169]
 [ 8.32385322  6.87722334 10.52528077 11.8699257  29.26007706 19.35340504
  29.72242862 24.22123078 24.16510953 21.1312972  10.48363845 10.18609578
  25.82853533 15.71927773 28.72515735 23.10894406 10.66795099 28.09404939
  25.48752874 21.47670067 17.74902573 13.31280084 33.92459909 20.57755108
   8.30971386  8.48802427  7.45622047  8.9459141  11.02214624 11.93957037
  26.09491466 17.3015945   5.96636182  3.16072795  6.43689416]
 [ 6.01621446  5.73416004  0.47530205  1.44979997  0.88597688  1.70914575
   9.33095618  3.59171504  6.64983738  9.82368655  2.55699359  2.17519201
   2.52654703 19.46187863  6.13641867 13.78600935  1.81570891  0.73878467
   9.09098993  9.1262278   0.64259602  1.14986108  2.45433874  3.22968713
   1.35280043  3.04977174  6.0637189   5.19543617  1.95213446  1.09173934
   9.18928817 13.49921913  1.13214392  2.60487339  4.46501132]]