[[1.22831050e+00 9.41118051e-01 5.88619183e-01 6.69825495e-01
  1.19463939e+00 5.96713415e-01 5.17334995e-01 4.07985117e-01
  4.79671167e-01 5.87514107e-01 1.36138743e+00 1.61115461e+00
  3.20000472e+00 1.70271255e+00 7.89580676e-01 7.86026190e-01
  1.59237396e+00 3.57730614e-01 1.04364091e+00 5.83654206e-01
  8.17375730e-01 1.08120163e+00 1.16613642e+00 8.54427945e-01
  5.15995233e-01 5.91054711e-01 8.98148586e-01 9.55840554e-01
  1.86851483e+00 2.08941378e+00 1.30663366e+00 1.35563427e+00
  3.97998740e-01 4.18347340e-01 1.93665753e+00]
 [4.17821716e+00 4.49546167e+00 1.48527807e+00 2.15152772e+00
  2.29807552e+00 4.23174431e+00 1.28422479e+00 1.59605926e+00
  1.34966542e+00 2.72938542e+00 5.35252975e+00 8.78712595e+00
  3.28106088e+00 4.94424627e+00 1.28453172e+00 1.50608857e+00
  3.44033257e+00 1.81623492e+00 1.45801236e+00 2.08371664e+00
  5.10635133e+00 6.19849733e+00 1.41740385e+00 1.37899865e+00
  5.29781104e+00 4.66552757e+00 4.23955331e+00 4.19252725e+00
  2.62500530e+00 5.30512860e+00 1.57358303e+00 1.67137001e+00
  3.85897535e+00 1.72262381e+00 6.01574920e+00]
 [1.26854312e+01 1.93980711e+01 5.63238088e+00 2.59243991e+01
  3.70310935e+00 3.16651607e+00 3.13035205e+00 2.90044985e+00
  3.06626345e+00 3.72160935e+00 9.63601357e+00 1.93769997e+01
  3.94145981e+00 8.24527749e+00 3.07741118e+00 3.05731591e+00
  9.29526889e+00 7.73118669e+00 3.04505125e+00 3.49414700e+00
  6.01776005e+00 2.82595536e+01 3.17721335e+00 2.93963430e+00
  1.59985764e+01 2.54498932e+01 1.35628749e+01 1.45933450e+01
  4.35002431e+00 8.20599039e+00 2.69362622e+00 3.13181884e+00
  1.45254552e+01 2.44338646e+01 9.25258264e+00]
 [2.87610708e+01 2.12300988e+01 1.26207982e+01 1.09888575e+01
  1.58858578e+01 2.65876868e+01 9.54424360e+00 5.66466827e+00
  7.34773426e+00 6.29479586e+00 2.24931862e+01 3.16718313e+01
  1.01059930e+01 8.52251411e+00 6.66507799e+00 5.34687728e+00
  1.80636648e+01 1.14436021e+01 7.52537101e+00 7.51654925e+00
  8.90011761e+00 1.96575952e+01 8.34673159e+00 1.26622032e+01
  2.49092902e+01 2.99976941e+01 1.95594374e+01 2.30222576e+01
  1.85184751e+01 2.51792678e+01 6.86857310e+00 7.52652002e+00
  2.14051369e+01 1.38505111e+01 1.45041382e+01]
 [1.88210582e+01 2.33092637e+01 1.89640452e+01 1.48838720e+01
  1.36096391e+01 1.15932263e+01 6.15290040e+00 4.97483369e+00
  5.65713744e+00 6.46656711e+00 2.34285782e+01 2.04053655e+01
  1.32364868e+01 1.03442064e+01 3.96498107e+00 4.33140305e+00
  1.33957288e+01 1.27869837e+01 4.73785851e+00 6.35652212e+00
  1.76043297e+01 1.49655922e+01 5.71763670e+00 6.21133329e+00
  2.71667137e+01 2.68445438e+01 2.08736896e+01 2.04038229e+01
  1.49916302e+01 1.49577096e+01 4.11173345e+00 5.14621013e+00
  2.12952855e+01 2.77270503e+01 1.02085419e+01]
 [1.90568699e+01 3.92577825e+01 1.41518029e+01 3.26658625e+01
  6.11706572e+00 6.45904025e+00 3.03929755e+00 2.36293304e+00
  3.34237402e+00 3.29308181e+00 2.66418395e+01 2.01414033e+01
  5.14999707e+00 2.97956940e+00 2.74303733e+00 2.33457187e+00
  8.87413507e+00 2.40252048e+01 2.33299702e+00 3.56595495e+00
  1.18042135e+01 6.95188756e+00 4.01326125e+00 2.21119649e+00
  2.77078402e+01 1.22162791e+01 1.12504026e+01 1.28088923e+01
  7.48774756e+00 5.79684823e+00 2.98508599e+00 2.38949540e+00
  2.44197783e+01 3.46766448e+01 1.18899402e+01]
 [8.06217468e-01 3.47913406e-01 6.38272998e-01 1.11940265e-01
  8.15660664e-01 4.90855255e-01 8.85300105e-01 9.92085243e-01
  8.41202420e-01 9.33355115e-01 1.15711743e+00 9.47354442e-01
  1.33053258e+00 1.57848272e-01 1.05742551e+00 1.02770490e+00
  1.38979371e+00 4.32429265e-01 1.08914156e+00 1.61258096e+00
  1.01542084e+00 1.05679402e+00 1.02801834e+00 1.00826692e+00
  2.85026217e-01 2.38081556e-01 3.15635501e-01 7.27812738e-01
  9.95303904e-01 1.35936985e+00 1.52002676e+00 1.47791699e+00
  1.53259651e-01 1.15747671e-01 2.34128603e-01]
 [3.38427422e+00 6.42392293e+00 1.88460484e+00 3.30063035e+00
  9.82946242e+00 4.25113430e+00 7.42682817e+00 4.77372086e+00
  9.64656162e+00 5.47727368e+00 7.16130382e+00 1.84197541e+01
  3.12607273e+00 4.03936924e+00 2.90314104e+00 2.02526443e+00
  4.35318313e+00 3.55645696e+00 2.29377019e+00 6.83664816e+00
  5.18258958e+00 9.55641656e+00 3.50910000e+00 3.70439571e+00
  6.34568847e+00 1.40740724e+01 4.26892544e+00 6.89021300e+00
  2.85042474e+00 4.71082133e+00 2.68937851e+00 1.98872648e+00
  4.77569365e+00 3.08764871e+00 1.00406819e+01]
 [2.57507110e+00 3.15678002e+00 1.25777971e+00 2.13573139e+00
  9.56683546e-01 7.51865067e-01 1.48182882e+00 8.74589643e-01
  1.60699285e+00 1.11555995e+00 1.47574722e+00 2.36364213e+00
  1.26197711e+00 1.37800653e+00 1.33934311e+00 1.08330983e+00
  1.98986664e+00 4.59697064e-01 1.19531338e+00 1.38142688e+00
  8.86886782e-01 1.12822984e+00 1.41344798e+00 9.21001400e-01
  2.36327563e+00 2.95469121e+00 2.58766383e+00 2.32992265e+00
  1.50174963e+00 2.15281418e+00 1.51585971e+00 1.36595009e+00
  4.11134696e+00 5.87870946e-01 2.43440115e+00]
 [2.12623516e+01 2.52462529e+00 6.20245558e+00 7.73789420e-01
  1.42589474e+00 5.01986110e-01 1.37644578e+00 1.68728288e-01
  1.68935617e+00 3.78033487e-01 8.34411165e+00 3.62407795e-02
  4.54756235e+00 1.34968181e+00 2.12566835e+00 1.40585122e+00
  7.14674285e+00 1.65982845e+00 5.54388340e-01 3.43782224e-01
  3.25477895e+00 2.32029018e-01 1.98008396e-01 1.90430021e-01
  1.08523826e+01 8.23933816e-02 6.48853845e+00 2.25600820e+00
  8.69023963e+00 2.57798478e-01 2.53704755e+00 2.16356937e+00
  6.64216590e+00 1.01082541e+00 1.24440230e+01]
 [2.06912731e+00 3.07583354e+00 1.99547525e+00 2.06753555e+00
  1.36452377e+00 2.03632753e+00 1.85365174e+00 4.07883951e+00
  4.88898099e+00 3.59577938e+00 3.75343544e+00 3.80472018e+00
  1.88318338e+00 2.10577968e+00 1.87158781e+00 1.66121527e+00
  2.09724871e+00 1.69469126e+00 1.88513497e+00 3.92634144e+00
  2.82302700e+00 2.87477051e+00 1.52988333e+00 1.58775032e+00
  4.62579652e+00 4.19112380e+00 3.80677382e+00 2.12554417e+00
  2.19763261e+00 2.66676474e+00 1.92576477e+00 1.90663837e+00
  7.29788451e+00 6.47603433e+00 4.09457991e+00]
 [8.47259398e+00 6.61639175e+00 1.52306283e+00 1.57733545e+00
  5.58365216e+00 9.56081621e+00 2.40091109e+00 4.33318833e+00
  2.25467034e+00 2.56230000e+00 3.41443282e+00 3.10664683e+00
  2.80063679e+00 4.02059696e+00 2.38483524e+00 2.89978750e+00
  3.02069375e+00 2.42266025e+00 2.72161995e+00 2.48670109e+00
  2.61325018e+00 4.05602990e+00 2.18763227e+00 4.67795833e+00
  5.91108806e+00 5.16366121e+00 8.20692673e+00 4.19494419e+00
  3.10586009e+00 3.02685692e+00 2.90888648e+00 3.05832925e+00
  5.01199629e+00 6.26554913e+00 8.24084180e+00]
 [2.64589922e+00 2.85266345e+00 2.15427388e+00 2.98671486e+00
  7.80878601e-01 3.82948331e+00 3.10640945e+00 4.70533821e+00
  7.29227370e+00 8.34333932e+00 3.17027653e+00 4.48101879e+00
  3.89262142e+00 4.66237436e+00 3.71719366e+00 4.23080668e+00
  5.36310704e+00 4.97230395e-01 3.80201153e+00 6.75816239e+00
  6.10059716e+00 4.50123463e+00 3.42159899e+00 4.02262886e+00
  1.18465025e+00 5.33731584e+00 1.73781111e+00 2.53568449e+00
  4.29613574e+00 5.86874758e+00 4.42293534e+00 4.47455487e+00
  6.25588486e-01 4.07010635e-01 3.04925548e+00]
 [9.14484681e+00 1.14925850e+01 2.24689511e+00 3.16748828e+00
  8.81960741e-01 1.03309386e+00 7.33705924e-01 8.93397260e-01
  1.04195509e+00 1.17318537e+00 3.57327066e+00 2.24644912e+00
  1.08285982e+00 1.58894398e+00 7.47094685e-01 1.27502102e+00
  2.30183843e+00 4.06824336e+00 8.86618060e-01 1.21788079e+00
  1.58911404e+00 1.22811708e+00 6.87968450e-01 1.47740012e+00
  6.37919022e+00 7.44196962e+00 8.77202928e+00 3.82408819e+00
  1.92668704e+00 1.46263142e+00 6.82551299e-01 1.53786467e+00
  1.45331536e+01 1.20717334e+01 7.57733826e+00]
 [1.80258425e+00 2.47761172e+00 6.63501056e-01 1.05360091e+00
  1.72085700e+00 1.42888350e+00 9.85174398e-01 8.89006921e-01
  9.92467458e-01 7.68343745e-01 1.58587144e+00 2.11731130e+00
  1.27377910e+00 1.71505101e+00 8.90827740e-01 7.41250459e-01
  1.66146357e+00 1.60637223e+00 8.07876720e-01 9.19021122e-01
  1.02196620e+00 1.39475634e+00 1.03245640e+00 1.25167412e+00
  9.68519240e-01 1.86332555e+00 1.60319595e+00 1.14404520e+00
  1.70685241e+00 2.04053477e+00 1.06228709e+00 1.03449393e+00
  9.76386754e-01 2.06508316e+00 3.59604961e+00]
 [1.64394630e+00 2.08053288e+00 1.39958556e+00 2.12930231e+00
  2.91530004e+00 1.80863723e+00 2.02718509e+00 1.35645674e+00
  1.05116374e+00 1.09705677e+00 2.30080269e+00 4.09196483e+00
  3.09010713e+00 2.83065129e+00 1.94089304e+00 1.77937005e+00
  2.32434684e+00 1.76229615e+00 1.78853270e+00 1.18120340e+00
  2.29243410e+00 1.36198842e+00 2.91894299e+00 8.17826609e-01
  1.76719536e+00 2.68477222e+00 1.93285212e+00 2.20767349e+00
  2.81572866e+00 3.84894686e+00 2.44711234e+00 2.32713734e+00
  2.16309488e+00 1.51002112e+00 2.35301803e+00]
 [7.85758517e+00 9.67056196e+00 1.16267016e+01 1.12521334e+01
  1.25029495e+01 8.48216241e+00 3.34353445e+00 3.63395937e+00
  5.99317696e+00 5.37156144e+00 1.94613545e+01 1.93239404e+01
  1.09869808e+01 8.75815240e+00 2.67946501e+00 2.97616037e+00
  4.21757321e+00 1.10564271e+01 2.31164209e+00 6.35105292e+00
  2.01146638e+01 1.54555054e+01 6.12299300e+00 1.09820228e+01
  2.78014503e+01 2.20040016e+01 1.24699361e+01 8.84229134e+00
  9.35513029e+00 7.06778665e+00 2.58984467e+00 2.84711288e+00
  1.79545725e+01 1.48841254e+01 1.17230770e+01]
 [3.73601494e+00 3.72734936e+00 3.36203713e+00 4.10452694e+00
  9.18626967e+00 7.09122793e+00 2.68510943e+00 5.20889021e+00
  2.28159923e+00 2.39625648e+00 2.85797495e+00 3.79415898e+00
  6.60369785e+00 2.63469612e+00 1.90967084e+00 2.60923563e+00
  3.11770649e+00 2.41220727e+00 1.69505035e+00 2.42044343e+00
  4.16487599e+00 4.25124960e+00 3.39945957e+00 4.67131558e+00
  3.54692553e+00 3.40793999e+00 3.71404089e+00 3.44105077e+00
  2.62172738e+00 3.55294667e+00 2.04063530e+00 1.85017181e+00
  3.95552598e+00 4.25431142e+00 5.75615831e+00]
 [6.17987526e+00 1.09585584e+01 6.27824294e+00 4.42836168e+00
  4.87007479e+00 2.67459039e+00 1.56767230e+00 2.23300130e+00
  1.04943865e+00 1.32196762e+00 4.13249540e+00 1.03296209e+01
  1.83247239e+00 3.22244402e+00 9.61468622e-01 1.22706624e+00
  3.95040702e+00 1.56165091e+00 1.18300489e+00 1.17827222e+00
  7.40842223e+00 9.60278033e+00 9.30469822e-01 1.53304133e+00
  5.15310640e+00 1.53668219e+01 8.22299142e+00 5.66718978e+00
  3.25611530e+00 3.90403153e+00 1.13031213e+00 1.22736696e+00
  8.95961024e+00 6.70953685e+00 9.59735947e+00]
 [2.45622215e+00 2.23603769e+00 2.53483269e-01 8.21556543e-01
  1.06610029e+00 2.05981023e+00 3.56823907e+00 8.26827547e-01
  1.40054694e+00 1.16063281e+00 1.24549112e+00 1.64291805e+00
  7.06411414e-01 2.80585815e+00 8.76795040e-01 1.39252045e+00
  9.20891392e-01 4.47427442e-01 1.08730958e+00 1.45235997e+00
  7.83155466e-01 3.28279653e+00 6.28630873e-01 7.70966396e-01
  5.57005041e-01 1.16330371e+00 2.27453369e+00 2.05115254e+00
  1.03848794e+00 9.31955522e-01 1.26382868e+00 9.56306002e-01
  7.47003323e-01 9.97429885e-01 7.68417292e+00]]