[[ 8.04352479  5.87734125  6.27314247  8.35679913 14.67280921  8.77087456
  14.75494067  9.90791473 12.94720298 13.56841153 12.13310461 13.4054204
  14.89129671 14.41944914 13.30633201 11.3247315  14.72293625  6.65825009
  12.77305449 14.31533953  6.46838647 12.65535549 15.13231054 12.66166336
   4.10094323  4.20384105  7.42492896  9.89309854 17.58514943 15.88191532
  13.56530153 12.71615295  3.09752453  1.00731178  8.85330207]
 [ 9.38092719  9.7460433   8.32547785  7.4654451  16.36182778 13.91578967
  17.44184553 17.55676469 13.48309173 13.76538444 13.60290463 10.72876362
  14.65103709 19.07981426 15.82683092 19.94113678 15.30902292 17.95587144
  16.2790663  13.2072505  14.11997867 10.2809668  17.44041146 20.28837003
   8.91253741  8.65644888  9.62282583 10.29974612 19.23164684 15.21366238
  15.90849948 23.40480513  8.64426441  4.23070269 10.65824449]
 [ 8.66582507  5.71430574 13.02337251  4.51251707 16.1320911  14.16870272
  17.47670096 14.0784611  12.96168223 12.99161167 11.705113    8.92544447
  12.51176944  9.65802012 11.50530001 11.39175957  9.44525337 13.54183031
  10.59398405 12.95522655 15.53905079  3.15802037 14.5449794  11.94198572
   7.0893512   3.76789707  8.08613555  7.00032957 10.73283106 10.18300625
   8.86133219  9.77229947  7.22465706  3.53083263  8.69402197]
 [ 3.17249105  4.17856619  6.75890933  7.71694337 10.77571448  7.02040297
  13.95477895 13.77235926 12.64033278 13.11635894  8.12609166  4.9088071
  15.67388045 15.05567455 13.71451135 13.07646202  9.68285663  4.83319948
  12.83250313 13.91991623 14.99005935  8.67806919 16.471856   14.0990199
   3.37886756  3.37355533  4.76326821  4.8235245  11.06597378  7.87630779
  12.9349561  13.76975652  2.57127962  2.15659015  8.09632301]
 [ 7.95925934  6.63808877  7.20114469  9.00703887 13.16911147 12.26414151
  15.85005819 15.22905614 14.61321996 12.92148576  7.6770697   8.88994219
   8.84686955 12.2514198  13.53152158 13.41498455 10.9429207  12.00756314
  13.17257707 14.17052299 11.08983013 11.55868526 14.84382004 14.68423353
   4.3793425   4.31259163  7.34697408  7.83083523 11.22309142 11.54559704
  11.73560882 13.00159988  7.43285706  5.24180542  4.31756982]
 [ 7.07776735  4.30969675  5.5379908   6.0345118  13.83683843 15.41152405
  17.49651881 16.35262511 14.6062089  15.27316699  5.26806272 11.76516321
  12.40248465 13.53077947 14.13155661 14.43063266 13.32529782  5.72668849
  13.21827054 15.22739257  6.94115012 14.21741016 15.33979134 16.21347037
   3.09502544  4.41041236  8.63308997 10.07062177 12.23385633 14.59170096
  13.54818396 12.51923231  1.90569941  2.11440374 13.1427172 ]
 [ 7.03555178  2.65583235  5.69937745  1.01865489 10.33757728  5.30391528
  12.09220134 14.86874283  8.36189834  9.01225805 11.39881503  8.21050944
  11.63850919  1.00782021 14.30612739 12.8936323  13.4979025   4.01259145
  15.83442842 13.6682681   9.88055198  9.98947226 13.71532571 12.00616933
   3.64034719  1.86357716  2.38441978  6.91441303  7.95806038 10.0426013
  14.67722497 14.77446425  0.85252256  0.59786746  1.54016325]
 [ 7.56489043  6.77638079  8.97888591 17.37860684 17.55476776 15.23184539
  17.26738354 16.16235692 14.16482593 14.97443005 12.82747014 13.02077182
  18.06361248 18.05997505 17.06982914 15.10697185 16.69057699 15.47086604
  16.00246721 15.11495908 16.98877312 18.08205656 19.18571542 17.84875297
   8.23950651  7.92427737  7.31010277  9.46264671 17.07468042 19.46550724
  17.60843798 15.48264871 10.00993538  4.44875495  6.23158696]
 [ 5.94095611  7.07903754  4.59017171  9.69405974 12.31299445 10.10352934
  13.74515514 10.51983146  9.58233191  8.54750135  5.06600793 10.54770247
  14.63498766 11.36089981 11.186957    8.47494096  6.77066207 10.52697689
   8.32574352  9.99839904  6.25616533  9.32385217 15.65724446  9.80385565
   4.87995421  7.78654756  6.60790077  6.41459169  6.48175764 11.81233253
  13.21843649  8.11115292  8.12702254 10.31532397  6.46967888]
 [ 2.06574151  3.83235405  1.6383365   0.46163512  1.54775555  1.32561113
   2.42279805  0.45035976  2.11847175  0.70037794  1.39202402  0.29904934
   2.97770993  3.59041564  5.70372137  3.59721125  5.73635995  0.84937346
   1.34289142  0.6455271   0.64811713  0.28579835  0.54093798  0.49787789
   1.1703588   0.18919133  3.94342948  1.5674112   4.70398904  0.77508525
   9.60712437  5.11372821  0.50665573  0.52116819  2.65261721]
 [11.1880115  11.01251004 12.70521716 12.94618984 11.7037782  12.72939738
  11.07220576  9.6929445  12.50241161 11.07235036 12.46497879 11.95573417
  10.0769486  10.96566645 10.82499531  9.80969098 14.88418501 12.37985969
  11.33440314 12.33153704 13.06511097 13.57062189 12.03936925 11.41202618
  11.68343055 11.96658071 10.44716086 14.68921453 12.93047091 12.50633665
  10.92570087  9.53343392  9.27990562 12.51144484  8.35483255]
 [13.50950243 12.09615651  9.28234733  8.69840917 16.38130927 16.40457201
  23.24873082 24.12078223 19.2855525  20.92129431 18.16219369 14.07260839
  19.12089755 19.84324554 21.26010952 24.40728686 20.54372246 21.7535273
  23.53979702 21.68442747 14.31456756 13.57054714 21.34247342 21.17510976
  15.99704078 11.15358511 12.65401386 17.40663166 24.65944909 21.50619979
  23.89800876 24.9038681   6.49437704 10.11393354 12.91916229]
 [ 3.85440236  3.95768125  5.90050014  7.18931563  2.74496546 10.77281791
   9.23621064 10.76887518 10.42113418 10.42028172  4.74315608  7.03762074
   9.41619265  8.43452646  9.60607597 10.09406754  9.6214524   0.73219933
   9.37765049  9.86093498  9.78456963  8.83060205 10.70614811 10.51971001
   1.92374068  8.28538185  2.49789445  4.16704211  7.59227154  9.01411085
  10.86573932 10.5817233   1.01544131  0.68755043  3.99141367]
 [18.66480477 14.55620877 42.21165704 31.54079788 48.73680602 44.43420975
  42.37780556 42.52421174 44.23707461 43.89361164 35.79077844 31.87832972
  40.30445807 38.66145566 40.71585205 43.4661241  36.96814564 35.67497129
  51.4407191  46.72384723 44.59315807 39.10796661 43.75125001 43.33161141
  27.19262232 22.13629093 18.53741805 29.46310219 41.64800204 37.34945129
  44.58114909 42.68247176 10.26298324  7.07570924 21.34978045]
 [ 8.95291656  8.96498826  6.40821144  5.75478708 11.66551457 12.72876299
  10.56116725 10.53554714  7.88232063  8.78670349 10.29047696  7.16528106
  10.89648131 12.08722312  8.13717981  8.05571782  7.95193237  6.74510107
   6.53979787  8.58764644 10.70996809 10.08286116 10.90484417 11.40715056
   5.34327805  6.4672259   6.92396825  4.73003774 11.09805761  9.08296969
   7.57604997  8.36844721  5.29957099  6.69120186  9.80345857]
 [12.55851946 13.48521054 10.80295235 14.88931579 22.25188074 20.97409173
  23.07851479 18.84603959 16.79689878 17.15405773 12.64002773 17.55020421
  20.77743916 21.49136378 19.70365019 18.70119566 15.63614866 16.26986447
  18.44861964 18.74000746 13.81974645 10.60957073 24.20727354 10.60119597
  12.11346776 15.24794485 12.83998052 13.32080513 15.7244555  20.46604923
  18.68370505 17.86567224 12.35009091 11.08943592 12.12330408]
 [10.8326833  10.70917563 14.38324689 13.32489087 15.43253055 16.51658969
  19.20179616 16.14462168 12.91151778 12.71447139 11.7328876  10.00158092
  16.14670827 17.74430197 17.93993631 15.1674273  11.73831994 11.20720126
  14.94925998 11.87309995 11.73964468 13.20797666 18.52575299 14.25351166
   5.60983268  7.8310551  10.69322273 14.54510278 15.67187964 18.03647505
  15.17422809 14.7994459   4.92463361  7.80546914  7.94156126]
 [16.86433538 17.88215743 24.28102238 23.14313761 24.15990929 17.87474557
  23.0734691  17.26482216 18.51331051 15.6969607  21.54708557 21.09438242
  22.35419536 18.30497396 19.33168551 14.51661691 19.22603808 20.46209665
  16.1328636  17.39310853 26.54607571 20.44813599 23.84878394 17.39490184
  18.35110434 18.39288245 18.19332506 18.59084448 19.58658375 18.28566112
  18.0642934  15.54632147 17.60137885 14.75225483 11.4140769 ]
 [ 8.12670173  7.2972635  10.06891533 16.38753377 27.2831677  20.77772042
  25.50190923 19.60806093 17.93875966 16.09486579 11.80524857 15.59025057
  29.69517067 26.15332122 25.15818864 21.5169978  19.97630565 24.909073
  18.43193021 16.08955212 17.61239758 19.13599685 30.31309183 21.84341762
   8.12501163 10.2545818   7.78256434 12.97839192 19.02932685 23.8783036
  25.91030961 17.17299496  8.9923912   5.12768681 10.10533392]
 [10.51421548 12.18385624  0.89455686  2.83900558  0.52960222  1.40741333
   5.85813272  2.1103743   3.41415846  4.23981375  3.37283171  4.80652706
   1.10288261  5.28959937  2.82769783  6.27793802  3.44849604  0.65869615
   5.73432018  4.68477957  0.4549334   1.51926649  1.24361831  1.79296924
   2.34702699  6.65394383 12.14557635 10.0497272   2.45901759  2.35842331
   5.08415721  4.74437574  2.11715932  5.92898815  2.75987393]]