[[1.60323272e+00 4.42180471e+00 2.24190988e+00 2.30479659e+00
  4.26372556e+00 3.33125902e+00 1.60721120e+00 1.71827448e+00
  1.46009176e+00 1.53257203e+00 1.05833892e+00 1.11483025e+00
  2.19242720e+00 5.06044598e-01 8.64613501e-01 7.50094328e-01
  4.33826160e-01 9.88880052e-30 4.86456469e-01 1.38610045e+00
  2.40623341e+00 1.56753422e+00 1.81772310e+00 1.18800610e+00
  1.44320768e+00 2.43798695e+00 1.86233206e+00 6.24529339e-01
  2.91112752e-01 3.18924354e-01 3.82547425e-01 2.28085626e-01
  2.35156387e+00 2.78237880e+00 2.71980051e+00]
 [5.42315224e+01 6.33747698e+01 7.02332458e+00 1.19685844e+01
  3.71022572e+00 5.14248539e+00 1.94129249e+00 2.40058921e+00
  3.32173353e+00 7.22639231e+00 5.63301895e+00 1.63159101e+01
  4.55850113e-01 8.44473139e-01 1.09769575e+00 1.20044584e+00
  3.56819272e+00 5.54869271e-29 8.77611753e-01 5.60189790e+00
  4.17896519e+00 6.93644124e+00 1.13802840e+00 8.62737766e-01
  2.54795363e+01 3.43052793e+01 5.96861621e+01 2.15081625e+01
  8.70588227e-01 1.51781411e+00 4.54490413e-01 3.74751519e-01
  3.89852402e+01 3.51999829e+01 1.68975705e+00]
 [4.80991705e+01 1.10582811e+02 1.07035724e+01 9.01109457e+01
  3.79826626e+00 2.01749795e+00 2.38123335e+00 2.35136609e+00
  2.73457023e+00 2.67328440e+00 8.05357195e+00 7.34945080e+00
  7.58949513e-01 2.25154355e+00 1.66827809e+00 1.38892589e+00
  5.43720689e+00 3.35717774e-29 1.16801625e+00 2.67793607e+00
  3.01214172e+00 7.65187588e+01 1.69155716e+00 1.47595274e+00
  4.59982217e+01 1.37878006e+02 5.42345462e+01 2.48626506e+01
  8.88605074e-01 1.84249473e+00 6.96312792e-01 5.36241976e-01
  3.13858445e+01 1.01196737e+02 6.18828346e+01]
 [2.84322463e+02 1.18869351e+02 2.08755222e+01 2.17411352e+01
  3.99045191e+01 5.46376621e+01 7.10603410e+00 7.64123064e+00
  7.15485999e+00 7.62333540e+00 2.01606501e+01 3.71397159e+01
  3.12568461e+00 3.64214331e+00 2.11082860e+00 2.31211319e+00
  9.81224434e+00 4.51432660e-30 1.57708328e+00 7.16669128e+00
  1.94249468e+01 1.96016880e+01 8.55710857e+00 7.26810529e+00
  1.06232274e+02 5.35045642e+01 8.84090884e+01 7.55639477e+01
  3.49435086e+00 3.32753267e+00 7.07272421e-01 7.54608447e-01
  1.83722824e+02 1.14034105e+02 2.86273805e+00]
 [1.28669835e+02 1.16358482e+02 3.13440349e+01 1.58955978e+01
  3.62718943e+01 4.38342479e+00 4.39465859e+00 3.61395020e+00
  1.20782574e+01 7.27897284e+00 9.76381392e+00 1.45660289e+01
  5.39475763e+00 1.89246486e+00 2.99563049e+00 2.07057723e+00
  4.86966861e+00 1.25120775e-29 1.61724135e+00 8.97358550e+00
  8.34253376e+00 6.25584814e+00 1.04385357e+01 2.71574836e+00
  6.22455521e+01 7.19979095e+01 8.20937240e+01 2.03222665e+01
  1.46251170e+00 3.14519009e+00 1.16672460e+00 6.56165299e-01
  9.58444570e+01 7.87975814e+01 1.78653430e+00]
 [3.80308593e+00 1.29136415e+01 9.94984296e+00 1.18043883e+01
  4.62401060e+00 1.09986744e+00 1.08272914e+00 1.17651317e+00
  1.60108064e+00 2.29068821e+00 4.83274701e+00 1.83537047e+00
  1.04291857e+00 4.02065532e-01 6.21926251e-01 6.44243426e-01
  7.52664289e-01 1.64373897e-30 3.79707928e-01 1.78082013e+00
  8.88908910e+00 9.91993297e-01 1.57861714e+00 6.49959848e-01
  1.41973218e+01 3.66493943e+00 3.57313104e+00 1.67648963e+00
  5.00145409e-01 3.03811202e-01 3.49769546e-01 2.41951606e-01
  1.99102967e+01 1.99710566e+01 2.63314333e+00]
 [2.27391232e+00 2.75350653e+00 2.51746874e+00 2.66318769e+00
  2.28358678e+00 3.15838779e+00 2.57451071e+00 2.78718609e+00
  3.94654228e+00 3.30546191e+00 9.69184802e-01 1.44127711e+00
  1.01835312e+00 1.39191114e+00 1.38480939e+00 1.32433239e+00
  8.86103550e-01 6.88209167e-30 9.81942758e-01 3.55632152e+00
  1.65393590e+00 2.19465982e+00 1.66889579e+00 1.89307989e+00
  2.34955916e+00 2.20395717e+00 2.76094553e+00 1.22599973e+00
  6.02809138e-01 6.81530198e-01 6.53375221e-01 5.50634739e-01
  6.47213802e+00 5.45890851e+00 9.66765558e+00]
 [5.26580662e+01 4.39940006e+01 1.00207211e+01 3.34957537e+00
  3.60828408e+00 8.58650584e+00 6.93308179e+00 6.66152370e+00
  4.47963801e+00 8.03960324e+00 5.67412135e+00 4.37773839e+00
  6.84775583e-01 7.51776318e-01 1.17810322e+00 1.65020677e+00
  2.40095736e+00 1.28564852e-29 8.63378742e-01 5.35609962e+00
  2.45519851e+00 1.43847102e+00 1.46480352e+00 3.36432680e+00
  2.13307217e+01 1.77678811e+01 3.38743249e+01 1.13208683e+01
  7.57840266e-01 6.02903645e-01 4.40546918e-01 5.34366649e-01
  4.95149104e+01 3.84638716e+01 1.62508125e+01]
 [5.68900473e+01 5.15793297e+01 6.82624519e+00 5.15385810e+00
  9.42701931e-01 6.70491665e-01 1.39847687e+00 1.43793841e+00
  2.32894101e+00 2.72107044e+00 2.70536405e+00 1.97832971e+00
  3.21241874e-01 3.71095433e-01 7.23841578e-01 6.78949715e-01
  2.24481975e+00 1.06189059e-29 5.31216477e-01 2.61494210e+00
  1.24127881e+00 1.17947680e+00 7.30595524e-01 6.26525993e-01
  1.36055686e+01 8.95057197e+00 4.09510500e+01 8.83995829e+00
  5.25367498e-01 4.35397925e-01 3.01666956e-01 2.56665090e-01
  2.73093123e+01 3.74491954e+01 8.83229246e-01]
 [1.31103287e+01 3.92079970e+00 4.84217034e+00 4.13256949e+00
  3.03044484e+00 1.82452255e+00 2.69949338e+00 3.68250052e+00
  2.79915429e+00 2.93456997e+00 3.19350039e+00 3.36623682e+00
  3.30491300e-01 5.29214659e-01 7.83151516e-01 7.04333053e-01
  7.39212322e-01 2.18533678e-29 5.37384999e-01 3.26362102e+00
  2.93286880e+00 4.11054675e+00 2.05207820e+00 2.22289265e+00
  1.28927311e+01 4.31273286e+00 2.80070990e+00 2.00270655e+00
  4.05192461e-01 4.94116710e-01 2.41567139e-01 2.40982899e-01
  1.24328696e+01 2.42649400e+00 4.66214199e+00]
 [1.95483482e+00 1.85519406e+00 2.12266315e+00 1.98423343e+00
  1.55098748e+00 1.57067569e+00 1.88972422e+00 4.29617569e+00
  4.29487200e+00 3.25266271e+00 1.00060770e+00 1.30846304e+00
  6.06485378e-01 6.26336418e-01 9.98667178e-01 8.96532787e-01
  5.76576254e-01 1.28727557e-30 5.53851470e-01 3.31374167e+00
  1.29753015e+00 1.39007829e+00 1.01192435e+00 9.44743543e-01
  1.65789562e+00 2.72375714e+00 2.97522440e+00 1.15077063e+00
  3.37454697e-01 3.59044798e-01 3.77371117e-01 3.86945955e-01
  3.15425619e+00 2.50686351e+00 1.12887546e+00]
 [1.54395927e+01 2.25451867e+01 3.98210214e+00 5.36149875e+00
  1.33924049e+01 1.61968353e+01 3.32518439e+00 3.68566094e+00
  4.95385230e+00 3.83255552e+00 2.02242662e+00 2.44406144e+00
  8.07894510e-01 8.70917281e-01 1.43355975e+00 1.52945183e+00
  1.56355905e+00 2.49926012e-30 8.99699364e-01 4.25738093e+00
  2.39893204e+00 2.21365557e+00 1.71709760e+00 8.11897418e+00
  6.52398848e+00 9.90264963e+00 1.86889778e+01 4.17732315e+00
  6.12613828e-01 6.30420083e-01 4.85439763e-01 4.41346293e-01
  2.42584050e+01 2.37699040e+01 6.25064246e+00]
 [1.52875861e+01 1.36114136e+01 4.16836238e+00 3.58827516e+00
  2.44386078e+00 1.91190602e+00 2.71262943e+00 2.75273129e+00
  4.52928979e+00 5.90662803e+00 2.21318926e+00 2.61650047e+00
  1.06378000e+00 9.56625897e-01 1.79125403e+00 1.54239599e+00
  1.81236132e+00 1.03782673e-29 1.21364357e+00 4.88938679e+00
  4.34051911e+00 2.15325006e+00 1.77933130e+00 1.59115538e+00
  5.81491932e+00 5.91375234e+00 1.16644525e+01 3.85517773e+00
  8.82426770e-01 9.09624422e-01 8.53041153e-01 6.48436141e-01
  1.06992619e+01 6.49444733e+00 6.17671406e+00]
 [4.63490857e+01 4.93735259e+01 4.07935604e+00 7.05221130e+00
  2.67935164e+00 2.98164443e+00 2.87601209e+00 2.99315919e+00
  3.67581934e+00 4.24211845e+00 2.63605974e+00 4.74386231e+00
  1.02521969e+00 1.48297697e+00 1.80957660e+00 1.87108414e+00
  2.99257794e+00 1.27986288e-29 1.18381391e+00 3.49127432e+00
  2.40292592e+00 2.60896644e+00 1.86203755e+00 2.40039756e+00
  1.05009057e+01 1.54009630e+01 3.79340608e+01 7.80298035e+00
  9.85459475e-01 1.39700149e+00 5.77133365e-01 7.53649309e-01
  8.16763447e+01 3.93402876e+01 3.35954311e+00]
 [9.87045977e+00 1.10785869e+01 1.98271854e+00 2.10545386e+00
  1.83693747e+00 1.17330263e+00 1.66808359e+00 1.64356360e+00
  3.78418434e+00 2.04843405e+00 9.74601629e-01 1.62789051e+00
  4.34842148e-01 4.08411119e-01 1.02219587e+00 7.26308842e-01
  8.58277049e-01 8.87135682e-30 4.81804235e-01 2.55397082e+00
  8.75535343e-01 8.54327392e-01 9.34535376e-01 8.48622612e-01
  3.03710342e+00 6.35936269e+00 9.70611789e+00 2.58776181e+00
  3.46271605e-01 4.04690419e-01 4.06641313e-01 2.43924663e-01
  8.41119768e+00 6.97467803e+00 1.15560865e+01]
 [5.20344145e+00 1.07993394e+01 6.30409510e+00 6.50375609e+00
  7.91549659e+00 1.37426419e+01 2.04266573e+00 2.12890794e+00
  1.85816910e+00 1.86088158e+00 3.27213585e+00 5.49477151e+00
  4.15375865e+00 6.81313048e+00 1.20903321e+00 1.08323826e+00
  1.05346520e+00 5.68264025e-30 5.68916319e-01 1.82962737e+00
  6.26292765e+00 4.11911913e+01 2.78852662e+00 4.99556440e+00
  2.67846419e+00 6.57840696e+00 7.08547309e+00 3.24457627e+00
  9.46588296e-01 1.20332868e+00 5.50061665e-01 4.73697909e-01
  3.61950193e+00 9.24750134e+00 4.18679778e+00]
 [1.14789459e+01 2.61339444e+01 6.54277893e+00 8.24024272e+00
  9.32547418e+00 5.88189253e+00 3.63990772e+00 2.40758292e+00
  5.67146435e+00 5.43112430e+00 7.14874600e+00 1.50420934e+01
  2.14324621e+00 9.13442124e-01 1.33406974e+00 1.03090015e+00
  1.13091664e+00 5.18349664e-30 6.48954050e-01 6.01847844e+00
  1.34481954e+01 8.13571780e+00 3.49301145e+00 1.87252058e+00
  4.70172044e+01 4.35331504e+01 1.51341934e+01 3.81685776e+00
  9.55261127e-01 7.76545388e-01 4.91967837e-01 3.31627663e-01
  9.45802090e+00 6.85033418e+00 3.07294818e+00]
 [8.53173491e+00 1.28246607e+01 2.18409253e+00 2.45688426e+00
  1.68567353e+00 2.13694683e+00 2.38939763e+00 3.15194476e+00
  3.95301545e+00 4.56668316e+00 1.27084654e+00 1.81861561e+00
  7.70882508e-01 1.06276055e+00 1.62634935e+00 1.85470443e+00
  1.18231168e+00 2.84371856e-30 1.11281469e+00 4.23156321e+00
  1.42379909e+00 1.52272480e+00 1.47931185e+00 1.76577486e+00
  2.91643861e+00 3.74607691e+00 7.94819962e+00 2.81751847e+00
  6.00970533e-01 6.83885679e-01 7.19967101e-01 7.68054723e-01
  8.50546009e+00 7.25624158e+00 2.46171358e+00]
 [1.06652885e+01 1.90234970e+01 4.25685697e+00 1.49868720e+00
  3.05605809e+00 3.76901194e+00 1.60506575e+00 1.78828704e+00
  1.39150147e+00 1.72739145e+00 1.16569107e+00 1.42972141e+00
  2.95556480e-01 2.92786689e-01 5.20467342e-01 6.12098752e-01
  7.34956628e-01 3.14640338e-30 3.60733155e-01 1.51530700e+00
  2.63216816e+00 6.51808262e-01 6.03142945e-01 6.22916593e-01
  3.47907852e+00 5.82666947e+00 1.04924331e+01 2.47565378e+00
  2.94138581e-01 2.59650627e-01 2.19211843e-01 2.03603992e-01
  7.93460570e+00 7.62157107e+00 1.83105393e+01]
 [2.21158606e+00 3.24685625e+00 3.73998207e+00 3.15779533e+00
  8.12296907e+00 1.26302474e+01 7.06220080e+00 5.08468822e+00
  6.49455892e+00 3.61820035e+00 1.57485019e+00 2.06192939e+00
  1.84355854e+00 2.03491306e+00 2.19320127e+00 2.04442881e+00
  8.38335485e-01 5.63480010e-30 1.06575125e+00 5.05465509e+00
  5.42448370e+00 4.44051907e+00 3.02114068e+00 5.26345641e+00
  1.38363273e+00 2.17966530e+00 1.71696733e+00 1.17844806e+00
  7.27191709e-01 7.20182961e-01 8.49587695e-01 7.49085259e-01
  3.11229580e+00 3.38242723e+00 1.13815120e+01]]