[[2.61193902e+01 2.69453481e+01 3.40043015e+01 2.90583988e+01
  5.27380187e+01 6.13409526e+01 1.29786730e+02 2.11174956e+02
  2.06922060e+02 1.65570907e+02 1.08650469e+01 9.49748360e+00
  1.14261635e+01 7.35729800e+00 5.64542762e+01 5.82853977e+01
  4.19817002e+00 1.48650126e-28 2.50974703e+01 1.74407597e+02
  2.19457759e+01 2.16284217e+01 5.00650813e+01 5.90332615e+01
  1.53201961e+01 1.79913232e+01 2.32284106e+01 8.32966861e+00
  3.05365546e+00 2.29098999e+00 1.08051157e+01 7.64060149e+00
  1.14097205e+01 1.38947391e+01 8.48737423e+00]
 [4.89114361e+01 6.35991586e+01 7.11542540e+00 1.15778350e+01
  7.21439206e+00 4.63514132e+00 1.14074812e+01 8.84924668e+00
  1.97903909e+01 1.46835131e+01 5.56164180e+00 7.54508092e+00
  9.11257095e+00 4.41953733e+00 1.14517567e+01 5.18962249e+00
  4.83707478e+00 6.06886281e-29 4.24247709e+00 1.61766100e+01
  4.86335015e+00 4.67145348e+00 1.28015582e+01 4.82120008e+00
  1.56226851e+01 2.49858685e+01 4.95349183e+01 1.85005635e+01
  2.06292225e+00 1.86034951e+00 5.60231351e+00 2.03180951e+00
  3.63140092e+01 4.06148126e+01 1.53169067e+00]
 [2.31490996e+01 2.86446681e+01 1.00055916e+01 1.34292698e+01
  6.88763047e+00 1.09754213e+01 1.05386345e+01 1.53788691e+01
  2.19640695e+01 1.91515233e+01 5.88080066e+00 4.14409947e+00
  5.42590615e+00 7.11439673e+00 1.32543387e+01 1.57099313e+01
  4.38728365e+00 5.78343951e-29 8.33424451e+00 1.78512246e+01
  4.80613656e+00 8.73235410e+00 1.01832547e+01 1.86624586e+01
  1.52681621e+01 2.33291408e+01 2.27361038e+01 1.09205139e+01
  1.85839169e+00 2.08270091e+00 8.74035134e+00 5.46032340e+00
  1.19866422e+01 1.40951025e+01 1.31913609e+01]
 [1.55881474e+02 1.45823273e+02 6.24019535e+01 6.70389190e+01
  6.18373505e+01 8.07163431e+01 6.77580748e+01 1.06961038e+02
  9.37887315e+01 9.89032528e+01 3.23251250e+01 4.01048445e+01
  8.02552735e+00 1.53534671e+01 3.06408548e+01 4.45150597e+01
  2.57254550e+01 1.10841787e-29 2.74324839e+01 8.29137575e+01
  3.39437505e+01 4.57147190e+01 3.37457385e+01 5.15752603e+01
  8.09897326e+01 7.21663646e+01 1.16239902e+02 6.64844106e+01
  1.17832857e+01 1.29647769e+01 1.22649756e+01 9.74696658e+00
  7.77587945e+01 6.44393596e+01 6.55300010e+00]
 [5.06474322e+01 5.90492448e+01 1.59928563e+01 1.22008503e+01
  1.86055372e+01 1.42552702e+01 2.06345343e+01 2.47528542e+01
  2.32605319e+01 2.20339412e+01 7.71855441e+00 6.08005040e+00
  6.00707024e+00 6.76759113e+00 1.50487948e+01 1.49371498e+01
  7.04859506e+00 2.08781646e-29 9.24726519e+00 2.06649758e+01
  7.28227365e+00 7.51204597e+00 1.37230283e+01 1.34669905e+01
  1.93723315e+01 1.71076476e+01 4.22660875e+01 1.48130317e+01
  3.02482301e+00 2.45017095e+00 6.67318066e+00 5.10614062e+00
  3.39837608e+01 4.64665824e+01 2.67559728e+00]
 [3.33225741e+00 4.13557407e+00 4.95622645e+00 4.87216421e+00
  5.73858948e+00 5.26590162e+00 7.60368583e+00 7.51847442e+00
  9.54256876e+00 8.58546740e+00 2.35514978e+00 2.12179223e+00
  3.78888510e+00 3.71120676e+00 4.54447648e+00 5.06207022e+00
  1.46511274e+00 2.10148927e-30 2.84504175e+00 8.52416973e+00
  4.40178821e+00 3.73676794e+00 4.50958675e+00 6.15521704e+00
  3.40350466e+00 2.77082957e+00 3.56785467e+00 1.90356167e+00
  1.23424007e+00 9.33366246e-01 2.14335708e+00 1.50636184e+00
  1.84598798e+00 1.67736569e+00 4.15888245e+00]
 [1.40246879e+01 1.43297600e+01 1.32742936e+01 1.38147329e+01
  1.76409887e+01 1.70961510e+01 4.21057484e+01 5.03205392e+01
  1.06619791e+02 1.23119615e+02 5.92925850e+00 7.57432534e+00
  5.58969219e+00 5.44769507e+00 2.88118916e+01 3.54305423e+01
  5.04413627e+00 1.39463428e-28 3.31415653e+01 1.11423421e+02
  1.05249855e+01 8.96118055e+00 1.86052748e+01 1.83051367e+01
  1.47168468e+01 1.03858157e+01 1.38234917e+01 7.71772383e+00
  3.32780936e+00 3.36616862e+00 9.94219923e+00 8.77953364e+00
  1.48713364e+01 1.16779734e+01 1.85597202e+01]
 [7.16120107e+01 5.83540809e+01 1.81281475e+01 1.01867933e+01
  9.19556582e+00 1.02550511e+01 1.63830237e+01 1.69501911e+01
  1.93599183e+01 1.72461294e+01 8.04520669e+00 6.94041731e+00
  4.15488197e+00 3.27159443e+00 1.27366778e+01 1.03320010e+01
  5.92408053e+00 1.90458108e-29 7.82248714e+00 1.71381308e+01
  6.60601155e+00 5.34118434e+00 9.35362698e+00 7.67544973e+00
  3.02401146e+01 1.89330868e+01 4.79083660e+01 1.68667491e+01
  2.33781452e+00 2.12235308e+00 5.48103362e+00 3.38103760e+00
  7.34597127e+01 7.31492480e+01 1.13256648e+01]
 [8.37876250e+01 7.44190579e+01 1.43919555e+01 1.63605975e+01
  1.51149925e+01 1.22355268e+01 2.28247099e+01 3.47988246e+01
  3.41436259e+01 3.97255588e+01 8.18677709e+00 8.24409976e+00
  4.44214993e+00 3.36176670e+00 1.32287468e+01 1.47494782e+01
  7.15926540e+00 3.49072644e-29 1.07447962e+01 3.30682988e+01
  8.94424406e+00 7.22429048e+00 1.12792598e+01 1.10849284e+01
  2.00207920e+01 2.08866442e+01 6.40662325e+01 1.85074168e+01
  2.78306442e+00 2.46465359e+00 4.40365303e+00 3.86057125e+00
  4.26151828e+01 4.76441873e+01 2.71641919e+00]
 [4.81835855e+00 4.42014050e+00 6.56551380e+00 8.15259098e+00
  1.31962178e+01 7.49547852e+00 2.32215179e+01 2.75374049e+01
  3.69742928e+01 3.98251206e+01 4.35259092e+00 9.65613208e+00
  1.76468903e+00 2.21239373e+00 1.16674655e+01 1.16988786e+01
  1.90703943e+00 8.51220145e-29 7.59878600e+00 3.59002485e+01
  8.30825196e+00 1.17666502e+01 1.21714085e+01 1.11635922e+01
  5.06666548e+00 1.19597125e+01 4.39349264e+00 4.18499834e+00
  7.73738131e-01 1.58089623e+00 2.34892898e+00 2.01486083e+00
  1.44370969e+01 5.18509690e+00 8.89721089e+01]
 [1.40659088e+01 1.35393070e+01 2.39964937e+01 1.83332981e+01
  3.80497784e+01 2.11043364e+01 4.51291661e+01 3.33997415e+01
  2.47786284e+01 2.83749411e+01 6.60972692e+00 5.71899143e+00
  1.34223995e+01 6.49515194e+00 1.65259959e+01 1.84586977e+01
  3.57664582e+00 7.75595905e-30 9.65284897e+00 2.40674699e+01
  1.57685227e+01 1.05058617e+01 2.31935360e+01 1.48660168e+01
  9.60380827e+00 1.05301436e+01 1.24369357e+01 6.27245962e+00
  2.75591902e+00 2.24076338e+00 5.95814347e+00 5.27350797e+00
  5.20078612e+00 4.47159967e+00 3.56864747e+00]
 [2.29556873e+01 2.76020042e+01 1.15607230e+01 1.42492609e+01
  1.21430846e+01 1.27914121e+01 1.88676275e+01 1.99608255e+01
  4.86526388e+01 4.86922402e+01 5.72636522e+00 6.68426403e+00
  2.92297809e+00 3.75004631e+00 1.15883364e+01 1.02099884e+01
  5.07107680e+00 7.75483389e-30 9.98975117e+00 4.36970002e+01
  7.60082025e+00 7.81887770e+00 8.70629225e+00 9.19294507e+00
  1.03674812e+01 1.23968275e+01 2.35644955e+01 9.05192109e+00
  2.96921201e+00 2.44332130e+00 3.12047201e+00 2.62058044e+00
  3.78707625e+01 3.08835852e+01 8.00391860e+00]
 [3.54205493e+01 3.91434287e+01 1.08133714e+01 1.41101982e+01
  1.05625532e+01 8.17969855e+00 1.63032861e+01 1.23343412e+01
  2.17250289e+01 1.76039517e+01 6.51663862e+00 8.18002609e+00
  4.52594679e+00 3.70832086e+00 1.06599701e+01 7.60369083e+00
  5.81720830e+00 3.90996504e-29 6.50572039e+00 1.72376630e+01
  7.23482171e+00 7.58780747e+00 9.84973982e+00 7.48511348e+00
  1.33561812e+01 1.67425471e+01 3.03266464e+01 1.16897173e+01
  2.48361765e+00 2.73946129e+00 3.95383181e+00 2.21310341e+00
  1.65605020e+01 9.43924321e+00 8.87808279e+00]
 [1.35234317e+02 1.37993709e+02 3.67086920e+01 4.14427810e+01
  3.49657880e+01 3.24748794e+01 7.18602311e+01 6.49915535e+01
  6.61253466e+01 7.13260783e+01 2.15386651e+01 2.68284450e+01
  1.06701361e+01 1.06709800e+01 4.22462084e+01 2.33314229e+01
  1.94007621e+01 1.01894187e-28 1.90487816e+01 5.36011107e+01
  2.25513505e+01 2.38660748e+01 3.31420219e+01 2.53888967e+01
  4.67418529e+01 5.42597333e+01 1.07672723e+02 3.72758713e+01
  7.27677795e+00 8.72146191e+00 1.39309137e+01 7.20505778e+00
  1.68536270e+02 8.68284448e+01 9.14555317e+00]
 [6.48161104e+01 7.76962867e+01 3.04888615e+01 3.41279738e+01
  3.12836239e+01 2.78419536e+01 7.54285125e+01 9.29901491e+01
  1.13229018e+02 1.13717837e+02 1.51418621e+01 1.94204005e+01
  1.49877048e+01 8.75781620e+00 6.06079129e+01 5.99779892e+01
  1.70402730e+01 1.85271308e-29 3.80217086e+01 9.26159502e+01
  1.79080158e+01 1.78742379e+01 3.81561017e+01 3.26835255e+01
  3.37428419e+01 5.31516347e+01 6.83229390e+01 3.07247731e+01
  6.80654573e+00 7.92014026e+00 2.47184585e+01 1.28122456e+01
  2.24833522e+01 1.84452936e+01 2.92261294e+01]
 [1.67552636e+01 2.39948850e+01 7.29902875e+00 8.09437473e+00
  6.83191460e+00 6.63500687e+00 9.64928718e+00 1.22578128e+01
  2.62539198e+01 2.24870793e+01 3.92818861e+00 4.63088812e+00
  2.14411755e+00 3.05194908e+00 6.48257398e+00 7.76957725e+00
  3.12632224e+00 1.14320176e-29 4.10119234e+00 2.18562194e+01
  4.44280084e+00 6.71000546e+00 5.55356123e+00 6.65615073e+00
  7.84415719e+00 1.14217104e+01 1.78451747e+01 7.85160022e+00
  1.27194512e+00 1.11258376e+00 1.91502350e+00 2.30178434e+00
  1.05940626e+01 1.80915666e+01 7.18845659e+00]
 [1.34469888e+01 1.53095658e+01 8.73656188e+00 9.02523183e+00
  1.19965858e+01 1.04112583e+01 2.64817833e+01 2.12526971e+01
  4.22509514e+01 3.23184552e+01 3.27841891e+00 5.31974363e+00
  4.32326668e+00 3.53824295e+00 2.06924969e+01 1.35390027e+01
  2.62768158e+00 1.09371126e-29 1.05668016e+01 3.76079616e+01
  5.86849335e+00 6.07473249e+00 1.44336094e+01 1.02803500e+01
  9.86276189e+00 9.95729143e+00 1.13681611e+01 4.81728470e+00
  1.33071377e+00 1.60010352e+00 6.67166933e+00 3.72153099e+00
  4.99835060e+00 4.62118034e+00 2.40947406e+00]
 [7.14709584e+01 8.50075677e+01 4.50926482e+01 4.99358685e+01
  6.08111772e+01 6.97102282e+01 7.59478790e+01 7.60795369e+01
  7.20597223e+01 7.03343468e+01 2.05291957e+01 2.60702535e+01
  2.17123723e+01 3.57247247e+01 5.77920534e+01 5.58090610e+01
  1.92841717e+01 8.37760866e-29 4.68850680e+01 6.39142179e+01
  3.00405304e+01 3.96502158e+01 5.69024297e+01 6.49974022e+01
  3.57509204e+01 4.04254237e+01 6.13955959e+01 3.39678262e+01
  9.78405144e+00 9.49448252e+00 2.90432425e+01 3.21106926e+01
  3.85315155e+01 3.39684640e+01 9.45251435e+00]
 [1.95585151e+01 2.29802037e+01 1.38419976e+01 9.81098079e+00
  3.06387926e+01 2.16097820e+01 4.18747683e+01 3.51670534e+01
  3.47974968e+01 3.24299590e+01 5.54834404e+00 4.44897990e+00
  6.11771541e+00 2.99536852e+00 1.83936836e+01 1.65462278e+01
  3.22425136e+00 2.30884300e-29 1.18335726e+01 3.16882340e+01
  1.25887869e+01 6.79033644e+00 2.70449474e+01 1.68072577e+01
  9.35667900e+00 1.01711896e+01 1.70991567e+01 7.06851905e+00
  1.96642507e+00 1.47578773e+00 5.80176736e+00 4.49108181e+00
  7.55603540e+00 8.41691287e+00 3.90600029e+01]
 [5.25667119e+00 5.63292996e+00 7.57119488e+00 5.23121783e+00
  1.31357725e+01 9.45613246e+00 1.96938083e+01 1.38329162e+01
  3.17037636e+01 2.51781435e+01 2.84898146e+00 3.50355494e+00
  7.08506244e+00 8.29462624e+00 1.77539294e+01 8.99940124e+00
  2.09651104e+00 3.20957836e-29 7.96270827e+00 2.99070393e+01
  6.64848382e+00 4.95678890e+00 1.65289623e+01 9.17346362e+00
  2.73237455e+00 2.63831343e+00 3.62915680e+00 2.10979215e+00
  1.63395251e+00 1.36739649e+00 6.84540040e+00 3.84845233e+00
  8.97629587e+00 5.07175771e+00 2.73053154e+01]]