[[9.46807174e+00 1.43575214e+01 1.29323740e+01 1.25737391e+01
  1.12495591e+01 1.41012444e+01 2.07915255e+01 2.67102558e+01
  2.29194965e+01 1.67086448e+01 4.88165414e+00 4.83980624e+00
  3.52625737e+00 2.65179146e+00 8.52385599e+00 7.95480371e+00
  3.10634555e+00 5.97185683e-29 4.69587088e+00 1.74309043e+01
  7.98764579e+00 7.07444228e+00 9.01990419e+00 9.33364418e+00
  1.05000300e+01 1.14622544e+01 9.76829365e+00 4.06513765e+00
  1.95812607e+00 1.53346623e+00 2.41151366e+00 1.75256181e+00
  1.34858926e+01 3.51429400e+01 7.92041017e+00]
 [7.70268325e+01 9.19124971e+01 2.52863671e+01 3.40496656e+01
  1.52970934e+01 1.67774871e+01 1.48176240e+01 1.82620162e+01
  1.70554170e+01 1.73454011e+01 1.16238312e+01 1.48642087e+01
  5.69071468e+00 6.38039909e+00 8.88545680e+00 9.73131792e+00
  1.01741263e+01 1.80830025e-28 6.07063720e+00 1.72605892e+01
  1.35276885e+01 1.56193318e+01 1.08676434e+01 1.18867608e+01
  2.80522434e+01 4.00875400e+01 7.87459454e+01 3.07271822e+01
  5.13909512e+00 4.11103594e+00 3.79787295e+00 3.65543342e+00
  5.10087453e+01 4.73270753e+01 1.68438795e+00]
 [2.43274067e+01 2.78693078e+01 1.40197359e+01 1.13062090e+01
  9.40149292e+00 7.28229533e+00 1.17803488e+01 9.27293439e+00
  9.77847672e+00 8.93138034e+00 5.63866220e+00 4.07108904e+00
  2.58074620e+00 1.80232000e+00 5.33290723e+00 4.56600423e+00
  3.90189518e+00 2.99258762e-29 3.29625737e+00 8.99890983e+00
  6.21487194e+00 6.70903636e+00 6.63807696e+00 5.29413469e+00
  1.35030746e+01 1.95998565e+01 2.37588404e+01 1.14620240e+01
  1.52621843e+00 1.57524641e+00 1.96753559e+00 1.40728704e+00
  1.24812115e+01 1.18035885e+01 4.00666199e+01]
 [8.65753264e+01 4.79571653e+01 3.36181080e+01 3.07740160e+01
  1.72294974e+01 2.67390129e+01 1.60778852e+01 2.15774184e+01
  1.88333496e+01 2.08619296e+01 1.42164570e+01 1.10473990e+01
  4.74653337e+00 5.42882315e+00 8.11028305e+00 1.16672284e+01
  8.40763905e+00 3.26495761e-30 6.98647759e+00 1.84565250e+01
  1.44782712e+01 1.63403269e+01 1.09813855e+01 1.43128020e+01
  3.91103364e+01 1.54319394e+01 4.83893280e+01 2.22735572e+01
  4.71035590e+00 3.72659257e+00 3.24525631e+00 3.62820023e+00
  5.31115074e+01 8.25314186e+01 3.52100094e+00]
 [1.19410144e+02 1.23146506e+02 2.29904251e+01 1.55175104e+01
  1.36156136e+01 1.54499434e+01 1.81619949e+01 2.14580878e+01
  2.18674566e+01 2.08295768e+01 1.14392684e+01 7.38306896e+00
  3.81476382e+00 3.92456748e+00 9.44089465e+00 1.08086284e+01
  8.30117714e+00 2.61619019e-29 6.80707454e+00 2.07368764e+01
  9.79275692e+00 8.90477895e+00 9.36553170e+00 1.07844801e+01
  3.54495555e+01 2.39877485e+01 9.12872324e+01 2.38508783e+01
  3.53167008e+00 2.33620024e+00 2.59210472e+00 3.14080189e+00
  1.00185797e+02 1.17317283e+02 1.99574937e+00]
 [4.16818726e+00 4.98647003e+00 7.07324531e+00 5.97125763e+00
  7.60653828e+00 5.74728326e+00 7.22264312e+00 6.99087540e+00
  7.73388304e+00 7.03702213e+00 3.55211662e+00 3.21002507e+00
  2.29586537e+00 1.86225896e+00 3.61711761e+00 3.55650886e+00
  2.43129703e+00 1.48370390e-30 2.29120862e+00 6.97951909e+00
  5.92821018e+00 3.87201588e+00 4.50842144e+00 4.38299046e+00
  4.00598786e+00 4.15134804e+00 4.94913058e+00 2.82285400e+00
  1.69872901e+00 1.20119193e+00 1.61789249e+00 1.25276510e+00
  2.50129746e+00 1.62739462e+00 4.84577213e+00]
 [1.00922827e+01 1.44010521e+01 2.27559393e+01 1.97753171e+01
  2.11057688e+01 1.87613753e+01 2.51795869e+01 2.35294358e+01
  2.91369703e+01 2.91902175e+01 7.44434121e+00 9.06973132e+00
  6.81056661e+00 5.68485930e+00 1.50737502e+01 1.40947451e+01
  6.86833167e+00 6.05468404e-29 1.31852930e+01 2.69995022e+01
  1.59781575e+01 1.15461462e+01 1.64015562e+01 1.41328307e+01
  2.05701434e+01 1.34886406e+01 1.21456240e+01 8.85638365e+00
  4.69249752e+00 4.59394403e+00 5.53197757e+00 4.61749587e+00
  4.38269492e+01 1.85310161e+01 2.43212317e+01]
 [2.06185212e+02 1.58732632e+02 5.73685363e+01 1.79914150e+01
  1.04284077e+01 1.60462542e+01 1.29268260e+01 2.08656407e+01
  1.59933109e+01 1.68897977e+01 1.95005103e+01 1.14255849e+01
  3.77922194e+00 3.83511470e+00 7.33021207e+00 1.01964456e+01
  1.24990987e+01 4.76233012e-29 5.73588448e+00 1.56156439e+01
  1.30106811e+01 8.25927739e+00 7.13812245e+00 1.08597770e+01
  8.61708069e+01 3.93264967e+01 1.34726013e+02 4.31387075e+01
  4.30181442e+00 2.99519591e+00 2.53340423e+00 3.18477356e+00
  2.62511435e+02 3.51759764e+02 1.39258336e+01]
 [2.41095656e+02 2.07382074e+02 1.60189628e+01 2.63437228e+01
  1.12565466e+01 6.28264114e+00 1.47623415e+01 1.21906002e+01
  1.61315586e+01 1.41206857e+01 1.09065580e+01 1.30456490e+01
  3.04925837e+00 2.01331582e+00 6.58671461e+00 4.70243587e+00
  1.12795328e+01 5.77481698e-29 3.78369495e+00 1.60945201e+01
  7.60555154e+00 8.22306194e+00 8.24143299e+00 4.47772044e+00
  4.32714295e+01 4.60048345e+01 1.76917484e+02 3.97246502e+01
  3.23296540e+00 2.94341008e+00 2.36246087e+00 1.49843431e+00
  1.23767347e+02 1.87636621e+02 2.35587196e+00]
 [7.61012010e+00 7.64454355e+00 8.13592857e+00 1.04188144e+01
  1.11518308e+01 7.60225730e+00 1.10829927e+01 1.28807044e+01
  1.04693235e+01 1.36044874e+01 4.69434706e+00 1.11103420e+01
  2.13123821e+00 3.16694271e+00 5.32267266e+00 5.54778427e+00
  2.71999718e+00 4.54049821e-29 3.68116266e+00 1.32917886e+01
  8.14945400e+00 1.24593316e+01 8.44824009e+00 8.04816491e+00
  5.67892792e+00 1.26416915e+01 7.07751830e+00 5.07344488e+00
  1.28702111e+00 2.11216709e+00 1.97167322e+00 1.90683975e+00
  1.21386753e+01 4.60076116e+00 5.23013275e+01]
 [1.08632146e+01 9.42590526e+00 1.54314477e+01 1.39265360e+01
  1.41009131e+01 1.20690460e+01 1.16450754e+01 1.04554439e+01
  1.12909114e+01 1.00626019e+01 5.53305915e+00 5.29219228e+00
  2.75490049e+00 2.98844539e+00 5.75590314e+00 5.28857655e+00
  4.91724964e+00 5.44957282e-30 3.38400258e+00 1.02246883e+01
  8.08876787e+00 8.43444599e+00 6.97708650e+00 7.06476091e+00
  8.02010659e+00 7.92620887e+00 1.03149175e+01 7.85359289e+00
  2.29856883e+00 1.70104234e+00 1.96210317e+00 1.95542311e+00
  4.44616075e+00 3.79283795e+00 2.15294740e+00]
 [3.44862449e+01 4.50669361e+01 2.72078387e+01 3.31026757e+01
  2.33510980e+01 2.18950289e+01 2.25219004e+01 2.07536882e+01
  3.19127702e+01 3.08820170e+01 1.01268855e+01 1.29485721e+01
  6.03859230e+00 5.32712788e+00 1.32210272e+01 1.20242955e+01
  1.32365940e+01 1.08717681e-29 8.80399609e+00 3.15299047e+01
  1.50326757e+01 1.42790851e+01 1.61773707e+01 1.39462346e+01
  1.61664213e+01 2.27610810e+01 3.82629805e+01 2.00782305e+01
  6.16199165e+00 5.71479967e+00 4.88375001e+00 3.78730008e+00
  6.62540319e+01 6.35928933e+01 8.68561202e+00]
 [2.82342474e+01 2.81149384e+01 9.22131653e+00 9.37570049e+00
  6.46603151e+00 5.16079201e+00 7.83738890e+00 6.01969349e+00
  8.17588873e+00 7.15106988e+00 4.31562327e+00 4.62892695e+00
  2.65090122e+00 1.67490573e+00 4.65158027e+00 3.04366882e+00
  3.63259920e+00 2.52784699e-29 3.00075158e+00 7.54813453e+00
  5.09019178e+00 4.23432255e+00 5.07902426e+00 3.65554259e+00
  1.00290137e+01 1.04187404e+01 2.25192961e+01 7.67869135e+00
  1.65561124e+00 1.53568301e+00 1.83065538e+00 1.04741199e+00
  1.36393373e+01 1.01427904e+01 5.20352603e+00]
 [3.23278694e+02 3.08531483e+02 5.80359736e+01 6.20787410e+01
  4.08173844e+01 4.25577024e+01 4.73064758e+01 5.00184694e+01
  4.11525053e+01 4.58839255e+01 3.46067263e+01 3.41815369e+01
  9.01698199e+00 1.07264076e+01 2.49560475e+01 1.83936860e+01
  3.27831556e+01 1.24601325e-28 1.65828885e+01 3.92359537e+01
  2.84779909e+01 2.72627835e+01 2.59228762e+01 2.54289183e+01
  8.54035105e+01 9.14546314e+01 2.42420408e+02 6.66141289e+01
  1.21553768e+01 1.20657434e+01 7.90242195e+00 5.66893091e+00
  4.82402539e+02 2.69236743e+02 9.24610680e+00]
 [5.13370933e+01 4.01660365e+01 1.59517532e+01 1.38465955e+01
  1.23840090e+01 1.02708485e+01 1.66358550e+01 2.07096645e+01
  1.71708955e+01 1.92443778e+01 5.66770852e+00 6.14191019e+00
  3.55754404e+00 3.01213755e+00 8.63227358e+00 9.18421557e+00
  4.37897017e+00 2.84064692e-29 4.13851675e+00 1.55712698e+01
  7.60886025e+00 6.13741207e+00 9.72212743e+00 8.48226524e+00
  1.88307868e+01 2.32384031e+01 4.28495425e+01 1.20397404e+01
  2.18782136e+00 2.15015277e+00 3.03914384e+00 2.06740884e+00
  4.20074137e+01 2.36724615e+01 2.62521143e+01]
 [1.93465221e+01 3.39698525e+01 1.90993309e+01 2.02031266e+01
  1.23641632e+01 1.20060146e+01 1.08086057e+01 1.16940814e+01
  1.21694716e+01 1.29271622e+01 7.16290381e+00 8.04331305e+00
  3.33995467e+00 3.41742538e+00 5.75263278e+00 5.01659082e+00
  5.10317211e+00 1.61211113e-29 3.12096476e+00 1.19547917e+01
  1.06366765e+01 1.23347173e+01 7.66578371e+00 9.04462270e+00
  1.21542090e+01 1.82945185e+01 2.42684028e+01 1.22355021e+01
  2.37144005e+00 1.91123739e+00 1.95515166e+00 1.70385925e+00
  1.30759390e+01 3.00086091e+01 8.03218993e+00]
 [1.88326492e+01 1.71185633e+01 1.59534939e+01 1.51278188e+01
  1.37996331e+01 1.22948128e+01 2.02007455e+01 1.79112688e+01
  2.34222138e+01 2.14860332e+01 5.24893048e+00 6.26211908e+00
  3.79443540e+00 3.73937863e+00 1.30918931e+01 9.20270066e+00
  3.91034148e+00 8.36916359e-30 7.36892525e+00 2.19262284e+01
  9.72162175e+00 8.26454072e+00 1.07921626e+01 8.76170322e+00
  1.18479825e+01 1.20021779e+01 1.43048132e+01 6.33851276e+00
  2.30831443e+00 1.88540692e+00 3.61111300e+00 2.62113639e+00
  4.15148946e+00 6.50160787e+00 2.62561113e+00]
 [1.11972909e+02 1.35673679e+02 7.92271148e+01 7.03985434e+01
  7.84149468e+01 6.67181342e+01 6.31860856e+01 5.53720479e+01
  5.46275671e+01 5.16746842e+01 2.98086104e+01 3.42496741e+01
  2.10411962e+01 2.11606261e+01 4.10625714e+01 2.86881639e+01
  2.13734173e+01 9.23742220e-29 3.24221877e+01 5.19117505e+01
  4.77571784e+01 4.09225732e+01 4.68713867e+01 4.15389320e+01
  5.33613817e+01 5.97238921e+01 9.67834790e+01 4.84513722e+01
  1.14280403e+01 1.02018331e+01 1.81198300e+01 1.41752740e+01
  5.52418292e+01 5.26774332e+01 1.15730414e+01]
 [3.06222655e+01 4.12880556e+01 1.95911740e+01 1.77177098e+01
  2.89454385e+01 2.08937340e+01 3.81265524e+01 2.90093495e+01
  2.84880307e+01 2.55298519e+01 8.37138814e+00 9.65141126e+00
  6.83222520e+00 4.80007509e+00 1.58735441e+01 1.28939783e+01
  7.44629346e+00 2.12190503e-29 7.96203716e+00 2.51353063e+01
  1.45571376e+01 1.10285079e+01 2.40707620e+01 1.62197105e+01
  1.39587877e+01 1.94000524e+01 2.90495988e+01 1.35559875e+01
  3.15951791e+00 3.39064543e+00 5.10858942e+00 3.80906717e+00
  1.62810686e+01 2.13408541e+01 5.58352754e+01]
 [6.97901956e+00 4.29169516e+00 1.19084833e+01 9.07151488e+00
  1.06693096e+01 9.91651799e+00 1.03369178e+01 9.43840391e+00
  1.12036804e+01 9.93598064e+00 4.90612505e+00 6.24722097e+00
  3.88795191e+00 3.22401538e+00 6.08113415e+00 5.42344820e+00
  4.07620825e+00 1.15616732e-29 4.01577971e+00 1.07351175e+01
  6.58642871e+00 6.00806547e+00 7.52131954e+00 7.30010351e+00
  4.59708257e+00 2.89892393e+00 2.48709839e+00 3.79737919e+00
  2.44067358e+00 2.07934169e+00 3.02472940e+00 1.98261593e+00
  1.43027254e+01 9.69847852e+00 7.56780686e+00]]