[[6.14134631e+00 1.00880142e+01 6.54278496e+00 5.53272250e+00
  1.05472377e+01 1.00981527e+01 1.00398380e+01 1.37247807e+01
  1.34423697e+01 1.12142175e+01 2.90174616e+00 2.77532709e+00
  3.30693055e+00 1.94664195e+00 5.65744606e+00 5.88867097e+00
  1.49704618e+00 3.55120432e-29 3.71641333e+00 1.13544204e+01
  5.47942136e+00 4.17653085e+00 6.15899640e+00 6.30574846e+00
  4.81739028e+00 5.91088592e+00 6.00709217e+00 2.16476588e+00
  9.97225063e-01 9.39545610e-01 1.78240023e+00 1.43505816e+00
  4.97791453e+00 6.46404999e+00 4.82518699e+00]
 [7.69219824e+01 9.25817356e+01 1.27605687e+01 2.08278639e+01
  6.81444520e+00 8.20005466e+00 5.92001720e+00 6.27167094e+00
  8.65312874e+00 1.19185443e+01 1.01656417e+01 2.26588514e+01
  1.74001492e+00 2.38786640e+00 3.83928567e+00 3.47695137e+00
  5.89729207e+00 8.88267186e-29 2.45077974e+00 1.06229114e+01
  7.54128363e+00 1.29661611e+01 3.87075654e+00 3.28084181e+00
  3.90589008e+01 5.00418597e+01 8.54908595e+01 3.18525071e+01
  1.97384275e+00 3.01958277e+00 1.49509650e+00 1.10210629e+00
  5.76126906e+01 5.33722462e+01 2.91537693e+00]
 [9.73137897e+01 2.08276299e+02 2.63725157e+01 1.84903903e+02
  1.51802740e+01 1.23803158e+01 1.51629369e+01 1.47418671e+01
  1.72924277e+01 1.62137661e+01 1.61132815e+01 1.66860064e+01
  5.24602619e+00 8.47675701e+00 1.20398979e+01 1.08977266e+01
  1.03447588e+01 7.61963499e-29 8.59177252e+00 1.58605294e+01
  1.03734890e+01 1.56723496e+02 1.16455488e+01 1.14350397e+01
  9.12140815e+01 2.94541049e+02 1.12358617e+02 4.52528635e+01
  3.90797309e+00 6.24084263e+00 5.39419604e+00 3.91277536e+00
  4.73228687e+01 1.93304487e+02 7.52956995e+01]
 [4.02981932e+02 1.64019923e+02 3.72059177e+01 3.40168305e+01
  5.46476716e+01 8.35542115e+01 2.29482169e+01 2.61029153e+01
  2.98117194e+01 2.91147564e+01 3.79093479e+01 4.57033451e+01
  5.61563892e+00 5.74390512e+00 1.00576715e+01 1.19192256e+01
  1.76861542e+01 7.98552300e-30 7.55906748e+00 2.65579517e+01
  2.47271577e+01 2.47051880e+01 1.52702772e+01 1.60780857e+01
  1.65513720e+02 7.22919150e+01 1.22505708e+02 1.06233097e+02
  7.74738549e+00 6.71862219e+00 3.05895463e+00 3.15893228e+00
  2.32950197e+02 1.28625719e+02 5.21561040e+00]
 [2.17404724e+02 1.99896587e+02 5.53553058e+01 3.09371741e+01
  4.56024091e+01 1.44059991e+01 1.65597608e+01 1.86961098e+01
  2.72129389e+01 2.21939126e+01 1.98993206e+01 2.19191319e+01
  9.60521127e+00 5.81173933e+00 1.09813299e+01 1.16847699e+01
  1.05847079e+01 3.34821414e-29 7.08286579e+00 2.32340118e+01
  1.78526626e+01 1.24594452e+01 1.65053201e+01 1.09861466e+01
  9.67674666e+01 1.12740693e+02 1.43632856e+02 3.62192980e+01
  4.48067728e+00 5.69433272e+00 4.43382327e+00 3.69079113e+00
  1.46334359e+02 1.48287782e+02 4.29828225e+00]
 [4.68789989e+00 1.18094349e+01 9.56132059e+00 1.59583102e+01
  7.13163308e+00 3.28260890e+00 3.92258963e+00 4.13489709e+00
  4.80517004e+00 5.16043704e+00 4.90906905e+00 2.74383288e+00
  1.96479305e+00 1.34258857e+00 2.49144088e+00 2.36723467e+00
  1.30345008e+00 2.23590943e-30 1.55456014e+00 4.80932353e+00
  9.41528977e+00 2.47215230e+00 3.07292158e+00 2.56337720e+00
  1.52390931e+01 5.19488722e+00 5.28112231e+00 2.26793412e+00
  1.08925484e+00 8.27145307e-01 1.22978477e+00 8.27239996e-01
  1.32884480e+01 1.84706083e+01 5.26272144e+00]
 [1.11504892e+01 1.26267574e+01 1.23974258e+01 1.38197081e+01
  1.42072438e+01 1.50937652e+01 1.88900211e+01 1.74606520e+01
  2.58854015e+01 2.51083953e+01 7.57408694e+00 9.39988465e+00
  6.38028266e+00 7.16387781e+00 1.25419975e+01 1.19229225e+01
  5.61064494e+00 5.43980242e-29 9.44752531e+00 2.51138121e+01
  1.00097132e+01 1.10258791e+01 1.24285418e+01 1.27440275e+01
  1.20437376e+01 1.08472588e+01 1.19400504e+01 7.65106536e+00
  5.10947241e+00 4.81140020e+00 5.21620861e+00 4.56605991e+00
  1.51793306e+01 1.30435009e+01 2.49808843e+01]
 [9.38692258e+01 7.79750068e+01 2.07920747e+01 7.34654390e+00
  6.47614781e+00 1.25532301e+01 1.37293646e+01 1.71141736e+01
  1.13062857e+01 1.45434329e+01 9.87958837e+00 7.43343982e+00
  2.40721717e+00 2.17082786e+00 5.24823661e+00 6.11496540e+00
  5.11520509e+00 2.04783598e-29 3.51951932e+00 1.18102288e+01
  5.46677151e+00 3.34710042e+00 4.36806317e+00 6.89643371e+00
  4.11990776e+01 2.91167622e+01 6.20503114e+01 2.06238405e+01
  1.81956197e+00 1.45779301e+00 1.96401483e+00 1.82624095e+00
  8.99387979e+01 6.53060692e+01 2.19279709e+01]
 [7.42367611e+01 7.37014226e+01 1.17161539e+01 1.28326224e+01
  6.40753308e+00 4.86958471e+00 8.57632731e+00 8.11142996e+00
  1.14880967e+01 1.21497557e+01 5.64097378e+00 6.31283706e+00
  2.41327438e+00 2.02147549e+00 5.45655618e+00 4.81655040e+00
  4.69921935e+00 2.12231060e-29 3.82717225e+00 1.17420394e+01
  4.67263698e+00 5.54288658e+00 5.28932091e+00 4.27275727e+00
  2.02047652e+01 1.68460059e+01 5.66997684e+01 1.41362566e+01
  1.89234461e+00 1.96306122e+00 2.23198390e+00 1.67335448e+00
  3.52218899e+01 4.31615072e+01 2.05523301e+00]
 [1.76110259e+01 9.02007995e+00 1.18329966e+01 1.08618359e+01
  1.12540747e+01 6.45952564e+00 9.43884172e+00 1.20873966e+01
  8.22259962e+00 1.07430580e+01 7.79352723e+00 1.23298177e+01
  1.37248302e+00 1.98719158e+00 3.32283027e+00 3.01788048e+00
  2.31302205e+00 5.39030032e-29 2.21746933e+00 1.12825085e+01
  9.56653078e+00 1.49103727e+01 7.58324877e+00 7.73761173e+00
  2.12804937e+01 1.51840940e+01 7.11080489e+00 5.94914001e+00
  1.11895723e+00 2.04504038e+00 1.20590858e+00 9.72593999e-01
  2.72951226e+01 7.86690766e+00 1.03752109e+02]
 [6.42147223e+00 6.35199902e+00 8.52955818e+00 8.06308843e+00
  8.65675726e+00 7.77914057e+00 9.75328332e+00 1.17185645e+01
  1.20088029e+01 1.06028992e+01 4.49676570e+00 5.60553629e+00
  5.21958260e+00 4.53299106e+00 6.79703200e+00 6.61228185e+00
  2.98734196e+00 3.57630132e-30 4.23620390e+00 1.04781376e+01
  6.10791885e+00 6.10415435e+00 7.06374182e+00 6.72623832e+00
  5.61891531e+00 7.81904756e+00 7.46909539e+00 4.27369464e+00
  2.04260943e+00 1.89444498e+00 2.92717820e+00 3.04042362e+00
  5.94362839e+00 5.59935460e+00 2.83309193e+00]
 [2.82712632e+01 4.58926913e+01 8.94956868e+00 1.22124521e+01
  2.16183261e+01 2.58861283e+01 1.12561282e+01 1.17926960e+01
  1.88210039e+01 1.84724714e+01 5.34319952e+00 6.41136278e+00
  3.10204473e+00 4.04613736e+00 6.90697426e+00 7.55834154e+00
  4.36589871e+00 6.21718303e-30 4.76170255e+00 1.75265106e+01
  6.63917372e+00 7.06144707e+00 6.82632456e+00 1.15913003e+01
  1.34172352e+01 1.89056759e+01 3.35328284e+01 9.75190459e+00
  2.44451076e+00 2.20516105e+00 2.52927878e+00 2.37958122e+00
  4.67743566e+01 4.63756967e+01 1.52187874e+01]
 [5.72551870e+01 5.34996541e+01 2.00102168e+01 2.21186461e+01
  1.37724072e+01 1.29626135e+01 1.62948231e+01 1.61963124e+01
  1.93460244e+01 2.06419833e+01 1.27246725e+01 1.34420559e+01
  6.70158243e+00 5.41116526e+00 1.05657174e+01 9.49846695e+00
  9.25259191e+00 5.94501358e-29 7.20712347e+00 1.88521616e+01
  1.46231948e+01 1.28381049e+01 1.13134458e+01 1.05916913e+01
  2.37605834e+01 2.56324310e+01 4.48747394e+01 1.78219652e+01
  4.66281298e+00 4.32745030e+00 4.69076312e+00 3.32569086e+00
  3.04733194e+01 1.66734931e+01 1.28469762e+01]
 [1.13385868e+02 1.19244888e+02 1.71273739e+01 2.33042322e+01
  1.67537212e+01 1.50258695e+01 2.19839366e+01 2.24830290e+01
  2.35676065e+01 2.96773135e+01 1.07093606e+01 1.52454935e+01
  5.95960484e+00 5.95436205e+00 1.34208163e+01 1.13846667e+01
  9.74071639e+00 4.59675871e-29 7.33475742e+00 2.19423945e+01
  1.11287932e+01 1.09937106e+01 1.32802261e+01 1.18780544e+01
  2.92613275e+01 4.06299765e+01 8.97894530e+01 2.26621020e+01
  3.79020034e+00 4.88888727e+00 4.28343507e+00 3.67311359e+00
  1.71956442e+02 8.53118805e+01 8.73788848e+00]
 [2.82582445e+01 3.12204587e+01 8.48662315e+00 8.13848510e+00
  8.81920244e+00 7.31995506e+00 1.43756868e+01 1.45935880e+01
  2.06172266e+01 2.04413550e+01 4.79410991e+00 5.52341356e+00
  3.66628207e+00 2.64342824e+00 1.00124861e+01 7.74131052e+00
  4.09174913e+00 1.94783692e-29 4.73819993e+00 1.85059728e+01
  4.96618044e+00 4.63429654e+00 8.58323962e+00 6.63971578e+00
  1.11891011e+01 1.85817880e+01 2.77987344e+01 9.09897823e+00
  2.05026130e+00 2.07932181e+00 3.80755244e+00 1.92825504e+00
  2.14725250e+01 1.93145567e+01 2.76724375e+01]
 [1.21992481e+01 2.24453750e+01 8.99701819e+00 7.59336347e+00
  1.15854710e+01 1.70123447e+01 5.59206996e+00 6.82372101e+00
  1.06930259e+01 1.01916730e+01 4.29809842e+00 5.86328106e+00
  3.43974121e+00 4.58610516e+00 3.52392459e+00 3.44528049e+00
  2.45388550e+00 1.00503325e-29 1.89963301e+00 9.59940043e+00
  7.10806434e+00 2.19112555e+01 5.43850509e+00 6.61207696e+00
  5.97786842e+00 1.25883980e+01 1.58181534e+01 7.33905409e+00
  1.37851631e+00 1.17126445e+00 1.15525446e+00 1.14019235e+00
  8.46609897e+00 2.02897060e+01 8.39030675e+00]
 [1.75385241e+01 4.03528208e+01 1.27871364e+01 1.63142185e+01
  1.82869370e+01 1.75819555e+01 1.08176631e+01 9.21761243e+00
  1.32376486e+01 1.39992273e+01 1.25085746e+01 2.11018137e+01
  3.91025677e+00 3.39116670e+00 5.72966004e+00 5.50996987e+00
  2.45348901e+00 1.00962707e-29 3.19787122e+00 1.40890979e+01
  2.05094059e+01 1.34093705e+01 8.11080438e+00 7.98196113e+00
  6.95468912e+01 5.96076473e+01 2.29080424e+01 6.03665621e+00
  2.25146258e+00 2.01164136e+00 2.08540526e+00 1.69678069e+00
  1.42528642e+01 1.01357731e+01 5.60382731e+00]
 [3.49554131e+01 5.11359794e+01 1.31679530e+01 1.58629441e+01
  1.39491102e+01 1.58273928e+01 1.84173360e+01 2.32948576e+01
  2.69793091e+01 3.20671300e+01 7.19469895e+00 1.06582150e+01
  5.03541042e+00 7.21517148e+00 1.39256294e+01 1.57282355e+01
  6.29142895e+00 1.75896141e-29 1.10567815e+01 2.71634996e+01
  8.86536998e+00 9.93820573e+00 1.26265892e+01 1.51648758e+01
  1.37720667e+01 1.90687574e+01 3.13153273e+01 1.38175613e+01
  3.48627240e+00 3.72996470e+00 6.20535930e+00 6.48485802e+00
  3.36927673e+01 3.22258539e+01 9.25930579e+00]
 [2.36088063e+01 3.69391373e+01 1.00120225e+01 7.09301399e+00
  8.78045030e+00 9.95903006e+00 7.87752839e+00 8.14783677e+00
  7.48614323e+00 7.81432782e+00 4.03730515e+00 4.65532084e+00
  1.81253759e+00 1.88268331e+00 3.70355118e+00 4.04234297e+00
  2.66247514e+00 1.28494060e-29 2.77633367e+00 7.28924888e+00
  6.14822432e+00 4.27782872e+00 4.60090155e+00 4.49459382e+00
  8.30970706e+00 1.25620539e+01 2.19052551e+01 6.73795211e+00
  1.21738074e+00 1.27300735e+00 1.56134465e+00 1.46938166e+00
  1.35910491e+01 1.37936522e+01 5.46871459e+01]
 [5.16694398e+00 6.19273008e+00 8.31347942e+00 6.57630571e+00
  2.06685688e+01 2.05959697e+01 2.04948408e+01 1.51301601e+01
  1.92386828e+01 1.63854076e+01 3.54344756e+00 4.67884468e+00
  4.30616107e+00 5.68720994e+00 8.58270083e+00 7.36016259e+00
  2.11821305e+00 1.74997095e-29 3.95733620e+00 1.72487511e+01
  9.19764028e+00 7.01317551e+00 1.01573253e+01 1.07885464e+01
  3.13078884e+00 3.95947594e+00 3.66125985e+00 2.58131235e+00
  1.59398650e+00 1.66717296e+00 2.96155252e+00 2.42086274e+00
  8.06472289e+00 6.55298625e+00 2.61203761e+01]]