[[4.96806561e+02 1.60689075e+03 3.05038667e+02 1.40146207e+02
  4.17847695e+02 5.10362115e+02 7.56853915e+01 6.01998307e+01
  7.45099927e+01 4.93161163e+01 6.28711767e+01 2.56535802e+01
  1.45677426e+01 8.64380599e+00 2.43204445e+01 2.12649063e+01
  3.12048243e+01 2.59885490e-27 1.95488360e+01 5.77870284e+01
  1.79983887e+02 4.61045122e+01 4.18060400e+01 2.57602181e+01
  7.02369884e+02 1.04395093e+03 5.21207190e+02 3.86353904e+01
  7.70032893e+00 8.82498755e+00 7.81017107e+00 5.92947195e+00
  1.04562577e+03 1.35269696e+03 1.14613234e+02]
 [7.26926448e+02 1.05821317e+03 4.10940466e+02 6.13205377e+02
  1.10201513e+02 7.65325276e+01 6.76329888e+01 7.89553959e+01
  9.91772700e+01 9.82371559e+01 6.99627269e+01 1.36060134e+02
  2.19874936e+01 2.08181523e+01 3.79826264e+01 4.15150791e+01
  6.10700824e+01 2.46834979e-27 2.70334888e+01 9.89525732e+01
  1.21473626e+02 1.23177389e+02 4.70976458e+01 4.00059083e+01
  2.67106426e+02 7.29509666e+02 8.20802552e+02 3.43604113e+02
  1.67775606e+01 1.81184421e+01 1.47146066e+01 1.31108788e+01
  1.24393752e+03 5.12877488e+02 1.01864098e+01]
 [2.75239066e+02 3.25639724e+02 9.91056127e+01 6.34144101e+01
  2.05654422e+01 2.80180880e+01 2.25015918e+01 3.98905317e+01
  3.75117370e+01 3.97516291e+01 3.93978099e+01 2.19456907e+01
  6.13937193e+00 5.72492462e+00 1.34947868e+01 1.68286946e+01
  2.56349086e+01 3.61299960e-28 1.37674810e+01 3.87026574e+01
  2.42419564e+01 2.10047964e+01 1.30906350e+01 1.65335171e+01
  1.29607493e+02 1.58433672e+02 2.63946506e+02 1.13682353e+02
  7.80582184e+00 6.17709337e+00 5.19896899e+00 5.95349793e+00
  1.62997632e+02 3.19513326e+02 7.14818452e+02]
 [4.85842188e+02 3.27192167e+02 3.80636332e+02 3.80820528e+02
  8.42297955e+01 1.15795623e+02 2.68588051e+01 5.25343003e+01
  4.34840146e+01 4.63975044e+01 6.68839650e+01 4.15010002e+01
  1.17849590e+01 1.66045907e+01 1.41001015e+01 2.39884482e+01
  2.05364239e+01 9.25072152e-30 1.53994925e+01 4.14364748e+01
  8.27183008e+01 1.00573667e+02 1.70318316e+01 3.62699088e+01
  3.13294958e+02 8.72472707e+01 3.61457310e+02 1.52937424e+02
  1.62774366e+01 8.59127491e+00 4.80208276e+00 7.02975286e+00
  5.89678076e+02 1.98913979e+03 1.22934848e+01]
 [3.09600461e+03 2.50538600e+03 4.56038378e+02 1.47720315e+02
  4.37789290e+01 6.68764647e+01 6.13582275e+01 1.03351106e+02
  9.21264261e+01 9.76849842e+01 1.74618740e+02 1.14111244e+02
  1.68537193e+01 1.03523007e+01 3.42633963e+01 4.74233908e+01
  1.37979411e+02 1.59740445e-28 2.80125582e+01 9.00962528e+01
  9.11677517e+01 3.40763577e+01 2.74671503e+01 4.35386681e+01
  8.43534562e+02 5.52717154e+02 2.23499654e+03 5.34978921e+02
  3.57664797e+01 1.74931412e+01 7.37631445e+00 1.38027297e+01
  2.31020869e+03 2.72950798e+03 2.89845304e+01]
 [1.37485940e+01 2.27067050e+01 2.51866302e+01 1.74999742e+01
  2.54849567e+01 1.25087903e+01 3.05877204e+01 1.54569857e+01
  2.35370629e+01 1.81540578e+01 1.04086007e+01 7.27356186e+00
  6.59960430e+00 3.41842184e+00 1.18902355e+01 8.92856735e+00
  7.40507641e+00 5.22093612e-30 7.00914068e+00 1.87228314e+01
  2.23521195e+01 8.64442187e+00 1.24406323e+01 8.15784393e+00
  1.96071167e+01 4.21513447e+01 2.69283552e+01 8.94211947e+00
  4.85911154e+00 2.81402796e+00 5.76668118e+00 3.89700902e+00
  3.50917124e+01 1.17523354e+01 1.42881543e+01]
 [8.29802859e+01 2.73722216e+02 4.42276889e+02 4.48560606e+02
  1.43141046e+02 1.03636102e+02 9.86155622e+01 5.05791537e+01
  1.11143743e+02 7.25034604e+01 5.04455535e+01 9.42289931e+01
  4.19697029e+01 3.46277732e+01 4.60880724e+01 3.31239505e+01
  2.33394707e+01 1.83269252e-28 2.38170392e+01 7.61304857e+01
  3.09871530e+02 1.94112515e+02 8.21790808e+01 7.61316854e+01
  2.79916993e+02 2.38035402e+02 1.50148577e+02 6.21617991e+01
  1.87567765e+01 1.66089510e+01 1.59300283e+01 1.22906016e+01
  1.33519073e+03 2.26070725e+02 1.82959196e+02]
 [2.50971328e+03 1.94063241e+03 7.11016571e+02 9.15695450e+01
  2.49431878e+01 1.05619737e+02 4.27540848e+01 9.52547916e+01
  7.16835117e+01 8.62029918e+01 1.86020693e+02 5.91899427e+01
  1.43823637e+01 1.61707009e+01 2.53741720e+01 5.14633818e+01
  1.04950823e+02 2.28258778e-28 3.04839182e+01 7.99529648e+01
  8.13816957e+01 3.17370312e+01 1.75924799e+01 5.19444577e+01
  1.03166023e+03 3.82692500e+02 1.78541112e+03 4.97633244e+02
  2.80833958e+01 1.09886396e+01 8.45475806e+00 1.70099093e+01
  2.28044363e+03 2.78883766e+03 1.29120886e+02]
 [1.56318424e+03 1.20135048e+03 7.35187267e+01 1.42242752e+02
  3.30569320e+01 2.18331597e+01 4.73477011e+01 4.82526383e+01
  7.40431922e+01 8.71785088e+01 7.08953186e+01 7.63971578e+01
  1.06703692e+01 7.24307746e+00 2.97682955e+01 2.59739201e+01
  8.08765040e+01 3.19111662e-28 2.19592190e+01 7.46829321e+01
  3.76421618e+01 4.18629540e+01 2.90807912e+01 1.92685298e+01
  2.89343813e+02 2.60515381e+02 1.07661948e+03 2.63718965e+02
  1.84811746e+01 1.77193822e+01 9.45852111e+00 8.57233435e+00
  9.23785610e+02 1.34611135e+03 1.77254077e+01]
 [1.22800243e+02 3.15918360e+02 1.84752955e+02 2.27850970e+02
  1.57106624e+02 1.46185355e+02 1.41665262e+02 1.68930513e+02
  8.81898245e+01 1.89055112e+02 1.27904395e+02 2.37287661e+02
  2.08820557e+01 3.06315426e+01 4.14488546e+01 3.33438799e+01
  4.10335829e+01 2.29261394e-27 2.78165789e+01 2.43584083e+02
  3.34545039e+02 2.35286841e+02 1.89052435e+02 1.03187961e+02
  1.06175023e+02 3.39434504e+02 1.20244836e+02 9.51918140e+01
  1.20970964e+01 3.83624816e+01 1.00719220e+01 7.14271621e+00
  4.62864658e+02 1.90325663e+02 6.57020171e+02]
 [3.59881804e+01 3.45500870e+01 5.18579538e+01 4.50284758e+01
  4.20152193e+01 3.23633061e+01 3.33038843e+01 2.88308685e+01
  3.55012028e+01 3.14698735e+01 1.82796630e+01 2.11397193e+01
  8.21699660e+00 8.17190090e+00 1.87084246e+01 1.46963332e+01
  1.38555639e+01 1.76833766e-29 9.82423832e+00 3.21989164e+01
  2.34875336e+01 2.44508714e+01 2.12471585e+01 1.87458475e+01
  2.36225160e+01 2.65362677e+01 3.41970590e+01 2.08367300e+01
  6.67578727e+00 5.97677808e+00 5.66088272e+00 6.75377238e+00
  1.96029852e+01 1.96106812e+01 1.38322086e+01]
 [2.02956050e+02 2.82025262e+02 4.70525338e+02 5.64779041e+02
  1.35826966e+02 1.44508997e+02 5.85567827e+01 5.36891927e+01
  7.80786927e+01 6.87901514e+01 5.09437807e+01 8.13266948e+01
  2.25780711e+01 2.33671828e+01 2.68087728e+01 2.47971323e+01
  2.64366789e+01 7.89614050e-29 1.29587479e+01 5.60738917e+01
  1.33728918e+02 1.32109004e+02 5.52616145e+01 5.57044001e+01
  1.01115264e+02 1.59300234e+02 2.39142859e+02 6.31017990e+01
  1.22488522e+01 1.58482756e+01 7.88955759e+00 7.45191454e+00
  8.54031048e+02 1.11627354e+03 5.20675282e+01]
 [3.94135213e+02 3.00514704e+02 1.05475934e+02 4.58336228e+01
  7.69028867e+01 2.20136572e+01 2.20464232e+01 2.18807823e+01
  2.24273644e+01 2.25447596e+01 4.47476954e+01 2.20855497e+01
  9.46025091e+00 6.05014728e+00 1.14199358e+01 1.14409135e+01
  2.17535093e+01 9.83810271e-29 1.20652655e+01 2.24621496e+01
  2.67063461e+01 1.72105890e+01 1.38496124e+01 1.35183191e+01
  1.96580975e+02 6.66736465e+01 2.71741295e+02 7.49554476e+01
  8.53964841e+00 5.58073046e+00 4.99244258e+00 3.90789479e+00
  2.98134784e+02 5.74371338e+02 8.16509134e+01]
 [6.76313851e+03 6.37329766e+03 9.88571445e+02 1.30132546e+03
  1.60616525e+02 2.24637122e+02 9.99436620e+01 1.25924447e+02
  1.14738036e+02 1.30932845e+02 3.02076276e+02 3.38307516e+02
  3.31280347e+01 5.17209349e+01 5.03019784e+01 5.37273137e+01
  2.62065361e+02 1.46793199e-27 3.98936041e+01 1.15110322e+02
  2.19297340e+02 2.40120873e+02 6.02793118e+01 9.43338148e+01
  1.48818322e+03 1.52677617e+03 4.90631859e+03 8.84438653e+02
  5.46735104e+01 5.43444194e+01 1.92998276e+01 1.73578486e+01
  1.12540715e+04 6.97312271e+03 3.34282129e+01]
 [8.17392812e+02 5.61212771e+02 2.17450707e+02 1.63405003e+02
  3.45840191e+01 3.64251294e+01 5.25755035e+01 6.15845425e+01
  8.08833543e+01 8.09844263e+01 3.75200954e+01 4.97435269e+01
  8.64016921e+00 8.42568400e+00 3.54264242e+01 3.23482479e+01
  3.51440678e+01 3.27549094e-28 2.40355022e+01 7.31571259e+01
  3.33693131e+01 2.88965172e+01 2.52946169e+01 2.47152879e+01
  7.78673672e+02 4.49931882e+02 9.92121276e+02 6.50868172e+02
  1.25046962e+01 1.09442941e+01 1.21003787e+01 8.00056432e+00
  7.63462324e+02 6.60124661e+02 9.96173797e+01]
 [1.18122050e+02 2.60354019e+02 9.20661291e+01 2.03186158e+02
  6.12603200e+01 6.04245369e+01 3.19623717e+01 3.38037344e+01
  4.44943293e+01 4.15706654e+01 3.54900251e+01 4.73762436e+01
  1.21095045e+01 1.11573359e+01 2.15425924e+01 2.03445689e+01
  2.15931846e+01 1.03993146e-28 1.26882463e+01 4.05513581e+01
  6.69570844e+01 1.37387194e+02 2.35467691e+01 1.36079442e+02
  7.66086455e+01 1.43421338e+02 1.70515144e+02 6.95755249e+01
  9.45982085e+00 6.97349296e+00 7.43692565e+00 6.26921525e+00
  1.23339496e+02 2.84989889e+02 4.56257209e+01]
 [6.83443478e+01 7.26305869e+01 3.73490580e+01 4.00628963e+01
  2.68292925e+01 2.07494170e+01 3.38200872e+01 3.67788613e+01
  4.80795129e+01 4.29779248e+01 1.35198384e+01 1.64072025e+01
  1.13042143e+01 9.89420832e+00 2.44645624e+01 1.95254354e+01
  1.36999474e+01 1.72302998e-29 1.66167441e+01 4.32592576e+01
  1.91076260e+01 1.61063827e+01 2.00649272e+01 1.71991479e+01
  2.96752989e+01 3.87310940e+01 5.43264686e+01 1.89267773e+01
  6.08385928e+00 4.45340286e+00 8.62017312e+00 7.66184276e+00
  1.76316367e+01 8.62194230e+01 2.23417189e+01]
 [3.80292033e+02 6.15793015e+02 8.36865738e+01 1.07689690e+02
  4.11162205e+01 5.37174132e+01 3.43298962e+01 4.12447834e+01
  6.13748704e+01 6.41381345e+01 3.45219196e+01 4.75557835e+01
  1.35627018e+01 1.53477985e+01 3.49887575e+01 2.83405687e+01
  3.12795456e+01 8.09800215e-29 3.96826183e+01 6.35908813e+01
  3.04030277e+01 3.88001467e+01 2.94461829e+01 2.64351942e+01
  1.25815977e+02 1.49139936e+02 3.20759511e+02 1.08094351e+02
  1.20316094e+01 1.15143628e+01 1.62796741e+01 1.58022153e+01
  3.74582183e+02 5.92577796e+02 1.40413183e+02]
 [2.73277423e+02 3.28138635e+02 9.28727358e+01 4.45718987e+01
  3.90527223e+01 4.34357011e+01 4.43424199e+01 5.36654250e+01
  6.08525058e+01 6.51181344e+01 3.59211136e+01 3.23968149e+01
  7.85642333e+00 8.57640904e+00 2.01294096e+01 2.58289156e+01
  2.34699331e+01 1.08224749e-28 1.60651799e+01 6.40728961e+01
  3.09605611e+01 2.03737745e+01 2.01045314e+01 2.89928065e+01
  1.09341297e+02 8.58817519e+01 2.50748581e+02 7.37466060e+01
  1.04927985e+01 7.12837170e+00 7.61351052e+00 1.33158597e+01
  1.06710035e+02 2.67473299e+02 3.94841021e+02]
 [1.06249540e+03 1.07385383e+03 8.52554080e+03 5.57825576e+03
  5.76585561e+03 3.62383883e+03 4.64368353e+02 1.40803361e+03
  5.05001258e+02 8.43011766e+02 1.27359130e+02 1.78514965e+02
  3.09546700e+02 6.64829109e+01 1.59747906e+02 8.64219402e+01
  2.06993016e+02 6.34528734e-28 8.70546795e+01 6.78299036e+02
  5.48380376e+03 2.81118127e+03 2.69576499e+02 1.40367174e+03
  4.38244963e+02 3.09550674e+02 1.28092037e+02 2.30447718e+03
  3.54688043e+01 2.59892102e+01 2.69359166e+01 2.24281442e+01
  3.62278960e+02 8.81684340e+02 6.48155434e+01]]