[[ 0.29681876  0.26594067  0.62144075  1.21550831  0.85850355  0.55591982
   0.67555231  0.54804481  0.45734484  0.62722297  1.28162391  2.54057463
   6.26058589  2.39768132  0.90232494  0.79675321  1.07275936  0.34665624
   0.90849947  0.52830786  1.10477533  1.94600394  1.66966176  1.16905711
   0.19650164  0.22537364  0.33133259  1.16041478  2.07931022  2.29311427
   1.64949802  1.34280345  0.21817155  0.19719462  1.96281945]
 [ 5.51123152  4.62697186  1.51650356  1.73049116  2.59025838  4.62089303
   1.90847805  2.09221878  2.24444578  4.83658632  5.47177342  8.26355566
   1.16924686  2.42313561  1.73530021  1.96429181  4.17104327  1.94405701
   2.15761984  3.76941336  2.75684769  4.24582742  1.50183953  1.41763709
   6.78875372  3.90307203  5.45447501  4.8203771   3.24555598  5.30199536
   1.74372233  1.84834474  2.73032994  5.10594887  9.38356551]
 [10.27477866 15.77472044  6.68108792 24.81269142  6.80289266  3.32516504
   3.81823631  2.88032059  3.06287073  3.08260562 10.7260647  13.56078896
   3.76631192  8.87484709  3.64330747  2.81208711 10.93872185  6.00752929
   3.32221354  3.18455944  6.19163141 28.37302119  3.91119868  2.76389935
  15.56144017 21.75480934 11.36910083 12.05868743  5.55829431 10.28270932
   3.16543732  3.10502648 11.79146761 15.81413396  6.83595638]
 [20.08489567 14.78728549  3.90387978  4.06839144 15.47593544 15.11654242
   5.04872737  3.55709005  3.70578591  3.75717405 11.7557865  21.16267688
   9.38690729  7.78686168  3.24644273  2.4492186  11.94169788 12.50516118
   2.67508075  4.05972607 11.08145239  9.47236198  9.99821751  5.7911269
  15.06539406 17.79676645 11.99578399 17.84304537  7.93939424  9.41875394
   2.93735571  3.10302722 16.15541387  4.79382564  9.40272494]
 [ 3.56215295  3.8736619   5.38815598  7.15143488 22.97516138  3.79941312
   3.62867516  2.10269732  6.84143738  4.28121011  4.36977585  8.87850246
  12.94466712  6.5827925   4.11883485  2.38204056  2.88515577  4.94989252
   3.06487235  5.48153508  6.20548884  9.03913581 13.46915372  3.33253232
   5.88683086  9.24767874  3.16441697  3.22481271  3.03009737 10.10696531
   5.2455573   2.48579206  3.56755709  2.5252582   4.4954784 ]
 [12.78777    22.8350568  17.53978951 21.03940465  9.14093908  3.94154834
   2.14744686  3.33500097  3.39070011  5.55619093 18.54634188 10.68033202
   6.64615191  3.74483278  2.6847441   3.13368934  5.63472673 12.95733705
   2.69685455  4.36297325 17.43420253  5.03106773  6.04598354  2.96658142
  25.14891282  6.3261308   8.06583252  9.51850076  5.33119895  4.99727068
   3.14895356  3.13192683 27.41040124 37.32994252  8.44262683]
 [ 1.88672505  0.86633672  0.51041289  0.53409717  1.15112536  2.00220111
   1.37405856  1.92648917  1.42612198  1.30533472  1.33934815  1.18414858
   1.64865832  2.56261167  1.33282237  1.38100191  2.12247046  1.54806939
   1.21869398  1.46216171  0.47521661  0.96324444  1.27121664  1.53650651
   0.71285757  0.80155243  1.44689472  1.39933585  1.8554045   2.26708247
   1.75290798  1.78752407  0.45722027  1.98663161  3.71135333]
 [ 1.79473033  1.9298254   1.22603716  2.56782883  6.60234016  5.60986683
   7.47692482  4.24716606  3.64724054  5.62517021  2.47648323  4.89860056
   2.69506918  2.8693737   2.27137504  2.06904317  1.83432985  3.9165229
   1.78291253  4.12410341  2.25412269  2.86987844  3.66961444  4.16684204
   1.76199446  3.64217783  1.64122166  1.92014703  2.03172008  3.31869573
   2.33417704  2.06030185  1.79670803  1.1594176   8.43973717]
 [ 2.81746271  3.20680751  5.57371704  2.53967766  1.41168044  1.46103978
   1.47348372  1.37219083  1.68598402  1.74544426  2.75117128  1.86673493
   1.53731508  2.47220096  1.29804098  1.33333057  2.1125858   2.39375289
   1.30053173  1.89210593  2.06515394  1.84199222  1.33756278  1.57694112
   3.5206874   2.53411236  2.89354771  2.5628472   1.95195663  1.70571004
   1.60817975  1.61817838  2.36916179  2.25325697  3.43186088]
 [ 7.90016429  1.15005121  2.24040165  1.58083558  1.54820545  1.07598828
   1.43507551  1.63580524  1.90866358  1.14558989  2.15866958  1.2296747
   1.24803381  1.37361004  1.25214139  1.29680963  1.51748925  0.87452044
   1.28403167  1.06195403  0.80683672  1.47578053  0.93570855  1.6794265
   8.53292961  1.12447582  1.97752035  1.78173404  2.58380515  1.10801662
   1.52504507  1.96272213  2.34951086  1.15324963  0.51418348]
 [ 2.82108956  2.82276888  2.08230564  2.27196322  1.48599516  2.0974082
   1.85774987  4.84344671  4.88751121  3.88317461  2.78566995  3.34945939
   2.00687644  2.74530442  2.04703544  1.95100224  2.22501391  3.60052053
   2.00299649  4.12757817  2.36990626  2.73178154  1.70090051  1.95406474
   3.41670416  4.90454003  4.41472283  2.84934154  2.39154205  2.94974226
   2.23485904  2.22254068  8.22538665  6.96712164  4.80050374]
 [ 5.07699573  5.32816767  0.76252531  0.85143033  6.49071045  7.31966391
   2.90339072  3.35419706  2.71564554  2.24560157  2.72701476  2.22561803
   2.27899595  2.33106096  2.39091318  2.72536239  3.08553693  2.35103998
   2.40471973  2.78106255  1.45037758  1.35406628  1.93609514  8.23810924
   4.42033421  4.43535014  5.29144781  3.93488771  2.50689243  2.348635
   2.56730999  2.64584637  2.35704175  1.8557253   6.92772439]
 [ 2.88264023  3.12989424  2.78467809  3.7760807   2.2187117   3.80640404
   4.16082233  4.65115194  5.94366935  7.99831632  3.13848229  5.13511949
   4.35931434  5.37395106  4.58256513  4.65570845  4.28775845  4.46209063
   4.04648956  6.88747928  7.48428935  4.89107405  4.24953972  4.31888355
   2.33023978  4.71662118  3.06052049  3.32340045  4.84208243  6.02681685
   5.22673276  5.8194658   2.89554893  1.05237774  5.38246595]
 [ 0.62791842  0.7065027   0.36933198  0.49137364  1.04730588  0.93857673
   1.17883689  1.1235133   1.47469689  1.50396517  0.70944382  1.13135816
   1.71441484  1.84093451  1.36330409  1.72119914  0.91521022  0.73001795
   1.40856704  1.49595447  0.84652275  0.85581297  1.38455378  1.50561145
   0.63255007  0.89099055  0.70455253  0.76590384  1.24929377  1.71584888
   1.25480874  2.17449437  0.67175542  0.52778551  5.25607758]
 [ 1.01581934  1.53576158  0.72266866  0.95001376  2.06611528  1.41308662
   1.03811662  0.85816137  1.60561321  0.86637836  1.52047784  1.97422622
   1.38986963  1.7567976   0.88347835  0.66041242  1.39526985  2.202245
   0.6746472   1.26181655  1.3526397   1.46296975  1.13015886  1.15664353
   0.35921923  1.15359853  0.85081782  0.36689218  1.44910218  1.72218953
   0.92267131  0.97365792  0.98051256  0.95736102  5.94680931]
 [ 3.03183988  3.07180361  4.71279238  2.64831642  7.91887277 12.51372581
   3.40132499  3.19137093  1.94636033  2.08999847  6.04257464  7.69484265
  16.49162672 23.47255272  3.13946884  2.87641974  3.16070888  3.85841205
   2.54219366  2.13264667  6.56439392 18.76298116  6.19766982  3.05748817
   2.54453647  3.42083069  3.00828025  3.23660588  6.13539822  9.72629888
   4.22720597  3.98442178  2.2750556   2.55013951  5.7022607 ]
 [ 8.85437904 15.23441145  8.04087134  9.28264598 11.6222777   8.78952612
   3.8330882   2.74938597  4.27513024  4.67343179 17.14142254 23.45453959
   8.41299677  4.25322902  2.04258912  2.11215367  4.74728729 10.00359405
   1.69001548  4.89701245 19.58798101 15.64839652  6.13945201  4.06224718
  27.99473979 26.57192746 12.82105911  9.55741506  7.38816591  7.23909896
   2.29031803  2.06841732 18.7315874   5.99180874  8.52328177]
 [ 1.40504135  1.42427406  0.9778422   0.99733907  0.86013789  1.02683468
   1.22993273  1.58275313  1.80507535  2.04985326  1.36173892  1.51107371
   1.24090583  1.32001773  1.08862105  1.42209324  1.4888536   1.0245284
   0.84844403  2.00726949  1.20162058  1.16386135  1.00410847  1.17795143
   1.25916549  1.37670733  1.53380301  1.36014343  1.60984553  1.91970449
   1.02314455  1.10764724  1.66592842  1.00962615  1.42164301]
 [ 2.98136024  4.24281665  3.02817957  1.85728673  2.7663278   3.78159485
   1.19936465  1.39952708  1.04611839  1.30251533  2.11775019  2.71901917
   1.28982531  1.57859274  0.88785657  1.02146588  1.95790504  1.86699104
   0.92500765  1.16830794  3.93525342  1.51153563  0.78920325  0.92782512
   2.40857439  4.3534031   3.18633211  2.38997974  1.71707007  1.91943331
   1.07962602  0.87424983  5.21763658  2.39185935  3.25385348]
 [ 0.20437727  0.29699988  0.04370632  0.05636613  0.13960704  0.3435458
   1.35302577  0.35030099  1.13216249  0.40285954  1.12302769  1.05736436
   0.56434987  2.3738052   1.12842869  1.8543676   0.38789868  0.80345555
   1.02420681  0.68191459  0.09841832  0.15670946  0.98470959  0.36648561
   0.30741325  0.67854351  1.23003808  0.05092371  1.73700826  2.26306783
   2.09169508  2.38340843  0.78447725  0.3731757   8.29613384]]