[[1.92854372e+00 2.24626657e+00 1.94493409e+00 2.27967380e+00
  3.16240435e+00 3.32452279e+00 1.98623849e+00 1.70909235e+00
  1.63642509e+00 1.38823754e+00 8.66355068e-01 1.34077740e+00
  1.22659081e+00 5.04562712e-01 1.02561474e+00 8.53160193e-01
  6.87323454e-01 1.28785031e-29 5.29254667e-01 1.39766286e+00
  2.44062950e+00 1.36701323e+00 1.76722554e+00 1.10010044e+00
  1.16626092e+00 2.00737881e+00 1.83260173e+00 8.47099725e-01
  3.01424514e-01 3.17511612e-01 3.94959849e-01 2.57771590e-01
  2.23825792e+00 1.42446974e+00 1.42303174e+00]
 [1.56442655e+00 1.72126719e+00 1.31300739e+00 1.44520858e+00
  8.22385812e-01 1.20432905e+00 7.67606103e-01 1.09582867e+00
  1.10151595e+00 2.14851767e+00 7.46448998e-01 8.17704054e-01
  3.17853006e-01 4.26292333e-01 5.22286279e-01 6.02557434e-01
  4.88048998e-01 7.70607007e-30 3.63221794e-01 1.64599867e+00
  8.57276956e-01 8.96530579e-01 5.37397970e-01 6.43075781e-01
  1.26985243e+00 1.29478694e+00 1.71967805e+00 9.44019111e-01
  3.07144731e-01 2.78825091e-01 2.34789576e-01 2.44514611e-01
  2.37770308e+00 1.67113047e+00 2.80762515e+00]
 [4.83249161e+00 3.67460461e+00 3.05962878e+00 1.93846879e+00
  2.36026630e+00 4.54004791e+00 1.29655612e+00 1.56119795e+00
  1.60997433e+00 1.59094767e+00 1.45668918e+00 1.48582471e+00
  4.87081088e-01 5.50846989e-01 1.06772815e+00 1.00113203e+00
  7.98885562e-01 2.02585775e-30 6.74378848e-01 1.47142398e+00
  1.22225687e+00 1.00881876e+00 1.00333734e+00 1.17261474e+00
  8.38771050e+00 2.42477010e+00 5.14879759e+00 3.23743104e+00
  3.27042160e-01 3.21485764e-01 4.61406687e-01 3.65753544e-01
  5.69021062e-01 1.65447716e+00 3.65601229e-01]
 [8.49053528e+00 1.02182172e+01 2.50061377e+00 2.55663891e+00
  2.42559669e+00 1.32117641e+01 1.33749914e+00 2.39899451e+00
  1.83142807e+00 5.95697010e+00 9.92435090e-01 5.53668330e+00
  3.03841466e-01 5.28614594e-01 5.28028539e-01 1.00243773e+00
  6.27037369e-01 8.64036977e-30 4.28929304e-01 3.69669686e+00
  1.26448040e+00 2.33220424e+00 1.02259123e+00 1.93642548e+00
  4.32331039e+00 3.59763913e+00 4.74777467e+00 2.58206171e+00
  2.49865418e-01 4.05838849e-01 1.81646601e-01 2.42962698e-01
  2.86086030e+00 2.79004271e+00 4.64663111e+00]
 [4.58957641e-29 2.43590922e+00 2.78001614e+00 2.13759355e+00
  2.17458161e+00 1.44739628e+01 1.79651530e+00 2.38984755e+00
  1.73668252e+00 1.70199450e+00 1.11922309e+00 1.28890152e+00
  7.05554936e-01 7.35704393e-01 1.09745303e+00 1.33933548e+00
  7.58648174e-01 2.26809808e-30 7.43008223e-01 1.60069548e+00
  1.35278673e+00 1.41600543e+00 1.54634285e+00 2.43592854e+00
  1.56553662e+00 1.61496134e+00 2.14407608e+00 1.14806509e+00
  4.46532984e-01 5.32491028e-01 4.56327691e-01 4.52303636e-01
  5.88839976e-01 5.68700407e-01 2.41338083e+00]
 [9.76857124e-01 9.53520311e-01 1.10147561e+00 9.35137512e-01
  9.17399432e-01 7.96824489e-01 8.88285111e-01 1.17397798e+00
  3.82776374e+00 3.50966773e+00 5.70904964e-01 6.26321342e-01
  4.27048531e-01 3.95113286e-01 6.41453888e-01 6.77130484e-01
  4.07217046e-01 6.13645184e-30 4.90797928e-01 4.50757743e+00
  1.07377055e+00 6.82195131e-01 5.92166610e-01 6.92638468e-01
  8.45542233e-01 8.73581178e-01 9.41458804e-01 5.72364329e-01
  3.14768091e-01 2.65132979e-01 3.04401840e-01 2.44659527e-01
  3.21040505e-01 2.08663421e-01 7.69699065e-01]
 [3.11100671e+00 2.90264408e+00 2.16972187e+00 2.54472230e+00
  1.41550281e+00 5.34770301e+00 1.81017113e+00 2.19416050e+00
  3.44440817e+00 2.92316752e+00 1.16659537e+00 1.34501432e+00
  7.97171642e-01 1.02592538e+00 1.16805830e+00 1.23220920e+00
  9.02021755e-01 1.55759191e-30 9.69463188e-01 3.02987561e+00
  1.34009236e+00 1.62599840e+00 1.15769554e+00 1.34986387e+00
  1.95244529e+00 2.01407505e+00 2.98910211e+00 1.43617859e+00
  7.10106382e-01 6.46774586e-01 5.79711378e-01 5.45629365e-01
  7.53345362e-01 6.62832442e-01 3.23239363e+00]
 [2.35985318e+00 1.52970640e+00 2.44832137e+00 1.62339559e+00
  2.17779502e+00 1.70469167e+00 1.55169325e+00 2.48555595e+00
  4.89037838e+00 1.56067020e+01 8.48857147e-01 8.39586905e-01
  6.62049270e-01 5.18227276e-01 9.11265079e-01 1.40259290e+00
  5.37320720e-01 5.63779428e-29 7.89973072e-01 8.77694131e+00
  1.34741412e+00 1.08956469e+00 1.03442124e+00 1.06056091e+00
  1.35076870e+00 1.15805518e+00 1.55419782e+00 8.48922976e-01
  3.45338056e-01 3.27615282e-01 3.65449414e-01 4.11364294e-01
  7.61110799e+01 8.89944380e-01 4.76513087e+00]
 [1.63840435e+00 1.32763346e+00 8.41820618e-01 9.34578818e-01
  5.90405892e-01 6.00686279e-01 6.76904805e-01 1.10503640e+00
  7.97487864e-01 1.99763470e+00 4.83525130e-01 5.20994802e-01
  2.62997178e-01 3.05768244e-01 3.35546326e-01 4.52280311e-01
  3.58739572e-01 1.03306167e-29 2.63734552e-01 1.32460672e+00
  5.36790965e-01 5.87879951e-01 3.90767844e-01 4.71102277e-01
  7.55434782e-01 7.99127909e-01 1.17752187e+00 4.86179712e-01
  2.24745666e-01 2.21196466e-01 1.89094187e-01 1.80531632e-01
  1.39259350e+00 2.82486234e+00 4.61991219e+00]
 [1.04259154e+00 9.49913218e-01 8.50441072e-01 7.00077366e-01
  1.93190298e+00 7.14935184e-01 1.02803011e+00 7.90822746e-01
  1.24655395e+00 9.79266792e-01 3.41736441e-01 5.02793968e-01
  4.24734277e-01 3.23323400e-01 1.31123453e+00 4.16709238e-01
  2.85237131e-01 3.23334129e-30 3.14365185e-01 1.06581008e+00
  6.54020706e-01 4.89434550e-01 2.07756186e+00 5.05432388e-01
  5.87400293e-01 6.78608884e-01 1.08459769e+00 4.07671444e-01
  1.58079355e-01 2.42322243e-01 3.11028597e-01 1.72721365e-01
  4.41946523e-01 6.82122971e-01 2.26586314e+00]
 [3.01525309e+00 3.33320208e+00 2.89860767e+00 2.04404430e+00
  1.57052131e+00 1.44202541e+00 2.03594451e+00 1.65721957e+00
  2.47265988e+00 2.55132874e+00 8.83824121e-01 1.10012137e+00
  6.20066549e-01 5.13286606e-01 1.02034997e+00 8.86045850e-01
  5.71056182e-01 4.52005792e-30 4.96574834e-01 2.05191276e+00
  1.36525803e+00 1.08973541e+00 1.04618460e+00 8.61002314e-01
  1.53250820e+00 2.05646318e+00 2.79863896e+00 1.00952681e+00
  2.94129254e-01 3.13846742e-01 3.42668395e-01 3.39434403e-01
  6.86164151e-01 1.07263542e+00 1.27772594e+00]
 [1.77245199e+00 1.75492482e+00 1.77342298e+00 1.66987194e+00
  1.69207052e+00 2.16165107e+00 1.95413768e+00 2.23946157e+00
  2.97363669e+00 3.36563767e+00 1.13859844e+00 1.28618333e+00
  9.51310049e-01 9.74277169e-01 1.49879967e+00 1.50807744e+00
  1.03890700e+00 5.92954904e-30 9.56409191e-01 2.93851994e+00
  1.70613023e+00 1.57779189e+00 1.39823619e+00 2.23692640e+00
  1.44578564e+00 1.79272070e+00 2.05542703e+00 1.20650170e+00
  6.71843640e-01 7.72188414e-01 6.11484723e-01 5.70052153e-01
  2.54994551e+00 1.02004936e+00 4.42053150e+00]
 [3.62459013e+00 3.74925423e+00 2.90994186e+00 3.35994357e+00
  2.24674594e+00 2.28290633e+00 2.91217435e+00 2.95127547e+00
  6.75954824e+00 4.81720360e+00 1.77449273e+00 1.98506288e+00
  1.00685717e+00 8.71679051e-01 1.95763314e+00 1.44204441e+00
  1.16933579e+00 1.49137563e-29 1.08648445e+00 5.64772798e+00
  1.82327306e+00 2.17919262e+00 1.80030656e+00 1.68395988e+00
  2.69481499e+00 2.68286211e+00 3.30916534e+00 1.89266855e+00
  6.33298287e-01 5.86238250e-01 7.49845489e-01 4.47295653e-01
  9.07559796e-01 1.06967205e+00 6.47288580e+00]
 [3.26762516e+00 3.63065364e+00 2.98624783e+00 3.38741091e+00
  2.42504380e+00 2.79909670e+00 2.55576679e+00 3.29693533e+00
  3.15958447e+00 5.77849696e+00 1.86939985e+00 2.81608615e+00
  9.05526442e-01 1.54932642e+00 1.72666172e+00 1.96725902e+00
  1.65148141e+00 2.03161936e-30 1.12368384e+00 3.62669250e+00
  2.21139413e+00 2.40298106e+00 1.78682697e+00 2.47847576e+00
  2.60614367e+00 3.27986633e+00 3.10857169e+00 2.23763631e+00
  8.85775753e-01 1.31956364e+00 5.10257038e-01 7.50125027e-01
  1.29037490e+00 1.24500834e+00 1.40205634e+01]
 [1.19080125e+00 1.25278327e+00 9.74490294e-01 9.59689315e-01
  9.88037116e-01 9.57667293e-01 1.47143628e+00 1.49153700e+00
  2.06019681e+00 2.12309003e+00 5.22576692e-01 6.24836391e-01
  4.72620721e-01 3.97602797e-01 9.70343620e-01 8.13941891e-01
  4.37518342e-01 2.53351029e-30 4.74775869e-01 1.74963015e+00
  6.82207048e-01 6.46286823e-01 9.89937300e-01 8.03496313e-01
  8.20447958e-01 9.53807356e-01 1.17764311e+00 8.78084987e-01
  2.92721206e-01 2.89292414e-01 4.18002360e-01 2.56017848e-01
  7.87217993e-01 8.94838259e-01 6.91812702e+00]
 [2.31334660e+00 2.30438169e+00 2.14469221e+00 2.03179113e+00
  1.83118210e+00 1.78672730e+00 1.82312219e+00 1.85796022e+00
  1.98540667e+00 1.98628414e+00 1.36520313e+00 1.54521805e+00
  9.05962041e-01 8.70012756e-01 1.29285436e+00 1.16786907e+00
  1.04427093e+00 3.00396566e-31 6.97972154e-01 1.90236562e+00
  1.68024216e+00 1.53065558e+00 1.48291865e+00 1.54297240e+00
  1.80051721e+00 2.03350074e+00 2.22378032e+00 1.57584638e+00
  6.35211056e-01 5.83116029e-01 5.42338486e-01 5.19049102e-01
  9.52775991e-01 1.45474167e+00 1.20684998e+00]
 [1.71229132e+00 2.07706292e+00 1.17948023e+00 1.48414901e+00
  8.92240991e-01 2.83773964e+00 1.70987392e+00 3.12885588e+00
  9.37183945e+00 1.19148668e+01 4.44753260e-01 7.21288008e-01
  4.06004133e-01 6.13214554e-01 1.15313786e+00 1.33290187e+00
  3.72769022e-01 7.39427374e-30 7.11922528e-01 1.31343532e+01
  6.72359559e-01 1.93113233e+00 7.27757714e-01 1.23927269e+00
  8.62514482e-01 1.07049059e+00 1.25537789e+00 5.95410460e-01
  2.30477213e-01 2.73167468e-01 3.31734930e-01 3.21995971e-01
  1.44276370e+00 1.88413363e+00 7.34434169e-01]
 [2.76199645e+00 3.42219748e+00 2.01205588e+00 2.29349435e+00
  1.51309426e+00 1.71664585e+00 2.01002799e+00 3.12142520e+00
  3.45945257e+00 4.85450287e+00 1.08307792e+00 1.66007218e+00
  6.88765999e-01 8.58139447e-01 1.30892095e+00 1.73763148e+00
  8.56408256e-01 1.81485574e-30 9.78000382e-01 3.92268192e+00
  1.31401838e+00 1.41761601e+00 1.27203347e+00 1.49355397e+00
  1.63232094e+00 2.00818661e+00 2.33949310e+00 1.43514976e+00
  5.31645273e-01 6.47567101e-01 5.96909975e-01 5.89009219e-01
  1.25100329e+00 1.21969009e+00 2.43838961e+00]
 [1.14606709e+00 9.88649483e-01 1.10600953e+00 8.86020231e-01
  2.88896914e+00 8.38580604e-01 1.05238348e+00 2.24874753e+00
  4.64811080e+00 8.69000772e+00 5.80286603e-01 5.55270885e-01
  4.02242724e-01 3.17178723e-01 9.74966130e-01 1.26144350e+00
  3.77986737e-01 1.17014596e-29 6.58969138e-01 6.71695293e+00
  7.92126469e-01 6.23819039e-01 1.25566161e+00 7.03651483e-01
  8.09443087e-01 8.26861405e-01 9.33746836e-01 6.00029023e-01
  2.32497301e-01 2.40560883e-01 3.33825801e-01 2.84630880e-01
  4.54931928e-01 2.47570505e-01 2.15442827e+00]
 [1.18214608e+01 1.04800312e+01 1.19320570e+02 2.55846633e+01
  6.71539520e+01 2.83319629e+01 1.62886556e+01 3.16630014e+01
  6.65606696e+00 1.13655088e+01 3.99039853e+00 6.52561359e+00
  2.51507992e+00 2.20378428e+00 4.27292390e+00 2.79462206e+00
  3.01802751e+00 2.88888282e-29 1.82753865e+00 8.13462730e+00
  4.48699890e+01 1.41807327e+01 8.91376667e+00 6.02418748e+00
  9.75501869e+00 6.26813582e+00 5.21423201e+00 1.60132005e+01
  1.23928819e+00 1.24530335e+00 1.08852142e+00 7.51627422e-01
  1.11168884e+01 1.07407363e+01 7.63859285e+00]]