[[5.81760978e+00 6.33142626e+00 6.49253475e+00 6.46423799e+00
  9.19968224e+00 1.16817752e+01 1.18117482e+01 1.76026054e+01
  1.73212862e+01 1.32436077e+01 3.23014586e+00 3.58548727e+00
  3.42958106e+00 2.97561349e+00 7.60914844e+00 8.35393322e+00
  2.40727249e+00 7.19139329e-29 4.58158830e+00 1.32228029e+01
  6.03147318e+00 4.83733594e+00 7.86015194e+00 8.84173796e+00
  4.46054879e+00 5.41887887e+00 5.79474375e+00 3.11932133e+00
  1.18187040e+00 1.19588020e+00 2.30913888e+00 2.06974717e+00
  5.44543773e+00 2.90455097e+00 4.44516067e+00]
 [4.61417566e+00 4.50633803e+00 4.57361753e+00 4.43927619e+00
  3.65514193e+00 4.02861772e+00 3.75655662e+00 4.50975663e+00
  4.87077082e+00 5.62886355e+00 2.63263662e+00 3.15160629e+00
  1.26871723e+00 1.52124446e+00 2.40807019e+00 2.67791256e+00
  1.64221054e+00 5.52427046e-29 1.59700476e+00 5.21441055e+00
  3.15557884e+00 3.32927047e+00 2.49341608e+00 2.92083431e+00
  4.34515077e+00 3.96700310e+00 4.35290464e+00 3.17827800e+00
  1.18865344e+00 9.32055237e-01 9.57671764e-01 9.47463452e-01
  3.08303940e+00 2.90126429e+00 5.86124568e+01]
 [1.30149853e+01 1.11859582e+01 1.26699194e+01 1.10683851e+01
  1.43805678e+01 1.58894075e+01 1.98613093e+01 1.90817600e+01
  2.72866148e+01 2.32590960e+01 6.35649970e+00 6.64590231e+00
  5.02955371e+00 4.74056964e+00 1.32475925e+01 1.01643480e+01
  3.50923409e+00 8.53022192e-30 7.77086338e+00 2.17409574e+01
  7.94208214e+00 7.49916154e+00 1.20679057e+01 1.05170061e+01
  1.74742967e+01 9.34305548e+00 1.29032789e+01 8.41599232e+00
  2.61501865e+00 2.75275358e+00 5.01368190e+00 3.25339444e+00
  2.20804553e+00 4.06761118e+00 7.83988024e-01]
 [1.73746126e+01 2.05646556e+01 1.16324734e+01 1.27007808e+01
  1.19080286e+01 2.92929450e+01 1.81595170e+01 2.47062329e+01
  2.83883715e+01 3.04092977e+01 4.96278292e+00 1.18303763e+01
  2.39758163e+00 3.62355990e+00 9.17389671e+00 1.14020872e+01
  3.32422751e+00 4.11281778e-29 5.76651452e+00 2.29062052e+01
  6.52048595e+00 1.00120745e+01 8.51111694e+00 1.16898623e+01
  1.23671763e+01 1.11343190e+01 1.29428628e+01 8.44191885e+00
  1.77905174e+00 2.54097581e+00 2.44070872e+00 2.48618658e+00
  5.44755665e+00 5.06811116e+00 6.87672432e+00]
 [1.99391486e-28 8.90791047e+00 1.16708480e+01 8.96112578e+00
  9.56127446e+00 2.03969094e+01 1.62576348e+01 2.14907148e+01
  1.71187411e+01 1.63514273e+01 5.01927687e+00 5.45916345e+00
  3.54997474e+00 3.56655130e+00 8.83166926e+00 1.03130093e+01
  3.16396821e+00 8.50544395e-30 5.13197799e+00 1.44269873e+01
  6.14352319e+00 6.50538215e+00 8.23603461e+00 9.77863169e+00
  6.65269994e+00 6.46087598e+00 8.25309296e+00 4.94033707e+00
  2.00466237e+00 2.06811577e+00 2.86644166e+00 2.57521944e+00
  1.97447319e+00 2.04451381e+00 6.89760817e+00]
 [5.45853529e+00 5.54506005e+00 5.88832481e+00 5.72735721e+00
  5.65528486e+00 5.72421730e+00 6.00789115e+00 7.00061165e+00
  1.01423679e+01 9.61912984e+00 3.85742894e+00 3.58638137e+00
  2.86341872e+00 2.55577740e+00 4.37201880e+00 4.28188907e+00
  2.59879637e+00 3.67069367e-29 2.92795123e+00 1.08212358e+01
  5.17233818e+00 4.19482475e+00 4.46278853e+00 4.86403134e+00
  4.70240957e+00 4.63249576e+00 5.30008774e+00 3.60180262e+00
  2.13015982e+00 1.49744067e+00 2.07272277e+00 1.53859867e+00
  9.99760604e-01 8.60914152e-01 2.35458415e+00]
 [1.51128158e+01 1.43896616e+01 1.29979966e+01 1.48596023e+01
  1.30001148e+01 1.70349775e+01 1.69598855e+01 1.64149746e+01
  2.17352183e+01 2.10160057e+01 8.86265645e+00 9.51463928e+00
  6.74480085e+00 6.92259733e+00 1.31913842e+01 1.25063351e+01
  5.84133432e+00 1.28922222e-29 1.07498869e+01 2.08947487e+01
  1.02474936e+01 1.11904615e+01 1.23915730e+01 1.22499811e+01
  1.09993463e+01 1.11683375e+01 1.47491112e+01 8.42672060e+00
  6.04177050e+00 4.85203059e+00 5.90903080e+00 5.05547703e+00
  2.63698368e+00 2.60433862e+00 9.41879320e+00]
 [5.45169431e+00 4.60201032e+00 6.14001538e+00 4.64907957e+00
  5.78664087e+00 5.89238496e+00 8.80109196e+00 1.28367433e+01
  1.24509097e+01 2.16573667e+01 2.98567990e+00 3.06081576e+00
  2.95586805e+00 2.68120287e+00 6.50926493e+00 7.49891545e+00
  2.14780167e+00 8.90922237e-29 4.02419353e+00 1.51361254e+01
  3.95783764e+00 3.49750403e+00 4.86380728e+00 5.68766644e+00
  4.27715420e+00 3.91977679e+00 4.60773006e+00 3.10450038e+00
  1.34305129e+00 1.32781942e+00 2.25643166e+00 2.16705121e+00
  1.06720586e+02 1.60583492e+00 1.16530774e+01]
 [5.91211872e+00 4.99941568e+00 4.36381344e+00 4.79091764e+00
  4.82003529e+00 4.43349476e+00 7.13810050e+00 7.07548094e+00
  8.29231206e+00 9.87702891e+00 2.62416450e+00 2.85253936e+00
  1.90573666e+00 1.72415033e+00 3.93408801e+00 3.76526287e+00
  1.85582783e+00 4.44327766e-29 2.54680588e+00 8.93977723e+00
  3.17310896e+00 3.38592724e+00 3.99284747e+00 3.58121020e+00
  3.69800482e+00 3.76961638e+00 4.64207707e+00 2.83220933e+00
  1.16370462e+00 1.28352395e+00 1.53613099e+00 1.29485442e+00
  2.30339991e+00 4.87006195e+00 1.98166876e+01]
 [3.58989647e+00 2.96326288e+00 3.63356478e+00 2.78721437e+00
  3.80168862e+00 2.72262949e+00 4.57515251e+00 4.76171604e+00
  6.25772096e+00 5.94364968e+00 1.56012692e+00 1.87277533e+00
  1.22364346e+00 1.21867284e+00 3.50728671e+00 2.78967012e+00
  1.03859620e+00 1.14280511e-29 1.73107977e+00 6.07522929e+00
  2.11421489e+00 2.00330058e+00 3.86001237e+00 2.47842416e+00
  2.02863489e+00 2.40612585e+00 3.44594080e+00 1.42994189e+00
  7.22569284e-01 8.24386302e-01 1.04813203e+00 8.69133186e-01
  9.04524842e-01 2.52469586e+00 6.91905847e+00]
 [8.62928394e+00 9.49067529e+00 1.00323280e+01 9.87317858e+00
  1.00357231e+01 8.60407344e+00 1.49485869e+01 1.23422057e+01
  2.11154068e+01 1.58215199e+01 4.74159105e+00 5.65507029e+00
  5.37394225e+00 3.87493224e+00 9.30360060e+00 8.34595593e+00
  2.88940729e+00 3.39936069e-29 5.00802321e+00 1.54340365e+01
  6.13262058e+00 6.18303616e+00 8.11935942e+00 7.47237903e+00
  6.10944590e+00 7.85039595e+00 8.43777496e+00 4.47231290e+00
  1.76082162e+00 1.83464632e+00 3.45997518e+00 2.79987406e+00
  2.25790002e+00 3.44397820e+00 7.31996420e+00]
 [1.16669487e+01 1.17783400e+01 1.25809172e+01 1.23128418e+01
  1.21040413e+01 1.35919399e+01 1.34691475e+01 1.48473533e+01
  1.79731494e+01 1.86961932e+01 8.34395223e+00 8.85992266e+00
  7.64512793e+00 8.77622414e+00 1.09027996e+01 1.18475528e+01
  6.72229596e+00 4.52374172e-29 6.99057355e+00 1.68233167e+01
  1.11515456e+01 1.13093850e+01 1.08698703e+01 1.37235545e+01
  1.00906718e+01 1.03823751e+01 1.20762241e+01 8.73233190e+00
  4.66382956e+00 4.67313632e+00 4.68122408e+00 4.60133291e+00
  6.17022428e+00 2.29619233e+00 1.25545365e+01]
 [1.42980601e+01 1.53433919e+01 1.40143281e+01 1.67293000e+01
  1.18578199e+01 1.20279482e+01 1.41066579e+01 1.50920760e+01
  2.02578959e+01 1.72490251e+01 8.96545496e+00 8.48529633e+00
  5.09370757e+00 4.10790794e+00 8.93488129e+00 7.70160471e+00
  4.97613841e+00 5.77002187e-29 5.45425549e+00 1.77174409e+01
  9.30737544e+00 1.05926653e+01 9.23225359e+00 8.94562858e+00
  1.11266171e+01 1.09598072e+01 1.27779240e+01 7.55640759e+00
  3.23618741e+00 2.72639746e+00 3.73182962e+00 2.39123325e+00
  4.01683446e+00 4.51945364e+00 1.76603761e+01]
 [1.50350575e+01 1.65405759e+01 1.66047515e+01 1.81503455e+01
  1.87944391e+01 1.93799796e+01 2.84735290e+01 2.94677549e+01
  3.25268504e+01 4.01293760e+01 9.22623736e+00 1.15395745e+01
  6.62484333e+00 6.80333133e+00 1.73963860e+01 1.55505943e+01
  6.59241095e+00 1.73585123e-29 1.10125317e+01 2.95936102e+01
  1.16896605e+01 1.29843568e+01 1.56967065e+01 1.59139299e+01
  1.20797062e+01 1.42748639e+01 1.40002857e+01 9.32229563e+00
  4.12393496e+00 4.42544092e+00 6.04378460e+00 4.88934751e+00
  6.90061938e+00 5.33049056e+00 6.02921446e+01]
 [7.70334678e+00 7.84622403e+00 6.89739042e+00 6.54537365e+00
  7.67473651e+00 6.33646088e+00 1.14750667e+01 1.00011436e+01
  1.42343804e+01 1.35941183e+01 3.70346818e+00 4.41527101e+00
  3.33232298e+00 2.94102227e+00 8.56238010e+00 6.41142923e+00
  3.20061850e+00 1.66748651e-29 4.41767821e+00 1.29779220e+01
  4.61495596e+00 4.53953653e+00 7.83107794e+00 5.90551697e+00
  5.53947713e+00 6.08334871e+00 7.42029207e+00 5.33313261e+00
  2.09532810e+00 2.10131150e+00 3.39234766e+00 2.15970471e+00
  3.16308008e+00 4.09764228e+00 2.10816649e+01]
 [4.03790239e+00 3.88149182e+00 4.01007914e+00 3.72752372e+00
  4.25308192e+00 3.94721478e+00 4.78341858e+00 4.71429738e+00
  6.04713727e+00 5.51822452e+00 2.30669624e+00 2.40352953e+00
  1.64432122e+00 1.70294839e+00 3.16377707e+00 2.90432162e+00
  1.33338138e+00 9.04596662e-31 1.67582617e+00 5.68435149e+00
  3.15543333e+00 2.93156256e+00 3.49621262e+00 3.46918510e+00
  2.98996036e+00 3.32039070e+00 3.65102848e+00 2.35118546e+00
  9.24399031e-01 7.95232000e-01 1.25078577e+00 1.04060469e+00
  2.78050420e+00 4.68897314e+00 3.42295533e+00]
 [5.79364021e+00 5.49308416e+00 4.85457244e+00 5.45400368e+00
  4.68269597e+00 8.60739862e+00 6.29972906e+00 8.06594092e+00
  1.55772452e+01 2.05566400e+01 2.18370263e+00 3.15495021e+00
  2.11717027e+00 2.52386437e+00 4.69328237e+00 4.51758543e+00
  1.43387989e+00 1.97462297e-29 2.69647424e+00 2.08518424e+01
  3.31754882e+00 4.73409148e+00 4.10939806e+00 4.83846952e+00
  3.42349612e+00 3.94311611e+00 4.49080423e+00 2.17406398e+00
  1.18136653e+00 1.43879461e+00 1.72919156e+00 1.39919677e+00
  2.73325757e+00 9.24185291e+00 1.91150152e+00]
 [1.50194957e+01 1.62006281e+01 1.33639306e+01 1.56791809e+01
  1.30693010e+01 1.56643219e+01 1.97762574e+01 2.90515943e+01
  2.94443753e+01 3.53451897e+01 7.02465455e+00 1.09214880e+01
  5.03349926e+00 5.93077200e+00 1.40079538e+01 1.49101052e+01
  5.47028439e+00 1.67938131e-29 1.02884859e+01 2.86179139e+01
  8.80011262e+00 1.07175562e+01 1.24615487e+01 1.44702608e+01
  1.07490328e+01 1.30401744e+01 1.34860370e+01 9.31940090e+00
  3.38488825e+00 3.90492249e+00 5.80406788e+00 5.05105336e+00
  4.25117012e+00 3.94843425e+00 1.16057471e+01]
 [1.00256291e+01 1.01122473e+01 9.53315270e+00 9.49533191e+00
  1.22024694e+01 9.26893064e+00 1.15871639e+01 1.13471964e+01
  1.65274708e+01 1.97858884e+01 5.58956597e+00 5.41219907e+00
  3.93756443e+00 3.36989840e+00 7.62478471e+00 7.26203572e+00
  3.70731562e+00 4.91806188e-29 4.70613281e+00 1.76549763e+01
  6.96194440e+00 6.87626969e+00 8.69029389e+00 6.92060522e+00
  7.67859777e+00 7.73947073e+00 9.35521237e+00 6.13845748e+00
  2.29880178e+00 2.24589278e+00 3.10038525e+00 2.33192655e+00
  1.64917884e+00 1.29011813e+00 5.67969265e+00]
 [3.51991813e+01 3.00067027e+01 3.75181770e+02 7.98604655e+01
  1.93138684e+02 8.62339168e+01 4.57371361e+01 8.97069536e+01
  2.16155588e+01 3.72890092e+01 1.08724210e+01 1.66103886e+01
  7.08066805e+00 5.90583225e+00 1.34995215e+01 9.28117335e+00
  7.73821577e+00 9.21542740e-29 6.47415121e+00 2.72553335e+01
  1.33392970e+02 4.10678519e+01 2.33735214e+01 1.65397852e+01
  3.05338748e+01 1.71682222e+01 1.40979550e+01 5.11653228e+01
  3.22610671e+00 3.07986582e+00 3.76772750e+00 2.52820906e+00
  2.50204001e+01 3.08176139e+01 2.28697730e+01]]