[[4.88764568e+02 1.12064652e+03 5.81814573e+02 9.60568743e+02
  6.54610143e+01 1.29644483e+03 5.24196164e+01 1.24059009e+02
  6.35129336e+01 4.26970105e+01 2.98290030e+02 2.12387002e+02
  3.74759390e+01 1.33836734e+01 2.16566107e+01 1.92684088e+01
  1.27463486e+02 1.42897955e-27 1.30644358e+01 5.06444914e+01
  1.41091023e+03 1.68696189e+02 4.40136122e+01 4.60743705e+01
  1.22631741e+03 1.43114000e+03 4.45913831e+02 2.32883785e+02
  1.01108557e+01 5.53454416e+01 6.33553777e+00 5.01126350e+00
  2.36963926e+03 1.05159162e+03 9.30062145e+01]
 [3.74426637e+02 3.92088660e+02 2.99879556e+02 2.27941930e+02
  1.14603394e+02 6.94077990e+01 9.40833224e+01 1.44691144e+02
  1.23424662e+02 1.10251907e+02 1.18252890e+02 2.22525344e+02
  2.11827326e+01 2.16030624e+01 4.78673079e+01 4.67499156e+01
  5.68743615e+01 8.28443711e-28 3.40235784e+01 1.14855232e+02
  1.26974163e+02 9.05887567e+01 5.29763720e+01 5.08623839e+01
  2.07481474e+02 3.16934780e+02 3.73093778e+02 4.98235713e+02
  2.16393348e+01 2.10629586e+01 1.96202107e+01 1.67089331e+01
  3.98650631e+02 2.97447734e+02 1.75562007e+02]
 [5.98766028e+01 6.01391495e+01 1.06552245e+02 6.18082333e+01
  3.62643950e+01 2.35014984e+01 2.35898009e+01 5.79172172e+01
  2.60918681e+01 2.56357534e+01 6.55223437e+01 1.52276454e+01
  7.01023117e+00 4.87022415e+00 1.24220742e+01 1.17700825e+01
  2.41182752e+01 3.64050473e-29 1.00870995e+01 2.37501925e+01
  2.41768369e+01 1.75938561e+01 1.50476304e+01 1.21322906e+01
  4.27754218e+01 5.53321029e+01 4.34835208e+01 9.15008167e+01
  5.48704318e+00 5.88278403e+00 5.51256613e+00 4.38543613e+00
  1.34595376e+02 5.85087600e+01 3.30638634e+00]
 [1.68480719e+02 1.91901567e+02 1.94675684e+02 1.90870843e+02
  5.40715262e+01 3.87868701e+01 3.08723609e+01 4.16322037e+01
  3.66967764e+01 3.18967172e+01 2.98936600e+01 4.58631819e+01
  8.84426360e+00 9.93141237e+00 1.38674059e+01 1.68145825e+01
  1.54009813e+01 1.43361099e-28 9.76201916e+00 2.69713937e+01
  4.69669299e+01 4.57996279e+01 2.19363726e+01 1.92769787e+01
  1.03733370e+02 1.09942526e+02 1.30668096e+02 5.16806597e+01
  6.70331177e+00 8.64077290e+00 4.40395134e+00 4.60029912e+00
  2.70559205e+02 3.21661823e+02 3.46619683e+01]
 [6.26075434e-28 7.71499078e+01 2.18670990e+02 1.74429618e+02
  4.10288482e+01 4.13053092e+01 2.52771300e+01 2.34943252e+01
  1.93561619e+01 2.23475711e+01 2.63642150e+01 2.93430374e+01
  1.31986375e+01 9.88298702e+00 1.10640790e+01 1.28050755e+01
  7.82102021e+00 5.42513615e-29 7.28857225e+00 1.92184430e+01
  4.84160305e+01 4.68829812e+01 1.77359896e+01 1.79208566e+01
  6.16140398e+01 4.58078976e+01 3.99803150e+01 1.54104177e+01
  6.83862722e+00 5.23657448e+00 4.08416170e+00 3.57471618e+00
  6.36878475e+01 1.09530970e+02 5.06786611e+01]
 [8.63926733e+01 1.55563096e+02 1.46229637e+02 6.60535119e+01
  8.47127362e+01 5.19770276e+01 8.14945028e+01 8.58695143e+01
  1.02466036e+02 9.35167436e+01 3.62269777e+01 2.91770879e+01
  2.05407552e+01 1.57425928e+01 4.56690079e+01 4.69430371e+01
  2.71675132e+01 4.91346213e-28 3.16294654e+01 9.58924180e+01
  5.03350088e+01 3.17054228e+01 4.74690282e+01 4.42779366e+01
  1.96773001e+02 9.06410437e+01 7.08746486e+01 5.11805330e+01
  1.61076277e+01 1.07069815e+01 1.70883299e+01 1.36519059e+01
  1.87077551e+02 3.86835444e+01 1.63751076e+01]
 [5.14851918e+02 2.51356863e+02 3.56149403e+02 3.84876595e+02
  1.67569407e+02 1.21332742e+02 1.25382799e+02 5.38491036e+01
  1.01372796e+02 9.78012285e+01 6.77478384e+01 6.41454995e+01
  2.66956312e+01 6.53690838e+01 3.59506388e+01 2.85917869e+01
  2.78011212e+01 2.89757654e-28 2.45616921e+01 7.28361492e+01
  8.55571352e+01 7.37219230e+01 4.79821015e+01 5.68024626e+01
  2.16804820e+02 1.66082308e+02 3.07855423e+02 1.05306232e+02
  1.11131548e+02 2.11541334e+01 1.18731787e+01 9.67669296e+00
  1.04450331e+03 4.49870550e+02 1.85308871e+02]
 [8.56956918e+01 5.47358452e+01 7.58712993e+01 6.55943260e+01
  3.44982731e+01 3.58577202e+01 3.52440012e+01 4.95665977e+01
  4.44491264e+01 4.49025839e+01 2.44702375e+01 2.18044370e+01
  2.81955581e+01 1.17941225e+01 2.10648518e+01 2.98004494e+01
  1.75154962e+01 6.96426964e-28 1.88674817e+01 4.08503234e+01
  2.66173198e+01 2.81143714e+01 2.10422194e+01 2.63297011e+01
  5.12620942e+01 4.29794512e+01 6.86420172e+01 4.35502536e+01
  1.01725085e+01 8.14023825e+00 7.79197923e+00 1.08313613e+01
  8.90686631e+02 4.54634599e+01 1.38351141e+02]
 [1.14234377e+02 1.17391160e+02 1.45051901e+02 2.81737074e+02
  7.22058072e+01 9.62826227e+01 8.55546972e+01 2.20700195e+02
  7.75844738e+01 1.03913695e+02 4.79559997e+01 3.02440484e+01
  1.14826063e+01 1.04375595e+01 1.82891807e+01 1.75901890e+01
  2.13118335e+01 1.11137895e-27 1.33898194e+01 5.66847555e+01
  6.16835390e+01 1.89743554e+02 2.61660792e+01 2.21023763e+01
  7.44933981e+01 2.77419220e+02 6.06440324e+01 5.64997871e+01
  9.87152488e+00 1.99138602e+01 9.99305638e+00 9.01922300e+00
  1.48632437e+02 2.96076945e+02 2.49140533e+02]
 [2.51599622e+02 2.71705671e+02 9.27536138e+01 3.47709490e+02
  5.71485589e+01 7.42211266e+01 4.84174306e+01 4.04977366e+02
  5.14102341e+01 2.71353181e+02 5.55617170e+01 1.23746172e+03
  1.62008558e+01 2.41759904e+01 2.40012030e+01 2.87557108e+01
  2.32225757e+01 4.01587189e-28 4.18327440e+01 3.98172801e+02
  2.04661250e+02 3.61356926e+02 1.68323563e+02 1.74175461e+02
  9.24041153e+01 1.15746583e+03 1.93199947e+02 5.02329338e+01
  1.06155483e+01 6.49380656e+01 7.24354562e+00 6.69379951e+00
  1.20022507e+02 1.32140139e+02 1.04318191e+02]
 [7.24924095e+01 7.32362578e+01 3.54459982e+02 2.84125705e+02
  4.67169899e+02 4.33786661e+01 6.42198897e+01 3.58354219e+01
  4.45631366e+01 3.50811263e+01 2.04706156e+02 2.34345207e+02
  1.14542770e+01 9.97166266e+00 2.55768059e+01 1.64548339e+01
  4.51249782e+01 1.50730399e-28 9.19100292e+00 3.26348039e+01
  6.68443571e+01 3.73153356e+01 3.08694245e+01 2.19915122e+01
  7.02494647e+01 9.75168715e+01 8.39750156e+01 8.79530574e+01
  1.72829188e+01 7.90851819e+00 5.79482916e+00 9.68637931e+00
  1.22224069e+02 1.06439005e+02 5.85232846e+01]
 [1.77120661e+02 2.03000562e+02 1.29247121e+02 1.46500582e+02
  1.05185103e+02 1.20171520e+02 1.42280712e+02 1.33515142e+02
  1.98912019e+02 1.90291471e+02 6.93098271e+01 7.86630609e+01
  4.37249348e+01 3.39901724e+01 7.24825038e+01 6.64278095e+01
  7.52528693e+01 4.26385582e-28 4.31539893e+01 1.87403653e+02
  8.22585234e+01 8.66096248e+01 7.51151842e+01 8.69390903e+01
  1.13466074e+02 1.17809936e+02 1.91021697e+02 1.09592552e+02
  3.09595276e+01 4.01632109e+01 2.40508099e+01 1.96939038e+01
  2.21699562e+02 7.59228648e+01 1.55306937e+02]
 [3.19851114e+01 4.59572975e+01 5.13543932e+01 4.51554727e+01
  5.75144678e+01 1.28262798e+01 1.92671895e+01 1.35551703e+01
  1.70396845e+01 1.45619136e+01 1.91354142e+01 1.22713607e+01
  7.05019011e+00 5.37752525e+00 8.04772246e+00 7.21324334e+00
  6.07025533e+00 1.73232704e-28 6.30175319e+00 2.83634607e+01
  1.46311945e+01 1.33140845e+01 1.84406347e+01 8.60685442e+00
  9.63969736e+01 1.98570815e+01 3.57785364e+01 1.17988985e+01
  7.65653662e+00 3.40786245e+00 4.87354555e+00 2.58831822e+00
  6.13240717e+02 1.62188540e+03 1.96378504e+02]
 [8.65094342e+01 9.60147639e+01 7.99829816e+01 9.98022646e+01
  5.06923340e+01 5.59064640e+01 5.20191514e+01 6.37436919e+01
  4.72693896e+01 5.41488373e+01 2.60143827e+01 3.35393634e+01
  9.55136280e+00 1.26494983e+01 3.08354756e+01 2.12386452e+01
  2.12516479e+01 8.70604243e-29 1.70332446e+01 4.13810624e+01
  3.46144364e+01 3.82251029e+01 2.99770252e+01 3.13364970e+01
  5.25258259e+01 6.50822521e+01 7.46536783e+01 3.58088171e+01
  1.05686830e+01 1.14408854e+01 1.16577412e+01 6.08495561e+00
  1.55218823e+02 7.42729195e+01 3.77956380e+02]
 [9.63482714e+01 1.07058759e+02 6.38637392e+01 7.80735483e+01
  4.09966732e+01 3.22117350e+01 5.30702185e+01 5.42945556e+01
  6.30378111e+01 6.39429981e+01 1.97796663e+01 2.07808508e+01
  1.22771294e+01 8.28815432e+00 2.95617738e+01 2.68629214e+01
  1.94462943e+01 1.12747327e-28 1.67376307e+01 6.11358221e+01
  3.03089414e+01 2.34098920e+01 3.02908888e+01 2.35989568e+01
  4.87201634e+01 6.53089042e+01 9.10216253e+01 4.92720053e+01
  9.20575845e+00 7.25325248e+00 1.03206830e+01 7.23413065e+00
  1.24280254e+02 9.02360424e+01 2.18891070e+02]
 [1.00141987e+02 1.08392027e+02 1.00308583e+02 9.03840294e+01
  5.37948864e+01 4.03343522e+01 4.86209578e+01 4.36831673e+01
  5.33651172e+01 5.12074939e+01 2.89006879e+01 3.66868319e+01
  1.31948580e+01 1.03298605e+01 2.19255839e+01 1.86979686e+01
  1.71102503e+01 1.83493824e-29 1.45424045e+01 4.81802515e+01
  3.81284849e+01 3.79749628e+01 2.94583664e+01 3.62793352e+01
  5.68758825e+01 7.56248812e+01 1.12683877e+02 4.36369290e+01
  8.52660941e+00 6.59426441e+00 7.17731271e+00 5.71544678e+00
  8.92226620e+01 2.25509814e+02 3.92237386e+01]
 [8.28429704e+01 7.37430242e+01 7.18790074e+01 5.08442065e+01
  3.84544761e+01 3.58601642e+01 4.21143326e+01 3.97520891e+01
  4.43359566e+01 4.49893122e+01 1.49127480e+01 2.08400805e+01
  1.38344827e+01 1.03574482e+01 2.74837733e+01 1.83912995e+01
  1.16544782e+01 1.26051752e-28 1.31837095e+01 4.75645265e+01
  2.78243174e+01 2.41991942e+01 2.84668464e+01 2.37401824e+01
  3.59314809e+01 3.48078194e+01 6.32846144e+01 2.17617452e+01
  6.57236807e+00 5.77168543e+00 8.94033224e+00 6.58094119e+00
  4.09763502e+01 7.73093626e+02 2.12477625e+01]
 [3.20267623e+02 1.98524083e+02 3.70619868e+02 3.34826637e+02
  9.00506052e+01 8.03291341e+01 4.71179906e+01 4.76962617e+01
  5.08090131e+01 5.26123515e+01 5.75137575e+01 5.37783610e+01
  2.23448030e+01 1.88368577e+01 3.06921667e+01 2.41673399e+01
  2.13465903e+01 1.61328607e-28 2.51613627e+01 4.84971362e+01
  9.10467677e+01 8.81009453e+01 3.93803027e+01 3.82731040e+01
  1.38766479e+02 8.88003493e+01 1.50300741e+02 5.27151933e+01
  1.69560846e+01 1.13670661e+01 1.09648798e+01 9.76299760e+00
  1.44385723e+02 7.50683384e+02 7.64792775e+01]
 [1.03360291e+02 1.07471783e+02 6.04355794e+01 5.47789302e+01
  5.01323116e+01 5.11394196e+01 5.62326423e+01 5.56650959e+01
  6.02900729e+01 6.15696373e+01 2.83104437e+01 3.28570578e+01
  1.16959578e+01 1.02660915e+01 2.39482134e+01 2.62761408e+01
  1.87658981e+01 2.02588735e-28 1.45077634e+01 5.83805604e+01
  3.26693777e+01 2.97714511e+01 3.05653313e+01 3.88677564e+01
  5.08280945e+01 5.92139563e+01 9.06382129e+01 4.38358238e+01
  9.28107198e+00 7.89136484e+00 7.86843031e+00 6.59538525e+00
  6.80393117e+01 4.53313815e+01 4.93081811e+01]
 [9.61717320e+02 7.70870498e+02 8.75246572e+03 1.35874438e+03
  5.47215388e+03 1.55005016e+03 1.22650283e+03 2.18397209e+03
  3.81220830e+02 6.86510178e+02 3.15509012e+02 5.64776014e+02
  1.29156477e+02 6.05460998e+01 3.13706944e+02 1.17055593e+02
  2.42048600e+02 1.19266237e-27 1.16848985e+02 5.15587243e+02
  3.57480477e+03 8.49065345e+02 5.85872059e+02 4.06725567e+02
  1.26662002e+03 2.32318541e+02 3.51918049e+02 7.72264616e+02
  7.34655087e+01 2.51689895e+01 4.27382081e+01 1.39626582e+01
  1.04315593e+03 5.87222641e+02 2.03719125e+02]]