[[1.13807541e+01 1.27915324e+01 1.24482277e+01 1.36835102e+01
  1.34505097e+01 1.73420461e+01 2.54662541e+01 3.30009295e+01
  3.24140285e+01 2.33007693e+01 6.53398780e+00 6.97767235e+00
  4.37280867e+00 3.15398989e+00 1.11187968e+01 1.03375257e+01
  5.33322973e+00 1.25082116e-28 6.29559701e+00 2.44227497e+01
  1.04520650e+01 8.23890225e+00 1.12533938e+01 1.16366510e+01
  8.92851629e+00 1.08639060e+01 1.25181858e+01 7.16497404e+00
  2.36260073e+00 2.47623136e+00 3.13973947e+00 2.19895537e+00
  4.91361658e+00 3.43245252e+00 5.42727239e+00]
 [2.15138345e+01 2.08837429e+01 1.79931064e+01 1.85850375e+01
  1.73483405e+01 1.55839604e+01 1.85256527e+01 1.86398301e+01
  2.03545789e+01 1.94133026e+01 9.27652339e+00 1.04951494e+01
  5.37700315e+00 6.57799658e+00 1.07983765e+01 1.12772296e+01
  7.01442005e+00 1.23824051e-28 7.08758104e+00 1.92497620e+01
  1.27535859e+01 1.21452260e+01 1.22968529e+01 1.21674929e+01
  1.55103149e+01 1.51440502e+01 2.02556350e+01 1.37722361e+01
  4.42590324e+00 3.31119597e+00 4.23994344e+00 4.19080914e+00
  6.43825198e+00 5.71509536e+00 1.20950146e+01]
 [1.06473903e+01 9.69586555e+00 1.26591824e+01 9.52588687e+00
  1.07189668e+01 8.75482872e+00 1.39094541e+01 1.16656789e+01
  1.33812155e+01 1.16660950e+01 5.25497400e+00 3.65362939e+00
  2.46342809e+00 2.05334998e+00 5.18228958e+00 5.11964858e+00
  2.61641101e+00 5.17987038e-30 3.20502919e+00 1.14616866e+01
  6.49296768e+00 5.05161367e+00 6.81387964e+00 5.91339562e+00
  9.37204651e+00 7.34400568e+00 9.44670478e+00 6.21747375e+00
  1.26726687e+00 1.57238765e+00 1.67366519e+00 1.53592318e+00
  2.82955838e+00 3.38131182e+00 3.86458224e-01]
 [1.64232708e+01 1.88031732e+01 1.39794326e+01 1.75260791e+01
  1.17989368e+01 1.37649008e+01 1.25173600e+01 1.82832393e+01
  1.59698019e+01 1.88786571e+01 5.32092613e+00 8.43441773e+00
  2.30496183e+00 3.45965527e+00 6.32822291e+00 8.22793207e+00
  4.01119105e+00 2.52190563e-29 5.38941975e+00 1.51882802e+01
  6.97098536e+00 1.00327917e+01 7.09351078e+00 9.02800149e+00
  1.08057307e+01 1.21198441e+01 1.43353105e+01 8.30324518e+00
  2.05585127e+00 2.84694843e+00 2.35551490e+00 2.22780429e+00
  6.66631524e+00 8.79138265e+00 2.39024763e+00]
 [2.28590474e-28 1.19429801e+01 1.80675585e+01 1.22561503e+01
  1.07622477e+01 1.06036284e+01 1.27925246e+01 1.45621317e+01
  1.27530808e+01 1.22773130e+01 5.37901060e+00 5.66699235e+00
  2.85031334e+00 2.29932162e+00 6.02243609e+00 6.30118838e+00
  3.69378690e+00 1.13982526e-29 3.94097443e+00 1.18228121e+01
  7.26438534e+00 7.04186240e+00 7.03039036e+00 6.71256714e+00
  8.32599278e+00 7.64416479e+00 1.10677470e+01 6.40463057e+00
  1.80376132e+00 1.80277728e+00 1.73880532e+00 1.54673646e+00
  3.41934125e+00 2.93964164e+00 5.62341826e+00]
 [1.56741386e+01 1.64346922e+01 1.67896761e+01 1.76659649e+01
  1.77665072e+01 1.84796683e+01 2.31222913e+01 2.65825647e+01
  3.32106848e+01 2.95363681e+01 9.76973833e+00 1.00514927e+01
  6.20875070e+00 5.82312629e+00 1.24802643e+01 1.30978136e+01
  7.00758516e+00 1.20132384e-28 8.89997292e+00 3.07584822e+01
  1.34251388e+01 1.23730677e+01 1.32296082e+01 1.42661222e+01
  1.25745178e+01 1.29116206e+01 1.57170377e+01 1.03450811e+01
  4.92790975e+00 3.57521246e+00 4.52008400e+00 3.65145588e+00
  2.36543701e+00 2.07568334e+00 3.58998342e+00]
 [1.86017651e+01 1.84619831e+01 1.95436765e+01 2.08694679e+01
  1.90744235e+01 1.84371776e+01 2.42727019e+01 2.34148718e+01
  2.64141122e+01 2.78096645e+01 9.67688751e+00 9.51566163e+00
  6.13861885e+00 6.30866143e+00 1.49859393e+01 1.37877538e+01
  7.47375766e+00 1.87059605e-29 1.33841918e+01 2.60416892e+01
  1.34655257e+01 1.19408044e+01 1.58393849e+01 1.45408210e+01
  1.41567018e+01 1.50403489e+01 1.80740806e+01 1.13587723e+01
  5.72261911e+00 4.30335806e+00 5.21370057e+00 4.59229556e+00
  7.68504909e+00 5.39280168e+00 1.04892724e+01]
 [2.08408976e+01 1.89462128e+01 2.07817291e+01 1.85307895e+01
  1.89067906e+01 1.88174603e+01 2.96857347e+01 3.29788257e+01
  2.94566261e+01 2.66386264e+01 1.07118767e+01 1.10861038e+01
  6.99850827e+00 6.58294620e+00 1.51363593e+01 1.58491298e+01
  9.87085793e+00 1.03170670e-28 8.99026720e+00 2.59640255e+01
  1.36198279e+01 1.33662524e+01 1.47675113e+01 1.61106783e+01
  1.70637125e+01 1.55308910e+01 1.98334211e+01 1.57499593e+01
  4.37204650e+00 4.10081435e+00 4.45446226e+00 4.98965725e+00
  6.03841337e+01 2.48521434e+00 1.96333396e+01]
 [9.87292953e+00 9.52809833e+00 9.45496765e+00 8.03864237e+00
  8.86125724e+00 7.56128866e+00 1.14030772e+01 1.22107777e+01
  1.09984112e+01 1.04045158e+01 4.25651556e+00 3.89614711e+00
  2.78191077e+00 1.91859115e+00 4.50188959e+00 4.38308037e+00
  3.36164348e+00 8.86958063e-29 2.76004923e+00 1.03685211e+01
  5.64523856e+00 4.55528379e+00 5.85205651e+00 5.24683259e+00
  5.91922536e+00 6.27496133e+00 8.25288698e+00 5.38799149e+00
  1.83019204e+00 1.50396787e+00 1.81112204e+00 1.48118631e+00
  5.07075866e+00 5.88388056e+00 2.26513310e+01]
 [5.39674556e+00 5.11919829e+00 5.32724913e+00 5.52769849e+00
  4.94025617e+00 5.47896514e+00 6.61838140e+00 8.12719482e+00
  8.29345343e+00 8.54647478e+00 2.18597391e+00 9.61945575e+00
  1.69115376e+00 2.30586911e+00 4.07605434e+00 4.86166529e+00
  2.23585134e+00 1.67887657e-29 2.82219798e+00 8.47387704e+00
  3.17393806e+00 4.04859808e+00 4.28470863e+00 4.89221775e+00
  3.62817661e+00 4.94332373e+00 5.50529529e+00 3.68309625e+00
  1.08732137e+00 1.21621132e+00 1.46929589e+00 1.37611764e+00
  1.17752003e+00 1.97751429e+00 6.86618087e+00]
 [1.26011407e+01 1.32803657e+01 1.52723692e+01 1.61263209e+01
  1.62263105e+01 1.26440307e+01 1.94580392e+01 1.52658194e+01
  1.57508957e+01 1.36783784e+01 5.44262438e+00 6.43025866e+00
  2.84137601e+00 3.22980029e+00 6.82427106e+00 6.39065911e+00
  3.79668502e+00 3.58640655e-29 3.22988279e+00 1.24476237e+01
  8.51337296e+00 8.62294706e+00 8.46444367e+00 7.68098786e+00
  8.02472781e+00 1.02648966e+01 1.13192527e+01 6.51757656e+00
  1.89064237e+00 1.73428330e+00 2.06508393e+00 2.13979325e+00
  3.47251666e+00 4.38802295e+00 6.26511909e+00]
 [4.45077740e+01 4.68957284e+01 4.89065465e+01 4.86602446e+01
  4.33544750e+01 4.30306670e+01 5.10943625e+01 4.93836542e+01
  1.00476601e+02 9.64349460e+01 2.47385396e+01 2.60393093e+01
  1.38437167e+01 1.35075227e+01 3.33535626e+01 2.87438213e+01
  2.29393891e+01 1.52716372e-28 1.98750883e+01 9.45719752e+01
  3.49915263e+01 3.22736033e+01 3.35892769e+01 3.17929307e+01
  3.34997042e+01 3.39119260e+01 4.74760039e+01 3.03603534e+01
  1.26415840e+01 1.34624681e+01 1.02503433e+01 9.15345448e+00
  1.08304966e+01 4.37028025e+00 1.96029189e+01]
 [6.37912536e+00 7.23129007e+00 7.16893580e+00 6.03978529e+00
  6.85649026e+00 5.65117298e+00 6.64242482e+00 6.66160344e+00
  7.09570111e+00 7.16819350e+00 2.79096680e+00 2.61526616e+00
  1.83684410e+00 1.59621460e+00 3.60497073e+00 3.07560810e+00
  2.10684882e+00 2.60200538e-29 2.06002836e+00 7.39030498e+00
  3.63431905e+00 3.51142129e+00 4.18754760e+00 3.79259876e+00
  4.88001851e+00 3.85404365e+00 5.84590826e+00 3.05254725e+00
  1.25626445e+00 9.33610941e-01 1.31215423e+00 8.25794259e-01
  2.93525436e+00 2.80366160e+00 1.27479852e+01]
 [7.79181261e+01 8.06754180e+01 7.61258750e+01 7.17218186e+01
  7.33952892e+01 7.01675290e+01 9.61814647e+01 1.06549030e+02
  9.16551629e+01 9.27786749e+01 3.80368586e+01 4.35652850e+01
  1.89495180e+01 1.93069018e+01 5.90777022e+01 4.05028614e+01
  3.43335827e+01 1.03103545e-28 4.25910573e+01 8.12440958e+01
  4.86916393e+01 4.77189204e+01 5.51217616e+01 4.94944661e+01
  5.37134705e+01 5.99669792e+01 7.78110902e+01 5.04033083e+01
  1.68304546e+01 1.79283599e+01 2.19257701e+01 1.22349111e+01
  1.55062348e+01 1.38690484e+01 9.04845675e+01]
 [1.44420847e+01 1.46381032e+01 1.56941921e+01 1.36715056e+01
  1.50797087e+01 1.12205336e+01 1.67589590e+01 1.57526015e+01
  1.83881893e+01 1.92478296e+01 5.38457998e+00 6.17981565e+00
  4.05961545e+00 3.25664694e+00 9.39432804e+00 7.36540039e+00
  4.10551692e+00 2.98397352e-29 4.25296525e+00 1.73698330e+01
  9.23763163e+00 7.32448742e+00 1.08141677e+01 7.87531009e+00
  9.91352732e+00 1.14723319e+01 1.49275822e+01 8.31652907e+00
  2.46016190e+00 2.31369459e+00 3.22605689e+00 2.23454393e+00
  5.10610106e+00 5.46125931e+00 2.04261968e+01]
 [1.22016820e+01 1.25245961e+01 1.43938543e+01 1.38140737e+01
  1.65844608e+01 1.59005520e+01 2.37241129e+01 2.42689184e+01
  3.06018097e+01 3.07296666e+01 5.53477345e+00 7.17579269e+00
  4.27876839e+00 4.95330333e+00 1.17445711e+01 1.04409632e+01
  3.92207510e+00 2.35229931e-30 6.11761218e+00 2.87071346e+01
  8.82607877e+00 9.49893806e+00 1.32749336e+01 1.28353924e+01
  7.78284568e+00 9.66737322e+00 1.18959277e+01 7.14763853e+00
  2.28762019e+00 2.20019274e+00 3.58895892e+00 2.91097951e+00
  4.56479627e+00 9.14022549e+00 7.99054039e+00]
 [1.12244557e+01 1.04902843e+01 1.11777932e+01 1.00579334e+01
  1.09127936e+01 1.04044234e+01 1.21948421e+01 1.14502996e+01
  1.36639184e+01 1.42520383e+01 4.18767519e+00 4.58970606e+00
  3.48008970e+00 3.42158279e+00 7.81502011e+00 5.70928969e+00
  2.88991840e+00 2.88162124e-29 3.21899481e+00 1.41187417e+01
  7.32429178e+00 6.37242223e+00 7.88903581e+00 7.34715593e+00
  7.27073843e+00 7.27874517e+00 9.66562051e+00 4.75916323e+00
  1.95569524e+00 1.53328809e+00 2.33898756e+00 1.74178704e+00
  2.84696326e+00 1.35076885e+02 2.10741847e+00]
 [6.92425271e+01 6.33801400e+01 7.99495805e+01 6.04319544e+01
  7.88424513e+01 5.96889302e+01 7.67562691e+01 7.19390289e+01
  7.14382449e+01 7.78617522e+01 3.02572608e+01 2.68913741e+01
  2.11223329e+01 1.50007794e+01 3.83651476e+01 2.90203638e+01
  1.60866742e+01 4.80112755e-29 3.03243131e+01 6.74905199e+01
  5.10366339e+01 3.71299994e+01 4.93971674e+01 3.69377857e+01
  4.44809827e+01 3.72171430e+01 5.58437664e+01 3.19367714e+01
  1.09168476e+01 8.01990628e+00 1.45686777e+01 9.84567237e+00
  9.79616159e+00 1.49747156e+01 1.40062693e+01]
 [3.13065930e+01 2.87200761e+01 3.50049431e+01 2.64237265e+01
  5.53257279e+01 3.78237190e+01 6.99870261e+01 4.76889357e+01
  5.90570508e+01 4.66465157e+01 1.58329330e+01 1.39322404e+01
  1.34402731e+01 8.80438040e+00 3.48403384e+01 2.58034361e+01
  1.18557627e+01 1.99688066e-28 1.62876325e+01 4.85052027e+01
  2.64561116e+01 1.87903562e+01 4.59806313e+01 3.02215083e+01
  2.29828059e+01 2.04514844e+01 2.89998684e+01 1.91006210e+01
  6.30768929e+00 5.94713911e+00 1.16206019e+01 7.25880063e+00
  6.57322844e+00 5.24816156e+00 1.15106098e+01]
 [3.99593582e+01 3.33954673e+01 3.58424360e+02 8.55387790e+01
  1.68867690e+02 8.82757561e+01 4.62535791e+01 9.35731142e+01
  3.44398793e+01 4.76002833e+01 1.34923642e+01 1.97571860e+01
  7.14632306e+00 5.98399327e+00 1.39856586e+01 1.14195194e+01
  1.05090779e+01 8.79165941e-29 8.21540316e+00 3.83988645e+01
  1.28470166e+02 4.53791647e+01 2.16066196e+01 2.01930851e+01
  3.42320570e+01 1.94559813e+01 1.93287663e+01 5.14235900e+01
  3.89923025e+00 3.35216855e+00 4.62645555e+00 3.06787513e+00
  2.49096238e+01 2.56933113e+01 1.53958521e+01]]