[[92.56019843 96.29612905 92.21827723 94.60074645 46.5132797  92.27163426
  19.15322757 23.26731397 12.67140646 11.95042519 93.01554235 89.2655015
  61.94303207 39.54705773 16.7496391  13.3585119  89.1961206  55.74125442
  20.17231885 13.62056946 97.14675172 79.58835177 34.81789517 28.28149803
  97.59763392 97.41006275 91.61071834 91.27570473 56.03377518 87.55831792
  22.6777846  21.73218005 99.15265026 98.64112749 78.51350098]
 [92.03636375 92.34598767 91.28787813 88.46907566 80.75057371 72.57880822
  75.44856935 81.56834403 75.58321366 75.02565406 88.45458264 92.57545538
  66.2404064  65.64286989 71.4276419  71.0074157  83.44515703 76.80561194
  74.30951039 75.93164501 86.12503231 81.46525774 71.43043703 70.9578046
  89.02283989 92.75126779 92.29039039 95.87129388 74.51224608 78.79207949
  72.04769463 70.41684147 96.68957105 96.06406848 64.8682276 ]
 [57.63254218 59.72845156 70.43128934 60.41009272 43.0336721  30.6964084
  22.10444086 39.8330766  13.03911339 14.74209394 75.18769553 42.93695658
  29.07459892 23.33186715 18.07943957 20.43252477 64.51371671 39.64462025
  21.69042626 15.71877133 47.38659113 41.03710354 24.85853615 21.47801135
  46.9886983  62.35999213 50.07699936 76.16999926 42.47484174 40.67810006
  20.71089217 26.24276937 94.4225757  82.24790246 62.50536438]
 [65.94426208 66.31058285 73.36685076 69.36104146 43.97414726 24.86753257
  20.63654949 18.37243776 16.18160069 13.22278985 48.67783313 46.8833321
  41.10202746 31.71972789 19.02867797 17.8366699  38.63294819 35.4912913
  18.31814219 14.32203835 54.90004396 44.35894928 30.55314289 20.31207872
  62.5205431  63.03010705 63.03607707 51.07350352 34.57409074 36.25961572
  19.53540551 21.70282995 93.23971285 93.38165396 65.63565996]
 [44.62820095 68.39977307 82.05059387 82.67952077 51.19229414 39.06812634
  27.53311005 17.95060819 17.88095087 19.17664066 60.87045756 61.60325807
  54.41620422 45.56980508 23.43658028 20.99532297 39.94946503 60.84985284
  24.3879797  19.50502391 67.98554067 66.36508153 35.95292972 30.81727429
  70.69829184 65.73073956 54.58353404 44.45509685 52.45948335 44.97431567
  30.30620472 27.90360208 88.40759469 93.53179567 71.25698629]
 [75.68935126 84.55239665 82.82171271 69.04214724 72.71939137 62.64047215
  67.78987505 65.93545171 63.9414246  64.14223775 67.17630465 63.15494474
  63.03810968 58.67958271 66.93676623 66.5203306  68.77314724 71.20659362
  67.06517993 63.27633098 66.99788497 60.57500334 66.66111239 63.61953023
  89.58550591 80.04447364 72.14401816 73.87564814 63.9697818  62.77290069
  66.10061332 66.17030744 97.59179734 90.83009811 65.50251505]
 [90.7055424  83.34917298 87.33555903 87.86021496 74.43611508 67.46494418
  59.00526126 40.61233983 46.57548028 45.55928682 70.11897815 68.96840433
  53.27138106 76.07789178 34.88885697 32.1146294  56.21707543 80.66384575
  28.41628944 39.76044449 69.10524216 68.18316738 45.63477063 54.5958507
  84.41691737 80.5442541  85.74268149 76.99172714 86.2915781  60.45761896
  31.05585555 31.08104772 98.68407874 97.46001292 84.94537311]
 [68.13070757 60.65345267 64.74810904 64.8581675  44.91439746 45.97197655
  26.20379403 30.55857133 23.88856586 26.07273977 54.4951436  51.05204332
  62.10253762 42.63529785 25.34084942 33.69443801 50.32788975 67.61110333
  35.90334196 25.8759707  49.42143444 52.55634203 33.77369288 38.42228316
  61.90842179 59.66323652 65.23683046 61.7816589  54.30281187 50.91687917
  31.84964757 40.4872798  75.83817078 86.84830197 74.31406752]
 [78.22926294 80.53295933 82.29143642 91.80622719 66.75993233 73.96394797
  54.88789243 67.42737623 39.87105572 47.79541002 75.6910493  70.10745703
  51.8834858  54.09281983 41.90159776 34.77358973 65.87003437 73.47650312
  43.59832686 35.68761403 74.48233773 91.91009786 49.74728061 42.39356891
  78.1239943  93.53517478 69.44176971 76.51293977 60.90550134 79.19457271
  56.07403718 52.21536647 91.48358084 93.78935955 76.26380631]
 [94.37143191 95.26651047 86.22552545 96.02856429 75.74500741 81.08551746
  54.91972066 88.62540316 41.27960138 78.51610643 89.70709504 98.78314599
  73.92719731 77.30804526 46.71209207 47.00607656 80.69315668 88.66356838
  69.90279469 86.57686874 95.64831566 97.18883165 89.09970498 89.5044578
  90.45656403 98.97926062 92.80643077 85.63285888 76.83642128 95.05572021
  52.49052334 49.25504929 96.93736696 94.52916195 82.49146263]
 [58.89154062 57.83145466 84.3291799  82.09569383 83.62140536 38.79105184
  20.88897127 17.3980755  13.47464952 15.19895429 90.49763621 90.37128607
  33.92262118 37.0346699  24.56336372 18.03313642 76.24798599 27.34353514
  21.63441727 15.47327589 63.2286329  50.46647448 31.01609687 27.87301333
  68.39100835 69.75424715 63.7078133  78.31891483 69.74930639 50.00155305
  23.63390963 41.20567023 90.67059839 86.44631922 69.8927322 ]
 [71.80945528 73.67288215 63.26963296 66.40781688 60.15033921 62.81150421
  62.51855982 61.17540354 55.31614346 54.86542278 62.77572059 64.52332644
  60.31242237 53.7929052  55.38885441 54.89222778 67.1700172  63.44389698
  54.27823155 55.77851126 59.14470641 61.61401095 56.92943788 59.43839858
  67.64082766 68.06212785 72.08177098 69.37983482 58.45731403 63.9937051
  54.51061375 51.73504662 90.53548781 89.25014099 77.2232999 ]
 [50.71159319 57.87522198 62.57622866 58.03113265 64.96914757 31.84022503
  32.21195231 25.85175491 24.65666172 25.46493985 53.75982006 43.09838668
  39.81781112 37.52827629 26.47420304 28.58530262 36.91811256 56.97634745
  34.33859613 39.689524   43.05389429 39.1302659  43.7674554  29.11952501
  80.55271216 47.68368377 55.96972458 42.75858681 54.60357606 38.70902891
  38.43266196 34.17527255 98.38207369 99.35976014 80.21193325]
 [36.47312527 38.25679683 36.09442585 42.16995823 25.31437977 28.12543948
  14.44065986 16.73928388 13.27536152 13.53602288 25.32730745 27.87540205
  16.87916727 21.91626814 13.21184316 12.8138914  23.58463328 22.20236163
  12.34377605 13.76996182 26.77779864 29.26889738 16.66036125 19.85212307
  32.67733545 35.27932671 33.40766819 26.33881941 23.43495026 24.28342106
  14.78442674 11.41429092 81.5729419  71.05704516 63.27507954]
 [67.25988713 68.85360941 59.05271409 64.14949553 45.01137194 46.53577633
  41.31128443 46.6168347  39.20249673 41.95407652 50.68332382 46.93445605
  39.85434184 38.85892876 36.69816209 43.61145195 52.06866667 51.45607785
  41.50752001 42.93220767 51.5866237  48.19710268 39.67811197 43.98553633
  59.54706326 62.64291505 65.6146328  61.33881555 48.86435697 42.7412482
  33.59697016 38.23469979 90.56925397 85.18662343 74.58437836]
 [81.34977165 82.48023598 80.03509103 79.28029289 65.69130388 59.62737094
  55.98907832 51.12184576 51.15643315 49.51358176 71.4180986  72.99295716
  59.99773568 51.28953506 51.34041735 48.25218627 68.86427691 79.57227156
  57.13380746 50.29985173 69.32724383 68.67257233 56.01792524 60.58513077
  78.16663945 80.34190119 83.68070869 76.00054731 64.44193823 60.4032166
  51.1215559  48.45981199 89.44208426 92.02713872 70.69825305]
 [78.27693486 76.79536021 77.13655905 70.97579697 63.97560243 56.30072238
  60.9623124  56.41196823 47.80596929 43.78429275 64.02648408 66.95113072
  62.68655066 50.42867548 59.56805695 52.12163583 66.76614468 63.27139328
  59.19586967 44.56981728 66.06454058 59.96625265 61.90816141 54.09694522
  71.42027083 69.75034387 76.91127727 69.99931543 61.30265861 58.13806409
  58.9909099  55.53039031 82.89638255 81.02445285 77.96316474]
 [71.30257047 61.29461869 72.79208029 73.42683366 36.80521724 35.72186087
  18.84107727 16.59262388 19.89803804 18.25187217 51.44859946 47.01393765
  31.47181837 29.81334915 21.26019491 19.44602563 37.87076017 53.88623567
  23.88254414 21.21417827 49.85992906 51.58333649 23.77402506 24.45211901
  62.55945277 52.07728048 58.03676346 44.40228062 44.61030504 37.16101175
  18.78682108 21.94910795 86.36642172 96.46654488 65.85821739]
 [65.53619734 67.61750267 48.69678626 52.74611489 30.28110618 38.96131297
  28.30411026 32.65964783 30.64689311 32.69124496 49.41208212 56.05339797
  29.30848925 35.0999248  24.75712831 31.07575309 47.8785583  30.40776805
  28.2177854  31.97168847 39.12524976 45.28548159 24.08971733 37.33401529
  55.62022653 61.23030194 64.15494568 57.23386365 44.53079377 41.28565974
  24.23624175 29.32933847 84.80514349 81.81557668 65.36798709]
 [89.34896412 88.92581455 88.4873438  84.28937747 90.89189657 85.27253859
  89.41647315 88.35475845 79.66875535 83.24862144 89.78961788 90.85316656
  85.0059323  76.23173361 85.60702855 76.83012556 89.65827193 77.445969
  78.9941282  83.1931784  89.98011766 86.29431484 88.88757278 87.61858295
  92.70084636 80.64320903 87.29043048 82.90992452 87.29589412 71.98874089
  71.03561676 58.11992772 92.94632905 87.02600976 76.84158761]]