[[ 1.10171471  0.54405366  1.02907421  0.63662465  6.53682803  0.83142488
   4.31580992  3.30137529  3.45575373  3.70674061  1.00725381  1.50696754
   5.66866783  8.79256051  5.88506169  5.79166229  1.6845559   2.80519959
   7.0742634   3.55620325  0.41529079  2.28218312  6.21793878  5.42726014
   0.35499701  0.36883417  1.1905005   1.22257654  6.54985711  1.891922
   8.26546319  8.97580384  0.22785307  0.27245194  3.75249254]
 [ 1.13419268  1.06134729  1.39227844  1.72297682  2.57544561  4.21267173
   3.01250865  2.54233515  2.98277919  3.83040242  1.96924383  1.31113779
   3.96739866  4.62243964  3.5933246   4.06742233  2.40942514  5.12159086
   3.48795299  3.44728546  2.14039079  2.99396843  3.36198561  4.0748383
   1.86434796  1.16094727  1.07675682  0.61156922  4.09297413  3.48662179
   3.51668206  3.99291705  0.74776693  0.93699571 21.65665707]
 [12.52720849 11.10956785  8.37484713 10.81801131 17.06491009 20.75389982
  18.61071818 13.12364862 13.63617443 13.37537355  7.29416162 18.73926086
  20.85983375 22.71072905 19.28092228 17.64501589  9.38681278  9.28930008
  16.70979245 14.38898396 15.566478   17.49155315 19.93606053 18.61844434
  19.19547303 10.52974379 14.85982451  7.00590609 20.24268803 19.0346586
  18.83656772 19.46854938  1.54900824  5.71798972 14.82085034]
 [ 6.80051708  7.10600917  4.38389594  4.61536908  9.68430963 18.7806663
  12.13868201 10.90294737 12.51797398 12.60617985  8.08122923 12.09352333
  11.14230314 11.57321132 12.58830434 12.0951719   8.33873547 10.18192623
  10.82069511 12.16338887  7.6218515   9.69713345 11.85434696 12.31756321
   7.45374976  6.38331084  6.24381408  8.34274126  9.17592653 10.66279688
  10.82669424 11.72908178  1.87732891  1.47132351 13.02171691]
 [14.21311682  7.89759926  4.37918175  4.24756755 11.92974201 19.29216968
  17.70862627 16.41976932 15.81405297 14.03129875 11.58865072 11.46105807
  14.63606764 16.44513417 18.70775921 16.90930772 16.16142576  9.53994515
  17.17189195 14.64211911  8.62670362  9.20867671 16.69540746 16.81564568
   7.63356085  9.27085018 11.26761959 14.2516035  15.37787462 17.76201063
  21.27020771 20.10170732  2.74084355  1.74587194  9.69841667]
 [ 4.7822689   3.01387752  3.33503628  5.98649532  4.85462861  6.89857983
   4.99756642  5.3754641   6.32909672  6.59766892  7.1528965   7.76286236
   8.7876274   9.52650893  6.40803937  6.06762353  6.57871789  5.31962159
   6.20824834  7.14058643  6.88458644  8.01444992  6.26712741  6.98874909
   2.14088182  4.0909247   5.39501265  5.1989592   8.45970999  8.77919651
   8.01764992  7.45753362  0.52154005  2.02145171  9.41863636]
 [ 2.66254452  4.77156811  3.18739071  3.39217264  5.77478946  9.47200062
   7.98133784 12.37997445  9.98619232  9.79000209  9.17284491 10.23001604
  13.45931298  8.05666195 12.8017841  14.04726187 11.81185213  3.58898621
  12.43692399 11.40621115  8.27698972 10.34971792 11.78536526 11.77410467
   4.28279641  5.41626271  4.10786445  6.16096278  4.69132231 13.86689829
  15.45584476 16.23793619  0.24914072  0.56420425  4.31756396]
 [ 4.33426445  5.09954335  5.23985208  4.59690342  7.53381155  7.55442848
   6.5435817   7.91405008  6.69156857 12.57537622  6.64909994  7.16647253
   6.51049027  9.69244495  7.83059401  8.47878963  6.17135388  8.64932557
   7.65772552  9.58773163  7.34867427  6.53815145  7.80662581  8.29987129
   5.16545159  5.44135774  4.37915022  4.40413472  7.16946673  8.3054597
   9.22314486  8.10036763  9.08680304  3.06760719  6.25934543]
 [ 4.04869973  3.4297109   2.47569646  1.56115795  4.45650069  3.40579397
   4.57947144  2.16167057  4.26146135  4.54296854  4.14183347  6.61235155
   8.61095977  8.9354368   9.01322898  7.44345078  5.73594208  2.93758042
   8.29260441  5.62830899  3.83150151  1.64011318  7.5912521   6.86895741
   3.87823505  1.2709708   5.31551141  3.8354244   7.17984445  5.10439109
   8.61969181  7.49635505  1.41774754  1.54270705  6.06603834]
 [ 1.34651899  1.03899088  3.377831    0.76975809  5.03877856  2.97443371
   5.18957936  1.04205578  5.02460709  1.71979643  2.51890081  0.14949847
   5.58368845  3.89697436  6.82602034  4.560188    3.60888503  2.52311781
   2.89264587  1.32097001  0.9880771   0.53879815  2.04324313  1.27360082
   1.98587846  0.20575688  1.65530825  2.43764405  5.23003017  1.2067288
   7.59531333  6.39535108  0.73054845  1.80609303  5.47136837]
 [ 7.01027638  7.49436924  2.38677998  2.85277056  1.79635132  7.69412915
   4.8623659   5.99213334  6.38471004  6.85469891  2.09618895  2.18078271
  15.91529592 14.39146521  8.93495953  9.1464771   4.88225137  6.16667501
  11.78823082  7.31780421  5.80089677  8.36213938  8.15793758  9.47082304
   5.94781993  5.61542276  6.40133483  3.98242771  7.10621212 11.59953898
  14.11132897 11.91061008  1.67499861  2.79708776  8.74202979]
 [ 4.73009317  4.27459042  6.15866726  5.5813358   6.9217234   7.10426388
   5.91838268  6.80292001  4.99821639  5.39054398  7.55733546  7.26734602
  10.54538303 13.8892674   8.33157729  9.7901552   6.00025938  6.73108603
   8.79260471  5.00726398  8.01807355  8.04548657  8.23822258  9.38250102
   6.01537857  5.99819137  4.5569463   5.52818359  8.80617278  7.44590138
  10.60988791 12.08750562  2.51973554  2.69925917  6.24249475]
 [22.66921621 19.32233306 17.07670456 21.49950318 13.39475922 29.85843004
  23.58429041 28.78286595 29.31345867 30.16398795 25.18791813 29.80130666
  28.7680591  28.6679647  29.39264647 30.52062583 30.26390617 18.97763893
  29.72053502 24.79234827 27.38797293 31.13197986 21.91205753 30.26569783
   9.29779378 26.3182675  19.98899217 27.38402311 23.07928692 30.96844419
  29.42911782 31.57302973  0.64441987  0.27687026  7.21348254]
 [ 6.3389102   6.59054323  7.49333119  7.66915775  9.38543428  9.74968553
   7.90433016  7.73832044  9.13499628 10.03146472  8.98255986  9.59082839
  11.70742239 11.78731596  7.45369799  9.38212512  7.31611947  4.42681013
   7.98064186  9.84756936  9.0431452   9.9421003   8.72377427 10.08170424
   7.5150196   7.73801721  6.26515545  6.85692188  9.14439489  9.39305317
   7.66476876  9.17154347  3.6265178   5.09969059 10.09373156]
 [ 5.37763914  5.04620875  6.37779168  5.37803683  8.4263037   9.15418327
   8.93250032  8.58689516  8.85219904  8.91932968  9.48974943  9.97208176
  10.81747487 13.78895353 10.62938966 10.40883581  8.56985579  7.61014186
  10.95536576  9.11365587  7.85477768  9.34615626 10.25794883 11.00715315
   6.77049443  5.83501899  5.34905565  6.6392272  11.12204504 12.38240038
  11.04312606 11.41473181  2.3050951   3.86834685  7.1833121 ]
 [ 3.28016696  2.95359697  3.19959708  3.26959502  5.19362556  5.83527506
   5.50830772  5.51708126  5.79685739  5.33568508  5.70020546  4.78211715
   7.47681787  8.45543185  7.40822391  7.49492476  5.36651089  3.92279204
   6.58394077  5.93442392  5.73737709  5.30133349  6.64838554  5.79340916
   4.10921367  3.52749647  2.71130759  4.09495777  6.986372    7.28429553
   8.90892137  8.82302108  2.7873422   1.91349891  6.1696557 ]
 [ 5.47431358  5.72045128  5.20965755  7.61349787  7.79046618 13.51367935
   9.11912946 11.44633183 16.79641911 20.00603916  9.37552231 10.13563666
   9.59328258 12.28827164 10.17217353 12.80300736  8.21440739  9.91157558
  12.10737668 19.53898994  7.87700683 11.73120574  8.93689713 11.02545955
   6.80481333  7.90149195  5.45777979  6.99314273 11.01899774 14.49294737
  11.40970838 11.80650924  5.52946186  0.96859688  7.01376007]
 [ 3.34385551  5.00196908  2.62476028  3.43841404  5.3416461   6.96582544
   7.9079347  10.10649807 11.5311293  12.26168125  6.28386413  9.54774644
   7.08949524  9.38671296  9.70318684 11.99727773  9.70477369  5.60939181
   9.76557677 12.51837892  4.81920448  6.27515748  7.52308011  9.2448352
   4.84593697  7.64745666  5.20746564  7.8497797   8.90541069 12.76590366
   9.94447607 11.35574544  2.54289928  0.50739342  9.99399893]
 [ 6.35680885  6.36227382  7.68146685  9.14296548  7.37058115  7.06167005
   5.83227734  6.65759092  8.40131065 10.50558933  9.75583767  9.23308929
   9.86700417 11.52173452  7.88233219  8.58852258  9.45869607  7.38181642
   9.15348854  9.66861912  8.33771049 10.45952322  6.84915605  6.64751468
   8.40254493  8.00301413  6.62174509  8.01462384 11.02970307 11.7499529
   9.54976832 10.36995723  2.05555942  2.32844787  7.52958369]
 [ 3.2702025   3.46150292  3.79308406  4.95412459  3.20801309  4.74396582
   3.33440194  3.62918384  4.517289    4.52179547  3.09414468  2.67204408
   4.66022921  7.43585189  3.68386465  6.09175259  2.86634607  5.98407164
   4.37675973  4.39781599  3.35758621  4.17390978  3.54619333  3.56307215
   2.23470023  5.95949218  3.4968839   5.49308225  3.83344341  8.80908082
   6.26237877 10.52373588  2.22934489  4.56715014  8.62633619]]