[[ 0.36521958  0.19301963  0.30827428  0.22451162  2.24704428  0.23661566
   0.72573743  0.32054092  0.32648165  0.38855247  0.27015481  0.56352397
   2.02740095  1.49091883  0.79323016  0.59148375  0.48097371  0.50236123
   0.81720283  0.37589407  0.168047    0.6449365   1.398001    0.67526671
   0.09281798  0.13663156  0.37649866  0.33200948  1.67047715  0.50231386
   1.41374177  1.1178695   0.09365527  0.13361774  1.20128751]
 [ 0.38454564  0.40539841  0.39969933  0.56091596  0.57946038  1.2593508
   0.61556906  0.61776365  0.67455008  1.4620513   0.55835282  0.34018294
   0.99395639  1.29532802  0.77935608  0.9152112   0.71605771  0.7144353
   0.79329791  1.08818192  0.58148054  0.80623796  0.72459797  0.89715114
   0.54484802  0.37892064  0.42538838  0.18164963  1.05761309  1.04302578
   0.86217462  1.03046356  0.57669316  0.53971025  1.03738656]
 [ 4.65137906  3.64951026  2.02242197  1.89461942  2.80084436  5.92996934
   1.21491691  1.07372765  0.8045663   0.91489022  1.67156875  4.18953749
   2.02014555  2.63895221  1.55400186  1.73793641  2.13693045  2.20613258
   1.45012594  0.97384377  2.39562301  2.35303732  1.65750333  2.07590088
   9.21387988  2.73274711  5.92951833  2.69500458  2.53161193  2.2230002
   1.73352009  2.18869586  0.39918485  2.32575902  6.91148453]
 [ 3.32324131  3.5308515   0.94239893  0.92906352  1.97263798  8.47049458
   0.89404783  1.05868471  0.80757605  2.46946303  1.61604801  5.65983761
   1.41204524  1.68833097  0.72455404  1.06337168  1.57290641  2.13905921
   0.80487324  1.96297733  1.4780619   2.25884214  1.42427266  2.04040412
   2.60567755  2.06252838  2.29039144  2.55172705  1.28874651  1.70303755
   0.80576277  1.14622506  0.98590544  0.80997739  8.79882805]
 [ 3.27156325  2.15963496  1.04312865  1.01321789  2.71325728 13.69002237
   1.95685402  1.82593952  1.60432295  1.46049595  2.58409445  2.70594118
   2.90890796  3.39228471  2.32468931  2.19598714  3.87514517  2.5439626
   2.48614802  1.62456468  1.89957616  2.00442279  3.13461819  4.18890009
   1.79635624  2.31734283  2.9272218   3.31187289  3.42537894  4.57329876
   3.38614419  3.53060216  0.81739183  0.48563041  3.39334625]
 [ 0.85583278  0.51826191  0.62385504  0.97744843  0.7875171   0.96029851
   0.7389055   0.90144644  2.38862237  2.40724744  1.05863885  1.35569697
   1.31058142  1.47276138  0.94017477  0.95952342  1.03084878  0.88930335
   1.04065785  2.97440577  1.42923102  1.30337238  0.83158401  0.99519845
   0.38495286  0.77145345  0.95832039  0.82616931  1.250069    1.55442187
   1.17747893  1.18585612  0.16747557  0.48994784  3.07889425]
 [ 0.54809071  0.96250797  0.53206287  0.58091308  0.62878142  2.97349652
   0.85186821  1.6548092   1.58252482  1.36171528  1.20742561  1.44614185
   1.59076344  1.19399317  1.13356036  1.38403179  1.82399209  0.4336084
   1.12160622  1.65397543  1.08240425  1.50383653  1.10105995  1.29742555
   0.76022024  0.97675769  0.83251296  1.0500221   0.55138438  1.84845442
   1.51631111  1.75253389  0.07117564  0.1435961   1.48172552]
 [ 1.87615577  1.69508618  2.08938268  1.60517639  2.83534051  2.18552783
   1.15367861  1.53238355  2.62826596  9.0620504   1.89040225  1.96577545
   1.45820627  1.87337161  1.09624465  1.58586801  1.54390248  5.47333047
   1.50325697  5.55961024  2.50179729  2.03680651  1.66029184  1.54765036
   1.63130203  1.60758963  1.47709732  1.20430687  1.84348113  2.04922107
   1.49377131  1.53766649  6.48053409  1.70005007  2.55954707]
 [ 1.1220017   0.91078622  0.47758511  0.30453981  0.54587656  0.46144494
   0.43427046  0.33760598  0.40983307  0.91881796  0.76316884  1.20769615
   1.18833738  1.58464884  0.76875654  0.89410125  1.10878249  0.68298719
   0.85874087  0.8339465   0.64817043  0.28476384  0.74293277  0.90359998
   0.79225252  0.26943544  1.34834705  0.65839255  1.38663962  0.8796667
   1.06106421  1.04515936  0.85714426  0.89484181  1.41419015]
 [ 0.39106122  0.33306231  0.79058621  0.19334366  2.5605546   0.78105645
   1.16609093  0.17306396  1.00091453  0.28335108  0.55175011  0.04013665
   1.93813309  1.03389766  2.55197658  0.68118178  0.99113401  0.71386634
   0.52530632  0.23174486  0.3056562   0.13163598  1.09972808  0.25972919
   0.57501998  0.0580304   0.52100242  0.69496381  1.14419449  0.35470898
   2.25387603  1.27093728  0.35694249  0.48797068  1.79177152]
 [ 2.44953783  2.63208322  0.68960453  0.59060913  0.28111657  1.28952058
   0.66223699  0.80457909  0.74766338  1.10536727  0.39072588  0.42424329
   1.83636931  1.90634207  0.97992015  0.97103293  0.96491756  0.81996972
   1.16887213  0.97288197  1.29140892  1.47379365  1.05115542  1.09127234
   1.49196555  1.47099716  2.12319303  0.89894594  1.18702817  1.98429391
   1.39755524  1.44394738  0.50902342  0.87115981  1.52595257]
 [ 0.71859946  0.63689661  0.868134    0.75694273  0.96761436  1.12985635
   0.8586538   1.02610058  0.82694909  0.97039102  1.03125835  1.05499107
   1.31219895  1.54189272  1.14533567  1.24619088  0.9273188   0.88228522
   1.2029525   0.87461618  1.22672481  1.12243977  1.0597165   1.52933879
   0.86187997  1.03570539  0.77561252  0.76380089  1.26856505  1.23035974
   1.38591622  1.49750273  1.04132168  1.19910583  2.19802178]
 [ 5.74669689  4.72153353  3.54581518  4.318       2.53795565  5.6671344
   4.86873403  5.62852762  9.78116081  8.42401647  4.98533289  6.97176211
   5.68649182  6.08320942  6.43993099  5.71466591  7.11167286  4.90514401
   5.92031292  7.90297198  5.36518094  6.40467519  4.27289182  5.69733256
   2.25188248  6.44247487  5.17665313  6.85893115  4.51644822  6.6589288
   5.91326333  5.90593951  0.14559962  0.06553013  2.64388756]
 [ 1.37765902  1.44662313  1.34762294  1.43129995  1.21100125  1.40817035
   0.70948791  0.86578506  0.88735282  1.44449763  1.82002645  2.34051949
   1.60024623  2.68433201  0.7398097   1.18690449  1.83277945  0.51810852
   0.81431941  1.20681815  1.71073901  1.83995858  0.99306661  1.57015016
   1.62133254  1.77792673  1.39109196  1.64587114  1.96411518  2.80079018
   0.64711145  1.4071007   0.67813732  1.19110188  2.34723452]
 [ 0.83128796  0.80571315  0.90107935  0.78853321  1.08479305  1.38352656
   1.14540555  1.28062073  1.28121293  1.39299508  1.33904805  1.41122019
   1.53423387  1.86415674  1.20459035  1.32141948  1.17148267  1.1562536
   1.17739298  1.22866566  1.16113452  1.33059787  1.29672138  1.49761774
   1.00277304  0.91487178  0.84892596  1.09312971  1.55377024  1.7047137
   1.36072514  1.35313641  0.57368523  0.84476499  2.35726475]
 [ 1.87923391  1.75350486  1.71122581  1.78218427  2.23613707  2.6413676
   2.0994019   2.17434682  1.90323434  1.92057909  3.37362945  3.07440107
   4.11945859  4.31976306  3.02731652  3.01381594  4.20291703  1.30267257
   2.74217422  1.98605664  3.05510586  2.76798313  2.81991286  2.57670611
   2.47451773  2.16033815  1.65141206  2.74458332  4.80076308  5.34132113
   3.86289247  4.40088463  0.95511912  0.59365804  2.17526908]
 [ 1.61791539  2.16303572  1.26575268  2.07179275  1.48439559  4.45527218
   2.47511623  4.44014195 10.10533896 11.59573215  1.90950638  2.31721983
   1.83967838  2.98563866  2.49929954  3.77749414  2.13551821  3.71153908
   3.1965869  12.30740148  1.59641384  4.78539774  1.5826882   2.82394069
   1.71440242  2.14512394  1.52569022  1.91521058  2.14973747  2.75161007
   2.18888346  2.71702199  2.91875414  0.19746754  2.69481608]
 [ 0.61491526  1.05660878  0.39518047  0.50295887  0.61842742  0.76338161
   0.80375016  1.08588457  1.35480527  1.68408678  0.96886109  1.45126271
   0.97010112  1.3581889   0.90667807  1.39816904  1.51934483  0.60618973
   0.92829381  1.7159049   0.71959571  0.83001792  0.76793101  0.9542095
   0.73589173  1.17770818  0.90336619  1.20883408  1.39872254  2.11701493
   1.02272356  1.32420671  0.74830583  0.15673624  2.09975824]
 [ 0.72667055  0.62202382  0.89118215  0.85314052  1.74500594  0.63888487
   0.52970618  1.31937799  2.36274644  4.61407901  1.01281243  0.94727958
   1.00796589  1.08443894  1.00789822  1.49185936  0.96438017  1.75634282
   1.28170341  3.67849033  0.94866043  0.94889381  0.98963538  0.67588504
   0.88575833  0.85501758  0.66091856  0.7834227   1.11552732  1.25855476
   1.0282461   1.26573886  0.56703348  0.44682344  2.8561313 ]
 [ 1.09828039  1.20895185  1.20632981  1.58713838  1.11542003  1.5586195
   1.18750165  1.28095814  1.39100628  1.37822129  1.13561371  1.0497483
   1.65533094  2.77471706  1.16603195  1.83426659  1.11792066  1.87590667
   1.23548204  1.31257224  1.12940626  1.44125139  1.35238244  1.29775655
   0.71394615  2.17581681  1.29334815  1.71916882  1.47259268  3.56183629
   1.80924269  3.12866867  0.99052686  1.59177007  2.88122973]]