[[1.26592818e+03 3.55250402e+03 3.51693912e+02 1.20428079e+02
  4.61825333e+02 4.18031153e+02 1.09764956e+02 1.05648560e+02
  1.27325500e+02 7.13784968e+01 5.19214918e+01 2.54320810e+01
  1.88588655e+01 9.05583427e+00 3.66522264e+01 3.26808106e+01
  4.02881383e+01 7.20126705e-27 2.41152381e+01 8.88332100e+01
  3.85034910e+02 3.35351912e+01 4.90190165e+01 3.57734119e+01
  1.97784224e+03 2.12470838e+03 1.33927608e+03 7.16410160e+01
  7.76888553e+00 7.11491139e+00 1.04776396e+01 8.01557899e+00
  2.10508720e+03 2.96960474e+03 5.24070998e+02]
 [2.79582104e+02 3.08591371e+02 8.96803374e+01 1.57274828e+02
  5.71988888e+01 5.81414741e+01 5.48096473e+01 8.15263446e+01
  7.63523886e+01 7.36401576e+01 5.24429447e+01 5.56360588e+01
  1.55695193e+01 1.57730310e+01 3.00376929e+01 3.10278390e+01
  3.44151325e+01 6.91869191e-29 2.31465347e+01 7.52985873e+01
  4.57896472e+01 6.29333101e+01 3.52201939e+01 3.50780296e+01
  1.57296560e+02 3.49255648e+02 2.71698084e+02 2.32780840e+02
  1.45394350e+01 1.30798720e+01 1.15984265e+01 1.07177121e+01
  1.08789237e+02 8.72756167e+01 1.92148011e+01]
 [1.54161178e+02 1.81950158e+02 3.72211650e+02 1.42365757e+02
  4.02438003e+01 1.99979488e+01 2.45989743e+01 1.47437201e+02
  3.05839726e+01 3.00642934e+01 1.87334325e+02 2.94818538e+01
  5.79638714e+00 4.91819615e+00 1.25266549e+01 1.24759023e+01
  1.63575507e+01 5.94096969e-28 9.87060143e+00 2.84270820e+01
  2.41203884e+01 1.66120568e+01 1.80054181e+01 1.31115221e+01
  1.12628803e+02 1.40712965e+02 1.28075606e+02 2.02429885e+02
  5.83377192e+00 8.46908973e+00 4.96483689e+00 4.52685934e+00
  1.87199702e+02 1.26771936e+02 1.00844565e+01]
 [5.38688251e+02 4.65825980e+02 8.21460273e+01 6.42139623e+01
  3.03541512e+01 3.52953601e+01 3.59871307e+01 5.24475643e+01
  4.77091614e+01 4.55423385e+01 3.56704402e+01 3.32538474e+01
  5.03492982e+00 8.42966947e+00 1.85488425e+01 2.43485141e+01
  2.79716905e+01 6.89670877e-28 1.57050930e+01 3.96617965e+01
  2.34349012e+01 2.31586231e+01 1.85420554e+01 2.34274656e+01
  1.89047499e+02 1.34492441e+02 3.78932775e+02 1.39677849e+02
  9.44118118e+00 7.14888747e+00 6.11889452e+00 7.28789773e+00
  7.30274554e+02 7.69555934e+02 1.97446099e+01]
 [8.47188447e+02 7.88251422e+02 2.96334636e+02 7.29089637e+01
  3.77377564e+01 3.97992533e+01 3.78852147e+01 6.01472052e+01
  4.61530670e+01 4.72168573e+01 6.86718050e+01 3.40178990e+01
  1.59095041e+01 7.76672178e+00 2.21080546e+01 2.67562935e+01
  4.59378646e+01 8.45445341e-28 1.51204044e+01 4.04668385e+01
  5.98067301e+01 2.96797222e+01 2.30256103e+01 2.42012036e+01
  2.70416480e+02 1.40626620e+02 6.36989043e+02 1.55263809e+02
  1.52731619e+01 7.72010706e+00 5.33924095e+00 8.87611585e+00
  2.29504020e+02 8.87462848e+02 3.02112487e+01]
 [5.94557919e+01 2.35484225e+02 1.95351930e+02 1.13460697e+02
  4.29595953e+01 3.82668480e+01 3.03951541e+01 3.13241721e+01
  4.06082071e+01 3.48723581e+01 2.46446339e+01 2.38061533e+01
  9.99553092e+00 9.54097483e+00 1.72344718e+01 1.86434437e+01
  1.39950550e+01 1.47269120e-29 1.37677921e+01 3.65382120e+01
  4.24624172e+01 3.03012992e+01 1.93272698e+01 1.74411473e+01
  2.37239432e+02 1.34934243e+02 5.16985649e+01 4.13128373e+01
  9.00192137e+00 6.53244823e+00 1.80060150e+01 6.22791221e+00
  7.99929315e+02 1.36068740e+02 7.66752012e+01]
 [2.66720635e+03 1.36513878e+03 7.44385958e+02 1.72409722e+03
  1.02435452e+02 9.51793419e+01 1.60855026e+02 8.77069164e+01
  2.08269419e+02 1.17245553e+02 8.94787620e+01 1.68341741e+02
  2.37896505e+01 3.27980684e+01 7.45043518e+01 5.57945423e+01
  1.73646056e+02 2.34458884e-28 4.68513012e+01 1.50543462e+02
  4.10028223e+01 1.01671138e+02 8.55939526e+01 4.54273433e+01
  8.21809538e+02 1.46061318e+03 1.72847574e+03 5.53816740e+02
  3.45356846e+01 3.00980876e+01 4.06687256e+01 2.40698648e+01
  6.70232140e+03 2.16275540e+04 4.80646346e+02]
 [2.34001244e+02 3.23868289e+02 1.01966144e+02 9.92984466e+01
  5.18391092e+01 4.82176233e+01 4.38716682e+01 7.21887789e+01
  5.03664472e+01 5.60664420e+01 4.45729795e+01 5.37223182e+01
  2.23835889e+01 2.00283270e+01 2.93309906e+01 3.49057815e+01
  4.50647107e+01 6.79507480e-29 2.29798058e+01 4.64392433e+01
  4.04245090e+01 4.23546040e+01 3.07525098e+01 3.49840600e+01
  1.18183994e+02 1.40224830e+02 2.54524296e+02 1.04620244e+02
  2.20656676e+01 2.19794966e+01 1.53293812e+01 1.64352249e+01
  2.11129092e+02 1.26917352e+02 3.36705289e+01]
 [1.50569145e+02 1.31116036e+02 4.48347225e+01 4.90606069e+01
  2.95811788e+01 2.70573972e+01 3.59482878e+01 4.28795887e+01
  5.74670962e+01 6.10335886e+01 2.32723087e+01 2.24068359e+01
  9.38378576e+00 7.57685798e+00 2.21509208e+01 1.98032687e+01
  2.50561784e+01 6.70566045e-29 1.64180682e+01 5.88445290e+01
  2.67027880e+01 2.78070250e+01 2.04715721e+01 1.95477018e+01
  5.60827136e+01 4.28969074e+01 1.06802113e+02 4.63418090e+01
  1.13166172e+01 8.33172041e+00 8.09991094e+00 6.10609077e+00
  4.17430430e+01 8.19275750e+01 2.11839714e+01]
 [2.99770494e+02 3.12998220e+02 9.03945273e+01 2.71042758e+02
  1.38859188e+02 7.35040482e+01 7.43459073e+01 4.08100188e+02
  7.97711605e+01 2.59641609e+02 5.86208076e+01 6.50961044e+02
  1.36197973e+01 3.51978863e+01 2.66971584e+01 3.83625187e+01
  4.56101951e+01 9.93014016e-27 5.66371539e+01 2.92259284e+02
  3.35219481e+02 3.65183586e+02 2.04721663e+02 2.38435397e+02
  1.07293484e+02 7.10060226e+02 2.43419490e+02 1.07443821e+02
  1.39193742e+01 6.87601994e+01 9.05725140e+00 1.20536223e+01
  3.96395364e+02 3.51773443e+02 5.87868527e+02]
 [7.61630426e+01 1.42848656e+02 5.22423880e+02 4.66223685e+02
  7.38036780e+01 4.65620236e+01 5.45952974e+01 3.96833340e+01
  4.58690458e+01 4.13175107e+01 5.51374750e+01 8.13333525e+01
  1.05874877e+01 1.06183778e+01 2.40662297e+01 1.76050128e+01
  4.66582571e+01 2.35797761e-27 1.14609949e+01 4.14637937e+01
  4.19180664e+01 4.11050509e+01 3.23426601e+01 2.39627114e+01
  1.63174928e+02 2.33190571e+02 1.68497484e+02 1.29548045e+02
  1.29026568e+01 1.13110604e+01 6.63522517e+00 9.09622322e+00
  3.53983356e+02 2.13729852e+02 5.82371272e+01]
 [1.39441604e+02 1.10784543e+02 1.59324773e+02 1.25309461e+02
  6.36955012e+01 5.73563238e+01 4.17007105e+01 4.33749099e+01
  6.68056137e+01 6.55019170e+01 3.45046847e+01 2.86837130e+01
  1.76477288e+01 1.21546397e+01 2.89223941e+01 2.46214866e+01
  2.36305646e+01 1.61908938e-29 1.70165008e+01 5.78914213e+01
  5.47146978e+01 4.64031791e+01 3.38104331e+01 5.00396078e+01
  7.30644322e+01 4.44149837e+01 1.07026744e+02 4.32448908e+01
  1.01685639e+01 1.30727982e+01 7.80351326e+00 7.27956492e+00
  1.33998828e+02 1.35022199e+02 4.15223338e+01]
 [3.97622556e+02 5.43060096e+02 6.86524654e+01 1.60139749e+02
  4.93972595e+01 1.43583841e+01 3.32420195e+01 1.73611828e+01
  3.27476964e+01 2.64952037e+01 2.49001284e+01 5.36772340e+01
  1.15125870e+01 6.19119862e+00 1.93277652e+01 9.70417230e+00
  3.49943654e+01 8.87755035e-29 1.37486227e+01 2.91553566e+01
  2.20195895e+01 3.39552337e+01 2.25870492e+01 8.74345291e+00
  1.00407637e+02 1.84447715e+02 3.68207031e+02 1.01152933e+02
  1.01069545e+01 1.10071354e+01 9.63583741e+00 3.31927764e+00
  7.55280861e+02 4.29192087e+02 1.12605607e+02]
 [1.18369682e+02 8.51273896e+01 6.35128871e+01 7.87816665e+01
  5.67500746e+01 5.18975104e+01 5.37571837e+01 4.92558395e+01
  4.39596770e+01 4.66179155e+01 4.44526196e+01 3.95589619e+01
  8.13507724e+00 1.25076463e+01 3.19845601e+01 2.11414547e+01
  3.82131003e+01 3.44520143e-28 1.92906641e+01 4.01878608e+01
  3.26466609e+01 3.55643808e+01 3.03842231e+01 2.60022182e+01
  7.26588547e+01 5.81542215e+01 8.65950572e+01 5.70275680e+01
  1.28597973e+01 1.44843879e+01 9.44090416e+00 6.50479958e+00
  3.35456810e+01 8.32758918e+01 1.34046513e+03]
 [2.18604911e+02 8.88663105e+01 5.65672231e+01 4.60105704e+01
  2.72100792e+01 2.70366263e+01 4.64976992e+01 5.91489195e+01
  6.00985070e+01 6.19290244e+01 1.89656964e+01 1.91293100e+01
  8.16956078e+00 7.03582336e+00 2.77216883e+01 2.65041299e+01
  2.03388362e+01 1.70293482e-28 1.81834943e+01 5.15153897e+01
  2.10879376e+01 1.87320394e+01 2.12253732e+01 2.03728804e+01
  6.75192573e+01 6.31804497e+01 1.68565680e+02 6.31920088e+01
  8.84816943e+00 8.01728866e+00 9.98335425e+00 6.81915555e+00
  1.37678138e+02 1.10145233e+02 1.02482878e+02]
 [8.97653040e+01 1.66655593e+02 4.16531555e+01 4.47669216e+01
  3.71394304e+01 2.79224637e+01 3.31578526e+01 4.01583405e+01
  4.31252944e+01 4.38692825e+01 2.27656281e+01 2.88047208e+01
  9.90167134e+00 9.23067131e+00 1.96231399e+01 1.95634925e+01
  1.43206318e+01 4.67918271e-29 1.24228685e+01 4.09666078e+01
  2.87741778e+01 4.26699472e+01 2.21321630e+01 6.31783481e+01
  3.87165945e+01 7.01629802e+01 1.12586852e+02 4.53624326e+01
  8.12525798e+00 6.50898878e+00 6.23642961e+00 6.81111351e+00
  2.97989591e+01 1.43365744e+02 7.16444827e+01]
 [4.47427699e+01 3.43095616e+01 5.14814202e+01 3.27460331e+01
  2.42700110e+01 2.12779312e+01 3.17930712e+01 2.98731132e+01
  4.63009406e+01 4.06784917e+01 8.62654517e+00 1.42177368e+01
  1.07217620e+01 8.00614169e+00 2.21566868e+01 1.66342229e+01
  1.11814850e+01 6.80899787e-29 1.74762918e+01 4.50066646e+01
  1.85617681e+01 1.79374967e+01 1.79048571e+01 1.65463399e+01
  2.17613611e+01 2.31749045e+01 4.78220814e+04 1.35573918e+01
  5.28217953e+00 4.07125692e+00 7.07814697e+00 6.25258057e+00
  3.31651072e+01 1.81363106e+01 1.92908876e+01]
 [2.76090235e+02 2.46018219e+02 9.84941126e+01 7.28815078e+01
  4.40804019e+01 4.57717815e+01 4.10296401e+01 4.44322728e+01
  5.39346902e+01 4.71948381e+01 3.06688046e+01 3.30472094e+01
  1.42509643e+01 1.03268731e+01 3.14750534e+01 2.29702363e+01
  2.14323076e+01 1.00484409e-28 2.57936349e+01 4.57644466e+01
  3.43852538e+01 3.07476513e+01 2.60921616e+01 2.46952840e+01
  8.55296584e+01 8.19332109e+01 1.59319066e+02 5.73672732e+01
  1.00813688e+01 8.34503144e+00 1.24611866e+01 8.31113465e+00
  1.29908524e+02 2.38950941e+02 9.53567952e+00]
 [1.09775951e+03 1.09325715e+03 2.25257094e+02 6.25751241e+01
  4.08126034e+01 6.21558763e+01 6.04255246e+01 7.88783331e+01
  8.76914001e+01 8.74030805e+01 9.27022248e+01 5.27651838e+01
  9.62161416e+00 9.67547625e+00 2.82576119e+01 3.68495897e+01
  6.23799480e+01 1.34111638e-28 2.25964883e+01 8.73879566e+01
  5.73988352e+01 2.70993469e+01 2.61400039e+01 4.62544080e+01
  3.47218659e+02 2.23070552e+02 6.75703752e+02 1.80649686e+02
  2.21257674e+01 1.27979498e+01 9.73775805e+00 1.03737362e+01
  1.90354414e+02 6.30073742e+02 4.98793931e+01]
 [1.06171187e+02 1.20694069e+02 1.08316401e+02 1.01562114e+02
  8.05414844e+01 4.65733065e+01 4.71317462e+01 4.48250761e+01
  3.92995323e+01 4.66175988e+01 4.40989065e+01 9.89945417e+01
  2.29337321e+01 1.60508536e+01 2.90172350e+01 2.42018297e+01
  2.92049871e+01 8.94302848e-30 1.85638318e+01 4.44011283e+01
  5.13894022e+01 4.00625058e+01 4.70434151e+01 4.99781846e+01
  6.53566848e+01 7.16631367e+01 1.12281645e+02 4.82043627e+01
  1.49972347e+01 1.21665538e+01 1.41447252e+01 9.00195652e+00
  1.22508986e+02 6.62267752e+01 4.61605818e+01]]