[[3.81570414e+01 3.88561060e+01 3.21463432e+01 2.91269564e+01
  5.68858522e+01 6.80003409e+01 2.10137602e+02 3.12133437e+02
  4.09203442e+02 2.72077333e+02 9.26577836e+00 9.42383429e+00
  1.31584618e+01 8.44853146e+00 9.13630755e+01 7.85510779e+01
  4.52229779e+00 1.68351437e-27 3.36827260e+01 3.11409597e+02
  2.36958419e+01 2.23547033e+01 6.69625722e+01 7.33323991e+01
  2.43519557e+01 2.26928668e+01 2.68466630e+01 8.47925277e+00
  2.76746405e+00 2.41863295e+00 1.41696405e+01 8.58648749e+00
  2.12727946e+01 2.73567771e+01 3.98674038e+01]
 [2.27864238e+01 2.93379974e+01 8.70737225e+00 9.94431594e+00
  7.11351867e+00 6.12309266e+00 1.23217489e+01 1.81443636e+01
  3.23809840e+01 2.34224452e+01 4.94396191e+00 5.70284598e+00
  3.96377979e+00 4.34498700e+00 6.86317667e+00 6.69924729e+00
  2.98293282e+00 8.72851805e-30 3.35290190e+00 2.33610771e+01
  5.32740711e+00 5.05837687e+00 6.72882378e+00 6.53367383e+00
  1.10880537e+01 1.43974200e+01 2.19963504e+01 1.03965271e+01
  1.94013632e+00 1.58288556e+00 2.58444897e+00 2.11919158e+00
  7.89320924e+00 1.46798924e+01 6.29621617e+00]
 [2.22016229e+01 2.15027819e+01 1.04466865e+01 9.01659140e+00
  6.60291723e+00 7.44147821e+00 1.41652637e+01 2.09813770e+01
  6.93221682e+01 5.45691349e+01 4.55436417e+00 3.41710170e+00
  2.00878877e+00 3.05763812e+00 9.32173059e+00 1.02624748e+01
  2.40336703e+00 6.45887422e-29 7.29419479e+00 5.06841390e+01
  4.15373081e+00 4.73305871e+00 6.18945406e+00 7.88130631e+00
  1.08583526e+01 1.53022000e+01 1.90232264e+01 8.44030350e+00
  1.05985507e+00 1.26615127e+00 2.42166731e+00 2.51794308e+00
  1.27699841e+01 9.67222645e+00 1.73628978e+00]
 [1.15240951e+02 1.26390785e+02 4.76667178e+01 5.60344777e+01
  5.15839163e+01 6.69213406e+01 8.78354469e+01 1.26901284e+02
  1.36754787e+02 1.37210093e+02 2.67991737e+01 3.26090620e+01
  7.69617584e+00 1.62221662e+01 3.85655358e+01 5.45417479e+01
  2.21146934e+01 4.19464370e-28 2.85590941e+01 1.10923103e+02
  2.76102775e+01 3.90245697e+01 3.58234990e+01 5.30073657e+01
  6.41900496e+01 6.15216198e+01 9.51844187e+01 5.43358587e+01
  1.07260742e+01 1.19763106e+01 1.15422499e+01 1.01654317e+01
  6.71496969e+01 4.65955861e+01 7.57925345e+00]
 [5.46903432e+01 5.82566487e+01 2.35075408e+01 1.62247556e+01
  1.46600612e+01 1.87297572e+01 3.28329242e+01 6.99316841e+01
  5.05027899e+01 5.14998051e+01 9.19492634e+00 7.75657374e+00
  4.69971796e+00 7.62054278e+00 2.12422166e+01 3.48660142e+01
  7.20080221e+00 1.95605154e-28 1.27874699e+01 4.34947405e+01
  1.00806196e+01 9.13731389e+00 1.43047676e+01 2.32002201e+01
  2.18355507e+01 1.79657401e+01 4.49849239e+01 1.57593777e+01
  3.27834093e+00 2.59328815e+00 5.12772053e+00 6.73313293e+00
  1.83246177e+01 4.01488077e+01 2.47195044e+00]
 [5.21949926e+00 5.87268190e+00 4.42911027e+00 4.19519005e+00
  4.44678538e+00 4.97305085e+00 1.09791181e+01 2.51852526e+01
  2.93584109e+01 2.04505264e+01 2.11753428e+00 2.04690618e+00
  1.72498451e+00 1.82791670e+00 6.52119271e+00 6.83186917e+00
  1.58197635e+00 3.18477365e-30 3.48889064e+00 1.95381938e+01
  3.18208704e+00 2.69642858e+00 4.17807711e+00 6.15541646e+00
  3.69427835e+00 3.39081841e+00 4.83367788e+00 2.56280801e+00
  9.92244096e-01 7.93602801e-01 1.67595175e+00 1.21247475e+00
  6.10767483e+00 3.37847028e+00 1.43385875e+00]
 [3.99943975e+01 3.87480186e+01 1.35589984e+01 3.53352521e+01
  1.34540657e+01 1.25097418e+01 3.02013588e+01 3.17604880e+01
  6.40998179e+01 7.03474408e+01 6.05349385e+00 8.90490987e+00
  4.14207201e+00 3.84872094e+00 1.86234596e+01 1.94184146e+01
  5.86069950e+00 4.34729065e-30 1.42755660e+01 6.03021055e+01
  7.73406820e+00 8.13655134e+00 1.32081732e+01 1.15626845e+01
  1.92825184e+01 2.22143836e+01 3.40036905e+01 1.27042205e+01
  2.73962788e+00 2.94690951e+00 5.48164772e+00 4.31098804e+00
  4.63836067e+01 1.10215255e+02 3.62215620e+01]
 [1.93215957e+01 2.09658388e+01 9.35008005e+00 6.94068343e+00
  8.58444407e+00 1.40058448e+01 3.39030333e+01 9.16644900e+01
  6.56403246e+01 6.96236201e+01 5.29016980e+00 4.36177808e+00
  3.48116408e+00 5.63945946e+00 1.98376771e+01 3.56375674e+01
  4.25108699e+00 4.37857385e-29 1.28668115e+01 5.78441915e+01
  4.91774505e+00 4.75227392e+00 1.06418084e+01 2.18951145e+01
  1.11002583e+01 9.00032890e+00 1.69828068e+01 8.13413095e+00
  2.19879186e+00 1.32693099e+00 4.74960191e+00 7.51561892e+00
  1.99351445e+01 1.11856142e+01 8.12812486e+00]
 [4.81865059e+01 4.01811214e+01 1.98347476e+01 1.65811372e+01
  2.12840058e+01 1.91848671e+01 4.38794061e+01 7.16111143e+01
  7.26231903e+01 7.37774716e+01 9.69159203e+00 8.41786327e+00
  5.58704578e+00 3.88724569e+00 1.74778819e+01 1.86306000e+01
  8.00215029e+00 7.04750906e-29 1.16154050e+01 6.68462892e+01
  1.10895408e+01 8.48827755e+00 1.66647454e+01 1.66458244e+01
  1.88129943e+01 1.66242789e+01 3.82160779e+01 1.62489263e+01
  3.31761601e+00 2.75528673e+00 5.45563959e+00 4.34764304e+00
  8.87645077e+00 1.40252325e+01 8.30663753e+00]
 [3.77148613e+01 4.92167936e+01 8.19499100e+00 1.29890665e+01
  8.71967134e+00 1.00147003e+01 5.32807387e+01 6.27675974e+01
  1.24498120e+02 1.10337589e+02 5.38683092e+00 8.93055051e+00
  2.50175935e+00 3.66380582e+00 4.00237179e+01 4.08977816e+01
  6.79495877e+00 4.26970243e-28 2.54324256e+01 9.09483701e+01
  4.24449978e+00 5.26242057e+00 1.61994753e+01 1.86911647e+01
  1.51596630e+01 2.24200752e+01 3.60323402e+01 1.44747272e+01
  2.07915766e+00 2.25525275e+00 7.77653543e+00 6.41691328e+00
  2.49772865e+01 2.36728732e+01 9.26452976e+01]
 [1.60415083e+01 1.77745016e+01 1.87111390e+01 1.67524148e+01
  2.62107787e+01 1.93926104e+01 6.27682361e+01 4.36730357e+01
  7.08378066e+01 5.73179541e+01 6.21480838e+00 6.03494909e+00
  5.60068892e+00 4.96929144e+00 2.01443781e+01 1.66416753e+01
  3.96042322e+00 8.47423658e-28 8.99547722e+00 5.36522176e+01
  1.19081585e+01 1.01203573e+01 1.96725431e+01 1.34560383e+01
  1.00119925e+01 1.28069232e+01 1.48761567e+01 6.96470267e+00
  2.39660430e+00 1.98507993e+00 4.38531742e+00 3.65973936e+00
  5.13436779e+00 4.32454331e+00 5.37810836e+00]
 [4.09425794e+01 3.69571732e+01 1.91423675e+01 1.85352059e+01
  1.96435833e+01 1.72858479e+01 4.40338594e+01 3.83896560e+01
  8.23728413e+01 8.89906921e+01 8.24077078e+00 7.86533770e+00
  5.28976326e+00 4.44348377e+00 1.82602528e+01 1.52495597e+01
  6.28815431e+00 8.13844899e-30 8.65792348e+00 6.64814399e+01
  1.19644692e+01 1.03261156e+01 1.64902627e+01 1.47789576e+01
  1.89491303e+01 1.48932305e+01 3.48473106e+01 1.22870496e+01
  3.29968492e+00 2.79449189e+00 4.54118898e+00 3.42590254e+00
  4.33997562e+01 3.08418968e+01 4.69298250e+00]
 [4.74209236e+01 5.91218300e+01 1.23399531e+01 1.70451242e+01
  1.92627002e+01 1.27966413e+01 5.15370137e+01 3.24743673e+01
  6.50798194e+01 4.41807126e+01 7.78416337e+00 9.82366398e+00
  7.21435262e+00 5.66853492e+00 3.00407508e+01 1.65667894e+01
  7.37629637e+00 1.18937371e-29 1.08795050e+01 4.03308001e+01
  8.66058033e+00 9.15451196e+00 2.26730672e+01 1.45489721e+01
  1.68354206e+01 2.16943929e+01 4.29957991e+01 1.53554697e+01
  3.09981377e+00 3.39258015e+00 8.79069480e+00 3.83659574e+00
  3.23207520e+01 2.60461267e+01 1.57110157e+01]
 [4.31564247e+01 3.96962836e+01 4.75436271e+01 4.34036454e+01
  4.90501998e+01 4.43647749e+01 9.93819385e+01 9.06108529e+01
  9.57039047e+01 1.11642198e+02 2.05467507e+01 2.16961682e+01
  1.04747043e+01 1.24388474e+01 5.57460379e+01 4.93604154e+01
  1.67087617e+01 3.16247949e-28 2.94865881e+01 8.02376845e+01
  2.85279395e+01 2.71717961e+01 4.47835522e+01 3.73548124e+01
  2.84880522e+01 2.98159873e+01 3.79625965e+01 2.43234601e+01
  8.55330770e+00 7.07229266e+00 1.49610316e+01 1.63231629e+01
  7.43459626e+00 9.34128953e+00 8.52466939e+01]
 [3.18426314e+01 3.11648973e+01 2.15940581e+01 2.15898616e+01
  2.27858296e+01 1.93579752e+01 8.10802663e+01 9.60947738e+01
  1.51710529e+02 1.51111876e+02 1.04516050e+01 1.23414528e+01
  6.23093661e+00 6.59038853e+00 4.57737268e+01 5.45796659e+01
  1.11375863e+01 1.14388275e-28 3.22845390e+01 1.26913096e+02
  1.28070407e+01 1.23446709e+01 2.76070471e+01 2.65739158e+01
  1.97596802e+01 2.39745630e+01 3.16667121e+01 1.82671533e+01
  5.22604341e+00 5.35456994e+00 1.41345698e+01 1.12294823e+01
  1.03092334e+01 9.40817854e+00 2.10304284e+01]
 [1.40404983e+01 1.87008133e+01 8.14485180e+00 8.54925699e+00
  1.24096528e+01 1.44766704e+01 4.22064065e+01 6.40872413e+01
  1.12765749e+02 8.52852843e+01 3.47847668e+00 4.17346509e+00
  2.50259674e+00 3.00072684e+00 1.64811615e+01 1.65911323e+01
  2.44388234e+00 2.50103757e-29 5.92785509e+00 7.81857103e+01
  5.33801042e+00 6.07318690e+00 1.33251158e+01 1.62704234e+01
  6.73906175e+00 9.73938170e+00 1.49456038e+01 5.97047029e+00
  1.14869957e+00 9.05243106e-01 2.58573308e+00 2.53201163e+00
  4.73143249e+00 1.21150280e+01 8.77065589e+00]
 [1.04651425e+01 8.93995877e+00 9.30227429e+00 9.54056546e+00
  1.25366073e+01 1.23709136e+01 3.27042139e+01 4.59839704e+01
  8.00207495e+01 5.87728999e+01 3.60177145e+00 4.13093856e+00
  3.03281408e+00 3.68578145e+00 2.16109124e+01 1.86397194e+01
  2.25897315e+00 1.67546634e-29 1.07637505e+01 6.26633255e+01
  6.25007537e+00 5.78240606e+00 1.18137493e+01 1.26234334e+01
  6.95597241e+00 6.40525334e+00 2.12249444e+02 3.57820099e+00
  1.44348673e+00 1.21548720e+00 4.35989640e+00 4.23683943e+00
  4.88411646e+00 2.21206334e+00 1.69917709e+00]
 [6.89167144e+01 7.90404937e+01 2.12447937e+01 2.25635347e+01
  2.44722200e+01 2.72042832e+01 4.74536024e+01 7.77690107e+01
  5.99758372e+01 6.50904020e+01 9.92097923e+00 1.28479096e+01
  1.13484709e+01 1.66098564e+01 2.98253541e+01 3.48277567e+01
  8.14614507e+00 8.03062845e-29 1.80472108e+01 4.40598177e+01
  1.28140558e+01 1.39163109e+01 2.68677657e+01 3.31929209e+01
  2.17147743e+01 2.53872364e+01 4.84807078e+01 1.89765992e+01
  4.42316875e+00 4.00283420e+00 1.18687697e+01 1.33704890e+01
  3.22069011e+01 2.35106517e+01 2.30379483e+00]
 [2.87460873e+01 3.43183539e+01 2.10056690e+01 1.59606404e+01
  4.48230196e+01 3.52483006e+01 5.97356552e+01 5.29972225e+01
  4.80568090e+01 4.20777795e+01 7.74761684e+00 6.91567438e+00
  9.73947159e+00 5.91785982e+00 2.54976315e+01 2.00754641e+01
  4.43167779e+00 6.79400408e-29 1.26535104e+01 3.99993757e+01
  1.74946789e+01 1.23368284e+01 3.79452962e+01 2.61933174e+01
  1.33435013e+01 1.55571593e+01 2.49180306e+01 9.25553858e+00
  2.46776268e+00 2.40728901e+00 8.02354222e+00 5.16614852e+00
  7.65466729e+00 1.22819213e+01 1.34508079e+01]
 [9.88197847e+00 1.28198898e+01 1.11441570e+01 9.87845732e+00
  1.75240501e+01 1.54755887e+01 5.03352972e+01 5.74423777e+01
  8.68617191e+01 1.03207013e+02 4.45124115e+00 7.06224005e+00
  5.00519741e+00 7.71824488e+00 2.10543185e+01 2.08997635e+01
  2.76659071e+00 2.86322413e-30 7.77104284e+00 7.24848965e+01
  7.93950819e+00 7.10406333e+00 1.80952531e+01 1.76443905e+01
  5.85511384e+00 6.85281122e+00 1.02207939e+01 4.38825085e+00
  1.80134371e+00 1.57247580e+00 4.35887223e+00 4.58316214e+00
  7.86965086e+00 6.33247120e+00 4.31711424e+00]]