[[2.96636431e+00 4.85565765e+00 1.41873258e+00 1.04571125e+00
  2.70007327e+00 1.52438422e+00 1.54211783e+00 1.53965533e+00
  1.68286187e+00 1.62351236e+00 6.10707213e-01 7.72663196e-01
  5.63255769e-01 3.98871676e-01 7.93054743e-01 7.42605698e-01
  4.27766258e-01 1.97909744e-29 4.93702119e-01 1.55437316e+00
  1.11953574e+00 7.07478252e-01 1.63454509e+00 8.08874148e-01
  2.09397171e+00 2.40675144e+00 1.88947217e+00 6.74133451e-01
  2.30168137e-01 2.54356253e-01 2.83503796e-01 2.09159515e-01
  2.78531650e+00 3.96999140e+00 7.63422237e+00]
 [7.53847676e+01 6.34497133e+01 1.81990805e+01 2.51951303e+01
  4.52424641e+00 5.59425922e+00 1.82817242e+00 1.86927433e+00
  2.32853180e+00 2.90905929e+00 2.07046563e+01 4.74238427e+01
  1.46576456e+00 2.31053327e+00 9.85456490e-01 9.23056536e-01
  5.48143484e+00 1.00119497e-29 6.82374429e-01 2.73567789e+00
  1.13756971e+01 1.66925110e+01 1.30422823e+00 9.75163457e-01
  4.49777843e+01 5.88037442e+01 5.83280408e+01 3.32622043e+01
  2.05628484e+00 4.57250944e+00 4.47479448e-01 3.27572644e-01
  3.77393329e+01 2.15107293e+01 4.11176778e+00]
 [1.62612222e+01 3.72128344e+01 5.08126543e+00 2.82001913e+01
  3.38004021e+00 7.14523234e+00 1.42741882e+00 2.48264825e+00
  2.06653453e+00 2.25902193e+00 2.32538517e+00 8.30078691e+00
  8.98875465e-01 1.15448375e+00 9.56380913e-01 9.79519153e-01
  1.81718463e+00 3.18365151e-29 6.65500349e-01 2.15626618e+00
  2.20274171e+00 2.47442154e+01 1.60135382e+00 1.49393843e+00
  1.03029327e+01 4.41646521e+01 1.67305031e+01 9.52375804e+00
  4.61098985e-01 6.79254178e-01 4.89686495e-01 3.68372452e-01
  1.23496451e+01 3.55943187e+01 3.14451436e+00]
 [1.49621854e+02 7.51133161e+01 1.50357005e+01 8.32724505e+00
  2.22746589e+01 5.00420212e+01 6.55463821e+00 4.84019551e+00
  5.59349959e+00 6.99892603e+00 1.90644185e+01 3.32201687e+01
  1.31362637e+00 1.00426846e+00 1.63965772e+00 1.82014615e+00
  5.29172926e+00 5.43849722e-29 1.25995224e+00 5.68229709e+00
  4.68413434e+00 8.23137266e+00 4.74609172e+00 5.23271574e+00
  1.23021275e+02 6.57722811e+01 5.49934421e+01 4.28177611e+01
  3.12950804e+00 2.57238274e+00 4.99156515e-01 5.51753280e-01
  1.00172378e+02 6.27885608e+01 3.34956753e+00]
 [2.65085090e+01 3.00868676e+01 7.40026104e+00 4.48691973e+00
  3.83900717e+00 8.62415662e+00 1.95795180e+00 2.39300511e+00
  4.49862942e+00 3.00215559e+00 3.15851571e+00 2.81962891e+00
  7.89618785e-01 7.58487901e-01 1.26987922e+00 1.35052093e+00
  1.98971191e+00 3.56086953e-29 8.84707772e-01 4.03109266e+00
  2.92536588e+00 1.96649456e+00 1.28498916e+00 2.09517794e+00
  9.14787886e+00 9.82545872e+00 2.07773014e+01 5.55584809e+00
  7.77046372e-01 7.46605250e-01 4.83738451e-01 4.23466011e-01
  1.19504731e+01 2.00687919e+01 1.03418649e+00]
 [1.53338118e+00 1.90714088e+00 2.06427280e+00 2.24557441e+00
  1.23242448e+00 1.00107583e+00 1.20317784e+00 1.63311178e+00
  3.04066410e+00 5.38133484e+00 7.94336724e-01 7.80518261e-01
  5.26071149e-01 5.32880787e-01 6.59637167e-01 7.49870527e-01
  4.48184105e-01 1.04438604e-30 4.33345855e-01 3.88421575e+00
  3.61678692e+00 4.51964211e+00 6.96742615e-01 7.44237792e-01
  1.49240686e+00 1.16292430e+00 1.59556715e+00 7.11331796e-01
  3.29779929e-01 2.95575994e-01 2.95435535e-01 2.38106986e-01
  2.82869116e+00 1.54360167e+00 7.28035935e-01]
 [2.12801176e+01 1.36940414e+01 4.02659800e+00 7.55267788e+00
  8.13294239e+00 2.92062020e+00 5.32460256e+00 1.75373098e+00
  2.94108031e+00 3.03377372e+00 1.67610846e+00 2.28117120e+00
  1.01639358e+00 9.16831037e-01 1.45467672e+00 1.16871345e+00
  1.61907785e+00 1.52726472e-30 1.00724116e+00 3.09110215e+00
  1.98162966e+00 1.82082349e+00 2.49388855e+00 1.19259199e+00
  7.96068558e+00 7.61836046e+00 1.11853523e+01 4.11606778e+00
  7.00236012e-01 7.32337629e-01 7.01458071e-01 5.05202527e-01
  4.31208729e+01 3.82227485e+01 2.34554554e+01]
 [2.07878223e+01 3.23291475e+01 5.26647509e+00 3.97788277e+00
  4.82943223e+00 2.16544311e+00 4.77690610e+00 3.01231688e+00
  1.61510070e+01 2.05401077e+01 5.85462317e+00 5.68550434e+00
  6.60749774e-01 8.22945560e-01 1.43919380e+00 1.72994153e+00
  1.81063958e+00 6.77937360e-30 1.17939179e+00 1.64076417e+01
  2.03583812e+00 4.87016383e+00 1.30722769e+00 1.90743644e+00
  1.42806016e+01 1.35695052e+01 2.00546756e+01 7.31360134e+00
  5.37719978e-01 4.64001015e-01 4.57917837e-01 5.19155200e-01
  2.77599056e+01 2.05921308e+01 8.80007788e+00]
 [1.36315798e+01 1.58097999e+01 5.37474224e+00 3.31793790e+00
  7.72505472e-01 3.61296106e+00 1.44599655e+00 1.42185773e+00
  2.71771723e+00 2.44255089e+00 1.44066359e+00 1.34198328e+00
  3.55273902e-01 4.51193784e-01 6.53042271e-01 5.48871770e-01
  9.71526292e-01 2.39677100e-30 4.04980075e-01 2.55494387e+00
  1.04505748e+00 1.37505607e+00 6.24109559e-01 7.25896431e-01
  9.31187283e+00 3.30134027e+00 1.15365387e+01 3.30742248e+00
  3.45084417e-01 3.23645736e-01 2.92240998e-01 2.16854692e-01
  5.35335491e+00 1.33670576e+01 2.02612889e+00]
 [3.01171921e+01 1.10225974e+01 4.87779560e+00 2.82976292e+00
  3.53702264e+00 9.44571729e-01 2.01265076e+00 1.10574417e+00
  3.42475393e+00 2.53729406e+00 2.91284762e+00 1.62909013e+00
  1.02083013e+00 3.86364441e-01 2.20085525e+00 6.42943958e-01
  1.25446118e+00 3.92952503e-29 5.67740248e-01 2.51835264e+00
  2.98513129e+00 8.33032385e-01 2.97769217e+00 6.14271038e-01
  2.20402876e+01 5.09552673e+00 1.53980860e+01 3.88601175e+00
  4.81652036e-01 3.98064020e-01 4.56629270e-01 2.54882505e-01
  1.68685305e+01 1.23522897e+01 1.39793945e+01]
 [1.67269693e+00 6.09153858e+00 2.09480864e+00 2.53760432e+00
  1.36422766e+00 1.60266811e+00 1.85775129e+00 4.79002818e+00
  4.89447092e+00 4.12728427e+00 1.32795861e+00 2.03287787e+00
  5.64857224e-01 6.15297166e-01 1.03074297e+00 9.58546945e-01
  7.14674909e-01 5.04578032e-29 5.45901506e-01 3.86696154e+00
  1.30613622e+00 2.59736332e+00 9.89729164e-01 9.82190702e-01
  2.50234715e+00 6.00160109e+00 2.99233283e+00 1.55121269e+00
  3.40363763e-01 4.31585625e-01 3.94787172e-01 3.67508337e-01
  3.42168612e+00 4.87373718e+00 2.73096191e+00]
 [1.83150993e+01 1.20161538e+01 6.70831892e+00 4.89769163e+00
  1.00216683e+01 1.04866722e+01 2.00942263e+00 3.24508659e+00
  2.66028828e+00 2.66646562e+00 2.08090393e+00 1.81895173e+00
  2.38997761e+00 1.85545878e+00 1.61445143e+00 1.52907537e+00
  1.36093305e+00 1.16743742e-30 8.34947408e-01 2.32857038e+00
  6.95112666e+00 7.72288061e+00 3.95420240e+00 8.23901064e+00
  6.92385128e+00 6.28465139e+00 1.52904482e+01 3.65144018e+00
  6.85341957e-01 7.18426804e-01 6.93704258e-01 5.05620314e-01
  1.31627084e+01 7.36476390e+00 3.86519559e+00]
 [1.92855476e+01 2.63411380e+01 3.26785927e+00 5.86909265e+00
  1.86485197e+00 1.66642106e+00 2.34528941e+00 2.39485150e+00
  3.79486717e+00 6.19655399e+00 1.98504960e+00 3.02321923e+00
  8.53238452e-01 7.88940268e-01 1.49367409e+00 1.34311055e+00
  1.85746103e+00 2.07086056e-30 1.04667524e+00 4.75599236e+00
  2.01659308e+00 2.18580183e+00 1.48273480e+00 1.34798221e+00
  6.08624932e+00 8.23542664e+00 1.81168591e+01 5.10111584e+00
  6.69050829e-01 7.33209967e-01 6.92549212e-01 4.44557518e-01
  1.35923256e+01 1.20091315e+01 7.31044070e+00]
 [6.09259500e+00 4.07450398e+00 2.15755963e+00 2.52404377e+00
  1.47702927e+00 1.74143450e+00 1.65282307e+00 1.78438729e+00
  1.82451895e+00 3.34075216e+00 1.28815180e+00 2.08482561e+00
  6.91234320e-01 7.89542257e-01 1.16019320e+00 1.08539759e+00
  1.01025041e+00 1.46404418e-29 7.92234994e-01 1.93813102e+00
  1.57365547e+00 1.50887682e+00 1.17998394e+00 1.41639621e+00
  2.29199267e+00 3.04286644e+00 3.13640853e+00 1.53941951e+00
  5.75828591e-01 7.12151090e-01 4.55908320e-01 4.28426520e-01
  1.62778395e+00 3.03585265e+00 5.32761029e+01]
 [5.44410729e+00 2.90778627e+00 1.81347503e+00 1.44051396e+00
  1.06924470e+00 8.69345444e-01 1.31354566e+00 1.30176056e+00
  2.39844172e+00 1.85807383e+00 6.94287591e-01 7.77855617e-01
  3.93085984e-01 3.67682571e-01 8.13947033e-01 6.59059492e-01
  5.34065644e-01 5.42942865e-30 3.94041089e-01 1.96062776e+00
  8.30489089e-01 6.84885539e-01 7.83633211e-01 6.80671554e-01
  2.29265405e+00 2.83127080e+00 4.54944750e+00 1.56955440e+00
  2.86127607e-01 3.04596297e-01 3.35881374e-01 2.19918311e-01
  5.52873207e+00 4.52809615e+00 5.00895017e+00]
 [3.39432182e+00 6.93833007e+00 1.82750764e+00 1.87726162e+00
  1.89726116e+00 9.94747535e-01 1.37224032e+00 1.04220138e+00
  1.07298712e+00 1.09067756e+00 1.66633434e+00 1.72779496e+00
  4.21398960e-01 4.29767588e-01 6.03950333e-01 5.88204407e-01
  7.84486267e-01 1.66641591e-30 3.37823005e-01 1.06720596e+00
  1.54317427e+00 1.27061594e+00 1.27507889e+00 7.51666475e-01
  3.20681928e+00 4.42886328e+00 4.34659473e+00 2.16350717e+00
  3.68348571e-01 2.99759608e-01 2.59666336e-01 2.20451036e-01
  1.53662272e+00 4.86927012e+00 3.40363057e+00]
 [8.95995310e+00 7.00706394e+00 7.29241480e+00 6.02207450e+00
  6.01699390e+00 2.56819154e+00 2.15856475e+00 2.42688979e+00
  7.60247601e+00 6.54770061e+00 4.33192480e+00 6.56375738e+00
  1.52069983e+00 1.00364853e+00 1.25675057e+00 1.03122768e+00
  7.75873734e-01 4.02796590e-30 6.08193738e-01 8.34532880e+00
  5.44503297e+00 4.73167564e+00 1.61556537e+00 1.35609266e+00
  1.62691208e+01 1.57282716e+01 1.62583586e+01 2.38884724e+00
  5.96431397e-01 4.54619500e-01 4.05731833e-01 2.93375943e-01
  1.38940699e+01 2.97263067e+00 2.46408297e+00]
 [1.20458152e+01 1.23207009e+01 3.24565277e+00 3.48830253e+00
  3.81814669e+00 3.98245155e+00 2.81915706e+00 4.65760704e+00
  2.78927741e+00 4.53421484e+00 1.43274251e+00 2.23550563e+00
  1.06599899e+00 1.09154997e+00 1.48305696e+00 1.91495087e+00
  1.05252786e+00 5.80839926e-30 1.03554053e+00 3.40339803e+00
  1.72331518e+00 1.83093140e+00 1.66765037e+00 2.94526934e+00
  3.77481640e+00 4.45243015e+00 7.58592876e+00 2.80468307e+00
  5.60276147e-01 5.61142729e-01 7.23095571e-01 6.67705077e-01
  9.08948237e+00 7.43481853e+00 1.09684673e+00]
 [2.78728906e+01 4.52824717e+01 1.07281330e+01 4.79248412e+00
  6.62877803e+00 5.40578876e+00 2.26859528e+00 2.54795252e+00
  2.62080650e+00 3.09524078e+00 2.49818930e+00 3.52966495e+00
  7.41751883e-01 1.23295720e+00 8.63786689e-01 1.21668008e+00
  1.64335780e+00 7.99364319e-30 5.82435194e-01 3.00226398e+00
  6.35257138e+00 6.54346288e+00 1.15729781e+00 5.92284655e+00
  7.29541582e+00 2.17952322e+01 2.49270386e+01 6.17978892e+00
  5.56430753e-01 5.36485511e-01 3.68409402e-01 3.43931992e-01
  1.18865023e+01 2.13154376e+01 1.67446287e+01]
 [6.73582750e+00 5.75482073e+00 4.57710850e+00 3.31026644e+00
  2.10894491e+00 2.52548973e+00 2.45568705e+00 2.53898744e+00
  4.00713019e+00 4.76451998e+00 1.39632038e+00 2.47534032e+00
  9.00317065e-01 8.92144243e-01 1.29495473e+00 1.22614641e+00
  9.04611743e-01 5.74430447e-31 8.31246305e-01 4.08075332e+00
  1.50048293e+00 1.67572808e+00 1.45809621e+00 1.60063163e+00
  2.78027950e+00 4.00707434e+00 6.14178043e+00 1.84114170e+00
  5.51883088e-01 5.71471767e-01 6.05149372e-01 4.55061319e-01
  2.69865469e+00 2.00424841e+00 1.17799955e+00]]