[[ 2.81638303  1.06628126  7.90761153 17.32778376 10.44639217 13.32850512
  56.96251428 66.11354514 68.56439673 70.92492648 13.23448024 21.40925122
  32.41863051 36.45339772 61.35910375 60.56947856  8.80624834 18.09574676
  49.05218879 70.13968483  5.56921211 32.77646679 48.52111027 56.9617674
   1.195445    1.04367853  1.9262639   9.41639087 19.40888406 19.23437608
  46.55813041 41.7046954   0.98899981  0.90070092  6.22917257]
 [ 4.16748669  5.17727246  5.05441631  3.75327875  7.23635547  6.33818737
  13.02442877 14.07725548 23.39803923 18.69443246  4.18954453  2.82942351
  13.5248685  12.89493918 13.0410786  12.40397789  4.85224832  7.4695221
   9.22676617 18.51930164  5.6562191   3.97059955 11.05281958 11.04266714
   3.57769145  2.58302514  4.50034197  2.94521583  7.1061856   5.13357556
  12.80374851 11.24392302  3.48014584  8.28891369 14.79824227]
 [ 7.97925071  5.8375352   2.44081452  3.61933102  9.33759718 12.47466075
  23.28306576 10.7504406  54.65792512 49.53568749  2.15386912  5.4317067
  12.78698855 19.13186273 26.67949126 29.07603746  8.07052896  7.19899953
  27.51886    49.09387667  8.88535586  4.63643278 15.62544873 22.0623853
   5.99966228  4.62198086  7.7764655   3.28356439  9.14242525  8.17677953
  18.42943287 22.03522808  5.04294538  3.62998052  7.83318118]
 [10.36114012 14.44627433 23.40235735 32.04784289 31.35058832 25.54520282
  50.71159296 54.12143934 56.31130625 55.62817481 20.40479507 20.80948997
  34.32810489 47.85769301 49.11922211 51.14513559 29.30147547 28.94142309
  46.09494694 54.11981658 34.8115623  37.76784237 42.60601447 48.39269062
  10.15117375 16.35770037 14.06169732 16.40963521 30.42514325 37.7977813
  47.10586548 40.32906298  6.05046881  4.60118101 17.51029829]
 [ 5.07489673  5.6502284   6.16486986 12.59751537 17.4987871  18.03719983
  31.00980932 39.83357967 36.44046177 37.52299322  8.95958555 12.41188783
  15.63974902 31.39666143 34.03677547 41.05711621 10.3105608  14.28959295
  32.59012896 35.85110734 10.67350165 15.15723851 25.33604564 32.79241758
   6.13162754  8.4280148   5.4776058   7.39070038 12.61904814 15.60156448
  30.61843782 31.28991059  5.89802481  3.75353919  6.3312201 ]
 [ 6.54945465  2.25819798  2.00725021  3.05846922  7.01331328  8.61362588
  18.41095284 32.77964368 30.719022   24.8744938   5.99184714  6.18893129
   9.85390983 11.69825285 19.62751005 20.20546444  7.09623839 12.39786385
  15.4486456  24.35020749  5.0426401   5.56268425 12.20979316 18.42645484
   1.45445446  2.25376999  6.79396058  4.83424529  6.95703073  7.93453818
   7.14818517 12.28856837  0.73919805  2.20061534  1.73339404]
 [ 1.38899089  2.48032961  1.59353739  1.86887376  8.42633777  9.0578855
  12.75726407 20.72670907 20.22938115 30.26375672  5.39441418  4.25808161
  10.43187469  7.97322493 15.77765762 19.94104953  2.93735737  1.70420622
  17.66500284 23.74322242 11.1940743   6.00679796 10.43265622 14.7955622
   2.09279176  1.41366253  1.79318201  2.08241902  5.88009074  6.70175498
   9.63503636 11.80616039  0.63965141  0.48647976  5.79669444]
 [ 5.61783622  4.48663575  6.37218891  5.10746418  9.78094872 16.37341
  30.20242859 42.92002271 37.68853582 36.30803291  7.01858859  5.25921639
  10.33264221 16.93066369 30.30063108 38.89076267  6.06113287 28.68509581
  27.46454499 36.2064679   7.95008156  6.94206206 18.78968129 28.50675801
   5.83057832  4.36157583  4.71212186  5.13088395  7.05717262  4.67317648
  18.46674939 24.62705801  6.08020266  5.55367159 11.30921308]
 [16.93977648 16.23112444 19.8513754  17.47202038 30.22963966 26.68914133
  41.35127955 49.70459292 44.89915019 44.58166587 19.79353971 18.61286441
  24.8802288  22.24887417 32.0917938  36.37308336 17.78838114 37.96355244
  31.13034879 42.66378549 20.60851972 16.4678136  32.04704427 33.21754239
  15.88231224 19.28690372 18.04511094 18.27585358 16.51881606 17.67682194
  27.79719576 29.53842569 11.84533735  9.50556789 20.0143383 ]
 [ 8.59572783 11.67286773  6.89136458  4.32139739  5.41385226 10.86127529
  37.00181739 12.8835873  54.345069   28.00537605  7.10933144  1.32653033
  12.19408813  8.56261689 51.03895733 46.25285765 11.29037968  3.96876756
  28.69318235 22.43512507  1.20971902  1.39300102  6.9611208   7.05362247
   8.26014819  2.95031668 10.52229459 10.20184382 10.87974793  3.04456282
  38.17378798 30.22580486  5.20819046  5.61954329 10.43376747]
 [14.17996233  9.01184472  3.29131036  3.27218078 21.42297276 22.08836233
  43.29672684 38.47400116 46.16997801 43.60518074  8.50250449  5.82270421
  22.55446605 20.36161648 33.45861004 34.04184927  6.67622352 21.13013466
  30.05777423 42.51981041 16.93535903 14.18227666 28.470257   25.19393275
   5.20915774  4.56908619  7.12476412  4.58211111 12.11077688 11.17175915
  25.59230793 19.6143792   1.36835634  1.83033343  6.92118744]
 [14.33896908 16.20056081  8.02958315  9.57227007 13.8064116  13.27648191
  33.13671995 29.88673667 39.09767464 41.16270063 12.68071294 13.83578124
  12.85668094 14.60437251 23.03975826 22.55941131 12.80739668 22.13429975
  18.95070677 36.68821211 11.1690984  11.19886941 18.76540276 13.86422306
  13.36753398 15.00951002 15.03561957 14.13160472 13.65403341 10.85816131
  18.31385355 17.06922008 17.66604861 14.66907138  7.38595132]
 [ 7.97058216  7.36359505 10.6108516   7.33497131 20.15837372 26.29611641
  42.85395589 41.59166833 47.45833635 40.0538318  14.52267508 10.86362695
  24.30132723 27.78801863 42.66219805 40.02622171 12.33954848 10.07449797
  29.6853519  38.13659541 16.83652336 13.86011183 33.73240287 36.23121414
  10.15822811  7.92243494  7.82958454  9.7397162  14.98420636 15.75980255
  32.85097496 32.0263331   3.62805471  4.76686716  9.67884451]
 [16.08512032 18.04143073 23.94464847 21.70154421 24.0153087  26.24985703
  37.19880242 38.59358119 40.83042224 42.1492202  16.16124694 16.90590924
  26.16283609 26.55928982 36.59679039 42.45038801 13.58321887 27.14319578
  32.64268797 38.34984134 23.89113091 23.44863931 29.6858663  32.73362225
  15.64833961 17.73487291 16.74682775 13.87426308 19.23431969 14.19797789
  32.58220646 45.1004562  10.51884131  7.08826254  4.81113137]
 [10.69109661 20.19859062 21.64294327 24.4998915  33.05044827 30.15250714
  50.71787641 50.29055733 60.49626103 59.83194761 27.04945062 29.65025193
  29.48014987 33.91463142 50.6360584  56.68887479 28.76721096 30.02653015
  55.38087194 59.7994747  27.86227407 28.62667426 41.9215729  43.18837737
  18.1241566  21.42357545 13.08150411 18.49428061 28.71051688 30.64837582
  46.87282531 51.21434908  5.77967267  6.5503981  13.41784924]
 [10.01163992  7.74388782 11.34906376 11.37431158 17.52687805 24.61658249
  43.16284433 50.0057089  61.54859931 55.53798474  9.11309728  8.95530365
  14.06381693 17.32913147 34.46417706 36.19044475  9.69949991 25.7161048
  24.62142838 54.95174958 11.05847578  9.52505349 26.41774497 17.3086004
   9.92437798  8.54372702  8.88009797  8.23717427  8.95334183  8.64047862
  20.5729196  20.42791354 10.66000627  6.41221472  8.36583045]
 [11.22026056 12.17912275  9.82234564 13.42683877 17.85441766 22.32331585
  35.27006029 45.22114    47.24422984 42.72611038 12.39469116 10.68526886
  13.86178498 19.89434016 35.83737497 39.03092333 12.0003081  15.9708472
  29.46821012 41.86801862 13.1191268  13.33998218 25.5401694  29.21302532
   8.91205529  8.57362293  0.42665782 12.76883622 13.55206193 14.27450328
  27.10271671 29.82421854  6.17743243  7.27295163  5.82686703]
 [13.85963397 16.67352145 11.30897342 14.3729064  18.42802825 20.72606046
  27.78211128 38.14842945 29.00647764 32.17240772 13.32266357 15.72342994
  24.13421439 36.27586026 26.19017245 34.88800947 15.26284257 24.0464818
  21.37975947 25.35346848 14.4384557  17.17439848 25.82179645 32.47578939
  12.79067841 15.23886184 15.56704034 14.99804988 15.76538482 17.22084888
  26.30666698 36.09614721 13.7400826   7.32618345 12.10020635]
 [ 2.29453462  2.60114951  6.83765433 13.18730305 29.48726101 23.62806118
  30.84496091 26.98718161 24.94260308 22.80850988  6.30081814  8.05810329
  28.90952232 21.95879592 29.54476664 23.58501526  5.09156516 22.95573589
  25.01307309 22.37161941 15.29212339 17.10654998 34.0511315  22.69847424
   3.26238888  4.70886189  3.07850262  3.99536658  7.71912515 10.33443593
  28.03251903 22.07273368  3.17103182  1.71318252 10.18368997]
 [ 6.56769294  7.49641272  7.35056366  6.98725209 14.29068296 17.71079708
  38.68403526 42.52690485 51.75810762 51.83606394  7.14690819  5.45847423
  13.36502702 23.19691547 31.14856516 33.65026732  6.69861369 17.77438919
  20.80995774 45.85361982 10.5670043  11.25149399 21.44752517 20.14782282
   6.45888166  6.51761848  6.48585294  6.44792576  8.05539041  8.41621096
  17.24605575 24.12995344  5.12097691  7.03712783  7.08603596]]