[[93.43855103 97.48708391 86.51244773 71.64331525 84.80858342 81.93680042
  29.75425527 22.37761172 21.33412194 18.606896   74.16041382 57.77709953
  46.46277054 39.07376449 24.61549973 25.19964986 78.4528946  77.40492567
  35.1190463  20.00816101 90.49440379 49.16929865 35.51920166 27.78740086
  97.09288461 97.71848281 96.09384834 79.55887471 54.48504322 56.58191394
  34.42707756 38.93178445 97.86823482 97.77195966 81.884657  ]
 [51.13372359 54.45707786 52.05723914 59.36016862 58.18660377 60.18389357
  57.93531023 63.25199429 55.17115184 58.77528766 44.4404824  27.603406
  53.12497483 46.81079033 57.07618101 57.44953308 55.98207497 59.20744141
  63.69636509 59.69233538 48.61582226 49.39983303 57.85297135 59.28594154
  50.75359224 62.65956788 55.58805309 65.94411872 53.25395051 42.42031974
  57.46034775 56.86561348 47.96558637 49.2796565  45.16129595]
 [55.40544022 49.39549014 86.96533622 57.1467396  56.91126863 33.52393431
  40.43267733 75.54389174 24.11431334 27.29116826 88.59493916 46.86333545
  36.89702831 30.77350885 35.85222474 35.34720515 54.9288082  66.2174809
  37.23888746 27.53515573 51.59656335 16.27291976 45.45517827 36.70349058
  62.23179571 42.50190359 52.35576311 78.75209229 50.3227518  54.69321171
  37.78352528 39.61581925 73.92631549 47.5774282  45.49550194]
 [48.4326481  53.24320041 40.33025087 36.72594197 18.44800797 13.47293888
  20.77708702 22.36807685 19.64512733 18.46392724 27.15934562 21.22096011
  22.45785475 24.86872158 23.62484267 22.83219924 37.06186599 47.58462949
  25.34833309 19.35114592 29.54716853 22.41283465 22.05264984 21.38793503
  29.89644063 35.75957635 55.98014945 42.18323973 26.78046828 22.5622142
  24.97223899 28.91309448 65.80079452 75.99145007 45.61583947]
 [78.61340096 76.45136937 77.71397617 56.60928373 45.04517111 38.32762355
  35.78156103 34.2602716  33.3019042  34.4024179  66.91417514 54.43464616
  52.94374129 31.9989194  35.42412285 31.50736542 65.7767194  61.76253299
  38.53584264 33.35531959 63.32420594 49.2335749  40.7820617  34.20726047
  75.93548519 65.97018699 77.56320511 72.81431506 58.78972608 46.44518509
  31.88146005 41.24868381 73.86895743 82.96950202 77.37779137]
 [74.60543506 90.54977114 88.53249953 82.71759915 67.75436059 66.280503
  50.96982695 40.76970036 42.49018825 42.41613338 69.73529575 71.97918905
  57.09909856 61.06007784 51.87237714 55.13856147 62.77732691 57.32974136
  60.96314346 45.53711823 67.29001601 62.51104178 56.48099835 52.21068561
  93.40226059 89.68653333 72.66475364 77.92873604 63.11616652 65.31221893
  76.79834997 63.12059285 96.81363283 88.63033615 92.69276768]
 [92.63110749 87.38496188 87.4848438  91.18712522 64.1557532  68.91617725
  67.94628216 57.23702169 65.72813475 50.43951656 79.73668013 80.49636459
  59.91461582 67.94630744 63.1195374  57.29621885 87.03065595 91.91156544
  57.97517037 59.27466182 59.34633972 75.05857906 67.60755402 58.12863663
  89.19354796 92.94942269 91.15103547 90.77916345 74.12428557 68.44798168
  71.48300476 65.91822599 92.42811474 95.46198704 76.91992979]
 [68.03685801 69.30698335 69.49111955 73.07108367 59.06447345 56.36838969
  39.08296097 33.80091932 28.91877304 29.23809793 59.13598561 64.77571558
  66.43801066 60.12861191 44.80098756 38.09217527 64.2525548  44.51617771
  49.05099539 29.06775821 65.3507126  61.8710736  54.29808906 45.54815789
  62.07792782 67.95320893 70.62139459 65.9928309  70.82126696 77.40724055
  59.60159326 53.85467792 64.39419927 63.01462574 46.84809746]
 [52.93199033 52.96419376 44.87230829 51.69657031 42.01410133 37.64105814
  33.87711532 29.76231446 35.52892366 36.88089326 47.52999963 49.54409259
  41.78786896 43.36658226 40.67213562 38.66252    55.69863549 36.12208084
  44.00192578 37.55676483 49.62377991 53.94744706 39.3677407  39.00837814
  47.34616695 49.76748332 50.43050177 52.12258938 56.34682186 53.45299876
  41.27010346 41.48553746 55.70474499 55.52621858 51.04149167]
 [68.32175662 74.23455605 76.01492709 90.17456866 86.21461714 79.71758268
  51.6309224  83.76606122 34.82116225 65.90103092 77.36547833 96.69275873
  66.38568506 82.26036796 34.04469147 43.38563239 75.7850691  92.30249373
  63.89874907 72.09445945 95.54044157 96.66675278 87.9715053  89.98012189
  58.46172675 93.43869328 71.08424192 75.72682176 72.83684402 92.82540343
  44.46062106 56.77658696 82.65519747 83.50511892 66.20609646]
 [67.3246588  72.4256541  91.89494711 91.06556862 60.32228953 53.03457499
  37.65913823 34.95925149 29.89608144 31.43269068 75.43380263 78.47291608
  42.63674257 43.50868499 39.9725715  36.01243166 78.65345078 58.79513047
  38.29613372 32.86038726 59.61438162 57.60302596 46.80654853 44.86572678
  84.89857966 83.19467515 80.69993151 85.23027678 65.20108362 63.65710528
  38.72256195 48.75122342 94.33982663 90.4597005  74.94643955]
 [48.83543923 48.56355558 66.83141521 64.71446902 44.7681206  44.05281133
  31.38095963 33.76780742 31.70880242 30.29795291 53.09503357 50.45702976
  42.89250905 39.94858442 36.49264751 36.42375609 48.12954638 44.03469235
  37.24619615 31.94775488 51.07738851 50.32513325 38.47521446 46.94243687
  51.5428025  44.76175564 46.17898429 49.7368955  42.07732386 50.79512045
  31.47026025 36.26971121 54.54477194 64.2194703  65.34904741]
 [66.83301397 67.63786969 59.03273026 68.91240286 51.69412411 29.50537821
  27.64133844 22.23540026 23.88069308 24.02031048 46.45540663 59.35966931
  38.7797989  30.35019544 27.44821365 23.44578314 58.54085123 75.19660345
  37.51390388 27.56915404 42.80698517 51.40889409 33.60442747 21.77376605
  60.58438991 67.35726727 67.05092456 64.15960449 48.85606142 51.13225711
  36.00928718 27.70797303 84.78145205 78.5491712  69.37120973]
 [44.11835741 38.68926167 31.98733141 39.39032779 27.78521936 30.70684416
  20.12139112 20.97937699 18.75463888 17.60005459 34.96464107 30.82480798
  20.3191122  26.70618845 20.99758632 18.18183551 31.0649535  29.56976555
  21.35544228 19.20790827 27.34041309 30.69124821 20.14092098 22.78546541
  39.91113281 34.59076217 38.20056157 32.52890333 28.91857283 29.07812626
  20.56044639 17.97258477 47.46211943 63.1905672  75.65283244]
 [73.39613977 57.59602579 56.69528147 52.2121911  39.46774524 42.11298223
  29.08555519 30.95519152 23.96494817 24.52046946 49.08448703 45.95803009
  38.65227512 36.20687228 30.66643519 27.52837118 52.53306926 44.70145537
  31.19195142 24.27324948 45.87772525 43.43866234 32.23093822 33.11034969
  61.93063756 56.45780191 69.63440461 63.97771592 48.60953073 45.88918968
  33.1066334  31.10015259 77.18658998 76.6880777  65.38620048]
 [64.00755053 69.01102108 58.03964633 59.55990274 52.45418841 47.48022945
  33.9092415  31.33457212 23.5381885  28.56778358 59.64259719 61.80835732
  55.64431969 53.30692369 41.03444839 42.6740915  56.83701087 48.11217334
  51.59855663 28.79281601 59.60995264 66.9226118  43.87818059 67.20960822
  57.01655983 61.54942562 66.89473946 62.58439357 63.33092994 62.12781743
  49.61902916 54.95110535 67.1376147  75.88029798 68.33760241]
 [47.97120885 46.74074826 54.35964232 46.08486871 34.56492675 38.3960306
  34.2874329  29.37754662 27.33606336 29.57202602 29.68632646 36.77622853
  49.00490275 43.21387694 36.74243272 34.83148345 59.39922973 64.90459526
  47.84531553 30.07085653 38.96180043 41.3817162  38.70854822 38.29137697
  27.88085423 31.02030192 96.1305936  48.37965114 49.59132801 47.81224354
  44.00036019 44.01354651 41.94724073 59.62962631 66.15286769]
 [55.52368007 51.89732333 52.43013036 46.4253099  33.19334713 34.87203484
  24.02114839 21.7955894  26.08476111 23.32711932 41.18445938 40.44358176
  30.30679904 22.55384989 27.63880272 23.00997529 40.15616403 30.08851094
  30.55661713 26.33436803 38.74417048 37.94629335 25.0763869  24.16174352
  50.37963287 49.1809688  51.15697454 45.33990619 35.93275936 35.90169322
  27.61973587 22.43746955 55.42147128 74.45980015 50.08418645]
 [87.62400178 82.86310317 73.32449862 51.70200595 26.84896958 41.66506818
  31.20118024 40.16632951 45.51387896 47.37735807 75.39090677 61.48168316
  28.55968793 35.90179806 32.74282756 43.29155895 71.6684707  45.31394619
  44.66804823 48.87601557 50.17240246 37.57662173 23.45736626 40.08291393
  84.89243317 67.51929451 83.47994314 77.98160142 69.20907322 54.94130183
  34.02161791 44.32251905 78.85645211 87.88782297 37.76399736]
 [70.56276835 70.57568866 71.44430942 71.83713708 65.68075377 53.30009689
  36.22201978 33.18580846 23.41732864 23.41384345 70.80515879 76.51384709
  61.23833361 48.24028002 42.92920887 38.96685421 70.71263765 55.51673968
  49.71180353 28.08795424 68.39618029 63.45143938 55.75853648 57.06922042
  72.09613759 68.15786535 71.25104453 70.82962268 67.06581315 65.11787542
  55.9641823  47.39452479 79.71963402 73.59627344 75.76717323]]