[[ 0.21894827  0.13324796  0.34899105  0.62209928  0.49583549  0.29878913
   0.41802566  0.32611717  0.28197321  0.42321605  0.87228425  1.75535137
   1.38769872  1.72103612  0.53261263  0.57261136  0.83298714  0.21272908
   0.71897891  0.35009597  0.26312346  1.03730464  1.18439212  0.62830211
   0.10279372  0.11069006  0.13557074  0.74863956  1.61422392  2.02278888
   0.93152728  1.01589082  0.12949298  0.13070892  1.19282632]
 [13.78737702 11.1969624  10.56412045  9.50938683  4.60237146  5.79077683
   1.93242871  1.45027144  1.68256401  2.3218418  17.54525643 23.52897765
   5.00135577  6.85714042  1.87251708  1.70908348  8.91648742  8.56783241
   1.87780898  2.16868613 12.07781453 13.10287434  2.14233569  1.64813943
  14.51261317 10.54991441 11.93362196  9.42279764  7.53160569 14.82945031
   2.21688042  1.738022   16.63941472 12.14590505  9.66404808]
 [ 5.84427406 10.10247101  1.18721152 11.31977958  4.77992573 11.97804345
   2.3462102   1.27205963  1.62938484  2.05065014  1.09973096 13.19464387
   5.7218113   7.22368831  2.73723382  2.77521125  6.10212297  3.54846757
   2.51073785  2.08861131  4.71194328 24.23905944  4.0426622   4.1820282
   5.69277121 13.33979272  6.83922786  3.70506496  3.97749005  4.38660987
   3.72662435  3.22373093  4.87695091 13.35852547 14.18631324]
 [13.4522752   8.58533769  7.38189775  4.76260781 13.53762396 19.10203186
   3.78430528  2.0642687   2.30322664  2.83752801 14.51558011 21.19946801
   5.8593131   2.96273451  2.08835973  1.70679572  7.01142325  3.75235324
   2.03358802  2.77241502  5.90584554  7.96629373  5.64467621  4.77716994
  19.45488978 17.48788916  8.12424079 12.93112608  8.87703445  8.11855698
   2.0371418   2.188957    9.02595066  6.20019101  7.73848336]
 [ 2.45981169  2.91808193  1.9407239   3.4838146   4.58237986  8.30526709
   1.84923254  1.36307256  3.24600153  2.18738428  3.07767465  4.51190422
   2.62769803  3.12497266  2.03474969  1.59033076  2.84899446  2.60133106
   2.25476506  3.32268072  3.09741849  3.26207761  2.27592261  2.96143525
   2.56881023  4.60927917  2.52995574  2.60553489  2.9910207   4.49167592
   2.88847951  1.96791208  3.84642061  1.87624493  2.64878381]
 [ 1.92409463  0.73334496  0.93551792  1.63711778  1.94373647  1.73392409
   2.01761656  2.12556226  3.18158321  6.54545401  2.24768225  2.35993908
   3.00516187  3.41031634  1.9853784   2.21776528  2.01041011  4.06564401
   1.9188353   4.84084968  5.73150719  9.32394134  2.03612404  2.2279019
   0.58756748  0.77295909  2.24264434  1.34179087  2.31222248  2.95520505
   1.26007679  2.41324117  0.34235008  1.00544721  0.88012375]
 [ 0.73905075  0.87657996  0.47323071  0.39945948  5.09369593  2.11472338
   2.24914916  1.1444746   0.92818102  1.30514186  1.49362062  1.09079297
   2.55980352  1.8993583   1.23239139  1.20016867  0.81147485  0.59871176
   1.24638967  1.21708397  2.86815541  1.34422046  1.96983198  1.52603567
   0.86399799  0.48481159  0.5898587   0.67468742  1.50292356  1.66545574
   1.23294571  1.38355802  0.5946568   0.16871161  3.75367877]
 [ 6.04414786  6.91835466  3.58916437  2.92721805  5.50256122  2.53149228
   4.25549431  1.41045577  9.27338203 10.7114641   7.76746171  6.85530008
   1.9612092   2.47062943  2.19826545  1.88786021  2.58158139  4.44133153
   2.51744256 10.27005025  3.29115864  7.11427416  2.30810317  2.48342291
   7.50110166  6.57580704  5.56445567  4.61330657  1.72584899  1.6341156
   1.7804132   1.70115933  8.46674835 10.22401896 12.24414702]
 [ 4.79212822  6.38635311  5.37924798  3.49620644  1.0971883   5.02619214
   1.36268498  0.98689792  1.68022354  1.4759653   2.94232691  2.96727947
   1.58210552  2.58243356  1.19907538  1.07157894  2.15965451  1.29109365
   1.08538367  1.63066011  1.94210816  2.6676987   1.20019035  1.4485612
   7.86127235  3.83009887  5.44739631  3.71999772  1.71821754  2.0763821
   1.48900603  1.47333766  7.14387952  9.05949144  4.88183442]
 [ 6.86411608  2.61425647  4.10185537  0.94144795  2.1960596   1.02441943
   1.39772341  0.22696347  1.4949502   0.64400423  3.84426381  0.24198256
   4.97573542  0.90296562  2.80656978  0.72712979  2.08438985  0.36525664
   0.64053169  0.62122671  0.85078815  0.22050973  1.27955224  0.23181199
  12.00924073  0.67053377  4.4966049   2.73887614  2.52037296  0.53738141
   2.24152119  1.20058173  3.51737645  2.93222653  1.57436756]
 [ 1.47858786  3.08846915  0.36847919  0.49565989  1.11503028  1.82545378
   1.28145309  4.21980169  3.19007075  3.13987091  1.81678555  1.961383
   2.27472964  2.5211733   1.71200257  1.9607828   1.20475241  1.25814304
   1.82409269  3.06459787  1.85754042  3.63984433  1.43234372  1.83896968
   1.30195074  2.14117257  1.43314338  1.02055023  1.71996252  2.42890504
   2.30394152  1.96966154  0.91191089  2.06277598  3.51452555]
 [ 6.41434044  5.26740587  2.81391549  2.52935022  7.04368828  8.054341
   1.51214715  2.52633284  1.26268663  1.23337535  3.20204822  3.19968693
   5.80880051  6.09832569  2.03702386  2.26203516  2.77188004  3.17510252
   1.8275564   1.28503661  6.4890315   8.37561139  4.49975855  7.72906211
   4.88438339  6.33371908  6.59739181  4.19960128  2.83593197  2.79148927
   2.79759293  2.51920314  5.35793438  3.50284057  6.08315638]
 [ 3.24154466  3.28077587  2.80995961  2.52562702  1.95156351  3.42436748
   1.95015042  3.06721508  2.76734147  5.61773943  3.70344621  3.34326642
   2.87410776  3.86750495  2.12123259  3.24502468  3.10728167  1.75410642
   2.85591329  4.49724171  3.92033966  3.30934712  2.20597448  3.35687166
   3.67234716  3.00744215  3.29910091  3.23555199  3.23412838  3.40603428
   2.5880681   3.71098445  1.5257597   2.19786748  4.5036311 ]
 [ 2.27081192  1.85180764  1.08662317  1.26200569  0.72316349  1.03037617
   0.61865405  0.76001818  0.77839958  1.26126232  1.01320835  1.62452062
   1.72650699  1.68582192  0.76165677  0.9334514   0.82127285  1.25657219
   0.87703194  0.92633552  1.31788028  1.30212622  0.78218104  1.24117284
   1.25897971  1.80992999  1.38359591  0.87809511  1.29489919  1.42967859
   0.99287933  1.18373085  2.30307073  2.3036349   3.00678323]
 [ 1.82784759  1.88459419  1.81758042  1.63467632  1.55092079  1.35411604
   0.82165796  0.68126769  0.95640532  0.7356945   1.79686258  1.86879254
   1.85979002  1.89212196  0.90040887  0.68452858  1.37943524  1.42520642
   0.67593776  0.92381727  1.80676513  1.58821531  1.18995475  1.10623892
   2.10288935  2.53001248  1.87937466  1.58906969  1.5719103   1.74344194
   1.11384423  1.00298241  3.0995769   3.1526647   3.19581404]
 [ 2.42033632  2.87311835  2.54645527  2.49759232  2.67961284  1.69149978
   1.40333661  0.81320428  0.58564639  0.71025188  4.36555088  3.70745368
   2.36813136  2.48189837  1.26293594  1.28305764  3.11353961  1.71343793
   1.40315254  0.75007101  3.19691307  1.99280625  2.52791115  0.79962853
   4.72256937  3.88515411  2.58257796  2.98488808  2.87102977  2.86118333
   2.06598844  1.77856794  3.46203985  2.57719632  3.24652986]
 [ 9.60646341  9.54589322  7.70011897  8.47511856  8.56929786  4.63430209
   2.32791741  2.38662999  4.48849988  4.75997917 14.90735065 16.97810589
   6.95051315  5.41728408  2.08406941  2.15935484  4.12166203  3.83952971
   1.6650684   5.5758672  11.42931465 10.91595228  3.49269418  3.1382563
  20.84414595 21.05276137  0.03268209  8.52461872  5.59954938  5.33898467
   2.52217803  2.06514983 17.57322513  9.77358956  8.44990432]
 [ 2.42249781  2.59904084  1.72771746  2.22203863  2.87513414  3.03410059
   1.65049925  2.28471974  1.34899514  2.24113854  1.92399822  2.73583932
   2.2670057   2.38394079  1.30229862  1.91826377  1.97204529  1.73923583
   1.22676062  1.95842719  1.94177474  2.25958918  1.6027283   2.88163693
   2.22348444  2.67260157  2.43582374  2.21666571  1.99697763  2.414128
   1.60271324  1.80259531  3.87774775  2.31677306  5.76096084]
 [ 2.22483539  3.43217159  3.49216516  3.95973713  4.36080634  3.62367278
   1.17140646  1.2974653   1.36025961  1.67779362  2.03167462  4.11274493
   2.2017306   4.57500792  1.00089203  1.42937758  1.88805769  2.70091039
   1.15134011  1.67916389  5.55279156  9.07332675  1.03852925  5.13259079
   1.78367603  6.59701017  3.07961553  2.66764834  1.74050716  2.30311986
   1.28714267  1.46947368  4.92411696  2.97325103 12.67746208]
 [ 4.4767196   3.36512341  3.01901054  2.34142492  1.71982293  2.89025748
   1.88726182  1.87971462  2.38772014  2.39299594  2.24193056  1.91321469
   2.40405341  2.68130837  1.91580563  1.9741924   2.19029312  3.56596266
   2.22598187  2.58146621  1.99705186  2.65403664  1.72821872  1.82773345
   3.06697646  3.81107562  3.8974159   2.70530227  2.46795417  3.05863337
   2.39429817  2.39585861  1.75608151  2.22727459  1.93354791]]