[[7.37965850e+00 1.23837885e+01 6.44630302e+00 6.20135640e+00
  6.77825273e+00 8.41706431e+00 1.11206699e+01 1.56252803e+01
  1.68777221e+01 1.19121209e+01 2.91561666e+00 3.02213027e+00
  3.67392640e+00 2.41196264e+00 6.72867620e+00 6.51511335e+00
  1.81912613e+00 3.66110803e-28 4.02940933e+00 1.25327172e+01
  6.21448538e+00 4.02703658e+00 6.10089328e+00 6.86896258e+00
  6.50813078e+00 9.35997801e+00 7.90115138e+00 2.84243819e+00
  1.06636532e+00 9.27213235e-01 2.09617251e+00 1.64805262e+00
  1.00962486e+01 7.79645265e+00 1.31477079e+01]
 [2.64868072e+01 1.65683756e+01 1.33059443e+01 1.17982331e+01
  8.45332191e+00 8.75056575e+00 4.90525929e+00 6.14843063e+00
  6.56835038e+00 6.69747515e+00 1.37479454e+01 1.48218286e+01
  2.64731519e+00 2.69598744e+00 2.66952210e+00 2.80560491e+00
  2.62117678e+00 1.20887288e-29 1.57731819e+00 6.31812953e+00
  1.65272174e+01 8.76821799e+00 3.51126000e+00 3.62959584e+00
  2.84277157e+01 1.83475502e+01 1.71896289e+01 1.03637878e+01
  2.15030458e+00 2.20472487e+00 9.44571397e-01 9.70253026e-01
  1.66478258e+01 3.32409262e+01 2.40137086e+00]
 [1.78122093e+01 1.49022047e+01 1.77580410e+01 1.33974027e+01
  1.37673128e+01 1.60920085e+01 9.16462985e+00 1.17664675e+01
  1.25909206e+01 1.23749570e+01 2.17670910e+01 9.16948292e+00
  3.92025365e+00 3.96513985e+00 6.69415218e+00 7.50153603e+00
  3.00442167e+00 3.19594295e-29 4.63951412e+00 1.11756542e+01
  7.06138966e+00 9.36733238e+00 7.67279558e+00 8.85966574e+00
  1.31889748e+01 1.37942813e+01 1.39836416e+01 8.42662626e+00
  1.96765718e+00 2.16656885e+00 3.11688468e+00 2.56514875e+00
  9.64263294e+00 9.51055173e+00 1.22519641e+01]
 [8.63581487e+02 5.19806783e+02 5.30371390e+01 4.78194141e+01
  4.17888028e+01 7.20993720e+01 2.53706026e+01 2.58421203e+01
  3.69190968e+01 3.04056127e+01 4.93155321e+01 6.24692640e+01
  4.96997522e+00 4.43428062e+00 1.18800700e+01 1.36593945e+01
  1.49540798e+01 7.92954557e-29 8.68177134e+00 2.89670789e+01
  1.67345325e+01 2.96041234e+01 1.39478573e+01 1.65504887e+01
  2.95532369e+02 1.56011433e+02 2.86424008e+02 1.94020392e+02
  1.00970306e+01 9.51896376e+00 3.73619610e+00 3.73346477e+00
  4.92335885e+02 2.49033199e+02 7.93474402e+00]
 [1.92951505e+02 2.93370349e+02 4.30197890e+01 3.07923707e+01
  3.59015318e+01 6.33604418e+01 2.01112979e+01 2.55735939e+01
  2.34291720e+01 2.35188932e+01 1.95578260e+01 1.99292648e+01
  7.78374185e+00 9.81362423e+00 1.27236007e+01 1.51512916e+01
  1.39355756e+01 8.44586927e-29 7.46695985e+00 2.09261838e+01
  2.88616098e+01 2.77384246e+01 1.31762738e+01 2.28825041e+01
  5.86532276e+01 8.14651090e+01 1.91343079e+02 4.45284640e+01
  4.96401163e+00 5.14704130e+00 4.55620099e+00 3.67918266e+00
  1.29924713e+02 2.48975401e+02 4.34898791e+00]
 [4.12238680e+01 8.33438486e+01 1.19165406e+01 5.45640081e+01
  4.34442025e+00 6.36269699e+00 5.36496486e+00 7.18381612e+00
  9.39033146e+00 7.53791144e+00 1.34246071e+01 7.15912104e+00
  2.06677777e+00 1.31115645e+00 3.56333648e+00 2.90046537e+00
  2.87272161e+00 2.63881253e-29 2.02687948e+00 7.57951285e+00
  7.30029567e+00 4.25937606e+00 3.21598182e+00 2.76047513e+00
  4.14595974e+01 1.65450256e+01 2.71109869e+01 8.37000785e+00
  1.53444211e+00 1.11862252e+00 1.52256634e+00 8.83033997e-01
  3.32247759e+01 9.81246430e+01 8.79106786e-01]
 [2.03414230e+01 1.41084059e+01 1.04383361e+01 7.64955364e+00
  1.32608653e+01 1.12756835e+01 1.73053628e+01 1.44132825e+01
  2.11286577e+01 2.04832999e+01 5.60323672e+00 5.81489783e+00
  5.62622375e+00 5.14538863e+00 1.08095533e+01 9.89753033e+00
  3.65925894e+00 1.55061688e-29 8.16347175e+00 2.05077604e+01
  9.03352858e+00 7.13532834e+00 1.06283032e+01 9.36462931e+00
  8.35306963e+00 8.45525806e+00 1.64959678e+01 5.86268039e+00
  4.06154935e+00 3.54392721e+00 4.57739766e+00 3.73573680e+00
  3.55330903e+01 3.40950663e+01 1.59279989e+01]
 [6.24287117e+01 6.49087606e+01 1.15915418e+01 1.03582124e+01
  6.48585894e+00 5.59634512e+00 7.04087734e+00 1.45888587e+01
  2.77962854e+01 2.14920046e+01 5.46716711e+00 3.72561350e+00
  2.92288862e+00 2.79322523e+00 5.19213351e+00 6.30071700e+00
  4.68993324e+00 3.82015548e-29 3.13892897e+00 2.11936023e+01
  6.79121175e+00 5.34818268e+00 4.48883442e+00 4.86265757e+00
  2.19911918e+01 3.46561705e+01 4.58478954e+01 1.29489923e+01
  1.76299856e+00 1.03752417e+00 2.19858067e+00 1.82090943e+00
  7.60930698e+01 4.85831105e+01 4.66178222e+01]
 [1.23831676e+01 1.76878356e+01 1.37527232e+01 9.62759348e+00
  6.85534925e+00 7.41290760e+00 8.43804695e+00 9.12097596e+00
  1.14552505e+01 1.42735831e+01 5.51822673e+00 4.89935194e+00
  3.11995272e+00 2.25966361e+00 5.48168697e+00 4.89582859e+00
  3.39437346e+00 4.52937011e-29 3.47541163e+00 1.25850970e+01
  5.41300836e+00 5.44746739e+00 5.68751296e+00 4.56670579e+00
  1.15592729e+01 7.54097308e+00 1.24972286e+01 5.77153690e+00
  1.89512346e+00 1.85489478e+00 2.32477495e+00 1.68297475e+00
  1.05650278e+01 1.30616282e+01 4.06198865e+01]
 [3.68726676e+01 4.59752305e+01 8.50834417e+00 6.97339619e+00
  5.83951445e+00 3.11876995e+00 1.21415152e+01 6.55089004e+00
  1.35947476e+01 9.43246901e+00 6.52101367e+00 4.43639401e+00
  4.58610150e+00 1.38059028e+00 5.29009835e+00 3.43078267e+00
  4.30956136e+00 1.18973260e-28 3.00812118e+00 1.05046182e+01
  1.93532284e+01 2.50862017e+00 5.70469934e+00 2.81592557e+00
  2.71849859e+01 1.10238449e+01 3.47863640e+01 1.16591349e+01
  1.42909020e+00 1.57538632e+00 1.86373128e+00 1.02972998e+00
  2.49575321e+01 2.54151347e+01 1.19872232e+01]
 [1.04972204e+01 1.57037955e+01 1.16470548e+01 1.36153621e+01
  9.75727793e+00 7.60015300e+00 1.25384796e+01 1.24616756e+01
  2.10875801e+01 1.65286979e+01 5.74832066e+00 7.20738946e+00
  4.22266904e+00 3.86876606e+00 8.68307154e+00 6.61307898e+00
  3.58124694e+00 2.98148260e-30 4.66633230e+00 1.72926057e+01
  6.43441651e+00 6.34221712e+00 7.94468964e+00 6.39298097e+00
  1.04876900e+01 1.38856635e+01 1.15284875e+01 6.41645696e+00
  1.82081681e+00 1.73270730e+00 3.24257800e+00 2.71120332e+00
  7.93995669e+00 7.07679805e+00 6.78626864e+00]
 [4.27699518e+01 3.30764502e+01 1.52414587e+01 1.32263574e+01
  1.71155346e+01 1.86668189e+01 1.57917370e+01 1.32374254e+01
  2.49258181e+01 2.27178989e+01 6.50183139e+00 6.62394429e+00
  6.09783598e+00 4.80517638e+00 1.04349573e+01 8.50218137e+00
  4.34953916e+00 2.22726772e-29 6.04314225e+00 2.06847927e+01
  1.56172811e+01 1.01368159e+01 1.13605720e+01 9.35494604e+00
  1.57656228e+01 1.75708393e+01 3.98048614e+01 9.64929535e+00
  3.11303700e+00 2.71717079e+00 3.72283582e+00 2.64343139e+00
  4.13465777e+01 2.44908195e+01 4.35970198e+00]
 [7.62918917e+00 1.59066012e+01 8.57190880e+00 1.27336585e+01
  1.06881424e+01 9.74091569e+00 1.72903830e+01 1.44415542e+01
  2.19994208e+01 1.45995568e+01 5.21245277e+00 6.62222668e+00
  4.62035493e+00 3.26210329e+00 9.96672233e+00 6.48684921e+00
  3.22825790e+00 1.21213803e-28 4.94303616e+00 1.61676437e+01
  6.52955878e+00 7.79207586e+00 9.57015737e+00 7.60825310e+00
  4.73883783e+00 8.80709255e+00 8.41209341e+00 4.35017317e+00
  2.23236912e+00 2.20077124e+00 3.72122391e+00 1.98092567e+00
  8.53039506e+00 1.25675376e+01 1.51966621e+01]
 [1.56860432e+01 1.40499714e+01 1.77215278e+01 1.49080444e+01
  1.80492549e+01 1.46424707e+01 2.08469682e+01 2.34125043e+01
  1.95400013e+01 2.71396728e+01 8.70554526e+00 8.91990907e+00
  6.34014078e+00 5.95074812e+00 1.16261171e+01 1.10119328e+01
  5.38074893e+00 6.86800167e-30 5.66071550e+00 1.83360568e+01
  1.26360718e+01 1.19255816e+01 1.31328994e+01 1.11574310e+01
  1.39953403e+01 1.35927863e+01 1.55065093e+01 8.10464525e+00
  3.27495704e+00 3.12692962e+00 3.74435626e+00 3.51097170e+00
  5.11886446e+00 5.32801849e+00 1.24070905e+01]
 [2.39326180e+01 2.09101911e+01 8.97986560e+00 7.95233397e+00
  8.02564086e+00 6.66009431e+00 1.47825537e+01 1.48548609e+01
  1.98773924e+01 1.89945124e+01 4.17083562e+00 4.63268179e+00
  3.16491301e+00 2.64916678e+00 8.40169682e+00 6.69099943e+00
  3.55093623e+00 3.39840895e-29 3.80724037e+00 1.67393865e+01
  4.99301680e+00 4.69219738e+00 7.63422944e+00 6.15378860e+00
  1.07031783e+01 1.20671511e+01 2.19450910e+01 8.76294100e+00
  1.91946831e+00 1.83959101e+00 3.04013064e+00 1.83505538e+00
  1.56867092e+01 9.24784181e+00 2.12107390e+01]
 [8.63747728e+00 2.54483443e+01 6.41883417e+00 5.84869603e+00
  5.18953105e+00 4.10936869e+00 6.65332840e+00 6.52413753e+00
  1.01897482e+01 8.70879884e+00 5.76663250e+00 6.41622205e+00
  1.46492375e+00 1.60605639e+00 3.33136935e+00 2.95811937e+00
  2.38186562e+00 5.36643362e-30 1.55513131e+00 7.91426250e+00
  4.79240851e+00 8.27061383e+00 3.98918442e+00 3.43096534e+00
  1.39046366e+01 1.93250507e+01 1.31826642e+01 1.17826074e+01
  1.18262967e+00 8.89538011e-01 1.01008360e+00 8.72441843e-01
  5.79570341e+00 1.66304954e+01 1.63271692e+01]
 [9.96563449e+00 4.86871466e+00 6.42874854e+00 4.59331134e+00
  7.43501203e+00 1.29158442e+01 9.28262037e+00 1.06671271e+01
  1.62208272e+01 1.98014376e+01 1.86220564e+00 2.55849488e+00
  2.62631152e+00 2.94303484e+00 4.80967853e+00 5.13361204e+00
  1.05611268e+00 1.08539303e-29 2.37822368e+00 1.86628936e+01
  4.54589350e+00 4.46173751e+00 5.00676812e+00 6.81849072e+00
  8.23461023e+00 6.60489972e+00 6.11418216e+00 1.75818830e+00
  8.62513461e-01 9.23567114e-01 1.47658231e+00 1.39001297e+00
  8.69381874e+00 4.37953643e+00 2.14544970e+00]
 [2.07860889e+02 2.11799980e+02 1.71243960e+01 3.34889895e+01
  1.14537109e+01 9.55976532e+00 1.21987901e+01 1.56984712e+01
  1.94737611e+01 2.19093645e+01 9.83180482e+00 1.88008782e+01
  3.89356564e+00 4.05673485e+00 8.75922953e+00 7.87404797e+00
  9.58880297e+00 8.51490839e-30 5.58490878e+00 1.78007632e+01
  7.87746325e+00 1.02817884e+01 7.93559827e+00 7.86742766e+00
  3.72991892e+01 5.64723456e+01 1.26863793e+02 3.74260444e+01
  3.48434419e+00 4.03588098e+00 4.17882562e+00 2.83816104e+00
  1.72591993e+02 7.15723695e+01 8.30342061e+00]
 [2.35297447e+01 2.78851367e+01 6.33889875e+00 5.67023557e+00
  6.81596846e+00 8.66080755e+00 8.81875096e+00 9.27421853e+00
  1.18043111e+01 1.38916719e+01 3.36739957e+00 3.57471394e+00
  2.18887651e+00 1.84286812e+00 4.70745112e+00 4.52072830e+00
  2.22717225e+00 1.07424838e-29 2.68923153e+00 1.19092374e+01
  4.36013247e+00 4.52732338e+00 4.71379542e+00 5.77288098e+00
  7.24391215e+00 9.85599530e+00 1.92200090e+01 5.39040229e+00
  1.07918627e+00 1.16567778e+00 1.86417812e+00 1.23863064e+00
  1.27635156e+01 1.76603930e+01 2.93352119e+01]
 [8.43525472e+01 2.03910826e+02 1.25940684e+01 2.69104409e+01
  1.51982595e+01 1.07468364e+01 2.47520320e+01 2.53207457e+01
  2.98005677e+01 3.41543833e+01 6.66887499e+00 1.28749767e+01
  4.98749004e+00 6.69884938e+00 1.35937813e+01 1.29391743e+01
  7.75682492e+00 3.56434027e-30 6.90423084e+00 2.71620614e+01
  6.51797719e+00 7.85480897e+00 1.31703990e+01 1.31064276e+01
  2.79555304e+01 6.31277316e+01 1.13987281e+02 3.02478786e+01
  2.57169076e+00 2.98208347e+00 4.73429737e+00 3.46067448e+00
  3.87261423e+01 4.04595789e+01 1.43411519e+01]]