[[2.01902408e+00 3.80655072e+00 1.90549507e+00 1.38168752e+00
  2.14695268e+00 1.39797999e+00 1.05719514e+00 1.39697124e+00
  1.51419789e+00 1.53533653e+00 7.91328846e-01 9.04227841e-01
  1.97839461e+00 3.95840922e-01 8.00032462e-01 7.35230183e-01
  5.13498651e-01 8.54830477e-29 5.08813506e-01 1.44118746e+00
  2.61646752e+00 7.72564374e-01 1.18605892e+00 7.74883591e-01
  1.81235092e+00 2.60056043e+00 2.28827317e+00 7.10697643e-01
  2.78926188e-01 2.77522794e-01 3.34105719e-01 2.21231133e-01
  3.48952390e+00 2.30115381e+00 5.80704184e+00]
 [1.89083329e+01 1.42516814e+01 1.00456293e+01 7.84922306e+00
  6.03261158e+00 5.71194218e+00 1.28739407e+00 2.09174218e+00
  1.70034597e+00 3.10844767e+00 1.05385686e+01 9.94224692e+00
  2.37678099e+00 1.52348660e+00 6.81924056e-01 7.89085294e-01
  1.50127049e+00 7.10367364e-30 4.78036299e-01 2.40267952e+00
  1.45694343e+01 5.54289484e+00 1.68790983e+00 1.27292738e+00
  1.92788695e+01 1.30685769e+01 1.41291501e+01 7.45623294e+00
  1.15895719e+00 1.18977267e+00 3.03085935e-01 3.11244673e-01
  1.96085814e+01 5.34948077e+01 1.76625911e+00]
 [7.36860483e+00 5.93682762e+00 9.14095731e+00 6.01406731e+00
  8.24614505e+00 7.22331585e+00 1.36200352e+00 2.29868576e+00
  2.06260589e+00 2.56523175e+00 1.31492208e+01 4.16259647e+00
  1.11766971e+00 6.57624217e-01 1.11609691e+00 1.12609565e+00
  9.70443328e-01 1.56381035e-29 6.94461653e-01 2.30647349e+00
  2.66584023e+00 3.11762376e+00 2.17052813e+00 1.59616816e+00
  6.28975878e+00 6.56034038e+00 4.87719918e+00 2.99261569e+00
  3.76360162e-01 5.08981678e-01 5.82907863e-01 4.03264139e-01
  3.81867229e+00 4.42379687e+00 5.69386224e+00]
 [5.16792354e+02 2.94316810e+02 2.06507603e+01 1.74513313e+01
  1.91181384e+01 3.66463270e+01 6.94913941e+00 4.93932070e+00
  9.23902595e+00 5.47700881e+00 2.46980987e+01 4.40841491e+01
  1.37195295e+00 1.00348293e+00 2.12838345e+00 1.86305354e+00
  5.53519255e+00 2.08538088e-29 1.48175923e+00 6.78205856e+00
  7.83605446e+00 1.04906840e+01 5.45427417e+00 5.22420822e+00
  1.49197272e+02 1.01097633e+02 1.61491809e+02 1.24316257e+02
  3.64410744e+00 3.67758236e+00 6.48719748e-01 5.84789442e-01
  3.11373772e+02 1.57739287e+02 3.55028060e+00]
 [1.31727323e+02 2.01652461e+02 2.99234305e+01 1.98754579e+01
  2.61814109e+01 5.81166884e+01 3.85559861e+00 5.12801015e+00
  4.29063248e+00 4.71097328e+00 1.08631183e+01 1.17837786e+01
  4.43120487e+00 7.16466940e+00 2.17552941e+00 2.84536091e+00
  7.07564530e+00 4.48093220e-29 1.49153721e+00 4.41081918e+00
  2.36052522e+01 2.53130663e+01 5.14508153e+00 1.63958476e+01
  3.52031504e+01 5.11846729e+01 1.30524004e+02 2.67347931e+01
  2.21284439e+00 2.67230444e+00 8.63500669e-01 8.30986328e-01
  8.72672252e+01 1.73874558e+02 2.35087450e+00]
 [7.44959779e+01 1.53242149e+02 2.05209463e+01 9.39485423e+01
  2.09181684e+00 4.97557442e+00 1.43756387e+00 1.51238624e+00
  2.24638293e+00 2.78535670e+00 2.65400049e+01 1.08984399e+01
  5.71685089e-01 4.61314930e-01 8.00174324e-01 7.65174253e-01
  3.67262897e+00 3.00512184e-29 6.00594404e-01 2.47224917e+00
  8.41853735e+00 4.23066296e+00 9.09154591e-01 6.49632457e-01
  8.14082639e+01 2.40715105e+01 3.85254556e+01 1.19971554e+01
  1.46156782e+00 8.35521702e-01 3.74789317e-01 2.73302601e-01
  8.07293857e+01 2.20028027e+02 7.95507382e-01]
 [1.30687215e+01 8.78991917e+00 3.52702681e+00 2.70364601e+00
  3.74069301e+00 2.58636496e+00 4.08335813e+00 2.36568235e+00
  4.47413850e+00 4.18482974e+00 1.25315300e+00 1.31537778e+00
  1.60715624e+00 9.20326771e-01 1.55512258e+00 1.37378606e+00
  1.15366889e+00 8.25540934e-30 1.03618940e+00 4.50972113e+00
  2.93904040e+00 1.33577847e+00 2.09415422e+00 1.70773999e+00
  4.07849457e+00 4.22643328e+00 9.94556925e+00 2.83283696e+00
  7.44270894e-01 5.72593515e-01 6.93986556e-01 5.77497444e-01
  2.77533668e+01 2.12158137e+01 9.09211429e+00]
 [3.89590847e+01 4.06775267e+01 7.41130768e+00 7.10791828e+00
  3.54114903e+00 2.61439240e+00 2.33770318e+00 3.33368742e+00
  2.14975722e+01 1.65901973e+01 2.93357650e+00 1.68635473e+00
  8.00908274e-01 1.74999744e+00 1.87667575e+00 2.14695752e+00
  2.53477768e+00 2.21091117e-29 1.25040074e+00 1.54590403e+01
  6.13325206e+00 4.54709934e+00 1.28662415e+00 1.53014975e+00
  1.26901115e+01 2.20008762e+01 2.80660566e+01 7.57403230e+00
  7.27330316e-01 4.25745164e-01 5.23451361e-01 5.68339103e-01
  4.97553967e+01 3.10386892e+01 2.76790010e+01]
 [3.85049983e+00 9.14404022e+00 7.38708689e+00 2.96550895e+00
  9.11087731e-01 1.14392635e+00 9.48061724e-01 1.65472891e+00
  2.49656413e+00 4.48269177e+00 1.72094154e+00 1.08328127e+00
  3.56442399e-01 4.00094520e-01 5.26726908e-01 6.74521630e-01
  7.45975582e-01 1.72388123e-29 3.93986375e-01 3.21804528e+00
  1.40274380e+00 1.27495529e+00 5.48400059e-01 5.93687430e-01
  5.95810403e+00 2.50797754e+00 5.78473362e+00 1.97056104e+00
  3.40105015e-01 2.90794471e-01 2.40199217e-01 2.23815563e-01
  7.00867657e+00 8.45693013e+00 1.81178456e+01]
 [2.35930014e+01 2.77890134e+01 5.62890841e+00 3.81440286e+00
  2.74575496e+00 9.07684047e-01 3.85899063e+00 1.10936568e+00
  3.90191630e+00 1.73655591e+00 3.91022523e+00 1.25648119e+00
  4.80542476e+00 4.41591507e-01 1.25186527e+00 5.89491303e-01
  2.14946176e+00 6.58514012e-29 6.57554145e-01 2.46719895e+00
  2.40090386e+01 9.97724580e-01 1.68146492e+00 6.05011994e-01
  1.96563625e+01 5.95326127e+00 2.24964218e+01 6.70705839e+00
  5.10207328e-01 5.14219569e-01 6.12101695e-01 2.33135755e-01
  1.39244279e+01 1.43092626e+01 6.61100649e+00]
 [2.67780725e+00 4.94810210e+00 2.86838783e+00 3.15448842e+00
  1.68162964e+00 1.64069946e+00 2.76338298e+00 4.55130261e+00
  6.96280942e+00 4.36771078e+00 1.46922048e+00 1.57002776e+00
  5.98718885e-01 5.74107805e-01 1.14854005e+00 1.00717812e+00
  7.24839703e-01 1.07776700e-30 5.77759571e-01 4.89854312e+00
  1.48530316e+00 1.48827049e+00 1.09510872e+00 9.71934713e-01
  2.92124772e+00 4.21338532e+00 3.53742621e+00 1.62031014e+00
  3.21716787e-01 3.64740624e-01 3.78083650e-01 4.06448459e-01
  3.38145143e+00 3.04121017e+00 1.98445151e+00]
 [2.46865028e+01 1.94332594e+01 6.77586600e+00 5.57574525e+00
  8.81892581e+00 8.78244179e+00 4.24225818e+00 2.10753295e+00
  3.03942984e+00 3.04444901e+00 2.73339764e+00 2.45068420e+00
  1.99746878e+00 2.15119233e+00 1.60530528e+00 1.24105261e+00
  1.58047483e+00 4.39475787e-30 7.81501736e-01 2.74540542e+00
  1.21202618e+01 5.80307220e+00 4.03159726e+00 3.03676370e+00
  7.98272827e+00 8.94743048e+00 2.38212906e+01 4.45355182e+00
  8.24487550e-01 7.98653243e-01 5.78739701e-01 4.48726165e-01
  2.24701032e+01 1.30483001e+01 1.82807692e+00]
 [2.30652343e+00 4.05263619e+00 2.51701744e+00 3.58736592e+00
  2.97601011e+00 3.18097419e+00 3.96229176e+00 4.22899586e+00
  7.60986384e+00 3.96136159e+00 1.38239118e+00 2.01724481e+00
  1.19100492e+00 9.03874868e-01 2.66430813e+00 1.89034409e+00
  9.07300182e-01 4.11709178e-29 1.57125181e+00 5.42763088e+00
  1.82716005e+00 2.27530658e+00 2.51496242e+00 2.35123543e+00
  1.56659687e+00 2.54539112e+00 2.48403142e+00 1.33311608e+00
  5.53299272e-01 6.04176074e-01 1.09578230e+00 6.28688467e-01
  2.74750907e+00 3.66369258e+00 4.71575121e+00]
 [4.15738475e+00 3.22647119e+00 2.64237069e+00 2.87291765e+00
  2.90802804e+00 2.38446807e+00 1.62199848e+00 1.92390042e+00
  1.95600632e+00 3.09524234e+00 1.45787560e+00 2.30742437e+00
  8.26063348e-01 2.59411141e+00 1.15216573e+00 1.09812719e+00
  1.03995644e+00 1.33920665e-30 7.74881160e-01 2.31389356e+00
  2.48591521e+00 4.01693015e+00 1.67595729e+00 1.53156088e+00
  4.21861037e+00 3.87252030e+00 4.51005139e+00 1.63862137e+00
  5.71851427e-01 7.69610229e-01 4.60392550e-01 4.24843678e-01
  1.77961604e+00 1.68083987e+00 4.61954284e+00]
 [7.75284857e+00 5.48951215e+00 2.20319304e+00 1.72876971e+00
  1.51080842e+00 1.02922063e+00 1.26538406e+00 1.81756648e+00
  2.42988977e+00 2.87961935e+00 7.76008763e-01 9.42179296e-01
  3.53525110e-01 3.82941167e-01 7.62571365e-01 7.36929354e-01
  6.79439094e-01 5.48565971e-30 3.95281744e-01 2.16100950e+00
  9.24414676e-01 7.78331835e-01 7.65266824e-01 8.04805631e-01
  2.81716093e+00 3.11070500e+00 6.21037796e+00 2.14406872e+00
  3.10995130e-01 3.24008551e-01 3.13750972e-01 2.23475986e-01
  6.18357587e+00 3.66213342e+00 7.15160373e+00]
 [4.89430882e+00 1.53219788e+01 4.26779593e+00 3.02022359e+00
  2.27169917e+00 1.64444226e+00 1.63431202e+00 1.20113973e+00
  1.22522748e+00 1.36783095e+00 4.22504334e+00 4.17827084e+00
  5.30606123e-01 7.80299535e-01 6.57387454e-01 6.44777248e-01
  1.27731428e+00 2.31722062e-30 3.77299482e-01 1.25734892e+00
  2.60606197e+00 7.79760920e+00 1.37341821e+00 8.74854061e-01
  1.02389752e+01 1.23511064e+01 7.84571114e+00 7.03101510e+00
  5.87166516e-01 4.28488223e-01 2.76221779e-01 2.58817006e-01
  3.86382514e+00 1.08611242e+01 9.60418267e+00]
 [5.40722097e+00 2.63716433e+00 4.03929159e+00 2.37518768e+00
  3.96137709e+00 4.18502475e+00 2.94813658e+00 3.82688744e+00
  8.43758313e+00 1.06153096e+01 9.66608758e-01 1.31882122e+00
  1.55466685e+00 9.53286936e-01 1.55045325e+00 1.40812461e+00
  4.02160012e-01 5.96093961e-30 6.83209760e-01 1.08330127e+01
  3.13523318e+00 2.62470561e+00 2.04682939e+00 2.15845178e+00
  4.67060896e+00 3.93207868e+00 3.70768805e+00 8.13946052e-01
  3.66961126e-01 3.37920630e-01 4.45953775e-01 3.53004953e-01
  4.84551414e+00 2.36803101e+00 1.15535740e+00]
 [6.84163015e+01 6.99802672e+01 4.08110868e+00 1.04167515e+01
  3.73174305e+00 2.32120297e+00 2.76874793e+00 2.96409734e+00
  4.58466639e+00 4.39241938e+00 2.22690346e+00 5.43704950e+00
  7.68058221e-01 9.59359296e-01 1.38933734e+00 1.44829147e+00
  2.59658407e+00 1.76864049e-30 8.46729476e-01 4.57523604e+00
  1.79621489e+00 2.73207820e+00 1.53858534e+00 1.70980624e+00
  1.09053120e+01 1.80615497e+01 4.15388969e+01 1.17011817e+01
  7.03945737e-01 9.36123998e-01 6.06826028e-01 5.71492928e-01
  6.60580261e+01 2.73312896e+01 3.20468528e+00]
 [1.52376247e+01 1.97390006e+01 2.62597790e+00 2.00259013e+00
  2.12411611e+00 4.78335362e+00 1.34628830e+00 2.04840658e+00
  2.65390944e+00 3.44656669e+00 1.29354155e+00 1.37088238e+00
  3.38339333e-01 6.34588868e-01 9.53424483e-01 1.05281678e+00
  8.34325970e-01 3.58962825e-30 4.96408854e-01 3.18325810e+00
  1.31935533e+00 2.11481159e+00 7.80604986e-01 3.58026491e+00
  3.84143854e+00 5.31034441e+00 1.19906860e+01 2.72323981e+00
  2.80761535e-01 3.48088765e-01 3.07248736e-01 2.28337902e-01
  7.69288846e+00 1.18015639e+01 1.05595478e+01]
 [6.53030096e+01 1.71664874e+02 4.85346360e+00 1.59234506e+01
  3.59399830e+00 2.09217624e+00 3.87132937e+00 3.56962863e+00
  5.02247852e+00 4.81357939e+00 3.19629500e+00 7.10312238e+00
  9.66503905e-01 1.23757006e+00 2.00446785e+00 1.81770691e+00
  4.96216398e+00 1.63600434e-30 1.22076826e+00 4.73568694e+00
  1.68392030e+00 2.77591830e+00 2.10292396e+00 2.10890060e+00
  1.99621174e+01 4.98104374e+01 8.47168589e+01 2.27546089e+01
  1.01549437e+00 1.35170347e+00 8.35865927e-01 6.69942019e-01
  3.16871205e+01 2.94655128e+01 4.15420563e+00]]