[[1.69623534e+01 2.51463595e+01 1.81900777e+01 1.38349055e+01
  1.52790350e+01 1.61468365e+01 3.23445436e+01 3.61129219e+01
  3.56114371e+01 2.41280704e+01 6.79360889e+00 5.32123845e+00
  4.54033468e+00 3.20070532e+00 1.25067887e+01 1.07764041e+01
  4.56770483e+00 8.32407513e-28 6.22679644e+00 2.55151950e+01
  1.29342301e+01 7.79738587e+00 1.29266070e+01 1.19774185e+01
  1.45066579e+01 1.92411554e+01 1.68609631e+01 6.24591587e+00
  2.81133134e+00 1.99213622e+00 3.30195765e+00 2.34160011e+00
  2.08722635e+01 1.77682172e+01 1.17465671e+01]
 [3.11491395e+01 3.27188946e+01 2.65132388e+01 2.51599210e+01
  2.22751077e+01 1.97275826e+01 1.99630518e+01 2.30359211e+01
  2.06541233e+01 1.89527302e+01 1.13522480e+01 1.23462033e+01
  5.53388197e+00 6.88110327e+00 1.10437318e+01 1.19953314e+01
  1.01076017e+01 3.27512230e-29 7.01071635e+00 1.85228290e+01
  1.69879693e+01 1.54348088e+01 1.31723407e+01 1.44544050e+01
  2.08056726e+01 2.04536154e+01 3.09883915e+01 1.86216056e+01
  4.78498510e+00 3.98830058e+00 4.18482734e+00 4.26812073e+00
  3.89816837e+00 8.51354483e+00 1.72226778e+00]
 [1.29421097e+01 8.74041050e+00 1.40559588e+01 7.47966871e+00
  7.84275877e+00 6.99341668e+00 7.36051453e+00 7.37366658e+00
  8.08889553e+00 8.11823057e+00 9.98884659e+00 3.15629176e+00
  1.88095270e+00 1.95785483e+00 4.07420492e+00 4.22992828e+00
  2.10141608e+00 1.84804877e-29 2.76508043e+00 7.51627980e+00
  5.56083327e+00 4.69263659e+00 4.97788274e+00 5.00588998e+00
  8.50009615e+00 6.80703334e+00 9.77795951e+00 5.56031379e+00
  1.17898321e+00 1.34322358e+00 1.36627001e+00 1.49264447e+00
  6.11638221e+00 7.29301632e+00 4.58968289e+00]
 [1.05331859e+02 1.08354416e+02 3.12678233e+01 4.09060117e+01
  1.61737321e+01 2.56372111e+01 1.89681897e+01 2.69879121e+01
  2.83517645e+01 3.08291592e+01 1.64541004e+01 2.04675402e+01
  4.41448163e+00 7.54861514e+00 9.85768938e+00 1.43770208e+01
  1.17553539e+01 7.83041625e-29 8.23290318e+00 2.77226792e+01
  1.43381940e+01 2.25268516e+01 1.10728417e+01 1.75670034e+01
  4.28229588e+01 4.12846840e+01 6.97061174e+01 2.98697700e+01
  6.08265054e+00 5.71822550e+00 3.33008033e+00 4.24674903e+00
  8.42897394e+01 4.34943409e+01 4.15829230e+00]
 [2.05853327e+02 2.99944529e+02 3.44979950e+01 3.53937185e+01
  1.51663603e+01 1.47385013e+01 1.97396516e+01 2.46204946e+01
  2.24325729e+01 2.20438905e+01 1.50201603e+01 1.79755205e+01
  4.41026057e+00 3.31787497e+00 9.70305781e+00 1.10813516e+01
  1.51526158e+01 7.99537323e-29 6.36913496e+00 2.07425841e+01
  1.28468986e+01 1.18734897e+01 9.99998802e+00 1.00744655e+01
  5.48395873e+01 6.41769697e+01 2.02480066e+02 4.91296515e+01
  4.37555812e+00 4.00655833e+00 2.72142549e+00 2.49975056e+00
  9.93757406e+01 2.50285172e+02 3.02249964e+00]
 [1.17395827e+01 1.42864780e+01 1.00299889e+01 1.03347443e+01
  1.04322029e+01 8.05971223e+00 1.17917031e+01 1.29657576e+01
  1.41524121e+01 1.18373495e+01 3.93125942e+00 3.53911907e+00
  3.24515737e+00 2.16432420e+00 6.26098194e+00 5.49266996e+00
  2.94919608e+00 3.55325127e-29 3.76467664e+00 1.23534975e+01
  7.25826828e+00 4.81647423e+00 6.90918800e+00 5.93992769e+00
  5.98482559e+00 6.03064291e+00 1.16882859e+01 3.71878038e+00
  2.23114689e+00 1.46031406e+00 2.30466311e+00 1.58778360e+00
  6.84451929e+00 6.37052490e+00 8.71753743e-01]
 [2.07369507e+01 1.38139812e+01 1.76200650e+01 1.34154597e+01
  1.53469003e+01 1.24466227e+01 1.81764447e+01 1.44529360e+01
  1.99876462e+01 1.87144625e+01 5.48858466e+00 5.15836190e+00
  4.70474385e+00 4.67525904e+00 9.61018336e+00 7.98888144e+00
  5.76151628e+00 2.16419402e-29 7.59232162e+00 1.78044583e+01
  1.06010203e+01 7.31811172e+00 1.14191939e+01 9.16537744e+00
  9.65788515e+00 9.75555156e+00 1.58626940e+01 6.79765775e+00
  3.18784869e+00 2.76441313e+00 3.51224735e+00 2.69627837e+00
  5.08196905e+01 3.94034228e+01 1.57318798e+01]
 [9.55124561e+01 7.15830603e+01 2.01922551e+01 1.22465841e+01
  1.68059219e+01 1.38674132e+01 2.80259409e+01 3.11491317e+01
  3.02642634e+01 2.79183675e+01 2.40719811e+01 1.33989926e+01
  4.66941751e+00 3.78171025e+00 1.54230256e+01 1.62046191e+01
  7.48587453e+01 1.04061846e-28 1.17553929e+01 2.76963805e+01
  1.01408449e+01 5.58316325e+00 1.44309179e+01 1.43821251e+01
  7.11758388e+01 3.05262552e+01 1.10222186e+02 1.24835974e+02
  1.66897294e+01 6.51656673e+00 5.73497128e+00 6.70377213e+00
  5.88474303e+01 3.01068561e+01 3.55985461e+01]
 [1.76227475e+01 1.85727171e+01 1.73729015e+01 1.29380426e+01
  1.45195934e+01 9.93775284e+00 1.93305853e+01 1.96400499e+01
  1.89810700e+01 1.81400367e+01 6.41006821e+00 5.96201943e+00
  4.27482656e+00 2.59714075e+00 8.19187613e+00 6.62777625e+00
  5.28382651e+00 4.81169151e-29 4.61342821e+00 1.87892454e+01
  9.60520615e+00 7.12865869e+00 9.82626427e+00 7.25953818e+00
  1.00629571e+01 9.41401912e+00 1.56332341e+01 8.10981497e+00
  2.44697906e+00 2.03320887e+00 2.81019441e+00 1.90346567e+00
  7.15354965e+00 6.04652301e+00 3.50486969e+01]
 [2.36001025e+01 2.86508795e+01 7.27771941e+00 7.17121149e+00
  5.76568414e+00 4.11759833e+00 6.38408560e+00 5.65217386e+00
  7.41525267e+00 6.86229813e+00 3.26069595e+00 8.77916695e+00
  1.76581250e+00 1.67919010e+00 4.05524683e+00 3.11895411e+00
  3.61955266e+00 1.14301432e-28 2.77305552e+00 6.97031521e+00
  3.95403258e+00 3.01015582e+00 4.85062960e+00 3.04622793e+00
  8.58802463e+00 9.12088827e+00 2.35639880e+01 8.50173473e+00
  1.24402203e+00 1.25602614e+00 1.56376419e+00 1.13120279e+00
  1.64815672e+01 1.43354078e+01 4.99202462e+00]
 [1.32962718e+01 1.42208082e+01 1.89039887e+01 1.71742558e+01
  1.55562574e+01 1.02700749e+01 1.22452711e+01 1.15574186e+01
  1.30621616e+01 1.25896802e+01 7.37901913e+00 7.75538925e+00
  3.57625340e+00 3.82582449e+00 7.45136974e+00 6.41081545e+00
  7.04188368e+00 2.85829351e-30 4.18876098e+00 1.21623518e+01
  9.36306474e+00 7.62111552e+00 8.65842818e+00 7.26976988e+00
  1.22743843e+01 1.16150449e+01 1.41962598e+01 1.21674627e+01
  2.66112882e+00 2.01333407e+00 2.59391680e+00 2.55747743e+00
  7.44906594e+00 5.12913803e+00 4.68958336e+00]
 [3.48983891e+01 3.52180949e+01 3.81115866e+01 3.62608363e+01
  2.62567602e+01 2.37095586e+01 2.61473539e+01 2.34209513e+01
  3.14558699e+01 3.04107428e+01 1.25482098e+01 1.14707526e+01
  8.15266570e+00 6.60480529e+00 1.58656345e+01 1.34775642e+01
  1.03836103e+01 5.10652359e-29 1.02258831e+01 3.04233018e+01
  2.10080967e+01 1.66807906e+01 1.94522891e+01 1.61370341e+01
  1.88818312e+01 1.81296913e+01 3.48864117e+01 1.51253894e+01
  6.59760719e+00 5.66852571e+00 6.13387615e+00 4.85282867e+00
  2.84298559e+01 2.22119273e+01 4.14487705e+00]
 [5.62015522e+00 1.07449466e+01 6.59982942e+00 7.49676584e+00
  6.99406469e+00 5.07602896e+00 6.28261972e+00 5.75991257e+00
  6.03986616e+00 6.21653732e+00 1.77917915e+00 2.97645208e+00
  2.00925747e+00 1.22662218e+00 3.30787717e+00 2.62082138e+00
  2.62313339e+00 7.29289266e-29 2.00739211e+00 6.39833017e+00
  3.31532909e+00 3.34576130e+00 4.24448167e+00 3.39649726e+00
  2.48542871e+00 5.17065020e+00 5.48598080e+00 3.51985455e+00
  1.00399167e+00 1.04466013e+00 1.34043537e+00 8.24097605e-01
  1.05248289e+01 2.15704441e+01 7.29314460e+00]
 [5.33649440e+01 5.18374518e+01 5.97139237e+01 4.70637172e+01
  6.41473246e+01 5.81506299e+01 6.20865765e+01 6.46503394e+01
  5.38543282e+01 5.46462635e+01 4.17848702e+01 3.00821922e+01
  1.15379106e+01 1.15091170e+01 3.18954022e+01 2.65737969e+01
  8.34714668e+01 2.03518601e-29 1.86934669e+01 4.96724762e+01
  3.49299078e+01 3.06311747e+01 3.88998712e+01 3.60091268e+01
  5.61777372e+01 4.54062332e+01 7.37356634e+01 9.56379835e+01
  2.45927614e+01 1.78320236e+01 1.10790279e+01 8.47219746e+00
  3.45250018e+01 2.02453400e+01 1.47095881e+01]
 [4.83046500e+01 3.47925813e+01 1.37915624e+01 1.25409767e+01
  9.76783511e+00 8.65937471e+00 1.53210165e+01 1.55019151e+01
  1.62600084e+01 1.56250831e+01 5.55271767e+00 5.62097666e+00
  2.79123567e+00 2.53183240e+00 7.76656522e+00 6.36899203e+00
  5.19869913e+00 2.95370404e-29 3.69864482e+00 1.38412095e+01
  6.75875366e+00 6.21862722e+00 7.80283832e+00 6.62553547e+00
  1.79976158e+01 1.90053081e+01 3.89116650e+01 1.41213185e+01
  2.30923080e+00 2.02161556e+00 2.67369946e+00 1.59004446e+00
  3.13065791e+01 1.18440418e+01 2.29170792e+01]
 [1.77175930e+01 3.32303348e+01 1.46323079e+01 1.62325968e+01
  1.25969728e+01 1.03001108e+01 1.37293517e+01 1.17653412e+01
  1.34567916e+01 1.24383122e+01 5.37000537e+00 8.66985338e+00
  3.17006032e+00 2.82738310e+00 7.59419730e+00 5.33533301e+00
  5.30632453e+00 8.18380934e-30 3.81916030e+00 1.23183488e+01
  7.68138602e+00 8.30937057e+00 9.49947488e+00 7.54984161e+00
  1.00766135e+01 1.98667791e+01 2.24503915e+01 1.14622832e+01
  2.11303272e+00 2.00115862e+00 2.56878844e+00 1.83432705e+00
  8.50428221e+00 1.51235890e+01 1.73615560e+01]
 [1.61865340e+01 8.37784277e+00 1.68984190e+01 1.26192049e+01
  1.23567754e+01 1.03562642e+01 1.34711288e+01 1.23387491e+01
  1.47151961e+01 1.33137030e+01 4.44303559e+00 4.26914899e+00
  3.33799505e+00 2.85938977e+00 7.83159958e+00 5.55237033e+00
  3.02453240e+00 1.07904585e-29 4.07358804e+00 1.31478945e+01
  1.01357472e+01 7.13415463e+00 7.74526025e+00 6.43639576e+00
  1.09318516e+01 7.14921059e+00 1.01113614e+01 4.15199915e+00
  1.71842941e+00 1.49316627e+00 2.45883370e+00 1.87421025e+00
  1.01729657e+01 4.63639713e+00 2.06948397e+00]
 [7.65620420e+02 6.87676758e+02 7.63857068e+01 7.48764149e+01
  1.71756520e+01 2.30097322e+01 1.60035085e+01 1.97026823e+01
  1.78054882e+01 1.90434821e+01 2.89028879e+01 3.32871624e+01
  5.12097095e+00 6.24971955e+00 9.19270800e+00 9.00954089e+00
  2.54721002e+01 1.73615125e-29 5.98451401e+00 1.75405721e+01
  1.87573241e+01 1.90189768e+01 1.04527621e+01 1.25437723e+01
  1.42183986e+02 1.37982549e+02 4.30437061e+02 1.16179653e+02
  7.61662824e+00 5.40331426e+00 3.98189755e+00 3.52796237e+00
  4.02539576e+02 4.97561423e+02 7.65320511e+00]
 [4.80367898e+01 1.07435912e+02 1.78771650e+01 1.53683919e+01
  1.76036600e+01 1.53908278e+01 2.12755575e+01 1.74525226e+01
  1.90279135e+01 1.71028373e+01 8.38003167e+00 7.58458380e+00
  4.19881841e+00 3.23764165e+00 9.64414428e+00 7.93082719e+00
  6.19561198e+00 1.41163875e-29 4.95498391e+00 1.74007809e+01
  1.08626315e+01 8.88529776e+00 1.21864407e+01 9.56021459e+00
  2.09609752e+01 4.67175450e+01 3.67965952e+01 1.33886444e+01
  2.46020588e+00 2.29063795e+00 3.41060723e+00 2.28555951e+00
  1.28340346e+01 1.94692918e+01 2.89095100e+01]
 [2.17781905e+02 4.92905763e+02 2.32763687e+01 6.89517994e+01
  1.58025216e+01 1.37911016e+01 2.06309590e+01 1.76733976e+01
  2.04726436e+01 2.14127264e+01 1.39157651e+01 3.10958098e+01
  4.52148225e+00 4.78621197e+00 1.11381635e+01 9.56958869e+00
  2.61678226e+01 8.46887289e-30 7.53547549e+00 2.04067875e+01
  1.00275472e+01 1.41389787e+01 1.26108914e+01 1.30270411e+01
  6.32396853e+01 1.68297983e+02 2.93538575e+02 8.56227788e+01
  6.06391622e+00 7.19449704e+00 4.21454681e+00 2.91730291e+00
  8.02727781e+01 1.13217514e+02 1.00209568e+01]]