[[2.34265822e+01 2.77173685e+01 2.37965623e+01 2.13857444e+01
  4.21605825e+01 5.62455972e+01 1.74184765e+02 2.61216654e+02
  3.22208840e+02 2.14234879e+02 7.49777570e+00 6.74660647e+00
  9.86963933e+00 7.47012430e+00 7.13946429e+01 6.13513008e+01
  3.60096986e+00 4.51150008e-27 2.69154528e+01 2.43444952e+02
  1.79473678e+01 1.66888131e+01 5.33604327e+01 5.96952425e+01
  1.50583898e+01 1.75529763e+01 2.23216225e+01 7.20735181e+00
  2.28734216e+00 1.92524033e+00 1.13861549e+01 7.22559476e+00
  2.02041353e+01 1.38465718e+01 1.79142997e+01]
 [9.49466924e+00 9.98187487e+00 7.26095320e+00 7.00220539e+00
  8.08345509e+00 6.97298443e+00 1.45438214e+01 2.01471100e+01
  3.67299975e+01 2.45163139e+01 4.39227093e+00 4.97189453e+00
  3.77828663e+00 6.24385454e+00 7.88963106e+00 7.08630628e+00
  2.36552896e+00 2.75285610e-29 3.53550119e+00 2.57508575e+01
  5.13948018e+00 4.84125993e+00 7.57871859e+00 7.27907047e+00
  7.00956387e+00 6.63730436e+00 8.49813607e+00 5.04828075e+00
  1.78576902e+00 1.67065870e+00 2.53579878e+00 2.22975390e+00
  2.95721266e+00 6.69806693e+00 1.81039904e+00]
 [1.19650945e+01 1.10304482e+01 8.21506007e+00 7.05009162e+00
  7.07299580e+00 1.18209395e+01 1.33725143e+01 2.55621150e+01
  5.54069411e+01 5.07780476e+01 8.33856964e+00 2.25699020e+00
  2.19642128e+00 4.97526603e+00 8.79044939e+00 1.47983468e+01
  1.57234443e+00 1.79706488e-29 6.99551793e+00 4.57635272e+01
  4.09993967e+00 4.71178313e+00 6.63326777e+00 1.48833565e+01
  6.92494481e+00 7.03400975e+00 1.08478751e+01 4.79706107e+00
  9.71228377e-01 9.70474404e-01 2.74842441e+00 3.77341540e+00
  7.66866548e+00 5.03456892e+00 6.52330796e+00]
 [1.75894584e+02 1.75804892e+02 5.23832237e+01 6.37234756e+01
  5.08567683e+01 6.34560411e+01 7.42923577e+01 1.11329856e+02
  1.09229568e+02 1.17644876e+02 2.76545421e+01 3.63032006e+01
  8.18881604e+00 1.39736085e+01 3.41781108e+01 4.80187815e+01
  2.24075957e+01 2.48582305e-28 2.43292657e+01 9.40089728e+01
  2.71683992e+01 3.86691889e+01 3.53528826e+01 4.85877835e+01
  8.04109037e+01 7.78330170e+01 1.28427309e+02 6.86117807e+01
  9.97390383e+00 1.15443217e+01 1.21156094e+01 9.72653131e+00
  9.01806361e+01 5.03592209e+01 8.34290496e+00]
 [1.01181247e+02 1.39098149e+02 2.65643181e+01 2.47889582e+01
  2.15956984e+01 3.28526997e+01 3.82756459e+01 7.73514223e+01
  5.42514067e+01 5.51888108e+01 1.22210987e+01 1.24272464e+01
  5.91759066e+00 9.39417341e+00 2.41913887e+01 3.78171386e+01
  1.09522466e+01 7.77372337e-29 1.45721046e+01 4.66005559e+01
  1.34340124e+01 1.48049557e+01 1.78506329e+01 2.91709431e+01
  3.24579772e+01 3.48059325e+01 9.67147365e+01 2.71661153e+01
  4.45371232e+00 3.61985525e+00 6.55989960e+00 7.88750386e+00
  4.91738909e+01 1.10042960e+02 3.20583360e+00]
 [8.00365067e+00 1.11313269e+01 4.60966018e+00 7.35673429e+00
  5.07321932e+00 5.79044516e+00 1.46208220e+01 2.96051662e+01
  4.00605386e+01 2.33120618e+01 2.63688045e+00 2.44817322e+00
  1.86159617e+00 2.00422967e+00 8.47087648e+00 8.45635862e+00
  1.68375589e+00 3.86618781e-29 4.69955359e+00 2.34933745e+01
  3.26063132e+00 3.17046781e+00 4.94821120e+00 6.92282346e+00
  4.65568367e+00 4.39372890e+00 8.15892224e+00 3.11943443e+00
  1.06245541e+00 8.33728848e-01 2.08167263e+00 1.45745524e+00
  4.12338419e+00 5.94967160e+00 5.21702409e-01]
 [1.66314715e+01 1.27432118e+01 9.52886853e+00 7.72755907e+00
  1.23358575e+01 1.12824418e+01 2.77333625e+01 2.99386854e+01
  5.69882653e+01 6.19123098e+01 4.02096266e+00 4.14124521e+00
  3.63011382e+00 4.18329557e+00 1.79682546e+01 2.19259161e+01
  3.06652838e+00 1.27028863e-29 1.71255376e+01 5.36043157e+01
  6.47783509e+00 5.49838738e+00 1.26095820e+01 1.25467245e+01
  7.40161797e+00 7.28311493e+00 1.35293598e+01 5.21501015e+00
  2.36552119e+00 1.89272519e+00 5.06375305e+00 5.71542150e+00
  1.96479287e+01 2.05919966e+01 1.48312231e+01]
 [3.17274232e+01 3.43667916e+01 8.21265021e+00 7.13242794e+00
  7.20865149e+00 9.21092670e+00 2.02925059e+01 5.75024983e+01
  4.25227400e+01 4.38293940e+01 3.32782155e+00 2.68296451e+00
  2.88420585e+00 4.37996323e+00 9.93625983e+00 1.85477215e+01
  2.92955106e+00 6.90280229e-29 5.18013587e+00 3.70186845e+01
  4.01099683e+00 3.59299826e+00 7.31754152e+00 1.33327769e+01
  1.32320010e+01 1.20286858e+01 2.68607986e+01 8.51448176e+00
  1.22877988e+00 7.18991947e-01 2.84162033e+00 3.86162590e+00
  2.95271813e+01 1.89181045e+01 2.60003423e+01]
 [3.43610002e+01 2.96544786e+01 2.22615130e+01 1.48591085e+01
  2.22767967e+01 1.88779180e+01 4.18133364e+01 7.13544289e+01
  7.76790231e+01 7.62997686e+01 9.40918978e+00 6.98608825e+00
  6.07410644e+00 4.28921634e+00 1.75383255e+01 2.06405351e+01
  6.80903063e+00 5.24523961e-29 1.24329034e+01 7.00161817e+01
  1.26088523e+01 7.86193724e+00 1.66377165e+01 1.80981918e+01
  1.55858677e+01 1.30957240e+01 2.81861499e+01 1.28227324e+01
  3.29735043e+00 2.48312495e+00 5.26893028e+00 4.90622943e+00
  6.42162471e+00 8.43149256e+00 5.22588425e+01]
 [4.28828043e+01 5.12782205e+01 7.57677529e+00 8.70068844e+00
  1.03964512e+01 9.02696793e+00 4.88507977e+01 5.68703174e+01
  1.10247496e+02 9.42104392e+01 4.31940185e+00 4.65396358e+00
  3.26473785e+00 3.02063796e+00 3.45219865e+01 3.36212600e+01
  5.64702637e+00 1.81381728e-28 2.33910809e+01 8.30101479e+01
  6.82690758e+00 3.53191914e+00 1.70973392e+01 1.63469586e+01
  1.41383778e+01 1.35052519e+01 3.98660398e+01 1.29870320e+01
  1.77100370e+00 1.79800071e+00 7.07092458e+00 5.03858275e+00
  3.44547281e+01 2.57083409e+01 7.40491542e+00]
 [1.22772211e+01 1.34389264e+01 1.80913025e+01 1.63789934e+01
  1.86486094e+01 1.39719246e+01 2.63422669e+01 3.03858238e+01
  3.68505069e+01 4.12814865e+01 5.67394835e+00 6.44314230e+00
  3.78796830e+00 4.87767814e+00 1.04527655e+01 1.35277637e+01
  3.49554464e+00 3.37680668e-30 5.63284681e+00 3.35269105e+01
  9.46994907e+00 8.15719523e+00 1.02342246e+01 1.10189812e+01
  9.69995765e+00 1.13058140e+01 1.12927170e+01 6.15611031e+00
  1.89003592e+00 1.72229266e+00 2.78833608e+00 3.32726894e+00
  5.01384512e+00 4.20975628e+00 4.73166381e+00]
 [4.08911200e+01 3.76828738e+01 1.99178465e+01 1.72824137e+01
  1.93237308e+01 1.76747097e+01 4.31249908e+01 3.99646105e+01
  8.04939962e+01 8.82697151e+01 8.79308910e+00 7.37915450e+00
  4.99132322e+00 4.13195979e+00 1.71965829e+01 1.54513681e+01
  5.95614791e+00 4.24721910e-29 8.47519064e+00 6.58531305e+01
  1.31556554e+01 1.03287488e+01 1.56277033e+01 1.32749500e+01
  1.89361252e+01 1.50893019e+01 3.56433522e+01 1.26406213e+01
  3.71525277e+00 2.57637695e+00 3.88789589e+00 3.27795018e+00
  4.94236752e+01 3.57857377e+01 4.45524797e+00]
 [4.39267991e+00 7.56658554e+00 4.38915983e+00 6.36112456e+00
  7.83109374e+00 7.23928733e+00 2.50044823e+01 2.00841848e+01
  3.57039885e+01 2.64129556e+01 1.89315371e+00 2.68405728e+00
  2.87299695e+00 1.96340530e+00 1.16704375e+01 7.49759319e+00
  1.42249921e+00 1.01169777e-28 3.63764211e+00 2.11719575e+01
  3.27097944e+00 3.93391469e+00 8.64030864e+00 6.95501677e+00
  2.32894890e+00 3.94558263e+00 4.58764817e+00 2.16167888e+00
  8.44795526e-01 9.22078396e-01 2.59072744e+00 1.29973353e+00
  5.86930143e+00 8.06150673e+00 6.21620876e+00]
 [4.35392650e+01 4.06878154e+01 6.36178648e+01 4.83926204e+01
  5.74909846e+01 4.99731345e+01 9.92827203e+01 8.84903094e+01
  1.04868799e+02 1.15841279e+02 2.47618057e+01 2.07465759e+01
  1.33967660e+01 1.33874895e+01 5.57267421e+01 5.24054083e+01
  1.74261219e+01 1.88965224e-29 2.86386048e+01 8.60168817e+01
  4.05724360e+01 2.95699055e+01 4.68654217e+01 4.05669687e+01
  3.30767333e+01 2.97738531e+01 3.97423551e+01 2.49577815e+01
  1.03430876e+01 6.29014042e+00 1.34016435e+01 1.90958410e+01
  7.70854251e+00 7.36029306e+00 1.47434962e+01]
 [3.90317380e+01 3.75092545e+01 2.34329616e+01 2.21626303e+01
  2.78832694e+01 1.97575742e+01 8.64681746e+01 8.71677773e+01
  1.47475396e+02 1.43261959e+02 1.07789898e+01 1.14397138e+01
  7.40505913e+00 6.74690090e+00 4.44433801e+01 4.72845398e+01
  1.02756184e+01 2.68186978e-28 2.71413814e+01 1.19043642e+02
  1.49602345e+01 1.20408177e+01 3.13806280e+01 2.46391847e+01
  2.14776682e+01 2.63536913e+01 3.77369055e+01 1.87128406e+01
  5.15888008e+00 4.72683267e+00 1.21714661e+01 9.69607395e+00
  1.44994380e+01 8.87770502e+00 3.08185996e+01]
 [6.25174096e+00 1.28899854e+01 5.27898306e+00 5.82413012e+00
  7.39825066e+00 7.15525955e+00 2.14656241e+01 2.73766399e+01
  5.13725671e+01 3.55111331e+01 2.17917953e+00 3.41166658e+00
  1.87873372e+00 1.90973526e+00 9.52669042e+00 7.78370979e+00
  1.62215231e+00 5.51054763e-30 3.17813754e+00 3.25641603e+01
  3.61315215e+00 3.88358187e+00 8.13054431e+00 8.15265404e+00
  4.10444990e+00 7.71629096e+00 8.08985758e+00 4.15688148e+00
  7.46995075e-01 7.60590119e-01 1.81695818e+00 1.35839463e+00
  3.33211583e+00 7.76890418e+00 1.04345369e+01]
 [7.04749856e+00 4.29901208e+00 7.76807966e+00 5.95832605e+00
  9.66583580e+00 9.61456193e+00 3.29809648e+01 4.82664117e+01
  8.69616231e+01 6.94608245e+01 2.47870810e+00 2.33276091e+00
  2.43736656e+00 2.80401182e+00 2.11973773e+01 1.79794119e+01
  1.63641166e+00 3.57436582e-29 9.63674312e+00 7.06773891e+01
  5.10938498e+00 4.20066067e+00 1.04460540e+01 1.10002494e+01
  5.03398382e+00 4.49093097e+00 5.10189101e+00 2.22336610e+00
  1.13987518e+00 8.97149393e-01 3.69492718e+00 3.56946663e+00
  6.22371723e+00 2.95388595e+00 1.61876899e+00]
 [2.65455463e+02 2.72460102e+02 1.74719516e+01 3.71490263e+01
  7.89415872e+00 1.08941340e+01 1.58342943e+01 3.22554788e+01
  3.37958335e+01 3.83643675e+01 8.91539499e+00 1.74922212e+01
  3.56575975e+00 4.62520066e+00 1.07294542e+01 1.37125083e+01
  9.13125978e+00 7.83563848e-30 7.42644926e+00 2.69931219e+01
  6.38265497e+00 1.01751332e+01 7.82531659e+00 1.09124568e+01
  4.40141473e+01 6.40219662e+01 1.59888056e+02 4.32315629e+01
  2.63089863e+00 3.07373836e+00 4.28106229e+00 3.76354245e+00
  2.01320855e+02 1.04352593e+02 1.03793103e+01]
 [1.68365604e+01 2.24664325e+01 5.61226588e+00 4.92493372e+00
  8.00877955e+00 6.48844288e+00 1.34635154e+01 1.14066298e+01
  2.20258136e+01 2.02566772e+01 3.01650826e+00 2.78529086e+00
  2.57079847e+00 1.84896564e+00 8.48680436e+00 7.12457585e+00
  2.14508387e+00 8.37778396e-30 6.29280440e+00 2.18012383e+01
  4.03110805e+00 3.38074696e+00 7.27021107e+00 5.21036271e+00
  6.09104169e+00 8.96509187e+00 1.40265936e+01 4.45717375e+00
  1.01703129e+00 1.03756974e+00 3.37049833e+00 2.28279749e+00
  1.11720857e+01 1.13280126e+01 2.09554729e+01]
 [7.90270930e+01 1.72532361e+02 1.72969620e+01 3.04504585e+01
  2.83044838e+01 2.69142551e+01 8.99300525e+01 9.56404111e+01
  1.37830971e+02 1.53862453e+02 6.08899493e+00 1.08717974e+01
  9.69615407e+00 1.81323690e+01 4.29033337e+01 4.00790754e+01
  7.46393002e+00 5.54908845e-30 2.00950004e+01 1.12740719e+02
  1.11507968e+01 1.34452830e+01 3.70807095e+01 3.58014356e+01
  2.35414659e+01 5.73060240e+01 1.05878496e+02 2.77763636e+01
  2.97379635e+00 2.67730296e+00 1.09354216e+01 1.14185536e+01
  2.98836246e+01 4.05284648e+01 1.30468144e+01]]