[[9.97328322e+02 3.37030416e+03 1.05954859e+03 1.33749583e+03
  1.31827475e+02 2.06613714e+03 7.28581325e+01 1.11532662e+02
  1.03927588e+02 6.67490797e+01 4.45640013e+02 2.61221704e+02
  2.27884010e+01 9.07780272e+00 3.26641113e+01 3.11446790e+01
  1.06684771e+02 5.53453229e-26 2.03587794e+01 7.67250153e+01
  1.94536992e+03 1.80770144e+02 7.42756300e+01 3.70001553e+01
  1.88606009e+03 3.23609116e+03 1.65044800e+03 5.41933586e+02
  1.10745969e+01 7.17034192e+00 8.90047859e+00 8.00986929e+00
  3.70890374e+03 2.84195419e+03 1.57102035e+02]
 [1.02655511e+02 1.02719826e+02 6.45372988e+01 8.06053566e+01
  4.93793862e+01 5.21511377e+01 4.73258865e+01 5.76460877e+01
  6.35684496e+01 6.33668516e+01 3.02838550e+01 3.62105240e+01
  1.44958606e+01 1.42192328e+01 2.53325084e+01 2.85211399e+01
  2.46699387e+01 9.07924613e-29 1.88057647e+01 6.19794879e+01
  3.94392823e+01 4.54466869e+01 3.11293393e+01 3.46385332e+01
  5.55333688e+01 6.35801086e+01 1.13678045e+02 5.28404709e+01
  1.49541174e+01 1.23733339e+01 1.04339510e+01 9.98242798e+00
  2.26078390e+01 4.73041300e+01 7.42591504e+00]
 [1.21287898e+02 7.19074286e+01 3.63853129e+02 2.51287422e+02
  3.32549519e+01 2.59934552e+01 2.37625025e+01 1.45035816e+02
  2.92543159e+01 2.78771821e+01 2.34961072e+02 1.82074226e+01
  6.23661320e+00 5.83974286e+00 1.11727004e+01 1.16622217e+01
  1.05535435e+01 5.41188327e-28 9.07680020e+00 2.81823074e+01
  2.76830773e+01 1.71918906e+01 1.67183743e+01 1.46304609e+01
  2.16616231e+02 2.25728161e+02 6.52885274e+01 4.33161218e+02
  6.37262414e+00 7.28415332e+00 4.32601110e+00 4.21044571e+00
  4.42603835e+02 1.75318246e+02 7.34089879e+01]
 [3.24727259e+02 3.88614509e+02 4.72341030e+02 8.07179898e+02
  1.15318798e+02 1.22259379e+02 4.13700477e+01 5.86513493e+01
  5.05585396e+01 4.95770575e+01 7.07354447e+01 1.01422843e+02
  2.06961908e+01 2.42993716e+01 2.06880782e+01 2.71569837e+01
  1.80251834e+01 1.27337507e-28 1.59875538e+01 4.38487669e+01
  1.27151082e+02 1.62454477e+02 3.97361628e+01 4.47866734e+01
  2.91880000e+02 2.79530915e+02 2.77066209e+02 1.33467835e+02
  1.62831214e+01 1.64435351e+01 7.57957388e+00 8.18062604e+00
  1.28769020e+03 1.88236549e+03 1.48413462e+01]
 [1.99433875e+03 2.19434746e+03 5.30358601e+02 2.02505088e+02
  5.12943747e+01 6.07605537e+01 4.09847961e+01 8.19033210e+01
  5.98889578e+01 7.05097670e+01 1.44917291e+02 8.20761339e+01
  2.17501625e+01 1.23596100e+01 2.48949700e+01 4.23162530e+01
  9.59159916e+01 4.05941650e-28 2.27062281e+01 5.78624058e+01
  1.16650539e+02 5.02072995e+01 2.51293010e+01 3.85323521e+01
  6.04186980e+02 3.93243279e+02 1.61928730e+03 3.60584606e+02
  2.85377636e+01 1.64124583e+01 6.51032526e+00 1.09115585e+01
  6.44019858e+02 2.51354406e+03 2.00963109e+01]
 [3.87839620e+01 6.03152232e+01 3.86853906e+01 4.12273474e+01
  3.70890391e+01 2.35932052e+01 3.28551333e+01 3.19839771e+01
  4.37581034e+01 3.89694410e+01 1.82801069e+01 1.68882694e+01
  1.10870157e+01 5.65979996e+00 1.97905106e+01 1.99205124e+01
  1.36966108e+01 9.79139778e-29 1.43928899e+01 3.88535939e+01
  2.65032565e+01 1.64863735e+01 2.11374521e+01 1.52570362e+01
  3.19318053e+01 5.21914625e+01 5.54484432e+01 2.08696110e+01
  8.17381816e+00 6.46171520e+00 7.48792563e+00 6.01531743e+00
  3.79361884e+01 2.65543337e+01 4.27993430e+00]
 [2.73257081e+02 2.69634606e+02 2.32705141e+02 2.62913638e+02
  1.01913124e+02 6.71766185e+01 8.85651973e+01 5.91524680e+01
  9.82692127e+01 1.09626136e+02 5.31569136e+01 6.49378299e+01
  2.73362178e+01 3.07473295e+01 4.51767568e+01 3.56510587e+01
  4.97860899e+01 3.19432515e-28 3.24561223e+01 9.23035892e+01
  1.54053784e+02 7.13378690e+01 6.18333614e+01 4.17368067e+01
  1.28909009e+02 2.99139981e+02 3.04336437e+02 9.85312210e+01
  2.49360769e+01 1.87075732e+01 1.76236335e+01 1.25660109e+01
  1.14737925e+03 1.14500632e+03 1.81188421e+02]
 [1.79975391e+02 1.68581388e+02 6.52449604e+01 3.94277082e+01
  3.51781868e+01 2.48902570e+01 3.06589209e+01 4.78754329e+01
  3.83068225e+01 4.00958539e+01 2.59002221e+01 1.82566786e+01
  1.38535675e+01 7.29025212e+00 1.66578330e+01 2.04174112e+01
  2.64290843e+01 1.18209121e-28 1.29983715e+01 3.73469627e+01
  2.48170022e+01 1.77556596e+01 2.07920600e+01 1.89305424e+01
  7.68173578e+01 8.24051368e+01 1.49758318e+02 6.36515543e+01
  1.07157410e+01 5.95008660e+00 7.91761265e+00 7.73274128e+00
  1.58401083e+02 1.11060130e+02 1.57830749e+02]
 [6.39233542e+01 7.21794610e+01 4.03171575e+01 4.44211656e+01
  3.52329568e+01 2.79733572e+01 3.82941157e+01 4.52771642e+01
  5.01876930e+01 5.45804441e+01 1.64269293e+01 1.75483696e+01
  1.17390864e+01 8.00359733e+00 2.13853070e+01 1.93322114e+01
  2.06288092e+01 1.50060437e-28 1.54435801e+01 5.78664531e+01
  2.51200730e+01 2.78770698e+01 2.42300277e+01 1.88623277e+01
  3.41141739e+01 2.99432165e+01 6.35159541e+01 2.73183780e+01
  9.52757942e+00 1.00496315e+01 8.05816273e+00 6.81944850e+00
  5.46441300e+01 3.21171097e+01 1.18540410e+02]
 [3.22931824e+02 3.14051060e+02 7.86307072e+01 2.11710849e+02
  3.74788487e+01 3.11657519e+01 1.21015880e+02 5.96652369e+01
  7.37974244e+01 5.34456192e+01 7.95857504e+01 6.73505804e+02
  1.28059539e+01 1.70397257e+01 6.33555788e+01 2.90740444e+01
  3.01817824e+01 4.15074626e-27 2.46689167e+01 8.11298940e+01
  9.60058170e+01 1.90910109e+02 4.41834011e+01 5.48504745e+01
  8.72625038e+01 4.61881199e+02 2.57484728e+02 7.80950709e+01
  1.10485767e+01 1.51464825e+01 8.75383726e+00 6.96394047e+00
  2.45036223e+02 2.90363701e+02 1.30570513e+02]
 [1.06230512e+02 1.80292708e+02 1.02550870e+03 1.31283328e+03
  2.51094535e+02 5.35604481e+01 4.67792132e+01 4.35542899e+01
  5.67122379e+01 4.26106203e+01 2.75628690e+02 4.84865487e+02
  1.26464992e+01 1.18226152e+01 2.05834102e+01 1.96134288e+01
  7.16563798e+01 1.21479834e-28 1.16412408e+01 4.22190288e+01
  1.25741335e+02 6.27038619e+01 3.34686879e+01 2.32435926e+01
  6.69851661e+02 3.07415849e+02 8.30266472e+01 1.23136059e+02
  2.38996381e+01 1.26011792e+01 5.80232185e+00 1.08887478e+01
  5.93189018e+02 2.90679138e+02 7.38558641e+01]
 [2.42791228e+02 2.46873846e+02 4.98363349e+02 6.54732669e+02
  1.38474565e+02 1.22347385e+02 6.30032194e+01 5.27941601e+01
  8.34676781e+01 7.00809466e+01 6.57412861e+01 9.16718186e+01
  3.04963611e+01 2.35198206e+01 3.36945728e+01 2.63757333e+01
  3.52297248e+01 1.35806218e-28 1.72177694e+01 6.52151937e+01
  1.54779738e+02 1.48204290e+02 6.40823822e+01 5.61552551e+01
  1.25879405e+02 1.58362038e+02 2.73645870e+02 7.55523193e+01
  1.68522370e+01 1.85607282e+01 1.10622528e+01 7.92181884e+00
  5.31647237e+02 4.62942734e+02 1.54955397e+01]
 [2.16806797e+01 4.56964551e+01 1.86634147e+01 2.12867518e+01
  1.73482533e+01 9.68009608e+00 1.24835685e+01 9.83183933e+00
  1.21873866e+01 1.19343668e+01 6.40553761e+00 7.77492318e+00
  5.80676989e+00 3.09542727e+00 7.45044282e+00 4.67252635e+00
  3.98932639e+00 1.73085964e-28 7.09469102e+00 1.44888683e+01
  7.04133532e+00 8.36061606e+00 1.03280271e+01 7.19920459e+00
  1.42361795e+01 1.49772005e+01 2.23772375e+01 6.97325712e+00
  3.92332870e+00 2.41970178e+00 4.40134743e+00 1.66846048e+00
  4.95432743e+01 1.52987691e+02 6.26114630e+01]
 [4.93786010e+01 4.85602920e+01 5.21373351e+01 4.60094873e+01
  4.30642257e+01 3.38763590e+01 3.06138687e+01 3.47039157e+01
  2.95992071e+01 3.45721789e+01 1.41949695e+01 1.69004362e+01
  5.05322187e+00 7.07745601e+00 1.80477622e+01 1.46580795e+01
  1.20736598e+01 2.04041192e-29 1.15917299e+01 2.72120680e+01
  2.59927095e+01 2.36088134e+01 1.67696238e+01 1.86690811e+01
  3.08421287e+01 3.15271435e+01 4.51536297e+01 2.05726333e+01
  5.69768456e+00 5.49308805e+00 5.68297711e+00 4.66101896e+00
  3.07674376e+01 3.89180991e+01 7.85794699e+01]
 [3.08006279e+02 1.82843264e+02 5.99773549e+01 5.29941219e+01
  2.81950411e+01 2.74378511e+01 4.37518891e+01 6.35270167e+01
  5.56602980e+01 6.32942402e+01 1.99321817e+01 2.11759604e+01
  7.07578487e+00 6.27412345e+00 2.25649661e+01 2.49028496e+01
  2.14028800e+01 1.78167714e-28 1.67713449e+01 5.18805143e+01
  2.47716871e+01 1.93947306e+01 2.03351389e+01 2.10387436e+01
  8.79495281e+01 8.35212140e+01 2.35190026e+02 7.94334610e+01
  8.39058580e+00 7.81668470e+00 8.06803987e+00 5.94456450e+00
  2.31322508e+02 1.18324758e+02 2.23393171e+02]
 [4.49762248e+01 8.89291408e+01 3.55584404e+01 4.05744760e+01
  3.19356834e+01 2.38774290e+01 2.67385866e+01 2.79980867e+01
  3.30967079e+01 3.15170976e+01 1.38958300e+01 1.92331815e+01
  6.42964172e+00 7.02114633e+00 1.59592577e+01 1.27257240e+01
  1.09193763e+01 2.37691565e-29 1.05898653e+01 3.18213990e+01
  2.10095824e+01 2.98711566e+01 1.88191811e+01 2.45041706e+01
  2.52215344e+01 5.06809216e+01 6.09177086e+01 2.92934426e+01
  5.06666400e+00 4.95344240e+00 5.37538662e+00 4.47627150e+00
  2.78587662e+01 6.91896032e+01 7.96143774e+01]
 [6.13729486e+01 1.87473244e+01 3.30779728e+01 2.47879534e+01
  2.33454799e+01 1.91022574e+01 2.88418302e+01 2.80724615e+01
  3.93183092e+01 3.72128795e+01 7.47322819e+00 1.01507185e+01
  1.06700301e+01 6.91865207e+00 1.87520334e+01 1.44133305e+01
  9.71805541e+00 2.78229763e-29 1.08529069e+01 3.79180308e+01
  1.47640233e+01 1.46672572e+01 1.90120555e+01 1.44432202e+01
  1.86479712e+01 2.65637420e+01 5.33727681e+01 9.90518257e+00
  4.16819248e+00 3.43277340e+00 6.94463058e+00 5.25611006e+00
  6.03411902e+01 2.17491816e+01 1.94842544e+01]
 [6.52005834e+03 5.37035051e+03 1.31627599e+03 6.23938537e+02
  1.07220162e+02 2.19811520e+02 3.83611162e+01 1.32297619e+02
  9.15781069e+01 1.22686994e+02 3.00354635e+02 1.17765186e+02
  2.61099900e+01 3.74367389e+01 2.47992669e+01 6.61541181e+01
  1.58996611e+02 2.01910466e-28 3.28637398e+01 1.00465327e+02
  2.15238665e+02 1.73874932e+02 2.54682153e+01 9.81684180e+01
  1.41706452e+03 6.77076411e+02 3.52192361e+03 8.67490891e+02
  5.95633477e+01 1.60233374e+01 1.06525170e+01 2.18247141e+01
  2.47366720e+03 7.50568773e+03 5.91331157e+01]
 [6.90946864e+02 1.52786537e+03 4.85008276e+01 4.31106206e+01
  3.49761357e+01 3.95670659e+01 2.73160667e+01 2.67441056e+01
  3.47511223e+01 3.27254646e+01 2.29760221e+01 2.68944319e+01
  7.18621529e+00 5.53907529e+00 1.37223398e+01 1.24449942e+01
  1.75955906e+01 7.04409982e-29 9.73077470e+00 3.69036337e+01
  2.26006108e+01 1.98614477e+01 1.75425180e+01 1.94423082e+01
  1.10556902e+02 3.43242516e+02 1.75283447e+02 4.93240475e+01
  6.37805411e+00 7.06409156e+00 5.27505960e+00 4.21078646e+00
  9.34745769e+01 1.33835722e+02 1.33101129e+02]
 [1.24435428e+03 2.87496081e+03 1.43760296e+02 4.52987156e+02
  5.63777176e+01 5.11497108e+01 5.41465790e+01 6.06974229e+01
  6.43849839e+01 7.53237960e+01 5.92818064e+01 1.68846596e+02
  1.42390799e+01 1.37693306e+01 3.39625700e+01 2.93722089e+01
  1.00396404e+02 3.71317843e-29 2.76777368e+01 6.92714157e+01
  4.53195751e+01 6.75745718e+01 4.30631238e+01 5.84820616e+01
  3.89613232e+02 9.62222042e+02 1.69851315e+03 4.37297636e+02
  1.72694272e+01 2.44823135e+01 1.39971998e+01 8.82958693e+00
  5.10872690e+02 6.58638302e+02 6.90831128e+01]]