[[ 2.23724817  0.8058878   2.14405265  1.54935534 21.27256356  2.61809007
  59.74125224 61.33509451 67.10729873 67.25113769  1.61716041  2.43370106
  23.03262315 33.1174851  57.53259475 55.51012197  3.07286511  7.37886695
  46.37456907 67.68770048  0.90411195  7.94493735 36.09101738 51.3213165
   0.78268272  0.53436226  1.31317566  1.28946791 13.05667763 15.66196831
  43.76114403 37.15656428  0.5368349   0.48017243  8.70819763]
 [ 5.03176894  5.66377548  5.96808345  5.28807809  8.57898749  7.47258561
  16.52229842 18.47184453 28.42411192 21.01845994  6.24657318  6.35039372
  13.10443326 19.78177948 16.56882723 13.84112649  5.73245931 16.16810144
  11.2569277  22.39711689  5.54639814  6.04901403 13.27746301 11.87943873
   5.34855876  5.43652962  4.60645147  5.35170203  7.19078457  7.7970552
  13.77984172 12.55364807  4.49974046  4.48777267 11.96862148]
 [ 6.98178296  9.80333357  1.98900719  2.47173331 10.07776594 17.35231269
  24.3038681  13.31105366 51.58756346 49.92255034  2.89327924  6.10776769
  14.30715268 28.60066959 27.60160368 37.63746494  8.63822568  2.87421393
  28.94133296 48.20042393  8.71010322 12.05637267 17.37692635 33.09211198
   2.75323818  2.70618122 10.35347561  1.0544432   8.93753114  7.90713461
  22.63848152 30.32093311  1.6321512   2.49755156  6.36620249]
 [ 8.85526582 11.82360606  8.31902326  6.52182698 20.90666545 19.82392134
  44.49967516 48.88236351 46.61993292 50.28983387 14.64305635 13.71241263
  20.6572235  27.26059947 43.41051506 45.69942855 30.8315846  44.8402425
  41.43743429 46.6940744  14.06026162 14.66156371 33.48951955 36.61030014
   9.35180686 11.8691735  13.91237777 12.46838487 21.64437431 24.61337902
  44.20113132 36.74249132  3.9799559   2.11327737 21.48706541]
 [ 3.85297934  4.4462848   3.99845759  7.91080764 14.38376721 14.2944172
  31.12676488 36.04835526 33.02118282 31.36220867  6.03274224  8.61854417
  13.36011546 22.34050924 32.82923842 34.6274657   7.65719618 11.21910275
  27.70047968 30.95507305  6.87519368 11.39392845 25.03550229 24.92047834
   4.13297923  5.57005462  4.31694922  5.34614895  9.99848085 11.36239102
  30.92636244 30.56108096  4.86985238  3.33795069  9.70743831]
 [ 4.5932778   3.45351221  5.37491182  3.54658703  8.59420514 11.87013366
  22.12922746 35.56128994 36.5489957  27.60714871  4.06845262  5.98091
   9.88515945 17.27661297 21.78393938 22.52915396  6.76889147 16.91632687
  18.440763   27.72006713  6.18234768  9.61815887 13.33031476 21.9563797
   2.81411915  4.25615423  5.78925781  6.48868464  7.34580512  7.78465407
  15.11567325 14.26515139  2.53188531  1.66644771  7.09991944]
 [ 4.83422913  3.99360897  3.47998251  2.62476235  8.41478372 10.76900456
  17.79333993 24.88191941 28.37383888 28.80700295  5.78365619  5.0895436
   8.46092504  9.15951185 21.10935377 28.53555814  4.83473184  3.3646561
  25.80171423 28.40267038  3.5377667   5.93615028 12.7906211  16.83643227
   4.67273637  2.21465287  3.75638137  4.37356266  6.70209179  6.88733742
  16.09021048 22.59868698  1.53363653  1.63388007  6.26393571]
 [ 7.76485195  9.0410963   7.29023726  9.35120145 10.41415144 16.39557819
  22.9667683  37.23058847 26.51247217 29.23405374  5.39348478  6.74949371
  11.47669116 21.90513005 20.24258335 29.15509563  2.62876533 19.6320043
  15.09221561 26.68692824  7.72931426  9.75639666 15.14517935 25.13803994
   6.75424291  6.62310112  7.44571235  3.91425371  3.94794053  4.90815849
  14.78760089 18.66657081  7.92411882  7.89218219  8.85188968]
 [26.0033299  20.14043341 22.02117779 17.5201743  27.91726033 28.88923245
  38.42284813 48.52479827 48.30797017 45.47702303 23.82956834 19.1509282
  23.76000602 24.44037945 33.01398815 39.56333084 18.47167216 16.74927111
  34.19455298 43.09350485 23.28509585 15.853848   29.22490673 36.65051947
  20.1679503  20.95251797 22.43811151 22.9005895  18.83432087 14.85864213
  28.17269054 31.57988094  7.48502098 12.37855907 19.75119826]
 [ 9.53204548 10.96287206  7.04014355  3.65006857 16.70749985 18.67515668
  25.40987009 43.79761294 52.76089442 56.86035859  4.42574873  0.67192461
  11.99035622 12.82009961 31.82489776 48.14417572 12.30091069  3.91647111
  42.92041582 45.09407187  4.54675454  1.75753633 23.25613803 21.04814663
   9.01508311  2.69305499 10.54106264 11.01062197 11.0667673   8.86146131
  35.59603699 34.99844156 10.28946315  6.94572518  4.58322294]
 [ 8.4682736   5.87868385  1.67975637  1.20154912  6.28453045 16.0516945
  26.16730865 29.64166661 27.36248444 35.16963805  1.91752745  1.26873111
  15.25431579 19.53494236 21.63275626 28.67736717  4.04109699  2.56257073
  21.09132199 30.4514814   6.21004421  9.45075173 16.66780905 22.53496688
   1.37542216  3.24473416  9.13786738  4.11789873  6.1779333   9.34289326
  18.83344523 16.7273869   0.81265183  1.35739022  5.14044028]
 [10.59253379 10.12206292  3.44355092  2.37696824  9.20223598  9.24501792
  28.3140408  30.38563595 36.03410782 41.146826    9.12924488  6.17004971
   9.64774339 10.0258762  21.82389099 23.7538309  10.35860872 16.58998157
  19.82802813 35.61133512  6.07143839  5.40337324 13.64215055 13.55154389
  10.1021917   6.91854667  8.74036196 10.76519721 11.94514349  8.49687773
  15.31535924 17.12192264  7.34032295  6.40770817 14.71182743]
 [10.55191312  9.01135601 10.77323644 12.35993815 17.08444563 20.73266509
  38.45462302 36.95581076 42.73852499 41.84245298 11.35480202 12.15886275
  17.41169731 18.78599151 33.28724494 32.36166157 11.68807541 19.85397462
  18.89290337 33.26077594 14.87866392 15.30249146 24.47822545 25.28158634
   9.18500414 11.13127539 10.58354462 11.78792384  9.87166184 12.82198156
  19.70207383 20.30229094  7.60121473  4.05404646  6.47297688]
 [26.20854209 25.69291558 32.48576982 30.38844382 30.96576593 31.42429583
  46.29598189 41.50947888 49.98075849 49.23243504 27.23919222 26.27594429
  36.0572994  33.04009297 47.04735666 49.55718598 14.59572557 27.84645325
  43.81711823 46.86256428 34.79117278 29.64330075 39.93856711 37.58491801
  23.91483033 23.97780862 22.24615369 16.53800688 23.25316566 18.76993158
  38.99408918 52.80217932  9.64780272 10.00956583 11.78921474]
 [ 9.14032002 13.32265914 21.62012741 22.75918669 36.98900178 31.09268931
  53.51117032 47.66675175 61.01513247 58.70058628 26.15578241 26.11120526
  35.61748293 36.30300629 52.94712232 54.99205573 24.99689887 52.03861511
  52.38243972 58.45049309 28.5456496  27.92092789 46.20362956 41.57666056
  15.23831648 18.29379735 11.09928357 15.19212243 28.51917968 28.25577297
  46.33732735 50.26681651  4.84932966  5.84226813 10.08821215]
 [ 7.57994934  7.33136231  7.97955473  8.14562258 12.45661635 15.1959538
  30.56857935 36.56784041 46.9837913  39.65811354  6.93196223  8.14061598
  13.94343561 13.5014951  25.69995291 26.43235111  7.5424272  12.20574381
  16.28178104 37.92019015  9.10054496  6.68058847 19.44557218 18.31543197
   6.45900036  7.01862882  7.19185821  6.52303061  7.7037694   8.4199249
  16.44687287 15.43586056  6.75136576  6.49716714  7.82540444]
 [ 7.04891986 11.04291203 11.38805695 11.83758101 17.02796496 17.11569421
  37.68190241 46.78263632 52.49608537 46.18278321 14.39119172 11.3076451
  11.81674988 17.01631226 39.15206902 40.41511623 10.3326611  39.20466016
  34.88455286 46.7321828  13.55623966 12.69522248 23.6031854  26.92390801
  10.59361746  9.2138932   6.50685914 11.79336756 13.80667507 12.66341544
  24.59852874 28.68699355  6.89400737  8.18544995  6.11471976]
 [ 3.39135698  4.12052442  1.22067167  4.76349131  5.35286379  4.1017634
  18.59217212 15.89579212 20.20824368 18.5876911   2.54557108  9.07355255
   9.03676977  8.67315868 19.55431933 13.96407005  4.4372738   3.30072876
  14.09023862 16.12733008  2.55252777  4.70890237 14.70358205  8.31730207
   2.66515427  6.71360854  3.73513376  4.01769372  3.55530856 10.42921134
  18.06269389 11.57091916  6.07087063  1.2715838  11.70505572]
 [ 2.11890555  1.31737656  6.93256317  6.92903404 11.51867383  8.66390674
  18.642318   17.04367468 24.40179979 23.17082092  7.7279978   6.59866683
  15.59662065 14.11085968 22.62293344 21.54135657  7.39740601  7.81019508
  26.04184502 23.90535188  9.33692305  8.72009143 17.10896739 11.95969096
   4.09635266  2.16500267  5.4510878   5.92051816  9.06829786  8.71463133
  23.68987195 22.27964604  8.09940588  5.83632424  9.4029395 ]
 [ 4.67389475  4.40586002  8.5721393   5.11580413 23.73004716 25.70752336
  46.51611738 47.13634999 53.52417019 53.13536613  6.82992297  4.71064125
  28.17772152 40.6333688  41.41155837 42.73836129  5.08625226  9.84752363
  31.67898936 48.11468122 14.92747552 12.70946103 34.32507604 29.21949186
   4.48997248  4.40556584  4.61015899  4.60102656  9.94769526  6.92025912
  31.49845081 41.8322411   4.32192567  4.59345282 11.79146643]]