[[ 1.61991168  0.73113522  1.63891254  1.00231183  7.70919717  0.75159434
  11.09341301  8.47951096  7.41688945  7.57411769  1.46528194  1.91952854
  10.59570811 14.18976533 10.07845937  9.75039644  3.89782235  1.36145942
  10.72859536  7.0942727   0.65157142  3.71205201  8.74307748 10.29725087
   0.75400561  0.5857552   0.99192638  1.11745733 16.04772898 16.20617117
  12.69062697 12.04133609  0.55458743  0.61616753  5.71004337]
 [16.50771277 18.56489642 21.79234835 19.00081755 23.64061754 21.1410267
  22.67873685 21.12044621 15.9835326  16.248658   16.14487102 15.769291
  19.19345827 21.80071087 23.19267949 23.42954042 24.49406321 19.23548045
  22.32190649 16.11045252 18.3329905  19.28534643 23.07715535 23.58958045
  15.87550446 16.75329013 16.79739187 19.74083642 19.26777573 18.61361614
  22.74086525 24.02977545  5.9315132   5.70416124 11.38598216]
 [ 7.55188362  7.76805788  3.40318913  2.62234128 11.17454179 10.26584669
  13.37736268  3.83971638  7.5313021   7.98145642  3.46588488  8.54141806
  12.25223852 11.25486736 12.79281462 10.75821372 11.54486635  2.95575723
  11.43948372  7.91651987 11.81369378 12.00738107 13.0403754  11.13024957
   3.37949108  2.61885701  9.33232221  1.22221397 10.84935263 10.94418316
  11.25382175 11.99400763  1.30177286  3.61792331  4.47914629]
 [ 5.30284443  7.28728262  4.96566899  4.1865565   6.64884574  8.0091674
  11.36157618 11.84976772 12.10072859 13.17858745  8.71243205  7.73098106
  11.13603398 14.72631597 12.52050987 13.68259699 16.17470217 14.12480925
  14.02222279 13.76980095  7.42033998  8.54113777 10.48921956 13.23652203
   4.9803201   6.29572252  7.55118086  5.42804434 13.19996335 12.19169519
  12.1490643  16.04232121  3.71997205  1.82519913 10.70963881]
 [ 7.83888951  9.58775372  5.19263357 11.29506516 10.1015208   6.41281505
  16.05280536 11.47397567 13.65402554 12.52690687  7.41445242 12.46638334
   9.9570237   7.89031808 13.16766071 10.14669903 10.59385865 11.53898968
  12.10724868 13.77855249  6.57472342  9.13786539 14.0249774   8.60652665
   6.98290204 10.2703534   9.03787978  9.66845762  9.8230265  12.57621622
  12.83004256  9.68558374  9.84150691  7.59194013  9.1522931 ]
 [ 6.73732111  4.43240297 11.69507163  4.98224738 17.67250455 16.52202187
  17.84723738 15.57427719 12.91186959 14.01829969  6.06555473  8.64610087
  17.23193174 18.65664    16.1009137  14.6333916  11.85610592 15.54708744
  14.77236259 14.57601505 13.76210117 14.61160215 18.61312039 18.83903417
   3.61751646  5.84181384  8.2935587   7.73537438 15.42612527 13.63517624
  16.73487653 15.54076785  4.20274634  1.78432481 11.86381594]
 [ 6.02755872  4.32917856  6.43492118  4.55672912 10.46873692 11.8802064
  11.66175428 12.01177622  9.95163215  8.70759915  7.89464847  6.33956853
  10.96563002 10.23668777 11.29017618 10.39715696  9.08368773  5.7323733
  11.4387599   9.43383295  5.7895788   7.90075488 11.58314232 12.29900733
   6.09714678  2.96647251  4.40422378  5.70084838  9.03194382 10.05927649
  11.16025971 10.66104238  3.96677609  3.12648007  6.64432616]
 [23.37536448 18.83182312 17.92433948 16.05628212 24.27907859 24.68418917
  31.71935955 20.16782813 18.86944356 18.62145426 39.01407021 33.70764534
  18.58031831 18.91313933 31.4204628  25.47198156 67.17277491 29.59584417
  34.24908694 19.96643936 19.54171997 15.1604736  29.86779633 27.11651429
  36.33153494 16.80802694 30.55317548 57.38924455 53.62234572 44.48497994
  29.84440445 32.40511649 15.79270387 12.55986264 12.11962517]
 [13.33634394 12.614033   17.18534375 15.2550715  18.19594055 15.20792984
  17.76313991 13.35627616 11.80417731 10.8120232  16.2340395  16.34365353
  16.72178546 14.79876516 15.42031489 12.70397804 14.33406843 15.36485108
  12.68843727 11.56439011 17.7381843  14.37516834 17.26028074 14.70123916
  13.02136147 15.06197025 12.4451282  14.48361685 13.97703692 12.1664127
  15.02596035 12.25201962  8.33814988  8.8771047  13.24663403]
 [ 5.24586146  6.12532813  6.76226857  3.00843018  9.26567777  8.51856289
   3.32069881  4.35291615  3.54870066  4.1417144   3.34097671  1.26750848
   6.48527443  7.12676748  3.73842379  4.46620605  7.88446717  2.46804494
   5.08829399  3.78652373  2.63340545  1.49789902  6.59792205  3.92228632
   5.47599993  1.8187779   6.23060316  7.20791226  7.77372875  6.19033516
   7.87221069  7.85743468  4.9220089   3.8730544   3.08978029]
 [ 9.17116881  6.22070786  1.75521334  1.2598889   5.24241627 11.79881149
  12.16394131 11.27437421  9.69900343 10.72574006  2.49376111  1.5271281
  14.40173053 15.32230268 15.42115011 13.59022181  8.1409159   2.16908458
  15.68416637 11.04669727  6.1399534   8.82966125 14.10141298 14.86743834
   1.74046741  3.33348249 11.48736295  8.13896707  8.6983936  10.92170092
  17.52026603 12.85736601  1.20735622  1.65383489  5.09472443]
 [ 9.0401624   9.45999433  6.58902501  4.98720016 12.50384336 12.40163472
  17.16724416 17.80726723 14.08159941 14.17593272 13.02792214  9.59122264
  15.7583116  16.02604179 20.13480696 20.7194457  18.05861065 19.94649445
  23.92383907 16.45198016  9.69540176  8.72637518 16.98080971 16.47326183
  10.07322654  8.31258566  8.55474716 12.88131306 21.21238298 18.69476819
  24.162817   25.34808413  4.22235543  3.97721431 13.68694095]
 [13.50050328 12.79659609 16.19934692 14.56653792 15.258369   14.53728848
   9.66209858 10.59850032  7.2298637   9.84801451 10.67120272 13.48342026
  12.1770345  11.73640195  9.43496059 11.31218144 21.55317948 14.31187358
  10.4258374  10.05166508 15.08039663 13.01464006 12.02473007 12.34631656
   9.80213561 14.58743528 12.65596672 19.19423727 11.73191144 14.5265446
  10.19379969 12.87269192 13.63049513 10.84754816  7.59439688]
 [32.12312798 32.73351641 30.49226485 29.55395087 34.55100051 36.56649953
  28.95125166 30.32650599 25.66712131 23.22461076 45.96539217 38.09968509
  31.05420339 28.40430207 26.92772456 25.12951694 69.91381249 29.99108026
  28.6010388  27.06189252 29.95266193 30.70720406 33.15034966 33.36212001
  40.61710205 36.56704977 41.27422483 63.37348644 55.28905642 53.21119102
  32.23609124 23.42659274 43.2105558  27.53247213 11.76210114]
 [11.31181911 12.35774232 12.72461168 12.87854489 12.95767958 13.62734333
   9.48147138  8.47705381  6.72726834  6.40226859 13.4739598  12.82990794
  13.42552264 13.62301433  9.25261035  7.40715605 12.64657282  5.7313248
   7.13832641  6.7960414  12.89638967 14.42010384 11.48859899 11.18006307
  12.76923372 13.1928105  11.4448071  11.46447003 12.76582653 12.08469059
  10.17889594  8.243179   10.47046945  7.79436437  7.50171519]
 [21.48176936 18.900225   22.11776397 22.70289367 21.20983249 21.87481904
  19.55157579 15.71533692 12.30717334 13.8908549  17.0819677  20.68723464
  23.52730004 19.98910522 20.48670674 18.11801817 24.67250842 18.12696067
  19.56577742 14.34442425 19.34731666 14.29388824 22.71960122 16.96117729
  15.85714321 18.07054047 19.95832814 17.98675877 21.79173248 22.15333187
  23.25234406 20.8440286  17.23094955 12.64792087 13.02033801]
 [16.18979843 21.52024209 24.77319578 25.07094419 21.7684992  18.43606112
  15.39123443 11.95943914  8.88311606  8.85195162 25.79592848 20.69394317
  16.1831434  17.35237663 14.46515401 12.48092505 19.09755902 11.83528154
  14.74619543  8.69344238 26.89220292 21.560818   17.50065745 15.7535454
  23.00520991 14.6677968  12.89584672 22.02338698 20.81438119 21.07629449
  16.36938662 15.06260265 11.26858724 12.84782054  7.81724545]
 [ 9.78127225 10.400014    5.33666019  9.60114403 11.6464501   8.6634217
  18.79085857  9.70966032 10.64680488  9.22664405  8.25250654 17.2666932
  12.97816976 11.71945033 16.75361521  9.17482474 12.37799447  7.31346192
  11.35444779 10.47980284  7.50135969  8.80170343 19.64048904  9.56066496
   8.60955583 14.46942158 10.05541024 10.79707122 10.29285707 18.33347531
  16.80045551 10.84663395 12.13866139  6.06301218  8.63074611]
 [ 6.04549968  6.29977864 22.08280542 21.62224245 25.31856657 20.55110893
  29.45929774 26.07738856 21.08050779 19.56326676 21.4688178  17.96873073
  25.47355565 24.7089     25.70800796 23.97908031 21.36581139 13.16001229
  20.50547179 19.08019095 25.16021728 22.91819229 28.67831691 21.94419435
  14.09669329 11.28193791 14.30008428 17.7842994  21.93627674 19.23925157
  23.97178121 22.30660286  9.30426588 10.03080627 12.97199902]
 [12.88026253 12.58705198 11.53545198 11.58419013 13.24859287 13.17276161
  10.67131712  8.71032909  7.95018169  7.39474147 15.60907917 13.47350387
  13.13975281 10.72556576 10.75088269 10.20454027 17.8319125  15.02903164
  11.87938505  8.70906346 13.42379088 13.36519276 11.67371964 10.63207426
  12.06145989 12.93839271 12.7812498  14.18301853 20.28450628 18.59624576
  12.13960472 10.68763373 11.60946787 12.8319519   9.05675299]]