[[95.24526213 97.99223976 95.46454398 96.89895613 66.51493337 96.17345014
  24.98861524 26.18847706 21.64527734 20.9534114  96.1180238  94.23041657
  53.18093548 40.24484524 26.32201806 28.179434   91.03878177 90.521061
  35.07760509 21.3327071  97.99945084 86.05809508 50.23728097 31.8098495
  98.03084198 98.51576992 97.09545658 96.95738293 63.21635856 58.33124642
  34.20778383 41.18958132 98.54759628 98.55349451 76.36779529]
 [54.40303405 58.2838435  53.04592578 60.87331019 52.40644401 55.88766836
  53.76389025 52.85272042 49.19348898 54.32601482 43.06890889 46.25019347
  50.27676742 45.04937231 53.20020062 55.70810654 59.78342381 53.32431746
  59.87697997 53.9074024  42.56188457 56.78431868 54.53674614 56.53006581
  42.37403237 52.07763945 61.61967681 56.0163884  60.21598261 57.74702366
  56.69936999 56.20166766 34.40043701 31.69424612 49.09302559]
 [70.77301202 63.90787556 88.09509403 88.10034334 47.38241487 38.15657477
  43.18714576 75.52503125 27.2377224  27.40751349 81.52573167 49.27212689
  40.62434567 33.57017594 35.08176153 29.66118208 57.97959284 86.55731025
  37.55185814 29.68300845 58.81122175 43.99010616 43.79650701 32.52981615
  86.12286347 86.84396682 62.31295734 95.21327638 58.64277448 59.34909832
  35.63289642 33.83265    94.20105523 86.97196626 71.64102696]
 [16.34812243 26.13593284 75.01287127 82.61143307 47.40630634 38.19431943
  24.77985274 25.75245032 21.57873338 21.19278002 37.45435741 38.30934593
  52.20850453 47.40475143 26.27647082 25.84527547 24.80163308 22.96963458
  27.22988913 21.77959744 65.80356344 61.59520633 37.64176782 33.74621023
  33.9457121  42.62716598 30.01425317 24.25426532 35.33601085 35.05887763
  27.65240512 30.90275163 56.82983001 78.9916985  38.22373369]
 [75.94436953 70.14251304 79.82950525 64.62469236 34.16450505 26.43730084
  33.3299173  38.16969261 36.45258889 40.06866594 71.53601191 56.92144199
  49.10523543 29.39268514 33.78404265 38.74710391 67.05907863 58.58583931
  43.1628395  38.43591479 59.69884691 38.63965492 35.24383006 32.91784709
  76.93308252 62.93141393 72.27834434 70.96115838 64.06661734 51.51718929
  30.69264634 42.27814392 63.77940769 76.24373379 60.8527212 ]
 [22.25803186 18.71289574 45.10756869 19.8751742  62.83008694 48.36493421
  49.72762255 38.41868257 39.92244709 46.14929234 28.2044447  41.25819947
  58.87255224 48.78790822 50.8938223  53.07157731 55.06194383 42.8418105
  56.47682638 45.84374344 50.25172441 50.01424682 56.94358593 48.38911215
  19.30111904 50.55726444 39.34408528 43.41053718 56.51368964 60.33402546
  54.37215989 58.87619172 23.29399192  7.43762202 58.24621133]
 [79.42696719 84.50108153 84.98488757 89.30191443 69.51903378 64.11956959
  56.82219971 49.16137505 48.92717459 51.00763386 76.45962889 79.80785967
  63.71417026 67.32264652 53.07427801 46.39819181 78.49345061 84.60916169
  48.89911263 48.90778634 84.1340262  77.01754733 62.72111943 56.00656331
  81.38191089 90.96262021 84.49799078 82.63310267 70.64991708 68.07399692
  55.99956577 49.68581009 89.55970674 90.85097634 76.52454626]
 [44.0465101  44.34980649 57.91690001 51.69297821 50.82101218 44.30500514
  34.69932869 30.99744516 23.88389289 26.74379546 41.97714678 45.92805339
  55.12543965 36.46010529 33.93606629 32.0940541  23.71553144 33.61941827
  37.87047875 26.92358541 47.8231265  48.21356578 43.03350747 35.69224435
  39.21123467 45.37299937 41.51244264 29.26171431 34.42854893 40.61793493
  41.20272323 37.37901245 42.50961141 46.33163848 53.73392266]
 [48.37519455 49.0221274  39.88189364 52.37639703 44.15390774 42.80815398
  35.18898799 30.79087442 31.21132937 32.53163355 41.60258671 48.10525628
  45.91963729 45.60529017 40.25551203 37.05556439 55.96223915 47.91779062
  42.47489903 35.61559937 46.38989286 56.21500324 42.56114728 38.19796575
  44.14338516 47.90768218 50.56306249 48.78889616 54.4211153  60.13546693
  43.08656837 43.89468015 63.69298708 47.1522138  44.80227701]
 [71.78170558 67.1415964  73.06161857 88.81585866 60.22996184 64.47627861
  62.94672618 45.95006802 35.31706613 32.25690376 81.54521081 97.23864751
  47.03224458 72.31948449 58.40581683 41.63276153 65.74493991 89.62467156
  45.26512349 44.07265087 63.94035361 94.99975453 60.09913362 70.62480912
  55.641371   92.10279668 68.08207347 66.21030134 69.04109084 74.64956368
  44.06805803 48.37214665 73.17692872 78.44872127 80.81574675]
 [73.27301749 78.86670389 95.21728834 96.30833992 84.61817267 61.53310832
  46.46851828 42.48763345 42.11034959 36.30198952 93.1495223  95.47576327
  50.92801137 47.34918959 42.59886036 41.57830629 82.83984621 92.18788577
  43.58882229 38.34627026 82.45654158 72.64735175 54.50825245 47.53557335
  94.98276708 88.22741151 67.18369808 82.36724075 78.12040426 68.35741386
  39.19101119 54.74168158 96.14500048 93.72633297 80.23639773]
 [62.89322203 66.31321741 86.16089917 90.04985016 65.94356106 63.99560624
  41.36524308 40.14011664 37.36531237 32.66815249 68.25454539 76.65101434
  58.94650653 57.06899917 42.76120947 40.54817059 61.26962261 53.047008
  40.28162082 35.26635864 71.43206577 77.5314715  55.94049785 57.32529361
  67.15512624 72.61006222 67.10266592 64.34300959 54.18269002 61.21318481
  43.57688071 41.37853286 78.95937315 82.89341302 51.16835426]
 [52.08042776 54.42177624 45.80953694 41.36107268 37.84724084 27.72292088
  19.19859473 18.0910302  14.58859209 18.90599407 38.41928461 35.22064317
  35.19172545 29.6172525  21.25067851 20.16790089 32.77861055 33.96710399
  36.84785578 22.76175937 32.02883533 32.52186838 29.25957692 26.16921259
  56.14522839 42.25366912 51.62350798 38.02610302 45.84514599 33.64721677
  33.47155346 26.06193445 64.16250237 76.93589142 65.19770624]
 [29.72354131 30.66410593 26.62336235 28.89194076 23.19523212 21.30226045
  14.27538556 16.27908714 14.10706373 14.69314363 15.6151577  21.40473313
  13.60071034 17.46703921 15.23684096 13.86141616 10.11262435 30.06809076
  17.7353682  14.82531407 22.28894631 23.66741265 14.29102144 17.29672946
  22.29918739 25.38978779 25.27516505 13.63223531 12.80944411 16.39150798
  16.53547312 12.8882493  38.5076904  52.92632673 62.8338241 ]
 [72.12786576 64.94286598 55.33735245 54.42057635 37.40258766 43.17921666
  27.07602884 34.73905872 23.02838668 25.93437254 48.36648121 48.3342379
  34.03371163 33.75913568 26.88251923 28.96208567 52.06554046 34.57140677
  32.3684322  25.47336079 47.2668994  44.9735963  29.94067626 35.50120318
  62.39982525 57.97746302 69.17474449 64.48849177 46.38460684 46.72610253
  30.71539624 30.81807487 77.36569517 77.86753027 73.12589576]
 [54.53161093 50.57971221 53.74908718 56.74742162 53.77089457 50.70959421
  38.07765394 37.39792644 30.26924493 35.19765568 44.20258527 45.89251075
  47.7190004  49.63827962 43.05295479 43.21471561 50.77118848 52.64816759
  54.25248768 37.05526225 52.9174088  51.3847553  45.00925519 55.05010619
  39.69006901 46.0986475  54.15565337 45.96763789 52.25256823 54.83585963
  48.65731146 50.86526482 56.44603302 57.86355528 59.70698178]
 [61.38532594 48.15642522 48.49253016 49.24695353 41.1269156  34.0055427
  32.95279682 27.20947577 23.73526671 24.74192266 43.38899743 49.20380906
  51.73004291 41.98625099 34.63545961 32.39908136 61.36192717 30.51703113
  39.28700792 25.07155924 39.1719629  44.32733505 42.95833325 35.35082881
  39.24316812 54.49994305 68.07065924 52.53991171 50.48700082 48.45417717
  46.23303425 42.24216419 66.83989553 60.26869024 73.5996032 ]
 [83.29775957 81.21798483 91.9611531  80.00548317 72.70374768 82.76149737
  45.04251744 65.19746476 54.7591969  59.44234425 85.75885574 61.08707365
  66.17102238 70.20123033 45.19640736 67.36774348 77.26332549 85.05390892
  62.35253477 60.02408645 86.07745095 80.46676767 47.85416532 74.82241666
  85.8064004  71.00103689 82.27541248 80.6196322  80.49191921 54.36727286
  44.94518903 67.09954921 74.59392893 91.46021796 66.68616626]
 [86.9566651  89.59028207 59.91074878 60.65359946 50.30463091 52.83322599
  37.8233163  39.96078105 38.49982317 37.43337921 58.86231117 63.71592937
  43.59761184 42.27288628 36.57908991 37.62779193 60.67908567 65.66867092
  40.26937921 40.46533221 52.34793059 51.22940056 41.28275859 44.62721884
  74.35182435 82.89050175 68.11956521 65.51773285 56.86953315 59.33187069
  37.07626418 41.0964321  67.7660876  68.95372553 59.72386625]
 [73.59477286 73.41622658 71.24564897 76.10373316 47.26621789 48.85635437
  28.00719621 29.91470799 25.00274656 26.01256782 66.49540298 73.15954402
  41.37979079 30.85610539 32.78167054 31.32108369 68.41455327 65.8948089
  43.63287941 29.56316147 60.66892419 63.87640831 39.86291036 47.73037993
  74.30942052 73.97359406 73.95662018 72.43633722 57.76824625 63.28157697
  40.31761429 32.3474778  73.88507311 74.64936022 62.43602298]]