[[3.35589586e+01 3.53540666e+01 4.03210828e+01 3.47825790e+01
  5.81841789e+01 7.65571096e+01 1.46311931e+02 2.53858125e+02
  2.31117739e+02 1.76191113e+02 1.26563697e+01 1.22594797e+01
  1.29096474e+01 1.01885705e+01 6.34626631e+01 7.10640287e+01
  5.25532047e+00 1.87832181e-28 3.14741540e+01 1.85223841e+02
  2.57324996e+01 2.74604347e+01 5.53650437e+01 7.32435433e+01
  2.00656810e+01 2.27041986e+01 3.00283185e+01 1.08155364e+01
  3.54977320e+00 2.91400026e+00 1.27690773e+01 1.01501536e+01
  1.34138751e+01 1.63572029e+01 1.07782966e+01]
 [4.44253706e+01 5.72024734e+01 6.90427513e+00 1.17045227e+01
  8.51502940e+00 5.20449132e+00 1.34099364e+01 9.11203862e+00
  1.90644686e+01 1.29888552e+01 4.66035867e+00 7.09962225e+00
  1.02638379e+01 5.90234569e+00 1.26339738e+01 5.14129982e+00
  3.72748813e+00 6.02315682e-29 4.38804222e+00 1.49075214e+01
  5.45615226e+00 4.44973969e+00 1.48758631e+01 5.48069941e+00
  1.43734632e+01 2.19821501e+01 4.49582325e+01 1.66402290e+01
  1.89114150e+00 1.59401944e+00 5.90459539e+00 2.41937674e+00
  3.17679982e+01 3.51413209e+01 1.58944165e+00]
 [2.12883811e+01 2.43228044e+01 1.02713568e+01 1.02473514e+01
  7.91507652e+00 1.19631649e+01 1.05619508e+01 1.68627853e+01
  2.07203690e+01 1.92936700e+01 5.74445990e+00 3.75764380e+00
  4.16084847e+00 6.65518952e+00 1.30299168e+01 1.61395442e+01
  3.83373634e+00 5.67132671e-29 9.23884539e+00 1.80109946e+01
  5.14896471e+00 7.74891274e+00 9.72397505e+00 1.90600633e+01
  1.40744552e+01 1.75911449e+01 2.06298170e+01 1.01859475e+01
  1.92281006e+00 1.83377871e+00 8.20750508e+00 5.78274992e+00
  1.15817686e+01 1.03770089e+01 1.19360561e+01]
 [1.81809890e+02 1.49267738e+02 5.11499808e+01 4.52430596e+01
  4.80565991e+01 6.36427067e+01 7.08253517e+01 1.12087083e+02
  1.03476603e+02 1.12236420e+02 3.02009303e+01 3.35349651e+01
  8.12230519e+00 1.25506735e+01 3.55478788e+01 5.24431666e+01
  2.17553858e+01 1.23392259e-29 2.82143401e+01 8.99030555e+01
  2.43446574e+01 3.25647507e+01 3.21591683e+01 4.78772646e+01
  9.91187533e+01 6.43403135e+01 1.10300329e+02 7.06821347e+01
  1.03785049e+01 1.04263233e+01 1.17803457e+01 1.09057899e+01
  1.15388719e+02 7.95472852e+01 6.13187111e+00]
 [5.25512551e+01 5.98166090e+01 1.54711690e+01 1.09497549e+01
  1.82965955e+01 1.47289949e+01 2.18345673e+01 3.32117991e+01
  3.01874734e+01 3.00100723e+01 8.19079990e+00 5.54615392e+00
  5.13061270e+00 6.53736983e+00 1.57226968e+01 1.94643039e+01
  6.67948257e+00 2.15267225e-29 1.04984118e+01 2.74858728e+01
  7.81315404e+00 6.81892478e+00 1.31732213e+01 1.52864185e+01
  1.92877122e+01 1.57498584e+01 4.39286030e+01 1.45087190e+01
  3.12997939e+00 2.12163126e+00 5.83635456e+00 5.65939349e+00
  3.69671249e+01 5.05426494e+01 2.86435256e+00]
 [2.95604848e+00 3.66248502e+00 4.57797162e+00 4.65302823e+00
  5.05632985e+00 5.19905790e+00 5.84287004e+00 7.51979470e+00
  8.29395247e+00 8.16788282e+00 2.02934398e+00 2.14187333e+00
  2.45892036e+00 3.09414001e+00 4.44262928e+00 4.74785643e+00
  1.39990061e+00 1.74930364e-30 3.56304074e+00 7.89559036e+00
  4.32250675e+00 3.61550171e+00 3.57452838e+00 5.38654924e+00
  3.16760643e+00 2.75247585e+00 3.33917460e+00 1.84836615e+00
  1.08481993e+00 9.13581464e-01 1.90628989e+00 1.43700599e+00
  1.70212289e+00 1.68350587e+00 4.11712547e+00]
 [2.06767818e+01 1.94791803e+01 2.02700540e+01 1.91122088e+01
  2.98033783e+01 2.43349761e+01 6.89753664e+01 6.82953515e+01
  1.40323754e+02 1.58637275e+02 9.35045972e+00 9.77353682e+00
  7.67884379e+00 6.20266520e+00 4.15567514e+01 4.82336604e+01
  6.84237020e+00 2.00324981e-28 5.20693343e+01 1.41186938e+02
  1.89406583e+01 1.17293826e+01 2.87932551e+01 2.36572895e+01
  1.74672021e+01 1.40410354e+01 1.99676814e+01 1.06135932e+01
  5.12133545e+00 4.54534215e+00 1.28492976e+01 1.28927675e+01
  1.40667792e+01 1.25429321e+01 2.53591816e+01]
 [5.72502239e+01 4.60659226e+01 1.34680566e+01 9.37921817e+00
  5.80674298e+00 8.25041530e+00 1.18831658e+01 1.64989432e+01
  1.39073441e+01 1.35114457e+01 6.20297186e+00 4.42918650e+00
  2.66683974e+00 2.30204856e+00 8.10021569e+00 8.47254571e+00
  4.13997762e+00 1.28771499e-29 5.94280345e+00 1.31813151e+01
  4.43448800e+00 3.52086758e+00 5.69603193e+00 6.15394948e+00
  2.41951583e+01 1.41315419e+01 3.69106949e+01 1.33770648e+01
  1.67420697e+00 1.23018988e+00 3.31606112e+00 2.77685464e+00
  5.07903518e+01 3.69511637e+01 1.11248518e+01]
 [1.03241846e+02 9.44765943e+01 1.57432059e+01 1.95908203e+01
  1.41198735e+01 1.29020982e+01 1.82338635e+01 2.64674950e+01
  2.15224352e+01 2.54859616e+01 9.79700923e+00 1.02817322e+01
  4.48744443e+00 3.61155432e+00 1.15195572e+01 1.33405805e+01
  8.83741082e+00 4.01389320e-29 1.01389139e+01 2.05074560e+01
  9.05119032e+00 8.34241174e+00 1.08881633e+01 1.07507335e+01
  2.49214220e+01 2.61561687e+01 8.16505701e+01 2.35470946e+01
  3.12013825e+00 2.88994917e+00 4.40755136e+00 4.17264538e+00
  4.39590480e+01 5.34615291e+01 2.34360460e+00]
 [6.65929803e+00 5.09597590e+00 6.62322893e+00 8.67592983e+00
  1.14410590e+01 6.45395282e+00 2.12199000e+01 2.65444825e+01
  3.74743629e+01 3.97043704e+01 4.54699178e+00 9.80299686e+00
  1.55693953e+00 2.42889333e+00 1.47028445e+01 1.49334354e+01
  2.29094308e+00 7.74965599e-29 1.15364591e+01 3.44042743e+01
  7.98568901e+00 1.19539590e+01 1.14456041e+01 1.08306471e+01
  7.19087155e+00 1.22773875e+01 5.35856835e+00 4.77310540e+00
  9.05704323e-01 1.71060778e+00 3.09519414e+00 3.00022015e+00
  1.56075727e+01 5.39941028e+00 9.23344747e+01]
 [1.87064096e+01 1.68675944e+01 3.28891559e+01 2.20909998e+01
  4.83433298e+01 2.99452763e+01 5.84528668e+01 3.84369040e+01
  2.85120097e+01 2.59608416e+01 8.43542109e+00 7.54213086e+00
  1.04527545e+01 6.54194128e+00 1.80824086e+01 1.66577877e+01
  5.18793859e+00 1.04704460e-29 9.27677483e+00 2.36002492e+01
  2.01605314e+01 1.39948407e+01 2.90124411e+01 1.91783939e+01
  1.25886523e+01 1.29748577e+01 1.54917650e+01 8.39528224e+00
  3.55035080e+00 2.66168490e+00 5.03493361e+00 4.92772047e+00
  6.90387684e+00 6.65740996e+00 4.14278365e+00]
 [1.76989355e+01 2.28608930e+01 8.94114894e+00 1.16761741e+01
  9.51553402e+00 1.05290073e+01 1.22567391e+01 1.06031111e+01
  2.80244947e+01 2.20140897e+01 4.01991860e+00 5.07200831e+00
  2.46634342e+00 2.91116009e+00 7.95940763e+00 6.49753424e+00
  4.36097119e+00 5.11811321e-30 5.02171142e+00 2.18181685e+01
  5.93366000e+00 6.94871762e+00 6.44616456e+00 6.66473957e+00
  7.59922548e+00 1.01543497e+01 1.95707560e+01 7.43009010e+00
  2.27018772e+00 2.30403780e+00 2.42763978e+00 1.92740635e+00
  3.09476390e+01 2.66210503e+01 8.04200084e+00]
 [4.82544576e+01 5.23517958e+01 1.33260475e+01 1.74196104e+01
  1.20040421e+01 1.10688790e+01 2.40625223e+01 2.43961234e+01
  3.17780131e+01 2.67530666e+01 7.91046826e+00 9.06793472e+00
  5.37546223e+00 4.11432330e+00 1.81954538e+01 1.52218179e+01
  6.92030632e+00 5.46571763e-29 9.09251841e+00 2.20767234e+01
  8.23295848e+00 8.39453598e+00 1.35817445e+01 1.22969695e+01
  1.78464469e+01 2.06698331e+01 3.97745176e+01 1.46090936e+01
  2.87043461e+00 2.75452278e+00 6.71185616e+00 3.91786538e+00
  2.33719085e+01 1.79239228e+01 1.47242598e+01]
 [1.85327801e+02 1.81333686e+02 7.42078522e+01 7.20948953e+01
  5.63803136e+01 6.21524840e+01 8.35255278e+01 9.65253745e+01
  5.84132356e+01 7.64391026e+01 3.92993220e+01 4.40076177e+01
  1.36625468e+01 2.12203696e+01 5.39279088e+01 3.91031103e+01
  3.53455769e+01 2.11679042e-28 3.14223807e+01 4.85801260e+01
  4.15417320e+01 4.36628198e+01 4.45213348e+01 4.66298216e+01
  7.73107235e+01 8.12636206e+01 1.53497357e+02 6.29375452e+01
  1.36445310e+01 1.58501548e+01 2.20527946e+01 1.43967907e+01
  1.83724292e+02 1.06574631e+02 1.03063644e+01]
 [5.45459831e+01 6.57031246e+01 2.51804773e+01 2.82752746e+01
  2.95242262e+01 2.29451672e+01 7.75808040e+01 7.95520744e+01
  1.07986596e+02 9.88910110e+01 1.42170458e+01 1.83850090e+01
  1.78524906e+01 1.19300368e+01 6.28092456e+01 5.64333311e+01
  1.76325762e+01 1.88920367e-29 3.81845120e+01 8.59579337e+01
  1.56252127e+01 1.56329508e+01 4.21360327e+01 3.13783372e+01
  2.97230924e+01 4.51071671e+01 5.68193055e+01 2.92851049e+01
  7.11323911e+00 7.96760371e+00 2.63828459e+01 1.45670564e+01
  2.25195342e+01 2.00193297e+01 3.30764850e+01]
 [2.08522623e+01 2.92578509e+01 6.44606385e+00 6.57370006e+00
  5.96659472e+00 5.89952549e+00 1.03622035e+01 1.41463542e+01
  3.21392828e+01 2.64666184e+01 4.08982634e+00 4.48590591e+00
  1.96188102e+00 2.00554652e+00 7.86134175e+00 9.34236230e+00
  3.80315456e+00 1.14722723e-29 5.31457888e+00 2.58108242e+01
  4.45132089e+00 4.46207331e+00 5.83002439e+00 6.82240301e+00
  9.01385715e+00 1.31218062e+01 2.16759935e+01 8.76108287e+00
  1.52734058e+00 1.20261038e+00 2.40716655e+00 2.55684521e+00
  1.36955435e+01 1.82081307e+01 7.78608747e+00]
 [1.39853625e+01 1.45772988e+01 8.36123726e+00 9.43376911e+00
  9.50776380e+00 1.03757916e+01 2.28038995e+01 2.09237623e+01
  4.00466165e+01 3.11640531e+01 2.89723291e+00 4.38141183e+00
  3.44684894e+00 4.42971698e+00 1.60948041e+01 1.27732065e+01
  2.31254330e+00 1.00478305e-29 8.02229312e+00 3.50531556e+01
  5.24789407e+00 5.99838638e+00 1.06794520e+01 1.04606756e+01
  9.54510289e+00 9.93565089e+00 1.14257765e+01 4.41804764e+00
  1.17819818e+00 1.50893645e+00 4.89936180e+00 3.57098889e+00
  4.20956358e+00 3.84416157e+00 2.22305961e+00]
 [5.17202320e+01 6.60908259e+01 2.69884319e+01 3.21183519e+01
  3.51448686e+01 4.23469337e+01 4.88485026e+01 5.70846652e+01
  6.04331289e+01 6.10925835e+01 1.25423364e+01 1.75364294e+01
  1.39635889e+01 2.12492244e+01 4.29219845e+01 4.38799744e+01
  1.34631737e+01 4.58658395e-29 3.05753266e+01 5.15996835e+01
  1.73812027e+01 2.17922532e+01 3.69298908e+01 4.34395826e+01
  2.25589421e+01 2.93030904e+01 4.58931621e+01 2.40448468e+01
  6.17405324e+00 6.20521514e+00 2.20043281e+01 2.23754917e+01
  3.42541110e+01 2.90836791e+01 1.00461709e+01]
 [2.65958079e+01 2.78208133e+01 1.74885062e+01 1.43903535e+01
  3.15073010e+01 2.79616922e+01 3.02380553e+01 3.78263739e+01
  3.06182161e+01 3.41913771e+01 7.92884963e+00 8.69019761e+00
  6.72307703e+00 5.16942319e+00 1.99773269e+01 2.51889132e+01
  5.96701644e+00 3.19158584e-29 1.97790380e+01 3.28347538e+01
  1.45079780e+01 9.65322578e+00 2.51278676e+01 2.50085913e+01
  1.31676087e+01 1.46728073e+01 2.32690778e+01 1.13353137e+01
  3.13347450e+00 3.34307935e+00 8.44817252e+00 7.19419972e+00
  7.22751935e+00 7.85284892e+00 4.38304563e+01]
 [5.79949214e+00 5.78614673e+00 7.83591114e+00 5.36592722e+00
  1.48396557e+01 9.51585134e+00 1.97723882e+01 1.40474377e+01
  3.01701407e+01 2.37465991e+01 2.92461686e+00 3.22050110e+00
  6.92843181e+00 8.15113883e+00 1.66736296e+01 9.52008599e+00
  1.94400871e+00 3.01621559e-29 8.41668424e+00 2.71567394e+01
  7.09234027e+00 5.01197924e+00 1.53890708e+01 9.36776149e+00
  3.15869250e+00 2.67336860e+00 3.76482887e+00 2.05773611e+00
  1.60511921e+00 1.39984267e+00 6.52371873e+00 4.13722037e+00
  9.05963026e+00 4.56745882e+00 2.56769397e+01]]