[[7.45483236e+00 1.09806509e+01 7.31536706e+00 6.57241879e+00
  1.14571006e+01 1.17916290e+01 1.28193625e+01 1.46749158e+01
  1.52792816e+01 1.19207740e+01 3.39703861e+00 3.26939989e+00
  4.80778097e+00 2.52764672e+00 6.43792369e+00 6.64721495e+00
  1.72902017e+00 4.17489561e-29 4.20659820e+00 1.25623537e+01
  7.62178604e+00 5.40588752e+00 7.33420294e+00 7.52460698e+00
  6.63939419e+00 7.09075038e+00 6.82937075e+00 2.51848366e+00
  1.18665970e+00 1.19445794e+00 2.07713448e+00 1.67673706e+00
  6.54172302e+00 7.31000331e+00 7.14382810e+00]
 [7.51728158e+01 9.04608899e+01 1.29544954e+01 2.08310925e+01
  6.48514775e+00 7.37768222e+00 5.31221004e+00 5.93630617e+00
  7.97215356e+00 1.10623381e+01 9.56627542e+00 2.29498704e+01
  1.60154422e+00 2.08784130e+00 3.39900512e+00 3.29458125e+00
  5.41738212e+00 9.07815896e-29 2.23242902e+00 9.87574807e+00
  6.78958128e+00 1.26173622e+01 3.43894602e+00 3.02275869e+00
  3.62105530e+01 5.38603876e+01 8.39623858e+01 3.16615738e+01
  1.97345700e+00 2.84644428e+00 1.29625845e+00 1.02696292e+00
  5.46429421e+01 5.38888170e+01 2.68308823e+00]
 [4.92642671e+01 8.45011654e+01 1.68883880e+01 7.81670193e+01
  1.17000952e+01 1.12684790e+01 1.19556462e+01 1.26654951e+01
  1.43548457e+01 1.34162562e+01 1.01697540e+01 1.02579752e+01
  3.97052814e+00 5.45755466e+00 9.59470977e+00 8.63723919e+00
  6.25193719e+00 4.95873936e-29 6.74861114e+00 1.31955478e+01
  7.82063060e+00 7.27580733e+01 8.95880926e+00 9.39755009e+00
  4.39643068e+01 1.10036375e+02 5.30770201e+01 2.78141152e+01
  2.64753617e+00 3.88325583e+00 4.38050703e+00 2.97547561e+00
  2.97158222e+01 7.28285158e+01 5.79779194e+01]
 [1.07659805e+03 5.04170526e+02 1.04947402e+02 6.38633329e+01
  8.45979430e+01 1.73134945e+02 3.53514798e+01 3.07117360e+01
  3.69275033e+01 3.40737237e+01 9.51858205e+01 1.34703229e+02
  7.36832171e+00 5.78567393e+00 1.33184297e+01 1.44444493e+01
  3.58208680e+01 1.59835579e-29 1.08683111e+01 3.16513155e+01
  1.95353098e+01 6.54303369e+01 1.71433714e+01 1.99980563e+01
  5.94602103e+02 2.12392005e+02 2.71970701e+02 2.73963402e+02
  2.19946804e+01 2.39993568e+01 4.16223985e+00 4.45242556e+00
  6.65704970e+02 4.12452551e+02 5.70067491e+00]
 [8.19352541e+01 8.87005394e+01 2.14960995e+01 1.22649003e+01
  4.79770552e+01 1.29431814e+01 1.58432794e+01 1.98042440e+01
  2.49486416e+01 2.17718573e+01 1.13509059e+01 8.58847597e+00
  7.27745917e+00 4.74554597e+00 1.01405324e+01 1.18936448e+01
  5.95026344e+00 2.17054574e-29 6.14066479e+00 2.13658960e+01
  1.14605092e+01 7.22515712e+00 1.61812551e+01 1.09811295e+01
  3.17659490e+01 3.28053738e+01 6.01232727e+01 1.66391618e+01
  3.07461108e+00 2.30905307e+00 3.71345165e+00 3.24464224e+00
  5.94263472e+01 7.66527795e+01 3.81346008e+00]
 [4.21346202e+00 8.89759228e+00 1.08490716e+01 1.41463566e+01
  1.23928250e+01 3.69995977e+00 5.17695185e+00 4.69675579e+00
  5.66556072e+00 5.65976588e+00 4.00512468e+00 2.43903427e+00
  3.55599053e+00 1.37749640e+00 3.27080266e+00 2.60291139e+00
  1.20600570e+00 2.15597357e-30 1.75857289e+00 5.45413193e+00
  2.57066683e+01 2.59987652e+00 6.41491044e+00 2.81377078e+00
  1.31685652e+01 3.95362850e+00 4.93340131e+00 1.81992184e+00
  1.22018551e+00 8.26641384e-01 1.44605355e+00 9.12653869e-01
  1.09824545e+01 1.15110827e+01 5.89382476e+00]
 [1.24738689e+01 1.32894451e+01 1.53672615e+01 1.51205334e+01
  2.35636350e+01 3.06827377e+01 2.22061470e+01 2.49824903e+01
  2.87329225e+01 2.79225892e+01 9.90463623e+00 9.50402624e+00
  8.51381884e+00 7.74852540e+00 1.35523118e+01 1.32879305e+01
  5.98415555e+00 5.77764095e-29 1.02556616e+01 2.77840749e+01
  1.40141692e+01 1.10552877e+01 1.38384320e+01 1.70469085e+01
  1.36290508e+01 1.15471134e+01 1.24021680e+01 8.13482633e+00
  5.81924405e+00 5.03206032e+00 5.28890783e+00 4.51196883e+00
  2.25560748e+01 1.88488431e+01 3.57743584e+01]
 [9.59516621e+01 7.93847792e+01 1.80534746e+01 7.98519516e+00
  6.72234081e+00 1.57736180e+01 1.62145706e+01 1.89645137e+01
  1.02223450e+01 1.31172477e+01 9.78794431e+00 7.97153662e+00
  2.31153004e+00 2.02701874e+00 4.74468949e+00 6.47494315e+00
  4.87580355e+00 2.32624769e-29 3.47847465e+00 1.04480317e+01
  4.92268908e+00 3.21278824e+00 4.35216115e+00 7.09434998e+00
  3.86269251e+01 2.98515982e+01 6.23602999e+01 2.18996036e+01
  1.70470970e+00 1.37556452e+00 1.68454972e+00 1.72273180e+00
  9.17438220e+01 6.65631827e+01 2.54775360e+01]
 [5.67115944e+01 5.47607635e+01 9.91850803e+00 1.01631721e+01
  5.83344908e+00 5.17804825e+00 7.42782391e+00 8.27965896e+00
  9.74579678e+00 1.10614076e+01 4.75084758e+00 5.58886832e+00
  2.14637747e+00 2.12895037e+00 4.62694096e+00 4.53735477e+00
  3.95771590e+00 1.76654355e-29 3.18278991e+00 1.02660826e+01
  4.08738607e+00 5.02545746e+00 4.81936018e+00 4.44510753e+00
  1.57795632e+01 1.32170159e+01 4.44710275e+01 1.10619144e+01
  1.50673972e+00 1.78893081e+00 1.86849619e+00 1.52039349e+00
  2.56861392e+01 3.24019774e+01 1.87961108e+00]
 [2.69354797e+01 1.01759286e+01 1.49655658e+01 1.24953333e+01
  1.28153786e+01 6.97842502e+00 1.08923417e+01 1.40631386e+01
  9.27612478e+00 1.21559797e+01 1.04938497e+01 1.43377549e+01
  1.61693248e+00 2.12879244e+00 3.76910240e+00 3.46737109e+00
  2.77447351e+00 6.95022525e-29 2.65836669e+00 1.29982746e+01
  1.21996855e+01 1.74594900e+01 1.06069270e+01 8.96609566e+00
  3.15125571e+01 1.74754892e+01 8.51774243e+00 7.64927964e+00
  1.37285624e+00 2.37625285e+00 1.33957764e+00 1.16974456e+00
  3.73037381e+01 1.00768863e+01 1.03698975e+02]
 [6.97349472e+00 6.59744550e+00 9.57218632e+00 8.59820677e+00
  8.84701568e+00 8.05828302e+00 9.73682608e+00 1.07336346e+01
  1.16600767e+01 1.03850212e+01 4.71217917e+00 5.75512270e+00
  6.49933922e+00 4.83416034e+00 6.48804679e+00 6.15688454e+00
  2.96797661e+00 3.78553959e-30 3.82707522e+00 1.02523255e+01
  6.48706551e+00 6.49818855e+00 6.88491574e+00 6.75124675e+00
  5.53368087e+00 7.73316736e+00 7.81218458e+00 4.49517615e+00
  1.96275914e+00 2.04469012e+00 2.99578319e+00 2.82541977e+00
  5.25444198e+00 5.05532255e+00 2.81397719e+00]
 [3.17761589e+01 4.69684819e+01 1.04582485e+01 1.26152902e+01
  2.21933548e+01 2.79363711e+01 1.19356807e+01 1.27102816e+01
  2.10391874e+01 1.81749328e+01 5.97427693e+00 6.80518128e+00
  4.04402886e+00 4.48714184e+00 7.55901668e+00 7.44129829e+00
  4.76954640e+00 6.82570041e-30 4.88875705e+00 1.77888446e+01
  9.49598496e+00 9.09948811e+00 7.79325147e+00 1.50989962e+01
  1.38007108e+01 1.90651264e+01 3.62501605e+01 1.03244546e+01
  2.66144926e+00 2.61497177e+00 2.64673657e+00 2.27164720e+00
  5.13035232e+01 4.72446376e+01 1.63132822e+01]
 [5.61131098e+01 5.08860471e+01 1.97614446e+01 2.25019136e+01
  1.35511478e+01 1.17370798e+01 1.62645960e+01 1.40328732e+01
  1.86898805e+01 1.80011499e+01 1.20658304e+01 1.32816967e+01
  5.76465469e+00 4.56148860e+00 1.03062940e+01 8.06445565e+00
  8.29694410e+00 5.57522095e-29 6.42747625e+00 1.74113513e+01
  1.23075749e+01 1.26481610e+01 1.08306591e+01 9.09064169e+00
  2.25305334e+01 2.41394226e+01 4.23969278e+01 1.64174387e+01
  4.03886205e+00 4.02319021e+00 4.18268799e+00 2.69333587e+00
  3.35203108e+01 2.07621527e+01 1.27014859e+01]
 [1.28958750e+02 1.38205703e+02 2.23615527e+01 2.74431237e+01
  2.10660546e+01 1.99314150e+01 2.84220705e+01 2.77536550e+01
  2.67476873e+01 3.20227699e+01 1.26987562e+01 1.63133689e+01
  6.10483368e+00 7.07703446e+00 1.61678011e+01 1.34121402e+01
  1.07973290e+01 5.40914306e-29 9.09695200e+00 2.47498491e+01
  1.37066953e+01 1.37136454e+01 1.61559983e+01 1.53238990e+01
  3.34402149e+01 4.44822635e+01 1.02617497e+02 2.48182261e+01
  4.87916740e+00 5.48017272e+00 5.06490326e+00 4.20623864e+00
  1.89509115e+02 9.86439221e+01 1.00959515e+01]
 [2.54881829e+01 2.89176247e+01 8.45829435e+00 8.11202157e+00
  9.30929878e+00 7.60704194e+00 1.54293771e+01 1.39036743e+01
  2.00248651e+01 1.72708407e+01 4.68388960e+00 5.90870839e+00
  3.89401265e+00 3.00563010e+00 1.09810892e+01 7.67057340e+00
  4.34530207e+00 1.59983173e-29 5.15571349e+00 1.67443014e+01
  5.03517671e+00 4.88956797e+00 9.55920837e+00 7.03938956e+00
  1.05774632e+01 1.72219811e+01 2.56983695e+01 9.26366659e+00
  2.10732689e+00 2.35408872e+00 4.33871783e+00 2.18976356e+00
  1.92270073e+01 1.69792386e+01 2.35033853e+01]
 [9.92548647e+00 1.77087264e+01 4.43063465e+00 4.22776495e+00
  3.96844103e+00 3.56764611e+00 4.58050622e+00 6.22465286e+00
  9.01429055e+00 8.91782187e+00 2.97186263e+00 3.24900476e+00
  1.21254085e+00 1.35675727e+00 2.84881720e+00 3.23535738e+00
  2.21402603e+00 6.35539447e-30 1.72077301e+00 8.13664070e+00
  3.42632113e+00 3.50619907e+00 2.84310812e+00 3.55852787e+00
  5.33987813e+00 9.92325469e+00 1.28984829e+01 7.02874181e+00
  1.15210048e+00 8.66257733e-01 1.03788423e+00 1.02151101e+00
  8.59702170e+00 1.42993753e+01 6.38694836e+00]
 [1.35949597e+01 2.79312472e+01 1.09886368e+01 1.15664700e+01
  1.79156129e+01 1.96560155e+01 9.91518047e+00 9.67737229e+00
  1.21766741e+01 1.35658527e+01 9.97869869e+00 1.37655332e+01
  3.40409191e+00 4.29381797e+00 5.19378623e+00 6.29417162e+00
  2.00832963e+00 8.26193343e-30 2.84510832e+00 1.27653111e+01
  1.56129085e+01 1.02834107e+01 7.72031799e+00 9.95007581e+00
  5.57807545e+01 3.98317560e+01 1.62318043e+01 4.54227684e+00
  1.83291119e+00 1.47240734e+00 1.95509239e+00 1.89799150e+00
  1.16031876e+01 7.99932266e+00 4.19656531e+00]
 [3.45714045e+01 4.93416810e+01 1.27923567e+01 1.58973716e+01
  1.44838265e+01 1.76984658e+01 1.86751173e+01 2.45389360e+01
  2.92385184e+01 3.42682974e+01 7.20026335e+00 1.11115132e+01
  5.55621366e+00 6.63831764e+00 1.46675992e+01 1.55047268e+01
  6.31638960e+00 1.76782751e-29 1.09936912e+01 2.94051830e+01
  9.26435267e+00 1.01485652e+01 1.30314689e+01 1.55319952e+01
  1.27015687e+01 1.87165617e+01 3.13683648e+01 1.34129119e+01
  3.49638066e+00 4.18726070e+00 6.49418774e+00 6.12558290e+00
  3.36877964e+01 2.56983347e+01 1.12006151e+01]
 [1.60057053e+01 2.07297274e+01 7.30222322e+00 7.45432249e+00
  7.83481063e+00 1.08471348e+01 7.44338710e+00 7.81934340e+00
  7.27612184e+00 7.47447233e+00 3.70273999e+00 4.36128383e+00
  1.80482766e+00 1.90873843e+00 3.88689995e+00 3.97861769e+00
  2.64885247e+00 1.20422641e-29 3.11042767e+00 7.13436016e+00
  4.74443721e+00 4.69498706e+00 4.81666206e+00 4.85849305e+00
  6.57272960e+00 8.48936378e+00 1.51861176e+01 5.75552313e+00
  1.30734505e+00 1.39906297e+00 1.76657361e+00 1.52776449e+00
  7.05244049e+00 8.31793246e+00 5.20576287e+01]
 [5.60189055e+00 6.95455533e+00 7.55654879e+00 6.63176302e+00
  2.91916227e+01 2.26238746e+01 1.79028827e+01 1.52115952e+01
  1.80864612e+01 1.49504952e+01 3.22969207e+00 4.03880127e+00
  3.92152431e+00 5.22637032e+00 7.48378478e+00 6.97389334e+00
  1.85676794e+00 1.74203919e-29 3.83885742e+00 1.61453171e+01
  9.18509450e+00 6.82741451e+00 8.93339146e+00 1.03768559e+01
  3.19040520e+00 3.58689376e+00 3.96903558e+00 2.44270533e+00
  1.45842005e+00 1.54472113e+00 2.67782563e+00 2.17267953e+00
  7.95329848e+00 6.46591237e+00 2.40667065e+01]]