[[1.24255290e+01 1.96239675e+01 1.83959968e+01 1.45148992e+01
  1.59208555e+01 1.62415499e+01 2.59226837e+01 2.67950541e+01
  2.78236069e+01 2.11999724e+01 5.85215348e+00 5.44978550e+00
  4.52534178e+00 2.85628099e+00 1.06557846e+01 9.30709663e+00
  3.76124645e+00 7.31903514e-29 6.30155340e+00 2.21997442e+01
  1.01237391e+01 7.84738509e+00 1.15795112e+01 9.97617413e+00
  1.35803321e+01 1.65041151e+01 1.19549095e+01 4.59667756e+00
  2.18965771e+00 1.90649997e+00 3.02793210e+00 2.03215781e+00
  2.18554750e+01 3.96690172e+01 1.01430748e+01]
 [1.09278127e+02 1.30344638e+02 2.75323924e+01 3.83267153e+01
  1.67269038e+01 1.58606220e+01 1.70051043e+01 1.81910935e+01
  2.33410358e+01 2.36215872e+01 1.19228612e+01 1.63131669e+01
  5.19475714e+00 5.16798920e+00 9.97112917e+00 1.08717294e+01
  9.95556483e+00 1.97647061e-28 7.55135709e+00 2.43971672e+01
  1.53680162e+01 1.53310678e+01 1.13772821e+01 1.13001061e+01
  3.64978316e+01 5.54430804e+01 1.07875778e+02 4.15587074e+01
  4.27724662e+00 3.38210565e+00 3.72224561e+00 3.81247666e+00
  6.11232127e+01 7.28414045e+01 1.66638382e+00]
 [2.77076549e+01 3.26465476e+01 1.40465330e+01 9.93215759e+00
  8.26992988e+00 6.75255458e+00 9.39894546e+00 8.42685287e+00
  8.60400430e+00 8.17798557e+00 5.81090648e+00 4.36076942e+00
  2.05953096e+00 1.77494843e+00 4.26989916e+00 4.26880982e+00
  4.04778015e+00 2.89923287e-29 2.87328002e+00 8.01373636e+00
  5.51046488e+00 5.97214749e+00 5.26105213e+00 4.96638103e+00
  1.47398964e+01 2.09312958e+01 2.63762387e+01 1.27323340e+01
  1.43648942e+00 1.68285267e+00 1.63180630e+00 1.39148348e+00
  1.39340097e+01 1.63731891e+01 6.42131734e+01]
 [8.01130868e+01 4.82369318e+01 2.54812479e+01 2.21493414e+01
  1.86302187e+01 2.65932557e+01 1.94587970e+01 2.92592419e+01
  2.53015880e+01 2.64299625e+01 1.41120785e+01 1.05973920e+01
  3.54089317e+00 5.40813262e+00 8.97144463e+00 1.31661119e+01
  6.71803128e+00 4.24197684e-30 6.40623801e+00 2.38176077e+01
  1.10661068e+01 1.53282677e+01 1.09995992e+01 1.65146480e+01
  4.40250226e+01 1.71544767e+01 4.43189428e+01 2.61955177e+01
  4.63197580e+00 3.41899986e+00 2.94691395e+00 3.16638832e+00
  6.47308045e+01 4.53329812e+01 3.08414002e+00]
 [1.35235030e+02 1.31809369e+02 2.33761274e+01 1.35915481e+01
  1.31901918e+01 1.29323749e+01 1.67952667e+01 1.81917904e+01
  1.92959281e+01 1.81964433e+01 1.21488717e+01 6.70013981e+00
  3.59813128e+00 3.28990965e+00 8.46861924e+00 9.25579034e+00
  9.03416683e+00 2.27806036e-29 5.69913343e+00 1.82606760e+01
  9.58996170e+00 6.91777099e+00 8.73419564e+00 9.19302945e+00
  3.80922892e+01 2.57529240e+01 9.99519754e+01 2.71785630e+01
  3.58109009e+00 2.02207108e+00 2.36652454e+00 2.73089103e+00
  1.19762594e+02 1.31814918e+02 1.78711364e+00]
 [4.49527801e+00 5.60305797e+00 6.98713296e+00 6.45189133e+00
  7.31998869e+00 6.05282316e+00 6.35193341e+00 6.91573141e+00
  6.91138458e+00 7.17168741e+00 3.28630149e+00 2.89256875e+00
  2.28308588e+00 1.77377081e+00 3.83649820e+00 3.63914001e+00
  2.49065864e+00 1.53187395e-30 2.40483849e+00 6.81068966e+00
  5.45449482e+00 3.89361090e+00 4.28774134e+00 4.24451569e+00
  4.01784409e+00 4.01315616e+00 5.43751447e+00 2.94956667e+00
  1.71362095e+00 1.13588640e+00 1.71110153e+00 1.23392645e+00
  2.46379823e+00 2.01365394e+00 4.67281530e+00]
 [1.03015319e+01 1.51256959e+01 1.78995149e+01 1.67723914e+01
  1.83033739e+01 1.55159864e+01 2.36897010e+01 1.94401171e+01
  2.53133303e+01 2.57936616e+01 7.70316224e+00 8.65111596e+00
  6.28625544e+00 5.73441192e+00 1.42336589e+01 1.21562337e+01
  8.78479271e+00 5.23144284e-29 1.08131542e+01 2.41979125e+01
  2.85291372e+01 1.02202056e+01 1.48422669e+01 1.20504066e+01
  2.09656303e+01 1.39677051e+01 1.25254956e+01 1.05886005e+01
  4.66166817e+00 4.00034689e+00 4.96829706e+00 4.06332904e+00
  3.14718072e+01 2.17727584e+01 3.22200007e+01]
 [1.43304118e+02 1.06216575e+02 4.13447299e+01 2.72534819e+01
  8.70154513e+00 1.12576855e+01 1.08381220e+01 1.52981991e+01
  1.16065272e+01 1.11035203e+01 1.50610517e+01 7.82810297e+00
  3.27213607e+00 3.10691396e+00 5.74513228e+00 7.13516381e+00
  9.38020515e+00 1.69913111e-29 4.40321483e+00 1.08706179e+01
  1.09079888e+01 6.34928869e+00 5.99793322e+00 7.66693261e+00
  6.21938307e+01 2.81598315e+01 8.94245626e+01 3.02644867e+01
  3.47123956e+00 2.23415927e+00 1.91883198e+00 2.37690446e+00
  1.22671036e+02 9.75202087e+01 1.11165861e+01]
 [1.39139748e+02 1.29386954e+02 1.02203013e+01 1.83318197e+01
  8.00421870e+00 6.35919673e+00 1.13044798e+01 9.89914247e+00
  1.22511348e+01 1.20112619e+01 7.28458431e+00 9.19053482e+00
  2.55018238e+00 1.75832691e+00 5.74469528e+00 4.12252609e+00
  8.06889750e+00 3.37958347e-29 3.59933131e+00 1.27254981e+01
  5.58654120e+00 6.36234656e+00 6.25833985e+00 4.49879515e+00
  2.60175837e+01 2.99206031e+01 1.10736708e+02 2.55562956e+01
  2.21025143e+00 2.18343259e+00 2.18098170e+00 1.32187437e+00
  6.29308722e+01 9.67243585e+01 2.22562344e+00]
 [7.10239934e+00 6.78356091e+00 8.11386797e+00 9.72960503e+00
  1.00913418e+01 5.74774743e+00 8.42653124e+00 9.65923994e+00
  7.51178545e+00 9.29604757e+00 4.84608392e+00 1.05050121e+01
  1.76037397e+00 2.30859758e+00 3.96611875e+00 3.21103558e+00
  2.08388280e+00 4.22452508e-29 2.66527465e+00 1.04249710e+01
  7.11871671e+00 1.12243722e+01 7.34922747e+00 5.79001132e+00
  5.86635084e+00 1.25274025e+01 5.99207035e+00 4.62595693e+00
  1.04527991e+00 1.80588946e+00 1.51703292e+00 1.38018878e+00
  1.57398800e+01 6.47966397e+00 4.93014901e+01]
 [2.18262768e+01 1.92172446e+01 3.28643023e+01 2.66061893e+01
  2.58038013e+01 2.03821649e+01 1.48441656e+01 1.35650087e+01
  1.28440794e+01 1.21061269e+01 8.81601270e+00 7.33010020e+00
  3.24584469e+00 3.60793314e+00 5.92521134e+00 5.78735685e+00
  8.47542444e+00 9.91675426e-30 3.31914845e+00 1.17771911e+01
  1.50745593e+01 1.33945843e+01 9.41217956e+00 9.04331660e+00
  1.47715713e+01 1.42485985e+01 2.08817247e+01 1.60128099e+01
  3.19884100e+00 2.22762366e+00 1.94635482e+00 2.18059528e+00
  8.55502212e+00 9.60070504e+00 3.35340979e+00]
 [3.64482847e+01 5.02913098e+01 2.54625761e+01 3.58078708e+01
  2.00740732e+01 2.31331685e+01 1.94223936e+01 2.05659104e+01
  2.74351005e+01 2.82981273e+01 9.70865246e+00 1.31958553e+01
  6.04041658e+00 5.47230343e+00 1.15197930e+01 1.20546062e+01
  1.11011078e+01 1.33195473e-29 8.58460443e+00 2.69728913e+01
  1.53522973e+01 1.58665435e+01 1.45738951e+01 1.52877305e+01
  1.54845643e+01 2.46939693e+01 4.20523899e+01 1.71593120e+01
  5.84133017e+00 4.89308713e+00 4.45534067e+00 4.12609093e+00
  6.59183867e+01 6.02174180e+01 8.44816228e+00]
 [4.21073233e+01 4.05350994e+01 7.81629952e+00 8.98866683e+00
  6.67616343e+00 4.91313497e+00 7.50225501e+00 6.17507329e+00
  7.46803460e+00 6.85697404e+00 3.66067574e+00 4.44384067e+00
  2.26134759e+00 1.29803884e+00 4.23021984e+00 3.06322280e+00
  3.66090895e+00 2.71843554e-29 2.36948328e+00 7.18760319e+00
  3.86669301e+00 3.69656536e+00 4.96778382e+00 3.65187274e+00
  1.15880436e+01 1.31238726e+01 3.14733199e+01 9.10062028e+00
  1.30214018e+00 1.32818925e+00 1.56489509e+00 9.75279467e-01
  1.40465854e+01 2.57430435e+01 4.64512851e+00]
 [3.74926001e+02 3.52514809e+02 1.21022272e+02 1.00608633e+02
  1.05398093e+02 9.78691696e+01 1.00677930e+02 1.10045787e+02
  7.16481746e+01 7.62892612e+01 6.29956304e+01 5.68171304e+01
  2.22559227e+01 2.39844665e+01 5.60004366e+01 3.79616918e+01
  5.18159649e+01 2.59461058e-28 3.90330763e+01 6.70392204e+01
  7.05109240e+01 6.02301082e+01 6.94827127e+01 6.09784018e+01
  1.25860897e+02 1.20685454e+02 2.92723548e+02 9.70474196e+01
  2.19191570e+01 2.09797076e+01 2.16160814e+01 1.15729291e+01
  4.95882711e+02 3.01912426e+02 1.53311252e+01]
 [4.53746260e+01 3.63816786e+01 1.60005226e+01 1.34178753e+01
  1.31641829e+01 9.77660042e+00 1.88472098e+01 1.84444011e+01
  1.87630259e+01 1.95613810e+01 6.04393588e+00 6.89514911e+00
  3.23814271e+00 3.04885176e+00 9.84520170e+00 9.98242710e+00
  5.23805407e+00 2.43479477e-29 5.79498950e+00 1.65875784e+01
  7.97516915e+00 7.12743607e+00 1.02415636e+01 7.89597097e+00
  1.71727593e+01 2.16426698e+01 3.55232871e+01 1.19136017e+01
  2.44283360e+00 2.59014759e+00 3.49769388e+00 2.54037808e+00
  3.10566737e+01 1.97624937e+01 2.35336490e+01]
 [2.08558266e+01 3.98811932e+01 1.43789514e+01 1.71604928e+01
  1.24847523e+01 1.15923453e+01 1.13821524e+01 1.14745066e+01
  1.17816628e+01 1.20529079e+01 6.77869754e+00 8.22804946e+00
  3.15788700e+00 3.26017476e+00 5.98741479e+00 5.24553649e+00
  5.86819578e+00 1.89455315e-29 3.24250932e+00 1.15075283e+01
  9.93255786e+00 1.24582744e+01 7.78205579e+00 8.77573347e+00
  1.16194511e+01 2.00747379e+01 2.73048682e+01 1.39423434e+01
  2.47435211e+00 2.04979940e+00 2.08552400e+00 1.66695771e+00
  1.45604501e+01 2.40605703e+01 8.61301959e+00]
 [1.19267044e+01 1.18883822e+01 1.01062675e+01 9.10319725e+00
  8.51404405e+00 7.73670916e+00 1.15586682e+01 9.46345003e+00
  1.22926209e+01 1.05861828e+01 3.41016836e+00 3.84958051e+00
  2.87398113e+00 2.86471046e+00 6.68073066e+00 4.96435093e+00
  2.42015226e+00 4.91890353e-30 3.35355102e+00 1.05726363e+01
  5.75672783e+00 5.22153188e+00 6.35913135e+00 5.61732685e+00
  7.99295207e+00 8.10825374e+00 9.33513506e+00 4.10094630e+00
  1.51631351e+00 1.26746951e+00 1.94809495e+00 1.54723465e+00
  2.82392881e+00 4.72187699e+00 2.49847501e+00]
 [8.66584648e+01 1.25884745e+02 4.28721411e+01 5.62724108e+01
  3.89152650e+01 3.95329797e+01 4.03976764e+01 3.68270754e+01
  4.24182442e+01 3.82478475e+01 1.71648632e+01 2.45594256e+01
  1.31570779e+01 1.31665739e+01 3.08823511e+01 1.94811669e+01
  1.48332313e+01 4.57736428e-29 1.72983414e+01 3.87092579e+01
  2.44580715e+01 2.52735965e+01 3.05758037e+01 2.61737599e+01
  3.32720050e+01 5.05445236e+01 7.81752462e+01 3.48637453e+01
  6.84238694e+00 6.68106578e+00 1.35861332e+01 8.51145752e+00
  6.76696020e+01 6.97234339e+01 1.22680103e+01]
 [3.68411378e+01 4.89527581e+01 2.93537738e+01 2.93802930e+01
  5.11551231e+01 4.13375885e+01 5.60150667e+01 4.63752465e+01
  3.78527892e+01 3.49409510e+01 1.19480327e+01 1.55003078e+01
  1.19288186e+01 8.03380718e+00 2.41638775e+01 2.06026415e+01
  9.94332707e+00 2.32367511e-29 1.15023808e+01 3.44318982e+01
  2.31366497e+01 1.93050440e+01 4.24283690e+01 3.20320517e+01
  1.84559749e+01 2.65249670e+01 3.55759291e+01 1.76018743e+01
  4.70416955e+00 5.23083776e+00 7.88732671e+00 5.70449575e+00
  1.76133901e+01 2.10142791e+01 6.18568572e+01]
 [6.34374707e+00 4.06270048e+00 1.06861734e+01 9.13801302e+00
  1.11340630e+01 1.17545391e+01 1.07565956e+01 1.13525108e+01
  1.12746352e+01 1.13766771e+01 4.79380310e+00 5.75046832e+00
  4.09915306e+00 3.85551068e+00 6.28400326e+00 6.14016339e+00
  3.85243372e+00 9.84070923e-30 4.78489603e+00 1.10302586e+01
  7.51267785e+00 6.99780178e+00 7.33719511e+00 8.27255817e+00
  4.61071161e+00 3.35326112e+00 2.38156747e+00 3.51077011e+00
  2.58596833e+00 2.13111987e+00 2.91228414e+00 2.34611843e+00
  1.29289328e+01 8.78866181e+00 9.02339981e+00]]