[[ 1.17181618  0.49823581  1.46903004  2.00047186  1.85123975  1.57805995
   4.84902753  4.02773769  4.42939864  4.65156514  3.13682829  4.85290486
   9.80648388  9.15254442  6.03027066  6.0737941   4.3213617   1.29112674
   6.79981518  4.59105874  3.18578506  4.78769515  6.06986548  6.00219163
   0.86083023  0.4882139   1.00896036  4.1324942   6.30480836  7.10176093
   7.91597001  8.41492872  0.44679723  0.37498251  5.49555159]
 [ 7.09652302  5.98243858  3.37880505  3.18367791  5.11564549  7.48514981
   5.0583511   5.84837266  4.88177291  6.64494987 11.54066271 12.06895562
   4.12917316  6.45344426  5.1001417   5.73463289  6.46373866  3.15220737
   5.03523082  5.80848657  4.72449345  8.38320231  4.55480492  5.75412545
  12.15933599  7.37861974  6.8245372   7.68161643  7.9705051   9.60951061
   4.79325913  5.49674697  3.64840211  7.35019413 15.46486746]
 [12.156881   16.75867278  8.33787473 35.10726944 21.72503905 18.89074756
  22.27218622 15.8402642  18.75462767 17.80561701 10.25034798 22.19451733
  24.08256422 26.057319   24.30535633 19.08038457 13.82024122  9.41914826
  21.39893055 18.06425648 16.61104763 50.66211294 24.15033427 18.4623638
  19.16184837 30.55547593 13.53136129 12.67799948 16.68364764 25.10283487
  22.75610899 18.65554176  7.80138113 16.03912767  5.11127535]
 [43.91992717 38.14464565 25.39705943 13.47881991 36.19504893 41.78656226
  19.64906184 12.92696032 15.65995128 14.44152479 40.09606676 43.06213388
  25.14591216 16.73063843 16.734223   13.26735454 33.04797672 30.00872993
  16.89971159 15.44385121 20.27996701 36.03670322 19.66933708 16.34188074
  39.71843984 38.13677991 27.82705771 34.99329836 36.88573235 41.37215901
  16.24520662 16.92995872 25.00025994 18.60149381 18.37650283]
 [ 2.10236067  2.61094998  3.12278888  3.52340995 26.51424363  9.6328236
  15.62777397 13.37345672 17.53431991 15.0424205   4.95395299  6.6478335
  16.54911763 14.86749455 17.27227998 14.99900856  3.76612267  8.17594998
  13.9217161  15.74166337  7.04946642  7.28219657 21.1978793  13.22286438
   3.07400339  5.09866192  2.21428537  2.71095313  6.51735077  9.05731608
  19.45064701 13.02175026  2.07925415  2.06240925  9.18142353]
 [13.05532963 14.75061645 16.1388868  21.3494641  14.32819167 11.01484567
  12.69344212 11.56325592 12.07382351 12.46567307 16.42319619 12.96260109
  18.70961532 12.65043087 12.10733727 11.20111702  7.50954817 17.03959215
  10.89392385 12.49428475 19.7374728  11.18157298 17.78753006 11.35650853
  22.07095422  7.20619103 11.08674334  9.9100297  11.78046514 11.83741276
  12.4046067  10.8191162  11.03256845 19.70976681 16.95801171]
 [ 9.65631026  5.90936044  4.31298069  3.5578313  12.81505746 16.64428999
   9.88606846 13.87987235  9.42655408  9.67902992 13.15431746  9.25785113
  15.92236837 12.10059416 12.22550061 12.32501362 12.59340221 11.08496754
  10.44253296 10.32027013  1.09647123  7.08321774 11.72728104 14.22113416
   4.33380956  5.43794692  7.81521729  9.49118289 16.46837468 16.00453172
  13.79989189 13.08367499  3.12260612  4.70679641 11.64163839]
 [ 6.28391056  6.30026206  4.14613259  1.38560665 13.1352335  13.40183001
  19.97617727 15.02381307 11.12129996 11.95207062  6.59608385 11.65709355
  10.65848277  9.1844917  11.49725649  9.95896059  5.60191986 12.78654554
   8.97620607 10.8145821   6.35285013  7.86980835 12.23389105 11.46946482
   5.54700664  8.98365092  5.67033869  6.08929126  6.0635846   8.79343969
  10.55695782  7.58483653  6.61166826  4.2158888  13.69220734]
 [ 2.68191328  3.11735871  9.69836084  5.47143302  8.54138452 10.96231136
   7.39499783  8.00848086  7.4017403   8.17195882  5.50592669  5.37010987
  10.79569579 15.42543536  8.2098714   8.7732893   3.86922849  4.51291501
   7.63253464  7.75405295  9.01610379  8.60135409  8.33153378 10.4119458
   4.17865528  3.41997503  2.85950682  3.08580321  6.51276832  7.97037207
   9.4434489   9.36473332  2.1402596   1.82363203  8.63367523]
 [10.62290674  3.54236974  5.45960188  2.87098485  3.37645752  3.1738647
   3.40822634  2.96905094  3.93954993  2.3503477   4.40250313  1.36683414
   6.4152196   3.48887166  5.5243969   4.59338332  4.83497937  1.22992117
   5.39679052  2.31993339  2.35645285  3.26107493  2.23320332  3.18156719
  17.56915141  1.77456008  4.64614808  3.19984915  8.2939917   3.63394943
   8.52199855  7.99553023  2.37075554  2.43528123 11.39551406]
 [ 5.34145731  6.36050258  5.75593507  7.3995888   6.35069257  8.08255996
   8.03331732 11.04675346 12.48548732 12.42069819  8.86565043 13.15439094
  22.55044709 18.63126781 13.02283978 13.6591207   8.90345786  4.99560909
  13.93815274 12.49470416  8.38213103  9.78260511  9.90724613 11.83647163
   6.95411559 11.38136732  7.15779307  7.90638255 11.55081231 14.27915798
  18.57662518 16.79935702 10.76671029  4.63067902 10.61691627]
 [ 9.01100731 10.04220153  1.94135108  2.32569882  9.99563625 15.0113521
  11.22527367 13.51101733 13.91154816 13.10327987  7.42731627  6.6282021
   9.74172944 12.76548242 12.97668727 14.47637401  7.59798508  7.32218642
  13.49343013 14.06443704  5.36790918  5.79697567  8.65078682 15.07939132
   8.6041059   8.55897538  8.56183366  8.33128235 10.36512067  9.76611295
  13.76846521 13.71507698  3.27668544  4.32278218 12.04517249]
 [ 9.52323639  9.24794673 15.79136762 19.79657431  6.87072449 25.39579181
  23.18889356 21.92411593 23.58041973 24.41408789 18.1048549  21.71443277
  25.33075504 29.96220333 21.38527002 22.52613141 17.61355509 15.1250331
  22.34692741 23.78252874 26.61334974 30.74632136 25.69776491 24.86395563
   5.41797296 14.97810263  8.38694791 12.63899645 20.32667481 26.87131066
  24.74038866 24.68831264  5.20583997  1.56519994  8.60431337]
 [ 3.61402101  3.95094573  2.62922673  2.7463527   5.54678245  5.3448291
   8.86386544  7.77480931 10.73924219 10.9807443   4.15524251  5.42632024
   7.71357957  7.23230829  9.03102374  9.73217094  4.54452537  3.28475338
   7.9729679  10.62993416  4.38153488  4.54511951  7.6903435   7.48951011
   3.53702467  4.87897835  3.81694375  4.15338454  5.91170044  6.47430481
   7.42217371  9.18907301  3.07707894  2.27392064 12.97412303]
 [ 5.66996843  8.87966147  6.86341873  8.44432051 10.32684451 11.38405868
   8.80458585  7.87237701  9.05096973  8.39185233 10.27169347 10.73156775
  11.30961237 11.84616561  9.30150041  7.28839443  8.93523608  6.86920691
   7.66310405  9.20642789  9.81050183 10.82674111 10.27038102 10.02047052
   5.84275015  7.97189025  6.5726126   7.15152363 10.95349201 11.33401775
   9.53274892  8.45927578  5.44367608  8.67143453 12.03455194]
 [ 5.07829822  4.75614615  5.72820023  5.26616618  5.31936793  7.86076104
   8.12300158  9.8146719   9.06517093 10.02334582  6.57925947  7.09642886
   7.9587839   9.75232899  7.70257785  8.98624495  6.07446903  8.0514074
   7.16057349  9.03838596  4.10535601  4.99498989  6.85534725  2.76164412
   5.44772509  6.10826888  5.13478608  5.88662371  8.32381568  7.74903524
   7.61150829  8.59919847  5.86734637  5.34203182  8.79288792]
 [14.15007001 23.51463036 14.66947003 15.88596176 26.80482879 31.61476524
  12.66679493 12.69640614 11.0189865  14.01371278 29.70614757 32.5198037
  15.09898281 19.71812979 10.77716441 15.64183135  9.33747202 18.14590543
  11.38797687 12.9751928  29.86963544 24.53913095 17.48309803 21.47633261
  42.03596809 33.24444374 19.07659496 16.02304629 17.20443551 18.44669874
  12.41157393 14.68500563 27.22858438  9.29706535 11.16783526]
 [ 5.9549229   5.80274727  4.57101477  4.28139846  9.11152716  9.11277936
  11.75425642 14.34979079 13.75312279 15.55112967  9.50144864  9.71468852
  11.10778379 10.86342658 11.18075761 13.99252518  9.90173139  9.60519627
  12.16142479 14.64689829  8.73901853  7.89892433 10.93878867 12.7688979
   6.48326003  6.40699758  6.2202236   7.61094031 12.48209581 14.28330419
  10.91279713 12.27708594  4.11718535  2.58118745  6.92977572]
 [ 6.6620743   6.4443126   7.66656998  7.62658793  6.26089359  9.14825808
   5.72436324  6.0264947   6.64105609  6.69300588  8.25144653  7.18072367
   6.11270169  8.67914495  5.84583003  5.81500404  7.02372544  6.84026368
   6.74735769  6.54758728  7.39132315  8.63334047  5.04921573  5.48945581
   7.18910691  6.59866857  6.58374939  6.72086554  7.75773728  7.79867678
   6.7222956   6.17532807  5.74828076  5.10240607  7.46687949]
 [ 1.53503964  3.26804656  0.40742358  0.94632261  2.40611815  5.55547037
  12.36753177 10.0278342  14.52438923 12.44656409  5.07018319  5.58332129
   3.69109635 14.94520952 10.26348398 14.65634036  3.482014    5.6222311
   8.49973083 12.39005671  0.84080335  2.60486115  8.2605221   8.2667521
   2.63940679  5.16614841  8.76647221  0.42630738  4.34730523 10.03893385
   8.35138405 11.11652069  4.52838978  2.98762774 18.2187323 ]]