[[ 0.35189813  0.22340517  0.5967942   0.87458307  0.9233282   0.53528854
   1.17793231  0.66686321  0.53439576  0.74827809  1.34381987  1.98556035
   8.22078024  2.47580894  1.18437439  0.91154467  1.3161658   0.4369402
   0.9494208   0.65200826  2.4019622   2.10394829  2.01409041  1.24747071
   0.27315734  0.19972038  0.33251791  1.26642115  2.45468013  2.20958295
   1.76701013  1.54265665  0.2542862   0.19306233  3.02944156]
 [ 5.17665142  4.26147514  1.76381592  1.94713967  3.01082041  4.10874696
   1.77156967  2.15087655  1.98662841  4.37915302  6.63377373  8.75114456
   1.21372633  2.56103887  1.63899041  2.04496315  4.40749051  2.07154149
   1.97442737  3.25877394  2.30766345  4.55112318  1.45524093  1.61548836
   8.53123537  4.78895365  4.89555364  5.29805041  3.66894737  5.30961226
   1.66064147  1.9409028   2.55236137  4.6941619   9.84082985]
 [ 5.57578256  8.44340413  2.99016833 17.88785857  5.84333564  3.59372307
   3.08751925  2.36764796  2.66824723  2.80705653  3.90541792  8.82565914
   3.30248834  5.75210728  3.08838292  2.63825401  5.45904916  3.48895663
   2.77052415  2.81366479  3.76436415 25.27408809  3.2316009   2.51703875
   8.76511098 13.33810988  6.07111921  6.61750561  3.14644786  5.89776378
   2.69772098  2.76530521  4.66588689  8.09221627  3.68189133]
 [29.58399128 24.1526899  12.90306949  6.7166442  18.97349454 24.14226992
   8.99166808  5.10858415  5.26923643  4.71386986 22.95634691 32.10628262
  11.72907015  7.2407462   5.69305158  4.23451288 21.53951085 19.73007952
   6.0587321   5.42409334 10.00303883 18.11259446 10.03841692  9.74025683
  21.32045745 26.06675104 17.59034729 22.49805112 18.55865671 25.28755419
   5.88713844  6.13430711 17.46849408 13.86117469 11.2261823 ]
 [ 1.0718733   1.27972871  1.50277658  1.55616822 22.4206238   2.58160479
   3.79173376  2.07100498  7.48287979  4.59465769  1.83439934  3.43561486
  10.51016394  3.42351202  4.43254833  2.30882697  1.38647482  2.72590854
   2.72943428  5.82796494  3.80213643  2.60076117 14.44490299  3.31814539
   1.61169029  3.1147357   1.04791674  1.18494274  1.99247966  3.61678749
   4.91265789  2.23226475  1.05865793  0.89928066  3.37628155]
 [11.81013181 14.24285631 18.44471711 18.85743063 17.44255572  4.70767673
   6.64278235  3.20170665  3.93928465  5.4738085  14.294155    7.57312739
  19.35585542  4.26531331  4.99896825  2.96495786  3.56561049 14.25605129
   2.48758957  4.73878277 25.07110552  5.9450032  19.05253917  3.27755624
  21.47581465  4.96640844  7.31135581  6.15182516  5.16867853  4.58195914
   4.50645163  3.29771457 17.83287447 28.41988394  9.75102806]
 [ 3.13385037  2.02551174  1.23452179  0.89041774  2.80923689  4.14016021
   1.75008243  2.86692809  1.93606553  1.67497081  2.26935385  1.51388121
   3.82345647  2.66612675  1.54881407  1.67851422  2.12992543  1.70393948
   1.1050707   1.93251106  0.29397665  1.50915611  2.17096113  4.05679122
   0.93385259  1.51402911  2.69009974  1.96389033  2.16314788  2.2358154
   1.76161021  1.64442229  1.60388281  2.4693777   4.95167297]
 [ 3.43273869  3.64141199  1.90936947  0.63622137  7.23757224  9.91954019
  10.3912691   6.04001338  4.12055613  5.98100273  3.88324511  7.20225728
   2.63538908  3.30453169  2.61747888  2.56425546  2.75475388  8.38797048
   1.96611837  4.60046561  2.67242791  3.78752682  4.11898095  5.77239995
   2.97560965  6.11577856  3.15572837  3.42693713  2.28583291  3.7104875
   2.33365953  2.0196035   3.60106226  2.42621072 11.24157596]
 [ 1.57517259  1.66398237  4.65628731  1.6618285   1.12592902  1.34357389
   1.15536618  1.2111316   1.51689004  1.82090527  2.33906766  1.55902075
   1.41788253  2.31852717  1.04872235  1.16251994  1.60998067  1.67677371
   1.08327742  1.73484418  2.30529113  1.49401617  0.99820945  1.28036178
   2.57574973  1.49740813  1.62512821  1.64026827  1.92480689  1.64561995
   1.26183412  1.39674434  1.36533292  1.32563531  3.70148559]
 [ 7.58199435  1.78695306  2.46977077  1.354994    1.01412292  1.11269984
   1.1823032   1.1656212   1.37845543  0.80018795  2.02221613  0.46346855
   2.45907347  1.12458785  1.78452923  1.13437831  1.79969215  0.64599579
   1.46170589  0.80687244  0.96761123  1.19365901  1.1766537   1.17626614
  11.55627194  0.60771223  2.21691336  1.26232692  3.32527374  0.96510167
   1.88346725  1.81343542  1.17089381  0.90294767  0.79261164]
 [ 1.42166681  1.57188866  1.24468385  1.74858155  1.04652831  1.66096667
   1.55216319  4.28506278  4.74712305  3.93599729  1.80392482  2.92465404
   1.9573508   2.45969315  2.00872052  2.10865076  1.64251801  1.49243008
   2.01444117  4.12959471  1.62189469  2.01698479  1.4393961   1.8177624
   1.72916618  3.48942111  2.48943843  1.78958167  1.80943357  2.43052927
   2.40847066  2.39486305  5.19447461  2.12299637  4.05460205]
 [ 4.91550304  5.08542707  0.92354123  1.09746813  5.98461973  9.51038649
   3.32598751  4.80042329  3.01933008  2.79382996  3.12782988  2.74398006
   4.35580803  5.55697666  2.44393257  3.33784332  2.7520621   3.19486778
   2.45537585  3.266329    3.51146484  3.89331276  3.26018476 12.1008019
   4.56033751  4.41539266  4.90950113  3.68578024  3.02724504  2.60153314
   2.64773471  2.89812173  1.69001537  2.38984516  5.15866588]
 [ 2.43944871  2.29030803  2.57859949  3.37901685  1.04169508  3.89064058
   3.20264424  3.76277251  4.56168209  6.99228931  2.8517053   4.79093743
   3.75872233  5.01488554  2.92623746  3.41377088  3.62107995  2.80485458
   3.17815649  5.59576637  6.07286271  5.0229688   3.46153713  3.76250784
   1.20596721  3.92035313  2.25927518  3.00257176  3.42300194  5.18453119
   3.65572064  3.92098397  1.70341785  0.59835898  3.2695083 ]
 [ 1.16281799  1.28438182  0.42947231  0.63880925  0.60217215  0.74403759
   0.78649748  0.84241943  1.24870798  1.81337901  0.75683718  1.49239949
   1.24415135  1.36060285  0.95769513  1.27714933  1.1824756   0.6754121
   1.0067574   1.54068561  0.67003554  0.79005879  0.80645733  1.07057348
   0.97962152  1.51352961  1.23974493  1.19494584  1.1513601   1.55353809
   0.84030858  1.51088599  1.17592357  0.81140429  4.58057704]
 [ 1.61855024  2.66984784  1.12924588  1.74598933  1.50093034  1.64513425
   0.95859143  0.89988523  1.75288901  0.99818279  1.69194348  2.64161585
   1.45523309  1.57608283  1.01389979  0.73687632  1.62488443  2.97067427
   0.79185543  1.42831035  1.3734413   1.65736505  1.11331108  1.20550286
   1.24671413  2.267364    1.82822029  1.55102729  1.67039341  1.98003169
   1.11903683  1.03526456  1.83358056  2.73600982  4.7008515 ]
 [ 1.55231469  1.98955179  2.12651173  1.95837171  1.60702114  2.01903743
   1.82525692  1.80559826  1.09278071  1.26230185  2.78905408  3.12616585
   2.95468564  3.25454166  1.84476382  1.74366906  2.47446814  1.99852964
   1.52236246  1.21212473  1.51238029  1.64514306  1.9535962   0.65845957
   1.79812674  2.61527912  1.8171818   2.17254634  3.04410399  3.20409361
   2.24532491  2.33402105  1.7718875   1.85073943  3.07594128]
 [10.14203744 13.93025368  7.84623813  7.40815563 13.67516428  9.30867311
   4.77589307  3.11197081  4.67917471  5.59715999 15.32957672 20.97632702
   8.34274972  3.81708511  2.5571024   2.55477555  4.35394696  8.09991983
   2.34007318  5.75448098 19.14929015 14.82481392  7.6734051   3.9696935
  26.71651387 23.67568469 12.62305952 10.35531015  6.9662412   7.38234212
   2.88403437  2.41054789 18.29720718  6.53510661  6.07345406]
 [ 1.62847709  1.69045226  1.05597922  0.90919587  2.14286445  2.4373669
   1.92114378  2.37360274  2.37769279  2.57188275  1.82701892  1.77802651
   2.08623117  2.06673061  1.49045652  1.99242995  1.88999015  1.98671009
   1.40038287  2.68709737  2.08098524  1.55244157  1.89656343  2.80608192
   1.57387914  1.50789345  1.74116517  1.73929118  2.24730381  2.57806491
   1.39059996  1.71652778  1.22193824  0.79328387  3.79048346]
 [ 1.90173155  1.97014858  1.50893861  0.98988785  1.05242857  2.89583715
   0.8264864   1.20897021  1.25373269  1.56440158  1.37217887  1.1307999
   0.8369027   1.33783201  0.71555356  0.82685874  1.04040133  1.44034746
   0.75387299  1.40188704  1.00231173  1.06342361  0.55529963  0.67620366
   1.70378821  1.36548797  1.80541952  1.27261975  1.14176967  1.18193059
   0.83874352  0.75705925  2.26508534  2.02991174  1.99440361]
 [ 0.66199757  1.49577787  0.20309165  0.43874826  1.24355304  3.3921035
   4.67064863  3.52789804  5.93461104  3.12883364  2.62011579  2.46570203
   1.49722331  5.13113656  3.11346693  4.01479811  1.40951443  2.18919975
   2.28969882  4.19350211  0.4749719   1.52478642  2.72676694  4.26576644
   1.30137975  2.42520506  4.17807964  0.20676487  2.04257736  4.01231324
   2.50361024  3.36385011  1.9262109   1.48654924  8.52774197]]