[[2.69415891e+00 7.02668725e+00 3.41121294e+00 2.53462716e+00
  3.01884709e+00 2.78455312e+00 2.82265241e+00 1.72177141e+00
  1.45787916e+00 1.28475632e+00 3.02210247e+00 1.21599282e+00
  9.53127691e-01 5.38201924e-01 9.00849677e-01 7.75094666e-01
  5.85121195e-01 6.40153407e-30 5.24185981e-01 1.29895663e+00
  6.66518101e+00 1.49043792e+00 1.90635968e+00 1.12968493e+00
  5.76711467e+00 3.50849999e+00 3.84960962e+00 1.20800507e+00
  3.94005776e-01 3.24966120e-01 3.31400690e-01 2.44139614e-01
  8.48993616e+00 5.00604383e+00 2.17941382e+00]
 [5.00593186e+00 5.29201673e+00 8.90683387e+00 4.97139802e+00
  2.83370192e+00 5.30565466e+00 9.89840378e-01 1.23282633e+00
  1.15482521e+00 1.57272885e+00 2.69641114e+00 7.77839566e+00
  5.52383304e-01 1.69683383e+00 5.74662843e-01 6.52121605e-01
  6.77756167e-01 8.33259231e-30 3.72136448e-01 1.36558636e+00
  3.76642496e+00 9.46332811e+00 7.97004967e-01 3.43275423e+00
  4.47800227e+00 6.84989879e+00 3.96524163e+00 2.13435005e+00
  4.12551515e-01 8.57703704e-01 2.75384412e-01 2.65195648e-01
  1.80940476e+01 9.07574148e+00 3.82429084e-01]
 [6.35400842e+00 8.25981956e+00 2.74560055e+00 3.69970749e+00
  1.66459471e+00 1.87426788e+00 1.38053409e+00 1.52843850e+00
  1.76530503e+00 1.71566470e+00 1.52879056e+00 1.53256274e+00
  4.81927977e-01 5.53464268e-01 1.04344977e+00 9.11274448e-01
  9.04640172e-01 1.99648738e-29 6.51101813e-01 1.72487426e+00
  1.11463364e+00 3.36657552e+00 9.98067717e-01 1.05976025e+00
  8.94386457e+00 5.61339767e+00 6.68105165e+00 3.43841302e+00
  3.71161869e-01 3.60959012e-01 4.56926135e-01 3.49120343e-01
  3.62162417e+00 2.22583311e+00 5.51541728e-01]
 [5.99755145e+02 2.18476236e+02 3.70752931e+01 2.07542385e+01
  2.81516566e+01 5.58379857e+01 1.19151859e+01 9.04530748e+00
  1.11451647e+01 8.07925513e+00 4.07053540e+01 6.15426547e+01
  2.17107613e+00 1.54892133e+00 3.38328177e+00 3.47368113e+00
  1.92268189e+01 3.86658525e-29 2.73133904e+00 8.88061272e+00
  7.64712332e+00 1.94874659e+01 6.22782369e+00 7.93447640e+00
  2.13366097e+02 1.13529585e+02 1.54195658e+02 1.22285239e+02
  8.17629288e+00 7.68589911e+00 1.04585839e+00 1.21864990e+00
  3.80489380e+02 1.89491812e+02 1.48897469e+00]
 [4.34481792e+01 3.60701875e+01 3.56461608e+01 1.28611566e+01
  4.65892819e+01 3.34991514e+01 3.74191818e+00 4.22845196e+00
  4.05201744e+00 3.28814860e+00 1.38619195e+01 1.22083331e+01
  3.88280059e+00 1.83845445e+00 2.58988212e+00 2.21698249e+00
  3.98520244e+00 9.12897492e-30 1.24456326e+00 3.39196512e+00
  1.17048231e+01 6.34516940e+00 1.73082881e+01 8.22249192e+00
  6.35987311e+01 6.18472312e+01 3.34676651e+01 1.53548638e+01
  2.31572850e+00 2.18568262e+00 8.64257332e-01 6.44875368e-01
  1.91225499e+01 2.28897446e+01 3.32520639e+00]
 [3.06816291e+00 3.43785167e+00 2.61300666e+00 3.53635256e+00
  1.51632130e+00 1.16672263e+00 8.70195243e-01 1.01698959e+00
  1.22212161e+00 1.18890621e+00 8.62833559e-01 6.93462598e-01
  8.62694189e-01 4.12175553e-01 5.30848982e-01 5.21103641e-01
  2.58652092e-01 3.47220195e-30 3.36002998e-01 1.11382603e+00
  4.30879343e+00 1.49274014e+00 6.46293463e-01 6.45908299e-01
  4.83874567e+00 1.27450498e+00 2.46365205e+00 5.89751347e-01
  2.68499347e-01 2.28832704e-01 3.04083011e-01 2.13928091e-01
  4.75339634e+00 3.77992534e+00 1.38653246e+00]
 [4.82797223e+01 2.08750916e+01 1.43433989e+01 6.12910733e+00
  6.53708218e+00 4.20772239e+00 5.57440621e+00 4.19043022e+00
  6.22886587e+00 6.83101349e+00 1.74994623e+00 3.15238572e+00
  1.81558162e+00 1.09310838e+00 1.80201470e+00 1.99082946e+00
  1.51900095e+00 8.19607229e-30 1.23400164e+00 6.60375886e+00
  5.17968313e+00 2.37811847e+00 2.81121854e+00 2.33311189e+00
  8.00727926e+00 9.32888807e+00 2.04446384e+01 5.32708891e+00
  7.40077731e-01 7.95294954e-01 6.89892629e-01 6.65972759e-01
  9.55653762e+01 3.22370140e+01 4.27835791e+01]
 [1.05989559e+01 6.42327708e+00 2.91383881e+00 1.99089819e+00
  2.83317387e+00 1.20478957e+01 2.48392207e+00 3.83861648e+00
  4.55180511e+00 8.80940883e+00 1.96921088e+00 3.78339858e+00
  6.75217752e-01 7.68903635e-01 8.81644358e-01 1.28908546e+00
  7.70214963e-01 7.23995152e-30 6.54206808e-01 5.80518200e+00
  1.52731227e+00 2.16800562e+00 1.45812401e+00 2.64218267e+00
  4.21822415e+00 6.07748377e+00 5.64535756e+00 3.28904811e+00
  3.58547923e-01 4.02940448e-01 3.35914238e-01 3.66570325e-01
  1.05506257e+01 5.48944522e+00 4.74119350e+00]
 [9.10937041e+00 9.53100230e+00 4.38171892e+00 1.60586001e+00
  9.87447014e-01 6.60161426e-01 9.18448895e-01 1.33005562e+00
  1.40153730e+00 1.97745668e+00 1.07317904e+00 8.23058014e-01
  2.93981280e-01 2.92681233e-01 5.05696588e-01 5.12976863e-01
  7.64999612e-01 7.73500794e-30 3.58979488e-01 1.77576561e+00
  9.96599735e-01 6.53085084e-01 5.64879478e-01 5.06356639e-01
  5.86745498e+00 2.25279568e+00 7.38476032e+00 2.13038117e+00
  2.72067953e-01 2.65136861e-01 2.21172303e-01 1.86610286e-01
  9.27927952e+00 1.59685925e+01 4.95681948e+00]
 [1.16249326e+01 9.47234520e+00 2.69808013e+00 4.12700763e+00
  1.21754633e+00 8.05739999e-01 1.22080227e+00 1.19747621e+00
  2.80871767e+00 1.46845250e+00 3.23820668e+00 1.25164666e+00
  4.37496898e-01 3.40869304e-01 6.80112985e-01 5.43717490e-01
  1.12089783e+00 9.49812278e-30 4.55641545e-01 1.85831678e+00
  1.75981890e+00 8.22987206e-01 7.30140457e-01 6.04780088e-01
  1.31787597e+01 2.89654708e+00 7.44787946e+00 2.92204978e+00
  4.77099293e-01 3.07861314e-01 2.58530055e-01 2.36809026e-01
  3.59896052e+00 4.91454009e+00 1.71293741e+00]
 [1.97486161e+00 2.29901699e+00 2.54090283e+00 2.25926562e+00
  1.58533402e+00 2.02206466e+00 1.76778246e+00 6.73137196e+00
  3.60314037e+00 6.19993184e+00 9.56772866e-01 1.49546931e+00
  5.91271159e-01 5.88261932e-01 9.59686865e-01 1.19451890e+00
  6.40286695e-01 6.23702734e-30 5.62308641e-01 4.12889346e+00
  1.35316889e+00 1.38709159e+00 1.02058541e+00 1.21645663e+00
  1.52162347e+00 2.39112898e+00 2.03190552e+00 1.12316894e+00
  3.40992374e-01 3.80894015e-01 3.78544272e-01 3.91272666e-01
  1.78558073e+00 1.64225387e+00 7.11173203e-01]
 [1.20037743e+01 1.46812639e+01 2.60815940e+00 4.58904274e+00
  2.98492977e+00 1.08351799e+01 2.21749216e+00 2.88263957e+00
  4.21676737e+00 2.76868780e+00 1.72211133e+00 1.90286028e+00
  7.32554708e-01 6.90737440e-01 1.34263247e+00 1.11347480e+00
  1.31578080e+00 7.34250049e-31 7.64948413e-01 3.30533052e+00
  2.86587844e+00 1.58422472e+00 1.27215830e+00 1.98054537e+00
  4.93994088e+00 7.63906975e+00 1.27900978e+01 3.19549393e+00
  5.91787287e-01 5.75481924e-01 4.45166366e-01 3.69798605e-01
  1.11205837e+01 1.98258088e+01 1.87988545e+00]
 [4.70800165e+00 7.49685223e+00 4.13906337e+00 4.18322080e+00
  2.13908680e+00 2.07219264e+00 2.56392306e+00 2.61562704e+00
  5.11753116e+00 5.33187867e+00 1.85632317e+00 3.06934949e+00
  9.16147089e-01 8.51222950e-01 1.60202954e+00 1.37169289e+00
  1.23409821e+00 4.68368660e-30 1.04468327e+00 5.02011365e+00
  3.91670240e+00 2.27560587e+00 1.61805580e+00 1.55950310e+00
  6.12910724e+00 7.19090388e+00 5.33241073e+00 2.35905854e+00
  6.68896560e-01 7.01591651e-01 7.16049791e-01 4.53874533e-01
  4.12560296e+00 9.46036525e+00 1.52819653e+01]
 [5.02921961e+01 6.04101562e+01 5.24808717e+00 8.47122550e+00
  2.86334744e+00 2.86099202e+00 3.26107233e+00 3.04829979e+00
  5.00696517e+00 4.72025900e+00 3.89645821e+00 5.00601032e+00
  1.00965636e+00 1.33547044e+00 2.03191869e+00 1.93924703e+00
  3.71444997e+00 5.82056743e-30 1.27724897e+00 4.69712078e+00
  2.53264892e+00 2.54273936e+00 1.89182508e+00 2.36650698e+00
  1.39246975e+01 1.93303416e+01 3.96437546e+01 9.20012492e+00
  1.21655342e+00 1.38271198e+00 6.42979681e-01 7.50877618e-01
  6.58268337e+01 3.78473427e+01 5.37480047e+00]
 [1.39507618e+01 1.46238627e+01 1.94863495e+00 2.24958480e+00
  2.26061016e+00 1.05436445e+00 2.09257456e+00 1.60347478e+00
  2.98161601e+00 2.62619546e+00 7.95480511e-01 1.44319584e+00
  4.88056977e-01 3.65022108e-01 1.15987574e+00 7.80137537e-01
  9.12930004e-01 1.02875862e-28 5.43007223e-01 2.37904048e+00
  8.04380725e-01 7.96888785e-01 1.09249792e+00 7.99663676e-01
  4.08330908e+00 9.33997846e+00 1.38150644e+01 3.45291000e+00
  3.47019700e-01 4.17441559e-01 4.64263740e-01 2.45490778e-01
  1.79834458e+01 1.27675865e+01 6.03694789e+00]
 [1.37279366e+01 1.47307193e+01 3.67504042e+00 2.49303588e+00
  1.25368526e+00 1.15726911e+00 1.19315243e+00 1.32684541e+00
  1.50139908e+00 1.56087810e+00 1.97255230e+00 1.89311734e+00
  4.54866156e-01 5.03897382e-01 8.01926107e-01 7.88535714e-01
  1.45946723e+00 8.38313085e-31 5.22390241e-01 1.48897028e+00
  1.80876619e+00 1.39172569e+00 8.29014371e-01 1.01811401e+00
  5.06600852e+00 5.13293571e+00 1.42445043e+01 4.44476263e+00
  5.41356804e-01 4.55468570e-01 3.32646373e-01 3.33127804e-01
  8.99547399e+00 8.00748766e+00 3.04299285e+00]
 [7.40228339e+00 2.45161280e+01 6.82166944e+00 6.31542321e+00
  8.78338036e+00 5.83235586e+00 3.43571511e+00 2.21181674e+00
  6.80379265e+00 4.88684848e+00 6.64206643e+00 1.20489841e+01
  2.23444099e+00 1.25625223e+00 1.68493864e+00 1.03243076e+00
  9.39523460e-01 8.24803041e-30 6.94381618e-01 7.18502480e+00
  1.15737236e+01 5.30663709e+00 3.66499117e+00 2.42434687e+00
  4.52657483e+01 2.93763493e+01 1.23745610e+01 3.18734835e+00
  9.22796841e-01 5.97404096e-01 5.39234683e-01 3.67545834e-01
  1.02494289e+01 5.74873094e+00 5.05553357e+00]
 [2.16693805e+01 2.29357864e+01 2.98987265e+00 3.88170954e+00
  7.62209045e+00 7.29478560e+00 2.67874242e+00 3.62501365e+00
  4.36364588e+00 3.65177396e+00 1.51423918e+00 2.13023500e+00
  1.31279182e+00 1.44440816e+00 1.53544749e+00 1.95211686e+00
  1.20770410e+00 6.22874536e-30 9.58057451e-01 4.02225626e+00
  2.94634623e+00 2.67143411e+00 2.80067059e+00 4.86095221e+00
  4.67673756e+00 5.65627836e+00 1.37229958e+01 4.28707647e+00
  6.01827709e-01 6.66989229e-01 6.72325889e-01 7.02196426e-01
  1.37375913e+01 8.04099343e+00 4.20974747e+00]
 [2.57118455e+00 4.24097536e+00 1.69118339e+00 1.25227397e+00
  2.24619667e+00 4.31781029e+00 1.23615014e+00 1.61317722e+00
  1.28535718e+00 1.70287530e+00 5.67547462e-01 7.33998434e-01
  2.50292884e-01 3.33827630e-01 4.85960774e-01 5.96793028e-01
  3.76915256e-01 3.05810144e-30 3.76743349e-01 1.37516965e+00
  9.93236015e-01 8.55593350e-01 5.39573264e-01 7.17504235e-01
  1.11326056e+00 1.96353681e+00 2.99143570e+00 8.14318238e-01
  1.89502282e-01 2.81315290e-01 2.15056158e-01 1.86542492e-01
  9.46175895e-01 2.40347046e+00 6.25191070e+00]
 [8.35546027e+00 1.11149193e+01 3.84466926e+00 4.22808598e+00
  9.38773042e+00 7.40426320e+00 4.79132106e+00 3.96950382e+00
  7.67885393e+00 3.91938386e+00 1.83346124e+00 3.44160001e+00
  1.55050698e+00 1.85472765e+00 2.10799514e+00 1.58665418e+00
  1.19278390e+00 5.32251068e-30 1.05643159e+00 5.56340484e+00
  3.29142509e+00 4.97975958e+00 2.37756132e+00 2.43600352e+00
  3.85708151e+00 5.68261957e+00 8.77708710e+00 2.74222613e+00
  7.26102619e-01 1.02171441e+00 8.71267354e-01 5.69103856e-01
  6.68843376e+00 4.36376584e+00 4.90534502e+01]]