[[1.49732404e+01 1.63731828e+01 2.12522889e+01 2.17729528e+01
  3.55585670e+01 5.16431884e+01 9.42339268e+01 2.00115294e+02
  1.29554488e+02 1.06512756e+02 6.88416025e+00 7.80948555e+00
  9.34189057e+00 5.53074154e+00 4.19268682e+01 5.15830836e+01
  3.10357305e+00 3.50669518e-28 1.90539870e+01 1.02292060e+02
  1.57910680e+01 1.78604707e+01 3.63541844e+01 5.28394327e+01
  1.02294466e+01 1.31863731e+01 1.38025853e+01 5.35452307e+00
  2.17917434e+00 1.82154430e+00 9.17167421e+00 5.60864128e+00
  8.65140850e+00 7.00140191e+00 1.31582700e+01]
 [9.05291721e+00 1.13607838e+01 1.51821279e+01 9.97847648e+00
  9.59851875e+00 6.15899282e+00 1.58408894e+01 1.40047355e+01
  3.35946166e+01 2.05858688e+01 4.69265223e+00 4.82201429e+00
  1.04406932e+01 7.73504742e+00 1.15316393e+01 6.71112881e+00
  2.45542198e+00 5.68835284e-29 3.93951933e+00 2.33445097e+01
  7.47525138e+00 5.54068226e+00 1.27969544e+01 6.97176985e+00
  7.03398004e+00 8.23593892e+00 9.18802841e+00 4.99040471e+00
  2.00836304e+00 1.80749817e+00 4.93515394e+00 2.46237854e+00
  2.03952204e+01 1.29927722e+01 9.24545087e-01]
 [1.61476991e+01 1.50488633e+01 1.06925116e+01 8.32665534e+00
  9.71901633e+00 1.01520268e+01 1.40482426e+01 1.49272405e+01
  2.72683780e+01 2.43293264e+01 5.21625228e+00 3.69163104e+00
  6.71081869e+00 5.78864561e+00 1.82596183e+01 1.33974954e+01
  3.49109402e+00 1.24663189e-28 1.05245961e+01 2.23716932e+01
  6.38259211e+00 4.61558989e+00 1.45111179e+01 1.40336267e+01
  1.03608537e+01 1.01345007e+01 1.48995883e+01 7.06431335e+00
  2.07177653e+00 2.03289410e+00 1.09186928e+01 4.61739320e+00
  4.44384179e+00 2.12391665e+00 9.39878343e-01]
 [1.34615586e+02 1.23665264e+02 4.08575681e+01 3.91478592e+01
  4.03835279e+01 4.39051848e+01 4.43309692e+01 5.12701394e+01
  5.76693740e+01 5.35849796e+01 1.79752590e+01 2.65650359e+01
  6.97036126e+00 8.35780928e+00 2.17628795e+01 2.10666126e+01
  1.38970301e+01 4.76715910e-29 1.44616977e+01 4.53666674e+01
  1.86212535e+01 2.56148321e+01 2.63355741e+01 2.47361373e+01
  6.89900827e+01 4.99183598e+01 8.81102719e+01 4.92713892e+01
  5.85014319e+00 6.98248409e+00 8.48581827e+00 4.47600742e+00
  6.67713440e+01 4.00185378e+01 2.97228016e+00]
 [3.70826450e+01 3.64420250e+01 1.80687198e+01 1.61111630e+01
  1.94416498e+01 2.02484888e+01 2.13290878e+01 2.43744275e+01
  2.16758371e+01 1.92466841e+01 9.33141217e+00 8.27624639e+00
  6.87746972e+00 6.95042259e+00 1.65533056e+01 1.42039314e+01
  7.36906896e+00 6.35781456e-30 8.79932226e+00 1.77897532e+01
  9.56581460e+00 9.57213171e+00 1.50738035e+01 1.37477890e+01
  2.01338671e+01 1.79721763e+01 3.05127856e+01 1.41138574e+01
  3.58454009e+00 3.02058388e+00 7.42833196e+00 4.83752766e+00
  1.05200562e+01 1.07563343e+01 4.39156498e+00]
 [6.61200878e+00 6.59269000e+00 4.51965523e+00 4.02534523e+00
  4.07589825e+00 4.81148726e+00 4.97650955e+00 6.37148059e+00
  7.15274066e+00 6.19931189e+00 1.97534809e+00 1.92883751e+00
  2.02491855e+00 3.01454325e+00 3.70498874e+00 4.57030713e+00
  1.04107614e+00 9.81753590e-30 3.11705993e+00 6.20725881e+00
  3.41838019e+00 3.58175506e+00 3.01186527e+00 5.13007338e+00
  3.47243897e+00 2.57935624e+00 7.09220522e+00 1.72560985e+00
  1.10749854e+00 8.39262208e-01 1.56826385e+00 1.31667740e+00
  5.78110303e+00 2.98818465e+00 3.15986044e+00]
 [3.43734623e+01 2.83150466e+01 1.96697518e+01 1.69276179e+01
  2.54020272e+01 2.36863880e+01 5.67319797e+01 7.04518302e+01
  1.26861332e+02 1.59358456e+02 7.55842784e+00 6.62345074e+00
  6.84355608e+00 5.67566355e+00 3.02500158e+01 4.72243532e+01
  4.31960529e+00 9.13773262e-29 3.96827220e+01 1.35330805e+02
  1.82223455e+01 1.00477095e+01 2.22867363e+01 2.44571747e+01
  1.43232936e+01 1.35866188e+01 2.82082130e+01 8.91538175e+00
  4.12887379e+00 2.68035606e+00 9.04278613e+00 1.13668420e+01
  5.53297385e+01 5.46961198e+01 6.48765308e+01]
 [1.33158883e+01 1.03265288e+01 7.74884091e+00 6.01279972e+00
  7.74902229e+00 8.89621377e+00 1.37627501e+01 1.83415632e+01
  1.86679329e+01 1.75570690e+01 3.71135411e+00 3.49138291e+00
  3.16707111e+00 2.63834024e+00 9.23283569e+00 9.55063511e+00
  2.63173561e+00 5.40441594e-29 5.28336687e+00 1.68690035e+01
  4.48639258e+00 4.07718748e+00 7.55630767e+00 6.70585562e+00
  7.04035423e+00 5.64306690e+00 9.07539050e+00 5.35763585e+00
  1.36598857e+00 1.15687013e+00 3.15571636e+00 2.66879985e+00
  1.36145021e+01 7.67426350e+00 4.94281572e+00]
 [6.84470649e+01 6.20517116e+01 1.38140689e+01 1.42966700e+01
  1.67732050e+01 1.34717746e+01 2.34599162e+01 3.10474022e+01
  2.72272261e+01 3.13488148e+01 7.75154905e+00 8.91552883e+00
  5.01319359e+00 3.98553193e+00 1.31404692e+01 1.40358014e+01
  7.39976883e+00 2.93669966e-29 1.15435290e+01 2.56324361e+01
  9.03139008e+00 7.83225285e+00 1.26060394e+01 1.15722564e+01
  1.76639191e+01 1.86631373e+01 5.16994455e+01 1.68938474e+01
  2.71592987e+00 2.88214823e+00 4.93126955e+00 4.06628107e+00
  4.75743065e+01 5.94563116e+01 2.27476442e+01]
 [1.39344069e+01 1.45768868e+01 5.56449703e+00 6.63506462e+00
  5.23684868e+00 5.84041588e+00 1.71427427e+01 2.12492334e+01
  3.58412031e+01 3.05170740e+01 2.69412762e+00 4.44047298e+00
  2.00264165e+00 2.55961921e+00 1.49017128e+01 1.38394537e+01
  2.58787556e+00 4.92395556e-29 1.04644682e+01 2.80560554e+01
  3.14201419e+00 3.72695734e+00 7.30018393e+00 7.68711590e+00
  6.97748954e+00 7.20881863e+00 1.25913158e+01 5.00440000e+00
  1.15356741e+00 1.33797797e+00 3.75485130e+00 3.12137722e+00
  4.67596437e+00 3.77099033e+00 2.63653783e+00]
 [1.25030826e+01 1.17209649e+01 2.18279912e+01 1.44439094e+01
  3.22200616e+01 1.77057752e+01 3.76544198e+01 2.35006898e+01
  1.92803071e+01 2.14871512e+01 6.32814632e+00 5.27459970e+00
  7.45491641e+00 5.53147832e+00 1.18401452e+01 1.29824823e+01
  3.54966721e+00 6.75424463e-29 8.49075919e+00 1.86370180e+01
  1.41515003e+01 9.03401903e+00 1.79127085e+01 1.12710390e+01
  8.94052258e+00 9.29958034e+00 1.11327827e+01 5.94599170e+00
  2.48973358e+00 1.97741779e+00 4.00015614e+00 4.26371351e+00
  3.52801924e+00 3.64650541e+00 3.41731082e+00]
 [1.07745241e+01 1.36222144e+01 8.07869435e+00 9.88394240e+00
  8.92646555e+00 1.00456619e+01 1.06472005e+01 1.00984231e+01
  1.57484603e+01 1.33279975e+01 3.83080457e+00 4.59819480e+00
  2.75708828e+00 3.10249556e+00 6.30911946e+00 5.62038213e+00
  3.57090896e+00 1.29151359e-30 3.99231496e+00 1.28506925e+01
  6.30313926e+00 6.76099304e+00 6.54996133e+00 7.02683496e+00
  5.42991014e+00 7.09978995e+00 1.15808294e+01 5.17474209e+00
  2.18004452e+00 2.16078273e+00 2.20039258e+00 1.93019505e+00
  1.57933048e+01 1.25123731e+01 2.57439660e+00]
 [1.14698608e+01 1.41421322e+01 8.67019198e+00 9.26511162e+00
  1.07296577e+01 9.56851887e+00 2.43017705e+01 2.04904806e+01
  2.88897696e+01 2.27098578e+01 4.45893678e+00 5.34073290e+00
  3.71205410e+00 3.40286350e+00 1.29479024e+01 9.73330977e+00
  3.37318346e+00 1.98979426e-29 6.28281129e+00 1.89428427e+01
  5.82585692e+00 6.03421172e+00 1.05431897e+01 9.24305111e+00
  8.45448387e+00 8.82382320e+00 1.14749396e+01 5.55292194e+00
  1.72024689e+00 1.98416509e+00 4.09714415e+00 2.18861247e+00
  7.98541529e+00 6.56267142e+00 2.87314363e+01]
 [8.91902692e+01 9.68153660e+01 3.76684080e+01 4.19461135e+01
  4.39195269e+01 3.61839257e+01 8.66990783e+01 7.29796618e+01
  6.15328489e+01 6.71985371e+01 2.45716600e+01 3.09112719e+01
  1.59262598e+01 1.57102213e+01 6.11455171e+01 3.33606918e+01
  2.49852656e+01 6.13586019e-29 3.05304748e+01 4.82098778e+01
  2.79220639e+01 2.81128679e+01 4.74291707e+01 3.37786000e+01
  4.21086972e+01 5.09420427e+01 7.99274418e+01 3.96289314e+01
  9.52496916e+00 1.31069997e+01 2.22807872e+01 1.23328538e+01
  7.25525904e+01 4.40633241e+01 8.86907016e+00]
 [1.10750586e+02 1.52943705e+02 3.01053304e+01 4.14025157e+01
  3.00800392e+01 2.38241558e+01 7.67803940e+01 7.51826149e+01
  1.11268084e+02 1.01672079e+02 1.53028074e+01 2.43701834e+01
  1.41710230e+01 7.46314967e+00 5.85117656e+01 4.45149248e+01
  2.04278724e+01 1.89013971e-27 3.36022717e+01 9.02691198e+01
  1.59149411e+01 1.88816193e+01 3.79943353e+01 2.47474662e+01
  4.77236521e+01 1.01103426e+02 1.21117942e+02 4.64475173e+01
  6.87011106e+00 8.86489106e+00 2.33069287e+01 1.01560695e+01
  8.87104732e+01 6.56892935e+01 2.25564535e+01]
 [5.24877309e+01 5.38067116e+01 1.04367163e+01 8.40616213e+00
  8.64221810e+00 9.46132505e+00 2.42609227e+01 3.69493289e+01
  6.70007866e+01 6.07387238e+01 7.45852123e+00 5.78344619e+00
  2.22433147e+00 2.36736306e+00 1.25672015e+01 1.42457411e+01
  6.33236603e+00 9.16957459e-30 6.61023288e+00 5.15768105e+01
  5.35614758e+00 4.85625097e+00 8.89748978e+00 1.12948804e+01
  2.04994014e+01 2.03308974e+01 4.85060320e+01 1.66979765e+01
  2.16027808e+00 1.45603897e+00 2.79138249e+00 2.98808206e+00
  3.45903209e+01 3.10585285e+01 8.01772966e+00]
 [9.51009722e+00 1.03284460e+01 9.64428745e+00 1.02205600e+01
  1.44522948e+01 1.37649592e+01 2.89287714e+01 2.40713083e+01
  4.78138247e+01 3.75017804e+01 4.32804331e+00 6.44932053e+00
  6.20505938e+00 4.61928005e+00 2.42775504e+01 1.62183241e+01
  3.15803380e+00 5.71559641e-30 1.34779534e+01 4.44377963e+01
  8.17348700e+00 7.65898423e+00 1.79616452e+01 1.19177838e+01
  1.03850606e+01 9.72365678e+00 9.40814291e+00 4.79783702e+00
  2.03985582e+00 2.02798763e+00 8.14035859e+00 4.90788306e+00
  5.22729004e+00 3.90521916e+00 3.02976763e+00]
 [6.34068793e+01 6.89614224e+01 2.00997518e+01 2.06998826e+01
  2.94560329e+01 2.81177306e+01 3.90625707e+01 4.74864020e+01
  5.08955512e+01 5.55128063e+01 8.27653311e+00 1.12759064e+01
  1.23560712e+01 1.32138033e+01 3.07361051e+01 2.87378169e+01
  8.12035997e+00 6.32640731e-29 1.90020024e+01 4.46900715e+01
  1.29957090e+01 1.38569562e+01 2.84616378e+01 2.71369286e+01
  1.89570497e+01 2.26268008e+01 4.50651290e+01 1.80499676e+01
  3.90239627e+00 4.44738096e+00 1.44987878e+01 1.23484136e+01
  4.31379778e+01 2.73772216e+01 1.37584369e+01]
 [2.13944348e+01 2.20865300e+01 1.34943131e+01 1.18425914e+01
  1.83333224e+01 1.51784994e+01 2.24035665e+01 2.49791277e+01
  3.25718032e+01 3.30517587e+01 6.23719018e+00 5.87690150e+00
  4.34665117e+00 3.35162683e+00 1.70543101e+01 1.83967507e+01
  4.76365638e+00 6.05885237e-29 1.67147811e+01 3.30242651e+01
  9.04992724e+00 7.26358712e+00 1.53724702e+01 1.30296996e+01
  1.16398895e+01 1.14237513e+01 1.89713329e+01 8.74639648e+00
  2.49942581e+00 2.50851735e+00 7.04290318e+00 5.86493110e+00
  4.72001051e+00 5.09588612e+00 1.25867684e+01]
 [2.91520425e+01 4.31491462e+01 1.12769089e+01 1.24060755e+01
  1.95182351e+01 1.39326013e+01 3.59880128e+01 2.93261002e+01
  5.47814682e+01 5.01711432e+01 4.05298817e+00 7.23202053e+00
  1.09230383e+01 1.53899381e+01 3.30415176e+01 2.30135272e+01
  3.33058164e+00 3.73975903e-29 1.78342151e+01 5.24899663e+01
  8.40262041e+00 8.99953189e+00 2.91182113e+01 1.87305494e+01
  9.67481450e+00 1.62804439e+01 3.05909612e+01 8.43282705e+00
  2.06117253e+00 2.53859142e+00 1.29077412e+01 8.67936276e+00
  1.72368223e+01 1.22526892e+01 4.63030285e+01]]