[[6.56303847e+00 9.99732462e+00 8.72972331e+00 9.79360527e+00
  1.06874525e+01 1.09930575e+01 1.76556656e+01 1.64206621e+01
  1.79948813e+01 1.38652565e+01 4.46905120e+00 4.76592313e+00
  3.26027839e+00 2.47028349e+00 7.50492804e+00 6.59240611e+00
  4.97584017e+00 5.44959345e-29 4.50897353e+00 1.50195555e+01
  6.62723040e+00 6.36198331e+00 8.29850605e+00 7.44242302e+00
  5.90532824e+00 8.86302904e+00 7.58452493e+00 5.85972970e+00
  2.55099871e+00 1.66929306e+00 2.38228537e+00 1.62011880e+00
  1.44147984e+01 7.24440851e+00 9.66346904e+00]
 [5.74772220e+01 7.19956593e+01 3.09037152e+01 1.73250599e+01
  1.93627548e+01 1.32887963e+01 1.74328524e+01 1.56187896e+01
  1.91954470e+01 1.79631510e+01 1.21681215e+01 9.67662260e+00
  6.06575583e+00 5.71498455e+00 9.74225017e+00 9.52010591e+00
  8.24898641e+00 7.21293867e-29 6.14734612e+00 1.88539984e+01
  1.66302457e+01 1.04533041e+01 1.23079844e+01 1.04502098e+01
  2.31162163e+01 2.63164512e+01 5.85647831e+01 2.33868170e+01
  4.82457687e+00 2.97676888e+00 3.93452505e+00 4.00867365e+00
  5.41865175e+01 4.95076852e+01 1.16527506e+00]
 [2.34915602e+01 2.32373473e+01 1.77761101e+01 1.14096092e+01
  9.57495306e+00 6.56293092e+00 9.66665470e+00 8.28439964e+00
  8.24389139e+00 7.95283348e+00 5.85494294e+00 4.42304237e+00
  2.35429389e+00 1.71283823e+00 4.09904009e+00 4.13354129e+00
  3.23943279e+00 1.11715289e-28 3.00634871e+00 7.98753121e+00
  7.55350800e+00 4.99356756e+00 5.57103879e+00 4.55181475e+00
  1.30686543e+01 1.57265800e+01 2.11299506e+01 8.69591821e+00
  1.59882232e+00 1.45409049e+00 1.55075648e+00 1.48205870e+00
  7.66931000e+00 1.84096923e+00 6.47266513e-01]
 [1.20642374e+02 9.50892668e+01 3.66269360e+01 2.61367824e+01
  2.30884478e+01 1.95043702e+01 2.15393707e+01 2.04635991e+01
  2.32547019e+01 2.15046958e+01 2.24702299e+01 1.70067110e+01
  5.16515266e+00 4.12998325e+00 1.17303666e+01 1.14348222e+01
  2.20684610e+01 2.27203789e-29 9.13511606e+00 2.13447936e+01
  1.77079344e+01 1.40691437e+01 1.59865306e+01 1.31960248e+01
  5.90637919e+01 3.39716853e+01 8.38076528e+01 4.91463371e+01
  8.32501744e+00 5.28368966e+00 4.07268174e+00 4.03061538e+00
  6.53591103e+01 4.23275250e+01 1.17671827e+00]
 [4.85573000e+01 4.64572447e+01 2.55865240e+01 1.94208423e+01
  1.46981674e+01 1.30597290e+01 1.72439936e+01 2.05704995e+01
  1.81590383e+01 1.83525023e+01 1.14657427e+01 1.01185110e+01
  4.56339404e+00 3.98583632e+00 8.81924830e+00 1.01748411e+01
  8.32381991e+00 9.34312057e-30 5.88573034e+00 1.68423754e+01
  1.24044739e+01 9.84613386e+00 1.01238076e+01 9.76584748e+00
  2.32623185e+01 1.97466128e+01 3.95257003e+01 1.78144911e+01
  4.05481149e+00 3.22725948e+00 2.65370849e+00 2.76174417e+00
  1.31151466e+01 1.51482094e+01 3.81093831e+00]
 [1.15611120e+01 1.15464191e+01 1.04068334e+01 7.37815269e+00
  7.93876490e+00 5.80366051e+00 6.61969741e+00 6.05353250e+00
  6.35709420e+00 5.88930679e+00 3.19843304e+00 2.58526198e+00
  2.27821445e+00 1.75644825e+00 3.38108472e+00 3.17404022e+00
  1.60263386e+00 1.20457965e-29 2.14576170e+00 5.84624783e+00
  6.50236678e+00 4.01175037e+00 4.62127905e+00 3.83731783e+00
  5.87045485e+00 3.68207097e+00 1.39405296e+01 2.43858631e+00
  1.60598146e+00 1.11557153e+00 1.50402695e+00 1.19055801e+00
  1.28407623e+01 6.93850931e+00 2.87337237e+00]
 [4.89451941e+01 4.23859416e+01 3.02429701e+01 2.60154352e+01
  1.80245797e+01 1.45152254e+01 2.09513363e+01 1.76419151e+01
  2.30862168e+01 2.39691674e+01 6.05858184e+00 8.37025144e+00
  5.55555351e+00 4.86322126e+00 1.17725034e+01 1.02884917e+01
  3.31553130e+00 4.03659576e-29 8.84683557e+00 2.23738123e+01
  2.85467362e+01 1.04244693e+01 1.32242599e+01 1.07115462e+01
  1.66828388e+01 1.99584815e+01 3.91523050e+01 7.54543373e+00
  3.50511037e+00 2.83458763e+00 3.79259719e+00 3.33968492e+00
  9.68266983e+01 7.89815994e+01 4.73358635e+01]
 [1.71009147e+01 1.12852026e+01 1.32325627e+01 1.15277808e+01
  1.03510223e+01 1.10558357e+01 1.27397600e+01 1.39835322e+01
  1.23436139e+01 1.18325806e+01 5.98009493e+00 5.64541628e+00
  3.39606927e+00 3.21458637e+00 6.58837756e+00 6.93285817e+00
  7.01035100e+00 5.58734515e-29 4.40257009e+00 1.18023485e+01
  6.77503785e+00 6.85324499e+00 8.03755996e+00 7.46824559e+00
  9.50056623e+00 7.69896541e+00 1.05037495e+01 1.14915879e+01
  2.81305106e+00 2.22519697e+00 2.06033619e+00 2.30850171e+00
  2.06774661e+01 1.29411692e+01 5.37618485e+00]
 [3.68702007e+01 3.77857576e+01 1.00406449e+01 1.14805158e+01
  1.14909773e+01 8.22595227e+00 1.56499156e+01 1.58441134e+01
  1.46079585e+01 1.52778710e+01 3.79592094e+00 5.71558656e+00
  2.65953277e+00 2.16201768e+00 6.23713495e+00 5.40030453e+00
  4.49730360e+00 4.51488261e-29 3.52679090e+00 1.54839601e+01
  5.89157353e+00 5.59987998e+00 8.30985355e+00 5.60731985e+00
  9.14698275e+00 1.13476538e+01 2.61353830e+01 8.69979630e+00
  1.53906810e+00 1.92255590e+00 1.97322136e+00 1.48967429e+00
  3.68226221e+01 7.29455142e+01 2.11263272e+01]
 [1.35030351e+01 1.45144495e+01 6.92878105e+00 7.51513101e+00
  4.34875421e+00 4.73900330e+00 5.74048385e+00 7.27633130e+00
  6.69727895e+00 7.56066177e+00 2.87510510e+00 9.70710402e+00
  1.82654723e+00 2.36902981e+00 3.46905874e+00 3.56212881e+00
  2.48462129e+00 4.70826957e-29 2.69769555e+00 8.33012521e+00
  3.66823361e+00 4.64386161e+00 3.60981616e+00 4.27452367e+00
  6.74436303e+00 9.52686238e+00 1.26960316e+01 4.89195333e+00
  1.23425778e+00 1.43624122e+00 1.66549364e+00 1.32840288e+00
  5.04265043e+00 4.27539348e+00 2.55660013e+00]
 [1.20515629e+01 1.17052963e+01 1.74863830e+01 1.52740768e+01
  1.48568843e+01 1.21198551e+01 1.13882949e+01 1.00089457e+01
  1.07465237e+01 1.00151950e+01 5.51870070e+00 6.22460141e+00
  3.19841767e+00 3.02731024e+00 5.60017253e+00 4.96670237e+00
  4.98268118e+00 4.44702040e-29 3.09045194e+00 1.00997729e+01
  9.27998378e+00 8.80274137e+00 7.60438287e+00 6.53833120e+00
  8.73268822e+00 9.98262950e+00 1.18906185e+01 8.94291737e+00
  2.18769702e+00 1.86529945e+00 1.88744890e+00 1.83382423e+00
  5.05637847e+00 6.15262014e+00 1.61891119e+00]
 [2.02621788e+01 2.63096120e+01 1.72147414e+01 2.08197202e+01
  1.92823105e+01 1.77168456e+01 1.83850698e+01 1.68256832e+01
  2.02759125e+01 1.91907966e+01 7.76884130e+00 9.13340387e+00
  6.38113933e+00 4.56721140e+00 1.15302018e+01 8.55683827e+00
  8.10047870e+00 2.20061700e-30 6.61754578e+00 1.82028364e+01
  1.22771694e+01 1.12473401e+01 1.45618127e+01 1.20754052e+01
  1.09259335e+01 1.47340302e+01 2.23237910e+01 1.09741458e+01
  4.79154655e+00 4.43845075e+00 4.33907130e+00 3.10216885e+00
  2.80446974e+01 2.34969904e+01 4.04843445e+00]
 [7.13451845e+00 8.20139564e+00 6.75876874e+00 5.57610556e+00
  6.08257408e+00 4.19535823e+00 7.30683751e+00 5.23445428e+00
  7.36427095e+00 6.21586835e+00 2.64265980e+00 2.30895905e+00
  1.89357285e+00 1.07484733e+00 3.79722966e+00 2.51950168e+00
  1.83497324e+00 6.64685553e-30 2.22749455e+00 6.57699694e+00
  3.54294383e+00 2.76099053e+00 4.47017940e+00 2.87740527e+00
  5.15651360e+00 3.89656351e+00 6.78490094e+00 3.07026160e+00
  1.12504961e+00 8.43384912e-01 1.78632622e+00 7.94601973e-01
  6.76292110e+00 5.41842516e+00 1.30400380e+01]
 [2.29426179e+02 2.52789059e+02 1.08799756e+02 1.14664701e+02
  9.51569420e+01 7.96387683e+01 9.16411215e+01 9.96140854e+01
  7.57900277e+01 8.30735072e+01 5.47549999e+01 6.40934554e+01
  2.02965072e+01 2.21280694e+01 4.89277427e+01 3.84259965e+01
  4.74120498e+01 1.30056535e-28 4.52614720e+01 7.26023522e+01
  6.67530276e+01 6.42407840e+01 5.57383992e+01 4.97630770e+01
  9.65253275e+01 1.16462738e+02 2.04188405e+02 8.48737288e+01
  2.05453972e+01 2.05474504e+01 2.14655447e+01 1.31220823e+01
  1.91983480e+02 1.33950438e+02 1.37484520e+01]
 [5.25374644e+01 6.18268338e+01 1.43904755e+01 1.90324440e+01
  1.19027902e+01 9.23636635e+00 1.54768925e+01 1.66721752e+01
  1.61321313e+01 1.83239475e+01 4.84984693e+00 9.49768521e+00
  3.16094263e+00 2.87604773e+00 9.09294118e+00 8.36160096e+00
  5.88899758e+00 5.08591812e-28 5.38950403e+00 1.57717143e+01
  6.51831717e+00 7.83798553e+00 9.34127713e+00 6.89823297e+00
  1.77751087e+01 4.42696399e+01 5.21341115e+01 1.62619844e+01
  2.24094491e+00 3.20510270e+00 3.46069116e+00 2.09546090e+00
  8.65437597e+01 4.64453886e+01 1.34099700e+01]
 [6.89585685e+01 6.81708104e+01 2.30846826e+01 1.53598556e+01
  1.38876907e+01 1.08513555e+01 1.48149082e+01 1.42133758e+01
  1.60781579e+01 1.56737981e+01 1.16171620e+01 9.31195658e+00
  3.45680922e+00 2.99753131e+00 7.37980926e+00 6.52029436e+00
  9.37363427e+00 5.42168562e-30 4.53184666e+00 1.51925149e+01
  1.16311334e+01 1.07285410e+01 9.09602815e+00 9.41256783e+00
  2.85520970e+01 2.64219728e+01 6.36687116e+01 2.38398452e+01
  3.70308103e+00 2.49318241e+00 2.44535507e+00 2.15132032e+00
  4.12236488e+01 4.12253341e+01 1.23111219e+01]
 [1.49036032e+01 1.32981422e+01 1.60453724e+01 1.38102855e+01
  1.55732401e+01 1.62323550e+01 1.74465039e+01 1.97299291e+01
  1.87581497e+01 1.97177529e+01 7.52319998e+00 6.69241522e+00
  5.31870358e+00 5.08249476e+00 9.99248643e+00 9.01913043e+00
  3.52203037e+00 8.04084735e-30 5.09479746e+00 1.89484472e+01
  1.08836173e+01 9.30702796e+00 1.07036418e+01 1.14325667e+01
  1.21575525e+01 1.06478594e+01 1.33861577e+01 6.18387151e+00
  3.22776425e+00 2.10496349e+00 3.23282814e+00 2.86618561e+00
  7.60498954e+00 5.74238067e+00 2.89853325e+00]
 [7.64952750e+01 8.39030602e+01 3.28291616e+01 3.10940809e+01
  2.84716519e+01 2.38014774e+01 2.47309657e+01 2.13434764e+01
  2.65638666e+01 2.68811164e+01 1.34800849e+01 1.60713503e+01
  7.51433314e+00 6.36110723e+00 1.48781222e+01 1.14711663e+01
  1.11030662e+01 6.34816307e-29 1.08084923e+01 2.59390802e+01
  1.86782559e+01 1.53857364e+01 1.77035000e+01 1.45139666e+01
  2.60149905e+01 3.09336323e+01 5.43471932e+01 2.44261943e+01
  5.31819828e+00 5.01958300e+00 6.25193759e+00 4.56845985e+00
  3.10469811e+01 3.72050152e+01 1.87192921e+01]
 [1.89506950e+01 2.39944970e+01 2.36389933e+01 2.46004812e+01
  2.79717963e+01 2.63074507e+01 3.35530386e+01 3.61521874e+01
  3.34118664e+01 3.18743544e+01 1.14245337e+01 1.12349244e+01
  7.64354334e+00 6.91151321e+00 1.75820706e+01 1.69814092e+01
  8.43217249e+00 1.14500849e-28 1.03406166e+01 3.17540253e+01
  1.55500076e+01 1.51592862e+01 2.23942125e+01 2.09800911e+01
  1.50989016e+01 1.57221075e+01 1.88573878e+01 1.19843831e+01
  5.04717587e+00 4.97306385e+00 6.41887229e+00 5.35136792e+00
  7.81603934e+00 1.64913546e+01 1.91128743e+01]
 [1.85500877e+01 2.27739344e+01 1.61188128e+01 1.37269066e+01
  1.04199652e+01 1.03838834e+01 1.16227564e+01 1.13267226e+01
  1.26508740e+01 1.22934013e+01 5.84865724e+00 1.01115076e+01
  4.08168776e+00 4.59090934e+00 6.70671066e+00 6.65717805e+00
  4.38392122e+00 9.21651187e-30 4.45869198e+00 1.23715565e+01
  7.11866288e+00 7.88458603e+00 7.83124342e+00 7.82098946e+00
  1.04379949e+01 1.23432723e+01 1.88489493e+01 8.06712596e+00
  2.60470777e+00 3.30191823e+00 3.34914119e+00 2.49589384e+00
  1.30671458e+01 7.69038832e+00 3.36135910e+01]]