[[5.80488753e+00 1.18301913e+01 6.79067820e+00 5.46227973e+00
  7.40524582e+00 7.29606535e+00 9.33538085e+00 1.03767304e+01
  9.05465623e+00 7.73530708e+00 5.40143780e+00 3.04615481e+00
  2.48300064e+00 1.71624739e+00 4.76542523e+00 4.93901594e+00
  1.66164134e+00 2.61883874e-29 2.89843904e+00 7.69170593e+00
  1.10024097e+01 3.79128367e+00 5.69459721e+00 4.87239509e+00
  1.03366244e+01 6.82068843e+00 7.22265923e+00 2.84598473e+00
  1.05146054e+00 9.62632258e-01 1.55519235e+00 1.09133399e+00
  1.40567192e+01 7.67347586e+00 6.54557783e+00]
 [8.93174491e+00 9.82623922e+00 1.70915596e+01 1.06488374e+01
  5.91174766e+00 7.52131051e+00 4.58367135e+00 5.13936441e+00
  5.79148905e+00 5.40073960e+00 6.10556836e+00 1.39473629e+01
  1.87416134e+00 3.28237723e+00 2.91271705e+00 2.89897389e+00
  1.99123822e+00 2.09484264e-29 1.67347197e+00 5.26972972e+00
  7.96679009e+00 1.51324014e+01 3.23362992e+00 5.38868827e+00
  9.07050875e+00 1.26530346e+01 7.05838821e+00 4.36936817e+00
  1.47713333e+00 2.01428866e+00 1.10256265e+00 9.95992519e-01
  2.61243924e+01 1.74741727e+01 8.09873291e-01]
 [2.02719369e+01 2.22133857e+01 1.20347350e+01 1.31015997e+01
  1.03791727e+01 1.03693989e+01 1.10235553e+01 1.07879139e+01
  1.36123146e+01 1.16881848e+01 6.22732286e+00 5.91268703e+00
  4.15001466e+00 3.98972905e+00 9.48828140e+00 7.52044618e+00
  3.34428095e+00 1.39628521e-28 6.36483196e+00 1.18597300e+01
  7.10838543e+00 1.05574224e+01 8.72288368e+00 8.05495767e+00
  1.94393326e+01 1.58097858e+01 1.96392326e+01 9.34412719e+00
  2.48986570e+00 2.36733461e+00 4.22749441e+00 2.84494765e+00
  8.13294748e+00 4.64195105e+00 1.33866489e+00]
 [7.63138734e+02 3.19550050e+02 6.60537554e+01 4.14519031e+01
  5.17550136e+01 9.03826102e+01 2.44509411e+01 2.07899484e+01
  2.80268290e+01 2.30320615e+01 6.07283252e+01 8.29973892e+01
  5.33893971e+00 4.31035775e+00 1.01946280e+01 1.07170925e+01
  2.74034986e+01 6.50552232e-29 7.46169646e+00 2.23475494e+01
  1.48811285e+01 3.86449753e+01 1.37326421e+01 1.45222554e+01
  3.18752690e+02 1.41471634e+02 2.12938351e+02 1.67874984e+02
  1.38117554e+01 1.23369049e+01 3.18817547e+00 3.33157990e+00
  4.53106322e+02 2.23214629e+02 2.48516980e+00]
 [1.00262994e+02 8.64263291e+01 6.98858877e+01 3.46578417e+01
  5.39720250e+01 3.90612755e+01 1.57930720e+01 1.80292735e+01
  1.63239024e+01 1.63171724e+01 2.66045361e+01 2.50995908e+01
  9.05650111e+00 6.58462781e+00 1.04441370e+01 1.11822788e+01
  1.10331011e+01 1.85707878e-29 6.41320755e+00 1.47744786e+01
  2.27318880e+01 1.55169028e+01 2.35322528e+01 1.40422827e+01
  1.20420798e+02 1.17145511e+02 7.75101454e+01 3.04980046e+01
  6.49163123e+00 6.22224747e+00 4.15944113e+00 3.52222207e+00
  3.54161707e+01 3.95385879e+01 7.87744035e+00]
 [7.02742261e+00 6.98851644e+00 5.27242011e+00 5.44887087e+00
  4.38975766e+00 3.42648616e+00 4.09994324e+00 4.72822276e+00
  4.87827076e+00 4.31261593e+00 2.27987877e+00 1.81400809e+00
  2.02123911e+00 1.42541393e+00 2.54583617e+00 2.54614397e+00
  8.35129276e-01 7.48811093e-30 1.64951072e+00 4.32864983e+00
  5.73419200e+00 3.10654734e+00 2.73763428e+00 2.86508468e+00
  8.31273566e+00 2.79500204e+00 7.00421808e+00 1.49245616e+00
  9.60040117e-01 7.66816847e-01 1.20069846e+00 8.83085867e-01
  9.05690684e+00 5.67669796e+00 3.35529379e+00]
 [4.87209038e+01 3.50457973e+01 1.84879566e+01 1.75783046e+01
  1.90750788e+01 1.54935715e+01 2.22832851e+01 1.95043480e+01
  2.78341742e+01 2.97632448e+01 6.65000716e+00 1.00891774e+01
  6.54162078e+00 6.35140621e+00 1.24702618e+01 1.29717723e+01
  4.03337214e+00 3.92749714e-29 9.77088490e+00 2.86944738e+01
  1.43164218e+01 1.08944569e+01 1.40099528e+01 1.30237579e+01
  1.36891770e+01 1.69801494e+01 3.35607163e+01 8.83265295e+00
  4.84170499e+00 4.78681363e+00 4.80808308e+00 4.63040264e+00
  8.32288261e+01 5.95736086e+01 6.85633175e+01]
 [1.89665014e+01 1.23625856e+01 6.80058681e+00 4.39415644e+00
  5.62186038e+00 1.47297852e+01 6.61423431e+00 1.13532204e+01
  1.03825984e+01 1.44520869e+01 4.03010231e+00 5.58682914e+00
  2.06959264e+00 2.12505353e+00 3.82657051e+00 5.19477997e+00
  1.83961894e+00 2.49133336e-29 2.84522733e+00 1.14581704e+01
  3.35023896e+00 3.38321220e+00 3.58393662e+00 5.43572718e+00
  7.50358208e+00 9.26354758e+00 1.03127658e+01 6.05826211e+00
  1.05187865e+00 1.03901160e+00 1.41442842e+00 1.46211387e+00
  1.83810371e+01 1.00361715e+01 7.28988959e+00]
 [2.84812368e+01 2.89212738e+01 9.51263164e+00 7.45835745e+00
  6.45295114e+00 5.25599222e+00 8.71508563e+00 8.47101849e+00
  1.03198301e+01 1.16174996e+01 3.76236223e+00 4.75901134e+00
  2.08347658e+00 2.00004904e+00 5.47789378e+00 4.83445587e+00
  3.36081946e+00 1.82755034e-29 3.81121640e+00 1.10897061e+01
  3.85648438e+00 4.51901628e+00 5.22681118e+00 4.41520537e+00
  1.21304386e+01 8.78841026e+00 2.24521736e+01 6.79964036e+00
  1.45546927e+00 1.82765984e+00 2.07352539e+00 1.68597673e+00
  2.60281973e+01 3.05803442e+01 1.44753230e+01]
 [2.13756492e+01 2.09068235e+01 7.09253708e+00 7.36373486e+00
  3.67279862e+00 3.47426278e+00 5.21780033e+00 6.43609978e+00
  8.59994925e+00 7.76279357e+00 6.28657853e+00 4.01767475e+00
  1.50843240e+00 1.51094109e+00 3.52814727e+00 3.32236070e+00
  2.80049833e+00 3.17182087e-29 2.48420328e+00 8.39407397e+00
  4.15215481e+00 2.99304332e+00 3.18793896e+00 3.27511492e+00
  2.42248176e+01 7.90353845e+00 1.60815228e+01 6.50927744e+00
  1.24805060e+00 1.17773760e+00 1.46772463e+00 1.10107150e+00
  6.87021780e+00 9.62549662e+00 3.74718814e+00]
 [7.18438854e+00 7.92392663e+00 1.02568560e+01 9.47313654e+00
  8.90678055e+00 8.63568809e+00 1.02703673e+01 1.39639854e+01
  1.24055775e+01 1.39819307e+01 4.87662955e+00 5.94092266e+00
  6.20482940e+00 4.45776536e+00 7.40014152e+00 6.35644128e+00
  2.96996595e+00 3.63559886e-29 4.38598316e+00 1.21270354e+01
  6.85628901e+00 6.50621079e+00 7.51606122e+00 6.71684366e+00
  6.27086481e+00 8.35608528e+00 7.40852910e+00 4.66152096e+00
  2.08149132e+00 2.05475319e+00 3.27414525e+00 2.76386016e+00
  3.77208135e+00 3.70388582e+00 2.54692965e+00]
 [2.03848091e+01 2.62747635e+01 7.00764304e+00 1.03454407e+01
  9.12135536e+00 2.11728294e+01 9.08990195e+00 1.01869462e+01
  1.52150190e+01 1.27482633e+01 4.89351346e+00 5.20110685e+00
  3.17737499e+00 3.21971645e+00 6.46558833e+00 6.16905412e+00
  3.64373875e+00 1.79577239e-30 4.25842066e+00 1.26078475e+01
  6.59280822e+00 6.17049251e+00 6.26468992e+00 7.23879579e+00
  9.29715173e+00 1.48358423e+01 2.09198593e+01 7.11819144e+00
  2.49901537e+00 2.08693263e+00 2.38848165e+00 2.03180662e+00
  2.19669727e+01 2.83191933e+01 4.32166502e+00]
 [1.62654550e+01 2.48711061e+01 1.71861885e+01 1.98662406e+01
  1.42047926e+01 1.33832507e+01 1.78617231e+01 1.73154160e+01
  2.12180991e+01 2.14161847e+01 9.86299105e+00 1.08880509e+01
  5.60313145e+00 4.69280708e+00 1.05819002e+01 9.21561273e+00
  5.88183369e+00 1.84240696e-29 6.83238810e+00 1.97240182e+01
  1.32563451e+01 1.19497209e+01 1.11340896e+01 1.04066271e+01
  1.68356161e+01 2.00211508e+01 1.71626020e+01 9.28639180e+00
  3.57262507e+00 3.36252340e+00 4.43541119e+00 2.85856244e+00
  1.17860549e+01 2.15713626e+01 3.78119195e+01]
 [1.01083048e+02 1.16265651e+02 2.00327720e+01 2.63304658e+01
  1.82717001e+01 1.77383228e+01 2.51229203e+01 2.50378456e+01
  2.79024711e+01 2.91576160e+01 1.49673454e+01 1.58852064e+01
  6.66339726e+00 6.84219349e+00 1.53197635e+01 1.32197664e+01
  1.19537804e+01 3.05444318e-29 9.25792287e+00 2.53180797e+01
  1.25759428e+01 1.29389500e+01 1.42622515e+01 1.47398096e+01
  3.30189724e+01 4.31911032e+01 8.10328252e+01 2.39611305e+01
  5.72947498e+00 5.36817795e+00 5.32290808e+00 4.39526973e+00
  1.26060839e+02 7.24866418e+01 1.18190334e+01]
 [4.62498944e+01 5.97335600e+01 8.27059742e+00 1.03013521e+01
  9.22665171e+00 6.82498098e+00 1.57478115e+01 1.39847637e+01
  2.14503115e+01 2.18577327e+01 4.97473018e+00 7.22587734e+00
  3.55413505e+00 2.50973924e+00 1.01930648e+01 7.35483992e+00
  5.36805062e+00 5.24736178e-28 5.23663676e+00 1.96904565e+01
  4.54333642e+00 5.01946216e+00 8.71929953e+00 6.05228369e+00
  1.64644181e+01 3.71384371e+01 4.80948420e+01 1.50079871e+01
  2.33789608e+00 2.52082482e+00 3.84900319e+00 1.89034864e+00
  5.54350326e+01 4.04368134e+01 1.78208148e+01]
 [3.52060048e+01 3.70812237e+01 7.99642249e+00 5.13913193e+00
  4.51440019e+00 4.38767871e+00 6.17298353e+00 7.38756863e+00
  1.11381319e+01 1.09641017e+01 5.30379402e+00 4.05378629e+00
  1.32667670e+00 1.39864491e+00 3.71483919e+00 3.72425677e+00
  3.79721405e+00 3.05423874e-30 2.29633416e+00 9.86534507e+00
  4.49492906e+00 3.81727895e+00 3.55785117e+00 4.33589862e+00
  1.34374209e+01 1.30005326e+01 3.42976435e+01 1.11353865e+01
  1.48875930e+00 1.08003964e+00 1.24179345e+00 1.16884977e+00
  2.62858969e+01 2.35811872e+01 9.51534489e+00]
 [1.27693498e+01 4.22798595e+01 1.39064742e+01 1.42514469e+01
  1.87924374e+01 1.60346171e+01 1.12111985e+01 9.49885696e+00
  1.48324487e+01 1.28963619e+01 1.17418430e+01 1.99661911e+01
  4.21988654e+00 3.92899273e+00 6.78295518e+00 5.77202614e+00
  2.23008103e+00 1.50472174e-29 3.52709212e+00 1.49910698e+01
  1.82711881e+01 1.11616720e+01 8.89056488e+00 8.13643309e+00
  7.76497355e+01 4.41697738e+01 2.07421903e+01 5.43848081e+00
  2.14645369e+00 1.89336626e+00 2.48836781e+00 1.85606931e+00
  1.85480651e+01 1.06203711e+01 8.19699622e+00]
 [4.89780890e+01 5.29233575e+01 1.11182230e+01 1.28446640e+01
  1.57992990e+01 1.76327583e+01 1.49096080e+01 1.97442889e+01
  2.29164702e+01 2.66068725e+01 5.64328990e+00 7.59959873e+00
  4.78400301e+00 4.92770843e+00 1.16344745e+01 1.17058849e+01
  4.48016139e+00 3.07229610e-29 7.74085802e+00 2.20651870e+01
  9.03594729e+00 7.62995937e+00 1.16801355e+01 1.39947076e+01
  1.28002697e+01 1.58252672e+01 3.23575671e+01 1.18869993e+01
  2.55466540e+00 2.67166463e+00 5.14850456e+00 4.37814847e+00
  2.96133759e+01 1.96293015e+01 1.35868944e+01]
 [8.69292442e+00 1.17488479e+01 7.19135043e+00 6.90138922e+00
  7.49358486e+00 9.80940351e+00 6.84543688e+00 7.64140840e+00
  7.35342330e+00 7.91557082e+00 3.24331451e+00 3.93098651e+00
  1.72812728e+00 1.97078389e+00 3.78355854e+00 4.25395917e+00
  2.20797843e+00 2.43649567e-29 3.04388087e+00 7.22875569e+00
  4.51384184e+00 4.73102609e+00 4.09703597e+00 4.56853333e+00
  5.13428586e+00 7.42434911e+00 8.91141517e+00 4.20401646e+00
  1.26127744e+00 1.37695542e+00 1.70069220e+00 1.55271098e+00
  2.44310527e+00 4.73953433e+00 1.37028620e+01]
 [1.92151879e+01 2.62685916e+01 8.50225160e+00 9.16321392e+00
  1.96631476e+01 1.64419045e+01 1.79598581e+01 1.62059243e+01
  2.33386207e+01 2.10878840e+01 4.12251087e+00 7.21837171e+00
  4.31371357e+00 6.10427289e+00 1.00636095e+01 8.39153280e+00
  2.84603150e+00 1.51283092e-29 5.03854153e+00 2.06479980e+01
  5.94261064e+00 8.44252604e+00 1.02719721e+01 9.78992936e+00
  8.17587045e+00 1.23365911e+01 1.98111616e+01 6.37749285e+00
  1.70138138e+00 2.34383095e+00 3.59389205e+00 2.44992402e+00
  1.37279063e+01 8.80929600e+00 1.20437078e+02]]