[[ 0.79651929  0.45987978  7.43612959  3.270489    4.65513184  1.37633429
  10.91957845  6.08990874  9.53833978  8.70198172  8.98130899 12.98405412
   9.41694201 15.02141935 10.94630519  8.40157604  7.89908733  8.50754691
  10.99744207  9.52749599  2.15746277  9.3008528  11.13848765  8.45868086
   0.5705631   0.63084695  0.80231323  7.07791555 18.20173589 13.68331719
  12.30211209 12.11818437  1.38526997  0.49505762  5.67838917]
 [ 1.16422089  1.23745152  8.93639538  2.876205   15.34972543 15.21868633
  12.40228653 11.05984633  7.87500942  7.9578419   5.65332305  2.86121988
  15.67007442 16.2918531  11.35712638 13.06695959  3.14317434 14.36182265
  10.12742496  7.78159206 14.45265138  6.87959995 14.98100328 16.43284328
   1.84264074  1.24885329  1.26092091  1.51260533  9.40003619  7.44302425
  12.35717672 16.68940203  1.53712052  1.40220226 12.6847285 ]
 [13.86990531 10.31420239  7.05823509  8.62269676 15.14534001 13.05536055
  17.90846073  6.75521071 11.10224914 11.56984429  3.63585633 11.9178611
  11.97587461 10.43694668  9.48721027 11.25345572 13.60822424 12.49889018
  10.03570023 11.94365453 17.84301557 13.02798225 13.14360664 11.34234634
  10.48332684  9.80291069 13.29468907  4.59843477 12.69129246 11.40043061
   7.1886131  10.8194925   3.41087711  2.25323959  5.1743538 ]
 [ 6.00732709  9.35375745 10.58418988  8.23031919 12.69068473  7.59660013
  16.12187097 13.93301629 14.09724604 14.60536682 12.50001588  7.54653141
  19.30726934 14.65832347 19.1362829  16.61484912 17.72033191  9.7630305
  19.88511989 15.80749127 18.67190439  9.90964357 20.16861785 15.44075495
   7.07178518  7.6042274   8.54465958  9.20928861 17.59349338 13.36905067
  19.32575491 21.39774537  4.45385195  4.04027763  8.26891902]
 [11.30921005 12.02160633  7.78122241  9.31072609  8.0991884   8.58211097
  18.79240167 17.66194676 17.56911426 17.62189926 11.09863487 11.10320193
  11.35763879 13.08104872 15.52396641 16.0760555  14.57942018  8.3660978
  16.67308778 17.79407285 11.00391433 11.83286499 11.26384021 13.56138329
   6.8762355   6.7094126  11.84970365 12.83914725 14.42581272 13.91070806
  13.35756527 13.09589904  7.98801942  5.79151925  8.69226961]
 [17.04247868  9.51743959  6.83897707 10.55353747 13.41896087 14.95483662
  13.72024201 15.65857908 12.77168509 14.09905892 13.33805642 14.70322761
  14.84047944 14.75136858 13.73662228 13.81985698 17.07639021 10.23316747
  12.41489836 13.40413586 11.14735326 13.2758813  15.89457095 15.47274513
   3.91905935  7.47474024 16.52872058 12.37226913 10.06325749 16.37536175
  15.81666959 12.80605751  3.70882909  6.1171592  10.08984663]
 [ 9.99947508  8.3850584   3.14210043  4.12179079  9.66957502  8.97008147
  10.14801886 11.1798507   9.09726383  8.58536407  9.84942531  6.03982382
  10.67590966  7.93936772 11.46808836 10.34121885  8.55711311  7.88042706
  11.21403612  8.98523079  4.27394854  6.22660623 11.32136567 10.18697401
   7.83315461  5.94495582  8.98312271  7.75254462  2.62085359  7.8072589
   8.98578969 11.39291365  4.75366847 11.4243381   2.83537496]
 [ 6.60414865  7.68385505  8.57287806 14.07535965 19.50650466 13.21059441
  20.09265332 17.02168681 15.18964742 13.6366495  13.8017491  14.00958
  16.85049262 19.53925464 17.46975171 16.21358643 24.19574454 20.37193369
  15.06811901 15.15997755 17.83793037 11.85633905 21.19393029 18.6292555
  10.4527049   8.80757126  7.48377697  9.18902138 21.02517103 18.76671226
  15.39558957 16.14717958  5.91235401  7.31036239  8.1851322 ]
 [10.69854367 12.76599539 14.05584212 11.93822655 17.0167022  15.30111077
  16.55923964 15.58320609 13.70996756 13.46172866 11.2125994  13.42523023
  14.21964415 14.14264224 11.68392353 12.05956561 10.01805993 10.36167265
   9.98492756 13.69621321 15.79153969 15.00624889 16.21658139 13.04108582
   9.88423038  8.40883209 10.89492503 10.48323774 11.39189682 10.70210183
  11.53333696 10.84010358 11.94955553 12.97916105 10.75332498]
 [ 3.2012695   3.53693703  4.50345804  4.46244396  5.29908669  5.87897038
   4.69143995  3.08457569  6.51021779  4.74799781  3.71329684  1.54450598
   6.26303662  8.05482219  4.37593431  8.09386674  6.77876281  1.82470258
   6.71785433  3.51211459  3.17950432  2.34598837  7.20356491  4.74900194
   5.30687674  2.21836176  4.01183921  6.3078075   8.92383059  6.19341849
  10.32221629  9.83638522  2.46902879  2.39055506  5.49825907]
 [16.79233789 17.64110811 15.31381724 15.57044163 13.78150841 16.85227632
  11.86392316 12.27348029 13.58503906 12.08180525 15.433164   15.07312952
  12.62324916 13.57759116 12.54243735 12.54704758 19.22341003 15.28767026
  12.08153763 13.31862125 15.45616028 16.98714828 13.4058504  15.10861592
  16.26706022 16.14124558 17.28398386 21.50034254 15.31023523 15.3357143
  12.61653004 11.33409274  8.02904851  8.13129488  9.26637313]
 [15.36504279 15.41509025 14.01929347 14.84272943 22.56582594 18.27506707
  27.67624038 26.14201362 21.12279173 24.41228672 19.22306582 19.17898313
  20.44996708 23.04794791 26.47265527 24.08893468 20.00122662 13.51389233
  26.93511439 25.9076649  19.49854764 19.04046598 26.4041394  22.66859622
  16.75887959 15.39733786 15.51140508 18.86840864 26.81448342 23.81891356
  31.34562752 24.70361148 12.13245391 11.15325893 11.24491518]
 [ 9.27572065  7.52582738  9.95944698  6.40735251  9.36018635  9.85588577
  10.66170922  9.05295853  9.3100123   8.84541214  9.06323485  6.85883132
   9.75180806  7.63979502  9.76014009  8.75377096  9.72957665  4.72726144
   9.45369097 10.00106138  9.15633291  7.43534523 11.01326281  8.97515426
   8.05891415  6.07399106  8.69172864  9.48229422 10.44135107  7.99832607
   9.11789136  9.47274587  3.07745529  3.22588887  5.74110696]
 [ 8.20270617  7.73294472 26.06219259 15.57997807 40.50909521 32.4498872
  34.70582716 34.5312201  32.50370353 32.20533706 26.65428394 22.81825777
  36.1407046  31.3475     30.82485343 32.13430965 23.64765938 25.81269604
  40.0205121  33.87018613 37.76541793 30.55940524 37.16764476 32.9372171
  13.69379306 12.50614777  8.92140933 16.26217689 33.52750749 31.8172036
  34.33107121 31.93666321  5.09559097  4.26634352 13.20433055]
 [ 3.55158603  5.08690753  1.60186175  4.02994009  9.81924408 10.849291
   8.81484697  9.35299472  6.3616139   7.2649191   7.82951096  6.7174033
   9.23067728 11.26359648  7.42524899  8.2717886   8.45836963  5.21687099
   7.31900055  7.0808034   8.52390134  9.74512581 10.12538878 10.31505409
   1.56183723  2.78237036  2.33345583  1.54122006  9.42067911 10.49638173
   7.47983311  8.72803401  1.56443306  3.46959913  7.38366994]
 [ 5.96668902  6.41011623  9.25928534 15.72671921 19.33812835 13.46403218
  15.26489928  9.80647738  8.01273922  7.71120154  9.05118901 14.65655048
  19.21818334 16.01857675 11.93125611  9.47598133  9.58672857 11.3546646
   9.64645349  8.24845392 12.62841286 14.38336408 18.64265349  7.89694793
   6.61716597  8.73900366  6.20079613  7.82397638 11.7021092  16.16804077
  12.5354501   9.85245931  5.57628248  5.11153087  8.47958173]
 [18.27397301  8.91133435 18.48748795 16.66136169 19.41804683 22.37408535
  20.07028898 23.83247021 15.30980314 18.14533217 18.79860782 11.80137676
  20.94313562 21.7298811  16.64848392 20.14708175 16.41112281 14.90876191
  15.1451352  16.07946325 16.67579738 18.64691561 18.44882646 23.73783974
   7.30199127  7.66605095 13.41617032 18.68643746 24.14297324 20.10330763
  15.24039915 18.47776199 10.01295565 10.39889778  6.96600474]
 [10.03986588 11.05236291 12.42492112 13.02515339 16.18772698 16.81189437
  20.28046949 15.81182446 16.24482702 14.53551738 17.51818765 19.69767568
  17.86976577 16.88779959 17.0036858  14.62146208 20.66919371 18.75359191
  17.48507201 15.9624968  18.75369717 17.67413019 19.25780497 16.8538613
  13.56264869 15.44104005 11.4024035  15.43975365 20.51840241 21.75992847
  16.10147473 14.721175    9.67143317  5.62534245 10.13966716]
 [ 9.68163793 11.88083049 11.65431368 15.24360338 30.67830638 23.63893712
  37.60630742 34.85443096 30.42283029 28.84529152 17.23287571 20.95304894
  30.49257457 30.50078244 32.59224664 29.69925836 25.7108655  36.16738876
  24.71196475 28.99389346 20.57682601 21.6980832  37.29485771 31.79468421
  11.21041799 18.75455065 10.94196733 15.50641867 25.21762886 30.06981375
  30.62616367 22.43936533 14.93059814  7.73044038 19.62597152]
 [ 2.32767029  3.19664154  0.27644792  0.54217909  0.25427034  0.55554421
   1.80656806  1.42024932  2.63926826  2.09941055  2.69698629  6.89596882
   1.56725871  3.34093088  2.55358165  2.26519809  2.52293163  0.55014257
   3.33972149  1.81916641  0.27252732  0.72446158  2.40097354  1.00321461
   0.33527091  0.94112311  7.10305849  0.80123633  7.20316668  4.27128318
   5.64952409  4.61359764  1.02436726  1.07806711  6.10629273]]