[[ 1.81721849  0.75317107 18.10306796  7.27088755 15.48823895  6.46574363
  58.28127819 74.21648855 68.67145762 66.84853282 13.83487628 21.2757907
  26.98298467 33.63160067 61.15239121 65.73915372  4.92688546 54.74421898
  46.4729094  64.8878852   5.14070575 26.11097837 48.79560633 60.05462158
   0.98835229  0.93857114  1.46007784  6.46768094 15.54871651 14.93133173
  47.36248888 41.9515835   0.83140506  0.4784514   7.73198295]
 [ 0.18336995  0.19526759  4.39020022  1.65656824  7.60917694  7.05344393
  11.26971333  9.91691588 13.78232667  9.11973012  2.18021155  1.42579118
  26.97214399 22.05049816 13.44312477  9.21145728  0.9356082  11.32619012
   6.49014805  9.63495631  6.49642849  3.64647167 15.57616664 10.96303366
   0.56069289  0.39083839  0.19782157  0.32276785  3.91302405  4.51941458
  15.49985539 10.25167647  0.57855557  0.36799326 10.06423618]
 [ 9.53393712  6.67963603  4.24560043  6.29278557 15.37321447 20.19499691
  26.02579786 12.17187236 36.72298815 35.39449412  3.23923633  9.94707765
  34.13674193 35.27232433 42.26180629 36.47432317 14.66540391 13.94752249
  35.1328811  33.45211021 15.07705961 12.04185634 34.23570243 34.96940508
   8.31120125  6.317178    9.37462642  3.73563589 16.44555586 15.93839477
  50.61417357 33.70841596  1.97637053  2.59955082  7.51354038]
 [ 6.70311623 12.16472607 11.80672767 12.32743082 22.19701496 17.10027696
  33.18101429 34.90821353 34.95978395 36.39336696  9.99949818 11.78792759
  26.05511417 29.66391498 35.50277965 30.60988481 11.15891072 20.48465822
  31.4799058  33.59757004 19.63494196 18.04188379 33.22497799 28.94391602
   8.26027298 11.17373353  8.9833357   9.2327215  12.36327206 17.66742363
  40.26704141 23.76224419  4.55008765  3.81987851 20.8865151 ]
 [ 8.63671213  9.42999701  5.49495226  7.72400204 10.71300794 13.30615491
  23.24431297 20.92802082 20.97166443 18.48048412  9.03264092  9.0816559
  17.11704407 22.8104742  29.1377395  22.44194158 12.90714527  5.69296928
  24.92670647 18.79498331  8.48576127 11.50357529 16.77125056 19.09092229
   5.9514795   6.10650278  9.14765492 10.17204994 12.75272703 13.0198581
  37.39085495 22.93904497  6.40743228  4.11240137 10.0166058 ]
 [ 9.74690142  5.43419812  2.97014637  5.7577599   6.88952499 12.3982107
  10.31450701 16.48101049 14.37017423 14.8412142   8.23756635 10.96992766
  13.19048876 25.31736334 15.05257488 19.89924086 11.09287838  8.3402114
  18.03461316 14.23185312  5.86031101 11.85291968 10.35910312 20.68536447
   2.31816695  5.23618855  8.40894012  8.75495342  6.93970838 12.31944518
  16.49219852 14.16264177  1.66977027  2.63445654 11.09584946]
 [ 7.02247864  5.60146385  2.04359345  2.68195012 13.62732515 14.6376528
  27.47878189 44.64600008 49.99047773 57.07959465 12.28772217  4.77936365
  13.15101841  9.26570632 29.46780659 47.46637167 11.14854535 17.83909998
  50.30086453 54.34829346  2.72820564  6.00156501 19.07980437 23.25944347
   6.72526871  4.04699369  6.47210524  9.16009567  3.0872562   7.38246135
  21.42504732 38.77654712  2.71639164  7.91155117  3.88604489]
 [ 5.14242119  7.03111442  5.02018162  7.34159679 14.60303489 10.63006678
  21.7060735  22.32657238 22.97214748 20.23392903  8.5656129   8.66416325
  15.7142579  16.03665164 24.48180079 22.33567225  9.08325454 19.7049583
  18.0827106  21.66803615 11.81217881  7.05366833 19.92493479 16.72750262
   7.74593254  6.45563543  6.46609086  4.28412772 10.20960611  9.75673124
  23.5806729  18.6673418   3.89282496  4.33512973  7.5253365 ]
 [19.86113172 20.96429751 19.33823714 14.86665658 24.83902178 25.0588757
  24.82303318 30.53614002 25.5534945  27.62225431 22.89695061 20.94151245
  26.80389189 26.07099504 24.6158274  31.34372637 16.4835053   6.73973683
  32.68163723 22.67296655 24.20737926 20.98843833 24.60053743 26.91388986
  19.08763261 13.82974757 21.55168655 20.3570535  20.10280957 16.04376957
  28.82291589 29.58962801 15.4386566  10.57903358 11.5785772 ]
 [ 3.30353817  3.55215198  3.61672258  3.93986531  6.38125628  7.24532773
  14.00999463  9.00795552 34.84012537 19.16432783  3.47955822  0.70652762
   6.8668457   8.70283587 18.79729387 31.44599765  7.06047021  1.90829227
  26.05882378 11.82888358  2.72339463  1.88278621 14.56787452  8.5403968
   5.49031491  1.67859752  3.97874987  6.45279906  8.3404296   5.76968368
  23.27141112 23.1127689   2.28948859  2.10852172  5.67017418]
 [17.42147389 17.66472227 19.11600978 14.7241663  29.8878984  24.61932206
  39.22704395 28.81774575 24.37287914 25.92097075 17.6967959  12.77266111
  29.42244481 24.80887158 26.51780432 32.79677553 13.69477713 23.21929193
  33.1930179  24.57672925 23.5698533  17.43345787 31.57851133 26.04484134
  16.65420951 15.03680068 16.18240776 14.29520737 17.42398808 16.25750455
  26.73878494 26.35221177  5.60215929  4.81921686 19.56010767]
 [ 8.17044536  7.98140482  6.57910474  7.04642912 10.44652131 10.36218013
  16.02792285 15.68988975 16.40623806 16.95431952  9.47886635  9.65562258
   8.83578332 15.65641479 14.48536174 15.8223182   8.81707884  7.93112821
  16.24974932 18.29008564 10.01061868 11.44559132 11.87668702 13.19115031
   8.32873548  7.41941362  8.04679349  8.89719805 12.19997907 11.59582475
  15.89572544 15.37079091  6.83236265  5.93921753  7.15063358]
 [14.91218024 12.97721151 12.7760426  10.64628987 16.51136411 22.47870714
  35.4597198  35.43816822 36.52284287 32.31697337 15.29231691 15.86480543
  19.11689807 24.18685781 33.28040506 33.81746674 17.885627   14.15147005
  26.66482676 28.80471656 15.05626055 16.25012721 25.97544957 28.83077005
  13.21318337 13.75463872 14.69985516 17.14982187 15.96525297 18.81703023
  20.91293001 26.09126387  3.63374911  3.90712211 12.6495221 ]
 [ 3.18883213  2.96163084  9.023194    5.69939589 18.69690492 14.74362715
  32.83420344 25.29839784 26.38929604 26.05104333 11.96128214 11.00488913
  28.35888196 22.25572203 38.52214511 27.89837345 12.46187527 12.17801887
  26.99526062 22.4906974  15.79686273 13.3733194  31.62686035 22.35740125
   5.97384956  5.47032233  3.49219352  7.59307622 15.54355318 20.29585508
  35.63493501 30.01583053  1.92567779  1.40342413  8.51805966]
 [ 7.48685226 12.58370247  3.35114549  8.76659129 24.81462255 27.98451138
  43.73018823 42.17701592 43.87793366 40.31006043 24.70459379 17.2362367
  41.38263655 29.22827239 47.78040679 44.03678786 29.34056149 19.38807266
  45.63222208 40.52684938 20.8117193  23.47589883 41.1835995  37.00533941
   4.19331201  6.354404    5.42108345  4.40203629 28.88117038 29.0316065
  50.3748901  42.30215868  1.60360028  4.90717211 12.4198196 ]
 [ 4.54153812  5.05945687  4.18617554  8.60693971 12.03398939 11.73932459
  24.9978291  25.49308222 33.3906306  29.88226185  5.81109958  9.10285291
  12.36620456 12.65100611 20.317937   20.70341761  6.47632205 19.20388811
  14.07049022 28.00253588  5.81539567  6.51059876 18.23574158  9.47616891
   4.75089243  6.72439519  4.72407887  5.4800932   6.82669641  9.44226839
  14.30926587 13.68459944  4.67899873  3.85094822  5.52240439]
 [11.66075464  6.92128524 11.1121539  12.33055217 18.02035653 18.97311698
  33.27937827 29.0765737  39.02411784 34.51114655 10.81470506 11.3727046
  24.43328493 19.74943625 40.44883231 36.22875887 14.71505783 10.59744855
  40.06546456 37.70947052 12.52335592 15.34500951 30.95874119 24.7453131
   6.23740854  7.00066043  9.42923654 14.49811517 15.25767706 19.36815506
  38.37578392 31.64020315  6.88240569  7.07197539  7.28139852]
 [ 8.32203772  9.08413431  7.60719489  8.67107625 16.74740264 19.86062921
  32.0330101  35.17921061 31.12458885 30.01762828 10.75585656 13.82019205
  29.38385805 35.08069488 35.12722009 36.63000668 15.1166615  18.68932158
  30.73984542 27.50155815 13.04819859 15.91796716 30.96046947 31.51185642
   9.88306361 11.29454616  9.45496454 11.4093522  15.05602704 19.27942849
  37.34072241 39.79090609 13.43789488  4.13939482  7.45252387]
 [10.93010949 10.93610422  6.65286187  7.33822095 20.10722785 13.63885829
  25.10995856 24.08245093 29.65791941 29.91080546  9.4082372  10.96037675
  17.34020194 14.79086241 31.61392599 32.17458841 14.52505017 19.13809985
  39.94491781 30.15372116 11.9754783  10.39665824 25.6009934  19.74610983
   8.64221981 13.62713761 11.00808379 11.31683497 12.48809115 15.16784252
  33.60358269 24.59283936  9.0164055   2.38873306 12.92466816]
 [ 3.6580066   6.05658866  0.19340618  0.4900095   0.47628837  0.74540282
   5.59375005  3.67717788 11.42869575  8.56799715  1.86895095  4.93218123
   4.19415398 11.19968089 12.58056551  7.83067503  1.91673831  2.23229858
  13.35847192  7.71834842  0.32168171  0.82690646  8.92732495  2.40260659
   0.31075737  1.24131605 11.52793098  0.83755819  5.70005182  3.28386171
  21.77352067 16.04358602  1.35123895  1.71762734  8.41147396]]