[[ 0.32697501  0.32322961  2.90573029  0.84641662  1.31491871  0.34862694
   1.74573846  0.63855103  0.77276124  0.80632666  6.0734225   3.31279295
   2.75300055  3.27272429  1.31393338  0.98780577  0.92887297  0.9993654
   1.27849607  0.82397938  2.16981741  2.17893431  2.55876945  1.28394264
   0.55720913  0.24972574  0.40722297  1.45913861  2.81128683  2.66377104
   1.71135184  1.82611846  0.81588749  0.34209558  1.28065395]
 [ 0.10139687  0.09095846  2.57557994  0.82532239  2.24640279  6.07617816
   0.70420398  0.87297864  0.47377169  0.69673341  1.25275568  2.29994505
   1.42700889  4.83720773  0.669919    0.89507898  0.25825061  1.65911868
   0.61307496  0.56361711  3.27324248  6.22807016  0.97009662  5.39796937
   0.35695069  0.32506353  0.08537308  0.13804483  0.80380089  2.14457679
   0.8649008   1.10409506  0.51327772  0.25705151  4.16297342]
 [ 3.75153862  3.66622961  1.09017631  2.79601652  2.63300015  3.72840172
   2.55757977  1.24630928  2.37737925  2.49596241  0.94936243  4.12948109
   2.45148196  3.3724592   2.4150599   2.48092034  3.80021662  2.2337029
   2.17348792  2.57918269  2.63300514  8.78323675  2.35471516  2.64074187
   7.17453024  3.49902116  4.20363047  1.81824594  2.94624597  2.83000832
   2.11810509  2.5486878   1.61069444  2.72429066  4.4091143 ]
 [29.86450947 21.49110825 10.7137529   6.53538774 15.47370365 21.74788751
   8.91832419  6.15866329  6.75631665  5.4871962  22.644075   27.30884162
   8.1154526   5.49750169  5.51930213  5.04727464 15.43857603 16.61485921
   5.94551879  6.5767892   8.06341112 13.726055    7.85702657  9.28418275
  25.54660235 25.4124802  15.72111092 22.91442501 17.2791896  19.4472388
   4.96282404  6.46957294 25.92818904 18.0875099  10.46317665]
 [10.1192732   9.33377769 10.84049969  6.16588632 25.67227329 22.01373655
   4.07792017  3.63057268  3.92038148  3.1572492  13.41809137 13.39639679
   9.66373848  6.03359253  4.55880611  3.50279018  6.98020158  8.17434566
   3.52559688  3.58363196 10.38325938  7.62548365 19.25735851 11.41819639
  18.79949551 21.01416565 10.03352021 11.06646025  8.23867294  9.42111816
   4.35027954  3.05793085 11.64693811  8.75129151  7.58437636]
 [ 4.52284357  2.83373966  1.71716909  5.05831619  2.56305061  3.00640369
   1.80360047  2.63063128  2.45529668  2.84625327  3.59817528  3.94394784
   5.61966209  3.46161835  2.15672559  2.26889935  2.75599073  2.94971148
   1.94403836  2.55375343  7.38679378  4.93984895  2.22288184  2.60441666
   3.2303002   2.58729224  2.92105233  2.99212801  1.68244661  3.35901216
   3.19780208  2.30108523  1.37293521  3.33247446  4.86880853]
 [ 9.86351959  4.1296443   1.49021078  0.97107344  3.50692264  2.6002774
   2.70002727  2.6555158   2.4545224   2.4467574   2.84488436  2.27470519
   3.48893864  1.78453517  1.75541795  2.00103219  3.92041631  1.60007476
   1.56419082  2.65204233  0.77548967  1.42046629  2.40670052  2.21885335
   3.75968726  2.77875987  4.69082715  5.47330954  0.55337355  2.19046803
   1.63456063  2.27188202  4.69174435  4.66294112  2.56269729]
 [ 4.09317758  4.3734731   1.88776621  2.4308762   5.33911704 14.3960048
   3.91754516  4.67261966  5.60130246 10.15254612  4.54483663  9.38882493
   3.35027081  4.67363517  2.33776949  3.01473045  2.658344    2.63974765
   2.23907078  7.45668785  4.02124542  3.75072097  3.84487068  6.5908245
   4.64097099  6.95260578  4.02223958  2.63002238  2.67984165  3.39829127
   2.5100747   2.564034    3.01676394  3.10094346  7.21837078]
 [ 2.64324563  3.22006859  6.1339436   1.66988321  1.4622857   1.22796763
   0.97181453  1.3081534   1.31538099  1.7423884   3.17001508  1.93326498
   1.5718209   1.9145477   0.9473132   1.14554246  1.70409042  1.77518725
   1.01633022  1.57073928  2.67124635  1.75010131  1.10235565  1.17764646
   6.34037238  1.6693654   3.07844771  2.56710519  2.01379657  1.47591115
   1.29273621  1.35793096  3.0112811   2.84128416  2.52302685]
 [ 2.75601314  2.3082576   1.75365487  2.45059471  1.48361651  0.99956073
   0.99770693  0.50763302  2.73026761  0.92216918  4.18225499  0.19915062
   1.50013044  1.15897302  0.85790699  1.23543452  3.05813226  0.36810231
   1.1346475   0.7834962   1.52535318  0.4157571   1.45703104  0.67191155
  10.36985298  0.67447067  2.35346726  3.76776438  3.44948464  1.32757223
   1.6022896   1.75349274  1.76215608  2.74792922  3.68386654]
 [ 2.7517214   3.4648595   2.22521271  2.30310243  1.47058385  2.81161713
   1.8416133   8.25435199  4.55484991  7.47927216  2.67563569  3.62134072
   2.33357989  2.63837511  2.14936456  3.01763311  2.47025511  2.14412368
   2.19823933  5.44479256  2.25375343  2.67674916  1.79920128  2.81095824
   2.83444685  3.86629595  2.95354042  2.70029521  2.38637866  3.13155176
   2.53035469  2.41829103  2.83533251  2.1704006   4.07063482]
 [ 9.10259985  8.60191354  2.12402563  3.27160591  3.49322275 11.17657419
   3.33813505  4.47874846  4.39289224  3.52200078  4.2611579   3.99576386
   2.34765594  3.48573323  3.08260403  3.13461829  3.24884873  4.5089973
   3.1135369   4.70439846  4.55157583  2.68191205  2.30673514  3.71798567
   7.57719001  7.98297113  8.88703837  5.49417571  3.3117638   3.08831955
   3.21589993  2.94483038  4.81089056  9.41066816  5.22156222]
 [ 6.12096086  6.87931887  6.0991556   4.8068262   3.29173978  4.86806916
   3.74112632  4.5237119   6.46965305  7.58746191  6.36642403  9.11759366
   4.71811294  6.05031863  4.11774747  4.76581758  6.54355759  3.33105045
   4.43373153  7.63364574 10.12226917  6.12820473  3.9864337   4.86437594
   9.57894284 11.2092324   6.83103076  7.28579192  6.20788962  6.65361535
   3.65491147  5.41080724  1.87734833  5.63227988  6.72815502]
 [ 1.7981039   1.84797712  1.25714123  1.15102125  1.21895062  1.16574967
   1.23501558  1.05669304  2.147313    1.8299159   1.89676383  1.78221682
   1.79783111  1.89188035  1.28012437  1.6217241   1.8526524   1.15522482
   1.12935252  2.19128376  1.43284205  1.20958366  1.26151241  1.56634514
   1.97546002  2.07575499  1.73211678  1.76278409  1.98526237  2.14109427
   1.02835411  1.82749392  1.74716397  1.2054441   5.16208242]
 [ 0.94308569  1.20320308  0.2169104   0.47632831  1.86489743  1.2384856
   1.19182352  0.89954016  1.17578325  1.04121111  1.2842103   1.02072539
   1.42523828  1.42955268  0.94714856  0.77175804  1.31124174  1.05524723
   0.73740926  1.06808414  1.05187608  0.99078793  1.18420277  1.19575174
   0.35878623  0.5870226   0.61834453  0.32724753  1.4588316   1.36707817
   1.00344559  1.02252056  0.32508291  0.95377406  3.32400675]
 [ 1.18781945  1.38513276  1.47406176  2.55258098  1.7457133   1.43590434
   1.22939349  0.91545314  0.7482399   0.76792144  1.53685932  2.97967131
   2.5288353   2.69278885  1.29650854  1.14598349  1.49264584  1.75568349
   1.1119558   0.80840485  1.96385385  1.86583593  1.69909629  0.8541764
   1.17408607  1.69770608  1.38729471  1.45872246  1.71074205  2.95366853
   1.70522149  1.52563433  1.21680893  0.99284872  2.09593461]
 [ 9.07627003 16.42871685  7.85993171  7.61921613 10.9518694   8.0391063
   3.95241337  2.67173066  5.55303843  4.49713967 16.59687399 21.24712779
   8.79842238  5.37102601  2.80727666  2.30626079  4.37776886 15.29290588
   2.06416517  6.09714035 17.73317303 10.63200997  6.31698888  5.03375655
  27.18722361 21.14984627 12.40230556  9.63153674  6.90231929  5.70546635
   2.54209363  2.36949918 13.49470325 10.4103975  12.1498937 ]
 [ 2.84406682  3.02127997  1.13158333  1.62602852  4.33358484  5.15258625
   2.19668551  2.68550813  2.66853744  1.97463614  1.96784562  2.61089935
   3.12193802  3.83469019  1.75480926  2.4882215   2.24823211  1.8400811
   1.54986497  2.47523244  2.9582465   3.06876921  3.04655961  5.6446192
   2.4381692   2.82342597  2.87917602  2.70985336  2.32194109  2.89140311
   1.73153333  2.26272241  4.27939177  1.21578614  2.28029126]
 [ 1.31358126  2.09991106  0.83377416  0.77596725  2.46353538  3.87983037
   1.38547935  1.55526894  1.17036872  1.54104876  0.85609401  1.36890152
   0.99849953  1.47319459  0.9008355   1.04374791  1.14926698  0.96596265
   0.90033977  1.25563679  1.31431735  1.22464445  0.89859414  1.08735565
   0.82655789  2.34225918  1.7357755   1.0536345   0.94682617  1.70098326
   1.02609069  0.7822103   1.80743359  1.12664397  6.4197472 ]
 [ 1.04844553  1.56013502  0.06593853  0.16699901  0.22908151  0.39613268
   0.74473277  0.49773313  1.60198856  0.66933435  0.84546241  2.34714419
   0.59535312  1.34973628  0.80261964  0.53988131  0.68644305  0.31770585
   0.79130545  0.81806676  0.12600727  0.45755662  0.72893429  0.31247125
   0.12389039  0.43327608  3.30756701  0.27236109  2.00799424  1.32166556
   1.46970391  1.05197431  0.52432357  0.61172885  8.91111949]]