[[96.35478046 97.91952738 65.7706548  86.78812618 75.31620884 90.89582543
  23.27971014 15.20664767 16.21794386 18.78839823 60.25529575 54.12856307
  53.67520883 37.63801554 19.63676407 18.57702246 83.6073183  31.66050989
  34.18182389 19.88148721 86.95023287 56.86659639 29.86368842 24.66503757
  96.88516784 97.69537762 96.56635195 81.55762517 55.93594137 60.83081307
  30.59304014 35.94114034 95.61657911 98.1600168  81.46270111]
 [98.37009672 98.30743038 79.15547585 92.87404672 70.10818693 63.03808484
  72.36282635 74.5110155  75.49291053 79.83311701 88.07705574 89.28903559
  51.08912585 47.46328403 71.13430057 72.84747546 94.90423012 68.48178657
  80.0123962  79.8448642  68.85407342 73.28681878 64.53683146 58.73249891
  96.51668692 97.4347921  98.3039148  97.74398134 83.00514414 80.85651702
  67.81524469 67.80818817 96.62996997 97.47783335 64.27209803]
 [60.87564612 69.4802284  82.82744055 72.38709966 50.43101766 42.3938347
  33.08590465 71.02999782 31.46534812 33.53563652 88.30844467 58.07388046
  30.3255145  26.60739871 23.87533798 29.31708697 53.87748437 55.69801604
  31.41104567 34.29134816 47.65537966 38.60310744 29.68630361 30.97592545
  58.43722621 70.52611442 60.77030529 84.90647324 48.1525996  51.27067486
  20.48233591 32.15439519 89.38498096 86.74144002 72.20148658]
 [19.42493311 25.55685358 47.80758796 59.85390152 21.19118583 18.3528402
  23.47765615 30.84488973 27.19649344 27.87136059 21.0737113  16.52756734
  26.56528097 34.88174302 23.21067288 32.15600686 33.67796946 25.18298308
  26.44699863 27.468039   37.93852743 31.10271347 21.42426709 29.33856029
  20.95666238 24.14252598 45.04063632 27.18630339 23.57527396 18.30084532
  20.3157981  30.68373423 34.19125034 52.7458892  42.91784821]
 [46.58310964 46.8503287  54.63004263 60.18374827 25.77511538 30.4291495
  36.6741693  42.29942396 41.74524428 45.0727727  40.69791533 38.87656792
  39.32123535 36.46490604 32.3953325  40.31142482 46.20842548 61.13777186
  36.70728444 44.21798462 49.96178034 50.39020691 26.52535264 36.42962575
  32.7769494  26.36676005 45.73177828 43.94201381 41.48749506 36.82807749
  23.96455957 44.20512027 52.3867449  66.22824925 55.73930039]
 [58.32850462 76.45415415 85.00887251 70.83644867 69.70841936 60.81120057
  65.66394888 52.99935833 60.60218098 57.88902827 65.31868643 60.06604159
  53.18284914 44.49844236 58.71089073 52.92602311 60.17626812 72.11559569
  58.06274919 59.88563377 65.77511157 59.6510111  62.10753957 49.68494488
  84.9829709  79.02782146 63.83666964 68.30861098 75.29886996 56.69015388
  51.8665276  61.23143565 90.63253665 82.91119431 62.16338174]
 [63.160874   74.95084941 91.40328477 89.44014311 62.96304507 64.21731108
  48.88000851 29.15854117 27.48951076 21.227576   64.2070638  79.62593728
  60.11333319 70.64151248 45.16088307 27.15312645 65.96412407 65.01295848
  24.5355697  22.49085104 90.07893598 79.84402951 55.19812751 51.94877848
  75.25435982 82.17147908 72.15375886 68.53895408 90.11825979 69.43556832
  56.56282486 31.76262295 83.75210924 67.38411132 86.60900282]
 [76.83563883 72.49413515 80.11333054 70.78692549 49.95694579 44.16274522
  43.85201524 42.15922505 43.46041664 39.32133334 63.78653413 54.07324077
  53.81614939 46.833723   45.56413799 46.28719547 57.71333861 48.1997479
  54.8721004  40.9974136  57.50783426 71.48620337 45.58592069 44.49320201
  68.90480687 67.18674344 74.68018887 79.05245884 58.22348037 59.31552111
  47.94453361 52.39445837 81.92232614 79.58421183 65.97245172]
 [58.53274219 53.2785271  47.15529776 63.76952283 47.1259756  48.63536395
  48.42444496 44.2409755  49.73571486 46.93714825 51.60696306 52.52164307
  46.26498128 44.78867594 52.49128649 44.65521182 64.30788272 76.92916833
  45.52692186 52.25077004 46.99306713 50.1454014  47.88046503 48.59882288
  51.57961164 69.57967208 55.11541654 58.39905007 55.71838322 61.60436413
  46.23140415 45.94377477 61.15392228 68.15937493 67.77711479]
 [85.67148789 85.50799804 85.51627096 84.77455028 82.36062587 81.56614457
  76.03658433 84.67145026 47.55964446 70.29057121 80.50555819 96.91055996
  80.19773263 76.94609214 71.51839517 51.67563529 75.46206834 94.66965509
  59.90246268 80.33642922 88.97279656 93.84344118 70.40984123 82.40003233
  59.77138938 93.5882047  84.5743177  75.07840324 70.26270086 81.63063706
  55.70757811 57.14428185 90.11546744 87.37096783 77.08894634]
 [53.02392453 49.2871224  54.36244982 57.74534468 46.59792234 43.70913255
  36.3681139  33.53107009 41.80492768 37.65088501 50.55680607 54.14667895
  31.13202089 38.98193032 42.21665233 35.58069183 53.15329437 46.85069471
  35.38103314 40.66787446 47.30082704 50.34724146 39.96628982 40.51446636
  52.56305389 51.44442565 52.81116659 50.29704055 50.31242574 48.38190548
  36.22851824 42.81315255 77.54375296 79.9840369  52.52469095]
 [51.90387727 52.60691924 71.57071122 67.46379652 52.81983178 38.34623684
  39.27408162 37.86192037 42.22756191 38.89454353 54.92849792 56.24796946
  58.1838958  41.56194652 41.11477403 39.58720695 58.93593992 63.01822277
  36.36873138 33.15340094 55.46858817 56.38608946 48.05301846 46.83321328
  53.07464263 53.69654401 53.01886225 54.50154795 43.68876793 50.29743344
  32.28825858 40.80080929 66.72113156 60.05465317 64.37904971]
 [48.54411648 49.79522773 45.84048571 55.31177019 48.97762441 31.35692608
  24.07466476 21.03824916 20.87327993 20.77412424 35.45202661 35.81549155
  37.5573265  28.76751565 25.64271286 20.64416752 34.65399835 64.68697046
  30.45046962 23.56799489 31.40563047 38.00573435 31.59359349 24.86952289
  42.83723129 37.75302474 47.79140793 37.40170229 34.22871738 34.64219774
  43.67473087 24.94719617 86.04822384 74.39208113 58.23385081]
 [83.19632151 83.90082246 58.85876691 73.99197301 31.79663577 44.41301779
  21.71053807 30.43432049 26.99328929 28.61008982 52.20168935 58.73925802
  21.83749295 34.81197519 19.7213085  27.29036703 56.0756382  54.79181869
  23.66895419 29.63653396 37.89005789 48.70262022 20.43358561 33.38304193
  73.67258303 75.30977368 82.31379039 69.79090562 39.59389352 37.43336025
  20.49240889 25.52275822 87.88568318 90.81607675 61.76425495]
 [84.89193613 76.21150704 93.90944887 84.54592639 55.88968072 51.91090087
  37.29399268 39.72507696 40.12586131 42.71784587 58.15056458 69.915007
  37.58255859 48.24957254 35.52359135 39.64382427 53.17969384 68.9573376
  39.19996284 42.48411745 63.67125335 59.54738868 38.05560688 42.43376412
  92.43939314 87.94203256 89.47445287 92.30712292 50.41106805 50.84949158
  32.8227122  40.07358831 95.5047965  87.64871278 67.06017639]
 [85.25772889 83.65853857 81.87310567 67.8518822  60.59602305 67.91664048
  52.1473951  58.68795573 52.29757118 56.24449197 79.46854835 66.88046993
  58.51109754 61.16337748 60.44835751 63.26213377 78.56076602 61.28925562
  70.28314148 57.58442538 74.71200328 72.12251441 54.1305582  78.13497833
  84.34363089 78.53900032 84.34752876 81.58269593 75.05582291 64.43207229
  65.08434497 69.58429434 84.9722424  87.12083983 77.34815632]
 [45.33193257 39.40613727 46.51737841 46.19527102 28.17771005 28.51216073
  29.80066527 32.94522445 28.00726933 30.97845874 24.44986441 20.37049373
  29.20876647 36.35149966 28.79432393 28.42425176 54.10484717 31.30141347
  32.24036548 27.39265363 25.07269531 33.01331312 28.95164134 29.58912885
  12.63589017 32.38289701 43.96359202 40.74989655 37.6420245  36.74060794
  32.11090526 35.54680439 45.18900072 52.8862611  53.90297574]
 [72.36574438 69.870747   74.62836368 71.29717696 53.74850014 45.72019818
  33.26330666 31.69635373 35.94774293 39.08499364 62.4243128  54.5568674
  38.24764509 31.11447772 32.81765064 31.339669   53.62575491 51.64090154
  37.70270689 40.48214803 56.16741434 54.57433392 34.02955567 29.73877394
  67.44282907 62.54154098 69.47462261 62.92728987 52.24734918 44.48755451
  31.56661763 29.1172713  63.38642881 86.05155567 72.7679132 ]
 [73.63358107 69.26573404 77.31362631 72.36578637 38.53227721 50.02799401
  28.22587643 32.1407447  32.05329786 32.53951081 67.61054653 59.38641274
  44.27466349 44.53801293 27.87933143 29.64253795 51.88238434 36.03238872
  27.16852323 32.99633272 60.16035628 59.90891018 29.38243591 40.44837825
  75.50877268 56.41971246 71.14333982 66.68359621 55.04562739 44.73554881
  26.62970369 45.67475459 69.57861812 86.53249198 46.9588891 ]
 [90.55475033 85.49946903 99.31838833 98.43888796 98.56053521 97.42326819
  89.06338191 92.37279089 79.4610652  85.06196609 92.68759046 80.90183292
  91.98688378 79.66740482 80.23151154 86.50890897 93.23600564 95.9968295
  78.73645136 86.60824875 99.05227977 97.2153484  84.79349298 95.02593292
  98.9674704  96.44367105 70.59578394 97.45542438 80.38371678 88.09126539
  65.0448674  73.76221846 96.02390424 95.35765696 54.69234302]]