[[ 0.70450675  0.54419217  5.78441736  1.82408064  3.22550165  0.91346971
   5.77369475  3.84840399  4.7994975   4.85476057 10.85509648  8.29879915
   7.17186394 10.43624014  6.95060615  6.29444201  2.63783594  4.08835882
   7.06932857  4.87915221  3.5817812   5.54263814  7.64344815  5.53771735
   0.99870764  0.48547855  0.76403402  3.43763972  7.5023194   7.89076697
   8.03100705  8.16297333  1.35085837  0.52437859  3.84627282]
 [ 0.18091556  0.16889205  4.94234861  1.76785764  4.6865079   8.61360673
   3.26096982  3.63924363  2.37598169  2.39257755  2.83665398  4.1240083
   4.84164687  9.35715698  3.39552928  3.9790287   0.75873672  4.17108197
   2.75695584  2.17497032  6.92360424  9.95903943  3.935902    8.47365478
   0.72302875  0.60045269  0.15196964  0.28260064  2.87799473  5.03646737
   3.46282241  4.14663827  0.74107622  0.49491962  8.81596387]
 [11.96897283  9.85970358  4.77854763  9.90140149 16.41742771 20.62740612
  20.42225699  8.79660983 18.33203535 17.00406265  3.86710024 15.9316997
  21.110387   24.31087108 21.96058557 20.4742138  14.04867087 15.6218684
  21.24688508 17.73370441 16.79154001 27.54381722 20.57967216 20.07158125
  15.59371547  9.85477573 12.35674875  4.94121016 19.76430611 18.56049144
  19.59677233 20.76900855  3.61707695  5.68147891 10.70150493]
 [38.00011411 31.43355465 19.08774159 13.05296073 28.44741083 35.20239519
  18.30113439 14.15521716 16.99015993 15.64270943 33.78269965 36.82913204
  19.95688291 15.29851683 16.63096244 15.57198458 22.00421188 27.95446899
  16.24245688 16.55011049 15.69121511 27.21970417 17.3251105  16.992586
  38.16467712 31.66703289 21.71025749 31.45726149 29.188771   31.21544159
  15.12858154 17.68670327 30.87662101 21.30644476 17.46354102]
 [23.35169498 22.36429026 21.25328302 16.61563728 29.74041499 25.66884808
  17.21119588 15.48003578 15.79359554 15.66759472 25.75271752 27.54217746
  22.5403433  21.60997851 18.38415548 17.66778792 19.32480748 16.6288154
  18.16732442 15.60932727 20.16528468 18.64786916 26.18219808 19.49987227
  35.59584009 39.80315892 23.23734295 21.98032876 23.09529226 26.8202382
  20.93674067 16.70200487 21.57086529 15.11653862 17.96744784]
 [10.3592717   5.76046848  3.46483496  7.79393776  7.42004417  8.82934841
   8.49770163 12.23042082  9.80066301 10.32444536  9.50751552 10.3168553
  13.16652057 11.97120737 10.34318652 11.0859797   8.89847256  6.36131396
   9.54370092  9.92462382  9.83043038 10.28033896  9.41590451 11.55252885
   5.5495026   5.6739575   8.30461734  7.57203845  6.01571756 11.25602704
  12.6268022   9.49877984  2.61592878  5.0047155  11.78211365]
 [ 9.9536527   6.93298405  1.92081057  2.78504255 10.23313212  9.57467725
  10.79316347 12.36009225 10.96822528 10.66070789 10.81090436  7.28017006
  12.57080009 10.36887831 12.14780403 13.03825084 10.40980117  7.66743972
  12.38533883 11.52358237  2.14342017  6.50733297 11.99400193 12.38595068
   6.4275296   5.05781155  7.70018604  9.07509609  3.62025687 13.1842434
  11.39177749 15.79603426  4.08608631  8.6170583   4.10688005]
 [ 7.32461375  8.41742229  4.40584357  5.36524186 10.59439762 17.60058879
  10.43171278 13.81989611 12.77648599 16.65554202  9.30126723 13.86419105
  10.26882928 12.91673556 10.14654003 12.1488154   6.34931831  9.08361246
   9.7379992  14.71788486  8.82081114  5.85306829  9.45034355 13.55921536
   8.25558469 10.59744409  7.34770371  4.84436968  7.86190085  8.76274413
  10.56912922 10.22698626  5.25573095  5.66935258 11.0987088 ]
 [ 8.26433678  9.77111141 13.31667938  7.75571084  9.55601471  9.77668196
   9.2214677   8.33152499  9.68544209 10.23648038 11.11347185 11.17834927
  11.13966179 13.08313908 10.26164938 10.79595373  7.48646163  4.19423494
  10.79018313  9.80931093 10.33676757 12.10981007 10.2000605  10.26855498
  13.10815299  6.51238286  9.35952416  8.1935535  10.77311382 10.17385333
  12.11960679 12.26856269  8.44658449  5.44114628  7.36795618]
 [ 5.06769131  5.09465536  4.60989355  4.37254575  4.47541465  4.30999658
   4.26427415  2.72838551  8.35974477  4.87493396  8.11933177  0.63925582
   5.17225461  5.13727677  4.45046966  7.5490658   7.64056639  1.22924774
   6.1862117   3.53907641  3.59895131  1.51202715  6.3616883   3.63865738
  19.06156599  1.84036535  5.08162595  8.39322583  9.02355431  5.07868854
   9.09650488  8.1530713   3.3638591   5.38202618  8.05875387]
 [10.01054229 11.94218772  8.98251045  9.65694497  8.26208701 12.00765195
  10.69930569 17.12335188 15.68230421 16.86706683 13.63759836 14.3861897
  24.48870525 19.99323183 16.57374144 16.05785194 11.45826335 12.49821941
  17.146172   15.99198249 11.41940594 12.55540323 13.25014717 15.52111814
  11.68122953 13.51123214 10.76890136 11.20711433 14.56697229 16.89332391
  21.88581209 17.0822519   5.98970672  4.89505075 14.57819343]
 [15.45803474 15.39467216  5.70686494  7.37543901 10.67459822 21.83994177
  13.6836201  15.8274278  15.85051605 16.21684945 12.10841201 10.92166097
  10.18269786 16.24795756 14.84460493 17.36692188  8.99690588 11.02775938
  17.33286801 17.94445005 10.47066968 10.44594118 11.35941997 13.5890545
  14.2605523  15.50373338 14.53590081 12.23866965 13.98500577 11.19950871
  17.25448853 16.17995793  9.50316132 13.44220221 12.00383931]
 [21.14702178 22.82241451 25.3248691  22.82776123 21.85908535 31.44041185
  26.0627799  29.9469122  26.82421185 30.47602834 33.8259976  32.34327804
  28.85585443 33.35551289 27.19899453 32.0187772  31.18724041 13.1032476
  28.99728112 29.99258143 34.25950691 32.18058847 27.43126043 32.46017686
  26.31172836 31.20911307 21.98597752 28.68038971 33.15678895 31.88883061
  22.63953629 34.07798685  5.36322344 12.842628   16.64736512]
 [ 3.61403629  3.55662487  4.79870527  3.57763178  7.77841347  7.22771818
   9.51441576  8.67936853 11.96639815 11.30361389  7.28598073  5.65537827
  11.86508938  9.69292243  9.65156858 11.05522576  5.96217476  6.06224157
   8.18592056 11.81129876  7.11481939  6.15507148  9.51039687  9.75599457
   4.68431433  4.63800122  3.54048999  4.59105718  9.34978345  8.3124868
   8.51323079 10.69725413  3.34588409  2.30871149 11.35127243]
 [ 3.1265399   4.91467988  0.92063349  2.18121392  7.61155522  8.01681115
   8.96914859  7.84537224  8.45880788  8.66596349  8.03112037  5.11062761
  10.37888929  9.82900591  8.3236043   7.27584123  7.71013331  5.38247152
   7.11140527  8.84014563  5.94124992  6.24079875  9.45120206  9.05009064
   1.44667139  2.33417048  2.15266332  1.4223732   9.82825086  8.25544202
   8.31911899  7.87369843  1.00208725  3.02074192  9.81232732]
 [ 3.04622452  3.48675558  3.20737169  5.2618779   6.28614591  5.4440984
   6.36048303  5.09703153  5.5508191   5.3941232   4.13230375  6.38045537
   7.37567927  7.4742508   6.00594084  5.4124838   3.88353753  6.39650819
   4.88795901  5.35617997  4.88033434  5.11768682  7.29195045  3.63772843
   3.11422465  4.29989474  3.34030153  3.65451203  4.70462942  7.00395003
   6.36571758  5.35301259  3.55566746  2.92383236  6.55392295]
 [15.65706975 28.3325263  16.02304804 17.19359899 23.43201719 22.10153064
  12.8972541  11.47400097 12.10577126 11.86792286 29.33994872 35.20829712
  16.6163906  16.79815697 11.30108318 12.89364684 10.39120332 27.89947019
  10.48486959 12.72127225 27.99497837 22.36275179 15.32380213 16.89396176
  46.63748642 31.80054533 20.78869556 16.43401409 16.05500591 18.08246303
  11.73081805 11.96573131 24.42093469 19.23246822 19.6997273 ]
 [ 6.4282852   6.9714758   4.20793699  5.38056488  8.9827854  12.45469198
  12.22652824 14.62710307 14.01430376 14.38722456  7.33379737  9.31436551
  11.37679306 13.08233762 13.2966342  14.92064075  8.34015776  9.07610386
  12.5225107  13.57856459  9.0724434   8.76479952 12.70561028 16.25088914
   6.67328943  7.89944684  6.78883333  7.51375093  9.85628028 11.58168542
  13.2596519  14.1079252   9.22485136  2.96792092  7.35960451]
 [ 4.44109025  5.81742018  3.54542397  4.27642205  8.21865318  8.81438021
   7.67237824  7.36710447  6.69558373  7.16334345  4.89224656  7.33126005
   6.89406047  8.69714763  7.01366044  7.43986737  6.732433    7.69616002
   7.27425445  6.60041587  5.97302206  6.77170392  6.82311884  6.92347206
   3.81203164  8.85634011  5.17083356  5.43951565  6.30182643  8.32581166
   8.11445925  6.51083041  4.66694465  2.22169061 14.07072401]
 [ 2.41112725  3.68716575  0.14581904  0.36192444  0.47982456  0.8796521
   2.79156722  2.03204879  4.86898224  3.60129187  1.9010099   4.92287284
   1.6563504   4.44224713  3.83172166  2.85533659  1.63788137  0.90302351
   3.77404977  3.03616966  0.22750393  0.77572694  3.14927424  1.25577463
   0.26261093  0.9406137   7.46565959  0.63342001  4.70507049  3.03192417
   6.06238393  4.52862357  1.07616598  1.23491973 21.87877079]]