[[5.92368720e+00 6.72756075e+00 5.49658370e+00 5.43739517e+00
  6.03293234e+00 7.60934375e+00 8.51294586e+00 1.30883315e+01
  1.31128722e+01 1.10981033e+01 3.39662879e+00 3.38414246e+00
  3.19723703e+00 2.49515462e+00 6.45248109e+00 7.29647428e+00
  2.18155708e+00 1.15599127e-29 4.80666363e+00 1.09303531e+01
  4.67060670e+00 4.34837115e+00 5.71610564e+00 6.69451928e+00
  4.58373382e+00 5.58640433e+00 5.82372636e+00 3.15609811e+00
  1.35306031e+00 1.24168777e+00 2.23514626e+00 1.90189466e+00
  9.48515020e+00 2.64651339e+00 4.71717342e+00]
 [5.68086988e+00 3.79308006e+00 5.68559285e+00 5.29027326e+00
  4.18151905e+00 4.10656656e+00 4.38081772e+00 5.51353038e+00
  5.34867767e+00 5.77219125e+00 2.82494117e+00 3.48917061e+00
  1.54146075e+00 1.77401173e+00 2.79683294e+00 3.16645765e+00
  1.74763190e+00 5.03589958e-29 1.82597286e+00 5.47144184e+00
  3.87708231e+00 3.57068665e+00 3.04458202e+00 3.49614751e+00
  4.57816144e+00 4.10141110e+00 4.62817821e+00 2.96638952e+00
  1.33580086e+00 1.12591133e+00 1.14109298e+00 1.16572413e+00
  6.49539056e+00 6.32127612e+00 2.96712664e+00]
 [1.06383266e+01 1.03013446e+01 1.18428044e+01 1.07147862e+01
  1.36804170e+01 1.19126860e+01 1.83528989e+01 1.93477490e+01
  2.39627015e+01 2.33261445e+01 5.82429236e+00 5.36534906e+00
  5.12634645e+00 4.41294922e+00 1.24542566e+01 1.13383911e+01
  3.09852123e+00 5.68245191e-30 7.90215837e+00 2.04881212e+01
  7.80790910e+00 7.46781702e+00 1.18322383e+01 1.12846476e+01
  8.40729176e+00 8.24970232e+00 9.87838730e+00 6.63734522e+00
  2.67786334e+00 2.65290029e+00 4.80899394e+00 3.51815800e+00
  2.69421731e+00 3.33941336e+00 1.07700738e+00]
 [7.12838086e+00 1.00869616e+01 6.96457103e+00 7.14038171e+00
  6.71450715e+00 1.34169204e+01 7.77481680e+00 9.90752245e+00
  1.15637293e+01 1.23064526e+01 3.06154438e+00 6.87831389e+00
  1.33641981e+00 2.19598814e+00 3.83254330e+00 4.56822753e+00
  2.02470295e+00 2.18415691e-30 2.58044178e+00 1.04735497e+01
  3.88870413e+00 6.17697468e+00 4.20597927e+00 5.65011860e+00
  7.85629588e+00 6.69580578e+00 5.97377596e+00 4.32022029e+00
  1.09659008e+00 1.92727430e+00 1.19205664e+00 1.31536826e+00
  3.12081589e+00 3.15316457e+00 2.78864287e+00]
 [1.33657352e+01 1.30159154e+01 1.56254801e+01 1.27858539e+01
  3.46466245e+01 1.93053020e+01 1.59781705e+01 1.77108873e+01
  2.24873720e+01 1.68467503e+01 8.39634812e+00 8.96974502e+00
  6.43678808e+00 5.96929553e+00 1.03615765e+01 1.07817921e+01
  5.83046683e+00 9.64164637e-30 6.19009677e+00 1.90754488e+01
  1.15746507e+01 1.01155553e+01 1.32913861e+01 1.20279655e+01
  1.03205856e+01 1.03373935e+01 1.23407924e+01 8.44776026e+00
  3.74479026e+00 3.80961790e+00 4.18877960e+00 3.54363578e+00
  2.03961103e+00 1.63110503e+00 8.00915812e+00]
 [4.64188558e+00 5.04809329e+00 4.66324441e+00 4.12960777e+00
  4.09461062e+00 3.73632103e+00 5.65783522e+00 1.06597982e+01
  1.50552240e+01 1.29589188e+01 2.16419070e+00 2.04402898e+00
  1.51424194e+00 1.46991056e+00 3.49568027e+00 3.73950964e+00
  1.17912382e+00 9.74840839e-30 2.06900740e+00 1.32442348e+01
  3.14558588e+00 3.97550669e+00 2.84538413e+00 3.67249445e+00
  4.34936784e+00 3.10645146e+00 4.46226554e+00 1.98884990e+00
  8.94358231e-01 7.71745973e-01 1.09385584e+00 9.42654990e-01
  3.27615374e+00 1.93236487e+00 1.50019030e+01]
 [1.41563941e+01 1.36103441e+01 1.33248128e+01 1.43806334e+01
  1.33933389e+01 1.40593488e+01 1.75576308e+01 1.67817649e+01
  2.18987030e+01 2.08154565e+01 9.18106022e+00 9.24977861e+00
  6.72661146e+00 6.67299346e+00 1.32082512e+01 1.28995407e+01
  5.84671029e+00 1.86301493e-28 1.09329656e+01 2.12321615e+01
  1.05740315e+01 1.06462137e+01 1.26891846e+01 1.26244775e+01
  1.12085307e+01 1.11106965e+01 1.36832635e+01 8.64535742e+00
  6.18078576e+00 4.98408512e+00 5.84096547e+00 5.15670946e+00
  2.92816916e+00 4.17849517e+00 3.11628149e+00]
 [4.33981554e+00 4.30237611e+00 4.92162614e+00 5.57420828e+00
  4.35171445e+00 5.07291666e+00 5.96757691e+00 7.24202439e+00
  1.57062041e+01 1.41545636e+01 2.89933579e+00 3.35060709e+00
  3.16779266e+00 3.11148449e+00 4.90289843e+00 5.13579325e+00
  2.05717388e+00 3.98043085e-29 3.44380270e+00 1.47353221e+01
  3.48834028e+00 5.23882663e+00 4.40358616e+00 4.76010814e+00
  3.75781966e+00 4.03470918e+00 3.85070500e+00 2.90400818e+00
  1.39233362e+00 1.43081179e+00 2.05341294e+00 2.03543582e+00
  2.76224238e+04 1.28022114e+00 4.11978178e+00]
 [6.24900144e+00 5.79146642e+00 4.81874863e+00 5.44499345e+00
  5.03517336e+00 4.40996053e+00 7.30703061e+00 5.86940063e+00
  7.09545364e+00 7.54445178e+00 3.00964980e+00 3.19224145e+00
  2.02071665e+00 1.77056620e+00 3.89506558e+00 3.44744561e+00
  2.19080657e+00 4.17875060e-29 2.58151390e+00 7.43526899e+00
  3.51506514e+00 3.55880313e+00 4.26977520e+00 3.54298599e+00
  3.97645676e+00 4.21431016e+00 5.06151072e+00 3.21036026e+00
  1.37206904e+00 1.43852696e+00 1.64495178e+00 1.29387413e+00
  1.96886965e+00 2.76677458e+00 4.39271928e+00]
 [8.22976624e+00 6.25079932e+00 7.02025096e+00 8.47714523e+00
  6.01487485e+00 4.48340515e+00 6.58423749e+00 1.56868521e+01
  9.24528653e+00 1.88249979e+01 2.41596061e+00 2.38567645e+01
  1.43833045e+00 1.50448265e+00 4.11059061e+00 4.16358245e+00
  1.47333366e+00 6.18248573e-30 3.90416781e+00 1.57911771e+01
  8.04773489e+00 7.84200945e+00 9.48444100e+00 6.90978681e+00
  6.83464142e+00 2.30253614e+01 6.53867773e+00 2.79608190e+00
  9.43736058e-01 2.02131073e+00 1.43250248e+00 1.32985279e+00
  4.42402290e+00 3.45387004e+00 2.26018008e+01]
 [9.36373507e+00 9.16489484e+00 1.04671074e+01 9.34125627e+00
  9.42940140e+00 1.02720108e+01 1.47078003e+01 1.19235777e+01
  2.09355181e+01 1.37491473e+01 4.71550774e+00 5.29627683e+00
  5.81640985e+00 4.23212212e+00 8.58201586e+00 7.04543707e+00
  3.01400544e+00 1.40671471e-29 4.71940225e+00 1.44944889e+01
  6.94006418e+00 7.04801491e+00 8.19031932e+00 7.13133583e+00
  6.43682318e+00 7.16893744e+00 8.79712708e+00 4.39968242e+00
  2.02295983e+00 2.04433179e+00 3.24166097e+00 2.92847850e+00
  2.95032682e+00 3.09563421e+00 3.28697188e+00]
 [1.26757164e+01 1.26341930e+01 1.25049792e+01 1.26847423e+01
  1.24836594e+01 1.30507518e+01 1.45510022e+01 1.44146365e+01
  1.92984554e+01 1.88976521e+01 8.10668229e+00 8.94206076e+00
  7.28264267e+00 7.75885105e+00 1.11541149e+01 1.12235295e+01
  7.21404927e+00 1.63204234e-29 7.00897570e+00 1.70836853e+01
  1.06869052e+01 1.08882607e+01 1.11645857e+01 1.24566192e+01
  1.07293570e+01 1.03903902e+01 1.27914017e+01 9.32105225e+00
  4.74563095e+00 4.77570622e+00 4.70382903e+00 4.31883259e+00
  6.15018422e+00 2.31702335e+00 1.03020558e+01]
 [1.70080286e+01 1.62587855e+01 1.67373928e+01 1.64957294e+01
  1.44258268e+01 1.24672863e+01 1.64330317e+01 1.40454878e+01
  2.32236851e+01 1.71724127e+01 1.13171356e+01 9.68016090e+00
  6.93662686e+00 5.03419677e+00 1.07937460e+01 8.11887699e+00
  6.60820548e+00 4.33359943e-29 6.02848273e+00 1.96232220e+01
  1.17171582e+01 1.10734982e+01 1.16867980e+01 9.72179362e+00
  1.40806329e+01 1.22077459e+01 1.52625699e+01 9.95769741e+00
  4.27583494e+00 3.45459884e+00 4.56145550e+00 2.77516264e+00
  3.71404939e+00 4.58777852e+00 2.18217787e+01]
 [2.19676352e+01 2.25040567e+01 2.20122254e+01 2.18755218e+01
  2.37731436e+01 2.07514524e+01 2.79376873e+01 2.51954283e+01
  2.97791485e+01 3.24632334e+01 1.44547619e+01 1.58069626e+01
  9.46391971e+00 9.54893084e+00 1.73923746e+01 1.44676710e+01
  1.08226406e+01 3.49189798e-29 1.08946949e+01 2.85277195e+01
  1.62919090e+01 1.63321178e+01 1.89983074e+01 1.68336362e+01
  1.74825977e+01 1.83679379e+01 2.05194729e+01 1.48788959e+01
  6.12173557e+00 6.86881414e+00 6.46548917e+00 5.58240265e+00
  5.44612695e+00 4.90691115e+00 1.98767332e+00]
 [6.83026665e+00 7.05881427e+00 6.24030175e+00 5.68689758e+00
  7.21853224e+00 5.71958871e+00 1.03575344e+01 8.99243535e+00
  1.22931167e+01 1.02719418e+01 3.39433706e+00 3.67725051e+00
  3.13061606e+00 2.82589729e+00 7.19647440e+00 5.46253628e+00
  2.66776964e+00 2.39546157e-29 3.54090766e+00 1.02470866e+01
  4.49768803e+00 3.92262643e+00 7.02193829e+00 5.42552816e+00
  4.63488487e+00 5.12335147e+00 6.57209369e+00 4.81057214e+00
  1.89472188e+00 1.72847744e+00 2.80107351e+00 1.88679562e+00
  3.39757007e+00 3.63284549e+00 4.59788980e+01]
 [8.31003022e+00 1.19497408e+01 9.76992177e+00 8.90499866e+00
  6.12758770e+00 5.26191488e+00 6.46868808e+00 6.04282069e+00
  8.70323019e+00 7.52805658e+00 3.66507814e+00 7.09931463e+00
  2.11626613e+00 2.09128081e+00 4.14783655e+00 3.70572216e+00
  1.88608700e+00 1.43584029e-28 2.20800996e+00 8.07915992e+00
  4.01689397e+00 4.46227463e+00 4.40904753e+00 4.48282639e+00
  1.49939175e+01 2.42423239e+01 7.14903649e+00 7.57811192e+00
  1.17570696e+00 1.03429068e+00 1.49284612e+00 1.34877812e+00
  1.37536769e+01 7.05664803e+01 8.92317699e+01]
 [6.04771074e+00 6.02687314e+00 5.52493633e+00 8.18999540e+00
  5.85877215e+00 5.84374159e+00 6.48783631e+00 7.15247564e+00
  1.46829501e+01 1.45110575e+01 2.26188291e+00 3.40913077e+00
  2.93943567e+00 2.97081590e+00 4.81148789e+00 4.24762174e+00
  1.56037036e+00 4.55448862e-29 2.67005163e+00 1.69113416e+01
  4.51226456e+00 6.22144331e+00 4.44554310e+00 4.90060298e+00
  3.60472339e+00 4.63519273e+00 5.12419633e+00 2.40189240e+00
  1.25585144e+00 1.41968036e+00 1.76677789e+00 1.44202903e+00
  3.01581837e+00 2.76668763e+00 2.10991365e+00]
 [2.03654189e+01 2.22401436e+01 2.03165995e+01 2.13545680e+01
  2.13703880e+01 2.43657402e+01 2.65752977e+01 3.89951124e+01
  3.77028568e+01 4.92295985e+01 1.08708289e+01 1.43628093e+01
  7.39343274e+00 8.28787771e+00 1.84530398e+01 2.08256885e+01
  7.02530110e+00 7.08650117e-29 1.37641765e+01 4.07382422e+01
  1.34774692e+01 1.41529601e+01 1.72024766e+01 2.13868785e+01
  1.45514873e+01 1.67430487e+01 1.82807071e+01 1.23897592e+01
  4.89770918e+00 4.87993875e+00 7.71080294e+00 7.25534512e+00
  5.61165675e+00 6.62543415e+00 3.49895267e+00]
 [1.03058747e+01 1.03211524e+01 9.70942443e+00 9.82181395e+00
  1.00677368e+01 1.00141921e+01 1.04329370e+01 1.06363856e+01
  1.15047751e+01 1.38884986e+01 5.49372858e+00 5.60099573e+00
  3.73183382e+00 3.76893824e+00 6.42746723e+00 6.64546339e+00
  4.05938100e+00 1.34636536e-29 3.91450417e+00 1.25343225e+01
  7.21634638e+00 7.29954338e+00 7.83131651e+00 7.57441220e+00
  7.90285314e+00 8.04475404e+00 9.92897165e+00 6.59585564e+00
  2.29536299e+00 2.34006788e+00 2.73591589e+00 2.29246376e+00
  1.24055194e+00 1.11525443e+00 2.06694603e+01]
 [2.33937230e+01 3.03575513e+01 1.10093987e+02 3.52614473e+01
  6.00713783e+01 3.07882805e+01 5.90643359e+01 5.49925415e+01
  4.69556983e+01 5.71576627e+01 6.04400400e+00 7.18215075e+00
  5.67300198e+00 6.57141839e+00 2.06562133e+01 1.48490817e+01
  3.30160422e+00 2.75422218e-29 9.38523293e+00 4.52337514e+01
  3.08470470e+01 1.70539406e+01 2.12856093e+01 2.39206089e+01
  4.66678160e+01 2.00392021e+01 1.26949850e+01 2.31553236e+01
  1.80577112e+00 2.29924767e+00 4.69565459e+00 3.00551734e+00
  1.31196069e+01 1.66809017e+01 2.05540548e+01]]