[[1.38439530e+01 1.46148565e+01 1.50858195e+01 1.49437686e+01
  1.80936422e+01 1.80879740e+01 3.41932549e+01 3.75981169e+01
  4.72472671e+01 3.73486580e+01 7.82360783e+00 8.03471471e+00
  5.83611394e+00 4.34653413e+00 1.50818935e+01 1.34048003e+01
  5.70844445e+00 2.11286776e-29 8.19603096e+00 4.01218556e+01
  1.13780234e+01 1.01988268e+01 1.58866515e+01 1.44292071e+01
  9.83159634e+00 1.28369366e+01 1.40906020e+01 8.09972481e+00
  3.33365453e+00 2.69831644e+00 3.91611644e+00 2.85946191e+00
  2.10616469e+01 3.49350049e+00 7.39729982e+00]
 [2.01917592e+01 1.96772132e+01 2.32090922e+01 2.44556896e+01
  2.40868768e+01 2.54581376e+01 2.79685659e+01 3.25494360e+01
  3.32959252e+01 3.20455893e+01 1.23208172e+01 1.46883701e+01
  8.76398276e+00 1.04879358e+01 1.64414237e+01 1.89975111e+01
  1.02775825e+01 3.07871945e-28 1.13890454e+01 3.23257803e+01
  1.64144903e+01 1.79807137e+01 1.87287514e+01 2.15095787e+01
  1.77143361e+01 1.80257088e+01 2.05738982e+01 1.44564109e+01
  7.16632301e+00 5.81579125e+00 6.99450102e+00 6.88087287e+00
  7.21209501e+00 7.56782846e+00 5.56137150e+00]
 [9.20827824e+00 8.84774184e+00 1.15651002e+01 9.87275037e+00
  1.07781696e+01 7.48018068e+00 1.50040980e+01 1.07933124e+01
  1.28528571e+01 1.07054048e+01 5.14889725e+00 3.46187540e+00
  2.51167162e+00 1.74549034e+00 5.92229438e+00 4.48627728e+00
  2.98822042e+00 4.27521322e-30 3.26049671e+00 1.08497893e+01
  5.72750716e+00 4.49008748e+00 7.44879963e+00 5.07029262e+00
  8.59853845e+00 7.24408982e+00 8.42886814e+00 6.41743319e+00
  1.34794909e+00 1.30457712e+00 1.92030157e+00 1.37976974e+00
  3.26862797e+00 3.08439837e+00 8.20441703e-01]
 [1.20000827e+01 1.24351435e+01 1.19390106e+01 1.39882383e+01
  1.16442258e+01 1.36084820e+01 1.27533859e+01 1.43890022e+01
  1.44476385e+01 1.58440685e+01 4.69300799e+00 6.93253855e+00
  2.17137712e+00 3.22024780e+00 6.36393696e+00 7.16757842e+00
  3.45785823e+00 4.03988464e-30 4.71859036e+00 1.43889663e+01
  6.04695550e+00 8.96174604e+00 7.70690819e+00 8.78384152e+00
  9.09710182e+00 9.21878964e+00 1.08924454e+01 6.76707491e+00
  1.75376044e+00 2.53191044e+00 2.20918986e+00 2.16198726e+00
  3.30570364e+00 3.32620405e+00 1.96310321e+00]
 [2.05648365e+01 2.18981051e+01 2.42181857e+01 2.02545098e+01
  2.30742427e+01 2.05371007e+01 2.93871851e+01 3.38651010e+01
  3.74182123e+01 3.75286089e+01 9.53049804e+00 1.09162642e+01
  6.64081829e+00 6.22092321e+00 1.75879373e+01 1.82565982e+01
  6.35930193e+00 9.80507014e-30 1.22938253e+01 3.75085603e+01
  1.42422306e+01 1.36320870e+01 1.75652685e+01 1.69839203e+01
  1.43567368e+01 1.45897252e+01 2.02065152e+01 1.14422132e+01
  3.27390946e+00 3.54245280e+00 4.72904252e+00 4.63242547e+00
  3.58021600e+00 2.75374778e+00 6.04613005e+00]
 [1.18958040e+01 1.36347499e+01 8.36960646e+00 7.36615821e+00
  6.53970060e+00 6.13240328e+00 7.85693624e+00 8.23114989e+00
  1.02228663e+01 8.76710781e+00 3.33263728e+00 3.67311437e+00
  1.94014588e+00 1.58147845e+00 3.61328617e+00 3.70460330e+00
  2.93964930e+00 9.81621734e-30 2.24619383e+00 9.08404106e+00
  4.64527272e+00 3.84422239e+00 4.12842533e+00 4.19085585e+00
  7.87903804e+00 6.14709942e+00 1.16483994e+01 4.74718003e+00
  1.70225447e+00 1.27546878e+00 1.27561001e+00 1.15233151e+00
  1.27259802e+01 7.68199653e+00 1.24535918e+01]
 [2.24178416e+01 2.09805090e+01 2.11736496e+01 1.99318011e+01
  2.10148097e+01 1.77518830e+01 2.92710822e+01 2.60900622e+01
  3.66775479e+01 3.32557145e+01 1.24149511e+01 1.16306621e+01
  8.41571708e+00 6.95174748e+00 2.01438052e+01 1.60091144e+01
  1.02934138e+01 2.40460783e-28 1.50675921e+01 3.39339328e+01
  1.51822112e+01 1.30217595e+01 1.92973958e+01 1.52909003e+01
  1.74516768e+01 1.62791231e+01 2.15075254e+01 1.45590584e+01
  7.29799202e+00 6.01208984e+00 7.25053139e+00 5.20934386e+00
  5.54789332e+00 8.81455772e+00 3.80850302e+00]
 [2.90068796e+01 2.94494527e+01 2.62297552e+01 2.99164568e+01
  2.40875838e+01 2.51853305e+01 2.99062065e+01 3.28317021e+01
  3.63602058e+01 3.39291512e+01 1.36362794e+01 1.65524791e+01
  7.52028458e+00 8.18421918e+00 1.79967103e+01 1.98016660e+01
  1.77452808e+01 2.03402682e-28 1.24496239e+01 3.58253391e+01
  1.61356406e+01 1.87145872e+01 1.79819672e+01 1.90106551e+01
  2.44322537e+01 2.39763335e+01 3.05239282e+01 2.72538897e+01
  5.62152845e+00 5.15675975e+00 6.22047768e+00 6.62119960e+00
  7.34743633e+04 3.00646727e+00 6.49098264e+00]
 [1.04117724e+01 1.00194510e+01 1.02009520e+01 9.18712422e+00
  1.02302887e+01 8.63564485e+00 1.25169304e+01 1.18115960e+01
  1.23880414e+01 1.28180552e+01 4.65758092e+00 4.21238538e+00
  2.81010673e+00 2.30966538e+00 5.35856288e+00 4.76685277e+00
  3.44650437e+00 7.29650881e-29 3.22662391e+00 1.27798905e+01
  6.32562243e+00 5.41334280e+00 6.66977064e+00 5.57829579e+00
  6.79154740e+00 6.15653805e+00 8.80531554e+00 5.38104636e+00
  1.93222464e+00 1.64394869e+00 1.92932397e+00 1.65551177e+00
  2.66694340e+00 4.21422744e+00 4.75153734e+00]
 [9.03055161e+00 7.44112225e+00 6.54668266e+00 1.01590177e+01
  5.89491781e+00 4.73207471e+00 7.19731177e+00 1.66804857e+01
  9.73915287e+00 2.00682413e+01 3.04464500e+00 2.52001079e+01
  1.46772589e+00 2.11267417e+00 4.13525158e+00 5.55372954e+00
  2.12050175e+00 5.39441463e-30 5.12164201e+00 1.85971428e+01
  8.77616797e+00 8.51364059e+00 1.00755264e+01 8.01672767e+00
  6.37363376e+00 2.01915762e+01 7.52350699e+00 3.82273092e+00
  1.20780770e+00 2.42470156e+00 1.57661905e+00 1.82224851e+00
  4.06338997e+00 3.42093214e+00 1.44427691e+01]
 [1.14271867e+01 1.10776692e+01 1.34094930e+01 1.19593599e+01
  1.40958831e+01 1.11267718e+01 1.77112870e+01 1.22147942e+01
  1.42291414e+01 1.05584852e+01 5.05344714e+00 5.01782096e+00
  2.68844807e+00 3.27680776e+00 5.33027315e+00 4.80326759e+00
  3.63645190e+00 1.41331432e-29 2.62927419e+00 1.04015307e+01
  7.58060891e+00 7.44948963e+00 7.14726198e+00 6.54363956e+00
  7.48330720e+00 8.30395479e+00 1.08251970e+01 6.03591274e+00
  1.98980028e+00 1.75201054e+00 1.69548273e+00 1.83044141e+00
  3.41562852e+00 3.43646356e+00 2.63854853e+00]
 [5.16041481e+01 5.28711785e+01 5.58449567e+01 5.40759778e+01
  5.23100956e+01 5.02354645e+01 6.01567443e+01 5.56161356e+01
  9.53128205e+01 9.12701491e+01 2.92932615e+01 3.03505073e+01
  1.63136720e+01 1.45830455e+01 3.55742034e+01 3.05276944e+01
  2.40545567e+01 8.08328234e-29 1.95325173e+01 9.01545037e+01
  4.24261817e+01 3.59611388e+01 3.91502475e+01 3.53657771e+01
  4.05241085e+01 3.89477524e+01 5.34199010e+01 3.48175413e+01
  1.49407616e+01 1.44883834e+01 1.06670489e+01 8.70484195e+00
  1.16132556e+01 4.45287676e+00 1.29112046e+01]
 [6.83836690e+00 7.91387500e+00 7.38039597e+00 6.91439540e+00
  7.72178269e+00 6.45285216e+00 9.00633765e+00 8.19230377e+00
  1.07377272e+01 1.02769302e+01 3.29585760e+00 3.28783827e+00
  2.52738620e+00 2.13634214e+00 4.74183315e+00 4.09060905e+00
  2.53739248e+00 1.60729714e-29 2.93680092e+00 1.05703530e+01
  4.50096143e+00 4.28100245e+00 5.20550838e+00 4.77027037e+00
  5.57904574e+00 4.65273083e+00 6.61758168e+00 3.78823024e+00
  1.46841331e+00 1.29255745e+00 1.72911788e+00 1.23133717e+00
  2.21387012e+00 3.96039965e+00 1.14427356e+01]
 [9.56351177e+01 9.01432003e+01 8.53634899e+01 7.30215074e+01
  8.58519334e+01 6.16364825e+01 8.78566731e+01 7.73398219e+01
  7.10620768e+01 7.58944500e+01 7.97501976e+01 5.87569779e+01
  2.24530805e+01 2.00578549e+01 5.66440682e+01 3.46166114e+01
  6.37634878e+01 1.30264209e-28 4.13326404e+01 6.88229374e+01
  6.20103710e+01 4.84707187e+01 6.29132519e+01 4.23050321e+01
  8.87880509e+01 7.41135210e+01 9.53492423e+01 8.47029014e+01
  2.77134075e+01 2.45477466e+01 2.23218158e+01 1.08675145e+01
  2.22163887e+01 1.61178851e+01 2.28082817e+00]
 [1.34922536e+01 1.33010528e+01 1.29621308e+01 1.11912027e+01
  1.31695658e+01 1.09048975e+01 1.80085741e+01 1.66444398e+01
  1.92672686e+01 1.84676596e+01 5.05068592e+00 5.68226921e+00
  4.32787009e+00 3.72282059e+00 1.21975419e+01 9.52232023e+00
  4.26230605e+00 4.00257962e-29 5.92314181e+00 1.77710895e+01
  8.04319542e+00 6.85032107e+00 1.20123411e+01 9.76216208e+00
  8.83502420e+00 9.36881732e+00 1.38483252e+01 8.49488078e+00
  2.61647233e+00 2.37823521e+00 4.34609170e+00 2.78422588e+00
  5.32841354e+00 6.43212750e+00 1.06343649e+02]
 [1.70135213e+01 2.27895587e+01 2.17106606e+01 2.09272455e+01
  1.67653451e+01 1.52427644e+01 2.03846424e+01 2.22575831e+01
  2.75552991e+01 2.72399565e+01 7.53267553e+00 1.20851246e+01
  4.04816316e+00 4.05766294e+00 9.98969111e+00 9.54390890e+00
  4.07052039e+00 2.93994586e-28 5.91098628e+00 2.62438418e+01
  9.27615123e+00 1.19765699e+01 1.08898228e+01 1.12762531e+01
  2.29191215e+01 3.44908323e+01 1.59774092e+01 1.33916179e+01
  2.20918881e+00 1.87595621e+00 3.32333279e+00 2.54231954e+00
  1.53645310e+01 8.78228899e+01 6.60021170e+01]
 [1.82446957e+01 1.56014254e+01 1.56583713e+01 1.40380122e+01
  1.53786593e+01 1.38295210e+01 1.77018852e+01 1.64309620e+01
  1.91358887e+01 1.89531845e+01 6.02247928e+00 6.53412714e+00
  5.03045362e+00 4.58299524e+00 1.16921269e+01 8.36166374e+00
  4.07358682e+00 1.04419411e-28 5.00779241e+00 1.94082941e+01
  1.04644800e+01 9.23335771e+00 1.17000465e+01 1.00227191e+01
  1.11666891e+01 1.10405696e+01 1.54384626e+01 7.14237952e+00
  2.69142690e+00 2.32328187e+00 3.31938279e+00 2.56622509e+00
  3.03162137e+00 3.15875093e+00 2.35944161e+00]
 [1.89319123e+02 1.68042897e+02 2.22463797e+02 1.59261736e+02
  2.31862482e+02 1.66733564e+02 2.01662917e+02 1.52424334e+02
  1.45420889e+02 1.29454337e+02 8.35373853e+01 7.01746501e+01
  5.78111376e+01 4.51571395e+01 9.26269722e+01 6.71098804e+01
  4.22252482e+01 3.38004746e-28 7.41162314e+01 1.18681230e+02
  1.46567368e+02 1.02767594e+02 1.33701742e+02 1.03633317e+02
  1.20810457e+02 1.00268241e+02 1.53721007e+02 8.85956591e+01
  2.96456050e+01 1.87430779e+01 3.64285730e+01 3.13110700e+01
  1.39274176e+01 1.29986921e+01 4.73142176e+00]
 [3.50540699e+01 3.52537564e+01 3.45240298e+01 3.01785921e+01
  4.70835734e+01 3.40618681e+01 5.24832542e+01 4.30514394e+01
  4.83687863e+01 4.44139622e+01 1.88547932e+01 1.78546410e+01
  1.23300582e+01 9.05262271e+00 2.62769004e+01 2.17336284e+01
  1.47839352e+01 3.05819592e-29 1.32181178e+01 4.53648353e+01
  2.62927237e+01 2.18862299e+01 3.66559466e+01 2.56883720e+01
  2.66826726e+01 2.64694051e+01 3.45270086e+01 2.39441776e+01
  7.55895198e+00 6.74147851e+00 9.06944495e+00 5.88553869e+00
  4.31741192e+00 3.60310503e+00 2.83679925e+01]
 [3.05079989e+01 3.33067548e+01 7.20426922e+01 3.42677619e+01
  3.48676214e+01 2.68334806e+01 2.95094984e+01 3.15428900e+01
  2.73965624e+01 3.05363792e+01 9.49434816e+00 9.38510962e+00
  4.78253523e+00 4.38673476e+00 1.25410977e+01 9.46975447e+00
  5.78792715e+00 1.85452455e-29 7.59726196e+00 2.72528222e+01
  2.36571726e+01 1.06468736e+01 1.31829673e+01 1.63014700e+01
  3.68403357e+01 2.31270718e+01 2.12807028e+01 2.53089185e+01
  2.88269270e+00 3.12946010e+00 3.80138236e+00 2.71189588e+00
  1.19391367e+01 1.23908127e+01 1.04640119e+01]]