[[1.82723703e+01 1.91039596e+01 2.34498158e+01 2.49589785e+01
  3.64535930e+01 5.15400845e+01 1.10179243e+02 2.09671906e+02
  1.91753251e+02 1.45185770e+02 9.14278572e+00 9.84582739e+00
  9.07681862e+00 8.78252220e+00 5.11791080e+01 6.23996019e+01
  4.98693799e+00 7.22580624e-29 3.06725914e+01 1.41336036e+02
  1.67394465e+01 1.96851943e+01 3.87926772e+01 5.46545504e+01
  1.30397006e+01 1.64317862e+01 1.86036666e+01 9.10474076e+00
  3.11255788e+00 2.62654450e+00 1.08124644e+01 9.63865989e+00
  1.21249268e+01 5.84145401e+00 7.94591650e+00]
 [5.76887427e+00 4.82491075e+00 5.33830958e+00 5.43074467e+00
  4.91068380e+00 5.42157025e+00 6.09790197e+00 8.18833823e+00
  8.72612871e+00 8.22621622e+00 2.83710072e+00 3.64488778e+00
  2.06706961e+00 3.07549706e+00 4.13708657e+00 4.50779687e+00
  2.06519423e+00 6.50396635e-29 2.81373483e+00 8.20927798e+00
  3.59342206e+00 4.31249058e+00 4.11574698e+00 5.13551359e+00
  4.58564421e+00 4.38372649e+00 5.33319252e+00 3.47317048e+00
  1.37968234e+00 1.27661823e+00 1.76427778e+00 1.66546545e+00
  3.12289120e+00 2.92803945e+00 2.55793924e+00]
 [1.45733114e+01 1.35896516e+01 1.62571027e+01 1.45366125e+01
  1.98512294e+01 2.07103303e+01 4.66322055e+01 6.21723172e+01
  1.43303151e+02 1.31108730e+02 9.37563155e+00 6.90071447e+00
  8.72634481e+00 8.37561583e+00 3.60771538e+01 4.25752019e+01
  6.53017793e+00 8.79914643e-30 3.02907903e+01 1.06062096e+02
  1.12164004e+01 9.43026673e+00 2.47613688e+01 3.05264938e+01
  1.33819445e+01 1.18027797e+01 1.40590402e+01 1.01709083e+01
  4.09414116e+00 3.36594636e+00 1.40059236e+01 1.06043837e+01
  2.38059996e+00 3.67497110e+00 1.27038190e+00]
 [8.89100961e+00 9.03694124e+00 9.65965042e+00 1.06022618e+01
  9.63431326e+00 1.62324013e+01 1.49761211e+01 2.06726496e+01
  2.35188072e+01 2.14413048e+01 4.17107674e+00 4.90832479e+00
  2.17828551e+00 3.68740968e+00 6.85564592e+00 9.52942534e+00
  2.96168214e+00 3.40830215e-30 5.08623047e+00 1.90359253e+01
  5.39506278e+00 6.80353145e+00 6.89691055e+00 1.01903081e+01
  7.02053177e+00 6.57470410e+00 8.21479534e+00 5.32845224e+00
  1.84105955e+00 1.93465065e+00 2.09132959e+00 2.72540897e+00
  2.12592099e+00 2.28659773e+00 2.35534644e+00]
 [1.01320956e+01 9.89591012e+00 1.16546878e+01 1.00362071e+01
  1.47678211e+01 1.25848229e+01 2.00801330e+01 2.59147122e+01
  2.44604285e+01 2.28130890e+01 4.51839537e+00 5.48477297e+00
  4.49793815e+00 4.76380184e+00 1.31948743e+01 1.30053345e+01
  3.96401911e+00 4.64724842e-30 7.20896007e+00 2.17411063e+01
  6.41114719e+00 7.42185144e+00 1.20775087e+01 1.21550116e+01
  7.07796471e+00 7.10354138e+00 9.60027292e+00 6.18920414e+00
  1.85992588e+00 2.16227564e+00 4.64686920e+00 3.19153733e+00
  2.02213108e+00 1.50394055e+00 5.70883570e+00]
 [6.39788683e+00 6.67755603e+00 7.28305334e+00 5.86586559e+00
  8.03894707e+00 9.76994968e+00 2.32994149e+01 4.98835904e+01
  5.99733651e+01 3.69478758e+01 3.27295312e+00 2.92254865e+00
  3.35984780e+00 4.09150113e+00 1.44467340e+01 1.58282141e+01
  2.21305314e+00 2.42465577e-29 7.93515374e+00 3.62301565e+01
  4.89138500e+00 4.88684460e+00 8.52016692e+00 1.36085033e+01
  5.95210417e+00 4.51918522e+00 6.15480159e+00 3.53934924e+00
  1.51085734e+00 1.19122035e+00 3.13257341e+00 2.61801513e+00
  2.88688961e+00 2.33528657e+00 1.17661848e+01]
 [1.41355592e+01 1.33708960e+01 1.49840428e+01 1.42876375e+01
  2.15731802e+01 1.85510641e+01 4.03420776e+01 3.38387490e+01
  5.18649677e+01 5.05579215e+01 7.44025392e+00 6.89372808e+00
  6.47888038e+00 7.17887499e+00 2.42516542e+01 2.80265114e+01
  5.13517526e+00 2.47402242e-28 2.49838651e+01 4.72100813e+01
  1.16018440e+01 9.77043402e+00 2.08306705e+01 1.93217865e+01
  1.06909272e+01 1.03039385e+01 1.36297459e+01 8.34758669e+00
  3.91930333e+00 3.13634683e+00 8.10000898e+00 8.58624919e+00
  2.79902959e+00 4.15421181e+00 3.19042113e+00]
 [7.23029025e+00 7.09497990e+00 6.97829400e+00 7.86810400e+00
  7.10445861e+00 8.30555639e+00 1.21907585e+01 1.43689982e+01
  1.76541828e+01 1.33452974e+01 3.88732084e+00 4.26568703e+00
  4.97443572e+00 5.72994413e+00 1.04686219e+01 9.33006513e+00
  3.32886826e+00 5.73001308e-29 5.49810399e+00 1.48084043e+01
  5.00480922e+00 5.80020426e+00 8.36848179e+00 8.21334853e+00
  5.79702747e+00 5.76670584e+00 6.88322721e+00 4.80482859e+00
  1.88269035e+00 1.70789539e+00 4.52499446e+00 3.50989120e+00
  2.67320913e+04 1.03819998e+00 3.61292427e+00]
 [1.02199323e+01 8.85518055e+00 1.21848151e+01 7.53484369e+00
  1.68425762e+01 1.36598066e+01 4.05137905e+01 4.67406413e+01
  6.17123244e+01 5.22008826e+01 5.47006488e+00 3.80921613e+00
  4.74251033e+00 3.46198580e+00 1.48445377e+01 1.33591675e+01
  3.49165576e+00 1.28959924e-28 8.22682138e+00 5.06599861e+01
  8.65890442e+00 5.34564802e+00 1.45725694e+01 1.28575363e+01
  7.13237767e+00 5.45109520e+00 8.58730518e+00 5.61349876e+00
  2.10857765e+00 1.56410753e+00 3.65175866e+00 3.13836321e+00
  3.12466124e+00 3.96966117e+00 6.68032118e+00]
 [1.02084239e+01 1.06597944e+01 6.73225429e+00 1.06068727e+01
  8.29394209e+00 1.10303038e+01 1.94671591e+01 2.68775318e+01
  2.76987436e+01 2.46770495e+01 2.59761864e+00 2.35506375e+01
  1.75661621e+00 2.77045849e+00 1.61135615e+01 1.31445795e+01
  2.66260178e+00 1.36528947e-29 8.67379600e+00 1.81742553e+01
  7.10343258e+00 8.85746000e+00 9.62522349e+00 9.31549605e+00
  5.67089529e+00 1.96846897e+01 9.38834142e+00 3.98550490e+00
  1.31059313e+00 4.40382768e+00 3.98726536e+00 2.39803387e+00
  5.04478386e+00 3.63672907e+00 1.94054651e+01]
 [2.33349581e+01 2.32159084e+01 3.50905898e+01 2.82117980e+01
  6.39565171e+01 4.27220904e+01 2.11273597e+02 1.37874786e+02
  2.66885105e+02 1.64500642e+02 8.68009603e+00 9.25007996e+00
  1.11175720e+01 8.55235568e+00 5.60755167e+01 5.06065463e+01
  5.59417305e+00 4.55907119e-29 2.18166783e+01 1.63093561e+02
  2.17247068e+01 1.77968995e+01 4.95769960e+01 3.80074507e+01
  1.47045280e+01 1.82776849e+01 2.13012615e+01 1.00893367e+01
  3.36018741e+00 3.25263832e+00 9.81688087e+00 8.01207048e+00
  7.02770739e+00 7.84925864e+00 4.45657499e+00]
 [1.81109876e+01 1.83242899e+01 1.78691362e+01 1.70361643e+01
  1.61238289e+01 1.63736702e+01 1.97418864e+01 1.90509560e+01
  3.19564757e+01 2.91138854e+01 1.09530016e+01 1.12398816e+01
  6.51358977e+00 6.97469080e+00 1.22952578e+01 1.14375467e+01
  9.22806911e+00 2.97501048e-29 8.01284116e+00 2.71490554e+01
  1.39731602e+01 1.32534905e+01 1.30702134e+01 1.29529125e+01
  1.53795415e+01 1.44700343e+01 1.87901768e+01 1.32728251e+01
  5.22589105e+00 5.29781419e+00 4.48403230e+00 3.85202455e+00
  4.86875719e+00 1.40026482e+00 7.98071393e+00]
 [7.00658485e+00 7.54760124e+00 6.91606522e+00 7.30815708e+00
  9.80521491e+00 7.93621981e+00 1.39248822e+01 1.17857855e+01
  1.71177032e+01 1.20095929e+01 4.68953950e+00 4.20928202e+00
  4.50670709e+00 3.21653958e+00 1.02959990e+01 6.59105628e+00
  3.01719212e+00 1.66967423e-29 4.65635786e+00 1.24286325e+01
  5.62797302e+00 5.41610016e+00 9.65031235e+00 7.31060169e+00
  5.48377804e+00 5.26554732e+00 6.97642234e+00 4.45177035e+00
  2.16828092e+00 1.66306430e+00 4.02852457e+00 1.91174852e+00
  1.67543757e+00 2.27676250e+00 1.48915382e+01]
 [3.74933205e+01 3.65831873e+01 3.44638863e+01 3.15357541e+01
  4.19509326e+01 3.20972841e+01 1.02493684e+02 9.30207950e+01
  1.00696976e+02 1.03243567e+02 1.70433812e+01 1.86400688e+01
  1.48462060e+01 1.02372702e+01 6.61274005e+01 3.71477083e+01
  1.60579534e+01 6.30007376e-29 3.25508250e+01 7.97100682e+01
  2.30278730e+01 1.99224480e+01 4.78385091e+01 3.06591229e+01
  2.68559156e+01 2.76625257e+01 3.55768286e+01 2.33560437e+01
  7.49184078e+00 7.77925117e+00 2.13083073e+01 1.14617407e+01
  6.80688570e+00 6.31315872e+00 1.83999541e+00]
 [1.81898999e+01 1.78863936e+01 1.76416315e+01 1.60721373e+01
  2.37642187e+01 1.57688003e+01 3.86513345e+01 3.32510835e+01
  4.47335376e+01 4.72574243e+01 8.20423956e+00 9.30543649e+00
  9.56140529e+00 6.90951011e+00 2.74848184e+01 2.36456095e+01
  8.24777648e+00 9.35981455e-29 1.44049022e+01 3.93980414e+01
  1.17756752e+01 9.75863846e+00 2.27813749e+01 1.69730669e+01
  1.37401660e+01 1.51257451e+01 1.94942169e+01 1.32611943e+01
  4.24763636e+00 3.97868781e+00 1.12138819e+01 7.43300756e+00
  3.83759233e+00 4.40881659e+00 4.94097675e+01]
 [8.12122020e+00 1.06806500e+01 9.28097908e+00 7.98496970e+00
  6.63994288e+00 5.84186047e+00 9.09694834e+00 1.16986687e+01
  1.45313298e+01 1.41505484e+01 3.61874044e+00 5.56088723e+00
  2.31648123e+00 1.82342240e+00 5.16954436e+00 4.53869951e+00
  1.48179196e+00 1.51701079e-28 2.55333977e+00 1.23319459e+01
  3.39289424e+00 4.39087381e+00 4.91832028e+00 5.11465583e+00
  1.38652114e+01 1.89207179e+01 6.98913066e+00 6.84867809e+00
  8.64338344e-01 7.75538171e-01 1.70121694e+00 1.16320374e+00
  1.05845046e+01 5.26781727e+01 6.00541647e+01]
 [5.91368796e+00 5.64032378e+00 5.22370745e+00 5.46013554e+00
  5.57217758e+00 5.75459416e+00 6.95082936e+00 6.80596127e+00
  1.02518810e+01 9.60260413e+00 2.10013366e+00 2.66397989e+00
  2.47799146e+00 3.10353193e+00 5.08412707e+00 4.15212543e+00
  1.54967306e+00 4.14295442e-29 2.50824048e+00 1.06649656e+01
  3.82085264e+00 3.92013593e+00 4.85559339e+00 4.91955392e+00
  3.62934393e+00 4.07592255e+00 5.02242955e+00 2.60324197e+00
  1.00916173e+00 1.00214225e+00 2.01383808e+00 1.51037747e+00
  1.56656847e+00 1.64790672e+00 1.43926078e+00]
 [3.49331530e+01 3.45135269e+01 3.88056246e+01 3.79156390e+01
  5.89248147e+01 7.24308602e+01 1.22793179e+02 1.78874894e+02
  1.38812412e+02 1.53278047e+02 1.55493486e+01 1.96937596e+01
  2.52918060e+01 3.36015841e+01 7.29600995e+01 7.45979220e+01
  1.32341661e+01 2.97752449e-28 4.22098564e+01 1.07084762e+02
  2.66897692e+01 3.13833750e+01 6.90124228e+01 8.22790732e+01
  2.25388001e+01 2.46064197e+01 3.02836427e+01 2.08851530e+01
  7.56321115e+00 7.42571670e+00 3.17997226e+01 2.95307571e+01
  6.41019633e+00 6.25591710e+00 2.78507221e+00]
 [1.51618695e+01 1.46659009e+01 1.56300979e+01 1.35939999e+01
  2.21978297e+01 1.56993796e+01 2.29936767e+01 1.76282235e+01
  1.81677178e+01 1.67789776e+01 9.20190656e+00 7.96302097e+00
  8.23330684e+00 6.16588158e+00 1.34666910e+01 1.12128597e+01
  6.50921630e+00 1.70267229e-29 7.04395405e+00 1.64500192e+01
  1.29590043e+01 9.83813834e+00 1.86769151e+01 1.25047931e+01
  1.22845991e+01 1.16628331e+01 1.46797488e+01 1.01113511e+01
  3.89647127e+00 3.40379232e+00 5.62133458e+00 4.08025831e+00
  1.39768509e+00 1.17687987e+00 1.66510542e+01]
 [7.22772035e+01 8.46546393e+01 3.03424522e+02 1.08048597e+02
  2.08649328e+02 1.17707892e+02 3.04882150e+02 2.84751694e+02
  3.58381386e+02 3.85457137e+02 1.52428530e+01 1.49567822e+01
  3.11301666e+01 2.01854833e+01 1.43392372e+02 8.42517713e+01
  9.43066313e+00 5.00668657e-29 6.57422210e+01 3.21119669e+02
  1.06192267e+02 2.86680878e+01 1.22788740e+02 1.07597908e+02
  1.22931011e+02 5.44330813e+01 4.11912467e+01 5.63798708e+01
  4.70115461e+00 4.88889123e+00 3.21314695e+01 1.33124047e+01
  1.85370657e+01 2.99780863e+01 3.75110409e+01]]