[[2.11404448e+00 2.33987496e+00 1.41477383e+00 1.19780660e+00
  1.47321830e+00 1.23125890e+00 1.19882937e+00 1.54772280e+00
  1.75001594e+00 1.61666776e+00 8.78063638e-01 9.65655187e-01
  1.25411883e+00 5.13128915e-01 8.94994052e-01 9.29831501e-01
  6.17403250e-01 2.43503859e-30 6.69763193e-01 1.63551330e+00
  1.43833541e+00 8.71057869e-01 1.22400356e+00 9.73697781e-01
  1.23683892e+00 1.80483001e+00 1.70479955e+00 7.82541229e-01
  3.54206785e-01 3.54948029e-01 3.77382598e-01 3.04818901e-01
  2.70519721e+00 1.45138246e+00 1.68977138e+00]
 [1.48033166e+00 8.49136689e-01 1.17670630e+00 1.07431048e+00
  9.06323481e-01 8.69972549e-01 8.55982316e-01 1.29117401e+00
  1.29186013e+00 2.22083286e+00 5.52206738e-01 6.98056699e-01
  3.27217197e-01 4.01906467e-01 5.69089653e-01 6.48863845e-01
  4.22768491e-01 1.08929147e-29 4.05769019e-01 1.75803804e+00
  7.36369855e-01 7.35159143e-01 5.84806365e-01 6.97640543e-01
  9.36731479e-01 9.49599361e-01 1.24596509e+00 7.13011085e-01
  2.65459298e-01 2.59242587e-01 2.69845150e-01 2.68540274e-01
  3.63627816e+00 2.43074769e+00 8.68273998e-01]
 [3.10781989e+00 2.62214039e+00 2.54478630e+00 1.83684016e+00
  3.00175113e+00 1.13730294e+00 1.36003145e+00 1.60394616e+00
  1.84304177e+00 1.79318920e+00 1.12885775e+00 8.42048436e-01
  1.21628025e+00 5.60441975e-01 1.21423844e+00 1.11043460e+00
  5.85336699e-01 1.27802024e-30 7.99931918e-01 1.69391498e+00
  1.57669175e+00 1.16873292e+00 1.52572415e+00 1.13931885e+00
  2.37012191e+00 1.71714587e+00 2.75594272e+00 1.77517598e+00
  3.18924987e-01 3.14839237e-01 4.83978539e-01 4.34034066e-01
  1.03497226e+00 9.35253580e-01 2.47066945e-01]
 [1.96520470e+00 3.60265495e+00 1.47292004e+00 1.23131686e+00
  9.36578299e-01 5.46463888e+00 1.45197530e+00 2.28021967e+00
  3.40994686e+00 4.54363316e+00 6.89051319e-01 2.97667877e+00
  2.46098630e-01 3.96956625e-01 6.03757424e-01 8.09330825e-01
  3.69699361e-01 4.43394919e-31 4.04605262e-01 3.64184551e+00
  7.56110081e-01 1.55824952e+00 6.29275933e-01 1.32238265e+00
  2.88574463e+00 2.04461350e+00 1.39858935e+00 1.03670422e+00
  1.98822165e-01 2.92129454e-01 1.80083875e-01 2.18384516e-01
  1.43614890e+00 1.48046575e+00 1.31862797e+00]
 [2.35051025e+00 2.26164558e+00 2.88078853e+00 2.03000874e+00
  2.21092182e+01 8.05607469e+00 2.47220101e+00 2.32128735e+00
  8.81699366e+00 3.24931473e+00 1.47587329e+00 1.50028027e+00
  1.38106825e+00 7.61586569e-01 1.79735980e+00 1.33645410e+00
  9.54142572e-01 3.88299405e-30 1.00192074e+00 6.38342176e+00
  4.39758599e+00 1.56751317e+00 4.46491533e+00 2.17269896e+00
  1.72751821e+00 1.70588528e+00 2.06114654e+00 1.38857823e+00
  6.06035199e-01 6.11982692e-01 6.15664584e-01 4.61022849e-01
  6.86282878e-01 4.57017510e-01 3.97178644e+00]
 [3.40995399e+00 2.69310120e+00 2.53590763e+00 1.70389690e+00
  1.59039977e+00 9.73701193e-01 9.23591585e-01 1.56446418e+00
  5.11054089e+00 5.98188375e+00 8.72448081e-01 8.21405658e-01
  5.34802101e-01 4.64308515e-01 6.38137403e-01 7.52995714e-01
  5.00171764e-01 2.55505414e-30 4.67077427e-01 6.77397406e+00
  1.62360025e+00 2.74291689e+00 7.47093983e-01 7.19835795e-01
  2.14162751e+00 1.25467974e+00 3.10755898e+00 9.86757345e-01
  2.86700298e-01 2.72643826e-01 2.59700818e-01 2.36229166e-01
  1.57947583e+00 7.02186806e-01 2.60908370e+00]
 [2.27708795e+00 2.07659118e+00 1.71246936e+00 1.95841565e+00
  1.24008438e+00 1.45340489e+00 1.69199227e+00 1.53370008e+00
  3.66076377e+00 2.35885054e+00 9.58162840e-01 1.16362489e+00
  7.37199562e-01 9.05355467e-01 1.20568714e+00 1.17518088e+00
  7.94985739e-01 1.77659789e-29 9.86585242e-01 3.21092419e+00
  1.16936597e+00 1.21893600e+00 1.13155725e+00 1.22296808e+00
  1.51908333e+00 1.60415804e+00 2.08215845e+00 1.11235438e+00
  6.18725297e-01 5.95006468e-01 5.58312278e-01 5.09159812e-01
  7.87263331e-01 1.12295419e+00 8.12038720e-01]
 [1.11633457e+00 1.07403818e+00 1.24288972e+00 1.39290570e+00
  8.93860453e-01 9.61099875e-01 1.23210222e+00 1.39117962e+00
  9.66411290e+00 8.80269441e+00 6.91416078e-01 8.53071039e-01
  5.92462952e-01 5.49295207e-01 1.02552143e+00 1.04237335e+00
  5.20255290e-01 1.34730112e-29 8.20945967e-01 9.41592680e+00
  8.08822880e-01 2.39515412e+00 7.96866891e-01 7.47245600e-01
  9.84095416e-01 1.07543313e+00 9.99588776e-01 7.63488647e-01
  3.28886812e-01 3.37308671e-01 3.93051493e-01 3.70730802e-01
  5.68835191e+04 4.65653502e-01 1.59568644e+00]
 [1.19321779e+00 1.01173748e+00 7.04069044e-01 8.48033390e-01
  5.33590327e-01 5.43545814e-01 1.15124331e+00 7.79004674e-01
  8.27416236e-01 1.40304289e+00 4.39441703e-01 5.09204374e-01
  2.79393542e-01 3.04281452e-01 3.84720640e-01 3.78162501e-01
  3.53820813e-01 5.69358828e-30 2.57425135e-01 1.05263015e+00
  4.93485194e-01 5.50262054e-01 4.56423135e-01 4.12740428e-01
  6.42708532e-01 7.24258588e-01 9.24769209e-01 4.55151820e-01
  2.27553657e-01 2.18562581e-01 2.00303160e-01 1.74085895e-01
  9.96654007e-01 1.07396098e+00 1.16016042e+00]
 [2.93466476e+00 2.07990039e+00 1.89655477e+00 4.08676209e+00
  1.67720300e+00 8.85241398e-01 9.76746211e-01 7.08046750e+00
  3.16881821e+00 8.86617793e+00 6.73833513e-01 1.41159789e+01
  3.57573525e-01 3.40288321e-01 8.95504497e-01 1.01797885e+00
  3.07711377e-01 2.36203077e-30 1.05973315e+00 5.86483063e+00
  3.50380667e+00 3.89172162e+00 3.15066035e+00 2.84653747e+00
  2.04604158e+00 1.22634662e+01 2.02412521e+00 7.02793800e-01
  1.76295113e-01 8.26407750e-01 2.34826222e-01 3.58366655e-01
  1.84165543e+00 9.81810677e-01 4.36789155e+00]
 [4.04408349e+00 4.12865241e+00 3.39456139e+00 3.30122514e+00
  1.63183860e+00 3.87548529e+00 1.75631780e+00 1.68942048e+00
  3.25550785e+00 2.12543833e+00 1.05249713e+00 1.39411326e+00
  6.19305455e-01 6.05608117e-01 9.80956134e-01 7.91561564e-01
  6.23765870e-01 3.40838157e-30 4.69183951e-01 2.32762871e+00
  1.59346461e+00 2.58544735e+00 1.04762092e+00 9.92787499e-01
  1.92197803e+00 2.57214283e+00 3.55909325e+00 1.08660756e+00
  3.30759933e-01 3.57194055e-01 3.41037765e-01 3.25970255e-01
  1.37071983e+00 1.78293247e+00 9.50475745e-01]
 [1.65747271e+00 1.66784604e+00 1.67354371e+00 1.71820221e+00
  1.55867434e+00 1.97649790e+00 1.91938821e+00 2.01090928e+00
  3.09998070e+00 3.21005865e+00 1.11856833e+00 1.31534828e+00
  8.85880136e-01 9.65047049e-01 1.47789189e+00 1.48028044e+00
  1.00418486e+00 3.03167922e-30 9.80724849e-01 2.86851069e+00
  1.53324197e+00 1.73209378e+00 1.31800051e+00 1.89279824e+00
  1.51736464e+00 1.34254993e+00 1.72306607e+00 1.12197003e+00
  6.14894881e-01 7.29855925e-01 6.18806069e-01 5.78562594e-01
  2.83824261e+00 1.03769438e+00 3.30953039e+00]
 [2.25165053e+00 2.35206975e+00 2.01508384e+00 2.27486926e+00
  1.65034773e+00 1.71018588e+00 2.39107062e+00 2.12016303e+00
  6.77185334e+00 3.97594895e+00 1.26274679e+00 1.47314491e+00
  8.24717457e-01 7.69274022e-01 1.66566792e+00 1.18040176e+00
  8.68948891e-01 5.48134916e-30 9.18681274e-01 5.21626019e+00
  1.30407397e+00 1.61723163e+00 1.43547095e+00 1.36329046e+00
  1.80843160e+00 1.74895544e+00 2.09178904e+00 1.29458425e+00
  5.53089987e-01 5.43329188e-01 6.65769162e-01 3.85304686e-01
  5.87380436e-01 7.01203956e-01 6.42874677e+00]
 [2.69814390e+00 2.93680802e+00 2.51731821e+00 2.79860171e+00
  2.08814414e+00 2.32881850e+00 2.71643708e+00 3.02297786e+00
  5.58117741e+00 7.50539362e+00 1.69956317e+00 2.33060605e+00
  9.90500938e-01 1.32693911e+00 1.78012157e+00 1.93906652e+00
  1.40646680e+00 3.61909923e-30 1.21819029e+00 6.44250661e+00
  1.92200481e+00 1.93653002e+00 1.79851478e+00 2.25008630e+00
  2.24963584e+00 2.60113988e+00 2.51550813e+00 1.84985456e+00
  8.33954186e-01 1.08083141e+00 5.81290880e-01 7.22676783e-01
  1.38685848e+00 1.12110329e+00 5.89166483e-01]
 [1.31708516e+00 1.42268254e+00 1.02706228e+00 1.03486050e+00
  8.95271248e-01 1.00629936e+00 1.51154591e+00 1.46922637e+00
  2.43746445e+00 1.54950241e+00 5.08506867e-01 6.86275487e-01
  4.45383023e-01 4.19254993e-01 9.38748694e-01 7.44318050e-01
  4.61741260e-01 3.17209571e-30 4.58366853e-01 1.63009303e+00
  6.69660053e-01 6.90009392e-01 9.02043513e-01 8.15001267e-01
  8.78516247e-01 1.05674364e+00 1.29642928e+00 9.56885320e-01
  2.89081482e-01 3.09116276e-01 3.73370471e-01 2.44336230e-01
  1.04056736e+00 9.33376575e-01 1.72882674e+01]
 [4.14592887e+00 5.51886700e+00 4.89207294e+00 3.77982170e+00
  2.18719952e+00 1.86963018e+00 2.02921788e+00 1.98317980e+00
  3.38828843e+00 2.67458613e+00 1.95248413e+00 3.71334890e+00
  9.03353454e-01 8.70841200e-01 1.37985739e+00 1.22817748e+00
  1.02003041e+00 4.56352603e-29 7.56887616e-01 3.04033005e+00
  1.91614141e+00 1.94380937e+00 1.40867328e+00 1.56823306e+00
  7.45956178e+00 1.09678395e+01 3.57670683e+00 3.72456358e+00
  5.69334166e-01 5.71798383e-01 5.08340513e-01 4.93953197e-01
  5.50727983e+00 2.65534598e+01 2.81578525e+01]
 [1.57824879e+00 1.40205002e+00 1.48577990e+00 3.78615427e+00
  1.57652967e+00 1.13168658e+00 1.44586159e+00 2.17492097e+00
  9.72187770e+00 8.73820019e+00 5.44289555e-01 8.82723345e-01
  1.21313670e+00 8.59887580e-01 1.18411208e+00 1.11755340e+00
  3.79633993e-01 1.23771963e-29 7.02133167e-01 1.18134150e+01
  1.94009192e+00 2.91151756e+00 8.13224226e-01 1.00133854e+00
  9.72754821e-01 1.12758260e+00 1.12428460e+00 5.87415997e-01
  2.72071126e-01 3.09681413e-01 3.96080067e-01 3.12677036e-01
  1.59863132e+00 1.40601825e+00 7.98524972e-01]
 [4.00081992e+00 4.90278851e+00 3.26449349e+00 3.23383557e+00
  4.70681506e+00 3.56627508e+00 3.51306526e+00 5.23885445e+00
  5.47385564e+00 1.10457745e+01 1.27967224e+00 1.85189898e+00
  1.13019310e+00 1.20585229e+00 1.85607329e+00 2.55820755e+00
  9.18372624e-01 9.08335789e-30 1.39859040e+00 8.29027737e+00
  2.02290522e+00 2.06072033e+00 2.16557192e+00 2.80827946e+00
  2.01814976e+00 2.55419997e+00 3.09427999e+00 1.71694481e+00
  5.86512915e-01 6.04274593e-01 8.36911427e-01 8.48224478e-01
  1.68854691e+00 2.56501085e+00 1.16349144e+00]
 [7.80537010e-01 7.54057952e-01 8.44186485e-01 7.11843845e-01
  1.00175795e+00 7.97735652e-01 1.05215478e+00 1.37220608e+00
  2.44664972e+00 4.88057114e+00 5.18841890e-01 4.32785869e-01
  3.46840839e-01 3.09935174e-01 6.00421481e-01 8.54518884e-01
  3.53052868e-01 2.53097405e-30 4.97026031e-01 3.74732182e+00
  7.24200652e-01 5.67857057e-01 5.86105743e-01 6.44843557e-01
  6.59570453e-01 6.72015744e-01 7.41713108e-01 5.07704209e-01
  2.18808142e-01 2.24403650e-01 2.71812241e-01 2.47437994e-01
  2.66301914e-01 2.25452010e-01 4.96906224e+00]
 [1.05639440e+01 1.46191174e+01 2.88615380e+01 1.19800178e+01
  1.87622559e+01 8.11428369e+00 1.09216385e+01 7.79358095e+00
  5.36984602e+00 6.66972105e+00 1.99845936e+00 2.58220307e+00
  1.29158983e+00 2.29080281e+00 2.83490919e+00 2.06256855e+00
  1.06390626e+00 5.73472417e-30 1.29801161e+00 5.65001749e+00
  9.77778273e+00 1.23594065e+01 3.34387924e+00 3.99364756e+00
  1.22453819e+01 7.67400038e+00 4.71577413e+00 8.42668898e+00
  6.13023371e-01 9.75760555e-01 8.40392040e-01 6.52021827e-01
  6.23329087e+00 8.20480226e+00 3.88911223e+00]]