[[ 8.04688935  5.87879645  6.27735349  8.35968327 14.67497679  8.77839003
  14.75557256  9.91248906 12.94862968 13.5714485  12.13696229 13.40628374
  14.89477895 14.4358828  13.30564897 11.33345511 14.72159859  2.58877915
  12.77672906 14.31807132  6.47006999 12.66344044 15.13311694 12.67602133
   4.10269102  4.2035451   7.42672298  9.89431144 17.58850423 15.87761305
  13.56493022 12.72644235  3.09662261  1.00717609  8.80839489]
 [17.90496884 23.33166629 18.09457434 17.33105221 21.65390773 23.22620761
  22.31378184 20.71755682 21.23479008 20.43029716 21.20076937 20.95069879
  25.71873823 25.72671784 21.63105667 21.37715896 21.35055075 19.86057279
  20.78085891 20.96116917 21.46554504 20.88592099 23.05245608 23.1607189
  18.86379865 17.73250354 20.0129177  18.11123123 24.36474621 22.95472142
  23.09467208 22.36007064  9.42234869  6.91340465 15.67321259]
 [11.38065236 11.11281762 11.08082453 11.73281211 13.81771922 11.08619223
  13.71134823  8.27556003  6.02586288  5.43843391 10.80908092 11.6953335
  10.45244035  8.73820435  8.50505284  6.17052287  8.90991965 11.38311703
   6.01618842  6.52188142 12.45039111 11.38323244 12.22304725  8.01356525
  13.05827191 10.50660828 11.45040446 10.39056244  9.64338106 10.44518481
   7.23710605  6.68998592  3.69842044  8.01817197  9.57377309]
 [13.71077986 13.89775224 14.42413623 17.26478001 22.50106856 17.51254427
  22.19249349 20.55290218 18.2242696  19.33911256 18.20267289 14.69920292
  21.00467513 18.24579387 22.03700807 19.67586415 17.58408196 21.36533033
  22.24303965 19.87065593 19.40393629 19.64539249 23.93150009 21.18067414
  14.95503602 16.23208608 15.02733848 16.11222986 18.52510304 18.94337407
  22.5674309  20.27991907  6.83265865  6.79103668  6.57372875]
 [13.52905773 12.25656178  9.28835614  9.13161274 14.84166644 18.10644189
  27.37619689 26.40092043 28.14747336 29.3041365  15.59761588 16.130699
  17.07212598 20.5086195  28.41111711 27.27078023 18.26436513 16.59205553
  30.1793464  29.54675718 14.45797726 15.32763737 23.35786122 24.17073057
  13.13074572 14.04327287 15.52408322 17.65323009 17.62012038 18.80930551
  23.48803421 27.23655121  4.42157308  4.01672147  7.35224408]
 [ 3.2992961   3.09597667  4.09504314  6.07553863  9.07256403 13.89970212
  11.45911132  8.62067661  8.10296918  9.0164157   7.55297384  8.51976837
  12.30139602 11.81820967  9.16305183  9.39399578  8.14209957  9.4264831
   8.6504894   9.23305798  7.3278009   9.73818603 11.47966514 11.92589999
   3.36854025  3.20373072  3.48429357  4.35044497 12.47584027 11.2005589
   9.64822786 10.92604901  1.92518763  2.9955715  14.47051096]
 [ 8.22180305  8.23585545 10.2257671   8.50279047 16.82634666 15.37240139
  17.55241784 17.31856391 17.4652577  16.58747799 14.84638836 14.81229836
  17.9610074  13.99679856 19.69952973 16.29766929 18.74402374 17.76337921
  18.69127602 17.52032304 14.80426384 14.20819596 18.3096896  15.09613944
  11.91916139 11.31927573  9.9868565  15.28260586 16.89598764 16.87305447
  18.61564669 16.21959213  1.3592448   1.52561106  4.22379744]
 [19.31125892 21.91395484 19.4669518  21.36673294 30.46384521 29.37802967
  30.91538459 25.60965975 24.73749073 24.35618289 25.67455616 28.36777368
  20.29206481 25.18056812 26.01253215 25.74491282 35.0932664  29.07386237
  27.02860297 26.06484205 25.83407203 26.00854297 28.26634185 28.51243718
  24.67243068 24.9268007  23.17316356 30.7456626  21.62491044 26.60697414
  25.63968155 26.43828392 11.97131773  4.20913235 14.57238944]
 [10.99400816 10.17093795  8.83368313  4.90754358 16.72563955 11.62014224
  14.38309984 10.93353108 11.24831916 10.75393726 13.11302269 12.1171877
  13.88317392 12.97141498 13.73452353 13.5571904  13.45043299  7.02193161
  13.14225284 12.49556427 13.62097625  7.27721666 13.24410671 13.71935798
  10.91088085  3.84847986 12.50222569 13.60515747 12.03450596 12.1454954
  13.70188813 13.49248837  2.03414104  1.36739883  6.6425986 ]
 [ 2.18796581  3.33019858  3.60866077  1.48014022  3.98370312  2.76066502
   4.94633944  2.04599009  5.5470989   2.38141625  3.21590141  1.07840773
   7.71052422  6.4902626   6.64233684  8.44017806  6.20130112  2.82567056
   5.35324418  2.23883105  1.96539685  1.16476577  2.51695399  2.1592226
   3.52746393  0.86220226  3.20200893  2.25209221  7.30372818  3.41470344
   9.92361815 11.1020075   1.18517718  1.98058859  3.38954443]
 [11.39507878 10.57704811 10.44124978  8.02662889  7.18333392 10.4379327
   5.7873107   6.13873247  4.0588048   4.66920152  9.61697587  6.37944496
   8.85993207 11.79308911  5.6335878   5.83195722 11.36952728  7.69838474
   6.35581022  4.64813083  9.78358717 11.13539484  7.55374075  8.57687855
  11.25302364  9.24582788 10.7448072   9.879154   12.89873946 11.99798235
   7.67048123  8.23132066  3.62503918  3.24428603  7.94617195]
 [20.35149933 21.91723815 22.50072356 24.40798644 23.09664923 24.57226832
  24.85380876 24.71329874 26.80751402 27.12663606 22.40424615 25.32700483
  20.85528936 23.63109632 23.90254768 24.97161826 20.96998569 28.67717668
  24.04094093 28.08677735 24.00054854 25.47627574 23.70097267 22.54950317
  21.76402116 23.00002062 20.55074217 21.57802423 25.50421876 23.80374725
  22.91916251 23.66870413  5.73983096  9.39268476  7.48777126]
 [13.07126133 14.05240353 11.6942253  13.04377066 13.4341323  15.76771376
  15.13901667 15.98979944 13.50827937 16.66111058 10.94106846 12.67590798
  11.15015676 13.67706656 12.52578783 14.18675345 13.58559642 13.71058775
  12.12236433 15.94177249 13.33303687 13.65066161 12.65661287 14.43137704
  11.81956565 13.6712955  13.39143541 13.75269598  9.89562614 12.81719165
   9.82821094 13.04959225  6.72337767  6.25064117  5.78131265]
 [39.96386798 37.83713175 42.08922386 34.19796915 42.31589177 36.15540903
  31.54008081 29.11339745 26.92706941 27.46233781 47.6962319  38.84542368
  37.31166138 34.71338523 32.08005489 30.98531933 43.39666316 40.33694436
  37.24385124 29.4795032  45.31832448 37.81385574 37.71709764 33.02656419
  44.47503395 38.22634276 40.82431091 42.40560066 44.28143278 37.52052595
  34.3077404  29.04338426 15.32454566 15.51685986 15.14576721]
 [13.08787001 12.11749039 12.4861879  12.2880799  16.06342736 17.21956985
  16.42426481 16.75579254 15.59472753 14.90720034 15.0823725  15.55708481
  15.77897978 15.95954467 17.47381146 16.09391983 14.73302291 15.20349988
  15.93977836 15.74900761 15.21229016 15.28453943 17.16912377 18.15592109
  14.13087701 11.65872759 12.961464   12.78007263 15.70094635 15.54534912
  15.99136642 15.30358878  7.96098116  6.23104732  9.03782395]
 [10.74345707  9.7818022  10.8325044  11.67977726 15.79882878 20.21956916
  20.64122421 21.06723397 20.93173366 21.23530567 11.29076797  6.3366424
  14.55248909 18.87347124 19.6677037  21.46850148 13.25990717  7.46960011
  20.47782381 22.14118103 16.04980397 14.91048093 18.70371441 17.1004912
   5.58962374  7.35907531 10.54886947  8.7921323  14.68269383 14.47808286
  19.22649636 20.11753496  4.81053007  2.00567164  6.64228114]
 [13.83684457 13.51541049 16.56276182 16.97405004 23.46058132 23.50551195
  24.33935612 22.70749937 18.50019702 19.26506306 24.51418767 19.86265992
  14.20230957 20.40157398 22.97974597 22.76512399 19.5942211  22.85961424
  19.86288013 17.85969696 22.38116511 21.05772927 23.0317377  23.54110319
  19.72426776 17.52174359 15.32933724 19.00802522 21.47529045 21.00458531
  18.93352656 20.32787363  3.20590943  5.00819657  7.47991843]
 [36.52290804 44.74786998 34.31369311 23.24068    55.64369075 39.68910225
  48.63261871 33.46327488 35.31610569 30.71390184 48.74790663 36.37509336
  49.89676071 37.67302451 39.37597391 32.53279319 47.47329112 38.3605631
  35.40600663 33.88993284 52.55942248 35.90298019 49.83092712 38.77831563
  40.53940639 37.66182298 45.59069772 49.1443465  49.07403656 37.88576175
  35.36440721 34.32443442 10.64917357  2.22926276 17.78789374]
 [23.70928056 25.96533697 25.82246472 27.56117339 30.98678726 29.069096
  33.08863353 32.0182662  31.11817885 30.35722038 26.00156293 26.27486512
  28.56805671 30.03328621 33.10506144 30.795981   28.39159518 20.59471934
  31.37511238 30.99475158 28.07966552 29.41451884 33.62113373 28.43433788
  24.81345567 26.2361907  24.2949811  25.63577544 28.4547777  29.21385487
  31.384948   28.88917428 19.72114071 19.02275193 15.84565746]
 [ 8.6392547   7.64208282  3.40725316  5.63300734  3.52403487  6.400296
   4.2096929   3.7003979   3.79202003  3.50766241  8.40036857  8.26334584
   6.83548558  7.88259251  3.99075825  4.87115435 11.4928789   3.6078228
   6.35916916  3.72392864  4.81131232  3.66449794  3.08155789  6.52955806
   5.58559929  4.31400305  9.45513607  9.17348402 12.07109296  5.24389939
   6.95190629  8.02454121  0.69964179  1.12874019  8.29410775]]