[[ 1.22880236  0.94120997  0.58870089  0.67006416  1.19486415  0.59755011
   0.51733635  0.40804664  0.47961099  0.58745145  1.36216251  1.61123921
   3.20072963  1.70422425  0.78958764  0.78615148  1.5922311   0.29835171
   1.04408864  0.58365685  0.81790399  1.08155474  1.16594671  0.85539099
   0.51612859  0.59100427  0.89854741  0.95592219  1.86881019  2.08860879
   1.30720541  1.35663992  0.39773598  0.41843352  2.01210901]
 [ 1.3126787   1.0068384   0.91739907  0.7613333   0.81477749  0.79370154
   0.68291677  0.82182594  0.82389598  1.41586647  0.95019733  0.99567042
   0.96024989  0.98586933  0.74871926  0.7301412   0.87825518  0.70269321
   0.74038064  1.13997349  0.96296504  0.8539414   0.7198143   0.75119354
   0.99751489  0.93415322  1.21199184  0.89327211  0.90253376  1.02322128
   0.89098354  0.87264793  4.75066964  2.22055012  2.44699404]
 [ 3.84100228  3.2934243   2.43822621  2.18290746  3.84827442  1.68556878
   1.24285144  1.22979418  0.86408158  0.9109549   2.36981128  2.84471165
   5.06160785  2.80566233  1.74377723  1.52731578  1.74528724  3.40283706
   1.47601472  1.01822371  3.42739493  2.96296198  2.50362465  1.8006862
   3.59941362  2.49049631  3.74387858  2.87421409  2.28162561  2.5207816
   1.82398644  2.10446838  1.17106095  2.4312761   2.88303589]
 [ 2.24535863  4.0263955   1.77951088  1.51973496  1.80982513  7.03235895
   2.52661942  3.25701052  4.30131133  5.54591347  2.67260908  6.31151272
   2.38061906  2.24914019  2.09068809  2.22171038  1.88001457  2.34493797
   1.90727531  5.02926047  2.42626423  3.41589946  1.95402834  3.18869095
   4.74397404  3.6000759   1.92950937  2.46836586  2.10017344  2.18566875
   1.83960214  2.0484951   2.96841952  3.02263393  4.41561225]
 [ 1.54633803  1.2658629   1.10486352  0.91521611 14.22094957  7.10260181
   2.30302635  1.80965421  6.63249468  2.53722068  2.41541466  2.21692778
   3.5504316   2.51073492  2.90341038  1.99632734  2.74036498  6.57076921
   2.45955287  5.02843648  4.46420227  1.76247946  5.93733437  3.09208476
   1.57999709  1.64199203  1.58351948  2.14232078  3.26167027  3.24943481
   3.05786018  2.71060431  0.84756056  0.66662316  4.8297908 ]
 [ 0.94574926  0.61150946  1.2407574   1.40535828  2.2063707   2.20699062
   1.34703127  1.63850008  4.05077737  6.15198897  1.97728615  1.90524586
   3.39088545  3.46972505  1.61827373  1.90941863  1.38535175  2.45361058
   1.79879772  6.88509605  2.56118857  6.94835839  2.07739951  2.04843354
   0.91561412  0.65391102  0.92953953  0.90429128  2.10122939  2.39422813
   1.96427799  2.23985149  0.23894327  0.27381564  3.03163738]
 [ 0.83512806  0.81516157  0.82703328  0.83544873  0.99292309  1.25858893
   1.01460394  1.01806898  1.74319676  1.17656114  1.14581665  1.48194135
   1.57334742  1.82286226  1.17909548  1.19636283  1.44764719  1.31241285
   1.22385428  1.65782226  1.14025567  1.3299955   1.07364031  1.20739108
   1.03750485  1.11541064  0.9668345   1.16763551  1.43244538  1.66989796
   1.43345964  1.5852984   0.19288107  0.19435931  0.90058667]
 [ 0.743197    0.79921432  0.92243614  0.99483185  1.13047563  1.12109788
   1.27367923  1.0851596   6.57493262  6.31905095  1.30180678  1.4620001
   1.59864916  1.69002871  1.48229363  1.35522997  1.0288627   1.92579797
   1.78230466  6.85058819  1.29497112  3.32865845  1.25261667  1.12072904
   0.99376939  1.11806533  0.75886806  0.86130694  1.26516265  1.74038806
   1.62008702  1.48031879  9.26813995  0.65192701  3.58234885]
 [ 1.25994362  1.02703423  0.60970023  0.4529993   0.87237415  0.73139641
   1.32288404  0.72109407  0.75129244  1.17710799  1.23721072  1.46475795
   1.38032805  1.70888866  0.98607683  1.07551487  1.38083189  0.54793311
   1.04850962  1.0292113   1.06262272  0.73972337  0.90631553  1.01510101
   1.03253586  0.45273733  1.3130334   1.15078216  1.41727612  1.61474068
   1.42253532  1.41880714  0.76017167  0.34847027  1.62189191]
 [ 0.7110248   0.93083826  1.04541844  0.59542971  1.13343036  0.51644471
   0.67126706  0.86847389  1.8048539   1.05211313  0.71173557  0.60407601
   1.87847018  1.04538627  1.43842337  1.54705458  0.8998865   1.23726507
   1.10765459  0.70604205  0.78466714  0.53243311  0.78706231  0.7666854
   1.13237411  0.52366334  0.86146886  0.41403815  1.06607334  1.16382875
   1.47805252  2.18334068  0.53715937  0.56843075  1.02509168]
 [ 4.03272049  3.94207072  2.64316208  2.2156461   0.83159327  3.63556073
   0.57389149  0.84904421  0.92862039  0.93991702  2.00295744  1.77241652
   2.04095601  2.17955736  1.03677661  0.96108599  1.95023151  1.8565603
   1.13417009  1.04014717  2.05653663  3.86469122  1.10720117  1.30126633
   2.89017457  2.86388721  3.53266281  1.7784822   2.14412786  2.44610855
   1.54287846  1.46585719  1.45475805  1.68322545  2.86242365]
 [ 0.65366944  0.69138952  0.67429445  0.77553579  0.68820663  0.96678785
   0.79299683  0.89355726  0.87189505  0.9540698   0.85551007  1.09763675
   1.13250325  1.56381051  0.99300554  1.21086767  0.87541594  1.07555318
   1.20709215  0.8936572   0.86735706  1.22708291  0.79789774  1.20686334
   0.81492122  0.79282306  0.66286694  0.69533619  1.0496395   1.1991197
   1.32956331  1.57312757  1.40279637  2.18886277  1.91934116]
 [ 4.30393879  4.1764917   3.19289704  4.29146313  2.87122685  4.17888411
   4.01922062  4.13814997  8.51912934  6.44586698  4.1918677   5.67955226
   3.63843441  4.92496581  4.39994457  4.09378372  4.65248834  4.67570787
   3.79208172  7.86694953  3.86301164  5.15680194  3.49018746  4.1243278
   3.83127815  5.13902213  4.23297501  4.69982615  3.72726921  5.38773293
   3.7841953   4.08342179  1.78383568  1.10670001  3.24805153]
 [ 1.12749656  1.23270964  1.24118601  1.31066173  1.02923345  1.36606409
   0.97518654  1.13795395  2.11483759  2.71581987  1.01645841  1.54081068
   1.64597618  2.29648428  1.00816201  1.73565791  0.95722439  1.12067163
   1.09768206  2.75957263  1.40463661  1.5107609   1.07822685  1.75659055
   1.12687044  1.34161842  1.07702886  0.92610988  1.33252059  1.65201979
   0.8934209   1.93135049  0.95663505  1.07929809  3.91234137]
 [ 1.2776101   1.29608853  0.98935065  1.13628971  1.09199687  1.58901468
   1.37856724  1.47905562  1.97285846  1.2507672   1.51850464  1.87890534
   1.62382178  1.79732507  1.34482158  1.2579912   1.59604789  1.20489688
   1.23351192  1.44461303  1.26654427  1.53955934  1.28928214  1.5157604
   1.40511274  1.31503111  1.2134046   1.4395804   1.73472228  2.02054045
   1.37380995  1.34300209  1.55467234  0.9041975   1.46927737]
 [ 2.61801234  2.36882452  2.4408931   2.10956934  2.06110822  2.4800696
   2.05475968  1.87711813  2.57383346  2.08501265  2.926589    1.94703529
   3.24740895  4.05055733  2.7166632   2.76271813  3.32279591  1.15946743
   2.62213622  2.56503977  3.31535064  2.41998608  2.41945375  2.37823287
   1.81927321  2.34013365  2.36147257  2.44532482  3.7839044   4.41297314
   2.9409053   3.90868282  1.72429183  0.60641959  2.83373293]
 [ 1.19694971  1.21458656  1.57159504  4.57802509  2.40504077  1.92348472
   1.98799957  3.00572885  9.39891822  8.88198909  2.21550224  2.68333218
   3.42500782  3.82785911  2.32725792  3.04260522  1.82606453  2.70962965
   2.78493711 10.87081695  4.14941951  6.64004911  1.60084552  2.35191805
   1.7182243   1.78951031  1.1163377   1.56329106  2.17089546  2.79980219
   2.25921291  2.47681285  1.69053672  2.22924058  2.53148949]
 [ 0.77182683  1.30555558  0.50352835  0.4719058   1.12956853  0.8489128
   0.84720367  1.15013937  1.32935004  2.62068343  0.74674761  0.95993351
   0.97546904  1.00600046  0.78902172  1.24013985  1.03251426  1.03088116
   0.66811952  2.36732416  0.72541884  0.71993513  0.80711332  1.05082372
   0.6772145   0.95938481  0.91770401  0.95239577  0.9708878   1.22143243
   0.81246324  0.92985725  1.29109572  0.43989681  4.37417402]
 [ 0.52792646  0.5553839   0.63141458  0.65010493  0.65928005  0.68080395
   0.66334233  1.02053869  1.57405818  3.33590084  0.71550507  0.63688709
   0.80361087  1.02825138  0.75644348  1.21083083  0.67801529  1.70442645
   1.17976309  2.56029385  0.77341976  0.76318499  0.53758098  0.71377429
   0.61336518  0.6660948   0.52190753  0.54357228  0.82367728  0.97244183
   0.94061027  1.21454971  1.21641799  1.19028383  2.775595  ]
 [ 2.99149752  3.35428973  1.36500405  1.96930073  1.89628204  1.93541115
   1.55803204  0.91429005  0.7432525   0.76613962  1.76818829  2.2735629
   1.84601749  4.1163795   0.90210901  1.06096624  2.11256041  1.11564275
   1.08648029  0.77203975  1.98857096  4.25392671  0.78164174  1.59965657
   1.85660079  1.43146791  2.09524499  3.05434216  2.56699651  1.63503928
   1.53689531  1.92934251  0.36527522  0.74741587  3.08263371]]