[[76.66018962 82.78931681 81.08907249 73.96623818 49.67116137 61.91787367
  33.5073051  30.95023533 30.42596022 29.05195013 67.0481618  62.9076759
  50.57896422 46.40402221 35.06063735 28.9539391  65.19922384 86.84311966
  30.87084699 30.75978272 80.53728027 56.41357006 41.30329113 32.57358795
  88.02698238 87.9954394  78.799802   74.17239847 56.98189253 59.27206861
  39.93259739 34.55403666 93.32838498 96.12730962 74.10081886]
 [70.62933356 65.44297078 72.3934284  74.30993378 69.35749783 67.28729142
  68.6432065  69.7394449  68.96497353 69.22931258 68.10620197 67.87799469
  62.73143746 61.39165504 68.49765606 69.2571603  69.85046586 71.99245883
  70.01298407 69.02779902 67.80216749 69.10324764 67.41437277 66.79383408
  70.38025217 72.98622448 69.08533257 72.92790916 65.5003621  66.53935847
  66.42129625 67.56705347 73.26103454 82.41655913 66.30889832]
 [53.61889517 55.58652145 59.55769442 56.07542721 39.34610655 38.87846705
  25.65979802 27.99073805 14.69005228 15.19642144 54.91190483 44.02122953
  26.83732124 24.43452741 20.05483549 18.14823856 60.63508503 46.65556467
  22.0351064  16.38970678 42.76738247 42.81392417 25.22534589 24.10350542
  50.25183362 57.91938336 52.28732639 59.52072773 39.62730325 38.84373164
  20.03048565 22.73063844 89.38841274 71.31602639 60.15139434]
 [65.74079289 60.70261568 63.71177116 59.31688497 44.09697345 37.29984495
  35.69139724 32.51011047 33.22126267 33.92279668 51.07170029 53.99783389
  42.61543294 46.16997173 38.86129734 39.40267411 55.1788766  46.71345767
  39.70963433 34.34853734 48.37933361 48.48363509 39.63776544 37.43425866
  55.84446545 56.8016406  63.46844191 58.44616522 48.34411011 49.97661405
  42.05234961 39.76820095 79.35428299 79.08008793 71.78528328]
 [69.46600775 73.65362534 79.14406783 79.66399482 39.15334107 46.67517199
  36.72997133 37.77931036 29.9040219  37.1903395  60.85069648 60.29328242
  51.26659592 41.59666761 30.63296689 35.20088953 50.86481319 52.65763014
  34.46859007 33.27223018 62.819567   63.19118485 36.9698732  38.32108924
  69.3764531  67.52704343 66.03570921 57.62230563 48.95373034 46.23239117
  29.56953059 30.45309514 89.71460769 90.74375839 71.13654444]
 [92.69307853 93.63002743 88.81916901 84.27492984 71.88811131 53.28000099
  44.96055653 26.33231044 28.37620575 33.50561461 78.14718536 78.05503657
  53.40380099 43.15226433 43.71791311 39.07747666 81.07705969 55.47464566
  51.02292029 33.59586416 77.4328911  60.86334298 54.83942804 36.84920742
  91.31163754 92.168047   92.4103676  89.67907161 67.79508095 69.16737834
  56.42039449 53.07293274 96.90352325 95.06645498 51.39454303]
 [80.56691975 80.35755296 75.27550058 78.43204306 54.18339033 55.12973172
  46.71339159 48.06150761 45.66647336 46.63593383 64.13123786 63.14610198
  52.28219576 56.29068801 42.48765476 40.84224777 59.81061718 48.88553689
  35.5302127  45.48465367 62.43165322 62.18496254 48.8124749  52.15710639
  72.08642297 72.67518984 76.36372    65.71230922 58.2882884  58.66688737
  44.15761989 39.40561619 97.04469916 96.83781661 87.88120516]
 [72.24277454 68.80581942 70.7788418  68.03775626 53.91692485 53.89523335
  49.0398519  56.44796946 45.99099829 49.58387612 60.24563568 57.11735922
  56.1390236  45.92678427 50.28710438 54.09223453 53.22637351 55.12047793
  51.77587567 45.58993545 59.27294471 55.32133762 50.40428156 50.90906825
  64.68502554 63.76517232 67.91897899 59.69653624 64.5115561  55.45806896
  45.62522839 49.93904562 69.90445781 91.89309079 64.48517769]
 [70.3561567  73.93393403 75.83209934 87.70593638 46.63375307 63.33374389
  29.34351126 39.64632279 25.52305056 37.94453529 61.77585161 66.27792756
  51.32315631 55.93292719 37.24795404 37.56836647 62.99218444 75.99793729
  41.78617225 29.67246886 59.10216644 80.0127077  48.43449464 44.9298103
  70.20981559 89.65689408 66.8054721  62.93427462 64.8696499  64.05629579
  47.25880755 48.96578958 93.32073037 96.09834607 76.25551687]
 [92.63371531 88.17079893 87.76526832 95.1439425  85.2131679  87.67228216
  76.47861851 91.86468639 71.60595127 91.40426028 90.77677796 96.28877459
  73.62673157 79.33147387 59.43376017 63.70900736 80.80347642 85.547012
  80.39235816 92.96617272 93.85687687 96.01811807 91.92222358 92.70398004
  88.41901911 96.79036878 89.15797364 93.33862143 77.99805519 86.37295534
  54.4850115  64.00258734 95.51587741 93.34579553 85.72676313]
 [51.9653838  54.56342828 51.44226371 64.55366449 54.58723456 36.21317804
  19.79749195 17.7287548  12.91291082 15.56478334 62.88752767 73.35451682
  33.29222095 40.01657206 24.99282123 23.20796258 59.76639143 57.94915896
  28.36368896 14.95297054 51.16492111 47.86207698 30.28640257 30.95754966
  54.06549368 59.55738863 55.84765724 64.62776455 50.06126173 49.28161038
  31.70889303 41.10421552 84.33041971 84.73966745 65.87117579]
 [66.85325717 64.55783124 64.58682095 61.40151027 63.58398533 60.06822745
  60.18505906 59.52254617 57.90472034 57.64966146 62.16290319 56.73385568
  60.37519596 50.93012502 59.34865478 55.28078038 63.82089054 53.90276279
  56.26286964 57.2392762  61.18186195 56.19368158 60.82974565 60.0423122
  63.39892015 61.52619942 66.63689483 63.72417947 56.42452764 58.44680249
  56.01028598 52.5413835  87.41128043 80.57738299 79.98991124]
 [36.72183904 39.49889884 47.63401232 37.75954769 41.53818129 30.19689894
  29.8122562  29.45437921 27.22230367 29.58272519 31.73062757 28.09528164
  34.72645832 28.57596494 27.3646586  30.70353975 30.22603027 30.4044983
  39.98126022 27.85198655 31.42309037 28.61281244 31.97439643 29.9166249
  42.90069889 29.84724194 37.37243841 29.2357078  42.95025694 31.04756772
  37.56261947 33.19555478 75.12526991 81.80845355 72.42164805]
 [34.06117524 36.12860036 28.82354366 39.47740775 24.25988045 31.47793105
  20.66056049 25.24795278 21.51766266 20.71645985 32.44920292 36.84013812
  20.64473508 28.74688657 19.61082015 21.07811095 37.35150333 28.22106849
  22.5107504  21.39852917 24.541416   32.39181427 21.13536327 28.14034201
  32.18838536 36.69040224 34.08071526 37.52637633 32.63380757 38.43830693
  22.11162148 23.47486798 75.26686726 72.60216114 55.52437852]
 [61.36424614 63.86090301 63.51942396 62.68393927 45.05371939 47.2597975
  37.4998678  39.2390203  36.27563096 37.40399937 48.76342071 47.01962516
  36.32336299 40.50792832 31.49804764 33.45165856 45.94041686 38.94006448
  34.53270624 38.81011802 52.74295978 52.65005718 38.94400466 38.67083319
  55.07466422 61.8278952  61.42813452 58.59238599 45.70522296 45.12918947
  31.06704656 32.12680566 79.67456395 85.0744903  81.38610554]
 [76.26275768 78.13588963 77.2211816  76.78413484 70.10857613 62.57117251
  61.5424548  60.26298415 58.84484692 59.7798088  74.86488807 85.07814732
  66.26509515 58.86745105 59.27157371 57.22340442 72.44627648 83.86854368
  60.40497868 58.07351119 67.8142644  71.64762087 62.85669755 65.9666487
  85.55280222 81.0913851  77.75512331 79.29077875 67.9748682  67.1412128
  59.35396689 56.09631125 85.84505911 94.573286   75.50023832]
 [75.89463681 75.16278826 70.49618311 61.94288111 56.69613954 54.85775228
  55.1950378  54.99628851 47.9943854  47.34249094 55.5149492  58.99276144
  67.07784383 48.73011624 55.24412074 51.32346241 63.6202005  55.3902166
  56.81303358 45.89350563 55.64675517 49.1731892  57.05797373 51.04164843
  65.77962191 66.86392245 73.47941969 66.10851217 58.28094139 54.30012903
  57.2428923  53.80837583 90.25772537 85.76322775 78.73697431]
 [52.03722153 38.83373174 56.06353359 67.63825621 23.95703656 36.42061245
  14.49877974 17.55535212 20.48703089 18.6191298  35.08795702 45.01171982
  20.91715884 26.37405991 20.97503405 19.96865364 28.71674217 18.77371901
  37.18656261 21.53125197 32.3110871  47.46846918 17.22948088 21.38033347
  46.33728567 45.84748993 39.08834502 31.44553836 29.32781367 36.01913604
  25.46680105 24.41932691 78.8675887  95.12170149 54.21298975]
 [58.53734975 55.07564435 54.59326596 50.40378423 47.11921804 48.30561121
  45.17385511 45.94020742 48.21789094 45.34546738 53.01702514 53.12745942
  42.90576925 35.97836936 41.0747577  42.6884131  50.6340792  57.16780917
  41.43364072 46.64189644 49.6003794  46.78970151 41.52771868 48.62631017
  55.79993039 53.56376531 57.86714849 55.93312208 47.41311973 44.92297672
  38.75405323 38.61576148 67.01146153 67.6855401  60.53243321]
 [61.27715617 62.61460544 75.67041918 68.84008303 67.42035582 56.24512861
  42.31329906 55.52882285 39.36110697 44.88378191 70.99734925 69.97033447
  38.71720575 39.92113159 42.90450557 43.0913148  61.11255506 80.17833391
  29.67009165 45.4441154  65.32954442 76.34472285 62.4589917  39.19100937
  66.8438353  80.36285863 64.50766283 58.94380508 58.11457145 81.07621139
  24.1623522  41.76113634 97.07997974 93.87344681 42.59902202]]