[[10.62093625  7.68452907  9.75769218 13.96228492 29.56594513 25.01324705
  47.54615531 55.27857896 52.55207323 52.75641232 14.18343657 16.42820689
  23.16562159 29.16886355 45.15157502 52.75745051 12.86089406  8.85337778
  47.81526467 50.43783266  9.51882292 24.44225111 36.95266553 48.01388178
   5.4414218   5.38070387  9.80542054 11.12200018 16.42198883 15.45528782
  37.45300406 42.89822811  1.78268692  1.68409103  9.46166465]
 [ 5.11552824  5.72099343  4.16192234  3.8486144   4.41466509  4.94625798
   4.86500647  5.21183723  5.56517083  5.24452961  4.88187731  5.19887133
   6.06601173  7.54413894  5.44293218  5.07244815  4.29021456  4.19565665
   5.13404107  5.32318362  4.69918722  5.00927488  5.06590505  5.52973113
   4.8832013   4.31242101  5.18777442  4.35124554  4.69077517  5.0387668
   5.82535003  5.41209317  4.07994761  2.67483885  7.20885585]
 [18.01137915 17.06868515 15.57635465 17.2753627  25.44947096 30.69427237
  42.61438511 47.66940165 67.18546199 66.60431599 19.68226499 23.31284285
  36.3150971  41.92967497 51.81068006 58.55885427 19.47090661 23.4284721
  55.891822   63.75464044 24.38208587 23.9075338  40.63196696 48.24692937
  20.32264798 17.11839389 19.09885094 16.46787043 29.28995131 26.94967673
  52.78460225 51.41667873  2.69362546  9.55341909 14.82414651]
 [10.15848633 10.09985693 11.67032327 13.08568765 18.61715383 20.88922526
  26.06033196 29.52831181 29.66665349 26.17104355 16.17826897 10.40722119
  21.07150296 20.89271417 23.73969533 26.15941779 15.06090129 18.02514374
  23.97606433 26.28794281 17.31209273 14.91428623 21.41629451 24.5721185
  11.54129168 11.57648315 11.33322271 12.6869066  19.44725009 14.47476594
  21.36345848 25.56493945  4.39413028  4.66849563  7.88721067]
 [ 6.66563562  5.53882782  4.46990092  4.52475808  9.49886321 11.09535214
  18.70603374 20.20287062 18.400111   17.81355329  7.39480719  8.10471605
  11.56323864 15.70490358 21.31467231 19.42670883 11.38494338  7.8640339
  17.69682738 17.1262022   6.50826565  8.34497662 16.06037344 17.29845077
   6.47354312  6.83748108  7.375613    9.54880345 10.01008681 11.4810007
  23.0798988  18.76478544  2.49733545  2.19370501  6.94208578]
 [ 1.77445114  1.51624033  3.56341935  4.83811126 11.15247723 22.14456294
  33.98151398 52.24425588 47.53679797 37.99855262  7.41770772  6.77883534
  21.30294371 30.57532547 36.63595019 40.13659895  6.1296084  23.28389428
  30.55967943 36.8244852   7.71603682 12.37935712 23.69151802 38.7256578
   2.54471452  2.35529825  1.84103711  3.24355596 11.07308883 10.46072932
  23.69359107 24.82320529  0.43672896  0.91063799 13.67177516]
 [ 5.18425393  5.24871758  7.23651024  6.09502311 17.27342828 16.06445943
  24.19114527 22.46213642 24.69726244 25.21757304  8.89740913  8.77954812
  13.82736817 14.45410199 23.71677936 28.53167279  9.35101307 18.27616047
  30.99236538 24.37488989 11.31302665 10.66063622 19.76448613 19.07568411
   7.30169875  7.16458254  6.32886924  8.76244013  9.07379735  8.80222223
  20.79666957 26.73378139  0.68576777  0.71900505  3.53831743]
 [ 4.81354799  5.27952321  5.17908428  5.61950495  8.98509081  9.68821442
  12.60213285 11.20822656 12.01093815  9.57997747  7.31909595  7.31056922
  13.42257342 17.6294458  15.13139672 12.13037899  6.58320723  8.19033505
  11.93659114 10.77390277  8.01298229  8.06081694 13.15464344 12.31849105
   5.85401414  5.99530897  5.22561018  5.42042403  7.24233819  8.81210891
  18.65120705 14.0149075   4.35551047  1.45350697  8.11108924]
 [10.79144023  8.98906454 10.55164221  4.02493456 27.53615914 18.38066511
  46.5540572  43.26597815 56.03467878 43.79486638 15.40050212 10.95744636
  23.430105   19.4430132  38.04800955 37.99420409 13.62664219 12.41069926
  33.50838823 49.53290596 18.64523732  7.18621382 28.9366269  31.62204915
  11.45843772  3.40750433 12.19268372 14.192878   13.13288825 11.55562877
  25.93446695 25.57778803  2.3832533   1.28804392  9.33901786]
 [ 2.47334642  4.77068256  3.71095151  1.54539143  5.60493021  6.43501546
  13.37876973  3.29673636 15.77628694  2.9283247   2.74373054  1.00782067
   9.22817529  8.51101574 25.88275499 19.97623235  7.78664549  7.15157905
   9.06602763  2.18792142  1.59079271  1.21180429  2.4044644   2.50903242
   3.13853594  0.84055765  3.99568354  2.34798754  7.92528146  6.2019037
  25.09680386 14.60996669  1.47142232  2.10552675  4.55422959]
 [23.26939192 22.16673717 27.32315182 18.93459475 32.59256723 40.07724008
  69.03540948 69.2910914  76.12789245 72.74591346 16.5186796  11.76015974
  36.63858465 30.77955739 59.26644619 61.44467432 17.49042882 24.83345961
  52.73800172 72.88160086 28.03805945 26.60256101 52.39653672 49.81712172
  22.11193487 20.35082469 21.14307467 16.51351102 21.78217706 22.27446476
  44.41224866 36.02951777  7.458573    7.41030416 13.42128475]
 [ 7.14256053  7.59615799  7.19972793  7.68952283  7.11920743  8.00904742
   8.15637672  8.46538441  8.98802141  8.65301285  8.37713971  9.37949845
   8.32692967 11.30213783  8.2612668   9.35589976  8.04473265 10.55448733
   9.86233563  8.45802975  7.9046357   9.38929052  7.91251119  8.25888094
   8.25979102  8.54506528  7.22861838  8.22577734  8.92071449  8.70406496
   9.63436708 10.47376047  2.4063746   2.95365149  4.62836443]
 [13.39280311 13.40202345 10.95849398 13.78658861 17.05882691 19.39236157
  23.40674226 23.00358386 21.53441905 19.47012889 15.56759388 16.22843555
  19.8823949  20.59259383 27.19739287 22.85862308 16.15451874 14.24267769
  19.22025631 18.74435348 16.67154294 17.27010237 23.46365785 22.11657646
  11.61773493 15.47195745 14.11759064 16.16159535 14.61202863 16.49119256
  22.8979121  20.26052593  5.0881935   3.59338115  7.52378108]
 [15.66765583 15.35559944 16.99272402 14.76905619 20.67735758 18.82797959
  36.79469023 35.01626079 38.15642013 37.35859095 10.19314167 12.32332559
  24.67085132 17.71726367 37.45088773 33.2509035  10.92885005 19.50848402
  29.33076797 34.14287881 16.8291949  15.54226129 28.67964481 23.93487114
  13.45246063 14.267804   15.23241798 11.6929532  11.97072007 11.8903621
  32.75001828 30.63145101  4.69529193  6.07774523 12.21843123]
 [17.6447207  16.29481555 16.99386687 17.6474068  28.98613416 24.900001
  35.25097268 33.47353604 36.20686176 38.14646295 24.49952327 25.47669941
  34.85992363 29.62072235 39.37387849 39.96405648 28.50913998 35.5525568
  38.76506006 34.9151386  22.27161958 21.77362096 32.56120044 31.56694796
  21.97623811 18.82275383 18.24578691 19.95072447 25.48924745 26.00671747
  41.26127734 40.85576951  5.73360158  4.27098885  4.19918616]
 [ 5.12827292  4.58438037  4.63073181  4.45651901  6.25715247  7.74924408
   9.21145176 11.0730168  11.03838223 11.03126651  5.42414957  2.91576256
   8.32737379  8.48131319 10.17779885 10.20955649  4.82700539  3.85431043
   8.84570519 10.40411116  5.87046136  5.46651009  8.4474155   7.75639978
   3.38151332  4.03698546  4.61447949  4.49643084  5.74455893  5.9853774
   9.84206019  9.20450462  3.31393636  1.2030476   6.04369471]
 [ 4.48496277  4.88617478  5.52541644  6.60211806  8.50051511  9.78086528
   9.55710136  9.40580116  9.91131492  9.76061698  8.54848451  8.09805585
   6.99602947 13.81562341  9.99236067 11.30440702  7.45402958  9.06980212
   9.94867115  9.81400291  8.17194294  8.94031876  9.55831696 11.5549209
   6.41068724  6.46862183  4.98692896  6.92801172  8.05224962  9.06027922
  11.4867911  11.9641736   1.65663057  2.61275452  4.56275465]
 [ 6.73920477  9.19055098  5.98553254  5.53293751 14.14111564 17.24137443
  29.61255317 39.27023727 33.71120792 36.36623544  9.0737601  10.20827809
  21.82934371 28.03262818 31.01553367 36.16276403 14.87899883 33.79228174
  20.16403731 30.57851172  9.57101759 10.96412447 25.72107859 30.78781966
   7.5631663   9.24243422  8.98154668 11.58507321 12.51980862 15.00975107
  30.87077657 32.37278492  4.90136043  1.07288356 10.47054589]
 [10.25492953 10.80182925 11.69062981 12.414979   14.6089045  13.39817216
  14.49661138 13.1104827  11.68824637 11.46853593 12.68982113 11.71837074
  19.07611246 20.45613653 16.96606625 15.88832787 12.50053062 11.46625619
  16.71984262 11.23919563 13.83974179 13.22219985 17.13061912 13.84149649
  11.42401883 11.56007519 10.32942716 10.82569342 14.66780368 14.75016121
  19.45271121 20.02795318  6.38436751  6.2133892   9.30086614]
 [20.46745747 19.42362046 14.35043762 17.76125743 21.08797443 28.07557316
  43.49312233 33.40513724 49.60437634 44.27681168 13.486506   13.16905916
  44.49309724 36.27161161 45.62952201 43.33833396 18.72612881  9.74009105
  55.02849663 43.87900544 21.5970087   9.86713594 28.70223406 43.09836986
  18.63835807 10.15366241 18.3015028  20.43547786 19.68578696  8.19210118
  58.76150939 39.39160835  1.08628507  2.73085161 29.73244075]]