[[ 3.44318242  2.7061477   2.28718094  3.04172947  4.89305256  3.69293914
   3.67363068  3.45065001  3.59372588  4.0327376   5.26927683  5.64659426
   8.15990562  8.2870072   5.69255103  6.1690038   5.62605241  1.4163717
   7.49307063  3.90065645  2.65592283  5.39918366  5.4449797   5.88111795
   1.91277621  1.82930736  3.06950707  3.85536773  7.13880423  7.30642173
   7.74226292  8.46465298  1.39456951  0.76298973  5.6170126 ]
 [ 5.03749066  4.49753109  4.43267585  3.74906631  3.75915186  3.74654144
   3.49508842  3.50933512  3.4111696   3.67999419  4.86095402  4.97676476
   4.52356269  4.35161885  3.67963583  3.5630914   3.63051365  3.24861852
   3.3317353   3.54787469  5.0701352   4.14761508  3.74745181  3.76452235
   4.87523299  4.03469774  4.50198347  3.71634196  4.54158276  4.44393202
   3.76769811  3.78813479  8.48599951  5.77464724  8.36203921]
 [13.14807104 12.93855149 11.34690019 12.73349052 17.53842885 17.65549958
  16.77161721 14.83450608 11.23454127 11.84987376 12.22693799 18.12588247
  21.33353346 22.09193094 17.88565438 15.59506852  9.23880147 15.13000915
  14.58086847 12.31554766 16.97274562 18.93234761 19.41601526 17.83531375
  12.76783286 11.96511816 13.41953963 10.74662531 19.15773877 21.24062522
  18.12381961 17.05822852  3.04848041  8.68110645 12.56765018]
 [ 8.14458229 11.27337965  8.41425847  8.81291242 12.97497903 17.26602656
  13.52915789 14.15166502 14.58650292 15.02113375 11.87474877 14.58422927
  12.9277699  12.44238004 13.27131117 12.54033357 10.29612557 11.55113028
  12.16398638 14.46360345 12.47837315 13.54078674 13.06041161 13.62425775
  12.91523281 11.78971427  8.24148753 10.28633246 11.58336332 14.4195772
  12.17715888 12.33844542  6.45050857  6.43774584  9.33816505]
 [ 8.79296087  7.28512216  5.99281159  5.76441826 22.2851797  17.02043218
  14.88477169 13.80724437 16.91589907 13.15475003 13.7414658  13.25437475
  16.54760786 19.67907439 16.73783332 16.10529408 16.74551331 16.31551123
  15.19568328 15.02637397 11.74998781 11.3737217  17.67455776 17.11764466
   9.43926098  9.95021059  9.48107509 13.03334006 20.1543922  20.22786781
  20.80467622 20.83496391  2.51892322  2.37919197  9.73933489]
 [ 1.28742496  1.14624611  2.2816111   3.40606199  5.68047672  8.46874332
   8.25178691 11.16425699 11.93324973 13.3274281   4.90484693  4.74111386
   9.60097382 10.98447547  8.86481114  9.48250998  3.26588059  9.36136638
   7.96811316 13.46149661  4.96208262 10.07075549  7.9119893  10.45080125
   1.85949358  1.61901302  1.33476219  1.82263618  6.55476056  6.77710531
   8.2735086   8.93796146  0.49561688  0.75351989 17.43153347]
 [ 5.19189521  5.34271243  6.4351888   6.13469462 10.72391164 12.17481853
  10.52844137 11.13972309 10.42780974 10.382454   10.97914801 11.78011019
  14.35608125 13.43554919 12.91694068 13.13204732 10.64669882 13.76251058
  13.56229162 10.96231114 10.31080061 11.61620978 12.03970905 12.46367898
   7.65521204  7.72554125  6.35371977  9.07500929 14.30948122 13.98793796
  14.99660421 16.05571189  0.71740722  0.72320797  3.4560933 ]
 [ 2.88922154  3.20148821  3.65268597  3.98117399  5.5036635   5.91742468
   6.16895142  5.64898463 10.68564022 10.16091257  5.45890543  5.74229777
   8.54768901  9.57317311  7.08667311  6.67724369  4.06829016  5.68952668
   7.47662556 10.72073154  5.58502985  7.28064403  6.92211649  7.13927448
   3.79476025  4.19465268  2.9233792   3.27607019  5.35603262  7.38245993
   8.46379599  8.12744417  4.50057404  1.79234288  9.24899478]
 [ 6.5984513   5.87902925  4.17287508  2.90858619  8.23207408  5.93405235
   8.39644765  5.43307392  6.44265906  6.32955308  8.47341286  9.18268043
   9.98323672  9.94375596  9.98343606  9.80472418  8.54990849  4.02149873
  10.51467706  7.26984961  7.56899726  4.78413845  8.47845623  8.71368155
   6.38832999  2.6343844   7.18658509  8.11690775  8.54567976 10.62783936
  11.68230204 10.54512688  1.50170362  0.8977409   6.14097476]
 [ 1.99394765  2.79748166  3.86970096  1.23509615  4.06476841  2.61559264
   4.52500525  1.92411327  5.26580899  2.23388563  2.55185453  1.020921
   7.55609874  4.62186152  6.60272463  6.32752765  4.30869046  3.23847332
   4.08071544  1.90103275  1.80226642  1.07287876  2.36929572  1.86107954
   3.78260691  0.98320797  2.78286503  1.64726067  5.70686183  2.84660877
   9.01651396  8.1020978   1.29036372  1.99965838  5.30437117]
 [ 9.33742502  8.75071572  8.15017262  6.26946577  4.80527103  9.63608845
   4.80589639  5.99237712  5.97177153  6.08018466  8.97385942  6.73346196
  19.16830631 15.23122408  9.07036817  8.5543199   9.42342097  7.66243638
  11.40832901  6.47715059  8.95689565 10.53527595  8.6561188   9.34718374
   9.67937324  7.9820716   8.73179808  7.20108823 13.11369389 13.99983397
  14.66549862 13.16908887  3.13121005  2.92251691  9.89894386]
 [ 4.99901352  5.2373831   5.03843311  5.72544467  5.51195137  6.38366896
   6.01175864  6.40521342  5.42784918  5.61661984  6.20020087  7.4620043
   9.31008176 12.57283032  7.4945252   9.18083394  6.28897519  5.79002002
   8.62676166  5.3222595   6.04559674  7.71366926  6.75887274  7.94244035
   5.76234644  6.13589163  4.92087768  5.77668278  8.10089961  7.84626559
  10.10662112 11.74302434  3.03971764  4.88741798  5.97461191]
 [32.51015773 28.87018248 26.52037136 31.1186299  25.09763264 30.46414161
  27.62276425 27.41408753 29.21586858 27.84016836 37.5688424  37.32082256
  30.60255561 32.22940887 28.51221613 28.1573     35.38136623 36.96652839
  24.88403741 29.59493794 34.70931819 35.30962164 28.4151454  29.4110938
  29.83072237 35.87048299 30.88556053 36.15017472 28.81481909 34.25631515
  25.9270622  29.41090525 11.27932324  7.24082413 11.02520668]
 [ 9.17980438  9.44595881 10.85332245 10.24490518 11.71763676 12.17261624
  10.02948193  9.48443503 11.28401021 11.74679153  8.6449651  10.45030193
  15.72677603 16.52598026  9.85007522 12.95000831  7.36575907 10.8128315
   9.81694832 12.21951619 11.90642801 12.74130779 11.38966743 13.1416321
   8.75724961  9.47383258  8.78552699  7.44895994  9.78151899 10.49878523
   9.93719895 14.91894626  3.7566601   4.72393569 13.19908167]
 [ 6.62555306  6.43070252  6.01117062  6.24428432  8.80472222  9.03161697
   9.44632747  9.05259551  9.94992128  8.29157015 10.13617888 10.06768528
  11.41391182 12.11447959 10.30944082  9.23237393  9.22137237  9.09898196
   9.52894343  9.08112273  8.50658622  8.7522231  10.036389   10.09053736
   7.41310793  6.37559226  6.15120997  7.23723651 11.36986095 11.29820349
  10.30649972 10.37083396  5.07618097  3.51927603  3.90760698]
 [ 5.24749999  5.12910329  4.87468909  4.96999955  5.77433439  6.97994465
   6.55010955  5.71964695  6.61120372  5.86860637  5.49360539  3.72241244
   7.60763302  9.7272072   8.16626054  8.33581948  6.14401505  3.64807835
   7.6493561   6.81615685  6.95011962  5.55540203  7.57271879  6.79822745
   3.65678751  5.17242048  4.72005517  4.9753333   7.81397464  7.98235379
   8.63657126 10.67296635  4.30618262  1.61157517  8.9800529 ]
 [ 4.58660615  5.22103991  5.84404359  9.9029257   8.93772326  9.93238576
   8.92050515  9.88468211 14.19518443 14.74983993  9.20687639 10.36319061
   8.29880932 13.22482726  9.4565147  11.56440137  7.5054843   9.97073738
  10.59047802 15.56197755  9.65071727 14.18871367  8.7511261  11.51040943
   6.36719879  7.35620183  5.08797641  6.39215982 10.02062307 12.83520425
  10.07757713 11.4227641   3.18919792  4.38658058  6.68886311]
 [ 3.92883883  5.92229171  3.13371241  3.11622047  5.12858852  5.79999807
   6.40884471  8.56099636  9.15630546 11.68004948  6.34362864  7.44497521
   6.38126769  6.91428694  7.84443665 10.09564928  7.89845362  8.04255499
   6.57527393 11.63297932  4.83305398  4.94449103  6.41140009  8.00270753
   4.88292714  6.28886806  5.42170656  6.87264617  8.10745335  9.8639187
   7.48555193  7.95359651  4.29078159  1.13625537 13.1543966 ]
 [ 6.9705137   7.60180552  7.26222493  8.96995845  6.62581015  8.54631668
   6.57755765  7.91050499  7.40162566  9.49287547  7.57608573  8.24241763
   8.64645071 12.50395652  8.09767112  9.4164472   7.79577972  9.06678885
   9.29164118  8.56386251  7.70679353  9.81039481  7.18294749  8.38408116
   7.34922992  7.973874    6.98653571  7.06183679  8.6406216  10.14056537
   9.46767729 11.25256135  5.66661225  5.88803495 11.54544818]
 [ 6.62463413  6.96540155  5.206886    5.79635147  6.07135284  7.34359108
   8.42585367  6.45135195  6.49924416  6.56560439  5.34758789  6.32369763
   8.10819395 11.80828479  6.57310516  7.63823065  6.55587682  5.3581095
   7.85576227  6.18091077  6.27356361  5.86971656  4.97557461  9.58140613
   7.07560654  3.73800799  5.6404533   8.39289088  7.56155212  3.85274875
   8.58733681  8.89337158  0.76881818  1.51954553 16.29179578]]