[[3.20544639e+01 3.15324181e+01 2.84283071e+01 2.35784367e+01
  5.17827301e+01 5.91267114e+01 1.88000382e+02 2.85601144e+02
  3.42124003e+02 2.38851884e+02 8.23081797e+00 7.87448795e+00
  1.26705097e+01 8.27301527e+00 8.35175935e+01 7.25297158e+01
  3.98460605e+00 1.48095398e-27 3.11056679e+01 2.66129859e+02
  2.16567549e+01 1.85904570e+01 6.21794503e+01 6.59809926e+01
  2.08606981e+01 1.85788655e+01 2.16129842e+01 6.86718717e+00
  2.51503974e+00 2.12923580e+00 1.36811341e+01 8.17282818e+00
  1.71833072e+01 2.29221738e+01 3.84113560e+01]
 [2.02027788e+01 2.57892051e+01 7.81860781e+00 8.65172814e+00
  8.80045755e+00 7.06021971e+00 1.69251789e+01 2.18311363e+01
  4.46381821e+01 2.83653171e+01 4.14934473e+00 4.82111038e+00
  3.80605686e+00 5.77189301e+00 8.50862207e+00 8.29017127e+00
  2.92453916e+00 1.02196672e-29 4.05415409e+00 3.10183930e+01
  5.41396121e+00 4.93654108e+00 8.17764713e+00 8.00144014e+00
  9.12489853e+00 1.21469977e+01 1.90407714e+01 9.11677570e+00
  1.77881969e+00 1.63442090e+00 2.69630043e+00 2.56224797e+00
  7.15778939e+00 1.36804524e+01 7.30646482e+00]
 [2.63719627e+01 2.36197691e+01 1.02970353e+01 9.58995518e+00
  7.52379867e+00 1.13329414e+01 1.41428050e+01 2.68700265e+01
  6.57221784e+01 5.84363157e+01 4.02294910e+00 3.53319530e+00
  2.86163300e+00 4.45253419e+00 1.11508378e+01 1.40408613e+01
  2.45579564e+00 8.00995544e-29 8.48802650e+00 5.37763363e+01
  4.71418734e+00 5.50473368e+00 7.88818801e+00 1.33740961e+01
  1.17951099e+01 1.55382307e+01 2.19013277e+01 7.89858651e+00
  1.12198406e+00 1.38291565e+00 3.93678624e+00 3.29137652e+00
  1.35897516e+01 8.12202017e+00 1.64158280e+00]
 [1.12149489e+02 1.26550889e+02 5.23444578e+01 6.14870864e+01
  5.70425649e+01 7.00679531e+01 9.11796300e+01 1.31074451e+02
  1.40399906e+02 1.41674528e+02 2.60825228e+01 3.61567759e+01
  8.18427221e+00 1.52175718e+01 4.27430466e+01 5.56210521e+01
  2.25636599e+01 4.57771449e-28 2.94652407e+01 1.14976884e+02
  2.86379328e+01 4.17373640e+01 3.90389889e+01 5.44040395e+01
  6.24832071e+01 6.30222297e+01 9.73949238e+01 5.40288097e+01
  1.03249080e+01 1.29991133e+01 1.37136258e+01 9.48312516e+00
  6.77733129e+01 5.40739301e+01 7.99122040e+00]
 [5.17130661e+01 5.55514806e+01 2.28806084e+01 1.68292005e+01
  1.48761567e+01 1.87929752e+01 3.21286788e+01 6.49650632e+01
  4.65898896e+01 4.42728546e+01 8.68137017e+00 7.52337938e+00
  4.25091804e+00 6.69380292e+00 2.03477093e+01 3.36669261e+01
  6.61337990e+00 1.83644169e-28 1.27425163e+01 3.71653418e+01
  9.95066417e+00 9.75238989e+00 1.36089003e+01 2.24847207e+01
  2.08216527e+01 1.65742642e+01 4.28251181e+01 1.45851668e+01
  3.09042608e+00 2.54323210e+00 4.86400323e+00 6.36926111e+00
  1.74148447e+01 4.12342312e+01 2.14594966e+00]
 [4.64027005e+00 4.97980752e+00 3.78940196e+00 3.81460364e+00
  4.34625832e+00 4.39083422e+00 8.82736859e+00 1.56575852e+01
  2.02101452e+01 1.38159807e+01 1.88345731e+00 1.83375438e+00
  1.48547747e+00 1.73347614e+00 5.48181922e+00 5.16044759e+00
  1.36196743e+00 2.48157337e-30 2.80427138e+00 1.33456391e+01
  2.79152314e+00 2.70632222e+00 3.88512137e+00 4.92386685e+00
  3.10289385e+00 2.75174608e+00 4.50537348e+00 2.20624264e+00
  9.69988656e-01 7.28786018e-01 1.44599806e+00 1.05503900e+00
  3.68918001e+00 2.18476742e+00 1.33129177e+00]
 [3.94458485e+01 4.46561241e+01 1.15518645e+01 3.10262941e+01
  1.81644722e+01 1.27364288e+01 3.67934166e+01 3.33480360e+01
  6.62903812e+01 7.04075417e+01 5.32979906e+00 9.75478355e+00
  4.96228289e+00 4.32726595e+00 2.42986636e+01 2.47692483e+01
  6.19919870e+00 4.77960177e-30 1.83457656e+01 5.94433669e+01
  7.70222389e+00 8.02770661e+00 1.79109933e+01 1.38870814e+01
  1.82115570e+01 2.40176488e+01 3.83502833e+01 1.37629450e+01
  2.94175127e+00 3.17532451e+00 7.19367655e+00 6.13215641e+00
  5.31605407e+01 9.68532013e+01 3.42814075e+01]
 [2.03030374e+01 2.10134886e+01 1.02123210e+01 8.01093487e+00
  9.70156967e+00 1.32452862e+01 2.93170190e+01 7.37567619e+01
  5.40274796e+01 5.69578080e+01 4.27179789e+00 4.00912644e+00
  3.51885907e+00 4.13516479e+00 1.53262311e+01 2.44823140e+01
  3.33598387e+00 3.65504656e-29 8.13298664e+00 4.69428809e+01
  5.00380883e+00 5.04958883e+00 1.02157947e+01 1.69199213e+01
  9.72103878e+00 9.15051552e+00 1.73654204e+01 7.78270942e+00
  1.67312013e+00 1.26741175e+00 3.70966210e+00 4.60877119e+00
  2.06412732e+01 1.05000575e+01 6.23814234e+00]
 [5.37802626e+01 4.78125191e+01 2.14483851e+01 1.93796004e+01
  2.38372371e+01 2.07725649e+01 4.71829954e+01 7.25800060e+01
  7.66046787e+01 7.28917898e+01 1.14750759e+01 1.08909444e+01
  6.51101700e+00 4.26279946e+00 2.19678466e+01 2.26138294e+01
  1.00557373e+01 7.49977871e-29 1.59490971e+01 6.69462422e+01
  1.27491663e+01 1.02501345e+01 1.86547960e+01 1.75433429e+01
  2.20753792e+01 2.03291816e+01 4.41442631e+01 1.98473548e+01
  4.00918464e+00 3.69413394e+00 6.83642232e+00 5.73110329e+00
  8.75486283e+00 1.38075189e+01 8.95015976e+00]
 [4.06772280e+01 4.94914790e+01 9.70419187e+00 1.29271895e+01
  9.07687868e+00 1.11895622e+01 5.41700535e+01 7.05266958e+01
  1.27450726e+02 1.18262739e+02 5.76619018e+00 1.03223468e+01
  2.28726003e+00 3.72552691e+00 4.06606441e+01 4.44864287e+01
  6.84010158e+00 4.43400823e-28 2.74840754e+01 9.47765576e+01
  4.89765714e+00 5.55907684e+00 1.57640331e+01 2.09439996e+01
  1.77838554e+01 2.36435476e+01 3.80953183e+01 1.60146241e+01
  2.24886640e+00 2.19484896e+00 7.62197861e+00 6.82159658e+00
  2.81439574e+01 2.60812897e+01 8.69336014e+01]
 [1.52137076e+01 1.77339261e+01 1.79128531e+01 1.74572376e+01
  2.19628725e+01 2.01690252e+01 5.03763288e+01 4.36667957e+01
  6.48795832e+01 5.45248374e+01 5.99850969e+00 6.23455109e+00
  5.17268971e+00 5.05018542e+00 1.74754827e+01 1.74255751e+01
  3.90714641e+00 7.84927956e-28 8.07309229e+00 4.95312771e+01
  1.10673361e+01 1.09904624e+01 1.57046132e+01 1.47584946e+01
  9.52413384e+00 1.27693053e+01 1.42620608e+01 6.95828396e+00
  2.32779225e+00 1.84319500e+00 4.03369478e+00 3.95231056e+00
  3.81810524e+00 4.43572801e+00 4.99989942e+00]
 [3.92855562e+01 3.45549369e+01 2.17293922e+01 2.09074434e+01
  1.91685508e+01 1.90909998e+01 3.52711762e+01 3.41900871e+01
  6.15963690e+01 6.70440919e+01 9.43439192e+00 9.38825527e+00
  7.53746173e+00 4.89351280e+00 1.91536086e+01 1.47602090e+01
  7.36678685e+00 7.36942693e-30 9.50187458e+00 4.90615470e+01
  1.47809821e+01 1.20009014e+01 1.67824977e+01 1.36636370e+01
  1.89886577e+01 1.48276473e+01 3.32571206e+01 1.28252370e+01
  4.04772720e+00 4.03028445e+00 6.72387901e+00 3.84431625e+00
  3.55350124e+01 2.42739733e+01 4.37174100e+00]
 [5.48584583e+01 6.73669043e+01 1.47009560e+01 1.91902410e+01
  1.98201863e+01 1.38537612e+01 5.49273730e+01 3.82898589e+01
  7.32206283e+01 5.50849075e+01 9.23492740e+00 1.15009036e+01
  7.94544942e+00 5.42412039e+00 3.24392638e+01 2.03808640e+01
  8.82616265e+00 1.40654890e-29 1.43272134e+01 4.93585250e+01
  9.51280069e+00 9.57047871e+00 2.30021586e+01 1.52692231e+01
  2.01344380e+01 2.50760892e+01 4.96050845e+01 1.82358307e+01
  3.61484358e+00 3.76861081e+00 1.02232633e+01 5.04936350e+00
  3.71948270e+01 3.03097443e+01 1.83452935e+01]
 [3.49474734e+01 3.47877693e+01 4.01657794e+01 3.14676446e+01
  4.87723192e+01 3.35965245e+01 1.08105979e+02 9.24465058e+01
  1.02693948e+02 1.15599301e+02 1.85943250e+01 1.79500446e+01
  1.10708137e+01 1.12679704e+01 5.59976053e+01 4.80899584e+01
  1.46238349e+01 3.02581822e-28 2.71645311e+01 8.33746132e+01
  2.72558542e+01 2.09025368e+01 4.65921197e+01 3.26989251e+01
  2.54835375e+01 2.47894557e+01 3.24149972e+01 2.11438174e+01
  8.18935303e+00 6.27661276e+00 1.31375187e+01 1.56846997e+01
  5.85074319e+00 1.34491519e+01 7.73611082e+01]
 [3.27492354e+01 3.30227403e+01 2.22495027e+01 2.19639402e+01
  2.51739638e+01 2.01871748e+01 8.62437539e+01 9.18776825e+01
  1.53292892e+02 1.49116867e+02 1.04606872e+01 1.22374818e+01
  7.65115396e+00 6.38391218e+00 4.98193811e+01 5.09089718e+01
  1.07363899e+01 1.14912357e-28 3.17491515e+01 1.29223231e+02
  1.36374533e+01 1.24802712e+01 3.16472017e+01 2.56156368e+01
  2.08279919e+01 2.59107516e+01 3.24608257e+01 1.88691616e+01
  5.16155928e+00 5.28097486e+00 1.54190553e+01 1.05590047e+01
  1.79319351e+01 1.19584195e+01 1.95239688e+01]
 [1.79038899e+01 2.38973570e+01 9.02726008e+00 9.62272834e+00
  1.09943637e+01 1.17662073e+01 3.38127748e+01 4.72373667e+01
  8.48967073e+01 5.60461348e+01 4.19209689e+00 5.08417932e+00
  2.52542428e+00 2.76598578e+00 1.38310913e+01 1.21555558e+01
  3.11712638e+00 1.95617592e-29 4.83131673e+00 5.34519670e+01
  5.25262945e+00 6.12773768e+00 1.15938226e+01 1.30465068e+01
  8.70211971e+00 1.23915937e+01 1.89299432e+01 7.39617495e+00
  1.36733660e+00 1.04466325e+00 2.36918325e+00 2.01586476e+00
  4.64621035e+00 1.37825145e+01 8.17429823e+00]
 [8.97614321e+00 7.64324866e+00 8.10828371e+00 8.49594787e+00
  1.09998764e+01 1.12596758e+01 3.09615875e+01 4.18404654e+01
  7.34121927e+01 5.45265655e+01 2.90151971e+00 3.89683943e+00
  2.85616329e+00 3.32707341e+00 2.08785058e+01 1.69508378e+01
  2.07661626e+00 1.49992730e-29 1.06917445e+01 5.82444547e+01
  5.54226560e+00 5.73615549e+00 1.11505837e+01 1.14463852e+01
  5.39518836e+00 5.69578134e+00 8.82172634e+00 3.15144067e+00
  1.28116748e+00 1.23694472e+00 4.36466867e+00 3.95698646e+00
  4.24637058e+00 2.32744566e+00 1.58763205e+00]
 [5.13434597e+01 6.08379385e+01 1.49624785e+01 1.68081431e+01
  1.66876636e+01 2.18029982e+01 3.72435842e+01 7.76835015e+01
  5.98752552e+01 7.47528335e+01 6.59144604e+00 8.92065485e+00
  8.80564513e+00 1.29673810e+01 2.51611499e+01 3.39182175e+01
  5.31487203e+00 6.95156142e-29 1.34808661e+01 4.66339458e+01
  8.66325076e+00 1.12553190e+01 2.03549788e+01 2.93918447e+01
  1.51034866e+01 1.87805254e+01 3.51696242e+01 1.28664252e+01
  2.90890274e+00 3.11614140e+00 9.87249980e+00 1.05553018e+01
  2.46940010e+01 1.99843381e+01 2.05317455e+00]
 [2.73263208e+01 3.03184709e+01 1.86751527e+01 1.52079580e+01
  3.34154128e+01 2.59987728e+01 4.54212828e+01 3.83735394e+01
  4.32643656e+01 3.80100896e+01 8.15086518e+00 7.87000965e+00
  6.82264995e+00 4.82407829e+00 2.02269376e+01 2.02031900e+01
  5.57372134e+00 5.94408177e-29 1.61922749e+01 3.75188012e+01
  1.45732613e+01 1.06508999e+01 2.70615856e+01 1.93114163e+01
  1.36040665e+01 1.49957739e+01 2.39372025e+01 1.04437823e+01
  2.94989610e+00 2.92053183e+00 7.26416973e+00 6.01312252e+00
  5.66087044e+00 9.16965208e+00 1.46164602e+01]
 [7.50718042e+00 1.02733066e+01 7.09310754e+00 8.15147268e+00
  1.11372968e+01 9.23101493e+00 2.20464041e+01 2.22693633e+01
  3.44017006e+01 3.64698829e+01 2.95242531e+00 6.07782724e+00
  3.90085478e+00 6.00694199e+00 1.12627515e+01 9.62188493e+00
  2.19381371e+00 1.91969872e-30 5.59365144e+00 2.77313422e+01
  5.49695978e+00 5.52181347e+00 1.06336176e+01 9.76488048e+00
  3.68051885e+00 5.30374258e+00 8.11047978e+00 3.23947191e+00
  1.30785750e+00 1.28035549e+00 3.86829187e+00 3.22190065e+00
  6.32150539e+00 4.76778459e+00 3.32003137e+00]]