[[2.22673614e+00 3.21493395e+00 1.24374567e+00 9.54950467e-01
  3.12827909e+00 1.49000348e+00 1.59396879e+00 1.45329027e+00
  1.57524220e+00 1.48432453e+00 6.05390847e-01 7.00962274e-01
  5.67219113e-01 3.68406570e-01 7.01750753e-01 7.03851809e-01
  4.27742256e-01 1.54295424e-29 4.94073031e-01 1.47650463e+00
  1.12497428e+00 6.99050661e-01 1.79191751e+00 7.89716886e-01
  1.52208132e+00 1.75527210e+00 1.69230411e+00 6.15338809e-01
  2.20601703e-01 2.46205988e-01 2.78814875e-01 2.08328395e-01
  2.47251015e+00 2.71664665e+00 7.08790074e+00]
 [6.13976807e+01 5.29761924e+01 1.20158288e+01 1.88652342e+01
  4.00411300e+00 4.82724013e+00 1.48350434e+00 1.66686496e+00
  1.85383062e+00 2.47251156e+00 1.59005877e+01 3.86436001e+01
  1.17469786e+00 1.75508820e+00 8.30617576e-01 8.07699460e-01
  4.51593673e+00 8.53751944e-30 5.76991448e-01 2.27374811e+00
  9.23831117e+00 1.31756080e+01 1.10341603e+00 8.46731349e-01
  3.64637450e+01 4.41064921e+01 4.78934541e+01 2.95139875e+01
  1.65219759e+00 3.27927176e+00 3.81839638e-01 3.08476413e-01
  2.88467545e+01 1.71962744e+01 3.63027719e+00]
 [1.44452314e+01 2.69727286e+01 4.54669989e+00 1.97521863e+01
  6.89330636e+00 7.20329722e+00 1.48073447e+00 2.32242076e+00
  2.08536888e+00 2.23815747e+00 1.83196578e+00 7.31814035e+00
  9.96538826e-01 1.10020414e+00 1.08163513e+00 1.04742240e+00
  1.61996390e+00 2.60969815e-29 6.62792070e-01 2.13222276e+00
  2.69842517e+00 1.79171781e+01 3.11492623e+00 1.63033351e+00
  8.53187988e+00 3.08651613e+01 1.38207760e+01 7.34392532e+00
  4.66233377e-01 6.17847442e-01 5.79995036e-01 4.06635036e-01
  1.13671832e+01 2.47105067e+01 4.64600681e+00]
 [7.15796999e+01 4.32014327e+01 7.87792169e+00 5.19430526e+00
  1.60707348e+01 4.18017512e+01 4.25687054e+00 3.63970436e+00
  4.63881905e+00 5.95469126e+00 1.05728925e+01 2.06837970e+01
  8.56066925e-01 8.52252254e-01 1.18230493e+00 1.34878719e+00
  3.04633717e+00 3.60579606e-29 8.19901002e-01 4.87691746e+00
  3.36155601e+00 4.08120998e+00 3.38528946e+00 3.99635859e+00
  6.31645240e+01 3.41747946e+01 3.37839147e+01 2.31225511e+01
  1.53150861e+00 1.40758686e+00 3.80578753e-01 3.76340735e-01
  5.36156922e+01 3.41994727e+01 2.64111281e+00]
 [1.96256943e+01 2.22050347e+01 5.76176562e+00 3.43361755e+00
  3.60266100e+00 9.32980418e+00 1.79101392e+00 2.28019541e+00
  4.15304638e+00 3.25319434e+00 2.01284036e+00 1.72032695e+00
  6.90670432e-01 6.36897128e-01 1.13244315e+00 1.26724407e+00
  1.47088388e+00 2.80856237e-29 7.72131192e-01 3.89561933e+00
  2.00109360e+00 1.45225130e+00 1.19943152e+00 2.10481787e+00
  6.19248840e+00 5.10138300e+00 1.58531550e+01 4.15063553e+00
  6.16467002e-01 5.44043497e-01 4.60854445e-01 3.89151398e-01
  8.11541004e+00 1.55881488e+01 6.44899366e-01]
 [1.36163543e+00 1.61269029e+00 1.75584627e+00 3.42998840e+00
  1.06356607e+00 1.06867944e+00 9.68535672e-01 1.45892073e+00
  2.18178297e+00 4.89558423e+00 7.76166782e-01 8.64470281e-01
  5.10205033e-01 9.02116745e-01 6.09119431e-01 7.14342003e-01
  4.15992347e-01 1.08972583e-30 4.30099169e-01 3.38744275e+00
  1.10494716e+00 8.58532347e+00 7.02936526e-01 8.44557570e-01
  1.36519295e+00 1.05582522e+00 1.44612273e+00 6.47476142e-01
  3.44231499e-01 3.19564405e-01 2.87406441e-01 2.42057021e-01
  2.01299315e+00 1.44114307e+00 6.67235277e-01]
 [1.90545566e+01 1.37285942e+01 3.63648540e+00 7.05576915e+00
  7.50005590e+00 2.69956258e+00 3.04879605e+00 1.89530334e+00
  3.51221458e+00 3.44517855e+00 1.73213944e+00 2.33016338e+00
  1.10403844e+00 9.19821630e-01 1.34189560e+00 1.23446794e+00
  1.67408839e+00 9.84509001e-31 9.87538929e-01 3.61639614e+00
  2.19377722e+00 1.98007671e+00 2.10760513e+00 1.50227000e+00
  7.13493469e+00 7.71081871e+00 1.14905446e+01 4.01900831e+00
  7.01037485e-01 7.37417095e-01 6.42340684e-01 5.11628340e-01
  3.76182845e+01 4.94409731e+01 1.40668142e+01]
 [1.68383643e+01 2.49854171e+01 4.83462572e+00 3.72005072e+00
  4.91994971e+00 1.84570888e+00 3.82618426e+00 2.94337864e+00
  1.54651318e+01 1.97811420e+01 4.83618381e+00 4.39794883e+00
  6.80855680e-01 7.74532701e-01 1.39969315e+00 1.66243329e+00
  1.58368658e+00 6.26677789e-30 1.10801377e+00 1.58552093e+01
  2.23581428e+00 4.41376892e+00 1.23557952e+00 1.79429899e+00
  1.31001068e+01 1.20143619e+01 1.65044595e+01 5.89036627e+00
  5.38816014e-01 4.86884083e-01 4.53773166e-01 5.00728627e-01
  2.29602460e+01 1.65265824e+01 6.90164513e+00]
 [8.84647395e+00 9.78004801e+00 2.35271451e+00 2.23796151e+00
  1.77609537e+01 7.05122846e+00 1.49872355e+00 1.54090004e+00
  2.03302893e+00 2.03677508e+00 1.04306470e+00 9.63880979e-01
  4.31053663e-01 4.52064548e-01 5.86864592e-01 4.96357017e-01
  8.27583803e-01 2.87374232e-30 3.55924515e-01 2.03911651e+00
  8.69294604e-01 1.00807986e+00 6.20557301e-01 9.98727535e-01
  6.01623502e+00 2.38310324e+00 7.83331912e+00 2.46995583e+00
  2.93540426e-01 2.91325085e-01 2.73308754e-01 2.10304667e-01
  3.73842550e+00 7.26157408e+00 2.24471761e+00]
 [3.35116312e+01 1.09877567e+01 6.89827762e+00 2.83629706e+00
  4.72274181e+00 1.26473760e+00 2.90507083e+00 1.60690178e+00
  3.73302613e+00 2.82416695e+00 4.32042735e+00 2.05923295e+00
  1.26094866e+00 4.84852247e-01 2.89456702e+00 7.55212548e-01
  1.27159101e+00 4.78918768e-29 6.18777143e-01 2.76890767e+00
  5.40465656e+00 1.26706246e+00 3.81189299e+00 9.87742498e-01
  2.41464750e+01 5.21573276e+00 1.61173227e+01 4.06618455e+00
  6.15828842e-01 5.62744825e-01 5.56044243e-01 2.76769571e-01
  1.74690118e+01 3.43852353e+01 1.44921552e+01]
 [1.68795808e+00 6.99706637e+00 2.13409171e+00 2.71034834e+00
  1.35367885e+00 1.48318916e+00 1.90089348e+00 4.09657548e+00
  5.03358437e+00 4.09020805e+00 1.21484108e+00 2.56654425e+00
  6.12055941e-01 6.24008431e-01 9.99854416e-01 8.97320926e-01
  7.05353335e-01 5.05653002e-29 5.49062641e-01 3.86289183e+00
  1.28816103e+00 2.61114006e+00 9.72045945e-01 9.17372874e-01
  2.15326609e+00 7.79545175e+00 2.98474412e+00 1.67955792e+00
  3.30656252e-01 4.55478808e-01 3.98518665e-01 3.93066332e-01
  2.82089444e+00 5.85728860e+00 2.53024781e+00]
 [2.09828954e+01 1.51810548e+01 7.81745386e+00 5.45343755e+00
  1.09475000e+01 1.06381802e+01 3.93985348e+00 3.49650172e+00
  2.96101605e+00 2.93046998e+00 2.19715436e+00 1.99230582e+00
  2.66671155e+00 1.67193011e+00 1.72462477e+00 1.55752097e+00
  1.50360387e+00 1.31578885e-30 7.97146100e-01 2.56251133e+00
  8.09361653e+00 7.18434862e+00 5.25635394e+00 1.02536919e+01
  7.84866610e+00 6.79951449e+00 1.76304094e+01 4.07424879e+00
  6.90431800e-01 7.22783044e-01 7.18424303e-01 4.97597946e-01
  1.46187956e+01 8.33055310e+00 3.75305887e+00]
 [1.88046669e+01 2.45779503e+01 3.19797680e+00 5.36145717e+00
  1.84196190e+00 1.66650199e+00 2.40950221e+00 2.27482528e+00
  3.83470334e+00 5.15730714e+00 2.15889328e+00 2.76567189e+00
  8.99163267e-01 7.54039284e-01 1.54525449e+00 1.28779296e+00
  1.92954715e+00 1.83146809e-30 1.05449772e+00 4.30054677e+00
  1.68664974e+00 1.99020410e+00 1.53628157e+00 1.36396358e+00
  6.03660258e+00 7.72429895e+00 1.76542139e+01 5.04869877e+00
  7.50440287e-01 7.51342469e-01 6.88373555e-01 4.44898950e-01
  1.34411964e+01 1.13664678e+01 5.82652354e+00]
 [2.68665266e+00 3.23897941e+00 2.00039761e+00 2.27788958e+00
  1.39657928e+00 1.61790408e+00 1.53922969e+00 1.75914914e+00
  1.66429379e+00 3.18952322e+00 1.22655086e+00 1.97307237e+00
  6.26647011e-01 8.21774921e-01 1.04713852e+00 1.11747713e+00
  1.03701143e+00 1.38784716e-29 7.40773763e-01 1.83902839e+00
  1.47405272e+00 1.43959529e+00 1.06085008e+00 1.39901051e+00
  2.13249090e+00 2.79224509e+00 2.70786175e+00 1.47498603e+00
  6.08283770e-01 7.21919121e-01 4.26853076e-01 4.30771292e-01
  9.91625657e-01 2.99594373e+00 2.50716726e+01]
 [5.41226038e+00 3.90647745e+00 1.94055018e+00 1.53382902e+00
  1.24340239e+00 1.08685515e+00 1.43497004e+00 1.35284629e+00
  2.56751341e+00 1.86641702e+00 7.04644567e-01 8.03257818e-01
  3.85107055e-01 3.72356694e-01 8.33078686e-01 6.61106207e-01
  5.43541195e-01 5.75284751e-30 4.08825325e-01 2.03392046e+00
  9.11809255e-01 7.15757360e-01 8.10680567e-01 7.37267136e-01
  2.65921801e+00 3.10862132e+00 4.76893715e+00 1.78536766e+00
  2.82409391e-01 3.01305601e-01 3.45264698e-01 2.17663834e-01
  7.78728303e+00 4.76964241e+00 5.78783157e+00]
 [3.96769829e+00 6.99966744e+00 2.40789218e+00 2.48033144e+00
  1.98423282e+00 9.50067994e-01 1.35831215e+00 9.98619127e-01
  9.79793450e-01 1.04079431e+00 1.86778283e+00 1.77653810e+00
  4.94980148e-01 4.67777028e-01 5.83438644e-01 5.58002076e-01
  7.53526673e-01 1.81228103e-30 3.28433011e-01 1.02137439e+00
  2.85887673e+00 1.43488067e+00 1.15123556e+00 7.27636321e-01
  3.45560039e+00 4.36068684e+00 4.85762327e+00 2.33812932e+00
  3.94261942e-01 3.46251514e-01 2.39635253e-01 2.22809791e-01
  1.56642026e+00 4.95325354e+00 3.27323052e+00]
 [5.83827912e+00 4.19398292e+00 9.45074065e+00 4.86811724e+00
  7.47059169e+00 4.74179692e+00 2.87594514e+00 2.83681719e+00
  6.47969026e+00 6.52212001e+00 2.84690920e+00 2.91765453e+00
  1.92275595e+00 1.04944880e+00 1.10151890e+00 1.09300064e+00
  5.50723625e-01 2.63532016e-30 5.79206062e-01 7.51177174e+00
  5.54194335e+00 3.94924730e+00 2.04537475e+00 1.91945731e+00
  8.53114312e+00 7.02475214e+00 3.99589510e+00 1.39882243e+00
  5.35728914e-01 3.55061092e-01 3.74686133e-01 3.15493622e-01
  1.01546928e+01 2.01325200e+00 2.71385223e+00]
 [1.30390425e+01 1.29451692e+01 3.82066453e+00 3.83101542e+00
  4.13777812e+00 4.86569540e+00 2.85960447e+00 5.93605196e+00
  2.85708476e+00 4.54508347e+00 1.66345954e+00 2.08016708e+00
  1.18324265e+00 1.09477355e+00 1.52223653e+00 2.14523485e+00
  1.14470556e+00 6.72253925e-30 1.11861837e+00 3.46910834e+00
  2.09277789e+00 2.03732851e+00 1.71714993e+00 2.97202383e+00
  4.04417963e+00 4.23315045e+00 8.26670735e+00 3.05014977e+00
  6.07223546e-01 6.06800883e-01 7.49496457e-01 6.89654012e-01
  9.08893404e+00 7.40820914e+00 1.20355649e+00]
 [1.44733148e+01 1.68026289e+01 4.16634325e+00 3.54210788e+00
  3.96426833e+00 9.71152136e+00 1.65381429e+00 2.21659904e+00
  2.40353371e+00 2.60586750e+00 1.43473444e+00 2.00842701e+00
  5.78971968e-01 1.62184190e+00 7.13902489e-01 1.13691029e+00
  9.44540418e-01 6.09568430e-30 4.44502191e-01 2.54122695e+00
  3.20728868e+00 6.84907305e+00 1.02089199e+00 6.90794541e+00
  4.11555241e+00 9.33251054e+00 1.10180271e+01 3.01433760e+00
  3.22768925e-01 3.81255051e-01 2.98647698e-01 3.16822848e-01
  5.94902149e+00 1.15807967e+01 1.11121897e+01]
 [6.20214652e+00 5.43469495e+00 4.73717021e+00 3.18472409e+00
  3.02123818e+00 2.82962302e+00 2.60142501e+00 2.72912159e+00
  4.07623509e+00 5.16532891e+00 1.49991506e+00 2.66137708e+00
  1.03588804e+00 1.01898155e+00 1.39336158e+00 1.28981289e+00
  1.00617671e+00 5.26113233e-31 8.64825761e-01 4.40267882e+00
  1.81272820e+00 1.73302960e+00 1.57418677e+00 1.56057046e+00
  2.59084727e+00 3.93081505e+00 6.16323330e+00 1.80129624e+00
  6.14015930e-01 6.43870322e-01 6.39152315e-01 5.08570312e-01
  2.67202094e+00 1.72745479e+00 1.14131463e+00]]