[[1.64433200e+01 1.98391865e+01 1.26603287e+01 1.17276273e+01
  1.45219137e+01 1.44790983e+01 3.35778346e+01 4.23568264e+01
  4.34631640e+01 3.14851910e+01 5.45273727e+00 5.33777252e+00
  4.82622703e+00 2.82940711e+00 1.40472818e+01 1.17171821e+01
  3.76780154e+00 2.77684502e-28 6.35513109e+00 3.28045540e+01
  9.58004311e+00 7.32307533e+00 1.34437623e+01 1.23592386e+01
  1.16710382e+01 1.19388238e+01 1.21578157e+01 5.48045925e+00
  2.58332268e+00 1.69286001e+00 3.45086369e+00 2.13323253e+00
  1.01183909e+01 1.90555029e+01 2.35515138e+01]
 [4.44087491e+01 5.03620431e+01 2.94247969e+01 2.78971304e+01
  3.11010676e+01 2.00838417e+01 2.89665367e+01 2.35753317e+01
  2.52897030e+01 2.32187466e+01 1.14311159e+01 1.39794652e+01
  6.96354120e+00 6.82053046e+00 1.50198498e+01 1.34730299e+01
  9.47706399e+00 1.52680022e-29 8.48736432e+00 2.29832180e+01
  1.93788470e+01 1.62920880e+01 1.99228268e+01 1.46375683e+01
  2.27899627e+01 2.73050348e+01 4.30060585e+01 2.21060793e+01
  4.76024829e+00 4.50671406e+00 5.23488813e+00 4.61110905e+00
  1.40353336e+01 1.36436327e+01 5.18517322e+00]
 [3.24557958e+01 3.06612489e+01 1.52559963e+01 1.09980756e+01
  8.89048348e+00 7.27751113e+00 9.38101349e+00 8.45794385e+00
  8.87668997e+00 8.59267173e+00 5.54101683e+00 4.88342839e+00
  2.25514672e+00 1.93008148e+00 4.14427667e+00 4.08787876e+00
  3.52351093e+00 7.48976939e-29 2.79954923e+00 8.59913401e+00
  6.85411970e+00 5.88709627e+00 5.50241459e+00 4.82660565e+00
  1.63491511e+01 1.89080529e+01 2.90066731e+01 1.05054452e+01
  1.43130442e+00 1.47362541e+00 1.52121274e+00 1.31477362e+00
  9.28750629e+00 1.02338993e+01 1.37798955e+00]
 [8.54161703e+01 8.07569603e+01 2.78964160e+01 2.47624509e+01
  2.17084683e+01 2.05510768e+01 2.51615852e+01 2.68854318e+01
  2.81608021e+01 2.76689948e+01 1.21576318e+01 1.19446630e+01
  4.41186114e+00 4.00559711e+00 1.20224826e+01 1.20853479e+01
  1.02708653e+01 1.40366531e-28 8.72668836e+00 2.54369610e+01
  1.31075942e+01 1.32664140e+01 1.53820102e+01 1.33134168e+01
  3.73163273e+01 2.60944232e+01 6.25256300e+01 2.75129850e+01
  4.23907721e+00 3.86839242e+00 3.80596813e+00 3.30255453e+00
  4.82443234e+01 6.98178169e+01 4.41761448e+00]
 [1.09995785e+02 1.01052262e+02 4.98662095e+01 2.48127988e+01
  1.47302457e+01 1.57582173e+01 1.58663648e+01 2.39337043e+01
  1.75786891e+01 1.77570836e+01 1.61285380e+01 8.79725381e+00
  4.48254135e+00 3.77887918e+00 8.52290579e+00 1.04345897e+01
  9.88103203e+00 1.71159674e-28 5.28511674e+00 1.61150858e+01
  1.67481110e+01 1.10505508e+01 8.83886967e+00 1.04869035e+01
  4.41737588e+01 2.28040730e+01 8.25394039e+01 2.53146843e+01
  4.49053296e+00 2.61778701e+00 2.50435814e+00 2.40140940e+00
  3.03529468e+01 1.29295339e+02 2.06568321e+00]
 [7.91667100e+00 8.00169413e+00 1.05627396e+01 8.35935621e+00
  9.97707170e+00 8.41100874e+00 1.19158199e+01 1.04526463e+01
  1.34782125e+01 1.10971108e+01 4.18010451e+00 3.73830757e+00
  3.37729522e+00 2.36988365e+00 6.92621048e+00 5.06783217e+00
  4.24925879e+00 4.41162224e-30 3.93674528e+00 1.17539372e+01
  6.98228770e+00 4.98144864e+00 7.48654025e+00 6.05781158e+00
  5.97660129e+00 5.39694285e+00 7.42600447e+00 5.61105639e+00
  2.46093078e+00 1.43945230e+00 2.61174595e+00 1.59609182e+00
  7.66532120e+00 4.26693811e+00 2.11656988e+00]
 [6.13446913e+01 6.76618088e+01 3.04483473e+01 6.33651429e+01
  1.55327939e+01 1.17419174e+01 1.92243481e+01 1.32800169e+01
  1.93612777e+01 1.74936953e+01 5.46141216e+00 1.28368571e+01
  5.03844804e+00 4.49962499e+00 1.05380054e+01 8.40038990e+00
  9.00525450e+00 5.99635048e-30 7.70908836e+00 1.61118065e+01
  9.83671634e+00 1.06523301e+01 1.20346286e+01 8.09372742e+00
  2.78509042e+01 3.63813847e+01 5.23019541e+01 1.78123946e+01
  3.22036425e+00 4.16363059e+00 4.00228234e+00 2.83503234e+00
  1.44309491e+02 4.76630357e+02 3.17126896e+01]
 [4.60410980e+01 5.03477125e+01 2.49078165e+01 2.22810246e+01
  1.50024138e+01 1.38803397e+01 1.95917607e+01 2.59864951e+01
  1.97686675e+01 1.85795143e+01 1.22771915e+01 1.27535140e+01
  4.71303052e+00 4.40926145e+00 1.00930830e+01 1.13833019e+01
  2.16869117e+01 2.02231576e-29 6.79877288e+00 1.80070901e+01
  1.17441867e+01 1.05757356e+01 1.07969341e+01 1.11718398e+01
  3.00679276e+01 2.57235439e+01 4.81003352e+01 3.61870330e+01
  5.99786704e+00 4.13062520e+00 3.53346897e+00 4.04256324e+00
  2.91513228e+01 1.50213749e+01 7.80814236e+00]
 [3.38064379e+01 2.82093923e+01 1.41846682e+01 1.39393971e+01
  1.25692756e+01 1.01600675e+01 1.81867128e+01 2.23235320e+01
  1.83915498e+01 1.82707812e+01 6.58786357e+00 7.24993472e+00
  3.53878473e+00 2.92298026e+00 7.81070765e+00 7.38723185e+00
  6.22387732e+00 2.88454212e-29 4.75311664e+00 1.84407510e+01
  7.65847894e+00 7.55535000e+00 9.12395430e+00 8.02270536e+00
  1.31561549e+01 1.23402099e+01 2.61065089e+01 1.14120430e+01
  2.44615432e+00 2.39802474e+00 2.61987251e+00 2.29164540e+00
  8.35781866e+00 1.33820694e+01 4.70481191e+00]
 [2.14127209e+01 2.31935999e+01 8.06223514e+00 8.80020845e+00
  5.67345070e+00 5.29038424e+00 6.75259690e+00 9.19451072e+00
  7.95756679e+00 9.50478824e+00 4.39444284e+00 1.10098600e+01
  1.46352955e+00 2.09299752e+00 4.18066399e+00 4.07754509e+00
  3.60268610e+00 2.30869970e-28 2.84839330e+00 7.74593078e+00
  5.67801558e+00 5.03325025e+00 3.70558780e+00 5.12405820e+00
  9.71896019e+00 1.49176837e+01 2.12359001e+01 1.05501408e+01
  1.26730803e+00 1.62977999e+00 1.46372898e+00 1.33460676e+00
  1.37509493e+01 1.76629525e+01 5.28991371e+01]
 [1.23815389e+01 1.49641712e+01 1.55036443e+01 1.42364619e+01
  1.45188821e+01 1.17265625e+01 1.40030521e+01 1.31002251e+01
  1.38336294e+01 1.25019793e+01 5.50440413e+00 6.17561695e+00
  3.53706023e+00 3.67185418e+00 6.69971119e+00 5.99422616e+00
  4.59879880e+00 4.43818295e-28 3.78655459e+00 1.18600208e+01
  8.85546968e+00 8.43061796e+00 8.45754928e+00 7.60999561e+00
  9.22304965e+00 1.22753135e+01 1.27629264e+01 7.53038682e+00
  2.26461997e+00 2.07263374e+00 2.49648496e+00 2.29872563e+00
  4.71197544e+00 3.84272163e+00 4.58172688e+00]
 [7.18290393e+01 5.98486605e+01 3.18866752e+01 3.43015098e+01
  2.28759639e+01 2.39510430e+01 2.41052132e+01 2.29271506e+01
  2.70082315e+01 2.64228728e+01 1.39035892e+01 1.24111300e+01
  7.92440785e+00 6.83630937e+00 1.43444448e+01 1.33565108e+01
  1.04232942e+01 5.05802511e-30 9.57236595e+00 2.49778148e+01
  1.89083289e+01 1.71179727e+01 1.82149918e+01 1.67232649e+01
  3.21708406e+01 2.46540352e+01 6.43909349e+01 2.07473927e+01
  6.52032707e+00 4.92174923e+00 5.53680379e+00 4.74991265e+00
  3.49534050e+01 3.27751354e+01 6.13733210e+00]
 [5.12034109e+01 6.61232145e+01 1.23968666e+01 1.59588163e+01
  1.05490487e+01 6.09212524e+00 1.22170283e+01 8.50376954e+00
  1.08891125e+01 9.40780532e+00 5.34511268e+00 7.12321379e+00
  3.37611020e+00 1.82771592e+00 6.36221388e+00 3.95343902e+00
  5.42803096e+00 5.51274276e-30 3.64354951e+00 9.76429190e+00
  6.21808298e+00 5.29681563e+00 7.33747580e+00 4.58400752e+00
  1.46198921e+01 2.07458737e+01 4.60301807e+01 1.33722714e+01
  2.00574996e+00 1.94371163e+00 2.47098407e+00 1.18193507e+00
  3.82305581e+01 2.63618908e+01 1.09126640e+01]
 [4.23304522e+01 4.06694215e+01 4.45957801e+01 3.62046981e+01
  5.00542514e+01 3.46820169e+01 4.90977764e+01 4.41504318e+01
  4.03468544e+01 4.57377758e+01 2.59687481e+01 2.55599215e+01
  9.58941248e+00 9.55670508e+00 2.46280765e+01 1.91613045e+01
  2.33636135e+01 2.68053937e-28 1.66874191e+01 3.88649880e+01
  2.98099490e+01 2.43093073e+01 3.29120062e+01 2.26775407e+01
  3.20019145e+01 3.05441136e+01 3.98487687e+01 3.18493730e+01
  9.41983214e+00 1.03153734e+01 7.95637937e+00 6.06725373e+00
  1.08206546e+01 2.48356466e+01 1.24568104e+02]
 [2.48851873e+01 1.72214219e+01 1.27947656e+01 1.09243717e+01
  8.85766319e+00 7.91898220e+00 1.49468360e+01 1.66321071e+01
  1.57445583e+01 1.76704537e+01 4.54930559e+00 4.58233385e+00
  2.68902610e+00 2.10242150e+00 7.39856127e+00 7.64218109e+00
  3.61806638e+00 4.75743076e-29 4.01025964e+00 1.44101365e+01
  6.09793205e+00 5.40215532e+00 7.46664561e+00 6.27268390e+00
  1.21788133e+01 1.30432599e+01 2.15606893e+01 9.87427511e+00
  1.94269424e+00 1.67012701e+00 2.63566513e+00 1.83985158e+00
  3.34698740e+01 1.66190476e+01 1.04745297e+01]
 [4.29299960e+01 5.87027095e+01 1.62647513e+01 1.76615164e+01
  1.23746824e+01 1.03572736e+01 1.55390781e+01 1.43236211e+01
  1.65801271e+01 1.48179951e+01 7.80044971e+00 8.83499891e+00
  3.56796373e+00 3.57913032e+00 8.42176343e+00 6.35396659e+00
  6.65590228e+00 1.77790212e-29 4.67859061e+00 1.46199126e+01
  8.95616544e+00 1.05251877e+01 9.69336377e+00 9.72257196e+00
  1.72573450e+01 2.48435510e+01 4.50722777e+01 1.62920994e+01
  2.47925476e+00 1.97723936e+00 2.98814021e+00 2.18929527e+00
  6.82541245e+00 3.26564735e+01 1.20606238e+01]
 [1.18677669e+01 1.10208023e+01 1.19397047e+01 1.27535659e+01
  1.02498010e+01 1.02615607e+01 1.31068847e+01 1.08374293e+01
  1.39865185e+01 1.16746717e+01 3.31674691e+00 4.06252791e+00
  3.07547975e+00 2.95296477e+00 7.42474048e+00 5.02170980e+00
  2.21607327e+00 4.75478616e-30 3.68050974e+00 1.25304028e+01
  6.81046829e+00 6.87169259e+00 7.05867400e+00 6.44540087e+00
  5.99342214e+00 6.75392846e+00 3.63165302e+01 3.50960059e+00
  1.53976342e+00 1.39663320e+00 2.17671144e+00 1.61459378e+00
  6.47332159e+00 2.44553084e+00 1.87815848e+00]
 [5.70392281e+01 5.75735182e+01 2.84331417e+01 2.39277191e+01
  2.58819524e+01 2.19979260e+01 3.22927458e+01 3.40950852e+01
  3.61200353e+01 3.47844075e+01 1.29586180e+01 1.19339192e+01
  7.55549293e+00 6.16816268e+00 1.77592684e+01 1.57166406e+01
  9.95932653e+00 5.87982024e-29 1.50181420e+01 3.27721290e+01
  1.61896278e+01 1.27944387e+01 1.85567697e+01 1.58970963e+01
  2.31797684e+01 2.14614246e+01 3.90443080e+01 1.92576390e+01
  5.39771718e+00 3.41460229e+00 7.16883781e+00 5.49702262e+00
  2.37301692e+01 2.45837076e+01 1.94600307e+00]
 [7.20088297e+01 8.53080255e+01 5.03362027e+01 3.77587077e+01
  6.39810062e+01 4.72403448e+01 7.20798228e+01 5.50576691e+01
  5.31025864e+01 4.90419624e+01 2.01348425e+01 1.88098258e+01
  1.26265991e+01 9.25012731e+00 2.78365980e+01 2.55161100e+01
  1.71558823e+01 8.73012393e-29 1.40631503e+01 4.90822543e+01
  3.22397264e+01 2.19665503e+01 4.77216570e+01 3.22107485e+01
  3.68287649e+01 3.76581201e+01 6.56122688e+01 3.06972118e+01
  7.19779422e+00 7.07574254e+00 8.93456919e+00 7.23080758e+00
  1.67461188e+01 3.17695264e+01 2.11817349e+01]
 [1.23395752e+01 1.58414654e+01 1.62871868e+01 1.69799016e+01
  1.55760563e+01 1.30102626e+01 1.23353406e+01 1.29518465e+01
  1.23945660e+01 1.37876362e+01 7.44525568e+00 1.23588155e+01
  4.38161262e+00 4.28381294e+00 7.22032493e+00 6.91092375e+00
  5.74553661e+00 1.40265343e-30 5.33263499e+00 1.28406739e+01
  1.06051444e+01 8.83063855e+00 8.95627768e+00 9.46725021e+00
  8.38214350e+00 9.60692257e+00 1.30954311e+01 8.09339994e+00
  3.29556972e+00 2.78258169e+00 3.18948304e+00 2.59011026e+00
  1.23845096e+01 7.57685039e+00 4.41110641e+00]]