[[1.13416921e+03 2.98619066e+03 1.42396076e+02 2.06566577e+02
  2.04778316e+02 6.59989352e+02 9.01789151e+01 1.00178874e+02
  1.10487523e+02 6.50353343e+01 6.51441202e+01 4.10063714e+01
  2.41929413e+01 7.87987257e+00 3.58105975e+01 2.59068883e+01
  5.97134345e+01 7.11253197e-27 1.88408482e+01 7.46473487e+01
  7.10295966e+02 5.33609731e+01 3.98085897e+01 2.94484762e+01
  1.65470999e+03 2.00656257e+03 1.11557023e+03 6.89136184e+01
  8.40887463e+00 8.27328357e+00 8.40259449e+00 5.37179910e+00
  2.32741915e+03 2.34393453e+03 2.37326412e+02]
 [3.22714269e+02 3.87110066e+02 9.28956683e+01 1.57765458e+02
  5.69533328e+01 6.60513821e+01 4.82400958e+01 7.15677710e+01
  7.12361044e+01 6.99302100e+01 5.06231007e+01 5.93648430e+01
  1.57721805e+01 1.73217309e+01 2.86095447e+01 2.67665800e+01
  4.30527265e+01 5.25920999e-29 2.25947565e+01 7.31804826e+01
  5.06418943e+01 6.44076616e+01 3.24305695e+01 3.57944994e+01
  1.32518871e+02 2.51142321e+02 3.36570190e+02 1.83704136e+02
  1.79442890e+01 1.60912813e+01 1.13566224e+01 9.93168626e+00
  1.14315564e+02 8.43829935e+01 1.77926543e+01]
 [1.68015295e+02 1.83134292e+02 8.40704864e+01 6.81490959e+01
  2.26425042e+01 2.24666296e+01 2.21049368e+01 3.51341043e+01
  2.97513352e+01 2.75865739e+01 3.36037525e+01 2.51130114e+01
  5.74427970e+00 4.93774234e+00 1.19026039e+01 1.14177423e+01
  2.00111196e+01 3.12411574e-28 1.01970227e+01 2.77863692e+01
  2.07440297e+01 2.01634137e+01 1.26712506e+01 1.23855370e+01
  8.11626174e+01 1.14515408e+02 1.47577545e+02 8.09795345e+01
  6.77997845e+00 7.84810664e+00 4.99083659e+00 4.37787096e+00
  6.74701477e+01 6.71076510e+01 9.22290505e+00]
 [1.35620080e+03 1.07991308e+03 2.77786702e+02 1.57701703e+02
  3.69846116e+01 8.20240700e+01 4.12659338e+01 8.80557176e+01
  6.52655388e+01 7.21520950e+01 1.01484418e+02 4.88003703e+01
  8.63687976e+00 1.35404518e+01 2.27536990e+01 4.20550505e+01
  6.06638377e+01 5.89828420e-28 2.32658261e+01 5.93426770e+01
  5.87288564e+01 4.89137218e+01 2.05446845e+01 4.51011947e+01
  5.06297149e+02 2.30112936e+02 9.33297113e+02 3.06889773e+02
  2.16614604e+01 1.02727489e+01 7.79061178e+00 1.20174528e+01
  3.95777379e+02 1.80524126e+03 2.31054364e+01]
 [2.86064732e+03 2.14957673e+03 1.13193593e+03 1.95943191e+02
  7.92719810e+01 1.31773806e+02 3.65574367e+01 9.84925757e+01
  5.89654759e+01 6.58802069e+01 2.55603695e+02 3.72666597e+01
  3.84688344e+01 2.06386709e+01 2.13913384e+01 4.67500243e+01
  1.14701227e+02 1.83470478e-27 2.21884845e+01 5.63462327e+01
  2.37322015e+02 7.61248808e+01 2.74595901e+01 6.14941720e+01
  1.03707107e+03 2.53872613e+02 1.95382655e+03 4.50457669e+02
  4.71910367e+01 8.59252999e+00 5.47525555e+00 1.60168041e+01
  5.59550205e+02 4.35151454e+03 2.77009413e+01]
 [3.42735230e+01 9.27658664e+01 1.17246354e+02 5.83963209e+01
  3.48719906e+01 2.77563534e+01 2.64558021e+01 2.94286476e+01
  3.64211482e+01 3.46914563e+01 2.12008474e+01 1.56835950e+01
  9.62963766e+00 7.00308064e+00 1.50913819e+01 1.99987001e+01
  1.19233080e+01 1.09402333e-29 1.30544218e+01 3.36870860e+01
  3.36769536e+01 2.11625062e+01 1.86990025e+01 1.63984514e+01
  1.04548292e+02 8.60997020e+01 3.04254839e+01 2.38943999e+01
  8.70694052e+00 5.41623251e+00 6.28587056e+00 6.09799187e+00
  1.44123505e+02 7.71372855e+01 1.26040400e+01]
 [2.90599207e+03 1.55388663e+03 8.97787563e+02 1.52964658e+03
  1.13229933e+02 9.42429850e+01 1.60890806e+02 7.74419570e+01
  2.35468374e+02 1.22014306e+02 9.94028670e+01 2.47886688e+02
  2.64103032e+01 3.46443881e+01 7.95762994e+01 5.03118736e+01
  1.97230569e+02 1.65100939e-28 5.16061094e+01 1.47001090e+02
  4.86362267e+01 1.49698703e+02 9.04094824e+01 5.72872891e+01
  8.74877156e+02 1.46580297e+03 1.96498463e+03 5.89307654e+02
  3.22000162e+01 4.63622952e+01 3.19154444e+01 1.81351382e+01
  3.87146217e+03 1.49268407e+04 4.44312451e+02]
 [1.90362739e+02 2.86060742e+02 9.48886656e+01 7.36377648e+01
  4.42756194e+01 3.94535556e+01 3.53955499e+01 5.07872272e+01
  3.85186737e+01 4.33407348e+01 3.63761532e+01 3.93996282e+01
  1.84189714e+01 1.40784961e+01 2.11676345e+01 2.78400935e+01
  3.13692719e+01 5.14631012e-29 2.02721087e+01 4.05120371e+01
  3.40313704e+01 3.06891475e+01 2.69996997e+01 2.52017614e+01
  9.90713968e+01 1.10482634e+02 2.07227060e+02 8.60843944e+01
  1.91015908e+01 1.47207208e+01 1.19007351e+01 1.22404481e+01
  1.97849376e+02 1.23253715e+02 3.96436535e+01]
 [1.43780470e+02 1.09616699e+02 4.94079371e+01 3.85647062e+01
  3.20660228e+01 2.62394199e+01 3.49281145e+01 5.19287720e+01
  4.70501223e+01 4.97452948e+01 2.64659594e+01 1.98426647e+01
  1.18632725e+01 6.88021990e+00 2.21738061e+01 1.96683424e+01
  2.13047115e+01 7.60388397e-29 1.46831189e+01 5.69981351e+01
  2.64476783e+01 2.73317928e+01 2.70330336e+01 1.94673247e+01
  5.72548317e+01 3.88729920e+01 9.95511282e+01 4.08675973e+01
  8.91346193e+00 6.88304028e+00 7.71318762e+00 6.22474171e+00
  6.49576213e+01 1.12659456e+02 1.89766634e+01]
 [2.91190719e+02 3.80508303e+02 1.47672436e+02 5.60163815e+02
  1.62846186e+02 1.39485043e+02 8.84626116e+01 5.13846409e+02
  8.20353910e+01 3.28165834e+02 6.25916421e+01 1.00160293e+03
  1.69599369e+01 4.25001730e+01 3.91828356e+01 4.18762594e+01
  5.38398590e+01 1.48037615e-26 6.38344530e+01 3.37244272e+02
  3.60695810e+02 5.33272406e+02 2.50565656e+02 2.98946064e+02
  1.67587086e+02 1.03181627e+03 2.87564999e+02 2.82579344e+02
  1.35178963e+01 8.33396133e+01 9.64474503e+00 1.14319828e+01
  4.92319675e+02 1.81554587e+03 6.01213878e+02]
 [5.27237041e+01 8.16512122e+01 1.40397565e+02 1.52137583e+02
  5.38676982e+01 3.82499215e+01 4.24459400e+01 3.42296948e+01
  4.00523193e+01 3.42286217e+01 3.21921877e+01 3.97292626e+01
  9.64797008e+00 9.45574253e+00 2.01010768e+01 1.51225284e+01
  2.49807470e+01 1.51103487e-27 1.12260018e+01 3.58157272e+01
  2.75710418e+01 3.08390423e+01 2.47587656e+01 2.15892459e+01
  6.17007288e+01 9.43602207e+01 7.40573498e+01 5.08790743e+01
  1.00881618e+01 7.87074444e+00 6.72022594e+00 7.20941156e+00
  1.42018350e+02 7.88483524e+01 3.86259764e+01]
 [1.59303818e+03 1.47198764e+03 2.57781588e+02 7.97004170e+02
  6.77296615e+01 4.90051373e+01 5.84650848e+01 3.93063570e+01
  8.59441123e+01 8.32647363e+01 1.05821221e+02 1.63159152e+02
  1.71515696e+01 1.33450516e+01 3.56904954e+01 2.56337586e+01
  1.25199610e+02 1.76194778e-29 2.26806075e+01 7.84177775e+01
  6.48121184e+01 7.50345244e+01 4.27209927e+01 3.45168755e+01
  5.95270581e+02 5.55884134e+02 1.73944088e+03 3.54323086e+02
  2.23179910e+01 2.84016263e+01 1.19414904e+01 9.50391641e+00
  8.88252130e+02 1.08181035e+03 5.55917890e+01]
 [3.36378667e+02 4.86390913e+02 4.63441831e+01 1.12130703e+02
  2.70627775e+01 1.61388639e+01 2.81369305e+01 2.29890677e+01
  3.04111687e+01 2.80277321e+01 2.08204976e+01 3.97348772e+01
  8.45146233e+00 5.30880720e+00 1.54638150e+01 9.93786437e+00
  2.77394073e+01 7.17119148e-29 1.42722408e+01 3.30720587e+01
  1.61242778e+01 2.41836878e+01 1.70643354e+01 1.04685043e+01
  8.54782764e+01 1.46766550e+02 3.16258032e+02 8.36319809e+01
  7.14052029e+00 7.77940815e+00 7.30537420e+00 3.00502641e+00
  5.20286566e+02 3.74349602e+02 1.20873513e+02]
 [6.75335004e+01 8.21528456e+01 5.89138116e+01 6.48742507e+01
  4.53554277e+01 4.71955843e+01 3.52563147e+01 4.84710051e+01
  3.50171170e+01 4.09025547e+01 2.00719978e+01 2.85721605e+01
  6.43554454e+00 1.15123264e+01 1.98622456e+01 1.79252573e+01
  1.47703365e+01 2.93231635e-28 1.55854462e+01 3.24427757e+01
  2.65526973e+01 3.38339162e+01 2.08308363e+01 2.90964942e+01
  4.36015141e+01 4.71567794e+01 5.46295954e+01 2.51698257e+01
  8.28783761e+00 8.90039310e+00 6.66150858e+00 5.69854579e+00
  2.13384029e+01 8.14867779e+01 5.50360785e+02]
 [2.90791896e+02 1.42950590e+02 5.42787278e+01 5.02362349e+01
  2.61077664e+01 2.31032136e+01 3.84242305e+01 4.64697725e+01
  4.29406416e+01 4.29016374e+01 1.72304310e+01 1.77300027e+01
  7.59964978e+00 6.30308545e+00 2.15259596e+01 2.24936404e+01
  1.72202585e+01 1.56367972e-28 1.57189791e+01 3.84774855e+01
  1.98337045e+01 1.66328202e+01 1.90919326e+01 1.74027636e+01
  1.43929258e+02 2.13523635e+02 1.78921530e+02 1.12094168e+02
  7.93959172e+00 5.95222766e+00 7.91915847e+00 5.95978044e+00
  1.69654018e+03 2.68598213e+02 1.32735899e+02]
 [1.67942468e+02 2.28243898e+02 5.85636489e+01 7.48179055e+01
  3.31368152e+01 2.77028844e+01 2.83069081e+01 3.42108744e+01
  4.10746517e+01 4.05280076e+01 2.86437257e+01 3.57452261e+01
  9.74844266e+00 8.67050045e+00 1.82702064e+01 1.76074037e+01
  2.06482060e+01 4.47857503e-29 1.33818160e+01 3.76792282e+01
  2.98723108e+01 4.84321737e+01 1.88293460e+01 6.94161414e+01
  6.46995419e+01 1.12198912e+02 1.79728089e+02 6.24037802e+01
  7.47043726e+00 7.55263569e+00 6.64808483e+00 5.88759084e+00
  3.33997168e+01 2.47330310e+02 7.42028644e+01]
 [4.07622771e+01 3.53606118e+01 4.91038829e+01 3.22680692e+01
  2.05682872e+01 1.83554722e+01 2.68979570e+01 2.65443015e+01
  4.25032585e+01 3.84625565e+01 7.79340130e+00 1.28121602e+01
  9.67383197e+00 1.16054816e+01 1.89494956e+01 1.51221228e+01
  7.92197834e+00 1.65299820e-29 1.36803203e+01 4.37403910e+01
  1.59019859e+01 1.49829385e+01 1.67722610e+01 1.51911945e+01
  1.68921778e+01 2.20137758e+01 1.63983179e+03 1.08131352e+01
  4.92056167e+00 4.72971039e+00 6.43733638e+00 6.08517716e+00
  3.81686223e+01 1.51150084e+01 1.98198867e+01]
 [2.79810454e+02 2.68422739e+02 8.16697372e+01 7.04630571e+01
  3.41130312e+01 5.86744397e+01 3.11797473e+01 3.70948757e+01
  4.45800989e+01 4.44720036e+01 2.53559376e+01 4.09649668e+01
  1.09866451e+01 8.57382379e+00 2.11916576e+01 1.88244583e+01
  1.66979182e+01 8.00269649e-29 1.60069432e+01 4.13691928e+01
  2.61775507e+01 2.94216629e+01 2.07957215e+01 2.05076870e+01
  8.69875263e+01 7.06776871e+01 1.62654396e+02 5.41438001e+01
  7.71341267e+00 6.20334833e+00 9.75232838e+00 6.32089205e+00
  1.61170934e+02 2.89706287e+02 8.64139561e+00]
 [3.27285088e+02 4.69985917e+02 9.10987648e+01 6.91579209e+01
  3.84228827e+01 5.39631471e+01 5.08661747e+01 5.75270396e+01
  6.60042061e+01 6.41505807e+01 4.12464561e+01 4.50031370e+01
  9.43645420e+00 9.31135550e+00 2.27723062e+01 2.83020216e+01
  3.07403416e+01 9.70121004e-29 1.41559013e+01 6.32675672e+01
  3.28155784e+01 3.05750280e+01 2.62433765e+01 4.03034081e+01
  1.13171767e+02 1.38413907e+02 3.16019761e+02 9.15163390e+01
  1.11337526e+01 1.02458187e+01 7.61229085e+00 7.04418447e+00
  8.34659322e+01 2.79991687e+02 7.34554873e+01]
 [1.09012717e+02 1.23302509e+02 1.25665441e+02 1.26213759e+02
  1.12870131e+02 7.45945372e+01 3.45823229e+01 4.21233271e+01
  3.63602417e+01 4.15304245e+01 3.78428623e+01 9.69658113e+01
  1.81088919e+01 1.29337962e+01 2.43171103e+01 1.77785304e+01
  2.92163851e+01 8.83628357e-30 1.88376083e+01 3.88775039e+01
  7.24688463e+01 5.29094866e+01 3.60180797e+01 4.51398383e+01
  5.10404036e+01 6.19835982e+01 1.17950739e+02 5.53878789e+01
  1.40774344e+01 1.50923650e+01 1.22660616e+01 7.64397017e+00
  1.27291484e+02 6.68114947e+01 3.84338044e+01]]