[[ 0.18414839  0.10491476  0.64809464  0.38429687  1.10595679  0.20040364
   0.48916402  0.32602576  0.30506528  0.42367097  0.73895181  1.20792625
   1.25661318  1.70222085  0.49764944  0.59687758  0.60817416  0.17115711
   0.8075863   0.37902165  0.15031892  0.82986427  1.44030622  0.68245799
   0.08930223  0.08562255  0.14552427  0.72068822  1.49974445  1.8491609
   1.00000532  1.18328879  0.10449809  0.11303286  2.05852283]
 [11.30105985  8.75669669  7.34105226  7.62805865  3.70655421  4.53842245
   1.46688276  1.33887808  1.2311896   1.88959621 15.172727   21.59364301
   3.86890972  4.93182767  1.48103305  1.54346329  6.73015597  8.43832986
   1.53097636  1.66688459  9.27671995 10.86911622  1.69422475  1.35470597
  13.79999701 10.34458522  9.16974292 10.08030551  5.64174322 10.52329974
   1.83007742  1.6727312  13.87161904 10.8418436   8.87459379]
 [ 4.92465663  7.88072599  3.45432433 12.95275912 11.23317322 10.76744909
   2.50227693  2.65537559  1.69480133  1.99697471  3.46334507 12.8332071
   5.8528947   6.00188049  2.93130154  2.6429607   4.94428309  4.24069103
   2.33154074  1.99714339  6.04872892 20.74737531  7.94756847  3.80111264
   5.89063364 11.58655681  5.29421473  5.79114001  3.73306123  4.1890189
   3.79831439  3.22086668  8.80911414 14.62018623 19.58403128]
 [ 4.07270546  3.02352703  2.017599    1.93437759  9.63803968 14.7843671
   2.32431683  1.31381623  1.74023304  2.13425153  6.05511227 13.93062052
   3.29010788  2.24698397  1.33271811  1.08575473  2.91828574  2.66911674
   1.18687097  2.12033852  2.92313776  3.33276926  3.72236617  3.01759471
   8.02052099  8.36772391  2.82606049  5.0592124   3.57589553  4.31275124
   1.33019726  1.32529322  8.13428925  1.68960254  5.93543155]
 [ 0.63506089  0.93253702  0.46918607  1.36004487  2.87500386  4.82661341
   1.73021593  1.08335779  2.80900848  2.19363173  0.69430746  2.78113579
   1.33117705  1.79075611  1.83127631  1.22686002  1.06698075  1.20686276
   1.66750655  2.98986893  0.73130646  1.3786819   2.00909188  1.97142878
   0.54979643  1.63249085  0.74272033  0.81903136  1.06270851  3.28754414
   2.73574966  1.39401614  1.27810414  0.34066861  1.84663861]
 [ 2.61034948  1.44351111  1.27084982  4.34363974  1.97080154  2.3683127
   1.83051242  2.28324355  2.70287547  6.68128423  2.54678385  3.56968304
   3.02078133  6.64951773  1.96142906  2.12677693  2.15872521  5.20845592
   1.96549211  4.83616094  2.30482597 19.51034696  2.09212884  2.71025604
   1.15300192  1.07579879  3.027174    1.88296994  2.52605252  3.66757015
   2.43163296  2.4831566   1.24946989  1.64971523  3.61131849]
 [ 0.62021616  0.79631019  0.38093593  0.42555517  4.3279144   2.01160521
   1.27223696  1.3276453   1.00476033  1.44123183  1.45580235  0.8146008
   2.53703082  1.84325152  1.03828149  1.27298242  0.75647552  0.54754872
   1.0982453   1.4424692   2.84124337  1.09255899  1.55940359  1.64565846
   0.75333202  0.49457447  0.54594766  0.62897965  1.60373836  1.2301372
   1.28989216  1.59254336  0.90205184  0.31604813  2.48298859]
 [ 5.55727185  5.89383916  3.33576394  3.22448267  5.94138164  2.47304806
   3.88984906  1.75853034 10.25918108 11.97175935  7.41263032  6.48849091
   2.22222911  3.0090064   2.60718892  2.29030946  2.57317702  4.92540033
   2.76292413 11.02363478  3.83584213  7.80460767  2.2875148   2.9366034
   7.55708135  6.82665669  5.19453563  4.02628792  1.85640776  2.22250444
   2.07906462  2.12842285  7.46619251  8.74321528  9.58288728]
 [ 3.31530245  4.46543906  2.45166051  2.67621243 15.41530248  8.65928385
   1.3368885   0.97083734  1.30308487  1.31009969  2.05158786  2.18451736
   1.66975295  2.64080222  0.9922585   0.89663344  1.95077497  1.43181798
   0.89651548  1.30100469  1.64945234  1.94832028  1.00270675  1.92579015
   5.25055642  2.88274258  3.94708743  2.97609043  1.65078954  1.90893896
   1.34809905  1.28743215  3.94103526  4.48650429  5.46205479]
 [ 7.76525031  2.22776257  3.77102252  0.47879092  2.48300987  0.78334993
   1.79426817  0.26626775  1.58979948  0.59873116  5.18135449  0.19966381
   5.18242507  0.95950351  3.08275434  0.79046555  1.83435049  0.30411651
   0.63122538  0.60951664  1.4071308   0.23088303  1.36132554  0.2994072
   9.71785427  0.47838787  4.12689438  1.25624979  3.20384357  0.62951162
   2.61956372  1.30767255  3.01433034  1.79010924  1.6330744 ]
 [ 1.85216773  5.06616338  1.14220764  1.37124283  1.32927714  1.85452541
   1.5562061   3.7979047   3.46400351  3.31262297  2.3981664   4.10638647
   2.60757151  2.68482362  1.83884481  1.90879575  1.8506684   1.59823693
   1.8918449   3.25261349  2.29770549  4.23524996  1.65482428  1.75157258
   2.38501076  5.39428905  2.59740928  2.28047958  1.91999631  3.1742136
   2.34455712  2.29626494  1.76625842  5.67338507  4.42060379]
 [ 1.19168281  0.94353521  2.33088682  0.62618331  7.81620276  8.76114263
   2.87926818  3.02312047  1.47577479  1.45689871  1.59063404  1.03171726
   6.2252817   5.22626502  2.09758055  2.3721327   1.01035212  3.64082392
   1.59806571  1.4683588   6.77948758  5.87343739  5.546238   11.28101467
   1.17203062  1.1041189   0.93545823  1.01606148  1.85201639  1.76459632
   2.44883779  2.2815406   1.46041466  0.71503064  4.91317042]
 [ 3.41868678  3.2035157   3.25881787  2.84933452  2.42123694  3.25587842
   2.01059303  2.51396424  2.70193042  4.247178    4.1933161   3.50082651
   3.18057763  4.0136425   2.23800171  2.8345024   3.50625052  1.77938876
   2.58516979  3.63800944  3.61309896  3.55340476  2.43484547  3.20708922
   3.84366273  3.17077949  3.44599937  3.4486366   4.0998772   3.94155489
   2.62868053  3.48688505  2.00216886  2.27702249  3.3487567 ]
 [ 1.65590568  1.83183978  1.24633326  1.5265221   0.86433011  1.22323965
   0.70971451  0.83708221  0.82577888  1.36463204  1.63723262  2.34290262
   1.87864504  2.14881496  0.91282856  1.13795357  1.7367547   1.40046732
   1.10766189  1.03924036  1.53986     1.5897867   0.92398551  1.42466158
   1.85492587  2.37557338  1.88763112  1.66987545  2.03618003  2.39203399
   1.32115378  1.36781672  2.31774197  2.25906951  2.9060456 ]
 [ 1.45536875  1.83647576  1.93797944  1.65917252  1.79187264  1.83885398
   0.91905758  0.7946466   1.0952864   0.81363462  1.88408738  2.00875523
   1.80335136  2.0952272   0.94747335  0.74700043  1.51688152  1.59701495
   0.73170751  1.01482435  1.99988615  1.79017995  1.21997756  1.31656198
   1.40063857  1.16373225  1.8728034   1.185479    1.61113156  1.98060757
   1.17644503  1.06095178  0.43888019  1.5251749   3.11040436]
 [ 1.63139215  2.09270008  2.63281611  2.25310822  3.12881235  1.73268305
   1.59270587  0.95576318  0.63196697  0.84560208  4.04564046  3.2043139
   2.77728021  2.76667792  1.30379542  1.39170097  2.27424548  2.0218956
   1.3088035   0.87820514  5.55687194  2.03571224  2.54263032  0.75387484
   3.42984595  2.66319934  1.86328291  2.48360519  3.09767504  2.94363066
   1.78285272  1.96962206  3.13085478  1.58880528  3.08548994]
 [ 7.40575544  6.28241504 10.41810769  7.27147966 11.87876639  8.13040361
   3.49508322  3.10702555  4.30074955  5.19041374 12.89331717 10.10384125
   9.27825702  4.77609154  2.07205892  2.54566488  3.90412167  5.89606207
   1.85766705  5.4877675  13.20009705 10.27230733  4.8148098   4.64998986
  16.65151497 13.44471476  0.23547412  6.49081122  5.64818544  3.97945892
   2.50615286  2.36668116 13.44483232  8.02707291  9.0486987 ]
 [ 2.88855359  2.87052247  2.5981534   2.86755415  4.20243095  3.90010453
   2.30229749  3.2612167   1.67365663  2.38782384  2.93800056  2.73777073
   3.37848428  3.14923843  1.85681075  2.49769329  2.86165509  2.54715549
   1.96195339  2.30977203  3.27696345  3.06250107  2.26409938  3.55972312
   2.726372    3.1409862   2.96207203  2.92600401  2.89009985  3.55396376
   2.1456485   2.4180416   3.67431055  2.04432421  7.2332016 ]
 [ 3.07026103  2.62238192  2.35049271  2.58412639  2.60678484  6.35222226
   0.90201788  1.33870285  1.34059858  1.5523944   1.86588773  2.4871319
   1.76438324  5.70443358  0.90905784  1.38969756  1.61217533  2.22966058
   0.8949985   1.53627638  3.48964351  8.4563406   0.929617    6.26747455
   2.29769324  4.18406484  2.48782796  2.07748024  1.37164381  1.68228278
   1.09522203  1.38710366  4.83403175  3.29381172  7.82647516]
 [ 4.24394849  3.23774991  2.9080158   1.94685142  1.97863972  2.53473898
   3.05155559  2.83973167  3.80572427  4.27689758  2.78770286  2.12118561
   3.32437317  3.57146867  2.68196118  2.95091014  2.46215493  3.58552684
   2.46435714  4.28226718  1.88342408  2.31998089  2.42188153  2.10637724
   3.61761387  4.35799458  3.93337634  2.46611031  2.93300408  3.00253464
   2.80823551  3.11427608  1.7166737   2.01724603  2.22595182]]