[[93.79442605 97.45005349 74.20016449 83.12775617 72.39634378 88.76776021
  27.67449455 22.47375808 21.3972853  18.56304495 79.51617643 70.66382078
  53.59686989 36.40891477 25.39523267 21.96945517 84.90198762 78.89802438
  30.79627885 19.16212162 94.90965455 63.346432   31.9973209  25.44880091
  97.08370005 97.88054881 95.92988527 80.71201181 57.16711571 62.13753212
  30.13698329 30.51139359 98.36597196 97.52524112 68.92616809]
 [59.39985399 63.98733625 56.75446649 63.79163691 52.72094354 62.09947451
  47.69960067 57.48547252 47.31022908 53.44357609 48.30579225 33.1724587
  51.94624464 48.67435829 51.01226202 51.14926492 64.16200707 51.98108063
  59.95242766 53.64860689 50.85244069 53.13260371 49.79506547 57.26848555
  50.15283043 58.90205777 64.44016572 62.74292209 61.27419117 51.63749426
  54.42991283 53.85514361 54.97124286 53.20147834 43.49601163]
 [57.27963875 53.50705134 63.87198056 44.68967698 36.8977032  33.58299441
  37.35489013 40.17111992 24.17922451 24.61385804 63.52814663 44.03857543
  33.73743534 26.93658236 32.25683066 28.81038673 61.07583019 50.76606123
  35.87063711 26.02606277 46.49934854 23.34842636 32.33002138 28.87680413
  56.03679971 42.98825028 56.53135603 63.85737902 54.28627802 53.21033118
  32.68435976 34.67615296 52.28667663 39.7048254  38.87675343]
 [77.16442504 75.57958562 71.14340494 58.72866998 22.18063818 29.01012341
  22.53183493 31.78528248 24.48408653 25.86040355 58.12028706 32.86724588
  33.1939774  35.69973322 25.64843114 33.85372477 58.11386034 43.66084163
  33.67910693 25.80042932 51.06936709 39.94358267 22.59033962 34.05528402
  64.28872808 56.34332383 78.0712987  67.14745879 50.57700522 31.47500996
  27.22971362 42.31975757 60.04525061 89.18676169 51.92536092]
 [92.56667369 90.27501658 92.17462123 77.612468   63.26080957 68.17090755
  35.31645314 46.79541889 39.88265635 44.42307999 88.16772327 60.24647907
  74.14365379 58.02950671 34.59198043 45.26021246 83.20439413 78.83880015
  47.91859695 43.24546015 86.73013769 72.26848079 45.99582245 57.59708821
  92.07574274 81.2416394  91.53677633 88.88734174 81.35117683 51.92291011
  32.50251503 57.37531347 88.12412794 95.09945344 79.3203257 ]
 [65.70471892 83.03426847 84.86079333 73.95143971 64.61824499 61.51117126
  50.0009196  46.05649123 45.11989922 47.34541774 69.56491451 64.76273888
  57.01439173 51.61982541 48.59584756 59.54119159 61.87408437 52.2899627
  59.65685337 48.09414689 70.24726629 48.0922867  55.65327878 52.62400496
  88.29842019 87.72849256 63.68977677 69.48894922 63.89359821 62.16090511
  53.18228082 62.55661871 89.45782102 88.30112511 68.21762012]
 [94.58856896 90.13128    94.04672414 92.25769578 65.33944074 70.22607324
  67.13838067 54.24749061 67.36185259 51.04260892 83.54461798 86.65859948
  60.68969234 69.42467866 61.57155501 51.88156664 89.12319028 91.82324067
  57.39132433 58.63421374 62.99060607 82.60016565 66.89339942 62.75523837
  92.37267063 94.01708811 93.36187271 92.22735883 73.66282468 77.34019751
  64.08979316 56.44916765 92.83409931 95.4188357  78.42733495]
 [62.82661839 67.47920189 65.47067084 63.82808038 53.46769125 52.86345007
  35.98450502 30.34298032 25.55232339 26.23027763 55.75532003 58.12803631
  60.117255   54.69399137 39.42865799 38.35488014 50.9688536  40.44763996
  50.55018231 28.16676169 58.38542383 54.26581232 49.98643277 41.24595658
  57.15148878 62.77711773 65.22166604 58.84193644 65.81159496 67.19641979
  54.52591555 52.02987802 64.33648535 65.20608637 55.04494303]
 [53.88313425 50.04951805 51.48584231 46.11667602 27.83113178 32.22340418
  31.15650963 32.71749603 30.15712249 31.9972961  52.05548715 44.97095228
  45.95421869 40.19182681 37.49101225 35.52945319 50.21932254 37.88571337
  36.98436872 36.36616186 50.18342987 52.8242735  43.68042269 37.53774751
  49.96808191 47.02306947 50.16226213 49.24204056 50.12682558 45.10186198
  38.04540003 38.10629947 68.47810023 69.60572538 46.17577478]
 [67.47414987 77.1478817  80.72682987 94.56038767 85.61736012 86.39388787
  54.63744532 85.14566851 34.93675566 69.57205891 75.06421476 97.1157049
  69.70434637 84.10616899 41.73026783 43.8310256  77.66740333 94.00484001
  65.11864097 74.23721519 93.9090541  97.17243671 89.483474   90.61734522
  67.44615426 94.63835861 73.63197977 87.30303262 70.32672452 93.22743228
  45.43707538 54.01348877 84.95123511 94.51805105 67.74885977]
 [57.85282479 59.11883058 75.14352436 76.97075954 52.89666739 47.82630111
  34.74925417 31.73409588 27.56313683 27.72145499 63.54923645 63.56551467
  41.10371332 40.6837466  36.9681427  32.16888966 65.54314972 47.75986142
  38.68020265 30.15738536 49.17873834 50.0206996  42.14966041 41.2211132
  68.34125287 65.29529294 64.44681341 69.08287529 58.57815589 54.85090318
  39.53630028 42.1168583  88.92254318 76.37272059 67.48356297]
 [90.47351043 91.48719792 76.86130517 91.51488549 48.35704665 40.35850012
  42.72662901 33.98478311 42.83467297 41.39550562 76.60947174 84.49210592
  40.03933309 41.71512681 43.40868244 39.04067932 84.12833609 48.75357945
  45.46857978 44.93460467 54.28882749 61.34315084 45.07702406 37.97513935
  88.89094538 90.26558871 92.29361831 88.36329249 59.8658479  69.33948685
  40.70404206 43.57648839 88.73620382 92.85428486 72.77581908]
 [61.15361202 63.39669939 47.22587489 59.59161325 35.57369817 31.53082274
  23.47867381 25.40577264 21.42769711 23.08157421 40.44059446 50.29696817
  29.89505136 28.25801606 22.3963396  21.87378047 50.40628899 69.67272632
  34.98932734 27.97701505 34.54102522 43.1787029  27.04518525 24.6146069
  54.42625402 60.24680941 61.73171951 57.12686051 39.01077387 40.81090243
  27.89690971 23.5518238  77.50065772 74.99273124 69.47126956]
 [41.62395399 46.46242886 36.70582405 43.47531957 28.07005813 35.68290015
  16.25613003 23.06468239 17.37457407 17.50008786 26.79263515 33.92769092
  19.29332403 30.10296201 17.31463864 18.25371626 24.7369034  29.58980878
  23.3045575  18.33350817 27.73810997 37.3637717  18.14336566 29.629983
  37.92634085 40.119827   38.08190137 28.49550655 27.74285659 29.49089745
  20.61804811 18.09444211 49.87457873 61.4445104  63.79205568]
 [78.19458203 67.20256185 54.20682224 54.34150705 37.62401675 39.08840682
  24.60962895 27.29581825 18.31822991 18.70228208 46.07094004 44.33848629
  35.5870882  35.46705702 24.4818087  25.41612663 48.05724429 43.40841446
  28.13351897 19.19833638 43.50158846 41.60032834 28.73108127 31.07668278
  75.8090795  79.93393669 70.26405246 74.43020537 45.29497675 39.12647859
  26.98351347 29.04956475 95.6145898  85.88888154 71.33281492]
 [69.05263523 68.23838814 64.0341457  67.96383533 52.25136649 50.52303483
  33.19161851 32.74270762 26.49315841 32.92732004 62.04266012 64.47310379
  54.69746017 51.28187307 40.82796316 43.91424651 62.31908025 49.96582204
  53.3264535  32.39761288 58.06357569 68.71231225 41.58668095 71.9192833
  64.21733892 68.52316577 68.93994401 66.28647577 58.69444796 64.20815246
  49.46081988 52.04586715 66.75709314 79.33365368 69.94685836]
 [51.70623901 52.96875165 54.13010034 48.19863559 32.70502376 31.47275187
  32.68859225 29.07266042 28.21058769 30.60915494 35.29539845 44.36852667
  46.68106706 52.81710028 35.64575371 35.22034224 56.15950706 36.98290678
  43.8764059  31.954791   37.87620053 38.9718186  39.481883   36.8014958
  32.97100371 42.13229592 96.63365448 50.17507436 51.87744039 53.0097175
  43.05723534 45.64806747 50.53532761 60.26531926 66.08472678]
 [61.98672127 59.52131588 55.53759124 52.74231762 34.64604773 47.03057416
  25.10314092 20.37961074 26.11465334 23.3639956  44.78363139 53.91523028
  31.36990332 24.6635621  25.84939784 21.9172849  41.74320819 30.32204281
  28.07470113 27.54408195 40.98995743 44.22648271 27.41960923 24.56295489
  58.64238927 52.44265284 58.28124976 51.94006481 36.7122339  36.33230566
  27.91883614 22.16209819 65.15528234 79.94557979 51.93354636]
 [69.4278171  73.35057975 51.39446511 50.45380168 25.26574389 35.29682854
  27.74325949 34.74314046 36.81460533 38.21644899 53.64146411 55.72955188
  28.75704268 32.75042357 28.99743843 34.59485845 52.46871322 35.48478649
  28.5026951  38.24785087 35.70450986 37.75005007 23.89703218 36.56667353
  63.1832564  62.05540936 71.3560413  63.07302335 47.31416695 45.20953724
  27.91633307 30.84062305 67.82240864 79.63527249 51.73575715]
 [74.59423156 73.45815902 77.14248626 77.15564315 73.9198008  66.82080241
  40.56618219 43.83056675 33.9472702  34.38723361 70.33375275 77.28423203
  58.11507794 45.33217329 46.80590227 40.67477203 71.49367091 60.22036689
  53.678552   37.81421851 75.29511033 70.82914092 55.41370539 60.92741724
  71.26798803 68.71963757 75.27617781 75.83018053 67.2444646  70.37962
  53.89324082 46.80853937 81.78002651 78.01953685 74.95899449]]