[[ 1.35984273  0.64742343  6.59708117  4.71950186  5.13400774  1.947421
  10.30451075  9.50217375  8.41718315  8.98682266  6.65571685  9.1982633
  10.69198898 13.07326248  9.96168776  9.93635765  5.35715024  3.08030372
  10.38776953  8.42099372  1.28008411  8.69344516 10.80581798 10.68061384
   0.68475296  0.58237837  1.04547238  6.41874426 17.5625292  12.71443704
  12.37696541 12.1165919   0.42764336  0.79285172  6.84001238]
 [ 8.17402101  8.32459102 17.97703465 11.28005858 28.78984511 18.88220922
  28.64198781 18.93644392 16.79571968 17.74473225 10.90784846  7.81158021
  22.93467375 19.16580651 26.78115012 25.74611993 14.12378487 15.09061734
  22.52018499 16.84899558 19.45941558 13.44003235 30.59022642 23.41899961
   8.62504436  6.4040291   8.23399581  7.55018389 16.25477404 14.46220574
  25.08972245 25.00400572  6.74920991  8.60198722 12.67570038]
 [11.06480372  8.95841516 11.59063944  7.21213451 14.48772704 10.87838363
  15.85287177  9.67052052  7.21417974  7.66672959 10.47533396  8.56365755
  13.24497947 10.52906268 11.2312593  10.31494359 10.7540887  12.1706788
   9.84813092  8.05436651 15.36403992  6.81702193 14.03911792 11.25320168
  11.28788273  7.09794538 11.1113555   8.28419428 11.46024137  9.99121184
   9.9622305  10.41403267  7.19744739  6.05497555  5.80855596]
 [ 4.85996593  5.65191561  7.14449613  9.221624   13.01913583  7.26846736
  13.73861275  9.70477635 10.56440394  9.91698676  6.96269495  8.04477863
  16.95603308 10.56085502 13.55198627  9.72853524  9.83913402 10.39034515
  12.63256541 11.0592334  11.39808571 10.83352659 16.91361255 10.05277563
   4.7383621   6.38923894  5.23033562  6.01983901  9.89775512 11.85249354
  13.30260383 11.63002759  7.31937358  3.4493035   9.92780325]
 [ 3.55931465  4.24385624  4.06065297  9.82826986 11.75506473  8.15224217
  15.3277631  11.37129078 11.88975082 11.97361668  5.56336431 14.22192306
   8.63951299 10.62502985 13.78240969 10.10206417  7.1677113   7.35487444
  11.41382046 12.36825015  6.12065415 10.49074242 14.80543151  9.8223146
   3.9219411   7.29751923  3.86697118  4.99526404  7.74109168 15.81875416
  14.86650938  8.60231641  4.7803163   2.82566356  5.91498547]
 [15.17680699  7.16227686  7.64512014 10.58605092 18.48764159 18.63973238
  22.52065358 16.35862505 16.69732066 15.14486276 13.71589576 15.43670547
  19.99602054 17.46845234 22.30313115 15.08821898 22.05084335 21.0857991
  17.99036673 16.78078008 14.5644594  11.32045772 22.28196463 19.44002515
   5.04766212  5.49903948 15.54488232 16.31789936 18.05889475 16.5202764
  22.09695617 16.37360451  4.75788408  4.88447881 11.45564118]
 [ 1.99673861  3.92463987  3.18958229  3.82174691  8.96321351  8.74960346
   8.02215885  9.30254892  5.53879706  7.31818979  4.59012508  4.48763131
  11.57812763  9.01690103  8.15370137  8.66247581  4.06923234  3.3349558
   8.57330258  6.42650411 12.73990122  5.87770109  8.90434497  8.8662564
   2.94059844  2.33351406  2.48501098  2.78766124  7.36711203  6.94564432
   8.03703198  8.82459311  3.46040876  3.04682783  5.59773134]
 [15.19523469 11.87658059 17.18573492 19.31284899 18.11706854 18.59813737
  19.91775274 15.52570896 13.11403887 11.24452134 18.81778801 18.81583042
  15.38275132 17.1296782  18.80024513 15.68260466 35.23693602 15.8944754
  16.95330336 12.51977068 20.14874245 18.70045041 19.98911937 18.28416723
  17.34533765 14.61632372 15.13887231 24.73520447 20.66472896 18.85527409
  16.18938907 17.18352718  9.4794014   7.94690099 10.84155252]
 [12.66929255 12.88003107 14.78122001 16.66909267 10.90927823 12.47710372
  16.22287667 14.06484387 11.7881993  11.75217876 12.95756722 16.43108287
  13.70802933 17.07502348 13.20618279 13.34450577 14.67088168 14.37198889
  11.97232136 11.76563647 14.53166271 14.60225743 14.74263624 15.46973162
  11.48178777 14.92744753 13.154663   13.75055847 13.75649014 15.71331513
  12.92255582 14.02887537  8.81078359  8.26800239 11.44818406]
 [ 4.96171423  4.70249159  4.40731324  1.48554958  2.98285077  3.27674461
   4.17062799  1.52355402  3.38892231  2.01504124  5.27011898  1.06751916
   6.01502063  4.14195968  4.4524656   4.26788319  5.19710266  1.4660392
   2.90569578  1.70510333  1.47830126  0.91715451  1.32336121  1.55321848
   3.91143795  1.36825242  5.43752324  3.25947138  6.59315774  1.82314505
   6.89573065  6.30570992  2.3727675   0.91954044  5.96103376]
 [13.58605234 10.83467447  8.29785383  7.20263374 14.25716153 14.66246427
  11.46389066 12.14512139  9.52000352 10.12524139 10.86601142  9.8807842
  15.06910867 15.79831354 12.32152298 12.7510159  12.06608264 14.02793591
  13.04691572  9.9863173  15.79558832 13.67440025 14.39824727 14.53003463
  10.21567784  8.49425938 11.10666175 10.22465091 13.1497952  14.44410162
  14.68727089 13.42898807  2.95032887  3.72207023  8.00474924]
 [ 4.07939084  3.71972298  9.50747293  3.93862273 16.33278577 19.7250375
  17.61623206 19.82311008 13.46094261 13.13627147 10.06552958  6.42711426
  18.4990653  21.36953231 17.44647814 20.34220825  7.00397069 13.99569456
  19.19004531 14.31267592 15.8382573  13.99449643 19.2195352  18.3987776
   4.80402783  4.00337205  3.41654175  5.17411369 17.49014548 12.01591635
  18.87287817 21.77886513  3.49183792  2.81316569  8.03444859]
 [ 9.30877559  8.61856881 12.63271531  8.48127752 13.86659861 11.90230751
  10.1944177   9.39772064  7.67246425  7.747575   10.3820542   9.01666452
  11.94219223  9.72866856  9.214434    8.7017345   9.8634731   5.35598329
   8.93239878  8.26001623 13.32022208  9.45718577 11.62913105 10.77838243
   9.30886763  8.51605967  8.98482224  9.13425553 10.95800517 10.196743
   9.43590534  9.26338829  5.69473362  5.28102655  6.27198299]
 [26.09017428 23.00103046 27.78507815 24.26248936 30.97811698 26.22183754
  22.63820948 21.00875946 20.01904985 19.56882888 34.66377387 30.35084152
  28.7484052  24.98931318 21.46918601 19.51241256 39.12865824 27.04914402
  24.9523122  21.9627193  31.14077768 26.84547078 28.66589483 23.09333699
  27.83654514 25.98617989 27.77829249 36.05762029 31.53211541 34.17934647
  24.62580521 19.26519072 25.29128319 18.72713811 14.43862941]
 [ 6.69168174  8.09596989 12.77781575 11.81710419 12.76481732 13.39815332
   9.57302418  9.76951143  6.71653769  7.70315144 12.16398966 11.4593184
  12.59197618 11.83019075  8.41449882  8.63509146 10.09707836 13.20683029
   7.17748366  7.18993574 13.37469407 13.51132474 11.23641105 11.2013363
   6.41471123  4.88282767  8.4670716   6.5564903  11.08297426 10.97844242
   8.98068979  8.96792897  1.88631445  5.31422527  5.6290551 ]
 [17.65145765 17.55042881 17.7840601  16.04354442 19.51286088 18.88904008
  18.22054001 13.7089199  10.69418521 12.03900456 16.89586946 15.93554898
  20.01945959 21.16884808 18.81989945 15.84729131 20.08841385 19.83540307
  18.64415442 12.57059375 17.4083282  14.93242882 21.40885966 10.07316732
  17.1287267  15.17268521 17.28878507 17.3057762  19.47924663 16.80934858
  22.23134459 19.35320811 13.64217242 10.47488826 11.3688703 ]
 [15.05405577 16.5087115  13.16183931 19.04993051 16.29790472 17.59472872
  15.92855579 11.86970028  9.28323896  9.29090174 15.02115691 14.0685392
  14.84072461 13.43908353 13.96662349 11.69586708 15.70991196 10.63799181
  11.8043683   9.1541569  16.2215376  17.87382073 16.61611042 15.61433457
  11.6982633  12.92638373  2.14009696 16.28523707 16.23371277 15.65320604
  14.55931013 12.11190468  8.57068995  9.75061956  6.26227548]
 [12.63596368 12.76662172 19.33529184 17.91014205 26.28635815 17.63246648
  25.99922762 18.73155119 21.15881805 18.27448011 22.88749806 15.70659155
  21.57301716 17.74340913 21.66259966 18.29885797 24.89736961 22.27851091
  26.340435   21.82005852 25.35042951 19.23253029 24.46750288 19.04064852
  15.62657381 15.92431903 13.99009881 18.4738237  25.69060729 19.99893724
  20.52285365 19.273475    9.5932054   6.78397001 11.69519894]
 [15.27541594 13.31400135 28.39777488 27.54666894 42.07200512 30.8995016
  39.31353675 33.25177771 29.61857849 29.2157863  26.18558132 23.29311318
  38.47882288 32.5350683  35.44612604 31.18951097 29.28227284 31.93277769
  28.31594242 29.67224479 35.07796253 27.12142646 43.45500182 29.2243257
  20.56132341 16.88334725 14.81499685 21.15650579 30.58785743 31.2216188
  32.76548601 31.65769036 13.60749327  9.03589287 14.9186008 ]
 [ 8.44361244  9.43764158  9.99824671 10.37997159 10.20091827 11.65442162
  14.46975304 13.47677912 11.57202649 11.41617678 13.83755723  9.85029209
  14.06147652 15.01450518 13.8977789  15.81121963 14.05955945  9.5592568
  15.19556625 12.48948622 11.01874193 11.82144417 13.77920581 12.7784043
  11.70403172 10.65095051  8.35750594 11.08047448 15.74213137 12.97590156
  14.01359162 15.86077328  7.95658507  8.84791399  8.60315824]]