[[ 2.6508655   1.02901528 14.8135055   9.48857535 18.30701804  7.95247034
  57.69436835 64.0707043  66.25657516 68.17552817 10.04669603 13.56963288
  28.07015686 38.22542876 59.22684532 61.5063578   5.66540807 16.42795339
  50.84372055 68.3160597   2.89377277 22.06929614 49.97855578 57.01949175
   1.22392066  0.90628101  1.85853928  8.04288768 17.09831267 15.99189209
  49.06914304 46.42101702  0.72623477  0.9537342  11.15572245]
 [ 3.71859017  4.26282517  4.77676648  3.49828097  8.14646663  6.63780106
  16.73554465 17.53545159 29.64567809 21.67795551  3.95940552  2.69398649
  12.53538534 16.21911746 15.17130253 15.84200026  4.35847664 10.10093431
  10.75720291 22.73958184  5.43647004  4.07236149 12.55625419 12.80169765
   3.45339111  2.84891513  3.64557082  3.11377391  6.07411848  5.2449148
  12.92280328 13.89393792  3.44198608  8.62520112 17.86142045]
 [ 8.99070826  6.9010789   7.82310255  6.28874079 12.26060896 16.9404185
  23.89977096 30.72225916 53.41310892 52.13924666  7.60541551  6.19586738
  16.80700861 24.28965415 30.21949551 35.42930236  7.49532063 13.01596749
  29.8588056  50.36952806 10.56721587  6.37426135 20.1262918  31.18162371
   8.14365321  5.83293868  8.38956736  6.22852472  8.98355932  9.37619775
  25.78151689 26.07026948 10.53151613  4.80546387  6.91966462]
 [ 6.38102474  8.85688293 13.40583595 22.89800765 34.20991704 24.78150578
  49.78548124 47.31366181 52.67042145 50.77829646 14.93750212 24.35173411
  31.45447825 40.12150123 48.18082927 44.77416541 21.61520654 33.88559463
  42.65324546 49.98852627 24.9029386  34.08327536 42.9261407  41.07973256
   7.93400856 15.43103988  8.14718923 11.8214994  24.10746637 39.82840676
  47.93180747 33.39506019 10.28220857  2.67148709 17.95884731]
 [ 1.67336479  2.33297596  1.86318975  6.66599222 11.87150494  9.72222187
  31.03803443 30.86595437 31.51214383 29.8532238   2.99454451 12.16253673
   8.19308931 18.82088641 32.90432553 32.59404141  4.79735292  7.89134367
  27.51893665 28.52421949  3.63650408  9.2583449  22.79540813 21.05979152
   1.84863814  5.30392142  2.00635684  2.87804337  5.32749049 15.36823401
  28.87396515 22.81593447  2.74268152  0.90114667  6.14482462]
 [ 8.89571929  4.45740109  2.7427007   4.83070554  8.0536723   9.73057777
  16.68354434 24.50447082 25.03709416 18.85546037  6.18006177  7.5721769
   8.79509668 12.77748183 17.65203833 15.36395852  7.06771039 11.86093339
  12.81512187 19.05321007  5.82288029  6.15018009 11.5631699  15.80110147
   2.62061312  2.80380222  9.43111479  6.41612611  7.11800721  8.36411628
  12.23402142 10.82318139  2.28988328  2.50096203  7.20543224]
 [ 1.28394238  2.59022347  1.21010255  1.87129135 10.481826    9.49067332
  15.35358344 23.36004075 18.96408768 29.45379717  4.47950889  3.41017054
  11.40310353  8.67150682 18.80090571 25.54203044  2.80125118  2.65824366
  20.40238643 23.71013092  9.97543978  4.4294966  13.25222969 15.21257361
   1.92284157  1.54049995  1.82212839  2.1539175   6.7297391   5.2969816
  14.44570964 19.08753716  1.27474083  0.61912764  6.05114583]
 [ 6.7007398   4.95689632  7.04623156  6.94375497 11.71571486 17.74723516
  29.80483198 44.06619726 35.84047678 34.47147637  6.54757134  5.91484383
  11.48512276 16.06483146 28.54795708 33.7289175   5.42031303 28.7269915
  20.28027589 32.63792769  8.58471157  8.92889057 18.91321536 27.69164931
   5.60779252  5.19939622  5.46551038  5.31977597  5.76447823  5.78541863
  16.99665785 19.59027979  6.71211099  5.5549454   8.66161818]
 [20.1546783  21.83055649 22.35042056 23.17462888 20.68910415 25.50981538
  42.08808495 45.7287158  49.10033315 46.88564396 22.57014973 24.68298232
  25.22143017 24.90177642 37.14278023 40.85026469 23.70331611 37.36701763
  40.17316002 42.71329012 24.19104182 19.81047897 30.14272781 33.8278416
  19.26587373 24.59138001 22.24360625 23.91440444 22.54653698 24.20621006
  33.72074355 35.08436947  9.22934619  8.5308629  21.77835763]
 [ 9.42564853 10.03437437  5.30490771  2.18221887  4.77222347  6.93056231
  33.45722311 11.68645447 54.27797468 25.07202584  6.91521301  1.00085768
   9.40050461  7.37267107 43.30415452 46.56303656  9.86727933  2.81562382
  28.03698554 20.86306064  1.27513083  1.01297017  5.6297438   6.3486022
   7.15719023  2.16859009  9.75443366  4.94772631 11.69970564  2.45525657
  35.9076798  32.23047448  4.85632419  1.35780247  9.79626817]
 [16.69374294 12.84009076  9.58730953  8.83211636 21.56696495 25.21861055
  41.24163236 40.48316204 44.64872102 44.15917883 11.84140431  9.97507689
  22.03746003 21.72864408 32.13937963 37.06796825 10.25136206 24.80952043
  27.81656837 41.70608631 19.74091615 17.82644904 26.73574768 28.17891729
  10.54916614  8.83609138 12.4112512   9.44785789 13.51661284 12.84515223
  23.73095335 23.08911103  2.39064619  4.29645776  8.73533977]
 [ 2.2311469   2.14766365  6.47893225  2.40066785 13.6857986  15.72251724
  25.77638376 29.5611902  30.69972161 33.33132618  6.83004578  4.86171599
  17.59576227 15.29656927 23.29563948 22.48006601  4.95013939 20.39140695
  19.04872889 28.11302859 12.38105167  9.81112505 17.70804008 15.03260393
   2.83555041  2.40774333  1.76460151  3.19843729 10.85763594  9.83950189
  22.91917036 17.62660732  3.54994038  2.08349128  5.72309396]
 [ 9.97326287  8.78067264 14.98063972 10.19861103 26.05339841 27.06637164
  45.83377966 42.3150458  51.59122498 45.36386944 17.93741734 14.55800605
  28.10515024 28.87181153 46.98198785 44.85939108 16.03834217 13.66552502
  35.12409632 41.75440693 20.37808408 17.08758647 36.45601348 35.90254279
  12.82012322 10.29358781  9.68262258 12.4564281  19.74895946 19.77019398
  39.0394038  39.57426761  5.54045357  6.07189241 10.54383868]
 [21.53971015 19.67459855 25.02499826 21.08796463 30.18474092 25.40113544
  49.84595999 43.99020179 50.95404099 49.4589625  24.82019833 21.31457877
  33.18954503 29.46400877 48.81514012 48.97114957 24.4915469  30.53332987
  40.61849562 47.11523967 28.47265853 23.08327558 40.58108136 33.29846504
  22.16660016 21.09025868 22.5962634  23.93754305 27.41318754 20.79716494
  40.6619595  49.8032132  13.67503247 10.14123484  8.9668891 ]
 [ 8.8063416  15.5243343  22.22002769 23.75881901 36.27830983 34.15475078
  55.23667639 53.96791049 65.39386305 65.00511122 27.96991506 30.60300813
  35.82826827 35.92186382 56.66035715 57.52331998 29.96246035 31.90015933
  56.82400563 64.4759141  29.91124932 31.21439269 47.62526377 45.74267847
  10.97032611  9.69985537 12.74765064 12.52906911 29.44643955 34.71405355
  52.53844693 51.46741459  1.01061834  3.82390957 10.49226069]
 [ 7.36151371  7.14462529  9.87050667  8.74118996 17.33632281 21.45857788
  39.6475913  45.21016536 54.75839289 45.53515282  9.08013314  9.17025452
  14.16988317 16.35948611 30.90798622 30.31690998  9.40790926 21.82433864
  19.25276703 45.95943758 10.20967043  8.69362228 25.60623203 13.51696308
   8.63726318  7.56790966  7.26113115  7.85635694 10.74302138  8.88112443
  17.62639149 17.82009526  9.28653076  4.42087844  7.70545026]
 [11.38608142 11.44927418  8.93823838 12.69035009 17.49057743 19.30612173
  37.62704758 45.82579215 48.72570181 43.39316574 13.14064175 13.49475979
  13.78241326 15.1416698  39.27440022 39.47953059 14.72129062 33.5582166
  34.29125268 42.55081711 13.20086462 14.92019814 26.24846107 27.72949136
  10.53060048 10.90118967  0.51985555 14.6233046  13.50733796 13.86344718
  29.19383966 29.68340611  5.62220263  9.27980007  5.29358376]
 [11.37417377 13.49048956 10.17488293 12.58106675 16.94840852 17.47622186
  29.98519944 42.67865817 35.07442946 39.27245753 11.64180533 11.74074332
  25.14254664 37.30212027 30.6913496  39.49092307 13.28667484 26.33931491
  23.64419502 31.04941472 13.56529813 16.91893397 26.83848051 35.20389971
  10.1819718  13.93509907 12.60174766 12.34274204 13.84501548 18.25088576
  28.26286129 37.00864248  9.98284597  5.51475603 12.33928412]
 [ 5.79680184  4.73179586 10.53581228 11.09488673 21.97298076 17.00557276
  24.77352471 23.17548894 24.13119765 22.64376466 10.60028869  9.74581196
  20.791627   16.96751962 25.75625721 24.69528531  9.5134267  21.74207873
  32.60290295 22.68166103 15.85622371 13.15033976 24.6420876  17.52095643
   7.59508533  6.72308807  5.40492785  7.19785049 12.535924   12.88680743
  26.63967859 26.32646059  4.59988714  2.60803365 10.29458334]
 [ 5.13694523  6.12037983  4.35425959  4.98307097  7.29392938  8.2690214
  25.86114433 23.17193067 32.11870361 30.19710006  5.48730036  4.84418378
  12.51862788 21.05396824 21.67869604 22.01351676  5.36835049 13.08298449
  15.93934353 26.97290019  5.71133962  7.39196936 16.35978808 13.18013024
   5.13912813  5.88012439  5.17610931  4.43508119  6.24731572  5.97063037
  16.99606548 19.72959862  4.06133121  5.56760999  6.47519071]]