[[ 5.27509255  1.60415464  8.09704853 10.58690456  9.40140692 10.24554865
  55.34367104 69.67494406 67.00004798 68.75094147 11.68690231 18.19725052
  26.33195021 36.89255453 59.44417078 64.93370254 13.13468804  5.80889141
  50.87684163 67.69221404 10.75577464 24.32018608 45.8207075  58.42455081
   2.60161461  1.56323446  4.43633598 17.74684593 18.86020035 17.3254599
  48.66301812 50.93990073  0.91616264  0.83907828  8.29144883]
 [ 4.19387862  3.78296393  1.80078027  1.78883707  6.71686652  5.28030295
  12.76910477  8.97706353 11.67418633  7.80217447  5.62221191  3.7335734
  26.46268739 18.24394361 18.9570343   8.94907875  4.44744501  2.09141957
   9.89720399  8.76795732  3.79663407  2.95648707 19.7027386  10.43306304
   4.82654238  3.01145116  3.65424502  4.03719212  7.63804482  5.38136188
  21.8338062  12.9495443   2.12108695  4.79311934  9.16127324]
 [ 5.25330693  4.82381417  5.07101604  4.60240817 14.69691859 20.05533563
  19.67586958 21.08965912 27.07119342 25.60592874  5.78998398  8.1301708
  25.23691983 31.77547581 33.00743628 35.65360452  8.47467902 10.77271123
  29.2951256  24.65643957 10.93641964  5.39563892 26.21299786 37.44527247
   6.13435299  4.8848011   5.25932892  4.64287419 12.1167317  11.85423936
  42.63681779 36.25650044  3.04059536  2.28534344  1.05227076]
 [ 7.41695299 11.29333172 12.37819205  9.54887609 20.56091311 15.36033025
  39.36615161 47.17887886 43.88161707 47.56935458 12.72183724 10.7205088
  27.71903574 36.29322742 44.66488498 48.16951279 20.07130265 23.16658772
  43.87196925 43.86703645 25.27263983 17.93550689 36.89761521 39.12402966
   6.62096925 11.55284715 11.28553043  9.02821694 17.40506105 17.97379432
  45.97864538 41.46831212  4.33337302  3.58756015 19.76649231]
 [ 1.34840238  1.76073534  2.24753307  3.1456004  10.11150827 10.9618961
  21.53756635 22.42734226 21.21625793 20.73429567  3.57476645  4.29295116
  11.667137   20.4811651  26.78033164 24.54632423  4.22767009  8.10862461
  23.80131702 20.25065346  4.80594416  6.87275721 17.25727414 18.40705349
   1.8664795   2.44786735  1.61785044  2.36384848  6.63471672  8.32214953
  30.57017651 22.712892    1.29343383  1.35989365  6.89631818]
 [ 9.15925837  6.07174504  6.81010951  7.02227875  5.8459684  15.47768731
  14.32621644 18.51348345 17.6751646  17.98981777  8.32141742 11.38329618
  12.93745123 28.41546766 16.44501872 20.43146597  8.71689169 13.82550371
  22.07215565 18.08715951  3.31880268 15.54958319  9.91160072 21.74036095
   5.30901398  5.01687672  7.50406656 10.06491764 10.47355772 13.08238505
  16.35262842 17.03508347  1.70988983  2.88257055 11.84600235]
 [16.00637483  8.66172338  5.68900008  4.49706453 16.2085351  13.2008559
  30.7074971  37.94380584 46.03671832 54.98970456 12.4183173   9.52038079
  14.36081525  9.68647974 37.48822318 44.73838279 14.39947863 38.43430099
  53.01810462 52.44325533  1.48192066  7.51511614 24.40063983 19.73574779
   5.55427728  6.61242359 12.58262014 12.38324588 14.49330365 14.45651838
  33.52656601 37.38606941  1.94736944  3.13213004  8.25234709]
 [ 3.74933877  3.65595757  3.09305271  1.62750024 11.34618535  7.00984793
  14.63993294 13.07057176 15.13035862 12.31125278  4.18017524  6.47697474
  12.2968185  10.43066132 19.62831445 13.03142697  4.75651298  7.07810543
  15.33540812 13.64375785  5.72281476  8.62445669 16.01150133  9.94911547
   3.47453761  4.25279874  3.35624014  3.71955791  5.95508762  7.86411717
  20.7815281  12.22592427  3.66028959  2.34036281  5.97874841]
 [ 4.88234689  5.37825654 15.39377604 10.54689033 20.67443591 27.31469679
  18.1532819  25.60062292 16.34586473 18.82854653 11.3541034   9.87928656
  22.57062683 26.16772961 20.43987252 25.79493515  8.6398222  10.25412529
  24.31376681 15.48944282 19.96544242 14.27850857 18.82305895 25.18185521
   6.59955096  6.76805147  5.25016792  6.56863699 13.48656133 12.87583063
  22.27592777 25.70105131  3.66282274  3.00889527 10.76495089]
 [ 2.62631677  1.77397382  2.41622627  1.99342125  3.01436664  2.93532895
   6.63973128  5.60414875 15.91528004  7.67680418  1.90760742  0.93453061
   6.17719609  3.98070612 21.55005088 19.78299732  3.99234757  1.37138951
  23.42034046  6.14047843  1.54249055  2.23275457  2.40978007  3.84319248
   4.00911645  1.24671542  2.92292262  1.996687    5.471734    2.61599356
  19.69071378 20.50734124  0.99190433  1.30487554 10.1466654 ]
 [14.32846691 16.26180586 19.77686601 19.01144265 34.70250719 30.03549151
  48.22623137 39.55817557 30.53035974 31.04969861 15.87068146 17.2389266
  36.26742353 25.21320174 36.29510055 36.95549784 15.56299079 13.81738429
  33.78588015 28.76207285 26.05002458 21.0683329  41.7482806  33.62408806
  15.82002016 19.09587805 14.19408966 14.76612057 20.89376881 18.58796051
  31.22124282 29.2991988  14.14651491  6.09819222 15.63039932]
 [ 5.01902189  4.88782446  1.65973387  2.15256756  4.28568901  5.65766527
  11.52722285 11.27109707 18.53037857 15.87113312  4.99762685  4.94010295
   5.94121634  8.2819675  13.66404494 12.64036626  6.9471164   5.49039319
  13.86039672 17.25015109  3.35419107  4.42679264  7.15547235  6.6560859
   4.73776617  4.55862854  4.62236731  5.99568508  8.84133694  8.60487049
  12.62871202 11.63672178  1.97658312  2.43576853  5.93793978]
 [ 8.18950523  9.5143295  10.64884268 15.32530153  6.08630851 23.94999021
  34.30661717 38.11503389 40.09329465 36.28388862 11.86970772 14.82529407
  23.62058514 27.02499164 37.75505469 42.51851404 14.69109531 14.82796122
  31.61269538 30.15505812 17.80258141 20.40621563 32.22522975 33.63363287
   4.29157913 12.82528118  7.86818349 11.24683852 14.44624502 18.39774741
  39.70029091 35.91289396  3.629752    1.35123383  9.97459241]
 [ 5.19374268  5.18386387  8.72521116  7.21484959 14.84517819 16.66687508
  26.04873702 27.04027197 23.45301396 26.21129413 12.85938644 14.63826563
  17.26290144 21.6859556  30.123096   28.37415558 14.87672284 12.85441043
  27.53995326 20.86491672 13.27938964 14.47118747 21.19239866 22.79018675
   8.1772781   8.91329295  5.70946275 10.53273613 16.53199683 18.7254561
  32.31644594 31.45165373  2.98315018  2.45673781 13.24452081]
 [12.13401531 20.17529137 20.43250716 29.43353622 32.75134901 34.3378059
  44.27053966 45.04305182 48.80848931 48.05086065 31.17774954 33.3913871
  51.85004944 47.02015466 53.20239305 53.62159438 36.25783159  8.11168493
  56.75487767 47.26178184 30.44405135 34.61530995 45.2708105  44.66661495
  16.4183603  20.87967597 14.5321003  22.6080157  36.97328972 38.36089989
  57.96667499 56.27399666  6.37587781 10.22403367 16.93631248]
 [10.66889837  7.85796853  8.33387254  8.18829744  7.99772818 12.99869962
  18.3761776  22.30515154 32.32069014 29.74763044  9.05426395  9.79805033
  12.87724627 14.41580598 21.25534655 25.94852634 10.43445031 14.53378525
  22.11531234 28.67131529  5.33349218  6.35674435 14.05744698  5.29461896
   9.19590569  8.07714032  8.62904504  7.33747227 11.03488942 10.75784939
  17.65338325 21.52382024  9.34701578  6.80228413 10.7190775 ]
 [14.55641374 12.27226947 11.16197778 12.95680495 14.22524493 16.68843905
  29.13233087 27.45131384 36.23921642 32.19289625  8.62493509 10.35068169
  15.2886333  20.34220709 33.39689812 31.74307187 10.75187461 22.06831895
  32.11044294 35.62948439 10.03994113 14.31384902 24.18422474 22.57841573
   7.19311964  8.2925088  13.42826141 15.58482327 11.05903812 18.90434478
  31.10277112 27.62920268  9.87835934  4.46780594  5.91597214]
 [ 8.90880767  7.77250292  9.6436117   8.64994955 22.10903477 21.80405166
  30.7456075  33.38176535 28.42634599 27.72412874 16.55083418 15.3319306
  27.9155079  34.77377882 32.71839509 39.60028803 21.10521007 24.92043985
  33.82299253 25.70211226 16.39560342 16.96154633 30.99944257 35.71180572
  11.51475781 10.03094651  9.10043389 13.64386016 22.04139982 21.16681566
  36.97595116 44.84566431  4.18639802  2.9212176   6.21552572]
 [11.07000562  8.64873978 18.36110086 14.7229069  25.17787199 23.58233594
  23.25468361 29.15339947 27.94583368 30.61662123 17.66920682 14.30815103
  22.77013216 23.50566872 30.04555277 36.81520644 15.82220437 18.12889054
  42.90607539 30.13422521 22.60187019 17.75075923 26.34106825 28.25640694
  14.40244042 11.40497628 10.08801461 13.23652389 18.59392206 18.63504059
  32.14760624 29.07944501  5.89098348  4.81711341  6.28681605]
 [ 1.58918677  2.71899438  0.42248586  0.76569356  1.22315794  2.33669215
  13.65900919  9.26039478 24.22822578 19.76948345  4.59125605  4.45208644
   6.52131859 23.30881095 22.86670921 20.00742106  3.64561742  9.73448887
  18.63563626 20.84031788  0.64923267  1.91221875 14.22995515  7.46285411
   2.61317103  3.85041204  8.31543758  0.35912154  4.78459078  9.09738833
  20.34564164 21.16809919  5.15830471  2.11043174 19.43769455]]