[[91.24803912 96.7837869  86.14294868 82.12008599 85.2515313  85.4675152
  28.82390442 18.2761744  19.97021251 17.57684537 78.42856612 66.87494327
  46.41039613 41.13657135 23.36013003 19.57673714 71.82725428 90.19955943
  31.18768723 18.95156338 79.42491655 61.83817616 36.51200822 26.36804114
  94.50364071 96.61248631 92.45598646 69.31170681 60.74650223 62.02792308
  30.11453719 28.90385868 96.89003319 96.55796841 75.38076797]
 [73.2167876  77.35305692 85.87557133 87.2227593  71.96207072 67.03414332
  64.20850702 65.10205535 67.16445686 66.984655   61.8197265  66.86750292
  54.80105718 56.76749979 59.34234639 64.3477133  72.80286352 85.82193653
  66.06109533 67.81542685 78.477458   73.9229503  59.21826699 60.68643375
  62.22708345 77.22553423 75.85742523 72.90031789 63.44732723 68.2816279
  57.94830364 59.20679205 87.5970725  73.22728214 55.9282745 ]
 [70.17664649 63.49949041 76.666103   37.94161914 42.37888726 46.14004983
  37.45511924 50.16327689 40.26478704 42.92784236 74.19729299 51.41453803
  34.88629228 27.94053368 28.78229922 33.19759857 63.29819629 70.81207767
  37.42463849 43.49510644 56.9839213  14.50969904 32.22280639 31.81840616
  59.51430204 45.40930141 68.41387911 70.25807374 59.00102703 46.26656564
  23.43235133 33.59837397 80.83400056 69.97742188 84.49359345]
 [15.81090703 22.75981223 43.15526851 65.58088055 16.29964421 12.29248722
  21.17752865 22.46998957 24.45947887 22.07339439 18.28117837 10.72328427
  23.3219563  24.09649911 21.63547888 22.23542948 19.1432209  19.13039747
  23.20818884 23.64352451 32.95642389 19.47293055 20.77431132 21.29850082
  29.39933456 21.16339061 38.76251075 30.13448459 19.38258887  9.47252596
  20.38721542 23.42750744 50.76693581 61.90526668 40.68889311]
 [92.00739444 90.4687035  89.73099653 87.87029759 33.66414065 67.19889453
  42.47611392 49.84360082 40.20504346 47.0564993  84.33466659 80.43741679
  53.09134413 50.92075005 37.09031511 46.47341506 84.90170314 72.40858384
  46.62682768 44.72587506 78.44357782 76.27190129 35.65791243 53.98220282
  89.76162099 85.33617579 91.43880722 89.31215937 77.26450244 71.07212456
  32.67092608 51.0731848  91.37830957 92.13182219 76.24325771]
 [52.04674924 55.64591432 48.21235134 43.03373121 53.92014516 50.78042872
  50.7631629  49.6952542  51.58294016 48.27501009 47.48560245 52.70799954
  36.9847686  38.37911575 52.24733669 49.74213614 64.69913317 42.77179006
  49.64895159 49.0778959  47.6846806  50.57816287 41.3591028  46.49451336
  44.4101765  75.49583303 61.87820659 57.81193704 56.03288659 54.23247596
  52.05805913 54.22042233 66.9496265  45.53991453 48.00009654]
 [63.2288105  76.67752628 83.73981364 87.10817625 58.21290041 57.59782514
  47.10981252 34.50877532 34.29599076 24.71523195 61.92746488 71.28085378
  54.13693465 66.59157396 35.89732035 29.9827635  52.38996909 38.7397588
  24.42410794 26.3157573  94.89550641 77.34433656 49.12314414 51.93345134
  82.51134182 79.85771066 69.01913075 63.80759489 53.68272176 54.57998044
  37.94858208 36.10311083 88.96926401 84.2547605  64.66935694]
 [77.14897123 77.97263833 81.35627955 91.62159438 51.27847507 60.1038496
  41.64017046 53.74626737 57.00057784 59.63845561 75.19087124 63.21632957
  59.32146512 63.00278117 52.33543656 63.47092624 76.10968558 62.40786692
  62.35976874 59.68920047 71.17488203 64.16546038 50.77548315 60.41385824
  79.07152187 72.17324741 79.6864369  78.34902602 73.3484338  65.34985943
  54.30266588 67.70461044 77.28649146 84.84093464 63.11316207]
 [84.2805946  82.47480846 60.25812019 72.45075187 57.93840714 46.91652784
  62.04183266 55.6048421  65.43100986 62.30489617 72.3585377  74.36078221
  52.38907004 43.34824659 60.10836077 56.29806626 77.99247719 74.92250527
  58.33899348 65.40999121 56.39016838 64.73660593 61.02800856 52.58813682
  79.7562137  80.57244596 83.14477753 81.57617301 68.52221902 67.78014871
  55.99602697 55.39549923 87.58796276 88.39804501 66.67686389]
 [76.36771356 90.53525983 86.69437341 91.54508142 89.93629518 90.16396756
  86.13306781 88.22189213 75.57647573 87.37527777 89.63458725 96.2337122
  77.96418359 87.6222806  65.32785799 70.23543698 85.74147016 96.00511592
  64.31034865 88.87206584 93.75841646 91.21602877 92.63304206 89.74442216
  63.59480192 95.09890892 86.94553884 91.60600513 76.59403282 90.02324967
  60.25290365 60.24971799 94.4661335  93.7909551  72.24745215]
 [62.19023098 57.27873302 53.46059401 48.94318694 39.3774146  39.77741227
  29.94118711 31.14928455 38.48372491 38.11443002 56.87300414 49.92773688
  27.96282618 39.79055409 36.78022548 34.43741152 48.46610777 66.60787473
  38.17323518 40.26054136 44.46766161 46.96739169 33.3611526  36.86668635
  56.93342766 45.06281452 57.0261221  47.37363492 46.92084718 49.14567206
  35.72446218 38.54121614 52.36247589 78.35387981 57.04592901]
 [70.71855019 69.23190074 90.74878887 87.8228856  70.69291924 57.39020079
  55.65513557 48.55591907 46.39808436 47.83012562 72.37727557 72.83503806
  65.41038466 57.82740202 51.13911868 46.09426838 65.01854442 69.70417154
  46.49648017 44.09344083 79.08805789 75.77488147 64.75601321 50.89584038
  72.44387964 71.38105146 71.97405037 68.14060589 55.01700317 60.75331234
  47.77816753 46.83879273 88.84659941 85.3418406  70.62038627]
 [72.70156533 71.58063326 64.73518636 53.59112164 82.61631292 36.13291329
  28.60566832 26.55051505 22.34242503 23.00995235 61.68086495 51.4040381
  37.35323793 29.47173277 29.1558507  22.98520215 56.30253821 59.86729944
  34.62404623 30.6489493  41.15004202 34.83854071 26.82847168 27.75160968
  86.29787527 60.13312253 75.25955045 66.10546342 55.25070262 40.67529502
  22.64732418 26.53796474 87.27949861 94.54451204 75.00485636]
 [79.52225657 79.50331649 73.98653258 79.33164522 51.25409763 50.99955938
  32.90291914 33.51466742 35.79217127 34.83466969 61.6153244  59.54391738
  45.65856377 45.21043504 28.60741488 33.07060925 57.58727447 67.42940549
  29.27002067 38.17145977 59.12924711 60.2315431  37.23664956 38.84671696
  73.99356854 71.45697434 78.34575103 67.87783514 49.84723727 48.46116427
  27.7445909  32.56582488 84.71214887 87.49831032 49.49902989]
 [70.48366304 57.10356979 58.59132561 46.40863195 40.81779237 38.00216387
  35.21135265 35.7413113  31.90701658 33.05428488 43.60436073 40.71225928
  25.98037476 27.54108066 28.14285662 28.86807264 42.41104764 71.59414124
  26.17688215 32.98322215 42.83324371 37.11863635 32.34199622 32.86760975
  67.00633373 58.86288505 67.98163419 59.49216758 37.70543158 35.85450171
  23.6966335  24.41772826 77.55389696 68.27565653 54.27823603]
 [72.02976671 74.68518585 65.22141221 63.21180253 68.34110189 51.57954687
  51.49062426 47.98224126 45.67319484 45.41963995 66.57039979 62.0077692
  55.48178435 49.1432887  53.00865338 48.75201744 64.91645243 51.41490483
  55.70884701 48.29532099 77.14776033 69.25485648 58.36939363 84.47474963
  71.70411889 70.84228762 73.54913063 72.92654105 59.72023382 59.9527147
  57.1952231  53.51031638 73.07644799 77.01627701 65.55458143]
 [48.73778243 40.2743098  52.83077815 51.24629646 32.55629222 29.9443878
  38.65860542 44.32456231 36.9387126  37.26055827 36.18741924 27.05890837
  48.52197846 42.96721535 39.40624436 37.72326646 64.30451768 40.88233638
  40.73841128 34.89437484 29.92772338 33.86215197 36.25865847 39.85106964
  18.03096824 28.02003909 43.90087061 43.5705835  50.53756175 39.38742962
  41.23446869 43.30408927 37.96908528 74.21210758 70.19383515]
 [68.5808756  69.92982906 69.41015371 71.00445949 42.15564709 46.29062978
  30.1523971  28.3592363  35.49027749 36.79578883 49.46998982 51.70328603
  32.58731715 30.74932328 31.0695183  26.8336203  43.85012148 38.6173075
  33.47945427 37.68257823 49.71321363 53.91591046 30.49946815 27.19569124
  63.44507789 64.7519119  67.43633289 57.2230389  38.80184621 39.18180964
  27.89058864 24.10179106 82.20417509 86.70116262 75.47404622]
 [65.03175669 67.71870815 41.64500082 46.60136131 26.63011739 29.51026754
  27.11588107 27.86898144 29.61041017 29.83814522 46.08133036 51.85953122
  29.87900434 29.94716452 27.0510115  26.43085356 49.74783683 60.39152645
  24.6409234  30.31628959 32.96008186 37.05354645 23.57755969 29.38594344
  56.51792555 60.01336619 66.099322   58.21585048 44.59220245 43.22654155
  30.27792006 40.93020752 71.73938443 75.15993933 75.37947024]
 [94.47545158 90.60805923 98.39083655 96.54528241 94.20944624 85.82931445
  61.87202172 69.70003613 46.25864287 55.18382451 80.19281733 79.5493255
  84.43207408 45.58971245 55.13827178 48.41726769 84.23834977 79.27810457
  59.98055042 54.11140695 97.34728173 91.28826474 67.99820342 73.41427011
  89.63162303 83.72858361 73.4798045  98.39509733 81.11718936 63.00150457
  59.71676993 52.34760876 81.02571525 89.35451815 46.98502925]]