[[1.23090949e+01 1.41625782e+01 1.88925564e+01 1.69053025e+01
  3.11267825e+01 4.02184676e+01 7.09087272e+01 1.59758040e+02
  7.59252054e+01 6.83485882e+01 5.15538216e+00 4.81064493e+00
  6.03411172e+00 4.08445334e+00 2.61342032e+01 3.36793044e+01
  2.05582079e+00 2.48062954e-28 1.09765306e+01 5.95887290e+01
  1.29995440e+01 1.22693521e+01 2.73618218e+01 3.95015452e+01
  7.84390123e+00 9.63553350e+00 1.09570051e+01 3.48578495e+00
  1.47550586e+00 1.14537860e+00 5.28535888e+00 4.17787433e+00
  9.07094005e+00 9.60279367e+00 8.15942844e+00]
 [9.20141185e+00 1.08457946e+01 1.03124713e+01 8.25959794e+00
  8.22898922e+00 5.90663164e+00 1.10238938e+01 8.88745157e+00
  1.59737357e+01 1.09118169e+01 3.66146791e+00 4.97021089e+00
  1.10936112e+01 5.48524448e+00 1.11408574e+01 4.82567228e+00
  2.12245289e+00 3.40877820e-29 3.66268567e+00 1.20719831e+01
  5.88656879e+00 5.22519443e+00 1.34671924e+01 5.47591317e+00
  5.47935152e+00 7.47413120e+00 9.17793611e+00 4.56114100e+00
  1.63729562e+00 1.66022792e+00 5.67338046e+00 1.91186203e+00
  1.29987261e+01 9.97027118e+00 8.91000494e-01]
 [1.44900825e+01 1.47127897e+01 8.80522764e+00 7.56276325e+00
  7.94202776e+00 8.30287747e+00 1.16862889e+01 1.18044684e+01
  2.24742747e+01 1.84791364e+01 4.28887134e+00 3.19434818e+00
  5.34331812e+00 5.05123590e+00 1.53004816e+01 1.05304689e+01
  3.27695000e+00 9.97813201e-29 8.48927559e+00 1.76698570e+01
  5.00342511e+00 4.73398214e+00 1.17147612e+01 1.10904947e+01
  9.30933786e+00 1.05898058e+01 1.34386315e+01 6.76080063e+00
  1.68317739e+00 1.71457073e+00 9.57563796e+00 3.70837758e+00
  4.28107081e+00 2.47829638e+00 7.87121040e-01]
 [1.85107213e+02 1.59560646e+02 4.71422292e+01 4.34180943e+01
  4.31060001e+01 5.13442092e+01 5.54827094e+01 8.47405194e+01
  8.79440280e+01 8.90824504e+01 2.81363663e+01 3.24305305e+01
  7.14432485e+00 9.33066501e+00 2.78186778e+01 3.94327180e+01
  2.06784123e+01 5.96258335e-29 2.52574196e+01 7.37887661e+01
  2.16094609e+01 2.88178550e+01 2.69888214e+01 3.63898603e+01
  9.29509478e+01 6.66186991e+01 1.14448101e+02 6.85378162e+01
  1.02788826e+01 1.02790276e+01 9.85157527e+00 9.13291997e+00
  1.05062442e+02 8.31524076e+01 2.95556843e+00]
 [3.11722705e+01 2.97202401e+01 1.71492301e+01 1.27517716e+01
  1.52446764e+01 1.66763281e+01 2.04011917e+01 2.17967669e+01
  2.27106657e+01 1.98477521e+01 7.67852307e+00 7.21553933e+00
  6.02000835e+00 5.66661884e+00 1.52871781e+01 1.34027669e+01
  5.92183301e+00 5.95539507e-30 8.57115800e+00 1.95537238e+01
  7.68593716e+00 7.71590706e+00 1.47294869e+01 1.22118145e+01
  1.86675833e+01 1.51923870e+01 2.49461793e+01 1.15429581e+01
  2.97562941e+00 2.57124767e+00 6.32391739e+00 4.36653770e+00
  1.01588066e+01 1.11475341e+01 4.21101850e+00]
 [6.91972293e+00 6.61184710e+00 4.78531028e+00 4.09607729e+00
  3.97131840e+00 4.09784276e+00 4.84574151e+00 5.84506797e+00
  5.92134381e+00 5.09509489e+00 1.70207025e+00 1.66279595e+00
  1.70615733e+00 2.24651067e+00 3.21515444e+00 3.65158043e+00
  9.41996038e-01 7.88980224e-30 2.44314395e+00 5.04014420e+00
  3.13115681e+00 3.04071249e+00 2.83143734e+00 4.00434898e+00
  3.60375298e+00 2.31662071e+00 7.57063449e+00 1.78360915e+00
  8.23077757e-01 6.79006924e-01 1.34689650e+00 1.06613842e+00
  5.47855370e+00 2.96532355e+00 2.63951447e+00]
 [3.56934442e+01 3.15870798e+01 1.59105381e+01 1.50722710e+01
  2.02186326e+01 2.04917166e+01 4.00487507e+01 5.17916756e+01
  8.47147414e+01 1.09872335e+02 6.93871591e+00 6.85233589e+00
  7.03162336e+00 7.03234277e+00 2.44774757e+01 3.89164024e+01
  4.25904133e+00 6.56244137e-29 3.06646833e+01 9.27963427e+01
  1.26676749e+01 9.84425276e+00 1.83616745e+01 2.29164363e+01
  1.49642088e+01 1.40866069e+01 3.03475993e+01 9.53335643e+00
  4.03806996e+00 3.13564881e+00 8.72372538e+00 1.04409927e+01
  5.26065079e+01 5.16303915e+01 6.60645033e+01]
 [1.77401638e+01 1.29844091e+01 1.11984162e+01 8.38563449e+00
  1.27077455e+01 1.08853548e+01 1.38341512e+01 1.63949460e+01
  1.83053053e+01 1.74385686e+01 4.26593899e+00 4.85731772e+00
  4.40911888e+00 4.40292729e+00 1.07493875e+01 1.22673218e+01
  3.68990522e+00 5.48011562e-29 6.89854290e+00 1.73709625e+01
  5.28519667e+00 5.32605090e+00 9.05634736e+00 8.34180231e+00
  9.06893792e+00 7.35885881e+00 1.19713653e+01 7.11961739e+00
  2.11579987e+00 1.83558778e+00 4.67703281e+00 4.12831108e+00
  1.98313552e+01 1.02488471e+01 6.03488569e+00]
 [6.01327706e+01 5.34851107e+01 1.23042175e+01 1.27257558e+01
  1.55074105e+01 1.46488309e+01 2.45218343e+01 3.31455655e+01
  2.88487833e+01 3.27654894e+01 7.36673965e+00 7.17552197e+00
  4.23892535e+00 3.76342596e+00 1.33543048e+01 1.48165654e+01
  6.61579599e+00 3.12779827e-29 1.17384897e+01 2.69122131e+01
  8.43510597e+00 7.03892039e+00 1.17348738e+01 1.22636965e+01
  1.55461051e+01 1.58064671e+01 4.49975773e+01 1.42647313e+01
  2.79911191e+00 2.37588844e+00 4.56220457e+00 4.28949281e+00
  4.61860681e+01 5.52021305e+01 2.28259708e+01]
 [1.61920918e+01 1.58943112e+01 6.86276933e+00 6.48544898e+00
  7.17352497e+00 7.47310946e+00 3.62360781e+01 4.87538728e+01
  8.55958933e+01 8.24761653e+01 3.70335785e+00 5.27190976e+00
  2.54455396e+00 2.85085310e+00 3.17027846e+01 3.43015593e+01
  3.74790109e+00 8.90842664e-29 2.57247427e+01 7.00529967e+01
  4.60172045e+00 3.59919809e+00 1.27174602e+01 1.42184833e+01
  9.36176858e+00 8.58967436e+00 1.48451184e+01 6.65274982e+00
  1.75994521e+00 1.44966625e+00 6.91344069e+00 6.09280957e+00
  6.31125687e+00 5.10539627e+00 3.42872186e+00]
 [1.24517671e+01 1.28402633e+01 1.84670161e+01 1.67027881e+01
  2.94128771e+01 2.18750184e+01 3.90013028e+01 3.26798954e+01
  2.31126200e+01 2.78789000e+01 6.49380373e+00 6.16605992e+00
  9.32257230e+00 6.48656292e+00 1.35089210e+01 1.51934638e+01
  4.12824232e+00 7.66890545e-29 9.04087918e+00 2.24642181e+01
  1.31728696e+01 1.09891030e+01 1.92097679e+01 1.40493614e+01
  8.75569598e+00 1.06599352e+01 1.18753197e+01 6.56119217e+00
  2.68272120e+00 2.39057545e+00 4.62359682e+00 4.11906149e+00
  2.90752134e+00 3.15285675e+00 3.44991512e+00]
 [1.24224627e+01 1.63570810e+01 9.58683476e+00 1.48052505e+01
  9.32810251e+00 1.20486035e+01 1.05484298e+01 1.10662340e+01
  1.69188037e+01 1.49959677e+01 3.88443990e+00 5.21457107e+00
  3.21820506e+00 3.19419225e+00 6.76277847e+00 6.19198599e+00
  3.42524350e+00 1.37205697e-30 4.24325661e+00 1.43312878e+01
  7.02944252e+00 8.23048011e+00 7.23111535e+00 7.61900092e+00
  5.88224303e+00 8.94197144e+00 1.41147664e+01 5.65404471e+00
  2.20306237e+00 1.82235797e+00 2.47089367e+00 1.99832532e+00
  1.84638684e+01 1.37816270e+01 2.60839814e+00]
 [1.11844202e+01 1.31943787e+01 1.00286671e+01 9.78731906e+00
  1.03472250e+01 9.57637576e+00 1.51734184e+01 1.61648832e+01
  2.11740188e+01 1.84769140e+01 5.16538809e+00 5.87990531e+00
  4.17968353e+00 3.65164058e+00 1.00466133e+01 9.19796463e+00
  3.69926211e+00 2.05432012e-29 7.00125051e+00 1.71660643e+01
  6.40934849e+00 6.66935942e+00 8.85154226e+00 8.79102287e+00
  8.37471890e+00 8.43686975e+00 1.10308815e+01 5.91909563e+00
  2.21121564e+00 2.18123445e+00 4.22533477e+00 2.60794304e+00
  8.52088823e+00 6.92911036e+00 3.06132868e+01]
 [7.78906149e+01 8.63507376e+01 3.60442367e+01 3.47557837e+01
  4.03117427e+01 4.08076498e+01 8.37837819e+01 8.45368671e+01
  7.67028917e+01 8.56028013e+01 2.12753230e+01 2.06152914e+01
  1.32924564e+01 9.86651740e+00 5.19867572e+01 3.43388284e+01
  1.77135655e+01 5.63679644e-29 2.60652058e+01 6.42712628e+01
  2.59724098e+01 2.27251324e+01 4.00108030e+01 3.28905429e+01
  3.32368544e+01 3.66125612e+01 6.69688384e+01 2.86106169e+01
  8.59053347e+00 7.83093891e+00 1.62527157e+01 9.51962814e+00
  1.02801539e+02 5.82357282e+01 1.01838687e+01]
 [1.35700291e+02 1.82267828e+02 3.86386069e+01 4.61420267e+01
  3.21021475e+01 2.46483338e+01 7.46730611e+01 8.11980687e+01
  1.19827442e+02 1.20573147e+02 1.83909038e+01 2.68518986e+01
  1.22625178e+01 7.65269192e+00 5.72071019e+01 5.36623483e+01
  2.36399302e+01 2.34271943e-27 3.95181858e+01 1.01736012e+02
  1.92977101e+01 1.99480954e+01 3.57932043e+01 2.58460066e+01
  5.91500461e+01 1.18868425e+02 1.43612644e+02 5.44800604e+01
  7.96644304e+00 9.51012838e+00 2.28081527e+01 1.24770664e+01
  9.29812574e+01 7.41695085e+01 2.15281229e+01]
 [5.38531866e+01 5.39312184e+01 1.01174186e+01 8.57756843e+00
  9.38293580e+00 1.07457015e+01 2.68387726e+01 4.20205993e+01
  7.35334674e+01 6.73025541e+01 7.29958188e+00 6.37402512e+00
  2.37029279e+00 3.32288842e+00 1.49437623e+01 1.66486040e+01
  6.66178137e+00 1.07706421e-29 7.50982935e+00 5.71190793e+01
  5.53591658e+00 5.74622550e+00 1.01942223e+01 1.36243986e+01
  2.09385125e+01 2.13796162e+01 4.91615081e+01 1.82048724e+01
  2.23082359e+00 1.72063161e+00 3.25832559e+00 3.34886691e+00
  3.37812156e+01 3.39957497e+01 9.23642430e+00]
 [6.82506100e+00 7.71693547e+00 7.75943040e+00 6.75930009e+00
  1.25132307e+01 8.66166756e+00 2.08518426e+01 1.37821693e+01
  3.08429279e+01 2.25628015e+01 3.14572909e+00 3.67304397e+00
  4.78182335e+00 3.23010033e+00 1.67775937e+01 1.04360986e+01
  1.71313003e+00 4.01928290e-30 7.93462199e+00 2.76706804e+01
  6.01439956e+00 4.61813502e+00 1.39560375e+01 8.19588402e+00
  7.51486931e+00 5.50526108e+00 6.20108946e+00 2.75448774e+00
  1.44717109e+00 1.10427128e+00 5.53426495e+00 3.44898117e+00
  4.30220453e+00 3.62924777e+00 2.88027554e+00]
 [4.16521934e+01 4.43775867e+01 1.07594718e+01 1.03004064e+01
  1.34897681e+01 1.68668346e+01 1.72239339e+01 2.34652015e+01
  2.51380468e+01 2.76978986e+01 5.90117733e+00 6.90487880e+00
  7.78602106e+00 1.24994336e+01 1.55915333e+01 2.02727734e+01
  5.65656410e+00 3.41790023e-29 1.32233622e+01 2.19671354e+01
  7.36695880e+00 6.88001801e+00 1.30270705e+01 1.80030515e+01
  1.23956076e+01 1.39742946e+01 2.88045817e+01 1.18518023e+01
  3.34630191e+00 2.94588332e+00 8.23467575e+00 1.20750638e+01
  2.51909224e+01 1.77942455e+01 1.09167718e+01]
 [1.59659751e+01 1.66314702e+01 1.05811114e+01 8.10846079e+00
  1.36272936e+01 7.61475169e+00 1.75561394e+01 1.25089399e+01
  3.22278088e+01 2.63351064e+01 5.10284896e+00 4.32940748e+00
  3.28666266e+00 1.97027201e+00 1.44333003e+01 1.07748705e+01
  3.46454777e+00 3.73018448e-29 1.23830634e+01 2.98613611e+01
  7.38960881e+00 4.64820868e+00 1.16962525e+01 6.08444126e+00
  8.64598793e+00 8.25015321e+00 1.38222487e+01 6.60688151e+00
  1.81295546e+00 1.92936681e+00 5.63282083e+00 3.47906960e+00
  3.80989195e+00 4.40760656e+00 1.04782578e+01]
 [2.78800366e+01 3.90702773e+01 1.27169065e+01 1.35636164e+01
  1.94200688e+01 1.40882629e+01 2.96714950e+01 3.01043488e+01
  4.83609508e+01 4.92132185e+01 7.04294742e+00 9.23322648e+00
  1.16762769e+01 1.30982870e+01 2.53972044e+01 2.00122945e+01
  6.57247005e+00 2.67426469e-29 1.47904384e+01 4.61894076e+01
  1.00206402e+01 9.88633657e+00 2.30377565e+01 1.56629871e+01
  1.28084644e+01 1.73445152e+01 2.89850801e+01 1.09511997e+01
  4.91713132e+00 5.23969320e+00 1.16506438e+01 7.91027808e+00
  1.42749308e+01 1.03502937e+01 4.85316331e+01]]