[[7.14378771e+00 1.39071507e+01 1.15761904e+01 1.08757868e+01
  1.21922969e+01 1.05207909e+01 1.57397437e+01 1.50904984e+01
  1.72362183e+01 1.38773034e+01 4.55018000e+00 4.52580268e+00
  3.20052220e+00 2.47330378e+00 6.83266401e+00 6.19116956e+00
  3.19585612e+00 5.22196740e-29 4.43365644e+00 1.50064398e+01
  7.82556540e+00 6.04070632e+00 7.93229507e+00 6.97608896e+00
  5.63277185e+00 1.02678983e+01 7.56071807e+00 3.75574247e+00
  1.94842380e+00 1.45562141e+00 2.26490986e+00 1.72753199e+00
  1.58592955e+01 1.56479547e+01 8.98425825e+00]
 [5.61280964e+01 7.52255944e+01 2.85275481e+01 1.94835175e+01
  1.84717451e+01 1.35038037e+01 1.66891025e+01 1.81020350e+01
  1.76311246e+01 1.74221678e+01 1.05533287e+01 1.00671638e+01
  5.43546688e+00 6.17452502e+00 8.84612148e+00 9.24106442e+00
  7.41214627e+00 6.94056204e-29 5.85931713e+00 1.69128040e+01
  1.49238746e+01 1.10448592e+01 1.15767684e+01 1.09229581e+01
  2.19517951e+01 2.87191138e+01 5.95158710e+01 2.30713479e+01
  4.36745245e+00 3.16579252e+00 3.49269436e+00 3.46338716e+00
  4.99250893e+01 4.75201847e+01 1.04150012e+00]
 [2.14312581e+01 2.18747893e+01 1.44588048e+01 1.14233826e+01
  8.95124220e+00 7.16074572e+00 9.50422841e+00 7.94236752e+00
  7.50603444e+00 7.21032935e+00 5.57185409e+00 4.36618380e+00
  2.27088774e+00 1.79480797e+00 4.07150815e+00 3.97069211e+00
  3.17717075e+00 1.10960493e-28 2.66863907e+00 7.03674560e+00
  6.71822920e+00 5.44894232e+00 5.44636546e+00 4.84731866e+00
  1.21429058e+01 1.52179371e+01 2.00432609e+01 8.73358397e+00
  1.44090226e+00 1.52040937e+00 1.59418449e+00 1.28702856e+00
  8.69783255e+00 2.60503660e+00 5.59738165e-01]
 [8.71356249e+01 6.69413220e+01 2.54664551e+01 2.33263457e+01
  1.66745365e+01 2.05643313e+01 1.55690576e+01 2.21943319e+01
  1.78578370e+01 1.88748111e+01 1.44449162e+01 1.34180967e+01
  3.69174804e+00 4.38456432e+00 7.70915332e+00 9.61110250e+00
  1.06265037e+01 2.45131186e-29 5.64519107e+00 1.66576676e+01
  1.09444610e+01 1.43067090e+01 1.03061666e+01 1.23234882e+01
  4.36694097e+01 2.62380457e+01 5.49480867e+01 2.92741523e+01
  4.67059210e+00 4.56702072e+00 2.75848143e+00 2.55263195e+00
  6.81926631e+01 8.58258879e+01 1.23219529e+00]
 [4.95072298e+01 5.18272887e+01 2.60118768e+01 2.40499891e+01
  1.47574528e+01 1.70355988e+01 1.92714210e+01 2.24157546e+01
  1.96183427e+01 1.94596527e+01 1.13776418e+01 1.18122844e+01
  4.08566017e+00 5.21053709e+00 9.29966805e+00 1.18717407e+01
  8.64255665e+00 1.06246829e-29 6.95595188e+00 1.85695463e+01
  1.15128220e+01 1.27707491e+01 1.04527590e+01 1.23553189e+01
  2.50394298e+01 2.26840017e+01 4.16441734e+01 1.85329294e+01
  4.02673598e+00 3.72616034e+00 2.76276166e+00 3.34840845e+00
  1.55767732e+01 1.68414348e+01 5.11853289e+00]
 [1.21586181e+01 1.25492413e+01 9.08965768e+00 8.02032624e+00
  7.74461022e+00 6.46419635e+00 7.28009740e+00 7.32693197e+00
  7.99620574e+00 7.49514083e+00 3.33453874e+00 2.57600703e+00
  2.30598858e+00 1.92780173e+00 3.95296954e+00 4.13662971e+00
  1.88187919e+00 1.41381866e-29 2.49391372e+00 7.51728679e+00
  6.29949498e+00 4.21679949e+00 4.92471570e+00 4.60942710e+00
  5.79464032e+00 3.84221905e+00 1.36092329e+01 2.67977984e+00
  1.75441683e+00 1.05628351e+00 1.59060415e+00 1.31267455e+00
  1.20129475e+01 6.80538360e+00 4.39617358e+00]
 [3.02037197e+01 3.14060200e+01 2.43165108e+01 2.68192484e+01
  2.16805893e+01 2.00963416e+01 2.63290276e+01 2.54101253e+01
  2.65341545e+01 2.95224313e+01 6.60506704e+00 9.70771462e+00
  7.41725297e+00 6.49959994e+00 1.43514369e+01 1.36866006e+01
  4.08218736e+00 4.87139592e-29 1.17978187e+01 2.64602985e+01
  2.04412496e+01 1.32617538e+01 1.64612155e+01 1.51377838e+01
  1.48917433e+01 1.74932519e+01 2.66826055e+01 7.18355314e+00
  4.52448475e+00 4.18985587e+00 5.56925055e+00 4.61168447e+00
  9.01525024e+01 5.99264926e+01 4.20073114e+01]
 [2.39327238e+01 1.40985214e+01 2.48678753e+01 1.29481383e+01
  1.33205819e+01 1.39630120e+01 1.45637262e+01 1.60568862e+01
  1.51492508e+01 1.39731824e+01 7.77477658e+00 7.26548489e+00
  5.19291894e+00 4.06476286e+00 7.96963434e+00 8.00613952e+00
  6.22464458e+00 6.91689321e-29 5.07617224e+00 1.38569950e+01
  9.10828626e+00 1.04811409e+01 8.78649015e+00 9.31149206e+00
  1.29117005e+01 9.65011090e+00 1.37531102e+01 1.11626041e+01
  3.75941451e+00 3.04754307e+00 3.08095793e+00 2.92159240e+00
  4.03750069e+01 1.54370275e+01 6.10609870e+00]
 [3.93090340e+01 3.58355596e+01 1.01952732e+01 1.01605897e+01
  8.22684269e+00 7.89033201e+00 1.15212376e+01 1.39213991e+01
  1.25372764e+01 1.37929422e+01 3.91243320e+00 5.02606674e+00
  2.24782064e+00 1.91042252e+00 5.26901468e+00 5.16111866e+00
  4.57130273e+00 4.41761041e-29 3.24217952e+00 1.34747994e+01
  4.94722017e+00 4.51829868e+00 6.51692648e+00 5.78202143e+00
  1.00513526e+01 1.06522678e+01 2.55622276e+01 8.29582659e+00
  1.54495219e+00 1.77198936e+00 1.86023331e+00 1.46307879e+00
  3.72056496e+01 8.12401610e+01 1.90510371e+01]
 [1.54473778e+01 1.55860145e+01 6.83147187e+00 6.89129417e+00
  3.92719091e+00 4.27710704e+00 6.12019469e+00 8.66145609e+00
  6.52798813e+00 8.07886681e+00 3.17767092e+00 1.03813903e+01
  1.54984417e+00 1.77457795e+00 3.18650080e+00 3.40891167e+00
  2.56854981e+00 4.60269408e-29 2.36821190e+00 8.98962621e+00
  3.61544353e+00 4.43415882e+00 3.06761265e+00 4.21329784e+00
  6.96826843e+00 8.93746194e+00 1.48428667e+01 5.12807538e+00
  1.05060076e+00 1.15647845e+00 1.13360083e+00 9.86030262e-01
  4.85890612e+00 4.32837866e+00 2.84102734e+00]
 [7.76851967e+00 8.61188416e+00 1.18701137e+01 1.15531732e+01
  1.11336953e+01 9.42429257e+00 1.08480499e+01 8.78284762e+00
  9.45259942e+00 8.92666167e+00 4.30380994e+00 5.29190320e+00
  2.65545657e+00 2.56071450e+00 5.44437411e+00 4.37512961e+00
  4.00466254e+00 3.60426026e-29 2.80271382e+00 8.60435306e+00
  6.41993373e+00 6.85347989e+00 6.84763865e+00 5.59857085e+00
  5.97383109e+00 7.35232994e+00 7.85226308e+00 5.75239825e+00
  1.79450229e+00 1.80319873e+00 1.80387497e+00 1.63065018e+00
  3.02830672e+00 3.24606638e+00 1.38315458e+00]
 [2.57364914e+01 3.38249529e+01 2.99047181e+01 3.62722496e+01
  2.10404083e+01 2.02950282e+01 1.87977265e+01 1.94337505e+01
  2.43183958e+01 2.47240324e+01 8.26286717e+00 1.25429825e+01
  5.66480951e+00 5.60671850e+00 1.24392614e+01 1.14409422e+01
  1.02890887e+01 3.01053896e-30 8.29351093e+00 2.27826855e+01
  1.56538234e+01 1.50122147e+01 1.36883817e+01 1.47349850e+01
  1.33782415e+01 2.04520785e+01 2.86671875e+01 1.44951834e+01
  4.65679243e+00 4.96184700e+00 4.68740678e+00 3.91672560e+00
  4.75803529e+01 3.04171440e+01 4.51150335e+00]
 [9.47994465e+00 1.02453588e+01 6.99227710e+00 6.66822652e+00
  6.80287352e+00 4.73647831e+00 7.55679795e+00 5.63321124e+00
  7.73486994e+00 6.77929464e+00 3.10042375e+00 2.98132383e+00
  2.13528552e+00 1.27340938e+00 4.10530337e+00 2.64729907e+00
  2.53379903e+00 9.00444059e-30 2.40524958e+00 7.08224282e+00
  4.03509686e+00 3.34960120e+00 4.51282732e+00 3.24972150e+00
  5.30000484e+00 5.00509387e+00 8.67505791e+00 3.87992968e+00
  1.34306428e+00 1.21490114e+00 1.55442467e+00 8.53593804e-01
  1.51066316e+01 6.38155157e+00 1.53190074e+01]
 [2.25145809e+02 2.56083524e+02 8.62659436e+01 8.52201047e+01
  8.59456746e+01 6.40401341e+01 8.39939305e+01 8.62521134e+01
  6.57969164e+01 7.47672175e+01 5.48968694e+01 5.60033063e+01
  1.75259678e+01 1.69204670e+01 4.69789201e+01 3.24477194e+01
  5.06227970e+01 1.01566866e-28 3.11073378e+01 6.48763512e+01
  5.58757752e+01 4.46295990e+01 5.60413262e+01 4.26760759e+01
  9.02234478e+01 1.10022744e+02 2.00481021e+02 8.63456197e+01
  1.80235817e+01 2.01908079e+01 1.77747785e+01 9.56061524e+00
  2.48031057e+02 1.54089018e+02 1.27763266e+01]
 [4.20454236e+01 5.42836844e+01 1.34226213e+01 1.43189356e+01
  1.30164889e+01 9.53564439e+00 1.87842730e+01 1.68362979e+01
  1.98512377e+01 2.00004327e+01 4.01831658e+00 6.57974184e+00
  3.04810914e+00 2.80000115e+00 9.75862654e+00 7.72533663e+00
  4.16200516e+00 4.00416786e-28 4.87623811e+00 1.82307649e+01
  6.54751902e+00 6.48777845e+00 9.92341417e+00 7.30445394e+00
  1.46008616e+01 3.48663504e+01 4.22603710e+01 1.19128912e+01
  1.74975730e+00 2.28473658e+00 3.77166831e+00 1.83117390e+00
  7.30456601e+01 4.59814602e+01 1.52887922e+01]
 [7.50207408e+01 7.65523924e+01 2.71051763e+01 2.05227933e+01
  1.86504807e+01 1.68291078e+01 2.06922348e+01 2.00028212e+01
  2.42898174e+01 2.30651205e+01 1.36947383e+01 1.18166334e+01
  4.67438524e+00 4.68015952e+00 1.03413746e+01 9.30765816e+00
  1.10946310e+01 7.31493087e-30 6.05598840e+00 2.25162283e+01
  1.40158698e+01 1.32616538e+01 1.21386922e+01 1.26341364e+01
  3.13079220e+01 3.09266021e+01 7.00183890e+01 2.68219458e+01
  4.16697075e+00 3.19529516e+00 3.15752802e+00 2.58547438e+00
  4.24575303e+01 4.85353735e+01 1.35657364e+01]
 [9.60874929e+00 9.76410714e+00 1.10192373e+01 9.81408450e+00
  1.03961742e+01 1.01007867e+01 1.24371545e+01 1.21041569e+01
  1.35358588e+01 1.28201215e+01 4.47895983e+00 3.98325083e+00
  3.36789500e+00 3.23123863e+00 7.46667650e+00 5.91005091e+00
  2.42932008e+00 4.53592193e-30 3.56422373e+00 1.31056662e+01
  7.14276202e+00 5.88615398e+00 7.61669295e+00 7.00766737e+00
  8.30137454e+00 6.80592516e+00 8.71131276e+00 3.67647175e+00
  2.00401545e+00 1.29898790e+00 2.17537534e+00 1.92996446e+00
  5.31149364e+00 5.83881463e+00 2.25784674e+00]
 [6.29882888e+01 7.11844511e+01 1.59738448e+01 2.15195049e+01
  1.41946704e+01 1.52649173e+01 1.44727643e+01 1.48439965e+01
  1.69110262e+01 1.84300123e+01 6.68773559e+00 9.42490037e+00
  4.26664109e+00 4.91584311e+00 9.41688122e+00 8.59309881e+00
  6.86809693e+00 3.50046721e-29 6.34775431e+00 1.67045557e+01
  8.65337026e+00 9.23340702e+00 9.91223943e+00 9.99812383e+00
  1.57568982e+01 2.33385786e+01 4.37816316e+01 1.78257314e+01
  2.99379037e+00 2.86960053e+00 3.92685248e+00 3.53590077e+00
  2.91816908e+01 3.19679249e+01 1.36198719e+01]
 [1.63026323e+01 2.05140932e+01 1.81216710e+01 1.51999788e+01
  1.87734099e+01 1.54258166e+01 2.24926434e+01 1.92874502e+01
  1.92301244e+01 1.77529919e+01 7.50630223e+00 7.11634422e+00
  4.36283735e+00 3.40521501e+00 9.78384368e+00 9.26777978e+00
  6.74516129e+00 7.56193640e-29 5.73980646e+00 1.76258882e+01
  1.07780470e+01 9.00698215e+00 1.38008086e+01 1.09179585e+01
  1.13641409e+01 1.16112271e+01 1.63814836e+01 1.03583643e+01
  2.67398385e+00 2.80154090e+00 3.64725783e+00 2.58472740e+00
  4.67122505e+00 9.55609714e+00 1.45297743e+01]
 [2.46479095e+01 2.93558643e+01 1.91754653e+01 2.13362634e+01
  1.34774809e+01 1.35766139e+01 1.34753196e+01 1.43793259e+01
  1.59561320e+01 1.65991157e+01 8.07028495e+00 1.29129940e+01
  6.64642022e+00 6.64898882e+00 9.07398537e+00 9.14698320e+00
  6.73118547e+00 9.50174994e-30 7.05609917e+00 1.64144147e+01
  1.05840962e+01 1.04988965e+01 1.02986191e+01 1.04866894e+01
  1.47675112e+01 1.75183969e+01 2.57558424e+01 1.07004783e+01
  5.01439839e+00 5.28460241e+00 5.66361959e+00 5.05860698e+00
  1.45828932e+01 8.30201784e+00 3.17794297e+01]]