[[5.75550139e+00 1.11749652e+01 7.48430051e+00 5.94075274e+00
  8.10585209e+00 7.79901509e+00 9.20226007e+00 1.13474495e+01
  9.34784811e+00 8.35273724e+00 4.94237824e+00 3.07511295e+00
  2.23807603e+00 1.54870250e+00 3.93082457e+00 4.26361382e+00
  1.70241139e+00 2.78184139e-29 2.50178203e+00 8.08381471e+00
  9.65014740e+00 3.91964718e+00 5.24414203e+00 4.65143913e+00
  8.90739746e+00 6.63367656e+00 6.73646084e+00 2.67646401e+00
  1.00694773e+00 9.54216964e-01 1.23622425e+00 9.72929120e-01
  1.22068326e+01 8.20782978e+00 6.27440476e+00]
 [8.81499840e+00 8.90514791e+00 1.44741121e+01 9.28786615e+00
  5.39907441e+00 7.57952628e+00 4.33221000e+00 4.81604558e+00
  5.15755448e+00 4.98095760e+00 5.44980546e+00 1.07605245e+01
  1.73147387e+00 2.74738930e+00 2.87452188e+00 2.76927599e+00
  1.74049001e+00 1.98354629e-29 1.58358982e+00 4.96684090e+00
  6.19368557e+00 1.17577189e+01 3.22848173e+00 5.24863171e+00
  7.82927321e+00 1.15823287e+01 6.72317419e+00 3.82669084e+00
  1.36190467e+00 1.56985683e+00 1.12186011e+00 9.60778151e-01
  2.43993128e+01 1.49568998e+01 7.61196525e-01]
 [2.09758120e+01 2.36936274e+01 1.17014464e+01 2.08140281e+01
  1.04665711e+01 9.57876247e+00 1.03396397e+01 1.03561381e+01
  1.22916929e+01 1.11485234e+01 6.26886038e+00 6.45022275e+00
  4.06280317e+00 3.89088912e+00 8.79577906e+00 7.05222612e+00
  3.54655042e+00 1.34142277e-28 5.98870915e+00 1.10809853e+01
  6.72291351e+00 1.83835881e+01 8.23243325e+00 7.58342980e+00
  1.94449515e+01 2.22279970e+01 2.03786359e+01 1.00390450e+01
  2.69869031e+00 2.25973423e+00 4.09309555e+00 2.75511725e+00
  8.99843630e+00 8.50112202e+00 1.25851700e+00]
 [1.19771681e+03 5.02429827e+02 9.74837681e+01 6.26938207e+01
  6.37898754e+01 1.15307953e+02 3.03705599e+01 3.02331773e+01
  3.68883702e+01 3.20577245e+01 1.04347025e+02 1.25182139e+02
  6.70900035e+00 5.43547288e+00 1.26541387e+01 1.44612083e+01
  4.79215884e+01 9.85273128e-29 1.09444933e+01 3.06751245e+01
  1.84694958e+01 5.75472928e+01 1.49785394e+01 1.90504255e+01
  4.78891465e+02 2.32355059e+02 3.21120711e+02 2.48509744e+02
  2.43729521e+01 2.17083614e+01 4.14990626e+00 4.69072055e+00
  7.32240014e+02 3.96551466e+02 2.94365159e+00]
 [1.29003931e+02 9.89151645e+01 9.43221712e+01 3.86547088e+01
  4.94361636e+01 3.82030082e+01 1.69968595e+01 1.89209053e+01
  1.83595831e+01 1.71202478e+01 3.45357409e+01 2.94964329e+01
  1.07756389e+01 7.04133655e+00 1.06265048e+01 1.16839668e+01
  1.25491592e+01 2.42167219e-29 6.81507582e+00 1.64410383e+01
  2.49297860e+01 1.66176240e+01 1.97889107e+01 1.48905053e+01
  1.40257045e+02 1.29045371e+02 9.78897345e+01 3.70998762e+01
  7.73228957e+00 6.99734856e+00 4.09209153e+00 3.69867062e+00
  4.64009430e+01 4.84531940e+01 9.36270338e+00]
 [6.44470963e+00 5.79742074e+00 4.79679510e+00 4.12228124e+00
  3.25931758e+00 3.11274542e+00 3.60969023e+00 4.25632751e+00
  4.81359899e+00 4.04567819e+00 1.99303913e+00 1.61905991e+00
  1.39187635e+00 1.27579640e+00 2.21839708e+00 2.16956155e+00
  8.20061962e-01 6.75752059e-30 1.36523355e+00 4.16735548e+00
  3.32879044e+00 2.38725385e+00 2.35553776e+00 2.40634019e+00
  7.00404969e+00 2.44659823e+00 6.38588081e+00 1.42643990e+00
  8.86551326e-01 7.31482630e-01 1.04114440e+00 7.44592936e-01
  7.78004916e+00 3.82797079e+00 2.83359990e+00]
 [2.97115186e+01 2.81555793e+01 1.32481965e+01 1.44386526e+01
  1.74686054e+01 1.69232244e+01 1.98874223e+01 2.03859115e+01
  2.62841015e+01 2.75946327e+01 6.04937607e+00 9.37469378e+00
  7.33586985e+00 7.14210732e+00 1.38164458e+01 1.44011078e+01
  3.67434975e+00 3.98772794e-29 1.10893691e+01 2.69384639e+01
  1.14845748e+01 1.07032306e+01 1.39932262e+01 1.42414593e+01
  1.12067879e+01 1.36253536e+01 2.53158132e+01 7.21773131e+00
  4.69330598e+00 4.74776905e+00 5.87624055e+00 5.33037109e+00
  4.39391731e+01 4.78586962e+01 5.83384884e+01]
 [3.09717531e+01 1.96992516e+01 3.73120799e+01 3.19402615e+01
  7.60990655e+01 6.66954247e+01 1.09739196e+01 1.35102061e+01
  1.36700793e+01 1.69422142e+01 7.68650032e+00 1.40744074e+01
  1.04266162e+01 1.10517099e+01 5.75989958e+00 6.18442773e+00
  2.76695031e+00 5.09592833e-29 4.02744967e+00 1.47330742e+01
  1.93280760e+01 2.43039915e+01 1.64192838e+01 1.72651709e+01
  1.17071025e+01 1.59444050e+01 1.81480001e+01 9.95474294e+00
  2.01161787e+00 3.22199895e+00 2.22277102e+00 2.09987336e+00
  3.61573511e+01 3.01977458e+01 1.22745520e+01]
 [2.89625529e+01 2.90316988e+01 1.00898139e+01 7.58987477e+00
  6.20714323e+00 4.85267247e+00 7.98820285e+00 8.13315530e+00
  9.41979213e+00 1.09099521e+01 3.74825208e+00 4.90393005e+00
  2.15728877e+00 1.74969608e+00 4.66228385e+00 4.27297632e+00
  3.12709898e+00 1.86462772e-29 3.29783034e+00 9.82044947e+00
  3.91107622e+00 4.48217106e+00 5.06244308e+00 3.89814270e+00
  1.22775840e+01 8.88898941e+00 2.12694616e+01 6.68432100e+00
  1.33588610e+00 1.76395096e+00 1.83578250e+00 1.41798946e+00
  2.55459334e+01 3.08016001e+01 1.36942459e+01]
 [2.82873977e+01 2.29838384e+01 9.21063694e+00 8.63858381e+00
  4.62657955e+00 3.47932329e+00 5.99004258e+00 7.63383617e+00
  1.04102407e+01 9.35597136e+00 7.08251565e+00 4.11412145e+00
  2.64765509e+00 1.48754554e+00 3.78992179e+00 3.58405688e+00
  2.83727824e+00 3.30755106e-29 2.60684828e+00 1.00216157e+01
  9.18187258e+00 3.14673695e+00 3.10413411e+00 3.47364780e+00
  2.99407701e+01 8.10751907e+00 1.87621013e+01 7.38763214e+00
  1.33722161e+00 1.06687899e+00 1.33501313e+00 1.02693014e+00
  8.77931624e+00 1.18149427e+01 7.37459953e+00]
 [7.22594818e+00 7.96517103e+00 9.67329889e+00 9.18296494e+00
  9.11469030e+00 9.01465852e+00 1.01180760e+01 1.37535390e+01
  1.15226448e+01 1.37726551e+01 4.74582235e+00 5.85404040e+00
  6.82002835e+00 4.69306374e+00 7.14008787e+00 6.91849335e+00
  2.90769281e+00 3.74638837e-29 4.71610615e+00 1.17615229e+01
  6.69558328e+00 6.57353977e+00 7.49341517e+00 7.32194271e+00
  6.15807754e+00 8.14964677e+00 7.31851907e+00 4.52528040e+00
  2.13987205e+00 2.05533893e+00 3.40384063e+00 3.01497218e+00
  4.11085412e+00 3.80807245e+00 2.62527217e+00]
 [2.42557922e+01 3.08890266e+01 8.83871918e+00 1.31958226e+01
  9.63587385e+00 2.25180252e+01 1.04794121e+01 1.08260132e+01
  1.71666069e+01 1.37709245e+01 5.42563869e+00 6.18073256e+00
  3.72380312e+00 3.63895116e+00 7.24454005e+00 6.64101873e+00
  4.23768445e+00 2.00327786e-30 4.23274617e+00 1.39350609e+01
  8.29147439e+00 7.56366592e+00 7.34350379e+00 8.11133814e+00
  1.04205630e+01 1.65721328e+01 2.50968620e+01 8.12580953e+00
  2.72055765e+00 2.25730858e+00 2.67333193e+00 2.09380849e+00
  2.58630947e+01 3.09249287e+01 4.55553574e+00]
 [1.68909799e+01 2.26732552e+01 1.81345197e+01 1.96508400e+01
  1.52847214e+01 1.41131031e+01 1.84206758e+01 1.75150599e+01
  2.17330776e+01 2.22724920e+01 1.01404054e+01 1.15315821e+01
  6.16486142e+00 4.89830561e+00 1.14003506e+01 9.61926027e+00
  6.36712152e+00 1.76113629e-29 7.58537983e+00 2.12342788e+01
  1.34652990e+01 1.25417027e+01 1.21010704e+01 1.08666431e+01
  1.70921908e+01 1.79440243e+01 1.76658101e+01 1.00763354e+01
  3.77396392e+00 3.71453962e+00 4.76787498e+00 3.02050091e+00
  1.28052343e+01 1.73988562e+01 3.95731477e+01]
 [1.60774682e+02 1.90547077e+02 2.16053944e+01 2.94599651e+01
  1.79777706e+01 1.65986715e+01 2.43632236e+01 2.25944894e+01
  2.78741338e+01 2.75451572e+01 1.64246880e+01 1.60917906e+01
  5.71337003e+00 5.48254602e+00 1.40211578e+01 1.16236463e+01
  1.29856664e+01 2.68458095e-29 8.19046929e+00 2.44768321e+01
  1.23747360e+01 1.11076291e+01 1.38053267e+01 1.29921215e+01
  4.51844018e+01 6.04689145e+01 1.25036045e+02 3.04557966e+01
  5.19280504e+00 4.84794369e+00 4.79538203e+00 3.71974104e+00
  2.17176974e+02 1.27467873e+02 1.43646136e+01]
 [4.46832838e+01 5.67443365e+01 9.17153300e+00 1.01801225e+01
  9.36440909e+00 6.61889831e+00 1.40731439e+01 1.37343084e+01
  1.96323378e+01 2.01438456e+01 4.81136333e+00 6.63379483e+00
  2.96325975e+00 2.41269723e+00 8.32304453e+00 6.96039643e+00
  4.86936792e+00 4.82118623e-28 4.32541997e+00 1.79528453e+01
  4.83944003e+00 4.76519086e+00 7.54543386e+00 5.91820690e+00
  1.59541739e+01 3.56424757e+01 4.64599614e+01 1.41742362e+01
  2.13767296e+00 2.23399948e+00 3.12610061e+00 1.75529286e+00
  5.11210815e+01 3.77648397e+01 1.64189275e+01]
 [3.72012360e+01 3.90143756e+01 7.63712911e+00 5.24549380e+00
  4.77112749e+00 4.52999904e+00 6.50244393e+00 7.71570648e+00
  1.22291326e+01 1.20145269e+01 5.58849862e+00 4.52927060e+00
  1.39656414e+00 1.61132292e+00 3.92715519e+00 4.15785395e+00
  3.99889535e+00 3.04219197e-30 2.50255984e+00 1.08749521e+01
  4.23487586e+00 3.75139845e+00 3.72353153e+00 4.60338433e+00
  1.39880827e+01 1.33089003e+01 3.57122102e+01 1.17065618e+01
  1.45802493e+00 1.14147640e+00 1.33139463e+00 1.33121562e+00
  2.62340871e+01 2.40606110e+01 9.25997411e+00]
 [9.91181784e+00 4.00528533e+01 9.60063172e+00 1.00479757e+01
  1.51058917e+01 1.42851772e+01 7.96594189e+00 7.41911820e+00
  1.14975158e+01 1.09146732e+01 1.01131899e+01 1.61909167e+01
  2.96841851e+00 3.19151618e+00 5.01903315e+00 4.98332928e+00
  1.93998427e+00 1.23641939e-29 2.73792512e+00 1.22535336e+01
  1.29664741e+01 7.63643906e+00 6.71734158e+00 7.01660017e+00
  6.20327060e+01 3.61584118e+01 1.88265470e+01 5.01580445e+00
  1.57013265e+00 1.26122937e+00 1.89574344e+00 1.58872562e+00
  1.43467853e+01 1.02431950e+01 7.10465034e+00]
 [4.19009604e+01 4.68594700e+01 9.34462852e+00 1.25712989e+01
  1.38253800e+01 2.22828938e+01 1.32792349e+01 1.52145454e+01
  1.81418949e+01 1.97122862e+01 5.18256183e+00 6.82722654e+00
  4.37042308e+00 5.91098386e+00 1.04728103e+01 1.09753884e+01
  4.18105073e+00 2.78317336e-29 7.16131659e+00 1.74475150e+01
  7.17546688e+00 6.80557455e+00 1.01916575e+01 1.53203771e+01
  1.10881516e+01 1.39305155e+01 2.82016853e+01 1.09567159e+01
  2.48753892e+00 2.43524356e+00 4.84290486e+00 4.42259024e+00
  2.41204666e+01 1.71945602e+01 1.36523222e+01]
 [7.77209142e+00 1.13882484e+01 6.77793454e+00 5.79040042e+00
  7.21881348e+00 8.78826199e+00 5.87994804e+00 6.22457163e+00
  6.48393110e+00 6.96962073e+00 2.79908955e+00 3.05868864e+00
  1.40462492e+00 1.32262352e+00 2.94555840e+00 3.05991829e+00
  1.87273369e+00 1.94756594e-29 2.13451795e+00 6.43229343e+00
  3.84177125e+00 3.76596897e+00 3.42189240e+00 3.41756514e+00
  4.76411497e+00 6.67892397e+00 8.55339166e+00 3.55620011e+00
  1.02152260e+00 1.16138482e+00 1.28592974e+00 1.03142424e+00
  2.30734709e+00 5.04680429e+00 1.27829538e+01]
 [3.98216146e+01 4.98401502e+01 1.97394873e+01 2.13499730e+01
  3.51454789e+01 2.74928861e+01 2.83733354e+01 2.57761047e+01
  3.86047382e+01 3.57900277e+01 1.51716044e+01 1.82052389e+01
  1.38505344e+01 1.51050040e+01 2.03964868e+01 1.84452560e+01
  1.43181809e+01 2.03795436e-29 1.49191590e+01 3.47335835e+01
  1.53123631e+01 1.64322778e+01 2.00419668e+01 1.83056327e+01
  2.25181123e+01 2.80821905e+01 4.06840711e+01 2.08451062e+01
  1.17177679e+01 1.21083904e+01 1.30905354e+01 1.15697318e+01
  1.49046422e+01 9.09648863e+00 1.47519834e+02]]