[[8.58290037e+02 2.15054598e+03 2.35647547e+02 2.33868415e+02
  4.15700201e+02 9.43185670e+02 5.03524332e+01 4.14940485e+01
  3.50058288e+01 2.83249529e+01 6.22317172e+01 4.52275667e+01
  3.11670994e+01 1.36889397e+01 1.58000919e+01 1.29589240e+01
  6.50765644e+01 3.36867023e-28 1.23221783e+01 3.33720826e+01
  3.01891060e+02 6.51281125e+01 3.39848921e+01 3.53073586e+01
  9.77543362e+02 1.28369739e+03 8.31310246e+02 6.01548856e+01
  9.09475335e+00 1.53195264e+01 6.33643093e+00 4.50046580e+00
  9.84056814e+02 1.87597523e+03 2.06777796e+02]
 [4.09873425e+03 5.06391627e+03 2.72895351e+02 4.47054271e+02
  7.99954274e+01 4.84210419e+01 8.17064081e+01 8.80386834e+01
  1.30699206e+02 1.36523697e+02 1.84659755e+02 2.57237746e+02
  1.83323995e+01 1.50038771e+01 4.84642631e+01 5.16028273e+01
  2.02198636e+02 2.99760754e-28 4.12889879e+01 1.42057355e+02
  7.88450580e+01 8.57911498e+01 4.76928760e+01 3.84656020e+01
  1.09117750e+03 1.80083250e+03 3.84542886e+03 1.39371389e+03
  3.76812237e+01 2.80701820e+01 1.84748889e+01 1.66919867e+01
  2.44997749e+03 3.41360754e+03 6.80003480e+00]
 [1.26120295e+02 1.66849056e+02 2.20213927e+02 1.03127054e+02
  3.14495238e+01 2.33042686e+01 1.74635981e+01 8.14563873e+01
  2.51540584e+01 2.58014689e+01 1.33550305e+02 2.30913191e+01
  6.01818217e+00 5.13248649e+00 9.44376872e+00 1.20218476e+01
  1.47097114e+01 4.99961732e-28 9.84194219e+00 2.47987823e+01
  2.38450550e+01 1.72324466e+01 1.23373904e+01 1.24966561e+01
  8.39468062e+01 1.24372432e+02 1.07807359e+02 1.97130861e+02
  6.72279829e+00 6.61307607e+00 4.36870523e+00 4.91103918e+00
  2.52105493e+02 6.04424552e+01 9.63503261e+00]
 [5.27284996e+02 3.15523887e+02 1.80848210e+02 1.49021993e+02
  3.64156759e+01 2.88298967e+01 3.46530612e+01 5.37472422e+01
  5.59452427e+01 5.18429919e+01 4.55487893e+01 4.07121010e+01
  7.79127916e+00 6.60311283e+00 1.81685008e+01 2.88973837e+01
  3.54197493e+01 7.81682488e-29 1.56027673e+01 4.39417593e+01
  3.21812855e+01 2.23838668e+01 1.70806793e+01 2.22961870e+01
  2.74953123e+02 1.73546611e+02 3.19978377e+02 1.92670902e+02
  1.35429705e+01 6.96242696e+00 5.27080468e+00 6.95693946e+00
  1.33844700e+03 1.01236900e+03 5.82483394e+00]
 [2.07071320e+02 1.89820895e+02 1.61449546e+02 1.48723153e+02
  4.70108875e+01 3.89110578e+01 3.00524274e+01 3.21823910e+01
  3.79488076e+01 3.80787087e+01 4.10816879e+01 4.42859052e+01
  1.50839436e+01 1.03631308e+01 1.60233807e+01 1.99077665e+01
  3.09258619e+01 6.36570283e-29 1.12024667e+01 3.38295102e+01
  4.86384791e+01 4.28028111e+01 2.33331334e+01 1.95959451e+01
  1.04882892e+02 1.01758469e+02 1.70808321e+02 7.24450807e+01
  1.42972857e+01 1.04115326e+01 4.27441655e+00 7.93380264e+00
  1.21680941e+02 1.28222732e+02 2.56222341e+01]
 [3.52671591e+01 1.12625555e+02 1.13752727e+02 3.92796281e+01
  3.62534381e+01 1.86165264e+01 2.65783814e+01 1.89545828e+01
  2.76310930e+01 2.16187497e+01 1.34890722e+01 9.22219623e+00
  7.50414381e+00 5.94191391e+00 1.60169496e+01 1.20265156e+01
  5.92827511e+00 9.36436973e-29 7.43134987e+00 2.31773002e+01
  2.93627327e+01 1.43217412e+01 1.55125835e+01 1.16475791e+01
  1.39600770e+02 6.95616174e+01 3.84210420e+01 1.58526336e+01
  5.55613850e+00 3.50305360e+00 4.35687778e+00 4.74900514e+00
  3.03112560e+02 7.86284109e+01 1.89884540e+01]
 [2.39396784e+02 5.67486270e+02 4.75949504e+02 7.36722067e+02
  2.00559462e+02 9.56797442e+01 1.22387817e+02 5.13972385e+01
  8.37901411e+01 7.05361456e+01 4.41501013e+01 1.44505857e+02
  4.46504809e+01 3.56330115e+01 5.08931107e+01 3.06365079e+01
  2.86321631e+01 2.42079709e-28 2.50519472e+01 7.17180996e+01
  5.59195105e+02 1.46982446e+02 8.59838601e+01 5.18057346e+01
  1.81837209e+02 4.04612885e+02 3.09184124e+02 8.60293418e+01
  2.27562132e+01 2.56047944e+01 1.89248554e+01 1.09122056e+01
  1.87250713e+03 4.93090506e+02 3.53534076e+02]
 [1.34148591e+02 1.02017294e+02 3.28355716e+03 6.95873448e+01
  5.52403903e+01 5.78165197e+01 3.26560909e+01 3.63114422e+01
  4.36468210e+01 4.53183138e+01 3.31670683e+01 4.24327334e+01
  1.98622318e+01 1.80609274e+01 2.16836723e+01 2.64764555e+01
  2.01113316e+01 1.70473884e-28 1.94658846e+01 4.10383754e+01
  9.05636265e+01 8.52200628e+01 2.94790963e+01 3.40450111e+01
  9.57836035e+01 6.12864380e+01 1.00136321e+02 6.14504705e+01
  1.20914112e+01 1.46811344e+01 9.66579085e+00 1.02054357e+01
  8.98771913e+02 2.85543553e+02 4.58612504e+01]
 [1.88754979e+02 2.05132331e+02 2.88628204e+01 8.01870181e+01
  2.66917052e+01 2.62600563e+01 4.07580236e+01 4.13231304e+01
  4.90333862e+01 5.51542893e+01 1.44434194e+01 2.04223098e+01
  9.10502241e+00 6.60823658e+00 2.42825670e+01 1.97528414e+01
  2.65812640e+01 4.23359220e-28 1.47607878e+01 5.56093779e+01
  1.89434683e+01 2.20682054e+01 2.48311960e+01 1.97419419e+01
  4.25042451e+01 1.19937066e+02 1.41606004e+02 4.06676746e+01
  7.13916529e+00 8.39860261e+00 7.83802917e+00 5.59781786e+00
  1.51011531e+02 4.45253595e+02 1.38531772e+02]
 [3.03737729e+02 2.79876286e+02 7.51638476e+01 2.32338590e+02
  4.90028363e+01 3.96728034e+01 7.25966089e+01 4.24060298e+02
  7.19979635e+01 2.59293577e+02 5.54575279e+01 1.23126448e+03
  1.74273635e+01 1.56333337e+01 5.20065815e+01 3.01365449e+01
  2.65115743e+01 6.19265188e-27 3.25885488e+01 4.32818143e+02
  1.52756634e+02 3.75273258e+02 1.13895541e+02 1.65283718e+02
  1.64222280e+02 1.05629530e+03 2.34849456e+02 5.71449518e+01
  1.11410953e+01 3.24267848e+01 8.40335347e+00 7.40821873e+00
  2.48057006e+02 1.49776355e+02 3.58213958e+01]
 [3.18744394e+01 3.27359882e+01 4.62957814e+01 3.95378104e+01
  3.68169856e+01 2.72209644e+01 2.45241944e+01 2.34397465e+01
  2.47855583e+01 2.37413635e+01 1.68555262e+01 1.90271459e+01
  7.20798226e+00 8.32630022e+00 1.44690217e+01 1.28388526e+01
  1.32201721e+01 1.03034107e-28 7.67051704e+00 2.35876295e+01
  2.62131701e+01 2.10055224e+01 1.82198175e+01 1.68385442e+01
  2.56496875e+01 2.80015933e+01 3.41068662e+01 2.07944321e+01
  6.38613736e+00 5.87662212e+00 4.77467236e+00 6.01148023e+00
  3.49506135e+01 1.32988655e+01 9.17305390e+00]
 [1.19056635e+02 2.03441606e+02 4.27449214e+02 5.45662853e+02
  1.34983298e+02 1.05440030e+02 5.04551208e+01 3.59980654e+01
  4.26678908e+01 3.79754073e+01 3.83442530e+01 8.70092867e+01
  2.66827018e+01 1.82301915e+01 2.80529058e+01 1.71077902e+01
  2.37608962e+01 2.93272221e-29 1.23110644e+01 3.41336414e+01
  1.31765424e+02 1.19623945e+02 6.05458509e+01 4.15583016e+01
  4.75417551e+01 1.50968675e+02 1.56409917e+02 4.52503814e+01
  9.52925235e+00 1.70003986e+01 8.72996638e+00 6.29246986e+00
  7.77751244e+02 2.88250077e+02 1.93372606e+01]
 [6.55812094e+01 1.03501474e+02 9.95793558e+01 1.50878722e+02
  7.09881197e+01 2.99045939e+01 2.76082121e+01 1.60203371e+01
  2.19589578e+01 1.78053344e+01 2.08350754e+01 2.52373176e+01
  1.22720619e+01 7.30087184e+00 1.50258471e+01 7.23468453e+00
  8.67521658e+00 2.80980294e-28 8.48932402e+00 2.04117751e+01
  3.30806909e+01 3.82071930e+01 2.26842849e+01 1.26069821e+01
  5.80314901e+01 6.11512609e+01 6.64788444e+01 1.75534114e+01
  5.42821908e+00 5.64615370e+00 5.40033803e+00 2.18151489e+00
  5.82074265e+02 4.75892200e+02 1.85626843e+02]
 [3.59803161e+03 4.46588068e+03 3.52416293e+02 8.59136308e+02
  1.32991350e+02 9.51636566e+01 1.04519727e+02 7.35412364e+01
  1.03020581e+02 8.54697472e+01 1.87910277e+02 3.04452693e+02
  2.20342162e+01 2.51278786e+01 6.21467426e+01 3.20577832e+01
  2.10062167e+02 3.43258401e-28 4.41013720e+01 9.17417722e+01
  1.04825526e+02 1.35318941e+02 7.04841431e+01 4.27815377e+01
  7.59932695e+02 1.25710588e+03 2.95312795e+03 6.14518621e+02
  4.10496837e+01 5.76318548e+01 2.17555175e+01 1.00008347e+01
  5.54972131e+03 3.29935061e+03 9.31601424e+01]
 [1.06754146e+03 7.83805114e+02 5.66148041e+02 2.55538116e+02
  5.48984126e+01 3.99430915e+01 5.05919607e+01 5.52047415e+01
  7.45545672e+01 7.52831347e+01 2.96643017e+01 6.29321811e+01
  1.15377842e+01 1.02115636e+01 3.38449184e+01 2.82593501e+01
  2.47428044e+01 4.74339048e-27 2.20442728e+01 6.49546782e+01
  4.15848268e+01 4.12487284e+01 2.82436699e+01 2.33727340e+01
  8.76695179e+02 9.74944242e+02 1.90390216e+03 8.46304542e+02
  9.28073984e+00 1.04578018e+01 1.29128714e+01 6.61919962e+00
  5.11662989e+03 1.54218638e+03 1.00821258e+02]
 [1.89088054e+03 1.56703074e+03 4.03737909e+02 7.36465970e+01
  4.82766137e+01 7.70170395e+01 4.98550696e+01 8.71299907e+01
  1.08898007e+02 1.22761540e+02 2.13567551e+02 5.52338688e+01
  1.62186147e+01 1.61919805e+01 3.70377276e+01 4.90821256e+01
  1.27124615e+02 3.84892813e-29 3.95513995e+01 1.13000043e+02
  9.51394448e+01 5.78337871e+01 2.58822520e+01 1.12514553e+02
  6.93349230e+02 3.20069437e+02 1.62017035e+03 4.55624668e+02
  4.08369391e+01 1.11545921e+01 1.28727911e+01 1.84364671e+01
  1.46939534e+03 1.38677975e+03 9.86142175e+01]
 [3.41807130e+01 5.44705498e+01 3.47235633e+01 3.75435721e+01
  2.23905362e+01 2.32788331e+01 2.62468908e+01 3.13941422e+01
  3.30008721e+01 3.49126872e+01 1.18070816e+01 1.37222678e+01
  9.92551721e+00 1.21460317e+01 1.76704869e+01 1.39195942e+01
  1.11515937e+01 1.36322489e-29 1.11986175e+01 3.17944657e+01
  1.65138643e+01 1.87572419e+01 1.77936510e+01 1.93626722e+01
  2.50859591e+01 3.70574221e+01 3.17685494e+01 1.24528354e+01
  6.41336168e+00 5.30404357e+00 8.59566215e+00 7.41686889e+00
  2.58758903e+01 5.18296942e+01 2.22935236e+01]
 [9.65632765e+02 7.95226760e+02 2.29469023e+02 1.33998795e+02
  5.61433675e+01 7.15077990e+01 2.65492442e+01 4.28093393e+01
  4.92515742e+01 6.20182191e+01 5.99018404e+01 3.70353882e+01
  1.07063561e+01 1.40035784e+01 1.89911806e+01 2.16844645e+01
  3.45362718e+01 1.58182591e-28 1.82161516e+01 5.45349620e+01
  5.26419118e+01 4.07942770e+01 1.80088851e+01 3.32057568e+01
  2.23462643e+02 1.49828169e+02 5.08673236e+02 1.40858934e+02
  1.52630985e+01 1.01144899e+01 7.70668478e+00 9.67941545e+00
  1.67852762e+02 8.32103616e+02 1.06745748e+02]
 [1.28465098e+02 1.51066475e+02 1.48425331e+02 9.14390233e+01
  3.59617599e+01 4.54697730e+01 2.51072381e+01 3.00100986e+01
  3.28018320e+01 3.57761098e+01 4.28430551e+01 2.49050759e+01
  1.09153822e+01 7.91260392e+00 1.20077498e+01 1.48712906e+01
  1.70540959e+01 1.10194312e-28 1.09174178e+01 3.58519152e+01
  4.34870475e+01 3.60557724e+01 2.11326755e+01 2.72099585e+01
  8.92698780e+01 4.79820502e+01 1.10635230e+02 4.43276176e+01
  9.71596983e+00 6.96503813e+00 5.25475131e+00 1.07393742e+01
  2.74868032e+01 1.58028007e+02 4.26441613e+01]
 [5.07572130e+02 4.93996728e+02 2.44646665e+03 1.06367976e+03
  2.48446213e+03 7.66678261e+02 5.00745451e+02 3.70412950e+02
  3.39448154e+02 3.04050552e+02 2.71463724e+02 2.29147891e+02
  2.27336594e+02 9.71730222e+01 2.15231798e+02 1.78398764e+02
  3.24849466e+02 2.10827215e-27 7.79831934e+01 3.46708343e+02
  1.48252553e+03 4.57435745e+02 3.44666668e+02 5.17579916e+02
  4.83901983e+03 1.95521849e+03 2.63616319e+02 3.57436501e+02
  7.11808500e+01 1.53379920e+02 6.42899823e+01 5.10700611e+01
  5.07212278e+03 1.42967927e+03 3.57679658e+02]]