[[ 1.38913262  0.64495868  6.81361996  6.25009048  6.61801203  4.00270143
  47.53811017 69.62180497 54.56583945 56.82227127  6.48397657  8.15878625
  13.83055403 18.25941935 48.70954174 58.24159943  2.83058764 36.93068737
  35.68211224 50.70503679  3.8415021  13.79338578 35.77823379 45.10387996
   0.78037958  0.73357938  1.27413588  4.89847519 10.63904363  5.95722127
  34.16343856 35.96782686  0.88104573  0.50155977  3.51015468]
 [ 0.22027038  0.21002679  3.08476378  1.6907533   7.19106858  7.32114053
   9.59921143  7.34178547  9.35718863  6.36144144  1.77163513  1.7156401
  29.87830569 17.74950592 15.48511161  6.98179434  0.99141758  7.89364225
   6.93909538  6.80168281  5.40721748  4.31140279 17.53407665  8.63259189
   0.48457993  0.40292441  0.23385896  0.31961671  3.60297703  4.72698565
  19.5216617   8.20376574  0.50864668  0.28531595  9.04928865]
 [ 7.5883504   6.20263741  3.41134481  5.00068609 12.99164947 16.49029301
  23.17674953 10.43486519 32.47437228 28.74229286  2.83781672  8.07597277
  29.33540967 30.56838075 39.57831439 30.5578564  12.75086749 11.51031043
  30.71445716 28.37394406 11.48637696  8.69076991 30.22472691 29.90147737
   6.92226361  5.7915156   7.9167247   2.97763368 13.02251568 13.69182976
  47.65488704 28.48631589  1.53611575  3.11900413  6.14461324]
 [ 6.42414043 11.42549017 11.65320431 13.92582134 22.08322356 18.3503548
  36.92276955 41.89820361 41.25137834 43.91181297 11.2902076  10.46906724
  25.27287849 33.38230954 39.14860165 40.59172532 14.22310452 18.87870197
  41.07709335 41.63907076 23.1826012  18.84468925 35.20477713 36.42590124
   7.85594989  9.63699429 10.9745622   9.58611202 15.90962923 17.7559049
  41.74056709 36.51873105  3.74279792  4.33056456 19.84849917]
 [ 6.62407662  7.16207029  4.97911052  5.32005764  9.03589905 11.64609936
  22.43038143 21.78899351 21.88191138 20.16029208  6.8732054   6.64986538
  14.91810528 18.73836302 28.39218145 22.6058325   9.47980176  5.14516873
  24.4896505  21.09095423  7.23975184  8.83769902 17.82270469 18.2901442
   5.08986346  4.47859787  6.65602463  7.27173162  9.3621113   9.74285815
  34.53004103 21.75271653  4.61037263  4.80439807  8.79222763]
 [10.92026304  4.72444381  3.54881135  7.16103733  7.5926165  12.36398409
  11.22383079 15.61782432 12.41187818 12.92788959  8.01472309 10.66460548
  12.80381672 19.07597667 12.3953998  16.20623127  9.59819181  6.2792261
  17.33253535 12.27577874  7.21694145 12.18565229 10.8029796  17.20583182
   2.24857928  2.93138493 11.11693971  8.01954739  8.87305581 10.97628477
  15.62543903 13.18321536  1.64367211  3.14162827  8.80638444]
 [10.43073371  4.74531426  2.98391993  1.89295133  7.65430649 13.06073509
  18.92987867 34.09017641 37.42845589 45.42032014 10.67384388  3.98185759
  10.32493785 12.22646826 23.31543598 39.2311308  10.2735492  16.31555123
  38.49445525 41.66236856  2.08930636  5.38784893 13.43322691 21.57651998
   6.63295891  3.10992038  7.64639667  8.53124241 10.98795526  8.16843053
  21.9607809  32.71507843  2.53447197  7.74476858 12.09509324]
 [ 7.90353929  8.09491458  0.33076585  6.05463204  6.21959427  6.22573488
  17.99278175 18.76512732 19.13170114 16.842253    7.21790435  6.13130533
   9.15412725 10.08909415 22.11550406 22.42617796 10.84574109 14.89818997
  18.83850004 18.48675468  3.65481833  3.82258056 10.72432603 10.57458243
   6.64282684  6.99428239  7.76389829  7.47223706 10.01275242  7.43846197
  22.57230228 20.59563309  1.94791631  2.85071802  7.44415867]
 [18.3769941  15.96141742 18.53666486 11.31635726 26.9669131  26.969819
  28.59476404 33.87789341 28.50302164 28.65076216 23.91857673 18.65058837
  23.49103136 26.25122136 27.77725336 33.29477504 15.81660027  5.93222566
  35.13673287 25.02744873 22.64571046 18.15598392 24.0944501  29.06334712
  17.93406351 10.00178008 18.57947874 19.68656548 21.29305431 16.27322938
  27.93952095 33.08527487 17.09205553  8.72589764 11.42008972]
 [ 4.20340605  4.53730712  6.53892299  2.49422232 10.70286647 13.31149115
  29.60311826  9.92953507 48.17916237 22.82584814  4.94875775  0.42081989
   9.81150423 12.76121922 34.60136367 47.53580088  9.99610357  1.39748371
  40.25930278 13.35986768  2.57872518  0.92815692  9.50567611  7.55690081
   4.01923235  0.79060624  5.00103468  8.18983873 10.93320062  3.97107439
  37.97531744 38.55973369  2.29477931  2.84429459  6.23092376]
 [20.42312484 20.01615016 20.89633227 21.18700345 33.46332092 31.48710795
  45.19822739 38.63646729 31.98064336 34.94323287 19.46748966 16.38902531
  35.08250135 28.62189473 32.51881477 37.55447278 16.58505409 29.59564726
  36.43993288 32.03402882 24.52524134 23.57879794 36.4089608  31.21720418
  18.25527781 18.95118054 18.88004322 16.95559697 20.09730572 19.1561487
  30.8383003  27.08449603  6.22574803 12.65536146 19.87431803]
 [ 6.34563525  5.42641868  2.00064505  2.40419138  5.227776    6.97983638
  11.34924015 13.71816661 15.96645147 15.84252127  6.70978101  4.60649224
   8.00052009 10.10195562 12.0796481  14.48879178  7.92930207  3.75217686
  14.15470148 16.10108649  4.22556604  5.37967716  7.99172423 10.18051117
   7.11115892  4.34694533  5.90650191  7.32021415 11.12387785  6.83006476
  12.93309081 13.55630906  2.09173408  3.58749746  7.89422677]
 [10.4033482   8.43566675  7.20462664  5.13559194  9.79224544 15.88635884
  21.24872485 27.95056561 27.28067455 26.00395431 12.60081954 12.27219498
  16.23747736 20.40805149 23.74858209 30.56300337 16.52827401  6.17585404
  26.25702628 24.10008752 10.47189012 10.62865443 17.7602439  23.7431107
   8.86189535  8.65476627 10.12377955 14.96029507 16.53139738 16.30629536
  25.28287139 28.54449343  1.36895953  1.34768841 10.74418249]
 [ 1.87804863  1.69187707  7.16695535  3.40932667 14.39362116 18.58329822
  27.90065667 31.28737123 27.42408003 30.72496403  7.43923325  5.10906541
  22.34792526 16.80206272 29.34465296 30.52428856  5.97995549 10.54778044
  23.51515168 25.60242235 12.8710588  10.50165128 21.96804193 24.54380631
   3.49789898  2.44906448  1.96351851  3.69831884 11.5792999   8.50675717
  26.545986   28.3502854   1.6481299   1.56937215  7.39628717]
 [10.40857524 16.69044001  6.13841362 14.04225509 28.70799267 30.1308036
  46.65579202 48.17107794 50.67212361 50.58584978 31.87473467 25.71347652
  40.560392   32.6283269  51.95594932 55.10563565 40.54934487 29.02498866
  55.466408   49.64780968 26.42147323 27.23317174 43.40492542 40.85722674
   6.0951859  10.12870423  6.68039811  5.85617619 37.09992638 38.19409908
  53.02939345 54.41178896  1.73761734  4.33014522 13.42543953]
 [ 2.5997971   3.07816139  2.23717325  7.76339406 11.36459012  9.7217338
  25.46224643 26.51459749 33.29782278 29.63809779  3.01144576  7.95343778
   9.38909173 12.55090365 22.20709977 20.74782934  4.42633963 17.8107906
  13.33838341 27.80418677  4.58638416  6.98995059 19.23311963  9.41631725
   2.73698238  5.46834697  2.7466505   3.52041614  4.52090738  9.69186853
  15.48177489 12.80129864  2.13512639  2.26269433  6.90378749]
 [10.30072252  5.75452554 11.39362572  9.86479819 18.52148524 14.28571751
  29.84822446 20.73912424 32.90993921 26.53605533  9.09155377  7.61768977
  21.09466738 14.30443354 34.97365125 28.93145565  9.45982668  9.79208669
  30.53652656 30.74797348 11.75943592 11.36848564 28.67860919 19.09871592
   5.50055363  5.09269448  8.03472654 10.29236055 11.96262502 11.68606216
  29.75604724 23.50212235  7.37807777  4.69212171  7.44857282]
 [ 3.68923458  4.54575638  4.00706611  5.61038578 13.04810701 11.94136908
  23.2404014  23.41282016 22.17536018 21.11767165  7.46802187 11.1022387
  27.61811281 31.62341844 27.77657823 31.79432894 10.81202831 13.05564383
  28.7456475  19.23344068  9.41556624 10.21883653 24.26881626 21.33337087
   4.65081582  6.78480693  4.64388167  6.40542986 13.60116921 15.44498847
  32.39109544 39.49575463  9.85178907  1.96016885  7.35439633]
 [ 9.3206957   8.14928132  5.69497539  6.6546079  17.46207196  9.29411405
  24.26176755 17.90916081 34.95936258 29.6167226   8.66911785 10.77637628
  16.24418805 13.21651425 36.39352916 27.93396249 11.74321591 15.18284
  39.29620269 32.68279638 11.10772731  8.546579   23.11086393 12.57084035
   7.50336836 10.77734697  9.06745192 10.06191262 11.76335134 14.71105962
  35.1236622  19.31750386  9.6806119   2.45274051 12.10506695]
 [ 4.48203154  6.11318851  0.50701773  1.19810677  0.75483079  1.68217568
   5.09432289  6.69513149 10.5849443  11.8445334   2.26954224  3.29801605
   4.37914791  9.35873775  9.13542305  8.5794659   1.82048051  1.23098913
  12.17495998 10.13116338  0.65632851  1.96072756  5.6718351   2.74719995
   0.26127677  0.85240735  7.58840701  2.65663437  4.92173205  2.85767388
  11.50961163  9.6436381   0.27863491  0.7076427   7.47829256]]