[[ 0.6495323   0.50890386  2.6992207   2.19636663  1.72342344  0.77618892
   6.16931188  4.9451653   6.71810075  6.94413029  6.21607938  5.21534839
   5.12980748  6.92342547  7.32636316  7.37306463  2.3439906   4.1415017
   8.13270334  6.87865188  2.85172015  4.40652489  6.85722395  5.3111328
   0.88618545  0.50503985  0.78334969  3.76115932  7.26053425  4.96297173
   7.9906913   8.3760648   1.1856299   0.42869996  2.69922475]
 [ 0.21102012  0.17244653  4.32963306  1.9012415   4.71809032  9.39465679
   3.77233312  3.97846032  3.02122252  2.90383082  2.6369388   3.714367
   4.66336024  8.89017851  3.99540992  4.00659521  0.81299915  4.59326005
   3.0001703   2.79845293  5.68932533  9.70150736  4.20343338  8.27429036
   0.69240103  0.62439404  0.17131025  0.26815096  2.99696107  4.46968192
   3.86023355  4.12268184  0.95475736  0.42801665  7.73095763]
 [10.98487962  9.98879093  4.53340559 13.76275009 17.12132298 19.02432025
  20.50601713  9.1545761  17.76097415 17.34031927  4.14791571 16.307497
  22.30524043 23.54635227 22.75236284 20.46451252 13.79990372 15.4740311
  21.66733176 17.7936504  15.43381127 33.74907835 21.24012959 20.44595483
  14.45893172 12.15638827 12.0050952   4.42145837 20.87940172 18.04527266
  20.37002725 21.16374038  3.22878092 10.69889578  9.82453752]
 [41.56672698 35.9769603  24.0972539  20.10827421 32.67958233 41.21091534
  20.21107467 14.9481715  17.30300681 15.80235833 41.87106334 40.41069349
  23.7329285  19.44648513 17.80788578 14.88625247 32.96160988 31.19566914
  17.79944183 17.31000189 19.81405071 37.63156038 19.5383168  19.0692932
  40.47454533 33.61225012 30.79264049 34.75807048 37.72439559 37.49883895
  17.58291804 18.75623161 26.08569098 20.65233918 19.76847009]
 [27.41320753 23.83686537 27.38551598 16.12680071 29.30204427 26.67949612
  18.68743984 18.91415746 17.68960787 17.38983815 30.91365862 27.18401204
  26.70297222 23.28427658 19.73612461 19.70681122 20.08897263 20.92205783
  19.47214425 17.73356264 23.48255783 19.03360914 23.94461627 22.30213107
  38.24218684 38.04157465 26.11848799 23.37185507 24.32781293 26.5140442
  22.3437594  18.42561292 21.05814655 20.88250457 19.54848202]
 [10.17062751  4.1425018   3.55732855  7.20684883  6.23136852  9.39175489
   8.36085711 11.37276343 10.08990632 10.26518291  9.38483987 10.38409749
  10.44530261 10.83327253  8.55259652  9.62882153  8.35578038  5.37808153
   9.68545416 10.15001393  7.67246328  9.5669174   8.98724684 10.33952955
   4.37021103  3.09585473  9.37721297  6.4136262   9.55732229 11.8245652
  12.07838789  9.20718066  2.33416527  4.05556461  9.45392432]
 [ 8.68262915  4.22980133  2.48461475  1.81337415  6.61320981 10.78629745
   9.40020565 13.41835944 11.61277623 11.40739436  9.3057702   5.44758695
  10.77168052 12.41730548 13.16052604 14.51757377  8.8631713   9.91429496
  13.92087505 12.09444443  1.89417516  5.8579753  10.23731158 13.408766
   4.96746367  3.00808882  6.37858526  6.45902793 12.77091202 12.36803738
  14.79262879 16.70181301  2.11689784  7.17899896 10.68061397]
 [13.79843329 12.28117179  1.10208102 23.06164557 37.24541964 38.145567
  14.27274705 15.46334693 14.28721712 16.36287153 13.00544247 17.76587294
  21.64753866 25.32445678 11.85026422 11.30589699  8.13289905 13.85374207
  10.99813567 15.67942641 13.3657479  17.44331161 19.44335233 21.88639416
   8.57523285 15.15447891 11.76968736 10.4477804   9.51972444 13.05669871
  10.72754059 10.47600834  3.55152199  8.39950652 15.1409186 ]
 [ 8.85115818  8.66385164 15.20060084  6.74928357 10.79403245  8.93420773
   9.31499548  8.31285164  9.30689298  9.53986795 12.16995024 12.7462756
  11.95513817 12.2047463   9.69765497  9.60194088  7.47605802  3.53647884
   9.87137072  9.13268614 10.50005774 11.56118001 10.39438385  9.23808528
  14.1634815   5.6246419   8.78215081  9.22494231 10.16218579 12.08187145
  11.2425655  10.93709048  9.45377101  4.86886298  6.85138513]
 [ 7.34330192  6.56113579  8.77599737  3.32229097  6.90283555  6.19755156
   4.89357426  1.55475739  5.85958808  2.58932967  9.46429044  0.3284017
  10.20905021  6.65867167  4.13643357  4.96685916  7.56736278  0.51886252
   4.07972571  1.911231    5.14536385  0.81147678  2.3201876   1.84618931
  12.8542925   0.74622796  6.32059085  9.09451241  8.30714047  2.9225043
   7.33318612  6.49916137  3.19216816  6.58228581 13.40166084]
 [11.85184725 12.4165724  10.945811   11.64832534 10.36987322 12.97578456
  11.72573906 16.2603997  15.94373961 17.2625568  14.22729287 15.55969574
  25.66498236 20.70809732 17.18769358 17.10079899 11.68154356 14.45796788
  19.00861498 16.77195977 12.4658332  14.10453298 14.20253805 16.26910824
  12.83934671 14.48840213 11.63538837 11.69434285 16.03061205 16.46983288
  22.70281417 19.82466208  8.80239176 15.28535459 15.12370367]
 [12.39032977 10.2473535   1.84452327  2.14283999  5.40026119 13.04484222
  11.27498279 13.42037886 16.20030593 14.54832179  9.37196826  5.45998821
   9.25744667 11.5085506  12.94016872 15.53949537  9.81007048  5.47838244
  14.11964064 15.6559287   4.98420358  4.94382834  8.11593431 10.83837231
  12.59762287  8.05618267 10.50209825 10.52037417 13.73685623  8.46022792
  13.99268815 14.20405111  2.92997738  8.05007299 13.78717138]
 [15.71138628 14.49587201 13.02789717 10.31116848 14.46491634 23.41238754
  25.79615622 30.28514512 28.00096772 31.34575744 24.73723491 24.06804477
  23.94961175 27.37533202 26.94859986 31.9628848  28.44824884  5.29446244
  28.44770622 29.81160788 22.00022852 19.98714048 24.28028427 29.34902057
  18.08648247 18.40745928 16.21309836 25.46756459 28.21475029 27.76885355
  28.52923536 33.06002749  2.05727936  3.38401839 13.88877723]
 [ 3.87649618  3.73340449  4.29596827  2.88983973  6.41910278  7.55882941
   8.1131446   8.36229448  9.96601901  9.88663865  5.74313654  3.9880111
   9.60559606  9.33643335  7.9144388  10.33242984  4.38385524  5.02348643
   7.38916583  9.75033265  6.13250584  5.13301508  7.57985278  9.69506994
   4.75527771  4.0448487   3.66604221  3.93683388  6.99945435  5.26632633
   7.832423   11.07771421  3.48181426  3.43508247 10.43265685]
 [ 3.42732736  5.19613336  1.45705727  3.09808404  8.37431165  8.09112399
   8.79291225  8.14793319  8.30204029  8.45124783  8.33895559  6.35254624
   9.80149254 10.28687352  7.55905588  7.14760128  8.35237995  5.97318116
   6.07101526  8.76110073  6.62592268  6.5054462   9.15003281  9.3554693
   1.64401656  3.03707308  2.16116792  1.52361844  9.95519696  8.97207631
   7.26824399  7.654734    0.95534175  2.20477719 10.23922607]
 [ 1.79591352  2.22677232  1.68872926  4.74759668  5.77877857  4.09833128
   6.16894195  4.86853722  5.53766203  5.29085008  2.3055376   5.65157358
   5.53200382  6.08613837  5.83592841  5.18160226  2.65701739  5.03069768
   4.44485502  5.29366376  3.50850076  4.563359    7.02507021  3.18156628
   1.82845539  3.40406881  1.99523904  2.26378785  2.95478124  6.42963851
   6.32605657  5.08867303  1.65811356  1.60142984  6.92138986]
 [14.95940992 29.8674478  14.09716935 14.66442552 22.35901801 23.56059087
  11.4027919  11.16413615 12.26804886 12.83672029 29.22839407 33.57906456
  13.09496328 14.13356438 10.46240112 13.81502572 10.71250556 30.12260195
  10.53695101 13.61626536 25.35222671 18.7986595  13.80363256 16.35065273
  45.40521093 33.4486851  24.39348086 18.74194869 12.97905159 13.34708702
  10.19283174 10.82592864 24.60405989 13.24305214 18.37307044]
 [ 3.71126848  4.79998464  3.48014706  6.84728678 13.37273082 15.77582662
  17.91778536 15.18058202 16.00375149 15.02921194  6.55860397 10.97738294
  15.50250595 14.95471886 18.65748732 17.21299308  7.99171335 10.63112368
  15.56765062 15.27626327  9.17082415 10.10826624 18.98657608 18.15443821
   4.16026004  6.76355127  4.54668257  5.92167107 10.11069493 12.76775235
  19.04956532 14.46564109  9.43314998  1.89410903  9.19727834]
 [ 4.53722988  5.58014649  3.64802608  4.75217743  9.25021827 10.72643109
   8.12581451  8.91177473  7.03349396  7.8381048   4.75531167  7.61341589
   6.94229792  8.87211132  7.42721787  7.93286959  6.34770178  7.92710984
   6.77364296  7.04004535  5.77477761  6.92442046  6.76138697  7.06090567
   4.13450837  8.72481748  5.61106004  5.41589473  6.62814369  8.85534118
   8.01846237  5.72697418  5.86277302  2.80844063 14.76758001]
 [ 6.40177541  7.79831256  0.78700508  1.88589433  1.36605539  3.28272297
   4.87144083  5.73254089  8.44956515  8.61386821  4.88894704  6.50272904
   5.19459579 10.79253889  7.33665536  7.90766122  3.96593199  0.93808951
  12.28091819  7.61844821  1.00292399  3.25896451  4.93427956  3.21070514
   0.45934152  1.38011731 10.6512485   5.05678163 11.72873169  6.60378951
  12.93207322 14.10497899  0.29092636  0.62192088 22.73149292]]