[[ 0.29352398  0.27772695  1.32566346  1.06871362  0.68232243  0.30445971
   1.98354418  0.77374943  1.17080538  1.14833739  3.30767284  2.24484945
   2.26694268  2.56435726  1.780633    1.2690915   0.82351739  1.00203476
   1.71591742  1.25022501  1.78225409  1.79105844  2.55375755  1.30465973
   0.51851369  0.24828249  0.39436248  1.5285639   2.47427716  1.83069361
   2.24862802  2.03852001  0.81309086  0.26910754  0.97061625]
 [ 0.1064626   0.09900469  2.4211395   0.90695161  2.04331185  6.52971309
   0.94917297  0.99855807  0.73177753  0.9863739   1.13576909  2.30046288
   1.44459103  4.82988364  0.86154276  0.98252069  0.28442833  2.02594904
   0.73650219  0.8317634   2.77025632  6.0859408   1.09432783  5.23372339
   0.38069251  0.34302274  0.09464993  0.13263577  0.8691761   1.86855333
   1.02935622  1.18720416  0.71415264  0.24072103  3.57859369]
 [ 4.15509895  4.24612205  1.13771307  5.49298201  3.79904524  3.97901233
   2.8334827   1.38421701  2.5722068   2.57111531  0.96133377  6.19828476
   2.85143586  3.96361082  2.70886262  2.56965668  3.84997811  2.54250335
   2.35454773  2.71147739  2.91559519 15.92105663  2.65207745  2.89086047
   7.16814655  5.71077186  4.76112435  1.93281416  2.93663623  3.31235576
   2.29969099  2.73879526  1.65475519  6.83509831  4.44598205]
 [30.68568285 25.21076851 13.25010917 10.68728804 18.03905404 22.78529582
   9.44421695  5.60587847  6.8272464   5.42658397 22.76520858 31.64619028
  10.37325858  7.86060535  6.62647007  4.88169374 21.14357604 17.41470504
   6.56710935  6.85461322 10.73810413 19.53089936  9.53293748  9.85084274
  24.74043399 27.85010731 22.28066032 24.61324465 18.17506759 24.82938621
   6.65688387  6.70023452 20.06066358 17.82327602 12.99064519]
 [11.44002798 10.76797893 13.20779072  6.47193556 25.05042442 22.60343405
   4.65236946  4.71817485  4.96206256  4.00545922 15.25570096 14.46584187
  10.87497392  6.47838883  4.84034566  4.08631831  7.08922268  9.75702472
   4.15567967  4.65703608 12.61830275  8.47546282 17.35169065 11.55298346
  21.24360643 20.79515194 10.53989155 12.04288333  8.65789304 10.17317581
   4.70159067  3.61724573 12.0397928  11.79290283  7.47533548]
 [ 4.0647888   1.69037953  1.79329954  2.93915804  2.05777654  2.57087012
   1.99143485  2.78609183  2.81893558  2.93565117  3.38127245  3.28164945
   3.13097767  3.26600166  2.06188191  2.4306184   2.46675563  2.56274527
   2.56864746  2.81444979  2.91343168  3.95424699  2.23392631  2.6017572
   2.66103323  1.089666    3.10307953  2.24051704  2.75936996  3.49654008
   3.29902571  2.65458186  1.47841348  2.28950587  3.72003158]
 [ 2.10099088  1.05353719  0.70976522  0.39926386  1.59754246  2.36116089
   1.37579219  1.93552922  2.21556258  1.80889226  1.94358472  0.95783195
   2.44932703  2.10424561  1.37689955  1.56973286  1.9505705   1.47298988
   1.32586274  2.16446059  0.41587121  1.05107015  1.38161582  1.98536052
   1.19850534  0.69301451  1.34986502  1.59505735  2.00787491  1.84784688
   1.58604167  1.94163415  0.7917773   2.12143482  4.80855179]
 [ 7.87016158  7.23343371  0.84672428 11.29109634 22.97896065 14.57534328
   6.32008787  5.83242324  5.13065214  9.53086483 10.50366984 13.36964911
  17.17931517 13.88650394  5.02630725  3.22948665  3.61200576  6.09900083
   3.1440609   7.41234437 14.05432924 10.04802738 24.51906139 12.57764943
   5.16466989 10.42906535  6.60466687  5.8705351   5.45551649  7.66186126
   5.18178043  3.43923983  2.25373394  5.03199186 13.31210246]
 [ 3.07389456  3.46333289  7.42056962  1.59289857  1.51676655  1.22202806
   1.12770731  1.34413641  1.35736647  1.52060965  4.31307673  2.45781616
   1.63930133  2.12338521  1.05713907  1.11833264  2.2298794   1.85789607
   1.10374979  1.59391485  2.71495296  1.70639044  1.14611297  1.21013294
   7.2740582   1.74121101  3.61468533  3.51461689  2.48402672  1.98322077
   1.42452081  1.5162527   3.80073402  3.18144751  2.88807489]
 [ 5.59404017  4.55671278  6.55902681  2.17867443  3.4229393   2.20509157
   1.19549695  0.38474302  1.76152887  0.58765251  7.23335836  0.13882466
   6.80553907  2.65740695  1.02282816  1.00936166  4.87634054  0.21618103
   0.95353163  0.47135897  4.64768168  0.34186924  0.74993059  0.51190518
   9.63025652  0.41757745  4.5618363   6.05470968  5.02192711  1.11170424
   2.30529927  1.81618745  2.55257403  4.71930813 10.10723664]
 [ 2.70348554  3.11180634  2.34030047  2.35723674  1.61284238  2.78957875
   2.08348645  7.00731938  4.70070629  6.84831902  2.87257083  3.41267405
   2.13463779  2.63116316  2.35775884  2.79603522  2.53329417  2.27425057
   2.33831982  5.2881671   2.25263096  2.54092712  1.87725398  2.65917943
   2.97159724  3.70838568  2.77561271  2.74707693  2.5877356   2.83411171
   2.58152641  2.84074208  3.64926277  5.64900603  4.18962865]
 [ 7.30089386  5.61366966  0.71114223  0.95383418  1.93113728  7.13616349
   2.86542735  4.1458565   4.61758551  3.37020359  3.41151678  1.99018737
   2.32549371  3.0028581   2.65323455  3.16977891  3.43627048  2.33506719
   2.99269164  4.29794988  2.17299455  1.67445011  1.84973987  3.76201098
   6.6438398   4.26439341  6.14355227  4.80764814  3.50995949  2.39681274
   2.84533691  2.98214334  1.4781512   5.41011575  6.14114225]
 [ 4.06606082  4.34579689  3.20607315  1.88536771  2.12421077  3.23478423
   3.71034066  4.3233182   6.46073379  8.050486    4.2719658   4.76345987
   3.84241095  4.29723096  4.07984759  4.63824976  4.94168362  1.35225787
   4.43698011  7.488412    6.88638995  3.15703435  3.38962039  4.08151339
   6.03599002  5.07281929  4.68934696  5.40016418  4.63066851  4.6335346
   4.57311468  5.17556637  0.63112502  1.46768798  4.84214368]
 [ 2.06344953  2.05688728  1.3104822   1.06533074  1.01410892  1.35843814
   1.20967203  1.21029251  2.25149117  1.87538486  1.91649866  1.57150202
   1.53597001  2.25579833  1.14340012  1.80339359  1.63106814  1.19139609
   1.24491489  2.25850133  1.35823808  1.20820256  0.98294687  1.9903578
   2.2750499   2.05697607  1.90699295  1.76842886  1.79556723  1.68807613
   1.05572386  2.31629111  1.91960838  1.9301345   5.23206836]
 [ 1.05581574  1.36883086  0.32966576  0.73492933  2.18342563  1.29389995
   1.20496604  0.94235507  1.10390716  0.98716695  1.40829123  1.36910509
   1.39275836  1.60816581  0.88390516  0.79424235  1.51813336  1.27292379
   0.67784516  0.99607334  1.05216935  1.09142642  1.16141142  1.292972
   0.41615126  0.78889335  0.62921477  0.36860974  1.57557292  1.6578831
   0.91048715  1.08187059  0.3232997   0.74506978  3.92639949]
 [ 0.69914495  0.88642818  0.80566399  2.25808495  1.79468955  1.27647304
   1.4397877   1.01708242  0.85368372  0.85320946  0.92585775  2.73011636
   2.31854115  2.52666107  1.54950503  1.30403083  1.07854543  1.4147237
   1.21241414  0.9361049   1.47235688  1.96320334  2.00888666  0.9073071
   0.71083909  1.35197231  0.82736687  0.92138525  1.32099551  3.0493255
   2.02489025  1.75205699  0.65078608  0.60395117  2.32564708]
 [ 8.65062677 16.47818664  7.34237408  6.35508105 10.59017698  7.10057219
   3.37497707  2.64139565  5.16651261  4.48878548 14.61133866 22.0829806
   7.16744413  3.46407348  2.16439606  2.28082014  4.8344752  15.82261377
   2.11147882  5.74222609 16.63457947  9.16808634  5.30140949  3.10032002
  24.65617645 20.88241097 15.12219879 10.69726336  5.47848774  5.08960421
   2.13855213  1.98055433 14.53297049  7.50732016 10.68697653]
 [ 1.4920652   1.90463157  1.10441526  2.83521728  5.54402331 10.84952093
   3.4904661   3.88196147  3.45599208  2.51707922  1.70334089  3.21766027
   3.76805213  5.55595119  2.95649576  3.50757128  2.05542314  2.51985278
   2.28837774  3.11616255  3.07330609  5.36717239  4.72887294  9.31618075
   1.43406428  2.37563095  1.74252765  1.91012081  2.08232837  3.71289746
   2.79882277  2.81325194  3.65786378  0.96179775  2.36057368]
 [ 1.62885455  2.19752852  1.01791957  1.07466284  3.1498306   5.65391178
   1.83159727  2.59932402  1.56507993  2.3458125   1.03815491  1.90533519
   1.3015745   1.99184948  1.23180646  1.55238009  1.24059854  1.25895667
   1.07040209  1.7465323   1.54864775  1.67291174  1.10196537  1.59356655
   1.02749832  2.64989613  1.99800274  1.23848761  1.2163599   1.96526821
   1.3490689   0.97356314  2.74579619  1.48178332  7.07683883]
 [ 3.55579584  4.20136428  0.40185971  1.07393128  0.78771032  1.87061515
   1.74725788  1.99549288  3.1768096   2.36831406  2.76356462  3.73753036
   2.67172318  5.66780367  2.84470189  3.11018091  2.37047375  0.34780186
   5.54281703  2.60321009  0.54555798  1.97623028  2.00236459  1.42217875
   0.26814807  0.81605228  6.00158387  2.98081145  7.08299564  4.00456509
   6.45150846  7.82337613  0.14212802  0.35661264  9.77803652]]