[[ 0.80620619  0.6333266   4.17496502  4.02090714  2.59226174  1.04707085
  10.55212383  6.57636845 12.38730557 11.53703276  5.72280766  7.67569781
   7.33579313 11.05682624 12.73487967 10.70638554  4.40026235  7.77427028
  14.4127714  12.7692283   2.31253696  6.79105073 10.37224457  7.96547774
   0.56039718  0.78172303  0.87919848  5.27783888 14.04898915  7.57082316
  14.63989684 14.87253243  1.5403877   0.81730222  3.86499328]
 [ 1.34363695  1.45672958  8.53342954  3.98830812 16.14190787 16.73766885
  14.53227207 14.95380945 10.32806362 10.15688786  5.10632578  3.47502958
  14.6392854  19.97992409 12.2955688  13.36999437  3.46228278 16.07212628
  11.10069605  9.52913268 13.70860319  9.11331385 15.07277377 17.21967394
   1.94136098  1.54822437  1.51649776  1.61669817  9.61086724  9.01361533
  12.01809012 14.86133229  1.95359381  1.3598694  10.57781147]
 [11.22339338  9.22200275  5.60166877  7.55342305 14.64253268 14.2219123
  18.84919355  7.0208612  10.84590093 11.21488546  3.68672768 11.03861556
  12.46742581 10.86157418 10.53191879 11.52235863 12.36261869 12.79988795
   9.65521728 11.29948172 15.42305748 10.00331277 14.05192179 13.06902825
   9.02925603  8.32261906 11.80752511  3.84649914 11.14806581 12.14134005
   7.93374625  9.88645337  3.12091955  3.27851018  4.36956244]
 [ 3.02403932  4.79339632  6.29511607  7.48163934  8.54237268  7.34966576
  10.36093463 10.97353005  8.37646863  9.30404552  5.7962745   4.33156516
  13.05947052 15.68665074 10.84891865  9.89359223  7.30916238  7.76133151
   9.18098698  9.39993765 11.74120335  9.35550153 13.44357705 12.33569346
   3.69081437  3.79556941  5.26903628  4.09445936  7.22913101  7.88903278
  11.68752976 10.20690864  2.42933014  4.46979901  8.2749656 ]
 [10.52023732 12.48949146  7.55229294 10.03369042  8.74710945 11.89700007
  21.18823897 22.4077604  18.90243296 19.76608132 10.18436334 10.88624112
  10.12462194 17.23019286 17.27185107 20.02352078 13.83519657  9.17920396
  19.87465759 20.02940487 10.84447767 14.62744902 12.6478565  18.50507669
   6.82719755  6.68706782 11.1113065  11.67521252 12.66916851 14.11900222
  15.08531306 16.68071707  7.06920921  7.25837265 10.68703602]
 [19.1879515   8.96696259  6.74093809 14.02167281 14.80663334 19.5037305
  16.86234838 19.5773149  16.76104865 19.01757577 15.70170484 16.5216296
  17.30523594 16.36969783 15.23990174 18.35894872 19.17485502 11.25210339
  17.69271421 18.30910896 14.51958146 16.89881976 18.78960994 19.80572321
   3.61559414  4.861833   19.98419314 12.04895221 18.91320513 17.07503737
  18.45270831 16.23173028  3.60411667  7.21000091 14.6672409 ]
 [ 8.82646561  4.71811372  4.5604065   3.36827355  8.20776946 12.80873628
  12.44496495 16.72538386 11.72325401 12.20433044 10.160591    5.64110368
  10.89118004 11.30023876 13.67011911 13.79728817  9.84694663 12.11127157
  14.81021673 11.8797646   3.37141843  7.25827831 12.04286915 14.25268266
   6.60083819  3.86201026  6.72296293  6.42844245 12.31153411 10.9146619
  14.01982362 14.44993048  4.34335978  8.98921748  7.69070109]
 [10.66242816  8.78948944  0.73451851  9.34887075  6.51953684  7.98596024
  18.94167149 18.3781949  15.83316612 13.49536637 13.15480456  9.17109171
  10.78143775  9.31420679 16.39651376 14.63621092 18.29610235 18.8041998
  13.86198106 14.74707386  6.2985606   7.52246011 10.4047671  11.8038209
   9.45757832  9.17202006  8.9194295  11.71546441 17.7909486  12.34974073
  14.86932343 14.57546294  3.96579729  4.293811    7.53200142]
 [12.01311497 10.69430947 15.35947839  9.03528758 14.3062281  14.52681295
  13.43484608 14.22898267 12.38701321 12.06080895 12.70301899 13.06373282
  12.45684246 13.32586986 10.95966869 11.59771376 10.92876326  8.3785013
   9.70479156 12.5311081  13.28179112 11.65436653 13.38077964 13.70262998
  11.5952899   6.74038282 10.55463188 11.44895971 11.75256719 12.13692904
  11.39230537 11.28486886 13.76867644 12.8417748   9.53144798]
 [ 4.01008111  4.44929848  6.50910241  2.65030529  5.85935089  7.61860545
   4.99990222  1.76404923  3.67439357  2.23588217  4.24628789  0.82867418
   5.97601892  7.94350934  3.47784192  4.72413937  6.85063169  0.72203434
   3.70625903  1.7144194   2.02603252  1.1434756   2.2928896   2.2393017
   2.99164519  0.82261712  5.00027613  6.31289489  6.52658323  3.1679443
   6.22683458  6.24031719  1.76670313  2.41140616  5.16292236]
 [12.74176152 13.4247065  13.43161446 14.6548659  12.66691511 13.56541567
  12.57169867 10.38369925 13.07944364 11.18861998 12.90220322 14.06556806
   9.99295643 11.2991274  13.10575382 10.81423485 16.08857711 13.90947066
  11.29654553 12.26982809 11.95262903 14.70518724 12.9785747  12.43983443
  12.45520017 13.07093618 12.48396426 14.86549148 13.44331311 14.44938414
  12.03142062 10.72218479  6.48438046 13.02949886  7.96809575]
 [13.14669967 11.22133935  6.24071738  5.89016915 11.79173805 11.7570452
  20.22480276 24.09089015 22.94952365 26.11975542 14.27285032 11.08032676
  14.08282612 17.73181357 22.21895948 26.77096328 23.81883002  8.23294867
  27.66558383 25.59616369  9.40988765  9.81241286 15.12820173 19.68889116
  16.17321849  9.94233403 11.99614599 18.76671524 23.51344699 18.59664069
  24.5347091  26.57041981  5.39028137  7.91789146 13.65390889]
 [ 8.81790594  6.55024648  5.02327431  3.49894493  6.43799739  7.85739782
  10.58247499  9.7403389   9.96563153  9.54101254  7.56339688  6.22244499
   8.29528121  7.11674759  9.70427854  8.7964472  11.32099413  2.7069837
   9.02048875  9.9430288   6.59272796  5.33810691  9.05479651  8.7769647
   5.60831818  5.13435894  7.96168229  9.80637862 10.04096068  9.08225927
   9.30111367  9.34276646  2.42702012  1.24119009  5.37643057]
 [ 5.42857156  5.01746545 17.15292718  8.35956334 30.6875714  29.1630838
  27.9706378  31.92218947 23.5247963  26.83580484 19.19550718 13.87923898
  29.46551092 28.8144982  26.51790919 28.84325405 17.08984409 19.00556481
  28.06399353 25.84345895 27.69016787 20.62405961 30.76964496 31.84603378
   9.49525796  7.35957236  5.87808008 11.16136825 24.2942372  21.93329587
  29.03201097 28.47234856  3.97647161  4.15248544  9.27912403]
 [ 3.22499644  4.97080909  2.13241647  4.35763576 11.64025766 11.65663491
  11.73642972  9.98820082  8.39460775  8.39107968  6.96446334  6.3007849
  10.08214655 11.93819819  8.86286299  7.9331151   7.1390474   4.96094091
   6.84412524  8.89672723  8.96454022  8.85712553 12.03371032 11.54684109
   1.50456292  2.97093993  1.96581649  1.28054172  8.14866395  9.1758441
   8.76920131  7.98564701  1.36506441  2.68447782  9.53444738]
 [ 3.62167436  4.36928046  5.9935224  18.57478992 22.58941909 15.22544669
  19.63095671 12.62158948 10.99904662 10.15721179  5.64977039 14.74466396
  18.51595378 17.67746119 15.36774561 11.59939314  7.37169267 12.09627997
  10.75618253 10.96035554 11.61183738 16.13203391 22.90168996  8.731911
   4.09242209  7.9102164   3.91192319  5.18676587  8.44463405 17.99826322
  15.00284018  9.8831726   2.68350891  3.23042484 10.1397422 ]
 [14.50200375  7.28110325 16.18019094 14.32307514 15.38791952 16.65926156
  17.80307795 18.21408577 14.44299617 15.07771335 12.94475873  8.26104161
  14.85722488 14.30947446 15.56462414 16.38412813 13.4145958  11.05076251
  13.71697512 14.56316471 13.96562557 14.48997413 15.6517321  16.32983679
   6.07624085  6.29588624 11.28721273 13.73742647 16.56561937 13.74667049
  11.6963268  13.15120569  9.10896097  7.54878989  5.83893299]
 [ 5.57902369  7.29168025  5.94901433 11.7211613  13.72993047 10.80724482
  19.52822473 14.81086026 14.91794888 14.05156956  8.46342227 15.15413908
  15.13437661 12.4370246  16.77633187 13.47678507 13.12776752 13.37103195
  13.79908571 14.62576138 11.05970362 13.71430668 18.46603334 11.84764059
   5.91196765 11.33135903  7.0584853   9.634102   12.16837288 15.04504498
  15.44627345 11.56541047 11.41251829  3.52150534  9.17541727]
 [ 9.51723111 10.05173417  9.75346221 12.47461161 24.05632717 18.82783636
  31.0837862  27.61401452 20.86002482 19.96519123 12.75229172 17.7133715
  21.5631349  22.84206058 24.66993646 24.02681427 22.86297972 30.77908639
  18.21460419 19.2912611  16.20107509 16.56097859 27.26929926 22.55719266
   9.86230102 15.16798784 10.74632049 15.77521192 17.35012926 21.36122328
  22.7426108  14.3516765  11.86918618  5.31776743 16.78560443]
 [ 3.96243052  4.59320857  0.76451776  1.88468332  0.52385075  1.62108344
   2.31358847  3.19792592  3.49237899  3.99504008  2.60059481  4.61239218
   2.49271728  4.75070845  3.26392991  3.92140095  1.86444242  0.43737446
   5.80832853  3.60033017  0.69323355  2.08221473  2.53549295  1.83930641
   0.30123889  0.86095288  6.74297999  2.59581226  5.01909013  2.88216689
   5.59506092  6.16708724  0.28464608  0.56760344  4.89692718]]