[[96.86160491 97.93508391 84.98653086 86.46392213 88.38398037 93.8695791
  33.75690994 18.08291185 25.15794885 23.54822828 78.26946354 76.7053181
  71.43690268 61.19597168 29.44858243 22.4098589  89.60164201 50.15150589
  40.0564956  28.39685803 89.21198669 73.21798015 44.43854015 40.31484978
  97.2545241  97.73137525 96.66895348 84.53396271 65.57715581 79.67829023
  40.95734528 38.7450559  95.57984581 97.98333052 88.95501103]
 [98.11860995 98.06179242 81.63103411 91.51274547 69.90562138 60.01682073
  71.1470104  72.72738668 76.56174769 79.59146598 89.3493312  88.79450043
  49.37445763 48.55050783 67.36236691 74.65909539 94.44887217 69.41502239
  78.22353608 80.03896819 72.42459768 70.7878352  62.09538837 60.63972042
  96.50096556 97.08143443 97.98368311 97.66289838 82.92001857 79.92116377
  63.57065841 71.62501596 95.86884951 97.68607697 69.06334857]
 [66.04827765 70.34044686 85.31586775 68.19015876 51.44544964 46.2844621
  34.63455709 72.00548049 36.34654584 40.1313871  88.36620611 58.37962991
  33.04048823 31.06008198 24.42854136 34.88561576 57.23663198 57.67326717
  35.60844607 39.82144642 54.7411591  31.63578234 31.83114426 33.69267909
  62.42140209 68.01870521 63.50953063 86.82159465 52.01338056 52.80920177
  21.74164847 37.7246951  90.45942859 76.0684916  75.21530475]
 [18.29941042 22.59338469 44.70431656 47.79697707 18.65576739 10.30376829
  23.06100419 26.57421636 26.24189983 25.55519921 18.27724598 13.14248383
  27.56146392 23.62394924 25.56812386 29.74673625 24.36254718 24.74959234
  25.37536849 24.79637648 34.52404061 14.63734949 22.28039154 22.31826935
  23.23825641 25.10507887 30.68310071 26.94811348 20.96177658 12.02683717
  22.33210123 27.81789418 47.68151738 52.72402123 39.11741995]
 [44.00245055 45.74359395 46.87528984 62.04751567 27.86452281 27.1739704
  33.04157031 32.17091378 36.56398523 38.67832922 36.77307168 40.81403959
  37.37932665 34.26877871 29.75949721 33.57751719 49.50680636 54.99654475
  32.00786799 36.48904218 45.81490992 49.02578    28.23313188 29.34966459
  28.59714571 29.99760772 45.57428933 45.63831746 44.98301421 39.45091962
  23.33929585 39.52370775 55.22247881 55.26182188 53.49691885]
 [55.65636915 80.47571227 84.35962248 68.67128299 69.31160509 56.1696604
  61.56152888 50.64600552 57.91823128 54.85370056 63.51745975 59.14801798
  56.31466706 50.45505131 61.75022002 53.37538008 60.40441716 74.52784371
  52.72064883 56.45064857 67.67758214 57.39436356 59.18623731 50.04715823
  87.10458232 88.02126133 56.41857465 71.27735716 59.89704682 56.62757259
  50.54443906 58.72329184 90.93963248 83.30330034 63.35241876]
 [69.95918065 85.25323351 89.2612936  92.52613711 75.92717178 60.98307029
  57.84915855 33.83055107 37.01995129 29.15906281 67.91621021 83.97161983
  65.56287455 61.95174188 48.47701931 30.88427441 69.06576237 60.18589236
  31.44859022 32.19896182 92.22922883 80.44482731 62.90497655 48.77667085
  80.60023389 89.32696603 77.90219012 76.98622986 61.9217237  66.70102332
  47.64072502 34.19154393 90.21349311 73.96558017 64.72503992]
 [59.76543768 63.60099048 96.98591034 50.2437553  27.0364886  33.0673946
  42.47271184 41.56090761 45.61726348 43.76864426 56.11817877 53.5620809
  41.23758116 41.38573834 44.6114107  48.40222749 59.11325174 46.34486734
  53.15732233 43.67440068 62.62654393 61.16362035 34.90849316 43.15755309
  70.1596921  58.25015329 64.94231798 64.49398303 57.22105805 59.49323734
  46.64905327 50.9136558  88.28103046 79.4239726  56.57081886]
 [57.68483819 61.21708859 43.48268629 71.30617302 46.4160598  48.34713227
  47.5276871  42.23613586 48.4457057  48.2279513  46.89537732 53.08158706
  50.45768668 46.09477727 50.50828391 44.38723768 63.54869906 80.29489813
  44.18335506 51.71484218 50.85748773 56.9220791  50.98427345 46.78580468
  49.03310688 75.89198419 58.46905324 56.12491561 54.30816599 57.52474936
  48.00108737 43.17651308 55.88476301 70.38201708 69.30900229]
 [78.84917074 79.89554583 71.61695042 89.35450699 73.11200779 70.66726027
  59.30790833 86.36691529 40.52532711 71.76128751 74.10730556 98.28327958
  67.19788757 69.97919282 56.76153268 41.76383893 70.70956142 97.14543839
  51.00118084 82.54312295 85.60219677 96.77502146 85.1313161  87.845703
  70.50457345 97.22297122 79.11626204 70.34804428 69.21114856 88.82677277
  46.1593626  46.8846003  90.19377537 83.44270531 65.0972564 ]
 [52.27978085 51.0307646  52.38594181 50.15256856 41.88704836 39.18211308
  28.42084843 27.71211438 34.2954671  29.75727133 50.53044343 50.57303684
  27.12492207 36.73971739 34.82997899 31.73445816 53.11153106 39.76266363
  30.9165868  33.63601622 48.80366547 45.07055472 34.53267248 37.41467372
  53.47857807 49.78109546 54.22499144 53.73749177 47.84103352 47.09052257
  31.8459385  39.52791502 74.83821698 53.38077905 52.8442539 ]
 [60.81644145 67.49121882 89.20297207 88.60896529 75.64908748 61.0821127
  54.28554696 44.62470789 40.26613345 40.11919792 66.23388363 76.86300542
  66.33371341 57.65482211 50.10798915 40.03097067 55.00552694 80.20142484
  41.0673824  38.34887124 79.20734817 78.18963153 66.91439985 55.53021439
  57.47415992 73.39014455 65.45170158 58.5850483  48.11585944 63.71625389
  45.69417502 42.68707668 88.10985597 75.03442235 58.52355071]
 [61.00129876 66.17241786 71.53812873 79.16892694 67.18063006 49.60907157
  38.66230328 27.70063216 28.29199241 25.0587897  50.82658286 52.67385539
  47.67521873 40.80263795 35.51869192 24.03941486 38.7607994  84.47044195
  31.83779865 28.65686381 54.04876344 60.88906382 45.51505493 34.04939064
  61.40731398 62.73059623 61.01209284 44.36559753 40.58222315 42.20905722
  32.31366491 23.87714625 93.51561596 92.55941513 65.14846603]
 [86.7534341  87.50036571 70.073667   84.27593952 47.48559573 43.33635043
  34.8058889  27.21785231 36.8336135  30.67720761 65.70562437 75.45218248
  37.04499776 42.7912074  35.07959892 28.49663396 70.91527705 64.23177223
  39.78677408 36.54528472 51.94802941 62.53307147 38.69951346 31.92473218
  79.97651545 84.08953838 86.58536625 79.43505017 55.33144132 62.6055445
  35.53385618 29.78336072 88.97397584 88.91292544 67.6598636 ]
 [81.88328522 71.77378668 89.94244688 77.76709577 49.09401239 48.82753755
  31.60989998 32.75043297 31.52732119 31.58465576 51.41355517 60.26408726
  38.16321055 43.53843558 30.73822665 29.01940562 42.44109442 58.76796548
  30.94060635 31.69828902 56.93589452 56.31283011 34.24992004 36.94749087
  90.34008335 83.07438941 88.56340272 90.97105391 43.22063979 42.00009742
  30.0226741  28.86595945 95.6186768  90.03552998 62.87448753]
 [91.28347007 89.43935765 89.2749111  66.65613437 58.47252268 69.6780152
  47.29806721 54.97819339 49.31178486 54.06063088 88.1073885  68.92020832
  64.24440953 61.15883573 55.03972118 61.16714443 84.46640487 63.64750806
  70.24816491 55.00568903 78.82092083 70.35145317 48.83123354 77.76289837
  90.63130105 81.8653955  90.51882039 88.10764489 82.75868182 62.83090424
  61.16443812 70.47479873 92.87246506 92.30149982 73.70943337]
 [51.58723704 40.61873676 50.98663991 54.7926201  33.14140024 38.39385786
  37.57092863 47.24125819 35.21250316 41.06072555 34.12395478 28.45922346
  43.78570033 53.78845414 36.83492743 38.58857036 61.57859676 33.21193507
  43.09806848 35.33037037 32.28813234 46.17479438 36.56461666 45.12047454
  18.36181814 34.2803232  41.16238108 46.53100094 53.01421628 56.13057612
  46.21624208 50.54018899 44.37593088 67.00871609 57.65244723]
 [85.52840806 81.45794716 85.45935724 72.98594886 54.30520839 50.62603855
  35.82312242 42.71377608 43.44694738 47.28446763 75.806611   59.54857901
  37.9769525  35.42888691 33.83310681 34.00832163 66.01306767 60.42234776
  39.59923844 47.74837211 67.28059991 60.59141816 33.54970138 39.34836959
  83.84289221 72.74465181 82.00842282 76.12867626 62.03743462 53.02931674
  30.31424304 31.65994187 65.64467888 91.66241902 71.91233438]
 [74.99598876 74.02130949 79.88561675 75.04394022 46.08155199 55.49770672
  34.69703448 42.96572593 35.5820387  40.23416887 72.78512385 61.99150115
  53.94880462 53.07746437 30.27751004 38.55397356 57.80550405 44.8520071
  34.64514807 39.23936488 65.36777224 66.29511021 41.75648447 56.21749476
  77.47232393 62.67995158 72.5771648  67.50849312 63.04201582 53.10710771
  32.76619573 59.63028231 69.84163271 87.9392681  49.26490978]
 [81.59796669 77.29392609 97.53959971 93.95738431 96.56755276 91.54340275
  85.97338993 82.37890882 74.29630196 73.17824426 87.47735129 81.84933237
  85.26181584 69.43021123 77.41928979 76.48129101 89.97867132 97.04574504
  64.19297628 76.04684815 97.10195597 90.72186292 84.85602781 90.78060975
  98.70999475 96.09047018 69.01578062 86.70996029 71.24745049 83.65180462
  63.51174576 62.26091954 99.00366464 97.74622035 55.11525082]]