[[ 1.7528967   0.86350464  3.58475791  6.63116409  2.26510508  2.35321275
   8.73921427  8.51925427  7.17907865  6.83820771  5.91157007 11.02938225
  10.06940486 12.56440814  8.89563702  8.44962445  7.68132851  2.09346058
   8.76994445  6.64373471  3.66737241  8.78251483  8.28519429  9.18477023
   1.42964394  1.05959959  1.73790381  7.55328135 13.98616698 11.02585375
  10.39815391 10.31781826  1.25118355  2.4906741   5.71598361]
 [ 7.82778518  6.71050229  5.45993073  4.92310901 10.67951854 15.07577902
  14.56715581 15.91614803 11.52409076 11.60918562 11.29109829  7.52830919
  14.59657476 18.30795033 14.04663815 15.92337403 11.89305746  6.33561626
  14.92474004 11.61433082  8.92416544  9.56066446 14.34187093 19.53213793
   7.47422438  4.56094686  7.1962709   6.88652996 19.15856472 14.36058162
  14.57112334 18.02928286  3.5723957   6.86504956  9.35374983]
 [ 5.19673659  3.97557753  8.75101179  3.11324526 16.83856339 12.00240816
  18.88943627 11.35893896 10.95243774 10.29891292  7.50979265  7.51174215
  12.80703787  7.10415502 11.64639206  9.24455489  7.84993966  5.35511052
   9.37561516 10.70136196 12.77502847  2.48769888 15.34848392  9.91390516
   4.56816112  3.09252472  4.98052757  5.55922084  9.54661577  8.79123325
   8.944415    8.14867861  4.68911396  1.84456075  4.42600387]
 [ 6.11578973  5.96584645  6.28683925  5.75870315  6.68201487  7.39785354
  11.4230889  10.04456267  9.75453909 10.28183811  8.28969462  6.29494677
  14.25456315 11.60676319 12.47357051 12.35908042 10.2322651   9.0442772
  11.85060544 10.45509465  8.25949611  7.8963348  12.83076872 11.40424489
   5.546456    5.13299426  6.56570424  5.2594935  10.7022374  10.54831369
  13.47779425 14.91953097  4.67028737  3.46949915 11.5648036 ]
 [ 3.30580354  4.09964036  3.95213945  6.98133323  8.62433369 13.39151925
  14.99638216 12.48491575 12.38629296 12.2511509   5.11962223  4.50023793
   9.15348774 13.65130412 12.98073513 12.4344994   4.91823798 10.34988816
  12.90024805 12.66716803  7.2842191  12.8666017  12.08462468 13.23378442
   3.35261766  3.08107546  3.51879356  3.78474593  7.31707256  7.50730292
  11.6540217  11.89849634  3.72915201  3.75971477  5.02192887]
 [14.01541301  8.81752267 12.46886351 10.64279681 15.03692554 20.59629541
  14.32513613 19.81667266 16.37848679 17.06868638 13.63174385 18.67968027
  14.63073957 17.34505413 15.61444808 17.2993522  18.20160008 11.69580565
  16.27318248 17.09968043 11.62702002 19.63760663 17.26691112 20.00507893
   7.09614395  7.16573117 11.17195476 16.02714237 18.10725869 19.75793253
  14.5657859  16.21633628  3.44352312  3.04192958 15.53696122]
 [ 8.37383328  4.53100807  4.61373145  3.96590181 10.63913403 11.89342444
  13.43875815 16.263429   10.52893162 11.52728585 10.28757842  7.45166173
  11.02593694 10.4662477  14.50786776 14.69787345 16.45161116 13.61950916
  16.36433195 11.1006944   4.59091901  5.067647   12.49324937 11.4708241
   6.24099307  4.9056546   6.36500756 10.10853014 14.4431802  15.28156787
  14.84146831 14.98976442  3.09612828  6.74389434  9.33677078]
 [ 7.02735366  6.96290996  7.01905149 13.79245694 19.08161694 10.48358327
  13.94082876 13.30323887 13.02146548 11.81749695  8.51104231 12.78499801
  14.87387229 14.63783444 14.13259935 12.78438948  9.54930324 14.50767816
  11.84483681 12.0237738  11.94513248 16.47799771 17.88236909 13.45023175
   7.11801908  8.06140548  6.52751756  7.31681163 11.53288252 16.48711855
  13.42289265 12.27919985  9.52554287 10.60310482  7.23227686]
 [11.94019083 12.89342831 13.07968924 12.98145253 16.85649107 13.6902352
  15.55411487 11.63320327 11.67807596  9.05778455 11.09122792 12.30976239
  14.59234068 13.41251025 11.81173578  9.2347067  10.61509764 13.01780526
   9.26329576 11.6455875  12.65359129 12.84197889 15.08828575 11.27024511
  11.19726644 13.02502455 12.50075836 11.51682002 12.01179798 11.53107038
  12.59422577  9.44707364 10.73717511 11.28978928  9.15393694]
 [ 4.58578885  2.24230188  3.76437559  3.98551859  5.6972907   4.4833317
   5.89182088  5.72174358  7.13873349  5.31088489  3.17317769  4.05856962
   8.04819174  8.21999963  8.51015242 10.21451432  5.58373605  1.81700072
   8.79579717  4.32503295  2.24192735  4.47318572  3.85223649  6.08050119
   3.75854361  3.296118    4.99728174  4.51365652  8.20699317  4.73636327
  12.44743196 15.53054839  2.29391528  2.18662239  5.76826671]
 [15.67707964 14.34197782 15.13805452 15.94599563 13.5100309  16.11644986
  11.44803938 11.78731715 12.84891745 12.01318545 15.40391564 13.54717909
   9.11603988 13.09869919 11.79826271 11.50880911 18.97571876 15.24250069
  12.23820045 12.73581476 14.77393153 16.57537144 11.72748736 14.61243136
  16.52838165 14.27234759 15.30556886 19.44572437 16.28996147 13.97495937
  11.61992483 11.23156176 11.59429961 10.54112569  9.15533415]
 [11.34009953 10.65079632  5.20997826  5.2568551  11.31725164  9.89478806
  19.6650378  18.88723927 17.49421803 18.09463828 13.65496576 11.79126479
  17.0343123  14.25836887 22.05023413 21.42634506 26.12117515 10.22701123
  23.53135277 20.59638038  9.08865086  8.73434326 18.24062225 14.15087694
  10.95357317 10.19458102 10.83347449 18.91296877 25.2156408  21.29053128
  25.82833375 22.70465241  6.43750151  4.96472098  9.62645466]
 [ 5.32387367  6.46492615  6.16030848  9.86641215  5.87032611 10.27459474
  12.02153984 10.17117406 10.72900642  9.68344691  6.11990463  9.08468898
  10.86325345  9.40896693 11.90013765  9.18728702  8.59415158 10.86836757
  10.00500499 10.63274851  8.77693822  9.61819788 12.13012736  9.92226335
   4.01897352  8.30965668  5.90861573  6.61950449  9.08472676 10.17483701
  11.21674659  9.4001211   3.69122363  1.64356508  4.53441772]
 [ 4.3796473   4.41488268  5.25439325  4.3254315  15.95471305 13.39652329
  19.39025874 18.77495055 16.50991678 16.26730288  9.31372219  8.15191465
  15.07857093 13.31552291 18.80145975 16.92024196 10.02596415  7.10710539
  19.73123478 16.81197031 10.03246368  8.94294507 19.27545241 15.94988728
   5.14450833  5.2909167   4.50249477  6.5385295  15.40970161 14.81959214
  17.18151943 16.35649126  3.96756887  3.6120542  14.4657333 ]
 [ 5.28336204  5.56798952  5.81415463  6.24780077 13.92904803 12.36986801
  10.35317278 10.81323176  7.28553742  8.13934547  8.84220277  7.44860914
  11.37084439 12.9568363   7.46082726  8.35095161  7.11873289  7.05168398
   5.79496512  7.69315209 11.7551468  10.50984471 11.75723112 11.56103672
   2.22724742  4.21548338  3.75610052  1.70699119  9.15575131  9.1501316
   6.8958336   8.252339    4.89690033  3.24933879 13.50944526]
 [11.27245453  9.66250915 14.278208    8.22667256 12.3694369  10.93239392
  17.99784478 17.53018566 12.74705124 14.51879017 13.22756234 11.26380381
  13.26058887 11.77369163 14.93772971 13.32100362 15.31103384 10.94594896
  13.94598219 13.93472091 11.14867336  5.61858156 17.03767003  5.53567619
  11.5464781   9.51331388 10.303639   12.20544531 15.37070459 15.44820338
  15.02527679 14.3316949   8.21894525  8.27533157 10.93953979]
 [14.5267184   9.97902318 19.60634664 17.04151094 17.1983928  18.37258632
  21.27285778 20.4541204  17.65558389 18.48853111 12.58600252  9.76427393
  14.89449633 17.41153959 20.04494788 18.85489878 16.41457366 16.15159051
  19.19026121 17.84055795 14.16003679 15.896177   18.96872233 19.00764384
   7.05446427  7.32593432 12.11844274 15.87164131 17.85292998 17.57611012
  16.81125589 16.34846698  8.22201478  5.68678692  7.28252549]
 [18.44016121 15.06757225 35.47084912 28.5773403  40.01229505 32.05905398
  32.52478112 27.80514531 24.94472281 23.19528557 31.94055592 28.45779046
  33.87045729 26.28287403 27.48584098 21.99662826 26.91497509 33.2803729
  24.71966962 24.62467605 40.30484976 31.27827252 31.81476344 27.71069255
  23.03865062 21.94891405 18.67678199 23.38966583 30.61278136 28.63710324
  25.75007272 20.44281834 10.81998293  7.32948503  6.68344742]
 [ 8.56010646  9.20848831 13.93647779 21.95712839 26.20125957 20.96348812
  28.48957378 22.70293829 21.41704731 19.25042713 15.20858254 18.35488509
  29.81621994 25.88015093 27.07841439 21.51737576 19.83672911 12.59081307
  20.41660202 19.37942484 21.76381684 25.57497903 31.49622126 24.15902057
   9.66370217 14.4947725   8.82175452 13.0868604  18.44407358 25.06490295
  25.15998224 16.3556533  10.70610215  6.69734901  9.92214384]
 [ 0.64494571  0.39257449  0.13916537  0.16192505  0.18337024  0.2697317
   1.98041892  0.65024287  1.95307901  1.10629711  3.49856407  3.20359603
   1.19017928  3.76093928  3.12881737  4.91925501  1.8860657   1.64855724
   3.85923913  1.44825575  0.11949989  0.21202943  2.45149639  0.50829391
   1.02137226  0.90245324  1.78176117  0.16409433  5.82992092  6.53402195
   7.44692002  6.30820519  3.60510805  1.07001165  5.51627401]]