[[ 4.83568293  1.62057451  9.42573957 15.32487748 10.61882984 10.2365655
  54.55270912 67.3543958  64.81423981 67.76182442 13.15732015 21.64371296
  32.62798309 34.85948883 58.91661588 61.91098352 10.38117704  5.21099532
  46.87169342 66.47491033 10.07597674 26.85044654 45.9870656  58.09166626
   2.08593932  1.66316312  4.13263001 15.47704802 21.81112632 16.47256401
  46.59034614 44.9823436   1.05856209  0.9847573   6.12514894]
 [ 4.97058236  4.64335442  1.53639033  1.67399422  5.03665838  4.16500788
  11.21465598  7.71250659 13.37207188  9.827598    5.40243944  3.82137409
  23.37357094 12.68144339 18.10359176  8.49178916  5.65430452  2.12630541
  10.43018478 10.88494132  3.20833388  2.85941805 16.89403021  7.92211993
   4.16249967  2.84275908  4.52679422  4.14631854  7.69058143  6.4985326
  21.49413691 10.02126539  2.54325037  5.89139935  8.50579069]
 [ 4.94503069  4.08618326  6.24541365  3.6978452  12.33610482 18.08928103
  16.89838458 18.83844192 24.60097933 22.08391794  7.83228221  7.64645683
  26.92623769 28.04262129 28.94579226 31.80709327  8.8264575  10.34922336
  23.70526945 21.22839546  9.87929147  3.23794154 23.54560241 34.94770269
   5.16529948  3.6809425   4.76613294  5.29658184 11.62438555 11.62326693
  39.73362918 31.6171607   4.50330733  2.20265836  1.4571984 ]
 [11.011663   18.1403394  11.66963502 12.5449091  23.98201673 22.33170266
  48.1410646  49.79172329 48.57690582 48.74463937 18.84895901 22.85224442
  24.10188184 32.8255409  47.12546542 47.15474702 31.30839397 30.70434503
  46.53153729 46.96827726 19.36407126 22.09127938 39.42888312 41.09446209
  11.48560787 24.00408182 15.77200691 15.69907859 26.77239768 36.69747396
  50.93736878 40.08052492  6.83761267  2.70893567 21.52347028]
 [ 1.40214604  1.96579403  2.74923138  5.48916673 11.78502607 12.35601457
  17.0379611  14.40190299 13.17536685 12.95951146  3.45442395  3.70600269
  14.41390513 23.54054177 20.69130375 17.1840471   4.1761147   8.25959326
  17.5247111  12.62324737  5.41682769 10.85422828 17.70723242 16.52553007
   1.83212511  2.19736976  1.62920523  2.35058687  6.26696406  7.87354405
  30.00241142 19.34391205  1.26495585  1.4891335   6.7326386 ]
 [11.20462227  7.31289227  8.73693876  8.68384131 11.3442856  18.87118842
  15.08088283 21.31223028 20.20884407 20.824526    9.03821636 12.34706884
  24.1452273  34.56612819 19.61769002 24.62261137 10.96838267 16.56571098
  20.20675164 20.88404324  8.63324309 18.95167299 17.27137416 28.09397007
   6.02891468  4.78278853  8.05392186 10.80773357 13.15613265 15.35257337
  19.29651099 19.49900283  2.541362    3.13533561 13.3345922 ]
 [11.63665367  4.5085774   2.69134248  2.77051812  8.89258504 10.83778648
  22.47252789 34.78130644 38.52811329 48.62022694  8.19383611  6.22304105
   9.04940766 10.02961077 27.73026668 36.94665077 12.08214346 31.37114047
  41.13215961 45.81111682  3.02408811  3.93309584 14.17184654 14.85725022
   4.4650996   3.7771949   7.24430701  8.80888261 10.24276518 11.19742292
  26.67343331 28.50097646  1.05057655  4.2499029   7.12496207]
 [ 2.44073239  2.55973964  2.21798235  7.80933067 16.82579642  6.69998625
  17.6681367  10.80687834 15.76249659 12.06681604  3.51134885  7.76618635
  16.35235632 12.48699486 24.55622882 12.95435     4.52599365  5.80200211
  16.15375693 13.1960622   6.06499248 10.65614085 23.43263389  9.50632578
   2.49794241  3.88102939  2.32117535  2.860791    6.2675275  11.68253695
  29.04050014 13.03591468  2.66557396  2.20493991  5.88189879]
 [ 4.14955726  4.6268068  11.75121685  8.06204656 22.63444948 26.66191422
  24.04890587 33.20770043 24.71750348 25.48215856  8.32539562  7.77906174
  21.25807565 22.39575621 23.7226708  28.96522337  6.73753979  7.8689242
  26.3055628  23.92738424 14.88081545 11.2821947  20.64989133 27.90032601
   5.1807427   5.91348835  4.52683631  5.36560013 10.34023056  9.65549933
  23.47577524 24.33947261  3.69699029  2.866673   10.55487326]
 [ 2.90349885  1.29651814  3.03776756  3.11861808  6.74173506  4.42036031
  12.34477248 12.23240319 25.2117171  15.54682838  2.94216517  3.52735174
   6.66399261  5.74240753 18.65452115 21.53983597  3.91485877  3.40638306
  18.15659523 11.68163013  2.28561291  4.2244972   5.54993035  8.4342501
   3.35332363  3.11830293  3.1021496   3.72323845  4.9339234   3.54503149
  14.82909713 16.41034259  2.72826123  2.46434201  9.81265444]
 [20.29899822 20.60072054 23.54025614 20.99177363 36.4553471  28.18176182
  44.36557538 37.65438838 28.1977726  33.87527714 18.40133516 14.63971774
  44.41508134 28.46899652 33.87444787 40.16915079 13.80231432 21.69348222
  34.90940027 29.97830639 28.80081102 20.64611706 38.9850262  30.74819567
  19.79218187 18.96112915 18.45427998 15.53079242 19.53120313 18.40905221
  35.28518803 30.2899819  13.56214402 12.42755287 15.17554962]
 [ 7.54851041  6.52325963  2.21374127  2.26284728  5.88521979  5.78068714
  16.47430284 18.16568133 26.67082378 28.53014661  7.72135925  6.08684311
   8.24545179 10.03721795 19.32720716 18.1933931  10.00729381  7.29492875
  26.70064324 28.54433108  4.59540289  4.78271271  9.81668724  9.32783922
   7.02449613  5.55248067  6.67186292  8.5265831  12.15038705  9.1026128
  16.50301354 15.71023338  3.67967177  2.41109306  8.87091887]
 [ 6.67892887  9.00088673  7.22388215 14.84870715  9.58944164 16.28492053
  25.00713006 20.84071749 28.50919115 23.83796197  9.24112332 16.05404312
  18.54709131 20.83189981 27.27140129 22.95167251 13.76258904 16.81072367
  21.69115413 24.28199112 12.47489014 17.23558679 23.52392752 20.31689288
   5.35228488 13.35332418  7.95710926 10.07725567 13.62819196 18.15060265
  24.22582096 19.86175476  4.48178054  1.5295604   7.73647247]
 [ 1.83209913  1.97459925  3.32348872  2.88758934 13.66743909 10.22260258
  29.4544975  24.39525276 26.52873653 25.28735077  5.79670962  6.3982844
  17.84304366 13.2467164  31.82757151 21.46243674  5.93327098  5.81191834
  22.66529036 22.96720729  7.94457747  7.82873094 24.64338679 15.92478434
   2.81562023  3.13908355  1.99981461  3.65882416  9.22496921 10.71202195
  30.28872237 20.78865777  1.38614374  1.16488205 14.30841498]
 [ 6.67055642 10.77059496 11.11269418 15.39907635 35.18659413 33.53192201
  46.94224741 48.55337148 48.0425876  48.09658002 23.6228477  23.55211465
  47.90463803 37.67211453 52.38309057 54.53631625 27.70175349  4.59921542
  53.23996227 45.75789892 27.66660814 30.60825359 46.14320365 44.54652475
   3.99099932  9.6417913   5.98904473  4.35615014 28.48451946 33.70473333
  56.08631434 51.14179224  2.62093581  2.53184519 15.03988559]
 [ 9.76263055  6.8251929   5.45658125  3.29601313  6.8348286   6.04168088
  16.06741676 18.37525552 27.49996645 25.25575074  7.25409151  6.48506591
   8.5127686  10.51455509 16.83315129 20.63125544  9.37989636  7.76213742
  18.32611378 25.47600359  4.65665523  3.05647159 12.34312724  4.0738344
   7.45193613  5.93939196  7.5765282   7.83231255  8.24422811  8.99282334
  14.71689319 19.36103052  6.65894972  4.98902537  9.7904068 ]
 [10.3724451   8.92449377 10.73696219 10.16693741 14.95126666 15.55792231
  27.88724853 24.26992924 31.84862127 27.80972925  7.86106595  8.29486526
  16.97034553 16.47499845 31.68220357 27.73930556 11.03030851 21.10745747
  27.51821697 30.60020201  8.5477592  11.68425762 25.36907005 22.30219705
   5.87243449  6.07776886  9.63063318 12.06248497 10.29198597 14.91645935
  31.05943801 23.21181256  9.89922122  4.04202599  6.68303699]
 [11.77013266  9.44072331 20.18847369 20.27079309 31.02973178 33.49679959
  39.09386246 38.20343758 32.90481154 31.57107362 21.99746693 21.66157285
  34.95086353 44.37243182 38.68396784 42.79155583 24.28404378 30.18265639
  35.74661281 30.31812441 25.35281822 30.30577402 38.6235072  43.35987818
  15.43537551 14.85660292 11.84780886 16.39780397 26.20895799 26.65153152
  41.27332371 46.30831512  7.54700462  4.72633788  5.45884013]
 [ 5.46736071  5.12528222  9.84671428 12.15851073 27.73407485 21.68192666
  31.29037974 27.52200434 26.16044767 24.45335621 10.07986332  8.46099213
  26.69805854 16.14987013 31.37747845 27.61222273  8.58932045 13.70005268
  30.34416168 24.43175909 18.82101129 15.74670969 35.387897   25.03416343
   6.47765129  7.59941655  5.19265566  6.8239014  11.4792477  10.9095678
  28.57390794 19.28413803  4.9686964   2.64145956  6.9411132 ]
 [ 0.48577992  0.51526134  0.08847878  0.09337638  0.2257606   0.2572091
   3.77307739  0.95299536  5.52675131  2.8033979   2.03161233  1.79663481
   2.16887829  9.67600397  9.13461231  8.16276803  0.97005779  4.57647744
   7.65231102  4.03470587  0.12062578  0.17492904  5.38744447  0.63873282
   0.60707449  0.82132355  2.59993359  0.09116944  3.90294467  4.29684007
  16.85345778 12.24484613  2.26254196  0.55955579 19.90320374]]