[[91.97760708 96.64325657 84.55445043 73.91059167 84.13386926 85.1691243
  31.81252153 19.20077697 23.33878045 20.18319562 76.13553849 58.46166718
  41.59892005 40.95507052 25.38121791 22.58766886 77.1628599  91.10399762
  36.50913978 22.02534525 82.63610564 57.23611089 38.40075863 25.3493362
  95.63199766 96.5054465  92.72939541 71.78698473 55.0005884  63.45299316
  33.67650872 34.90844863 97.01024578 95.86924947 82.71381803]
 [73.87327105 77.25980824 88.73186376 88.66098559 76.93612537 68.76998113
  66.48976138 68.81309032 67.01260159 65.74961111 67.96003926 68.91068171
  56.39750232 59.73571439 60.04510757 67.93120286 71.38794793 86.48186114
  66.46218167 66.58335412 80.1356964  75.39744353 62.15407822 65.73707754
  71.16769005 82.99972567 75.00979877 77.00803831 62.54680515 63.29094936
  56.4548499  64.66531217 87.1191212  74.39566777 56.5672113 ]
 [58.79561845 46.45274941 61.86096436 17.46160998 36.83377795 46.17836996
  36.08062804 48.86415622 42.01523154 45.83821882 52.47155675 40.49294126
  30.46683506 22.5657774  29.47090032 34.07219594 51.57301171 64.65311835
  39.15914    46.02459117 49.83074245  7.78854155 30.26801322 30.96100302
  43.84689603 24.99814465 55.33068219 55.13732161 48.82602676 34.47350734
  23.63450825 34.47281181 61.23720209 49.93072584 78.96321789]
 [34.32050204 40.70253554 71.18185928 71.26246935 32.66634722 32.03704876
  19.08276581 24.45538494 22.52209669 22.86709038 39.00040964 23.6477915
  35.39202814 35.50042932 21.68587813 25.41093316 24.99323917 25.62547503
  26.12093246 23.47258037 47.18874751 48.60143553 19.9001749  28.89936731
  44.43011379 29.0203149  49.04432223 36.11337792 36.98340296 24.31804957
  19.94341194 28.90706379 51.85253081 83.62050395 40.37821623]
 [85.71116841 83.40619513 78.39469056 66.45942001 27.73022964 57.96639144
  50.66356613 60.13256427 52.1827904  57.45452708 78.15027592 69.55478182
  40.44033136 36.00967634 47.11037339 54.55697985 81.74931923 63.19478405
  53.08726193 55.03550065 67.81398576 49.23726067 35.44168268 53.42690097
  79.77670888 70.99304289 86.15105568 84.89244179 74.10259776 56.21363612
  33.16367892 52.28974454 85.99142455 87.47365454 72.93413322]
 [46.22926254 40.15202837 44.39951402 31.19086139 50.37973686 44.82722146
  60.66660797 43.81511732 49.8457854  44.03367125 39.94445953 42.32609001
  42.05694866 31.83913357 51.32801428 43.42978945 55.4371751  41.15582223
  49.78203393 45.87055783 43.83929257 43.84169933 47.64667533 37.23446659
  34.73173842 72.75834291 60.78691223 50.77011497 51.79471779 46.28683639
  51.91707347 50.44457974 48.31057686 21.967491   45.81199725]
 [68.85093289 86.12131669 89.6709543  89.957967   72.15547514 65.69817667
  52.63274158 34.96005954 40.16288795 28.63178785 69.71235903 77.41823401
  67.94666646 63.75229935 44.35788379 34.54135759 55.90468179 41.22489697
  29.55944438 31.30062362 89.03373861 85.19671291 62.59672776 61.79180853
  84.92697302 86.57058192 78.68651554 70.95045166 57.73205029 55.24899978
  42.73788297 39.89894704 94.32374029 82.27271912 70.23690644]
 [85.53786473 85.1271007  86.99301466 70.19842572 45.64036722 69.00509607
  46.10778978 60.73128858 58.36342336 60.31473035 81.18915668 66.23234655
  56.60462495 61.72019897 48.92123207 64.52522216 80.18235993 69.53539156
  62.95054192 61.56239018 74.71669844 63.31821805 44.07254454 64.33511455
  85.21885183 78.44684073 86.50372841 84.40421425 75.28974353 60.48719663
  44.79636866 65.58333651 82.74863778 84.06401492 67.05796054]
 [77.41623565 74.69076765 60.02898643 70.09326453 49.50220495 47.57570657
  49.88717968 46.04635852 53.60188948 55.92109097 72.09571841 72.08770209
  51.06345322 48.25266342 53.38249211 51.00793302 76.1123709  71.93532688
  53.7608722  54.0386798  62.62642867 65.37749267 53.24065471 48.49812683
  74.87295435 73.75788383 76.07252605 76.45640271 68.66517522 69.41725356
  50.42316326 54.04539479 80.14107204 80.99332329 68.87354967]
 [73.99830469 92.66535377 85.4825001  87.16003972 80.26324332 86.21089905
  75.31055606 75.04070004 60.13412936 73.80284943 86.45789673 86.68036408
  78.85687623 79.50610166 66.27047959 61.39235449 84.23563726 91.74502422
  66.46513838 79.26015227 92.03385566 84.47337087 86.20430768 77.95994829
  70.27091387 88.50209463 84.90226362 84.68864087 77.13998397 86.02475153
  63.58536662 58.17494611 87.47019633 90.4568489  72.46216796]
 [51.93578452 52.56965426 50.87199525 51.5579665  40.25462084 43.216473
  32.74037874 32.5035066  40.39992961 37.57014626 50.89018193 54.11435335
  27.19026298 35.81837971 38.34791925 31.98162912 53.46876857 49.46055191
  35.52922756 40.10679088 42.89939069 48.05084715 35.71344332 38.77306165
  48.68288914 47.78259593 50.74257154 51.59234946 47.31131661 49.10238216
  33.52475685 38.79232653 51.11890821 54.50236948 58.82098731]
 [66.73796499 66.651827   90.10001896 89.68947448 65.82936495 65.3064176
  51.12896006 48.86074315 42.80185217 40.30607542 68.69195681 74.05794106
  63.69065769 62.5436293  44.71208679 44.18653167 52.17030302 74.27855083
  34.63618838 36.62932745 80.85157056 80.80947618 62.30964571 56.52178752
  68.51073685 71.34982497 67.70899775 59.43961811 50.12383585 59.04287604
  41.72492985 44.67381138 82.9810051  87.14789266 57.70758561]
 [74.31847053 69.10224521 70.46328863 48.23249345 69.8179437  43.82687892
  33.81635883 36.9708601  29.43084779 30.52843644 63.45586979 43.34489448
  38.76760943 33.98736695 29.21562132 34.5342948  51.46534098 42.29849228
  40.22760261 31.64151176 46.04933573 39.09358552 33.0767394  36.6928627
  78.77681225 53.17678445 71.29951482 64.61620859 46.85905158 36.97574465
  30.58957133 35.07185769 80.68443059 93.07267903 71.15162798]
 [91.62422986 91.19769942 89.50212787 90.6718474  62.78184174 70.71238014
  40.96550061 47.2670456  46.03159428 46.41983486 81.29790985 80.68256292
  55.3980724  64.20521405 37.89665099 49.42343525 80.14658354 83.72902403
  47.46760913 49.32290748 77.25589221 78.76627065 44.82183988 59.169395
  89.64468722 88.32844675 91.12547097 86.81233718 69.3110954  66.74782495
  41.96186501 50.08237062 92.56025867 93.55074228 52.29915935]
 [84.12206217 77.79773907 79.25724641 73.73089716 38.89874929 43.86921318
  32.71988551 32.1554186  34.31846082 34.25209319 58.53517176 60.3265234
  27.6162483  36.24343389 30.61886638 29.41336152 57.13243568 81.31150269
  33.65575288 36.14405904 51.55321053 49.48305661 30.58946303 33.68609004
  92.09912165 81.61836082 86.9672585  92.27991579 52.33054692 46.57424023
  27.45582392 31.93532286 88.99854993 90.61029267 51.26351048]
 [68.82505485 74.05604976 68.82646039 82.73699554 61.28644924 55.02115923
  53.22183253 50.67398799 46.60609054 46.68896067 65.53857644 66.34538658
  48.07824543 38.43918095 55.93915594 54.02275885 64.78597473 70.6095039
  56.69722999 47.26739452 70.18006621 62.58117949 52.33412491 83.28614178
  72.77808435 74.5803835  72.39563708 69.40461074 61.31469013 56.36554515
  57.15253123 52.73233709 77.52564163 78.59030771 62.14051132]
 [52.71797309 42.3389683  45.90082787 45.13091371 33.43717241 31.00660909
  35.61501754 42.00033328 36.24217077 36.98210339 32.4181699  25.58310007
  44.3730253  46.07006056 37.45759867 40.00457283 57.50873613 33.25263556
  43.27356407 35.19845173 27.83122957 30.97932711 35.26689214 37.31184103
  17.66911244 23.64083027 46.02312436 47.3926664  47.05369088 41.51544075
  40.13054598 47.78819756 34.91941367 75.41388184 61.96810186]
 [62.62806296 68.38839915 37.46739787 43.71517907 20.98011173 25.81201453
  17.67117475 20.71112122 28.02576081 28.7897714  36.99096628 39.51373423
  21.83216701 19.06296412 23.4202436  21.73010985 39.38949862 29.17529646
  30.25524443 30.16474759 25.65874921 29.65604225 19.98710532 17.63496326
  54.32075109 54.80988484 61.89853403 52.18202582 32.22958781 32.32144592
  23.13502897 22.78910559 73.36782451 82.45067807 81.08880751]
 [76.391599   73.18486516 66.06642479 55.23687382 35.35032008 43.58071192
  33.13430049 41.99897106 45.74837094 49.10141692 65.25909582 61.61169587
  34.28587892 46.24068497 34.33842436 43.10310354 62.52328194 64.21765169
  41.1950331  49.40046717 46.28794464 47.24654156 26.30646968 43.1843594
  75.69724205 64.16665417 76.1470907  71.1944842  61.25299916 52.69555557
  37.49680658 57.1766196  70.17036526 83.94050331 70.16477268]
 [98.18740907 98.22869632 99.63149623 99.57094648 99.09603761 98.569298
  88.96693314 97.00409398 88.03422824 93.86305291 90.8199589  91.54307743
  94.75839115 77.55490008 82.19223783 78.38768744 95.7758785  90.47625911
  83.6611692  91.50812523 99.49457999 99.20883151 87.86567432 97.73529934
  97.36854648 96.36506997 91.7653349  99.58226751 84.72264639 81.66722712
  66.31654934 71.36093952 91.31509951 97.27428039 47.24490254]]