[[ 1.13699452  0.6067236   1.81361134  2.91785845  2.12369226  1.68517763
   4.22000277  4.37752815  4.21055625  4.58954928  3.51394738  6.32466298
   9.44310611  9.22335118  5.90420424  6.25496996  3.70187519  1.24489024
   6.94072288  4.32770185  2.51576988  5.1849238   5.65731972  6.2051702
   0.65591744  0.54641715  1.06873818  4.02227112  7.12280809  6.75547482
   7.68549321  8.44858607  0.46183704  0.4581245   3.48222998]
 [ 7.81712988  6.75936318  2.75531162  3.01142001  4.75743933  7.36833895
   5.81994878  5.46603628  5.84678998  7.97701896  9.87464959 11.47607936
   4.46310513  6.85175627  6.06936231  5.68934214  6.89364682  3.11216018
   6.02527367  7.14796038  4.97495658  7.93664654  5.10818111  5.39102751
  10.40683217  5.69349636  7.8126611   7.13873609  7.35849272 10.54794107
   5.73616752  5.43579484  4.03490279  7.74193445 16.18968266]
 [20.78783561 29.71076936 16.46152228 50.91460815 27.18866117 20.40477581
  24.3133148  18.0581423  19.36848066 18.69634469 21.46030369 30.7880708
  26.03357746 33.4125992  26.29360789 22.06406878 20.81186928 13.63501847
  24.43776185 18.86109197 21.3233062  58.11279683 26.92670178 21.41348978
  30.8582032  46.47357879 23.55355647 21.94818828 24.44467762 34.82928316
  24.52201025 22.6563224  17.77890902 30.20792109  8.31762346]
 [28.46714955 20.40399313  6.95778667  6.36552697 21.19368575 23.11685261
  16.30435333 12.15123905 15.44067249 14.34925809 22.10515024 26.04234043
  16.86461958 12.28040491 15.46864321 12.6260208  21.52440388 22.12074157
  12.82184407 15.04432164 14.10623274 11.93858832 17.84195576 12.8107988
  23.47242828 24.04584257 16.62218264 25.08500462 17.60256772 19.01740883
  12.70406932 12.98985309 20.48415528  5.40723559 17.13078496]
 [ 6.01872907  6.65470859  9.51578262 13.91864515 28.88524922 12.48666161
  13.67341545 10.87791967 15.41411241 13.05360045  8.90590205 13.36047509
  23.04760864 20.21568527 15.09875287 13.44243309  6.27117231 13.24584201
  13.42290657 14.19254888 13.27947861 18.00277354 21.2973065  13.48125222
   9.1517175  14.48083315  5.53652856  5.7474127   9.28326826 18.29855161
  19.93433066 13.98205501  5.4469105   4.75223898 10.81582091]
 [15.76293218 20.88249989 16.8548942  28.44309585 14.09811292 11.76374637
   7.7799262  11.72097877 10.17618363 12.51692544 18.83923838 15.96682886
  12.52093255 12.50485133 10.75510352 11.51455765  9.75811542 17.62532409
  11.0411774  11.78274525 18.46624179 12.53795332 11.76905584 11.699903
  26.99429014  8.96700659 11.92137864 12.87650832 11.61069191 13.60538703
  11.07167609 10.70815432 18.29413678 34.5253013  16.8738225 ]
 [ 9.25185511  3.97276111  2.51355888  2.7715159   7.16168043  9.5684113
  10.08191382 12.06871585  9.35394515  9.91536464 10.46687828  7.72291463
  10.32933063 13.18923051 12.07115941 12.43311628 13.43909313 12.236384
  11.72537008 10.32540344  2.87603767  4.83929981  9.46695969 10.34361063
   3.65407675  3.94501615  6.25727517  8.73279973 15.72659983 16.00492696
  13.99430743 14.82278801  1.07233462  4.74685205  9.59000738]
 [ 3.1993189   3.4204243   2.54391435  5.63195784 11.84987926  8.20146758
  14.80631995 10.91142815  9.20537403 10.17578646  4.31196892  8.31786854
   9.47407726  8.28559802 10.11856473  7.66699519  3.90801333  6.23840528
   7.26795181  9.09367041  5.01905391  6.67776495 10.94283804  8.54148588
   3.40319223  5.96854656  3.00635703  3.4980361   4.87812638  8.02445213
  10.40606152  7.0412471   3.26353737  1.96852274 11.38812665]
 [ 3.67655356  4.58218973  9.56639044  6.32355872  9.59517405 10.61110423
   9.03631585  7.74054695  8.31654706  7.79352166  5.73648676  5.95673884
  11.54881538 13.46686916  9.78506034  9.45880634  4.42240587  4.78419077
   9.36973751  8.49624254  7.77401065  8.65634151  9.68360543 10.75436092
   5.22834911  4.76949091  4.00633158  4.09832993  7.03083962  7.69046668
  11.89865598 10.54988059  3.05560076  2.59695745  7.98577924]
 [10.61224332  2.645775    5.4749551   4.15498803  5.74952547  3.80942066
   5.01777507  5.36934796  5.60675647  4.19384742  5.26809084  4.50403987
   5.18290561  5.15788114  5.31270545  5.55648559  4.74827868  2.15707156
   5.29843755  3.67123061  2.63176735  5.35316568  3.45781693  5.84587392
  14.08428929  3.95900862  5.02078469  5.29273013  7.13529432  4.58583708
   7.61305922  7.92144078  5.1581163   3.73893707 11.44272741]
 [ 9.26704807  9.66487849  8.36738844  9.23230103  8.294006   10.38790712
   9.58825664 13.21134116 13.66586913 12.65821655 12.51889733 14.34929043
  17.27173935 19.86862016 13.93233473 14.38940874 11.52818444 10.00294464
  15.32017522 13.0515098  11.1559605  11.99588281 11.8731426  13.91224658
  11.57984319 14.07938731 11.08285678 10.58179222 14.47597673 15.56386401
  17.33527125 17.46358913 15.49926152 15.56183032 12.04762518]
 [ 9.29642933 10.84594939  1.71373621  1.93939281 10.47745316 11.69844328
   9.82830857 10.73213919 10.31746047 10.82353812  7.20470342  5.83833301
   8.75058227 10.82972292 11.51955874 13.46836778  8.61569109  5.84846921
  12.72709589 11.44889854  4.01399811  4.31940157  7.69694967 11.76138708
   9.09085964  8.4677632   9.49421702  9.18594231 10.00324387  8.21534488
  13.37641286 14.26545646  4.54477988  3.620568   16.86731647]
 [10.79608671 12.30204767 13.36784265 23.27630655 12.50357685 25.80720177
  24.99414894 27.36609641 25.38728529 27.95183837 18.04461997 26.38125394
  27.46273146 30.39781525 27.03027461 28.67103723 21.89015994 25.56032585
  24.0297487  26.55626933 25.21454656 29.16155575 27.01966599 28.74909753
   9.52168956 20.44361351 11.7742397  15.3636308  25.58594728 28.67199885
  28.74112836 29.84680065  8.2470163   2.70181775 11.19501588]
 [ 1.53610529  1.70631596  1.55065819  1.62375812  6.54870024  4.72991726
   9.01090626  8.43923779  9.45505553 10.52154632  2.88221452  3.63587987
   9.96589817  7.39161213 10.11101367 10.47268692  2.97897111  2.62193428
   8.72729869  9.40196046  3.9205439   3.60624037  9.87476715  7.45032194
   1.76263414  2.35056244  1.66766712  2.22440532  4.80494001  6.00471209
   9.31308445 10.59798599  1.41427329  1.14453597 13.67061479]
 [ 2.90820003  4.32791487  3.09323612  3.67221196  9.91949328  8.81591018
   8.94657769  7.61981679  8.74780095  8.64560296  7.47929993  6.69852659
  11.71839966 11.37081768  8.65373745  7.0389582   6.65180808  4.83535292
   6.63467253  9.1430734   7.67239483  7.93587533 10.37994335  9.04970497
   1.32341239  3.37076597  2.43677843  1.29005071  8.58008014  8.8487053
   8.63935683  7.69688798  2.50310137  2.65116233 14.24034935]
 [ 7.10802018  6.38444459  6.72595799  3.09200235 11.59041249 15.49104016
   9.31158093 10.22919991 11.20053144 11.44649995  7.93719507  8.21090106
  13.65677038 15.80001961  9.15049422  9.14856235  7.36238619  6.82399768
   8.48848037 11.18923431  7.45021129  9.9807862  12.08740799  4.04685946
   5.67896494  6.54607997  6.71591547  7.32102551  8.93497895  9.46712925
   8.87809283  9.5905157   5.32140781  5.59519583 11.42728139]
 [13.52848437 23.52310331 15.71499196 18.37799195 22.79089044 26.27335616
  11.39178796 10.52623111  9.97849383 12.04620447 29.99333909 32.90322115
  15.34913606 15.79017238  8.77266076 11.28906916 10.29909441 19.48472242
   8.32794228 11.46377586 29.87299342 25.79184174 14.25586347 17.31607091
  41.409249   36.3835391  19.40674061 15.11579226 17.41322726 18.75289082
   9.7084421  10.58310558 28.22776293  8.86549651 15.54305389]
 [ 5.75660183  5.67903124  5.89543711  6.43934847  7.11772356  7.60529722
   9.48024894 11.69754277 12.31962949 14.39401615  7.70927195  8.85582876
   8.10560634  8.9617123   9.32132653 12.05961283  7.9226289   6.33714585
   8.43002912 12.88518246  7.48196223  7.59604987  8.57051558 10.11651458
   5.94605729  7.00789086  6.0430721   6.67036094  9.33882731 10.47021483
   8.81843006  9.35211371  6.59925952  4.48387287  5.34726193]
 [ 6.5995736   8.23854766  7.12220357  8.79020034  7.9480177   9.99227846
   5.88638134  6.37655923  5.62801569  5.89228441  7.33470813  8.85340774
   7.91001729 10.15070122  6.31782624  6.7458321   7.09276346  7.62449152
   7.11919556  5.62004095  9.19197381  9.92023408  6.0202088   6.69463148
   5.7528301   9.38575369  6.65216703  6.50477427  7.10660949  9.41054037
   7.68967721  6.30933924  8.93719961  4.32882876  9.7181168 ]
 [ 0.47748804  0.56646797  0.0971533   0.11738597  0.35522452  0.56021539
   3.92654478  1.04236679  3.35377895  1.82439254  2.526837    2.39932737
   1.3182014   6.63435148  4.41590381  6.67592192  0.98009933  2.49525067
   3.80307383  2.32699855  0.16687602  0.24750056  3.31067523  0.75118832
   0.69559353  1.23260974  2.62293227  0.11154501  3.80747977  5.23884303
   7.29137777  7.70260073  2.03277323  0.72297646 19.03948588]]