[[2.20153239e+00 2.79297216e+00 2.23417532e+00 2.60802739e+00
  4.50820091e+00 4.76735942e+00 2.40382160e+00 1.96414107e+00
  1.82774444e+00 1.62458341e+00 9.71047260e-01 1.44539596e+00
  2.00103664e+00 5.48778542e-01 1.23979883e+00 9.24140777e-01
  7.16811673e-01 1.45260118e-29 5.91392662e-01 1.63474798e+00
  5.87911710e+00 1.60527958e+00 2.16971862e+00 1.23470433e+00
  1.30732166e+00 2.25365371e+00 2.16946915e+00 9.39706119e-01
  3.92210041e-01 3.72518289e-01 4.30264008e-01 2.73485736e-01
  2.42840544e+00 1.67907634e+00 1.72614460e+00]
 [2.17233982e+00 2.77838214e+00 1.58038262e+00 1.82740804e+00
  8.63360966e-01 1.20494469e+00 7.31783755e-01 1.07730298e+00
  1.12687106e+00 2.08001646e+00 1.04506374e+00 1.80605522e+00
  3.09726560e-01 4.85777792e-01 5.05249962e-01 6.12233869e-01
  5.42856941e-01 7.84857984e-30 3.72965813e-01 1.62637494e+00
  9.53701533e-01 1.19652034e+00 5.18740308e-01 6.56790164e-01
  2.07491444e+00 2.36535696e+00 1.94919214e+00 1.28808124e+00
  3.60374987e-01 3.60164243e-01 2.38448682e-01 2.48362661e-01
  1.70155875e+00 2.12940649e+00 2.95408960e+00]
 [4.76645672e+00 3.59907524e+00 2.99456059e+00 1.94490279e+00
  2.36079048e+00 4.26637845e+00 1.41587971e+00 1.60941212e+00
  1.70131878e+00 1.49895843e+00 1.51231300e+00 1.40265579e+00
  5.25721396e-01 5.44604528e-01 1.21653414e+00 1.00010563e+00
  7.66612630e-01 1.92306123e-30 7.31933596e-01 1.50745134e+00
  1.27819683e+00 9.84546840e-01 1.11161913e+00 1.18636027e+00
  7.52034180e+00 2.49803709e+00 4.89481059e+00 3.15821208e+00
  3.40071317e-01 3.26589563e-01 5.20936035e-01 3.61385447e-01
  6.55981587e-01 1.72578179e+00 3.61589702e-01]
 [6.71181751e+00 7.41917689e+00 2.52951883e+00 2.50535999e+00
  2.36683364e+00 7.94150642e+00 1.64083073e+00 2.37438348e+00
  3.80691221e+00 6.63119707e+00 8.23175531e-01 2.93413229e+00
  3.19845200e-01 4.51817087e-01 6.77219074e-01 1.01577152e+00
  5.15898874e-01 9.81856867e-30 5.11950509e-01 5.15876975e+00
  1.14638535e+00 1.74013991e+00 9.50860139e-01 1.33163251e+00
  2.36666730e+00 2.64452813e+00 3.76391785e+00 1.69636932e+00
  2.41644243e-01 3.64011319e-01 2.10813487e-01 2.37697959e-01
  2.27019764e+00 2.20398173e+00 2.86488492e+00]
 [5.27244653e-29 3.31706992e+00 3.14918679e+00 2.65621782e+00
  2.23347907e+00 1.43146548e+01 1.78706400e+00 2.18430387e+00
  1.89556554e+00 1.63901394e+00 1.04395795e+00 1.21571710e+00
  6.81629601e-01 5.79131490e-01 1.04963780e+00 1.01683122e+00
  6.73145575e-01 2.85352978e-30 6.02133806e-01 1.63124368e+00
  1.33738824e+00 1.48935603e+00 1.53076054e+00 2.05646691e+00
  1.64806650e+00 1.79272339e+00 2.79368332e+00 1.14015968e+00
  4.12414031e-01 4.36555104e-01 3.95759909e-01 3.09497926e-01
  8.95446729e-01 7.75867884e-01 2.06103505e+00]
 [9.63915290e-01 8.66682570e-01 1.04064900e+00 7.72299647e-01
  8.54324002e-01 7.66926398e-01 8.91897197e-01 1.00441220e+00
  3.99559696e+00 2.81880239e+00 5.55539283e-01 5.22638697e-01
  4.31034990e-01 3.55162463e-01 6.14353550e-01 6.12522670e-01
  3.95120276e-01 6.04125108e-30 4.40714362e-01 4.21681650e+00
  9.47656590e-01 5.98596782e-01 5.65872129e-01 5.97048307e-01
  8.17948093e-01 7.15199885e-01 9.09752687e-01 5.37189849e-01
  3.08721119e-01 2.27787178e-01 2.77453475e-01 2.38127553e-01
  2.40570126e-01 1.63342098e-01 7.73944507e-01]
 [4.28497521e+00 3.85703163e+00 3.13627895e+00 4.04248686e+00
  2.34359326e+00 7.71389743e+00 2.54567425e+00 3.64008849e+00
  4.97792703e+00 3.85441500e+00 1.30853626e+00 1.68023803e+00
  1.36495988e+00 2.15828152e+00 1.43251625e+00 1.65941615e+00
  9.28239870e-01 2.18497317e-30 1.00551839e+00 4.45400282e+00
  2.42906765e+00 2.17382749e+00 2.05994425e+00 3.69869639e+00
  2.39828072e+00 2.56010188e+00 3.97333694e+00 1.63545818e+00
  7.41565314e-01 6.99606123e-01 6.36246369e-01 5.92154698e-01
  1.12421492e+00 9.89511247e-01 6.75518063e+00]
 [1.78709808e+00 1.34312429e+00 2.15871005e+00 1.52715287e+00
  1.94399068e+00 2.77108442e+00 1.47142549e+00 2.76670871e+00
  3.60806258e+00 1.47607031e+01 8.17552454e-01 7.49198782e-01
  6.27079501e-01 4.77147065e-01 8.15103429e-01 1.28965188e+00
  5.04375678e-01 4.34321823e-29 6.50547296e-01 7.36995086e+00
  1.21020577e+00 9.40129317e-01 9.70860387e-01 1.09746422e+00
  1.19961449e+00 1.06026396e+00 1.39989720e+00 7.58932119e-01
  3.28030960e-01 2.93409829e-01 3.41065321e-01 3.77325851e-01
  5.74354942e+01 7.64325896e-01 4.74511017e+00]
 [1.74116070e+00 1.20792815e+00 8.72030109e-01 8.46881158e-01
  5.67991810e-01 6.11796484e-01 6.63216598e-01 9.42258722e-01
  7.71753840e-01 1.67371218e+00 4.54259272e-01 4.55404563e-01
  2.69083791e-01 2.89621898e-01 3.48247089e-01 4.05157510e-01
  3.21825567e-01 9.28085307e-30 2.66524929e-01 1.17746990e+00
  5.21460216e-01 5.32519290e-01 4.12416626e-01 4.33518373e-01
  7.60837767e-01 7.02081172e-01 1.20570609e+00 4.76646331e-01
  2.10298409e-01 2.05805526e-01 1.95300305e-01 1.83418024e-01
  1.43995304e+00 2.98019404e+00 4.73567408e+00]
 [1.29547332e+00 1.24085906e+00 1.19843861e+00 1.00553642e+00
  2.98808880e+00 9.73373822e-01 1.30118217e+00 1.07012874e+00
  2.36263225e+00 1.79390967e+00 4.77928269e-01 7.01666702e-01
  5.08516943e-01 3.78543415e-01 1.60868957e+00 5.56778967e-01
  3.30407413e-01 4.41523397e-30 3.82204566e-01 1.90204898e+00
  8.55508773e-01 6.47886887e-01 4.71566449e+00 6.40715745e-01
  8.58426114e-01 8.69291568e-01 1.33797714e+00 5.27737436e-01
  1.86248278e-01 2.57331617e-01 3.68346224e-01 2.27455628e-01
  6.24006698e-01 6.67531750e-01 2.58268075e+00]
 [4.41719653e+00 4.87269150e+00 3.74389739e+00 2.40590642e+00
  1.56835788e+00 1.30576727e+00 1.69795648e+00 1.47970423e+00
  2.13081693e+00 1.83432164e+00 1.03401683e+00 1.08852178e+00
  5.60437615e-01 5.07426159e-01 8.96649952e-01 7.64959403e-01
  6.19456402e-01 4.02289955e-30 4.39546447e-01 1.62632215e+00
  1.48350708e+00 1.07615307e+00 9.22452904e-01 8.17860736e-01
  1.99799303e+00 2.44000480e+00 3.94063945e+00 1.19201407e+00
  3.29888686e-01 3.15623591e-01 3.02787510e-01 3.46348892e-01
  8.41486525e-01 1.14740120e+00 1.31555144e+00]
 [1.68628780e+00 1.55076529e+00 1.65197846e+00 1.47997239e+00
  1.52148004e+00 1.74401100e+00 1.93064327e+00 1.98159693e+00
  3.68817487e+00 3.46073619e+00 1.01432667e+00 1.24705786e+00
  8.36812574e-01 8.41567689e-01 1.52383069e+00 1.39690178e+00
  1.00348791e+00 5.51248524e-30 9.51168973e-01 3.41049902e+00
  1.41892030e+00 1.33893916e+00 1.28518163e+00 1.65350942e+00
  1.41282510e+00 2.68468112e+00 1.88513702e+00 1.12908261e+00
  5.75327405e-01 7.64246615e-01 6.16234148e-01 5.22410861e-01
  2.89144392e+00 9.61653899e-01 4.42253383e+00]
 [3.34437402e+00 3.79775486e+00 2.64028929e+00 2.94717903e+00
  2.00880873e+00 2.02466616e+00 2.65076321e+00 2.66283355e+00
  6.04407011e+00 4.17333247e+00 1.59153815e+00 1.87017948e+00
  9.46367508e-01 7.59524880e-01 1.76825053e+00 1.31899846e+00
  1.10004060e+00 1.38760792e-29 1.00979285e+00 4.95364349e+00
  1.68908464e+00 1.83410510e+00 1.64921342e+00 1.51770518e+00
  2.43786536e+00 2.58977212e+00 3.23156974e+00 1.80615738e+00
  6.01735635e-01 5.79308208e-01 7.12968971e-01 4.18836413e-01
  7.58538012e-01 8.35491659e-01 5.99624465e+00]
 [3.26904381e+00 3.71411096e+00 2.80064385e+00 3.35209710e+00
  2.42909832e+00 2.65231808e+00 2.56770690e+00 2.96486401e+00
  3.34510360e+00 5.78851566e+00 1.83832751e+00 2.68258473e+00
  9.62079950e-01 1.46899619e+00 1.71052895e+00 1.84805011e+00
  1.65685630e+00 2.26566868e-30 1.07901805e+00 3.75249732e+00
  2.19449103e+00 2.33327077e+00 1.75721003e+00 2.21520144e+00
  2.52825851e+00 3.28272527e+00 3.07736346e+00 2.17079860e+00
  8.84123428e-01 1.23032257e+00 5.22250676e-01 7.06289887e-01
  1.28308742e+00 1.19315820e+00 1.35072392e+01]
 [1.14555173e+00 1.18239688e+00 9.59414318e-01 8.93449307e-01
  8.06455830e-01 8.77552989e-01 1.31277745e+00 1.22838736e+00
  1.75439549e+00 1.76968848e+00 4.70074805e-01 5.82668526e-01
  4.12705653e-01 3.69593003e-01 8.21732311e-01 6.70107187e-01
  3.98690815e-01 2.30787070e-30 3.95413367e-01 1.45579591e+00
  6.32953042e-01 5.96213759e-01 8.00646700e-01 6.95277319e-01
  7.58062275e-01 8.39871286e-01 1.11515896e+00 8.16953976e-01
  2.55956521e-01 2.83507763e-01 3.46350875e-01 2.13852075e-01
  8.23344973e-01 8.65127671e-01 5.68858945e+00]
 [2.41338223e+00 2.36519726e+00 2.26724595e+00 2.08051214e+00
  1.85537001e+00 1.72377795e+00 1.90513597e+00 1.86309091e+00
  1.98665319e+00 1.92295062e+00 1.40904296e+00 1.53857338e+00
  9.15414714e-01 8.67587953e-01 1.31861435e+00 1.21804702e+00
  1.09736980e+00 3.15247907e-31 7.22853363e-01 1.87370810e+00
  1.71320137e+00 1.56821021e+00 1.50673817e+00 1.52347733e+00
  1.90708607e+00 2.03973222e+00 2.41861248e+00 1.64004312e+00
  6.37658947e-01 6.46311340e-01 5.30179657e-01 4.96852429e-01
  9.05929258e-01 1.15212286e+00 1.19495360e+00]
 [1.64494804e+00 1.40387378e+00 1.23166270e+00 1.52461858e+00
  8.41660463e-01 3.08521670e+00 1.44053828e+00 2.87626125e+00
  7.79260017e+00 1.04566217e+01 4.70867339e-01 6.93075229e-01
  4.62108566e-01 6.95045496e-01 1.05018770e+00 1.23355304e+00
  3.42472897e-01 6.44584678e-30 6.86281074e-01 1.12725210e+01
  7.18714786e-01 2.04570880e+00 7.90387396e-01 1.30401747e+00
  8.55493636e-01 9.89590960e-01 1.04025236e+00 5.36863185e-01
  2.48504256e-01 2.78074581e-01 3.49429890e-01 3.15508169e-01
  1.36499278e+00 1.56186137e+00 6.83418197e-01]
 [6.40021508e+00 6.48717079e+00 3.56145114e+01 3.21518673e+01
  1.24591721e+02 6.39309593e+01 1.34008614e+01 1.11508873e+01
  8.05645862e+00 1.31787041e+01 5.48458453e+00 9.33225162e+00
  1.38405753e+01 1.70834090e+01 5.35298159e+00 4.87850408e+00
  1.08278654e+00 1.99181301e-29 1.54881760e+00 1.15306678e+01
  5.08855646e+01 1.25771752e+01 3.67875385e+01 2.53462554e+01
  4.23685389e+00 4.99658384e+00 5.16607163e+00 2.31324720e+00
  1.70528245e+00 3.14742573e+00 1.85662541e+00 1.77846434e+00
  1.76865316e+01 1.89849572e+01 1.78879465e+02]
 [1.04898963e+00 9.10292451e-01 1.04811734e+00 9.70074762e-01
  3.29284113e+00 9.66001228e-01 1.08690797e+00 1.66325548e+00
  3.21488967e+00 5.04285884e+00 5.22577438e-01 4.87403858e-01
  4.17607193e-01 3.38027354e-01 9.62503363e-01 9.40158803e-01
  3.49838261e-01 7.89554509e-30 5.03915800e-01 4.11158972e+00
  8.28553421e-01 6.92098961e-01 1.44905435e+00 6.95773728e-01
  7.17940944e-01 7.55402231e-01 8.79756115e-01 5.44117379e-01
  2.06102902e-01 2.38040427e-01 2.98107827e-01 2.27348749e-01
  5.96474511e-01 3.52351748e-01 2.10600943e+00]
 [1.22584525e+01 1.10824335e+01 1.28745067e+02 2.76542001e+01
  7.36496217e+01 2.96757672e+01 1.70008919e+01 3.30231851e+01
  7.30568652e+00 1.23359416e+01 3.88452455e+00 6.39172101e+00
  2.47385943e+00 2.14828942e+00 4.40879806e+00 2.92437337e+00
  2.95361599e+00 3.01270401e-29 1.88161914e+00 9.03683818e+00
  4.73965859e+01 1.49369078e+01 8.92939989e+00 6.08999082e+00
  1.04864352e+01 6.27912327e+00 5.24665007e+00 1.72866544e+01
  1.23051998e+00 1.10678213e+00 1.07913593e+00 7.57000416e-01
  1.11305386e+01 1.17310427e+01 7.13677982e+00]]