[[1.57852170e+01 1.59211628e+01 1.47071222e+01 1.47242105e+01
  1.64982357e+01 2.00631612e+01 3.77206784e+01 5.03360590e+01
  4.62207406e+01 3.13398051e+01 8.31656143e+00 6.87910089e+00
  5.19282297e+00 3.09556724e+00 1.45651783e+01 1.36362456e+01
  5.75885944e+00 1.49950626e-28 7.44585983e+00 3.19147726e+01
  1.33569331e+01 9.09497845e+00 1.46306852e+01 1.43958868e+01
  1.11115939e+01 1.24802481e+01 1.49009891e+01 8.39790110e+00
  2.84833299e+00 1.94199056e+00 3.49437204e+00 2.37468308e+00
  9.09155628e+00 4.95200609e+00 5.86639074e+00]
 [2.43977606e+01 2.53603437e+01 1.95260068e+01 2.17079658e+01
  1.62206004e+01 1.65715682e+01 1.62626111e+01 1.76060813e+01
  1.68508789e+01 1.42360565e+01 8.20260344e+00 1.02608194e+01
  4.85978836e+00 5.68673890e+00 8.75148455e+00 9.23480743e+00
  6.68679782e+00 1.08512121e-28 5.40449179e+00 1.43815590e+01
  1.16924114e+01 1.33374638e+01 9.91386258e+00 1.11886003e+01
  1.47223478e+01 1.66938614e+01 2.27789950e+01 1.35890485e+01
  3.80815009e+00 3.23469185e+00 3.43827527e+00 3.43292607e+00
  1.31548465e+01 9.83702444e+00 1.21083949e+01]
 [9.36682606e+00 9.73862779e+00 1.15633977e+01 1.01206962e+01
  1.01023623e+01 8.05675712e+00 1.34949339e+01 1.15536580e+01
  1.26580005e+01 1.12643267e+01 6.06556906e+00 3.70641816e+00
  2.50351034e+00 2.14201418e+00 5.31512602e+00 5.00704650e+00
  2.72428907e+00 5.35578551e-30 3.42639258e+00 1.09124654e+01
  5.96103775e+00 4.95295858e+00 6.62937795e+00 5.69630823e+00
  8.69424655e+00 7.78301988e+00 9.31811872e+00 8.06318629e+00
  1.34526959e+00 1.34072563e+00 1.85000567e+00 1.55022978e+00
  3.71704612e+00 3.67496552e+00 3.08045137e-01]
 [2.06882050e+01 2.08977594e+01 1.85023727e+01 2.06964794e+01
  1.66506406e+01 1.83817770e+01 1.89787929e+01 2.41144587e+01
  2.33633335e+01 2.59833146e+01 6.75927800e+00 1.02843735e+01
  2.86891567e+00 3.58480866e+00 8.91979394e+00 1.02549363e+01
  5.74844834e+00 3.07770841e-29 7.25128434e+00 2.23081612e+01
  9.01644063e+00 1.20942015e+01 1.03661670e+01 1.11361413e+01
  1.34613576e+01 1.45551736e+01 1.85235689e+01 1.14252562e+01
  2.64928145e+00 3.36644105e+00 3.16017453e+00 2.84147006e+00
  5.78266579e+00 6.67017409e+00 2.90370492e+00]
 [2.29207270e-28 1.30839097e+01 1.84783753e+01 1.36092793e+01
  1.01977132e+01 1.04108449e+01 1.11153690e+01 1.15561713e+01
  1.05538727e+01 9.80644002e+00 5.26055162e+00 5.64951041e+00
  2.40184230e+00 2.32745193e+00 5.09160379e+00 5.18495369e+00
  3.74562261e+00 1.20965137e-29 3.31907743e+00 9.77355532e+00
  7.16415833e+00 7.38178268e+00 6.04145438e+00 5.88545874e+00
  8.42535318e+00 8.04842198e+00 1.17525387e+01 6.41618106e+00
  1.75142172e+00 1.85333161e+00 1.52559501e+00 1.40687544e+00
  4.12232992e+00 4.79316356e+00 5.80203382e+00]
 [2.04679624e+01 1.96155432e+01 2.18758491e+01 1.92191017e+01
  2.28464971e+01 2.03234500e+01 2.81740309e+01 2.88308266e+01
  3.56001897e+01 3.62770929e+01 1.31255495e+01 1.14818604e+01
  8.54637470e+00 6.12109374e+00 1.64734497e+01 1.48711780e+01
  8.93819673e+00 1.65217475e-28 1.11224253e+01 3.64017711e+01
  1.71761314e+01 1.28971890e+01 1.78679438e+01 1.53810221e+01
  1.69847392e+01 1.51174055e+01 1.98024212e+01 1.32713111e+01
  6.51612374e+00 4.19196565e+00 5.69049162e+00 4.26170420e+00
  2.46184863e+00 2.17168048e+00 3.99552379e+00]
 [1.92780886e+01 1.86429743e+01 1.67004802e+01 1.82892152e+01
  1.49532656e+01 1.73767714e+01 2.22314919e+01 2.48172722e+01
  2.86012959e+01 3.22681945e+01 7.80033747e+00 8.03516444e+00
  4.65744027e+00 5.23119586e+00 1.13903761e+01 1.23677129e+01
  7.09979535e+00 1.90134384e-29 1.13181355e+01 2.77205079e+01
  2.00364600e+01 1.01634608e+01 1.18802021e+01 1.31135800e+01
  1.24370919e+01 1.28389492e+01 1.88234710e+01 1.08080601e+01
  4.84559456e+00 3.78257435e+00 4.07976301e+00 3.54218656e+00
  8.48563904e+00 9.35286972e+00 1.18765547e+01]
 [2.10155640e+01 1.82644899e+01 1.94170510e+01 1.79749222e+01
  1.84860978e+01 2.03097304e+01 2.67537723e+01 3.36961619e+01
  2.81520701e+01 2.60289074e+01 1.02504377e+01 9.79416945e+00
  5.35502960e+00 5.44815552e+00 1.27941910e+01 1.45007849e+01
  1.10452233e+01 8.55988719e-29 8.24495168e+00 2.52124438e+01
  1.21436096e+01 1.15931949e+01 1.20448866e+01 1.57943925e+01
  1.74804677e+01 1.42819505e+01 2.06019236e+01 1.80024162e+01
  4.22775018e+00 3.16509848e+00 3.80152737e+00 4.32323194e+00
  3.06832131e+01 2.82578198e+00 2.05486313e+01]
 [9.54384428e+00 8.73636423e+00 1.02685709e+01 8.95291119e+00
  9.02894622e+00 7.56680446e+00 1.15587174e+01 1.33156672e+01
  1.17723526e+01 1.10360297e+01 4.68161545e+00 4.50763407e+00
  3.04778108e+00 2.02841745e+00 5.04533845e+00 4.42809196e+00
  3.73625515e+00 8.57345802e-29 2.85506926e+00 1.05785344e+01
  6.30844825e+00 4.96272530e+00 6.24263772e+00 5.25350909e+00
  6.27440923e+00 6.27757211e+00 7.93413671e+00 5.54222791e+00
  2.04035455e+00 1.90323237e+00 1.93509073e+00 1.51690857e+00
  6.06447899e+00 7.07629623e+00 2.42851802e+01]
 [4.89892635e+00 4.18136513e+00 5.22078261e+00 4.27127633e+00
  4.97392277e+00 4.06129216e+00 6.53465817e+00 7.44466440e+00
  7.70392395e+00 7.97995418e+00 2.22025900e+00 1.10237451e+01
  1.55761250e+00 1.80911058e+00 3.94479220e+00 4.24254473e+00
  1.82881681e+00 1.48430406e-29 2.73883109e+00 8.08215958e+00
  3.85634805e+00 3.31260463e+00 4.25574375e+00 3.74163939e+00
  3.21506544e+00 3.97539107e+00 4.58603753e+00 2.84182014e+00
  1.03293960e+00 9.93070787e-01 1.43158969e+00 1.23285499e+00
  1.40928685e+00 2.51645482e+00 6.54847748e+00]
 [1.13971091e+01 1.16535407e+01 1.43175019e+01 1.39242172e+01
  1.56437414e+01 1.14366143e+01 2.17651926e+01 1.51143959e+01
  1.69527320e+01 1.42073548e+01 5.21519806e+00 5.79031727e+00
  3.00514616e+00 3.14087768e+00 7.02609396e+00 5.82637236e+00
  3.56661623e+00 3.56657411e-29 3.38280250e+00 1.35147213e+01
  7.71773538e+00 7.58836167e+00 8.31221742e+00 7.07641522e+00
  7.82519504e+00 9.34481166e+00 1.10338153e+01 5.68346906e+00
  1.77834411e+00 1.64938183e+00 2.02682265e+00 2.09902416e+00
  3.49808407e+00 4.10421400e+00 6.35435031e+00]
 [6.49154904e+01 6.26885926e+01 7.01543844e+01 5.95393300e+01
  6.54153908e+01 5.35533431e+01 7.33767125e+01 5.67202569e+01
  1.13600499e+02 9.52115927e+01 3.56280611e+01 3.39108222e+01
  2.04768234e+01 1.69204313e+01 4.21507639e+01 3.10102486e+01
  2.83493431e+01 2.21470880e-28 2.29296336e+01 9.95342622e+01
  5.08690323e+01 3.88242370e+01 4.82972740e+01 3.72327349e+01
  5.03746268e+01 4.45853473e+01 6.66104284e+01 4.25772482e+01
  1.70868819e+01 1.64896248e+01 1.37289003e+01 1.01236048e+01
  6.75333164e+00 5.53662914e+00 2.12862274e+01]
 [5.87459233e+00 6.83769260e+00 6.37037715e+00 5.47685662e+00
  6.86627814e+00 4.61959867e+00 5.77619212e+00 5.39139388e+00
  5.68550960e+00 5.44891328e+00 2.32628272e+00 2.70451070e+00
  1.95642555e+00 1.48582085e+00 3.22425056e+00 2.64415131e+00
  1.92550984e+00 2.45233341e-29 1.95334997e+00 5.93826580e+00
  3.51517603e+00 3.18793974e+00 4.33220692e+00 3.18223872e+00
  4.22482655e+00 3.76381342e+00 5.25828514e+00 3.01834265e+00
  1.19052580e+00 9.24378695e-01 1.36940157e+00 7.61153113e-01
  2.48876321e+00 2.44262378e+00 1.23496200e+01]
 [6.78343183e+01 7.02718972e+01 6.33148424e+01 6.58961264e+01
  6.41813542e+01 6.97940414e+01 8.54563628e+01 1.08776204e+02
  7.86973526e+01 8.91142488e+01 3.73107935e+01 3.79066377e+01
  1.33588401e+01 1.64014693e+01 4.86896606e+01 3.65602338e+01
  3.24424579e+01 9.10981089e-29 3.50669330e+01 7.14442765e+01
  3.98571860e+01 4.22957999e+01 4.53713529e+01 4.85217094e+01
  4.88930016e+01 5.12109738e+01 6.71162251e+01 4.58211519e+01
  1.51405135e+01 1.48522025e+01 1.80719261e+01 9.40506180e+00
  1.70157041e+01 1.55971667e+01 8.96036539e+01]
 [9.92569162e+00 1.06571082e+01 1.00578880e+01 9.50067658e+00
  1.04979521e+01 8.66960195e+00 1.45674888e+01 1.20816478e+01
  1.43845598e+01 1.38768630e+01 4.22159810e+00 4.81448569e+00
  3.45885345e+00 2.96845640e+00 7.85981942e+00 5.52893058e+00
  3.21439103e+00 2.14292273e-29 3.35734732e+00 1.29245225e+01
  7.11813690e+00 5.99292644e+00 8.69063671e+00 6.35373910e+00
  6.52236035e+00 8.11964601e+00 9.84892375e+00 7.55173411e+00
  2.11873469e+00 1.86576328e+00 2.56127206e+00 1.87746363e+00
  4.44903213e+00 6.20707393e+00 1.98096388e+01]
 [1.78622543e+01 1.75179724e+01 1.98813686e+01 1.78493786e+01
  2.02603098e+01 1.88459251e+01 2.49522971e+01 2.63850042e+01
  3.14401616e+01 2.95064694e+01 8.14591179e+00 8.96842628e+00
  4.80151443e+00 5.34103216e+00 1.18625310e+01 1.08388727e+01
  5.47654009e+00 3.36577910e-30 5.82889518e+00 2.91947620e+01
  1.10762665e+01 1.13939157e+01 1.42218555e+01 1.38957624e+01
  1.23444277e+01 1.41542504e+01 1.77184942e+01 1.04946759e+01
  3.05320336e+00 2.38295515e+00 3.37835070e+00 2.94943611e+00
  4.70822820e+00 7.40829681e+00 8.29975298e+00]
 [2.10613080e+01 1.75692247e+01 1.82933530e+01 1.33273252e+01
  1.68333738e+01 1.19420608e+01 1.94824134e+01 1.50825658e+01
  2.04864521e+01 1.94529251e+01 6.59911999e+00 6.09201753e+00
  6.23796407e+00 3.70135066e+00 1.37766167e+01 7.72676895e+00
  3.59661194e+00 4.21620266e-29 6.02364076e+00 2.07423731e+01
  1.25800987e+01 7.87055127e+00 1.33065940e+01 8.28385736e+00
  1.22059534e+01 1.04344080e+01 1.67196846e+01 6.31485691e+00
  2.58800847e+00 2.22003874e+00 4.49243940e+00 2.18218496e+00
  3.95108539e+00 2.81492775e+00 2.18252368e+00]
 [3.44596772e+01 3.50085008e+01 3.77552504e+01 3.68294820e+01
  4.31002640e+01 4.09358412e+01 4.79534933e+01 5.18974164e+01
  5.15961814e+01 5.28304102e+01 1.57258825e+01 1.86664194e+01
  1.06558720e+01 1.10011860e+01 2.79458837e+01 2.13106058e+01
  1.05611974e+01 3.35436216e-29 1.91212853e+01 4.57624041e+01
  2.39063600e+01 2.37496105e+01 2.88133902e+01 2.81710498e+01
  2.25255095e+01 2.42969702e+01 2.88458719e+01 1.90644365e+01
  6.06199234e+00 6.09820373e+00 1.04112238e+01 7.17685976e+00
  1.81823768e+01 1.02399254e+01 1.71805078e+01]
 [2.91875225e+01 3.02082254e+01 2.81970747e+01 2.47075313e+01
  4.22075319e+01 3.39134927e+01 5.46465894e+01 4.41498959e+01
  4.83314766e+01 4.25767436e+01 1.42362309e+01 1.39821391e+01
  1.08196775e+01 6.79244040e+00 2.53461512e+01 2.20311627e+01
  1.45304247e+01 1.66760614e-28 1.23140583e+01 4.37038106e+01
  2.10784808e+01 1.57477655e+01 3.43212206e+01 2.56409621e+01
  2.06666138e+01 2.20189370e+01 2.94582521e+01 2.13327185e+01
  6.22843659e+00 5.76198856e+00 8.55356300e+00 5.71616508e+00
  7.01247515e+00 5.97155460e+00 1.04166275e+01]
 [4.38801360e+01 3.77461718e+01 3.92228135e+02 9.31719044e+01
  1.95229700e+02 9.78512946e+01 4.99318384e+01 1.07492021e+02
  3.08298059e+01 5.10545747e+01 1.41324017e+01 2.24484644e+01
  6.69957297e+00 6.07629143e+00 1.50172526e+01 1.16077434e+01
  1.05953668e+01 9.79991515e-29 7.84939522e+00 3.93526840e+01
  1.36711324e+02 4.96003470e+01 2.62592207e+01 2.57646369e+01
  3.80064893e+01 2.05687433e+01 2.06137006e+01 5.51778112e+01
  3.82080333e+00 3.35649448e+00 4.19986567e+00 2.84586328e+00
  3.29067231e+01 3.18919106e+01 1.80366781e+01]]