[[3.05701339e+01 3.28493979e+01 4.47251343e+01 5.38635125e+01
  9.56791720e+01 1.46476581e+02 3.83435642e+02 7.55633846e+02
  7.57466394e+02 5.22266020e+02 1.71687819e+01 2.07402025e+01
  2.86447500e+01 2.15058264e+01 1.87113440e+02 1.88898997e+02
  8.67600805e+00 1.81882468e-27 5.46558645e+01 5.21377528e+02
  3.79585742e+01 4.92548565e+01 1.32600999e+02 1.84838998e+02
  2.22081723e+01 3.03573406e+01 3.06191850e+01 1.50907949e+01
  5.40736004e+00 4.83184873e+00 2.96367833e+01 1.78628677e+01
  1.30908655e+01 1.29311517e+01 1.71928239e+01]
 [5.49465004e+00 5.65346011e+00 5.22729448e+00 4.88447054e+00
  5.93148939e+00 4.18639006e+00 8.24757813e+00 6.86338618e+00
  1.37347733e+01 8.99020776e+00 2.91553642e+00 3.18313693e+00
  6.43911978e+00 3.12769951e+00 6.52820617e+00 4.11331234e+00
  1.98413516e+00 6.20776906e-29 2.90119825e+00 1.01873905e+01
  4.08643573e+00 3.40882514e+00 7.30255417e+00 3.98385864e+00
  4.67060837e+00 4.53256064e+00 5.05931046e+00 3.62867339e+00
  1.48540834e+00 1.25295916e+00 2.96194288e+00 1.54397428e+00
  2.11142435e+00 2.29178449e+00 2.17462451e+01]
 [1.58367149e+01 1.54457491e+01 1.65058898e+01 1.70748893e+01
  2.12294082e+01 2.46530266e+01 4.87202239e+01 5.97577279e+01
  1.27590875e+02 1.14201664e+02 9.52257042e+00 7.82580231e+00
  9.64418989e+00 1.00972428e+01 3.78317126e+01 3.51565464e+01
  6.20845528e+00 4.46197211e-29 2.63701336e+01 8.79675130e+01
  1.17127291e+01 1.11250900e+01 2.65553221e+01 3.08496676e+01
  1.32826559e+01 1.34717780e+01 1.52896594e+01 1.10122128e+01
  3.51322245e+00 3.78782444e+00 1.49312885e+01 8.77964146e+00
  2.56686200e+00 3.67358948e+00 4.03218906e-01]
 [4.30173716e+01 4.44663334e+01 4.41148564e+01 5.07630692e+01
  4.64649784e+01 6.33857276e+01 1.00189595e+02 1.48900368e+02
  1.61928618e+02 1.55279525e+02 1.91087844e+01 2.44360580e+01
  7.56896016e+00 1.44944330e+01 4.91895769e+01 6.03989424e+01
  1.50926277e+01 1.86619415e-28 3.33722720e+01 1.24044225e+02
  2.43268371e+01 3.51934818e+01 3.71843347e+01 5.90518232e+01
  3.27595937e+01 3.43332036e+01 4.13316734e+01 2.77640292e+01
  7.97166827e+00 9.56669309e+00 1.50656433e+01 1.04869667e+01
  4.57728383e+00 6.79621586e+00 3.78625232e+00]
 [2.92420186e-28 1.21940167e+01 1.56619692e+01 1.35430048e+01
  1.75405065e+01 2.06199655e+01 3.86828417e+01 6.83734829e+01
  6.23144225e+01 6.75475529e+01 4.53985635e+00 5.32200601e+00
  3.90081592e+00 3.88586066e+00 1.98493820e+01 2.87590758e+01
  3.20334367e+00 1.20744588e-29 1.20042657e+01 5.57494613e+01
  8.12801962e+00 8.65881746e+00 1.49689409e+01 1.99165523e+01
  8.00622687e+00 7.86976600e+00 1.10222537e+01 5.75959976e+00
  1.58342773e+00 1.55257711e+00 3.70206496e+00 3.87848400e+00
  2.54662199e+00 2.07376693e+00 4.55724874e+00]
 [4.76366553e+00 4.87335675e+00 5.46568515e+00 4.65213432e+00
  5.82363939e+00 5.09028129e+00 6.84916169e+00 8.09886911e+00
  9.90790904e+00 8.38599569e+00 3.18151054e+00 2.54500750e+00
  2.78151898e+00 2.14292224e+00 4.70367059e+00 4.20382742e+00
  2.11196494e+00 3.22543528e-29 2.58086459e+00 8.73804083e+00
  4.40527010e+00 3.25148335e+00 4.84243499e+00 4.73913408e+00
  4.34103154e+00 3.79961516e+00 4.70276760e+00 3.15461883e+00
  1.61532036e+00 9.67518017e-01 1.93599662e+00 1.28419646e+00
  7.37719265e-01 5.94680688e-01 1.92557456e+00]
 [1.50823924e+01 1.47694555e+01 1.82599863e+01 1.86310490e+01
  2.79751615e+01 3.15942484e+01 7.44954240e+01 9.64155706e+01
  1.65948872e+02 1.99205050e+02 8.19473864e+00 8.75400864e+00
  8.18227847e+00 7.80470055e+00 4.57747216e+01 6.12404926e+01
  6.04706445e+00 5.17560281e-29 5.15635262e+01 1.67893983e+02
  1.51906540e+01 1.31714642e+01 3.09553676e+01 3.46544433e+01
  1.13475014e+01 1.12025729e+01 1.45709601e+01 8.69058597e+00
  4.87746756e+00 3.91874102e+00 1.41819085e+01 1.40128099e+01
  4.76041111e+00 5.16294311e+00 8.85484916e+00]
 [1.03772838e+01 9.69560240e+00 1.02092610e+01 9.50571926e+00
  1.11309959e+01 1.25615895e+01 3.06830052e+01 4.87424292e+01
  5.33007574e+01 4.12024103e+01 5.16780043e+00 5.88655284e+00
  5.19855614e+00 4.84492950e+00 2.28371567e+01 2.33780577e+01
  4.48131501e+00 7.13809645e-29 1.18873568e+01 3.92176643e+01
  6.62059785e+00 6.91469406e+00 1.27283206e+01 1.49330577e+01
  8.07618221e+00 8.00124475e+00 9.63139580e+00 7.06186783e+00
  2.17983070e+00 2.10326276e+00 6.32541965e+00 5.53044256e+00
  3.39022644e+01 1.33727305e+00 1.03238026e+01]
 [1.72559400e+01 1.52174827e+01 2.13912260e+01 1.48512213e+01
  2.72690107e+01 2.58096326e+01 5.15019382e+01 8.91448407e+01
  8.89081475e+01 8.90763618e+01 9.71300673e+00 7.22947119e+00
  7.54378069e+00 6.02797995e+00 1.85513840e+01 2.59815466e+01
  6.62923493e+00 2.78238169e-28 1.22911649e+01 7.73885146e+01
  1.49143114e+01 1.01755690e+01 2.00879446e+01 2.37898602e+01
  1.25564238e+01 1.00975524e+01 1.52853830e+01 1.02982700e+01
  3.72732981e+00 2.92908991e+00 5.73727752e+00 6.10900002e+00
  5.81836974e+00 6.75323200e+00 3.34556275e+01]
 [8.29531476e+00 7.84012705e+00 8.28140798e+00 8.65473812e+00
  1.49812212e+01 1.47774845e+01 6.05376939e+01 7.50805364e+01
  1.24549571e+02 1.23180155e+02 3.48425618e+00 4.63665331e+00
  3.71855465e+00 4.62532821e+00 4.26892702e+01 4.77702706e+01
  3.33719604e+00 3.75460407e-29 2.94498762e+01 9.75484328e+01
  5.48811089e+00 5.73826583e+00 2.15431612e+01 2.28206902e+01
  5.75770726e+00 6.36220217e+00 8.33034738e+00 5.08420605e+00
  1.83093293e+00 1.54945415e+00 8.04326523e+00 8.05733700e+00
  2.32927725e+00 3.66948068e+00 8.68459946e+00]
 [2.69209885e+01 2.66147058e+01 3.65382784e+01 3.14731923e+01
  6.35545145e+01 4.49386272e+01 2.28369314e+02 1.58083221e+02
  2.75233832e+02 1.85802437e+02 1.02153297e+01 1.07257252e+01
  1.36409597e+01 9.11312073e+00 6.41078341e+01 5.89716398e+01
  6.66355400e+00 3.82746330e-28 2.67076700e+01 1.74474905e+02
  2.24331959e+01 1.93208182e+01 5.49371515e+01 4.05984756e+01
  1.68088023e+01 2.05302117e+01 2.51566365e+01 1.19324328e+01
  3.86853392e+00 3.81819384e+00 1.19915908e+01 9.31058868e+00
  7.10077370e+00 8.43647675e+00 8.42636463e+00]
 [1.70041253e+01 1.65490862e+01 1.69413913e+01 1.64273998e+01
  1.65981783e+01 1.65877560e+01 1.97264054e+01 2.06003988e+01
  3.51815461e+01 3.40275125e+01 9.91038624e+00 1.03667910e+01
  6.89346635e+00 6.46374545e+00 1.37647656e+01 1.43127724e+01
  8.71509591e+00 5.71396472e-29 9.01685051e+00 3.16412570e+01
  1.25220482e+01 1.22059099e+01 1.35223737e+01 1.42111158e+01
  1.37057742e+01 1.36088048e+01 1.74990372e+01 1.23359026e+01
  5.32299474e+00 4.92695366e+00 4.94641403e+00 4.42429688e+00
  2.69996639e+00 1.74374080e+00 9.46526303e+00]
 [9.85335907e+00 1.04442140e+01 1.00250817e+01 8.53223626e+00
  1.22412172e+01 9.44999673e+00 2.51982192e+01 2.00206712e+01
  2.54197775e+01 1.86957875e+01 5.11580390e+00 4.30202041e+00
  4.05046646e+00 2.54877266e+00 1.31681172e+01 8.04304383e+00
  3.46544132e+00 4.92744499e-29 5.66977741e+00 1.71309428e+01
  6.80145655e+00 5.13683432e+00 1.20702139e+01 8.43880736e+00
  7.64089487e+00 6.40358125e+00 9.52800847e+00 5.64482646e+00
  1.96145410e+00 1.54851104e+00 3.96460138e+00 1.92916444e+00
  2.31193999e+00 2.50751689e+00 1.22737839e+01]
 [5.76103392e+01 6.04967934e+01 5.67086864e+01 5.49297072e+01
  6.03234446e+01 5.82453409e+01 1.75323161e+02 1.62321234e+02
  1.65962228e+02 1.90026934e+02 2.90275346e+01 3.11233764e+01
  1.82546447e+01 1.64932895e+01 1.06426074e+02 6.73805871e+01
  2.48385096e+01 1.48749844e-28 5.07446485e+01 1.25035475e+02
  3.70973209e+01 3.66502627e+01 7.03013040e+01 5.47443549e+01
  4.25155304e+01 4.58592610e+01 5.59640431e+01 3.60283045e+01
  1.25481116e+01 1.21516560e+01 3.31499050e+01 1.93290004e+01
  1.04188660e+01 7.56699928e+00 6.83031124e+01]
 [1.18687136e+01 1.18840741e+01 1.16614356e+01 1.09859301e+01
  1.65316031e+01 1.38100625e+01 2.61559509e+01 2.68366921e+01
  3.00296460e+01 2.72994292e+01 5.81057219e+00 6.20972659e+00
  9.24519381e+00 6.23887819e+00 2.41164048e+01 1.86413368e+01
  5.76499330e+00 2.60785121e-29 1.09917053e+01 2.35385576e+01
  8.92284884e+00 7.17970017e+00 1.99420901e+01 1.58036518e+01
  9.01779045e+00 9.75108164e+00 1.22796204e+01 8.80070003e+00
  3.18518863e+00 2.93462367e+00 1.02168710e+01 5.82641979e+00
  2.87057314e+00 4.29467413e+00 2.34060693e+01]
 [4.37948461e+00 4.81653510e+00 4.55377252e+00 4.83324588e+00
  5.32966076e+00 5.75051193e+00 8.76775782e+00 1.15514818e+01
  1.25530595e+01 1.20907394e+01 2.29958427e+00 2.72597306e+00
  1.62993246e+00 1.92327550e+00 4.26054225e+00 4.22590597e+00
  1.58254567e+00 1.08182846e-30 1.89205005e+00 1.04698074e+01
  3.05052883e+00 3.43645862e+00 4.61459221e+00 5.40890078e+00
  3.14544657e+00 3.91794441e+00 4.70029701e+00 2.86097197e+00
  8.75954963e-01 7.69546113e-01 1.25354055e+00 1.11232793e+00
  2.69663153e+00 3.32453994e+00 4.02202682e+00]
 [7.33807866e+00 6.49353564e+00 6.61915274e+00 6.47921086e+00
  8.06961330e+00 8.71451551e+00 1.32047462e+01 1.52966250e+01
  2.21789894e+01 1.95311449e+01 2.57028703e+00 2.73400852e+00
  3.75377938e+00 3.99481312e+00 1.12911958e+01 8.99804918e+00
  1.66156736e+00 3.23885043e-29 5.04702835e+00 2.03663624e+01
  4.64179694e+00 4.86244318e+00 9.04158360e+00 9.51423292e+00
  4.69205359e+00 4.64437065e+00 6.09680889e+00 3.01829704e+00
  1.18938633e+00 1.03456884e+00 4.17381391e+00 2.66039018e+00
  2.26755378e+00 1.55020946e+00 1.32330425e+00]
 [3.02546055e+01 2.94444336e+01 3.40699464e+01 3.06498121e+01
  6.15450206e+01 6.57135844e+01 1.02892806e+02 1.59910921e+02
  1.21189798e+02 1.51294652e+02 1.31963567e+01 1.69325092e+01
  1.91354562e+01 2.68067948e+01 5.97952123e+01 7.20992733e+01
  1.18502084e+01 7.29844756e-29 3.78585118e+01 9.83950157e+01
  2.55340108e+01 2.56653943e+01 5.89966892e+01 7.02605418e+01
  2.01121098e+01 2.12454478e+01 2.60438882e+01 1.80494237e+01
  6.29939016e+00 6.62710141e+00 2.37842549e+01 2.37966716e+01
  9.79284354e+00 7.86132533e+00 2.89841353e+01]
 [1.21361373e+01 1.14738516e+01 1.88997630e+01 1.20426839e+01
  4.70956412e+01 2.66455139e+01 7.49103536e+01 4.85759592e+01
  6.93117946e+01 5.56726090e+01 7.10005885e+00 5.21209357e+00
  1.11016882e+01 5.13258549e+00 3.41110988e+01 2.14858390e+01
  4.05943711e+00 2.14854060e-28 1.57044509e+01 5.69429818e+01
  1.71357642e+01 8.78977375e+00 4.45619727e+01 2.14012575e+01
  9.51678451e+00 8.05485006e+00 1.14865176e+01 6.78523014e+00
  2.40046910e+00 2.36756069e+00 1.02450395e+01 5.36036401e+00
  3.82692653e+00 3.15736128e+00 6.39424908e+00]
 [2.67451705e+01 1.89208426e+01 2.65784670e+02 5.61076928e+01
  1.12903573e+02 5.65883606e+01 2.97570202e+01 5.60386879e+01
  2.05923917e+01 2.91809136e+01 7.96043601e+00 1.15883828e+01
  5.99152159e+00 5.31847225e+00 1.26685776e+01 8.32081908e+00
  5.63673256e+00 9.35966702e-29 8.70237178e+00 2.22757913e+01
  8.74509830e+01 2.90736596e+01 1.65332766e+01 1.25207090e+01
  2.49944593e+01 1.17249665e+01 1.20752389e+01 3.67120876e+01
  2.27105635e+00 1.95205648e+00 4.57501307e+00 3.23477323e+00
  1.72718611e+01 1.94934960e+01 1.37971857e+01]]