[[7.26438868e+02 1.13908220e+03 3.67389039e+02 3.12747959e+02
  6.89326844e+01 5.11119665e+02 6.96476116e+01 1.54883335e+02
  9.69568794e+01 7.44063982e+01 1.54336033e+02 9.65464923e+01
  2.31715464e+01 9.42931233e+00 2.99429724e+01 3.36506225e+01
  9.25912410e+01 7.05329266e-28 1.66929859e+01 7.71238853e+01
  7.43703191e+02 6.36170055e+01 3.57232985e+01 4.18498190e+01
  7.46383595e+02 8.87169274e+02 6.33259455e+02 2.19988375e+02
  1.05271286e+01 9.07961449e+00 8.93054167e+00 6.13932918e+00
  1.17194564e+03 8.27420268e+02 6.33612816e+01]
 [4.29584351e+02 4.85405483e+02 5.87069596e+02 2.98024472e+02
  1.20560285e+02 7.17163427e+01 8.18664965e+01 1.77615312e+02
  1.01085594e+02 1.01249507e+02 1.60228978e+02 7.78739745e+01
  2.17057806e+01 2.05048722e+01 4.29932420e+01 4.01507522e+01
  3.85541726e+01 9.55396595e-28 2.59273655e+01 1.03007660e+02
  1.61392725e+02 9.53583832e+01 4.75550235e+01 4.45924644e+01
  4.58196570e+02 7.36995905e+02 4.20963692e+02 6.00492917e+02
  1.84220294e+01 1.63973264e+01 1.68331748e+01 1.21335151e+01
  6.11466653e+02 4.24203987e+02 1.10258125e+02]
 [5.80905724e+01 7.25760097e+01 1.30815123e+02 9.39882797e+01
  3.88886429e+01 2.57649941e+01 2.30427206e+01 6.29330058e+01
  2.85715721e+01 2.88168807e+01 1.21363385e+02 1.79902175e+01
  5.98492750e+00 5.63298381e+00 1.18853946e+01 1.36428914e+01
  2.47674254e+01 4.73874503e-29 1.05184646e+01 2.69149990e+01
  2.76738736e+01 1.86042121e+01 1.36082120e+01 1.51549959e+01
  5.76314868e+01 8.28088043e+01 4.93641823e+01 1.69792856e+02
  6.61730776e+00 6.54784939e+00 4.74409616e+00 5.08291578e+00
  1.87081946e+02 1.10026354e+02 2.98355477e+00]
 [1.27966796e+02 1.19395486e+02 1.31074546e+02 1.30927650e+02
  3.58546569e+01 3.70807593e+01 3.55513593e+01 4.55512126e+01
  4.27749537e+01 3.81618841e+01 2.28196009e+01 3.40604780e+01
  6.98482885e+00 9.19489060e+00 1.58137429e+01 1.94221153e+01
  1.26630131e+01 1.25822632e-28 1.00582560e+01 3.19994279e+01
  3.05558948e+01 3.47211350e+01 1.98830389e+01 2.02307751e+01
  8.20192769e+01 6.40207325e+01 9.15589921e+01 3.60472286e+01
  5.40056059e+00 6.62488059e+00 5.14954918e+00 4.90664267e+00
  2.35667098e+02 3.35074406e+02 3.69222519e+01]
 [1.76458205e-27 1.37477605e+02 3.65658141e+02 2.27089219e+02
  5.38568624e+01 5.30068024e+01 2.93512119e+01 3.04423010e+01
  2.06436678e+01 2.45379534e+01 4.46760438e+01 3.72096795e+01
  1.70363080e+01 1.26928851e+01 1.18245188e+01 1.44334005e+01
  1.24740528e+01 7.37615607e-29 7.66075152e+00 2.07703683e+01
  6.92558933e+01 6.23724678e+01 2.43366327e+01 2.29985047e+01
  1.24749159e+02 6.68634931e+01 1.20314795e+02 3.45489425e+01
  8.77297628e+00 6.54637733e+00 4.55603584e+00 4.00461695e+00
  2.03323748e+02 4.25376148e+02 4.79641471e+01]
 [6.58707926e+01 8.30527381e+01 8.23306374e+01 5.01419106e+01
  4.98552517e+01 3.70157311e+01 5.18256035e+01 5.08376408e+01
  6.46495450e+01 5.59453167e+01 3.05277058e+01 2.11469350e+01
  1.82200176e+01 1.25198308e+01 3.41940976e+01 2.81605484e+01
  1.78442698e+01 3.20967670e-28 2.06411300e+01 5.81849668e+01
  4.61456953e+01 2.49186661e+01 3.50845194e+01 2.97640352e+01
  7.15444832e+01 5.40759095e+01 5.61788969e+01 3.38119701e+01
  1.22303783e+01 7.36781745e+00 1.21948139e+01 8.13460811e+00
  7.73973418e+01 2.44279343e+01 9.70058606e+00]
 [7.81508018e+02 2.56962610e+02 4.86627057e+02 3.93754006e+02
  2.10822864e+02 1.36155628e+02 1.99617299e+02 5.70486697e+01
  8.47828321e+01 1.25948409e+02 7.13243985e+01 8.74934638e+01
  3.92659618e+01 4.07776576e+02 3.64564078e+01 3.99372427e+01
  4.00784531e+01 6.97182440e-28 3.68689159e+01 6.08567925e+01
  4.22145187e+02 1.43011358e+02 4.82650259e+01 8.24512519e+01
  2.09143051e+02 1.81376889e+02 3.16149844e+02 9.14375096e+01
  2.80305552e+02 6.88282750e+01 1.20995376e+01 1.33981431e+01
  1.43991545e+03 2.93607617e+03 4.08149050e+02]
 [9.58035846e+01 7.10300219e+01 1.01437827e+02 8.12597383e+01
  5.17878442e+01 3.27505291e+01 3.80844029e+01 4.35058000e+01
  4.15748675e+01 4.18101983e+01 3.02744222e+01 2.73040392e+01
  2.55248751e+01 1.18794124e+01 2.05732588e+01 2.50606260e+01
  1.82187938e+01 2.48951366e-28 1.49009341e+01 3.90586634e+01
  3.35378712e+01 3.31033282e+01 2.28428088e+01 2.30627241e+01
  5.24695150e+01 4.00338755e+01 8.15779693e+01 4.00733007e+01
  1.07669224e+01 9.83627895e+00 8.19340593e+00 9.50332118e+00
  2.12975853e+02 5.79478214e+01 1.34339221e+02]
 [9.05352718e+01 9.40974029e+01 1.57317641e+02 2.15314567e+02
  5.49770122e+01 6.31817401e+01 6.31282775e+01 1.82935003e+02
  6.83324076e+01 9.62868746e+01 4.42677753e+01 2.57039357e+01
  1.12002350e+01 8.31073799e+00 1.64750034e+01 1.29013465e+01
  1.69946877e+01 1.07227983e-27 1.03627671e+01 4.99094096e+01
  4.03975162e+01 1.19885469e+02 2.43792858e+01 1.69028065e+01
  8.17263218e+01 2.41060681e+02 5.85052289e+01 5.64800663e+01
  1.03958459e+01 1.66705297e+01 6.72462620e+00 7.61415237e+00
  1.79364866e+02 3.92722825e+02 2.51039381e+02]
 [3.65244978e+02 2.71530012e+02 1.10112385e+02 4.84201227e+02
  6.74773681e+01 8.68226561e+01 6.74573804e+01 5.57235373e+02
  7.08413602e+01 4.33758894e+02 8.90624404e+01 2.65273031e+03
  1.64355762e+01 2.82747866e+01 4.90882418e+01 3.26074884e+01
  3.43625352e+01 5.10916666e-28 5.46721973e+01 6.58316529e+02
  3.29447321e+02 7.93972563e+02 2.14105608e+02 2.64101645e+02
  1.24760596e+02 1.98650676e+03 2.89889718e+02 8.92353658e+01
  1.10098607e+01 4.59056347e+01 6.32461953e+00 8.85088710e+00
  2.58454710e+02 1.58355342e+02 1.84792063e+02]
 [5.92253595e+01 5.52033961e+01 1.28378263e+02 7.97996414e+01
  1.57617487e+02 3.89493782e+01 6.33073406e+01 3.82450918e+01
  4.39848772e+01 3.66165207e+01 5.74528089e+01 5.42052204e+01
  1.04356754e+01 9.70394988e+00 2.54431670e+01 1.97424210e+01
  2.12490323e+01 1.28199251e-28 1.24424420e+01 3.50752237e+01
  4.21223788e+01 2.79611354e+01 2.95582212e+01 2.33065440e+01
  4.59715331e+01 5.12017031e+01 5.55251833e+01 3.68264948e+01
  1.10177202e+01 7.40072974e+00 7.70631895e+00 9.85608090e+00
  5.89875850e+01 5.25609874e+01 4.42267343e+01]
 [2.41513042e+02 2.35835335e+02 1.95899981e+02 1.75859955e+02
  1.73502654e+02 1.51947367e+02 1.88078413e+02 1.73090713e+02
  2.72072244e+02 2.53584830e+02 1.13585081e+02 1.06397985e+02
  4.90132491e+01 3.60910519e+01 1.09437065e+02 8.99718565e+01
  1.15611029e+02 6.45051426e-28 6.69381872e+01 2.49051762e+02
  1.35001854e+02 9.91639395e+01 1.29030254e+02 1.04250151e+02
  1.84761903e+02 1.63860146e+02 2.50097461e+02 1.61956474e+02
  5.14887056e+01 5.81960107e+01 3.58412938e+01 3.09961667e+01
  8.88115613e+01 6.15856371e+01 1.22962171e+02]
 [2.63953246e+01 4.09514080e+01 8.96136406e+01 5.69544744e+01
  5.64392217e+01 1.47875986e+01 1.84811100e+01 1.23547372e+01
  1.61900790e+01 1.18134624e+01 3.69889907e+01 1.30658937e+01
  1.05612807e+01 5.92575339e+00 1.09450689e+01 6.69976448e+00
  5.73626076e+00 1.41262677e-28 5.83840656e+00 2.43229017e+01
  2.46146928e+01 1.68800281e+01 2.15978063e+01 8.82728914e+00
  1.41798177e+02 2.09976074e+01 2.49822328e+01 1.33342951e+01
  8.07291163e+00 3.58833897e+00 6.62437103e+00 2.81361268e+00
  3.49785089e+02 6.57346680e+02 1.58192728e+02]
 [2.13408510e+02 2.55581320e+02 8.58280959e+01 1.56949957e+02
  6.23103900e+01 5.86444063e+01 5.85650938e+01 6.45166597e+01
  5.26932379e+01 5.81040301e+01 3.75499680e+01 5.62878054e+01
  1.10114040e+01 1.26663354e+01 3.60474454e+01 1.94205091e+01
  3.80180070e+01 3.16804157e-28 2.43367737e+01 5.24399894e+01
  3.88586767e+01 4.51225746e+01 3.46218348e+01 3.30565683e+01
  7.73202562e+01 1.30611419e+02 1.82726986e+02 6.93561516e+01
  1.38647864e+01 1.66220888e+01 1.24519967e+01 5.60576099e+00
  5.10036610e+02 2.54468257e+02 3.69639733e+02]
 [6.01238103e+01 6.44337487e+01 6.20519692e+01 5.77465361e+01
  3.16957961e+01 3.01184181e+01 3.35662792e+01 3.29077056e+01
  3.52020998e+01 3.59278599e+01 1.31498782e+01 2.05700800e+01
  8.79208153e+00 7.91734289e+00 1.80742382e+01 1.42212354e+01
  1.01064376e+01 8.67733919e-29 9.00987744e+00 3.45728761e+01
  3.11755526e+01 2.24304105e+01 2.03002144e+01 1.81610148e+01
  3.41511396e+01 4.72967175e+01 7.99188618e+01 3.76039144e+01
  6.52956946e+00 6.53926827e+00 6.48259863e+00 3.97714550e+00
  9.48351712e+01 9.11619718e+01 3.17634469e+02]
 [1.45483144e+02 1.52175455e+02 1.35502562e+02 1.52489663e+02
  5.74139091e+01 4.78562666e+01 4.52368988e+01 4.48853562e+01
  4.76075234e+01 4.85567123e+01 3.67379347e+01 4.54503148e+01
  1.40093226e+01 1.29291639e+01 2.23432946e+01 2.16404868e+01
  2.42013848e+01 3.11101526e-29 1.58159772e+01 4.37591834e+01
  4.41962444e+01 4.95873271e+01 2.99696210e+01 3.71843426e+01
  6.44947624e+01 9.71353998e+01 1.54594568e+02 5.41567530e+01
  1.00125098e+01 7.82100506e+00 8.22325019e+00 6.87987602e+00
  1.26150429e+02 1.49606416e+02 3.41077914e+01]
 [7.26853578e+01 6.80618344e+01 6.78553693e+01 5.12231439e+01
  3.54804722e+01 3.14538569e+01 3.99449666e+01 3.60815754e+01
  4.64755488e+01 4.45422153e+01 1.30286109e+01 1.64843066e+01
  1.19560289e+01 1.32202288e+01 2.51229723e+01 1.79723184e+01
  1.04011032e+01 8.44747108e-29 1.31551512e+01 4.52089351e+01
  2.39144916e+01 2.35247290e+01 2.57541790e+01 2.31427118e+01
  3.36307327e+01 3.57811042e+01 1.78798504e+02 1.97436562e+01
  6.00709274e+00 5.44246952e+00 8.47011914e+00 6.30828469e+00
  6.24576242e+01 4.36385061e+01 2.02417717e+01]
 [3.07035953e+02 2.03046400e+02 2.60764294e+02 2.88200364e+02
  1.99974889e+02 2.09662954e+02 4.27427938e+01 4.23487645e+01
  4.87684525e+01 4.45662023e+01 4.22649487e+01 6.89140315e+01
  1.95144194e+01 2.05621896e+01 2.63603128e+01 2.34938137e+01
  2.03721356e+01 1.25289827e-28 1.80862232e+01 4.15089762e+01
  7.36342218e+01 1.50408075e+02 3.54527742e+01 3.71684232e+01
  1.15976677e+02 9.81106509e+01 1.70374444e+02 5.29763735e+01
  1.22446408e+01 1.16113592e+01 1.01579715e+01 7.42291040e+00
  2.78154878e+02 5.67657287e+02 2.49076624e+02]
 [1.15446939e+02 1.14374572e+02 6.37564265e+01 7.10878435e+01
  5.30982825e+01 5.26399062e+01 7.22685791e+01 5.77058736e+01
  8.07902780e+01 6.90478772e+01 2.85469775e+01 3.73070413e+01
  1.14586731e+01 8.08332070e+00 2.77298679e+01 2.65729141e+01
  1.91003860e+01 2.43650825e-28 1.53772670e+01 7.21134353e+01
  3.23614524e+01 3.22686184e+01 3.34933600e+01 3.70832750e+01
  5.57278432e+01 6.89959586e+01 1.02291478e+02 4.77578294e+01
  8.55023063e+00 8.01476934e+00 8.65399330e+00 6.32641217e+00
  5.53544298e+01 4.84882758e+01 6.01435414e+01]
 [9.06481580e+02 8.63873762e+02 5.96726237e+03 1.79193469e+03
  3.38743495e+03 1.80761521e+03 7.35406412e+02 1.47387230e+03
  2.19063456e+02 4.77821911e+02 1.97329708e+02 3.36265547e+02
  7.40614771e+01 6.07913170e+01 1.92418036e+02 7.94997913e+01
  1.54727611e+02 1.84849816e-27 7.30566088e+01 3.33975147e+02
  2.38001602e+03 6.32548354e+02 3.87566103e+02 3.26075941e+02
  6.32082662e+02 3.55771471e+02 3.50011207e+02 1.12405795e+03
  3.70815123e+01 1.43215828e+01 2.57924595e+01 1.10334482e+01
  4.65887855e+02 8.28773111e+02 1.53116304e+02]]