[[2.81623379e-01 2.33141974e-01 5.11915706e-01 6.66530875e-01
  2.29244772e+00 6.83905790e-01 4.71425421e-01 1.98402138e-01
  1.97305457e-01 2.50477838e-01 5.26527586e-01 1.11578578e+00
  3.14120617e+00 1.45188571e+00 5.09448332e-01 3.72259185e-01
  6.50361107e-01 5.22514800e-01 6.92481267e-01 2.51271647e-01
  7.25656788e-01 1.24391728e+00 1.11020358e+00 4.87489972e-01
  1.66335049e-01 2.40160670e-01 3.15590752e-01 3.79115173e-01
  1.91411429e+00 2.13773858e+00 9.41004720e-01 9.37367675e-01
  2.02015651e-01 1.97446567e-01 1.84362705e+00]
 [4.65692472e-01 5.29152290e-01 2.55769122e-01 5.51087387e-01
  5.87116723e-01 1.23270495e+00 6.61451732e-01 5.18656325e-01
  8.19763800e-01 1.57621399e+00 5.96685697e-01 1.85729435e+00
  8.97969475e-01 1.54698848e+00 8.28185225e-01 1.07991116e+00
  1.09878625e+00 6.61362616e-01 1.03572101e+00 1.21203050e+00
  5.26222364e-01 1.02250502e+00 7.67207188e-01 1.03725312e+00
  4.28060859e-01 3.08855577e-01 4.28244130e-01 2.06970565e-01
  1.43248262e+00 1.61536022e+00 9.79819192e-01 1.36012607e+00
  2.69483620e-01 4.81499523e-01 1.43704864e+00]
 [4.70757589e+00 3.17267005e+00 1.71113547e+00 1.43973704e+00
  2.71168527e+00 5.36335295e+00 1.32720436e+00 1.01021009e+00
  8.63881563e-01 8.23406599e-01 1.04326043e+00 3.74617476e+00
  2.20691276e+00 2.32489151e+00 1.74234314e+00 1.49106709e+00
  2.03761137e+00 1.77599698e+00 1.49300153e+00 1.00431227e+00
  2.33508187e+00 2.25827622e+00 1.83363347e+00 1.81798457e+00
  7.14434240e+00 2.14644212e+00 5.35444790e+00 1.57448915e+00
  2.37511024e+00 2.21308740e+00 1.91759538e+00 1.87625669e+00
  3.34222872e-01 1.40097367e+00 7.60171934e+00]
 [3.14712181e+00 3.56460829e+00 1.21161205e+00 1.15715102e+00
  2.07539578e+00 5.39123734e+00 9.43846995e-01 9.74381319e-01
  1.45702768e+00 2.55793717e+00 1.51639081e+00 3.68192505e+00
  1.58106879e+00 1.47803092e+00 8.13207752e-01 9.92318341e-01
  1.40129505e+00 2.45130718e+00 9.01112637e-01 2.46379977e+00
  1.58997351e+00 1.89850194e+00 1.23491718e+00 1.31190050e+00
  1.69081227e+00 2.12569313e+00 2.26011219e+00 2.03481232e+00
  1.34333328e+00 1.65278132e+00 8.12397881e-01 1.13604681e+00
  8.97194237e-01 6.20732445e-01 5.60112259e+00]
 [2.07551958e+00 1.89262484e+00 7.58681470e-01 9.97654984e-01
  2.39186954e+00 1.18645486e+01 1.85536244e+00 1.63586106e+00
  1.69386582e+00 1.36483876e+00 1.73081181e+00 2.23371436e+00
  2.48431984e+00 2.56296465e+00 2.28839417e+00 1.71291321e+00
  2.92887915e+00 2.60700635e+00 2.11098429e+00 1.59717856e+00
  1.45297223e+00 1.72713552e+00 2.79723320e+00 3.43127530e+00
  1.10248988e+00 1.97170146e+00 1.81076654e+00 2.16784801e+00
  2.86586128e+00 3.57662839e+00 3.06844747e+00 2.60289029e+00
  4.19985866e-01 1.78284705e-01 3.07542125e+00]
 [9.94484568e-01 7.64057575e-01 8.99412961e-01 9.67331486e-01
  1.01552400e+00 1.12210920e+00 9.61491331e-01 1.06218107e+00
  3.24920953e+00 2.53665350e+00 1.09684580e+00 1.33536852e+00
  1.31989048e+00 1.50431892e+00 1.02819552e+00 1.18844947e+00
  1.25492694e+00 1.08479079e+00 1.18317208e+00 3.61912356e+00
  1.29802014e+00 1.31329931e+00 9.08621482e-01 1.09102005e+00
  8.36075009e-01 9.16995309e-01 1.05304889e+00 9.95113239e-01
  1.37451654e+00 1.59832158e+00 1.26603985e+00 1.56565000e+00
  2.94631776e-01 5.80531624e-01 4.16744692e+00]
 [5.14288829e-01 1.25430538e+00 5.84130108e-01 9.01173206e-01
  8.73772516e-01 3.60826304e+00 8.07659403e-01 1.80674349e+00
  1.61475272e+00 9.98496070e-01 1.36240289e+00 1.46914362e+00
  2.30723265e+00 5.01919443e-01 1.35001786e+00 1.30566627e+00
  1.55847554e+00 2.79500765e-01 9.19963555e-01 1.56877668e+00
  5.16977646e-01 1.22002386e+00 1.98431468e+00 2.51098446e+00
  9.79448470e-01 1.17380343e+00 1.08323455e+00 1.35938457e+00
  2.50912915e-01 8.56534833e-01 1.78693949e+00 1.66316857e+00
  7.71625773e-02 3.34915395e-02 1.51180059e+00]
 [1.33928420e+00 1.28945171e+00 1.55528014e+00 1.33521685e+00
  2.19465997e+00 3.70563204e+00 1.42801899e+00 1.98453796e+00
  2.66642998e+00 1.04174589e+01 1.66909124e+00 1.62138383e+00
  1.60639905e+00 1.92615526e+00 1.33588971e+00 1.85394856e+00
  1.40553092e+00 8.41753333e+00 1.69501122e+00 6.03051051e+00
  2.12359944e+00 1.69167530e+00 1.85777970e+00 1.84597786e+00
  1.44802181e+00 1.59225772e+00 1.19556578e+00 1.10827835e+00
  1.76946989e+00 1.78569838e+00 1.69214593e+00 1.77572544e+00
  1.39087703e+01 1.18811033e+00 2.62791609e+00]
 [1.38668992e+00 9.67351504e-01 4.46942193e-01 3.45158108e-01
  5.85537018e-01 5.99570010e-01 4.94820635e-01 3.20643832e-01
  4.31773432e-01 8.04832286e-01 7.28539692e-01 1.10013255e+00
  1.10953910e+00 1.55904737e+00 7.73842086e-01 8.48809270e-01
  1.07557858e+00 6.21070412e-01 9.26067267e-01 7.93450854e-01
  7.91553342e-01 3.82092174e-01 7.43038694e-01 8.59272492e-01
  7.21343269e-01 2.67332854e-01 1.36860612e+00 6.24912472e-01
  1.18266300e+00 8.83690178e-01 1.18006333e+00 1.08706339e+00
  7.38386179e-01 7.18353959e-01 1.42109087e+00]
 [3.37683273e-01 4.30508967e-01 9.28944188e-01 2.00516791e-01
  3.12936268e+00 8.80991824e-01 9.11199568e-01 1.64969979e-01
  1.09162864e+00 3.11037487e-01 4.92633103e-01 2.62654416e-02
  2.14921449e+00 1.03613627e+00 1.56606043e+00 6.20531019e-01
  8.04423896e-01 7.60138933e-01 4.25616874e-01 2.45302753e-01
  2.49946531e-01 8.03742822e-02 1.87572772e+00 2.17307962e-01
  6.26643109e-01 4.34548749e-02 4.34619237e-01 5.30714972e-01
  1.24847017e+00 5.18025173e-01 2.10106612e+00 1.16034056e+00
  2.36479512e-01 3.97695875e-01 1.22711863e+00]
 [3.96077775e+00 4.48785219e+00 1.92997303e+00 1.75354751e+00
  6.31894400e-01 1.24791618e+00 5.16183274e-01 6.58053231e-01
  5.98079255e-01 7.28370374e-01 1.31275511e+00 1.40870389e+00
  1.70454888e+00 1.92466039e+00 8.54516764e-01 8.29061338e-01
  1.76998867e+00 6.93448476e-01 9.33023349e-01 6.83972164e-01
  1.85352577e+00 1.74954496e+00 9.13777486e-01 1.04097575e+00
  2.53539811e+00 2.68939429e+00 3.76546977e+00 1.98394872e+00
  1.75967841e+00 2.10872607e+00 1.21952402e+00 1.41826955e+00
  1.15447450e+00 1.65618081e+00 1.96595276e+00]
 [4.97453394e-01 4.69171824e-01 5.52652345e-01 5.54292241e-01
  5.61234559e-01 7.32093458e-01 6.45282198e-01 7.37943576e-01
  8.29369776e-01 8.52163624e-01 5.98340585e-01 7.74123408e-01
  9.80977561e-01 1.24007781e+00 8.50264448e-01 9.44132036e-01
  6.22943816e-01 5.62455183e-01 8.88213892e-01 8.48027298e-01
  6.69237915e-01 8.21195773e-01 6.28181833e-01 9.71526890e-01
  5.39450713e-01 1.13194924e+00 5.37612675e-01 4.95332303e-01
  7.21077396e-01 8.97569171e-01 1.02304906e+00 1.04336869e+00
  2.70063296e+00 1.33433147e+00 2.58843776e+00]
 [5.41658374e+00 4.77048816e+00 2.13006124e+00 3.22550677e+00
  2.21313547e+00 4.69221605e+00 3.92784883e+00 4.79636418e+00
  8.21758696e+00 7.27559671e+00 2.89268404e+00 5.86937673e+00
  4.10704870e+00 4.99560710e+00 4.55214394e+00 4.94029072e+00
  6.19064460e+00 4.71911169e+00 4.93135075e+00 7.03369115e+00
  3.64603677e+00 4.76893129e+00 3.30800056e+00 4.83409664e+00
  1.44833404e+00 5.55366247e+00 5.55045259e+00 5.53870225e+00
  3.97531809e+00 5.94425199e+00 4.25615847e+00 4.94695335e+00
  2.11165351e-01 1.25169437e-01 2.88154791e+00]
 [9.12281689e-01 9.14068780e-01 1.23723685e+00 1.11966625e+00
  1.16085736e+00 1.26244867e+00 7.29982923e-01 8.06783953e-01
  1.00294759e+00 1.51937458e+00 1.59318102e+00 1.93632846e+00
  1.91811861e+00 2.75004553e+00 8.18382462e-01 1.32404637e+00
  1.60037887e+00 3.93869753e-01 8.91323106e-01 1.33307454e+00
  1.68788522e+00 1.67563115e+00 1.05294637e+00 1.43868443e+00
  1.37476611e+00 1.34404755e+00 9.51366706e-01 1.33603058e+00
  1.89044780e+00 2.51110618e+00 7.51981357e-01 1.79927157e+00
  2.35072143e-01 4.20055558e-01 2.23677955e+00]
 [1.28209343e+00 1.25435023e+00 1.05831845e+00 1.05947905e+00
  1.22613459e+00 1.49376472e+00 1.54984447e+00 1.50751187e+00
  1.91320144e+00 1.98333865e+00 1.76264603e+00 1.64303556e+00
  1.66511571e+00 1.85739299e+00 1.42843070e+00 1.51023519e+00
  1.82118367e+00 1.53712961e+00 1.46470475e+00 1.77629602e+00
  1.22262953e+00 1.49851242e+00 1.42717248e+00 1.50922523e+00
  1.38198153e+00 1.18618148e+00 1.01902409e+00 1.38024034e+00
  1.86772888e+00 2.16633830e+00 1.55686748e+00 1.56781513e+00
  7.77468877e-01 8.14428543e-01 1.47792062e+00]
 [1.38603308e+00 1.30843572e+00 1.36143984e+00 1.14973317e+00
  2.08296105e+00 2.20924958e+00 2.22835055e+00 2.08682151e+00
  2.00914416e+00 1.98290700e+00 2.76907322e+00 2.51928742e+00
  4.00990652e+00 3.82727380e+00 3.08924180e+00 2.98934446e+00
  3.24752620e+00 8.56380182e-01 2.79800857e+00 2.07776173e+00
  2.71247046e+00 2.27587837e+00 2.80797063e+00 2.48097678e+00
  2.24730263e+00 1.69063581e+00 1.32068112e+00 2.29136432e+00
  4.11004731e+00 5.16361584e+00 3.65666113e+00 3.98163934e+00
  6.60432122e-01 6.96595291e-01 2.33084823e+00]
 [1.49960295e+00 1.40507067e+00 1.22942206e+00 1.92960098e+00
  1.26657360e+00 4.77866609e+00 1.78607193e+00 3.68680554e+00
  7.03353834e+00 9.37023171e+00 1.86921854e+00 2.37235623e+00
  1.86962755e+00 2.83876367e+00 1.87488460e+00 3.04778725e+00
  1.96060516e+00 3.51086684e+00 2.49850378e+00 9.75710695e+00
  1.56451535e+00 4.64406836e+00 1.48184612e+00 2.74239718e+00
  1.53929230e+00 1.76019888e+00 5.00011944e-01 1.66865832e+00
  2.20815849e+00 2.69282359e+00 1.82060459e+00 2.43858015e+00
  1.87107828e+00 2.98870708e+00 2.60454005e+00]
 [1.60507614e+00 2.21172748e+00 7.73499483e+00 6.88367613e+00
  1.89560560e+01 1.11470856e+01 5.52737926e+00 3.68971960e+00
  2.97192921e+00 4.24220313e+00 5.80646816e+00 6.81300558e+00
  1.48284564e+01 1.61831128e+01 3.82192904e+00 3.43202600e+00
  2.16725591e+00 6.32836060e+00 1.75926634e+00 4.80468248e+00
  1.70321279e+01 5.21080213e+00 1.59096841e+01 1.13582265e+01
  2.39509147e+00 3.00871361e+00 2.08498319e+00 2.26013821e+00
  5.22491527e+00 9.09159781e+00 3.44184997e+00 3.77773357e+00
  4.86894826e+00 2.82851108e+00 2.70464406e+01]
 [6.28031176e-01 5.47971376e-01 8.67096874e-01 8.26693647e-01
  2.09605978e+00 7.90273778e-01 5.08497561e-01 1.02803070e+00
  1.49717731e+00 2.71113412e+00 9.42981661e-01 7.88503700e-01
  1.13092720e+00 1.46651568e+00 1.01827428e+00 1.22013061e+00
  8.42864224e-01 1.17623780e+00 1.05274962e+00 2.17047619e+00
  1.06624615e+00 1.08984566e+00 1.19416750e+00 7.66899853e-01
  7.65824533e-01 7.07431544e-01 5.75392982e-01 6.61828513e-01
  1.06861171e+00 1.30393343e+00 9.82459636e-01 1.15456735e+00
  8.72967391e-01 5.95131530e-01 2.49482007e+00]
 [1.19652887e+00 1.15299121e+00 1.80832922e+00 1.35074604e+00
  1.85656203e+00 1.42855398e+00 1.93367686e+00 1.87699881e+00
  2.44345850e+00 2.03390734e+00 1.65869305e+00 1.62400759e+00
  2.55879729e+00 2.66625800e+00 1.85384627e+00 2.62027726e+00
  1.62599638e+00 1.39893743e+00 1.93029486e+00 2.09214652e+00
  1.70209062e+00 1.94700671e+00 1.92627927e+00 1.56788516e+00
  1.42636616e+00 1.53187740e+00 1.30568997e+00 1.34835307e+00
  2.58714499e+00 4.73827072e+00 2.75418045e+00 3.72603334e+00
  2.01605591e+00 1.27171619e+00 3.29389202e+00]]