[[ 0.86136216  0.61143409  1.69069007  1.87590165  5.61196342  2.10186071
   3.27457198  2.74373398  2.57795421  2.92276468  1.96955168  3.03336597
   7.36648092  8.51417178  4.31443951  4.48816911  2.24516776  3.28733795
   7.04418133  2.84956429  1.14554179  4.24503186  5.27522626  4.32666428
   0.62931394  0.65363205  0.94293893  1.39246018  6.41952476  6.88541354
   7.06836925  8.6563283   0.46014127  0.40131947  5.85404537]
 [ 1.0345853   1.11704512  0.7268138   1.55491178  2.36330015  4.16251385
   3.18576728  2.18972709  3.39348212  4.0973914   1.57160306  4.23401718
   3.4137465   5.08391033  3.65318934  4.55414148  3.31378932  4.45710081
   3.89954761  3.71349524  1.71610346  3.17670877  3.43704732  4.57742188
   1.04383668  0.68655524  0.96843345  0.53848211  4.2985786   4.71414817
   3.55089924  4.93689171  0.47196482  0.85531262 28.45774781]
 [13.02725681 10.64923423  7.50000145  8.85248925 16.63072903 21.12678952
  18.75454605 14.72607824 13.41386931 14.42605426  4.4815181  17.40610455
  21.6745806  21.37934043 19.43945394 18.2883287   8.38931568  8.30678411
  16.27229416 15.18705316 14.82129744 18.190278   20.98071224 18.9551805
  17.2275005   8.43675143 13.72740399  4.26748393 17.47614373 18.663464
  18.84620982 18.10296494  1.14579965  3.31516196 14.72191007]
 [ 6.97911393  7.66603952  6.0121303   5.36624148 11.14094123 13.92643832
  10.0574734   9.33216059 11.25443642 12.80053401  8.7949311  10.00766754
  12.2944729   9.29999835 10.41958029 11.01145477  7.5942142  11.86048838
   9.89100337 12.35636461  9.78538426  8.62943951 11.18665336  9.60917681
   6.69083807  7.11704996  6.82048693  7.71822128  9.59090696  9.54470136
   9.10750843 11.71173759  1.87160187  1.21575839  9.13285908]
 [ 7.92693227  5.24374263  2.92448409  3.51119175 10.22661233 18.48177491
  15.97026307 15.70476813 14.74441394 13.78775756  7.95090863  9.23990971
  12.45268311 13.76706216 17.55636867 16.79240273 12.56090847  7.92109191
  17.31047611 13.91149386  6.69187617  7.34094972 14.33793659 15.1436339
   4.45330128  6.98203722  5.4436332   8.99187788 12.99696982 14.88583248
  21.07557034 19.26802621  1.0884311   0.49767906  9.89592058]
 [ 5.01390406  4.42844767  4.31303405  6.32869362  5.64235238  7.53578248
   5.41295982  6.12253449  7.1708678   6.9253705   6.43351688  8.79377119
   8.20020001 10.46404156  6.30132498  7.16258528  6.97453469  5.82217495
   6.61343693  7.70138538  5.9351102   8.58647161  6.29004878  7.75278318
   4.23553153  5.4949381   5.55422127  5.94207197  7.96870625 10.50096364
   8.28795482  8.48722581  0.99647605  2.76864364 11.71471268]
 [ 1.56401182  4.31583032  2.27050066  3.09057106  4.51898148  9.79664699
   5.17198781  9.70393459  7.77449312  6.41050967  7.72356706  7.34962637
   9.6169718   1.63598098 10.42012444  9.35419924  9.07847194  1.48444367
   7.81676656  8.09760972  2.1406304   5.42094206 10.2597912   9.08528022
   3.89381234  4.6421186   3.62194352  6.43104361  1.61622707  5.44751568
  12.94162117 11.39960235  0.18240104  0.09915667  2.50531435]
 [ 3.33736747  3.67617782  4.01728517  3.59113971  5.90358309  8.54156471
   5.86863962  7.67656078  6.41365749 12.62580683  5.04610641  5.35284102
   5.9708618   8.56753592  6.54922915  7.66695463  4.55720711 12.90948166
   7.02532387  9.28912511  6.09972301  5.43873766  7.02709308  7.67683958
   4.3687304   4.82271     3.31331492  3.77046794  5.58754789  6.2871442
   7.41409057  7.12871446 18.876055    2.26331756  5.87529008]
 [ 5.16568061  4.49304044  2.69632114  2.19871473  5.32001955  4.77192407
   5.3566188   2.5613269   5.01050704  4.75332023  5.18887869  8.45257885
   9.03424719 10.33594516 10.18251936  8.41421863  7.48351584  3.26556839
  10.44038077  6.29700297  5.67161701  2.73592749  7.89450936  8.07126561
   3.94134572  1.70831994  5.86501281  4.55840765  7.91788975  6.78711186
  11.82895537  8.58968485  1.19267317  1.2851773   5.91951168]
 [ 1.01683135  1.19291574  3.25384757  0.66596923  5.30440268  3.485803
   4.8795217   1.21017831  5.07059311  1.74033688  1.82463423  0.08804794
   6.08748417  3.95894223  5.24820872  5.07000965  2.95769705  2.25958038
   2.84747301  1.23024607  0.76821637  0.29971761  2.69858073  1.19982347
   1.74923709  0.13661708  1.20394138  1.7597008   5.75232363  1.95269893
   7.77790538  6.29488471  0.40026422  1.57342772  3.73419872]
 [ 8.57470667  9.42278305  5.6751683   6.99644546  3.95458838  7.65075393
   4.1966639   5.30926435  5.04507459  5.31231927  6.15686264  7.0678013
  15.92728276 14.78914588  7.10650343  7.54620096  8.28367852  5.08426667
   8.78254242  5.50303493  7.84664023  9.04559497  7.1514625   8.61362752
   7.86812921  7.94714016  8.59584733  7.40393015  9.3487197  11.91629643
  11.28072041 11.50050518  3.37664865  4.37481385  9.85364335]
 [ 4.09020145  4.20796953  4.77403799  5.12936923  5.18545249  6.04056281
   5.37493443  6.00925689  4.53199733  4.88216167  5.53637133  5.69251953
   9.47622639 11.12120654  6.88657694  7.61334105  4.59939317  5.19358215
   6.77200074  4.6077102   5.75815322  7.06203556  6.08660576  7.54976266
   4.44655319  5.2427067   4.15160733  4.36324062  6.65931721  5.60145327
   8.47050164  7.9951712   5.5191611   3.11145656  7.44543399]
 [26.36011025 22.08067845 12.34678214 19.10921951 14.55588468 28.43049261
  22.78993158 27.17710161 27.47909147 30.03658825 16.35206157 31.13526692
  23.99034311 29.49241158 25.07098118 29.93708957 31.18928992 22.14103953
  29.32888322 25.67412943 20.95164548 29.69503724 20.47095299 30.03518497
   7.26005497 27.61424038 26.14425368 27.00460457 21.86833863 31.86178909
  24.35681514 30.04512176  1.07758724  0.65263073  9.26455769]
 [ 4.52503959  4.00248154  7.82395463  6.09776574  9.56083505  9.87992028
   8.4823504   7.86758759  9.84307488  9.960211    8.37233924  7.60745673
  13.09976277 11.95696015  7.72184182 10.29300376  6.34911247  2.83627559
   8.12060317 10.23819653  9.23480323  9.22486277  8.88835961 10.02523667
   6.87725078  5.43616008  4.50834146  5.60360166  9.25933884  8.44770417
   7.56497523 10.72012183  1.29579789  1.83846957 10.40227223]
 [ 7.03561641  6.47796356  6.5345711   6.16930853  9.48790335  8.97413754
  10.74487835 10.34552442 11.26371289 11.60391325 11.31130456  9.26592306
  11.60590069 12.08238505 11.56803276 11.96599695 10.99650417  9.0265328
  12.00828647 11.54885793  7.57260432  9.01748533 11.34865354 10.97237994
   8.02856706  6.77540954  5.73080354  7.4607332  11.78262022 11.18513711
  11.86496987 12.79498082  2.75973369  3.47965656  4.77161228]
 [ 2.28764384  2.15201891  2.59888625  2.04651081  4.73139529  4.93302185
   5.41930607  5.14561653  5.35309605  5.05222998  4.50531193  3.91094115
   6.4508131   7.09133172  6.7919823   6.92818701  4.24109154  2.54992172
   6.09567011  5.41333525  4.94606581  4.23738569  6.2366066   5.52690195
   3.49912018  2.81933686  2.021337    3.38458756  6.02856861  7.16505993
   7.68113633  8.3350528   1.9763331   2.35925712  7.10472861]
 [ 6.347346    6.39179241  6.17146597  8.17320014  7.86531622 14.50792418
   8.15995098 11.1234641  12.50851951 15.78144069 10.01053352 10.99184591
   9.33271127 11.73273456  8.52024857 11.22465459  8.39238836  9.87267029
   9.30395471 15.52928281  8.88882404 13.04541569  8.33416226 11.15757499
   7.54419279  7.77463707  2.59090011  7.9558742  10.84886689 13.0862663
   8.89522353 11.37580539  3.99020769  5.15369817  6.89220047]
 [ 5.16564566  6.58740113 20.03102277 16.96573692 34.69738852 33.70027432
  14.62399737 12.21217988 15.29934618 15.70448829 18.82845393 16.8873606
  32.34656234 28.52282683 14.71179283 14.32626495 12.19916867 20.01877114
  12.97496526 17.83049406 41.77304185 12.0012494  30.78223534 27.87636072
   7.94032315 10.48999712  7.00027285  9.71797654 19.38324157 20.60994782
  14.33482115 14.66228019 10.85609927  9.90110445 28.31330194]
 [ 5.51324893  5.51015702  7.42511877  7.27416462  7.25821761  6.60308154
   5.06972235  5.99260562  6.09212161  7.34678293  9.04355295  7.80585213
   8.47217655 11.72821926  6.7426713   7.81773441  8.35014023  5.67491604
   8.28748771  6.63074517  8.11152838  9.45770924  6.1961746   6.50779748
   7.59302186  6.51409855  5.74281233  7.04787655  9.86021998 10.26101762
   8.54333987 10.46637713  2.24937015  2.08788997  6.34346682]
 [ 3.42955677  3.07603712  5.13428975  3.83228273  4.98543535  4.12060133
   5.35760694  5.05494953  7.08996244  5.95552054  4.64781951  4.28961121
   7.71005513  7.7430599   5.59513951  8.2906013   4.25890178  3.87008941
   6.14324511  6.32042817  4.77751253  5.34607368  5.23535952  4.62628319
   4.02827864  3.79435113  3.45492218  3.80813483  6.64165656 11.2227072
   9.02274677 12.03669443  4.50968996  3.31376139 11.3446568 ]]