[[92.92716731 95.08432544 84.17970487 79.92867373 35.05269137 73.32312655
  13.65893984 15.6451006  10.46651871 11.47195867 83.68509149 74.52989071
  36.37444853 24.94682786 12.30392939 13.55502712 84.00775863 25.37138102
  19.54637041 11.85445454 91.79495136 49.29626793 18.27892954 16.52328149
  94.9649621  94.54121844 92.11969098 88.75214175 51.37585753 52.10440058
  19.53145444 21.04244556 97.49251845 97.29831104 67.67368882]
 [92.09157629 92.44711859 95.01134282 89.8745788  81.98535982 73.36858821
  73.99827558 85.51104578 73.53663928 76.72578255 91.48373958 80.08331714
  62.93011623 65.29899398 70.47277678 70.82137678 78.03675639 80.50674186
  71.99994268 76.76484868 89.051405   81.48998528 70.33298795 70.42382073
  94.52727944 96.23295728 92.48715221 96.48798142 73.22716075 73.54308293
  69.16988443 66.44762963 96.84076261 95.92063225 53.63625008]
 [57.37296988 63.97747114 74.74966394 69.5759234  44.66883481 32.38970911
  21.59957453 39.5023478  14.50783632 15.82966499 83.7218331  48.04778136
  25.12397819 24.04694698 17.02248646 20.34031784 65.83036281 43.76354088
  21.45561267 17.93163257 50.55618909 42.67288066 22.44696256 23.22359367
  54.75004804 71.15358944 53.99962626 84.64821313 46.21629238 44.3705636
  17.46328969 26.38970336 95.31832386 89.31837547 62.72342914]
 [60.0026884  57.36460332 62.7832847  60.4715745  31.43972705 25.17295373
  20.45003371 18.69295796 16.37134976 14.72067577 42.0365181  42.74112912
  34.5276243  30.07927994 18.98921456 18.97367752 34.39553456 31.41292092
  17.70409731 15.28274897 42.37934755 37.8809436  25.82283683 19.93099725
  58.59682954 51.46038335 54.9782439  43.23901859 30.02245248 30.08005063
  19.84447441 23.45066724 93.13689645 94.37081658 72.18651541]
 [69.46347551 78.44077359 88.09196607 85.29296421 57.67620147 43.93412118
  30.47296366 22.79873942 18.44705571 20.43323063 74.06986474 68.36771096
  62.09184256 56.17276262 25.77952129 24.31392936 54.27502525 67.38911875
  26.85736286 20.33662246 75.24134476 72.33039177 44.47151281 38.37367914
  83.45214588 73.53886737 77.98378682 65.68979554 60.96333094 53.63345619
  35.32433757 33.67899326 95.36368558 97.74610177 71.57081444]
 [67.9597963  73.21835684 71.1567897  62.80444266 59.26229947 54.15864228
  55.86952027 53.76157325 52.57284965 50.34545302 60.27329987 54.03149742
  55.79228695 53.02874111 57.22798856 54.6386125  56.67452732 57.63421655
  55.41459675 49.93781073 63.2064846  54.67063628 56.33525025 54.38950042
  73.13001267 69.33356157 65.02770031 62.63472622 54.45321439 51.69800058
  55.64579949 53.48372771 94.79030766 86.81894331 52.23459448]
 [93.79770547 83.56415346 90.63400293 87.7777892  78.60204557 63.68833987
  63.33205754 28.31588103 27.50207227 32.62725774 74.26050761 76.5013418
  66.37243363 94.83053498 34.356889   31.42352857 67.29003017 89.18325788
  33.73191319 21.43481292 89.84501719 80.2627026  46.4930056  55.97480585
  85.41320426 83.16107094 86.19063515 76.00239579 94.84300568 84.26715139
  33.98234177 37.63099486 98.83126915 99.37604164 91.34322397]
 [71.7969702  68.19159138 73.08264374 71.046831   58.46566547 43.79563786
  36.96092731 31.20636126 30.72465364 29.50780987 61.80737714 59.09022931
  65.38745887 47.95501089 33.71793531 36.02608755 50.76985114 48.24893225
  38.82461831 31.9600069  58.85032623 59.56636148 43.71061691 38.7924063
  63.33451523 60.12111104 69.67070758 58.51955697 58.07910626 59.86380027
  40.65039048 44.72338474 51.57494075 90.07728976 74.39915798]
 [72.10382654 75.35652184 80.63011917 87.75442436 56.67524641 61.91908178
  47.09950634 62.2514591  38.22995959 46.30114208 70.99652861 62.09366061
  46.18300736 44.73706698 36.60921061 27.02845745 56.79822866 71.75647247
  36.00646103 33.63199666 61.32162733 86.01998174 43.92342973 33.502886
  77.48397186 91.78915825 66.4097284  74.04881898 58.46350584 71.58011593
  40.63221906 45.1267881  91.97559522 94.66296219 75.33241649]
 [95.20622155 94.20578722 85.35127251 96.55590179 70.66763121 78.5823992
  47.23945435 85.9028491  32.73148333 75.20739665 91.80270172 99.299472
  69.46391673 77.3927926  47.7874381  36.34109626 83.66048512 87.96083107
  60.88208199 84.90152382 96.25174809 98.49709295 85.16378229 89.57387236
  91.07407888 99.30316378 94.16577028 89.73883877 73.80193122 92.4110089
  36.07596054 45.15185392 97.94645447 94.34347712 87.80093459]
 [53.10573902 50.84349832 66.17878637 58.16205564 63.50438797 37.22375354
  19.24559946 17.00833573 12.34570751 14.53964688 72.94027156 70.14935828
  31.73969458 36.8069475  24.24760375 21.39679299 60.715405   22.09838296
  26.41151795 14.75136809 52.62860947 45.45753304 29.28023415 29.66464357
  58.33660881 56.43495774 53.05697251 61.29279769 58.77026159 49.44532729
  31.0384041  40.35982138 80.92781101 75.86753284 66.09218571]
 [71.24613169 71.35012309 65.53631681 65.86461259 64.00063266 63.78381404
  62.86176927 64.4587091  61.18161528 62.44213827 67.00263906 66.047594
  57.45718822 53.18135817 61.06350678 60.80979604 71.76885249 65.81650603
  62.50774521 61.92721126 63.67402007 60.8190502  63.06848757 61.25264475
  70.54655273 69.08878902 71.32402767 71.05084486 64.53254518 68.34828448
  59.50238557 61.90612043 82.95074599 85.45242094 71.96777655]
 [42.7501486  51.44044674 72.29607135 62.33318044 62.17995845 34.27064108
  27.38494558 22.25366994 22.01221691 20.59504943 67.22896526 41.00603871
  45.83387934 38.97533385 28.17673629 25.09387631 32.28167371 48.04198223
  28.51201677 34.53615072 53.13296497 43.89044778 43.3209884  28.116112
  84.24219447 45.02852699 42.90877495 40.89050645 53.33304152 36.81976333
  39.54502093 33.23209308 97.37480525 98.480593   76.02090188]
 [59.55523598 62.90035695 37.91616799 52.4243673  29.77791153 27.91352725
  16.64968787 17.55595051 15.79877995 15.25119596 32.54256696 40.62935211
  21.95366297 23.71210993 17.24647639 13.91393786 36.72208331 55.07406096
  20.10339744 18.62930433 29.88801739 32.40463668 20.74591817 21.46891443
  42.04367042 53.47628656 56.49003524 42.68564548 29.64592278 33.92592381
  17.92945384 14.28066094 93.44289164 89.58644845 61.2118128 ]
 [67.29014526 68.35478725 68.44878452 68.47757842 48.19025493 51.26736609
  39.62782287 40.3852713  38.38855501 40.26534269 49.30828105 58.00445952
  35.47281943 39.78867849 31.41874358 32.05070866 46.16529488 57.79437732
  33.37471972 42.18425247 60.21955617 56.37617085 36.18563259 39.42176869
  62.25905944 66.79891499 73.02927076 63.53165698 47.64662925 49.96782855
  29.13966067 29.15767292 89.55103447 85.8196014  82.52283559]
 [83.55263741 84.18401461 81.36681733 84.26887804 64.45665068 61.33413924
  52.91153493 50.27544604 48.1464899  50.07067972 72.1979629  74.42115391
  61.36680247 57.03565855 52.34573656 53.11032203 71.62091677 84.51164175
  61.22021714 48.52471769 69.974849   71.96402931 55.85165162 60.55455408
  76.0003711  80.51085531 84.41622154 75.66438328 64.53589205 62.48484763
  56.71594336 55.13344284 91.96501281 90.4548713  66.52985098]
 [66.26299076 68.11986149 67.73192702 64.82947914 53.39282472 48.71861318
  49.52633629 46.24953719 41.94845721 39.91450489 51.72013225 56.42482362
  48.3724447  53.99517801 44.85167136 44.40490265 59.5447311  46.01093872
  47.89319739 39.13130113 52.05763096 53.40469278 48.28484149 48.66998276
  60.51187957 63.64433574 85.94201904 61.36650308 53.37780949 52.70388327
  44.13113543 48.75708242 85.61444865 83.50466614 77.14237841]
 [76.999925   69.22637268 56.63451173 61.70335125 30.42525769 36.55710677
  17.62988397 14.01279221 17.99008661 14.34578712 44.74542751 50.31065392
  20.90727528 19.47856148 18.82077178 16.52789015 40.77593284 39.8069094
  20.54372551 17.29626194 24.6464295  62.31500373 15.33243216 16.65600541
  65.56155966 59.07773404 68.76169702 51.76010851 37.51707573 33.54036498
  18.83105426 15.76741078 76.57361773 84.57353414 37.66019818]
 [69.11820201 68.85039135 52.74504683 60.58076232 33.7997401  43.06406284
  33.8100346  35.66704613 37.62411276 37.12141502 51.51251137 60.35393373
  31.03137446 35.06910442 29.33663661 34.48611645 46.01849988 36.29784986
  32.125232   38.06812086 41.64520136 50.81327333 27.60191981 40.87414778
  59.44465183 64.61447363 66.90240352 58.08947568 44.33162515 43.90315483
  28.52054974 32.12803652 81.01370845 81.89799531 71.24721892]
 [88.48028582 89.87546418 83.81505574 87.52553546 85.39056918 87.01631462
  83.64492693 83.77315943 73.26792083 78.78162256 84.25983965 85.43830376
  76.60431506 75.44855609 80.90945737 71.23286558 85.179162   85.83429547
  74.94651442 77.31962526 85.47035369 82.45186408 83.60702409 83.94916235
  85.97595869 86.79528237 87.10436463 87.67613173 77.96317864 61.31246119
  65.82774805 54.30775855 84.38549079 89.84403264 70.66892706]]