[[ 3.91057812  2.74208729 10.24785228 13.76584242 48.65344377 21.01292829
  75.19747273 76.3282091  81.76868144 80.522836    9.30936901 16.01057674
  44.96622577 56.89727213 76.88717487 76.09163938  7.8717164  65.42489609
  63.99836297 80.13919654  4.68520979 38.16716272 67.84939843 72.97873346
   2.82562245  3.23503085  4.45414567  6.08823246 26.38969949 27.7281136
  64.81683915 61.2246729   1.08901079  1.52060479 18.36297791]
 [ 1.17790832  1.07672063  0.84598533  1.47299895  4.03362759  4.28283871
   7.45490018  3.30430595  9.99162226  6.81268228  1.6646438   3.27344489
  18.66850881  9.96034646 10.70077051  7.25541682  4.01604967  5.2309927
   8.05658823  7.59199354  2.25476608  2.91306439 10.80034068  6.2916134
   0.96356003  0.59183736  1.11154768  0.58305995  5.90446539  5.61960389
  12.17104015  8.45537593  0.3343959   0.51821629 10.57869464]
 [15.64108133 13.61579358  9.43170551 12.63988655 24.38482952 30.99183174
  45.66891748 37.50926122 64.78703812 62.73316354  6.56909044 20.90093898
  40.48510472 43.10466174 54.18329267 52.41523264 16.50170971 41.20747104
  53.78992023 58.60676879 21.39747248 25.5178577  43.80342711 47.27418923
  12.61855438 11.57564548 16.72540399  5.49000797 24.5368845  25.66764977
  54.9629283  45.58252459  1.30781718  2.98218592  8.47689231]
 [20.17052883 21.36423796 21.13053728 23.4459468  40.7435565  43.03056407
  57.63156811 61.10459315 61.9752874  59.897974   35.2007366  30.66383009
  37.41512041 47.41569285 59.06706818 59.00438959 40.99490348 46.59146627
  58.74039678 59.24283279 33.73998681 38.3962765  48.29266871 58.17679853
  23.40435565 27.59730715 24.81834682 33.30323638 44.31559055 43.43725274
  58.05746537 50.12110787  1.80896703  1.91409558  7.40248353]
 [11.51123715  6.95755577  3.77317913  5.08664845 18.78441751 17.09063788
  40.16123194 51.20602483 55.68378821 56.24815989  7.52677536  9.77846015
  14.21721471 17.19699876 43.27512813 48.44638906 13.93785656 11.03131677
  42.08502502 54.58525012  8.83048499 10.04121982 27.35347392 33.23135126
   5.3558422   8.65545085  7.14423429 10.95104231 11.00322466 12.72002396
  28.70324049 32.6182099   1.19442643  0.47652562  6.8002044 ]
 [ 4.91473878  4.29629632  4.72388677  5.82695592  6.92248559  7.44771792
   7.38359713  8.56467644  8.05708705  7.54659687  6.28151163  6.50262394
   8.51740697  9.07651796  7.87216582  8.15649233  6.70773398  5.79171839
   6.9287665   7.49950809  6.03396775  7.1336348   7.77550305  8.66008702
   4.4372351   4.87168601  5.44350599  5.8437496   7.19187778  6.78881464
   8.83408965  8.44338322  0.90350178  2.11354543 10.36861128]
 [ 1.81021022  4.80302192  3.4009117   4.153335   10.43010651 14.77856813
  23.63496804 47.85548621 53.83092027 51.60457815  8.53207968  7.6542107
  13.83075086  1.81502316 43.13856257 48.18540884 10.15276581  6.62060737
  47.17622813 59.13515924  3.23302176  7.39226121 29.81886066 23.52633453
   4.63427522  5.1363653   3.97242108  7.22357113  1.65031937  4.79775416
  39.83081662 39.35739255  0.32673965  0.1747478   1.98170367]
 [ 7.77692758  9.30815646  7.35543939  8.31101901 12.56629032 16.79798278
  29.77786801 34.9625534  39.39031937 29.07885965 10.55043059 12.73942488
  13.31721992 19.55809252 37.428284   33.60729905 12.48796699 13.83424954
  30.97269525 32.09011036 11.61744409 12.44234912 24.35614414 25.11798865
   9.74853847 12.01591696  8.22558058 10.31253652 11.75847785 12.80050134
  31.38264855 26.02670223  8.20988508  2.07873098  5.71748305]
 [13.74292342 12.18669735 10.96365979  6.05282025 28.11134759 25.29383882
  38.42518697 30.33534488 49.74147711 42.83384732 15.57769182 17.46442007
  31.10599719 32.44888039 41.22314907 54.43161512 22.1556764  18.61957011
  42.70686996 52.14908944 22.63925934  7.30115389 36.19184865 47.15364734
  11.90462963  3.84486525 17.350554   13.50166137 20.9615235  12.57696056
  34.66636062 36.20620336  2.98357216  1.62781714 10.03943387]
 [ 2.16229003  2.72008731  6.41915718  1.72586519 15.68951852 13.37496726
  42.39369522 11.57434057 57.54678029 21.35762259  3.59145931  0.17356353
  15.71623454 12.66029241 41.55803475 53.24004041  8.12487897  6.46403056
  32.79490976 12.58059038  1.60341346  0.71186654  8.56912206  7.73996538
   4.20307295  0.31803909  2.7059724   5.11289154 12.27321489  3.11915133
  45.8792055  41.10364296  0.88272506  2.18616917  4.12634579]
 [24.13930456 24.51270835 18.83542326 22.93927049 25.60623581 42.94765315
  69.42487707 70.30268103 77.25283341 73.77822301 12.96905996 13.88063244
  41.48844039 34.56594071 61.09543515 63.91333502 19.03994377 65.97600945
  56.69225601 73.37782277 28.02851931 31.41062479 54.42048258 51.67386929
  21.32990699 22.62857599 24.03837132 19.85994583 20.63537162 25.50989578
  48.29800645 38.12607669  9.74188164 12.17737164 12.59231243]
 [ 5.01620177  5.00679566  5.66756761  6.15253387  6.12263784  6.96313706
   6.59319016  7.67155607  7.91136863  8.37885548  5.84603215  6.43528726
   8.08106382  9.52454261  7.68044045  9.67365579  5.41014503  5.83012731
   8.42005166  7.86766088  5.90606073  7.48610683  6.60957899  8.34980496
   5.23319533  5.73791655  4.99046175  5.41180156  6.67149028  5.78645901
   8.21185298  8.836288    2.52179134  2.41950688  5.53986588]
 [15.95860518 13.11933002  8.08776454  9.3380095  13.48633719 21.90061118
  37.33822604 36.06174713 34.56102068 32.59337972  9.29817755 13.50147338
  17.5782271  16.76398909 33.8997013  30.12511079 19.50229434 16.75773311
  27.68851173 24.32426981 14.6815382  13.35649188 24.21049564 26.87874489
   4.53945012 13.73222321 16.36503728 17.31023738 12.95818878 15.88919291
  23.66718953 22.78571341  0.64360864  0.37566441  5.89827442]
 [16.07713465 14.88868554 25.05212373 18.34760069 28.82835746 27.72358035
  49.84327225 44.17004175 49.7597192  49.87843355 25.15662565 22.46530327
  36.39466103 30.87638853 50.91830373 48.27521765 23.99183678 25.85906082
  41.91762839 44.41884797 28.5332767  26.32027222 42.12558661 35.55426149
  23.11824913 18.77617594 17.30128014 22.17382878 26.8305863  24.80170564
  47.732079   49.2405762   1.90882173  2.66398881 11.31089806]
 [13.28338071 12.60726522 12.86359006 13.02744612 25.13463185 23.5073943
  30.8793055  32.93475098 32.74789639 30.5952226  21.78798329 17.51047322
  37.30096101 31.35353891 41.92194044 42.01238765 26.33396912 17.36928034
  40.71587952 28.72067848 17.23562064 18.04532305 35.54726718 34.30468574
  16.43983648 13.77181563 11.22102719 14.8687461  23.24249748 22.42403373
  45.92543402 42.71526969  2.7106272   4.04299309  6.08100001]
 [ 2.51518823  2.66452472  2.73445734  2.67094963  5.98342958  7.37004209
  10.25524597 12.9386497  12.69517309 12.46772097  4.51917892  4.46355679
   7.13979871  8.48432936  9.98157281 10.37126518  4.68334241  2.93881873
   7.32371532 11.6100075   4.8298288   4.98718974  8.599795    8.80837342
   3.70658171  3.24739545  2.56659286  3.99716873  5.64599047  6.14818316
   8.64569766  8.9138915   1.96587324  2.01007979  7.84527037]
 [ 6.68969726  6.4990718   6.60711119  8.20027497 12.14356579 13.49783945
  16.37209279 19.60728766 20.01857774 17.50195794 10.20335832  9.35835227
  15.18727386 16.31595398 20.1580052  22.23182839  9.51221998 17.64108422
  18.37442394 17.62842357 10.10437336 11.03848143 16.95147928 20.00878529
   8.44242628  8.26100512  2.93051705  9.38135939 10.56864605 10.01857614
  21.7464647  20.56230335  3.10827331  2.96641053  5.04317698]
 [ 7.58739274 10.03874648  7.399536    6.5620879   9.36379123 11.45790648
  42.439627   52.91296054 44.70543674 48.70149944 13.97083488 12.36156982
  20.50126333 25.39407582 42.69266651 50.72181482 23.7188339  23.18852607
  43.00261407 40.99995033  8.54659942 10.63333297 25.5145826  31.48532714
  11.36936602 12.7930342  10.51109491 17.63503363 19.30107229 19.1429269
  44.09173592 50.54781434  2.69588462  1.17123497  4.38237945]
 [ 7.26591795  6.90694757 15.63558278 10.26272477 29.97875553 21.79836868
  35.04595881 30.02399703 32.27857164 29.93062361 12.81192948  8.4319297
  30.0646192  22.26747932 36.08761908 27.88415087  9.78038908 32.00785554
  32.80876425 30.05975656 22.05161683 13.84122403 36.72357734 23.58902125
  10.15151331  7.54333888  7.51260663  8.25310668 12.44606148 12.96898006
  33.76408432 27.22205986  5.60087984  5.33286769  7.57475289]
 [ 2.61055534  1.96848149  3.73316197  2.74053284  2.84607689  2.72409226
   3.38455545  3.18517279  6.88732732  4.81124801  3.39910837  2.94437471
   6.1972354   6.60079549  5.32698371  7.45556407  3.10308001  4.34612509
   8.92749393  5.15713775  3.14051098  3.78971412  3.56661236  3.22349154
   3.39974932  2.86046483  3.00506381  2.86353015  4.77485304  8.35699435
  11.67638966 15.92188408  3.12842342  2.11321322  6.36791955]]