[[4.35616150e+01 4.32120844e+01 3.26729241e+01 2.80337487e+01
  5.31193767e+01 6.99056024e+01 1.96983887e+02 3.27943048e+02
  3.74675998e+02 2.76217608e+02 8.53207240e+00 8.73329574e+00
  1.33084395e+01 9.43774400e+00 8.43077104e+01 7.90888251e+01
  4.19005783e+00 1.66743331e-27 3.15255138e+01 3.04338221e+02
  2.34373763e+01 2.17467203e+01 6.39756635e+01 7.64673224e+01
  2.63483744e+01 2.43388868e+01 2.94973112e+01 8.52017670e+00
  2.39610057e+00 2.20627858e+00 1.35304695e+01 9.02074738e+00
  1.78846175e+01 2.08899314e+01 4.15562870e+01]
 [2.30069714e+01 2.99202033e+01 7.91177640e+00 1.03942892e+01
  5.85054580e+00 5.88191194e+00 1.38337268e+01 1.79419047e+01
  3.82411596e+01 2.44017515e+01 4.42335910e+00 6.42629463e+00
  2.82706616e+00 6.30971058e+00 6.91331567e+00 7.75717333e+00
  3.14928379e+00 9.04300653e-30 3.96939955e+00 2.62979610e+01
  4.59434356e+00 5.30986811e+00 5.54375341e+00 7.15351402e+00
  1.18330140e+01 1.60525363e+01 2.18929557e+01 1.08386731e+01
  1.83102465e+00 2.14005215e+00 2.25425665e+00 2.60686040e+00
  8.10619055e+00 1.54482865e+01 6.17540164e+00]
 [2.90648672e+01 2.65175764e+01 1.24222221e+01 1.08901356e+01
  8.11512962e+00 1.22075776e+01 1.77390070e+01 3.20859058e+01
  8.82487639e+01 7.12185331e+01 5.97322816e+00 4.13293700e+00
  2.65896096e+00 5.37443359e+00 1.23157682e+01 1.86049462e+01
  3.17846997e+00 8.78805781e-29 9.97811139e+00 6.67109990e+01
  5.37102214e+00 6.80988400e+00 7.99069305e+00 1.66725240e+01
  1.40710162e+01 1.82736312e+01 2.42369269e+01 1.07194591e+01
  1.44354975e+00 1.58816007e+00 3.58134713e+00 4.73820564e+00
  1.57423102e+01 1.07684845e+01 2.22551779e+00]
 [1.30632263e+02 1.37159953e+02 4.56979116e+01 5.62749677e+01
  4.20366158e+01 6.84488535e+01 7.92983880e+01 1.27808700e+02
  1.35596334e+02 1.33722421e+02 2.76393281e+01 3.66056999e+01
  6.02463126e+00 1.64470292e+01 3.80186680e+01 5.53779508e+01
  2.29278586e+01 3.88390243e-28 2.94418027e+01 1.09916608e+02
  2.24291692e+01 3.89436744e+01 2.93481719e+01 5.57347464e+01
  7.85680267e+01 6.78346423e+01 1.01605015e+02 6.00044493e+01
  1.02308127e+01 1.28339854e+01 1.30059284e+01 1.10143562e+01
  8.37261193e+01 5.44202323e+01 8.69040421e+00]
 [5.65532023e+01 6.07307892e+01 2.36015201e+01 1.74531573e+01
  2.08792568e+01 2.53926978e+01 4.41314984e+01 8.59181551e+01
  6.07085622e+01 6.18391510e+01 1.02766285e+01 8.64771535e+00
  6.20116299e+00 1.07500647e+01 2.78258950e+01 4.15836094e+01
  8.37067820e+00 2.43020846e-28 1.55340146e+01 5.28078935e+01
  1.15389264e+01 1.19510880e+01 2.06716375e+01 3.16090529e+01
  2.28608067e+01 1.99900230e+01 4.67476929e+01 1.70573110e+01
  3.80337030e+00 3.02877169e+00 7.26566593e+00 8.60274003e+00
  1.93385873e+01 3.63539694e+01 3.28308268e+00]
 [4.30758203e+00 4.94447642e+00 6.12551318e+00 6.35806763e+00
  6.39172812e+00 5.64473675e+00 7.52839920e+00 1.13887826e+01
  1.52623269e+01 1.00416392e+01 2.21369235e+00 2.12340913e+00
  1.73997415e+00 1.84958149e+00 4.68203516e+00 3.97903537e+00
  1.44832671e+00 2.51830636e-30 2.38120366e+00 9.92881193e+00
  4.40988946e+00 5.30249771e+00 3.79455511e+00 4.70963362e+00
  3.47209278e+00 3.17751961e+00 4.12973667e+00 2.31887769e+00
  9.91928571e-01 7.69376629e-01 1.33278628e+00 1.01518574e+00
  6.15356368e+00 4.25157525e+00 1.46859293e+00]
 [4.15133635e+01 4.28485166e+01 1.22196310e+01 3.16422573e+01
  1.65729740e+01 1.49094323e+01 3.36912576e+01 3.66091674e+01
  7.27166807e+01 8.01295831e+01 6.53705845e+00 9.90153664e+00
  4.65889336e+00 5.13009530e+00 2.23955258e+01 2.59964419e+01
  6.79331666e+00 4.77641890e-30 1.97815034e+01 7.01799246e+01
  1.00450736e+01 8.85157069e+00 1.63020528e+01 1.57166304e+01
  1.96501228e+01 2.28459177e+01 3.90875525e+01 1.44007814e+01
  3.30524261e+00 3.54677935e+00 6.72075008e+00 6.67447347e+00
  4.60041265e+01 5.53395042e+01 3.76401754e+01]
 [2.20869858e+01 2.30143297e+01 1.02130804e+01 1.09747926e+01
  9.97769682e+00 1.25614862e+01 3.20085579e+01 7.35944503e+01
  6.29761308e+01 5.87451305e+01 5.71857042e+00 4.85976015e+00
  3.86161990e+00 4.13578104e+00 1.78414932e+01 2.52553515e+01
  3.67561244e+00 3.80635989e-29 9.56778490e+00 5.33354510e+01
  5.79099490e+00 5.38576515e+00 1.12127974e+01 1.66183678e+01
  1.15665810e+01 1.00471041e+01 1.96840397e+01 8.49800132e+00
  1.81702590e+00 1.31101646e+00 4.20823185e+00 4.95836269e+00
  8.10749818e+01 1.08611719e+01 7.99281628e+00]
 [5.04129029e+01 4.33711726e+01 1.88192417e+01 1.73174977e+01
  1.93885619e+01 2.28631687e+01 4.98237106e+01 8.22940761e+01
  8.94854896e+01 8.80526830e+01 1.01088569e+01 9.61913220e+00
  5.91746226e+00 5.20073845e+00 2.25259462e+01 2.66652897e+01
  8.89999877e+00 7.79770883e-29 1.68099295e+01 8.07183150e+01
  1.04956935e+01 1.00331333e+01 1.78255233e+01 2.13165990e+01
  2.07076958e+01 1.75828261e+01 4.11581444e+01 1.81111366e+01
  3.56371348e+00 3.30965271e+00 6.99817417e+00 6.57351808e+00
  1.17458541e+01 1.80811986e+01 8.40240607e+00]
 [4.21610636e+01 5.34908092e+01 8.97893197e+00 1.25399905e+01
  8.54229325e+00 8.18504433e+00 4.78906735e+01 5.65944133e+01
  1.18138139e+02 1.02653205e+02 5.74501165e+00 1.00162017e+01
  2.62367042e+00 3.18867837e+00 4.00639388e+01 3.94652418e+01
  7.43986288e+00 3.71351863e-28 2.76936442e+01 8.71077190e+01
  5.11779184e+00 4.93704512e+00 1.55649541e+01 1.65551609e+01
  1.92315105e+01 2.43547871e+01 3.97690499e+01 1.59201833e+01
  2.21122305e+00 2.30063265e+00 8.21848453e+00 6.81523500e+00
  3.14176091e+01 2.91294933e+01 1.01884082e+02]
 [2.23295468e+01 2.30752962e+01 2.97139256e+01 2.19244802e+01
  3.61942335e+01 2.35785865e+01 6.07914093e+01 5.25093120e+01
  7.11074077e+01 6.14830245e+01 7.62199062e+00 6.92343238e+00
  5.44886312e+00 5.28521071e+00 1.92264853e+01 2.25711663e+01
  4.42109741e+00 9.62774707e-28 1.01415650e+01 5.51070739e+01
  1.72718251e+01 1.28779865e+01 2.13096699e+01 1.69015389e+01
  1.33559291e+01 1.58588312e+01 2.00158371e+01 8.70746515e+00
  2.64499014e+00 2.05270241e+00 4.24019431e+00 4.67055076e+00
  5.46864395e+00 4.70012392e+00 6.48165923e+00]
 [3.68748938e+01 3.25252408e+01 1.80743437e+01 1.58200043e+01
  1.88503883e+01 1.63345582e+01 4.66818386e+01 4.16082697e+01
  8.82501042e+01 1.00916561e+02 7.32129461e+00 6.80993984e+00
  4.62266767e+00 4.00455245e+00 1.76262307e+01 1.55170717e+01
  5.63445309e+00 8.87681020e-30 8.93154158e+00 7.28198703e+01
  1.17103099e+01 1.01658170e+01 1.59956809e+01 1.40185131e+01
  1.70929342e+01 1.29368288e+01 3.07810021e+01 1.07643120e+01
  3.16074911e+00 2.86117700e+00 3.96793464e+00 3.29141434e+00
  4.21324176e+01 3.05720349e+01 3.92630576e+00]
 [5.12733887e+01 6.38071434e+01 1.29667551e+01 1.84241610e+01
  1.53468382e+01 1.18706110e+01 3.55108319e+01 2.72737365e+01
  4.38372066e+01 3.45163842e+01 8.20618178e+00 1.09649410e+01
  7.01837353e+00 5.16416886e+00 2.20304080e+01 1.43726765e+01
  7.95401236e+00 1.06498452e-29 9.15130980e+00 2.84533943e+01
  8.24705597e+00 9.75956776e+00 1.73927712e+01 1.25482344e+01
  1.86064697e+01 2.38093725e+01 4.70669972e+01 1.70512183e+01
  3.19463343e+00 3.56710652e+00 7.16044050e+00 3.36359748e+00
  2.97224701e+01 2.75881788e+01 1.45515634e+01]
 [5.54354122e+01 5.63479866e+01 5.82794332e+01 5.66851618e+01
  5.96333804e+01 5.51313825e+01 1.24815955e+02 1.12155857e+02
  1.21907235e+02 1.33945776e+02 2.88713293e+01 3.18062155e+01
  1.32933196e+01 1.57252786e+01 6.78191672e+01 5.80030438e+01
  2.46584689e+01 4.64283660e-28 4.06564299e+01 9.88207740e+01
  3.74911981e+01 3.69013573e+01 5.12285664e+01 4.54564717e+01
  3.97888463e+01 4.27924069e+01 5.36031233e+01 3.59339365e+01
  1.19661238e+01 1.15336035e+01 1.96518474e+01 1.94225338e+01
  6.93558279e+00 7.35380881e+00 7.20346598e+01]
 [3.65335913e+01 3.60647487e+01 2.54197919e+01 2.42741787e+01
  2.70281954e+01 2.23682155e+01 8.41529892e+01 9.47979755e+01
  1.42515228e+02 1.40045075e+02 1.22710104e+01 1.30249166e+01
  8.26429223e+00 8.31087073e+00 4.82393876e+01 5.21611423e+01
  1.19638481e+01 1.25332796e-28 3.15580902e+01 1.14209007e+02
  1.60818032e+01 1.38058588e+01 3.14505020e+01 2.87755738e+01
  2.32268661e+01 2.77260147e+01 3.61722675e+01 2.07378615e+01
  6.00299354e+00 5.53376529e+00 1.55528029e+01 1.17407468e+01
  1.20351767e+01 1.12415513e+01 2.25204557e+01]
 [1.24799791e+01 1.69528477e+01 7.84775427e+00 7.85338035e+00
  1.13982307e+01 1.32404009e+01 4.09922317e+01 5.85469124e+01
  1.05769356e+02 7.58094711e+01 3.35644690e+00 3.97787846e+00
  2.83921984e+00 2.85852764e+00 1.67566462e+01 1.47348835e+01
  2.29039266e+00 2.25338017e-29 6.00072658e+00 7.05624835e+01
  4.80293917e+00 5.55484601e+00 1.34564780e+01 1.47113319e+01
  6.02387532e+00 9.11937516e+00 1.33383992e+01 5.56328491e+00
  1.10143899e+00 8.71262050e-01 2.87778266e+00 2.29834826e+00
  4.91060504e+00 1.11317127e+01 8.84335457e+00]
 [8.89625255e+00 7.03168732e+00 8.58381455e+00 7.19595537e+00
  1.23374400e+01 1.04026511e+01 3.49295915e+01 4.64860477e+01
  8.20215391e+01 6.01082759e+01 3.43896132e+00 3.14400712e+00
  3.26260023e+00 2.96031950e+00 2.28927859e+01 1.86623668e+01
  1.87259365e+00 1.64452852e-29 1.05160099e+01 6.39446581e+01
  6.30663874e+00 4.57687427e+00 1.26267845e+01 1.12720454e+01
  5.74166170e+00 4.99362766e+00 6.68431126e+00 2.90027673e+00
  1.33265608e+00 9.52878957e-01 4.20242425e+00 3.98583434e+00
  4.88024315e+00 2.08702643e+00 1.53694139e+00]
 [7.92610795e+01 9.07515594e+01 2.02062515e+01 2.47818818e+01
  1.96056182e+01 2.97810661e+01 4.71558152e+01 8.88082258e+01
  7.02662205e+01 7.82048774e+01 1.13659704e+01 1.41692025e+01
  1.02185731e+01 2.17336365e+01 3.23342655e+01 4.21070539e+01
  1.03611459e+01 8.55628154e-29 2.02652628e+01 5.27194991e+01
  1.14242253e+01 1.48053307e+01 2.48059675e+01 4.07110229e+01
  2.48140015e+01 3.09413167e+01 5.65674289e+01 2.30175276e+01
  5.14449530e+00 4.25185083e+00 1.34717332e+01 1.85032183e+01
  3.64032682e+01 2.80894111e+01 2.34811212e+00]
 [3.00370288e+01 3.44150686e+01 2.09574627e+01 1.60290653e+01
  3.83341002e+01 2.54589569e+01 4.57431205e+01 3.71403279e+01
  4.09266945e+01 3.62149690e+01 1.00286793e+01 8.26439224e+00
  7.71756695e+00 4.22534121e+00 1.93731862e+01 1.79581519e+01
  5.50130535e+00 5.74789940e-29 1.31303022e+01 3.60741030e+01
  1.81530143e+01 1.07993388e+01 2.96995870e+01 1.88658487e+01
  1.44186573e+01 1.69150070e+01 2.57986023e+01 1.06772422e+01
  3.28463214e+00 2.89678354e+00 6.44115234e+00 4.92316129e+00
  7.20992511e+00 1.21237173e+01 1.43241173e+01]
 [1.03245607e+01 1.45944036e+01 1.08457070e+01 1.09122119e+01
  1.60212664e+01 1.47172390e+01 3.90823311e+01 4.81021591e+01
  6.43358943e+01 8.12347564e+01 3.94849663e+00 7.13047684e+00
  5.73968910e+00 9.34824946e+00 1.99819150e+01 2.21995360e+01
  2.93533384e+00 3.55127867e-30 9.86662141e+00 5.84802344e+01
  7.81241076e+00 8.19057718e+00 1.81581542e+01 1.87273627e+01
  5.46943196e+00 7.19465804e+00 1.14846838e+01 4.65801124e+00
  1.82931579e+00 1.59764496e+00 5.46530659e+00 5.44771395e+00
  8.46734918e+00 6.45242056e+00 4.45949099e+00]]