[[3.80662408e+02 8.61973620e+02 1.18645786e+02 8.11175063e+01
  9.23909758e+01 3.02554187e+02 8.05602833e+01 9.56761194e+01
  1.08310609e+02 6.38747168e+01 3.57904884e+01 2.02356540e+01
  1.44471649e+01 8.31630100e+00 3.30333986e+01 2.62711188e+01
  2.76836227e+01 2.12936317e-27 1.92678929e+01 7.63918591e+01
  2.76805281e+02 2.93267652e+01 3.33366138e+01 2.96506479e+01
  4.05468791e+02 5.41859525e+02 2.99837065e+02 3.59382967e+01
  7.98939566e+00 8.10232713e+00 8.66835260e+00 6.83971012e+00
  6.61419456e+02 5.30186476e+02 3.66823454e+02]
 [3.63595878e+02 3.87089371e+02 9.15295994e+01 1.74159999e+02
  5.59888949e+01 5.45289917e+01 5.07433548e+01 7.40655561e+01
  7.69003797e+01 7.61138508e+01 5.19337671e+01 7.06967295e+01
  1.62722805e+01 1.68751342e+01 3.04740847e+01 3.31858214e+01
  4.02761226e+01 6.11026055e-29 2.52343426e+01 7.80823971e+01
  4.88842677e+01 6.38687678e+01 3.22477887e+01 3.34484212e+01
  1.57731865e+02 3.29612556e+02 3.62052926e+02 2.26983614e+02
  1.72700552e+01 1.72985621e+01 1.32554939e+01 1.18665682e+01
  1.70624416e+02 1.08441834e+02 2.05230734e+01]
 [2.38030634e+02 2.75907897e+02 4.64379482e+02 2.01241944e+02
  4.55840968e+01 2.75698640e+01 2.41031817e+01 1.93820116e+02
  3.50196329e+01 3.47653192e+01 2.39088039e+02 3.76627714e+01
  6.57703289e+00 7.42977291e+00 1.32662919e+01 1.46901959e+01
  1.91020183e+01 8.03723581e-28 1.22008564e+01 3.32387942e+01
  3.28214905e+01 2.33291503e+01 1.82088456e+01 1.64297493e+01
  1.47422758e+02 2.06124121e+02 1.75287233e+02 3.57765778e+02
  6.39972530e+00 1.06655858e+01 5.74701602e+00 5.42790099e+00
  3.07209052e+02 2.17029681e+02 1.43391324e+01]
 [5.61644747e+02 2.98086860e+02 8.51774910e+01 5.94284767e+01
  3.38272180e+01 2.98458594e+01 3.45223713e+01 4.25405818e+01
  4.53958218e+01 4.05165384e+01 3.14847520e+01 2.77871105e+01
  5.96468595e+00 6.02573506e+00 1.65699697e+01 1.85633620e+01
  2.95121212e+01 1.07128516e-27 1.21898191e+01 3.53528952e+01
  2.39020018e+01 1.81052141e+01 1.95084409e+01 1.82790159e+01
  2.29738393e+02 1.09655079e+02 2.62316537e+02 1.16381240e+02
  8.89205876e+00 6.48572525e+00 5.31100524e+00 4.87957249e+00
  1.53711440e+03 1.22697872e+03 1.76546418e+01]
 [1.95884587e+03 1.83095278e+03 5.19081389e+02 9.98840134e+01
  4.84169215e+01 5.49012005e+01 4.35087703e+01 6.04902690e+01
  4.97683227e+01 4.91705358e+01 1.36786705e+02 5.57125880e+01
  2.11527471e+01 9.85983305e+00 2.29427113e+01 2.76230890e+01
  8.64637918e+01 1.62110611e-27 1.65263316e+01 4.51127240e+01
  1.03256028e+02 3.45520523e+01 2.46969570e+01 2.94248647e+01
  5.81320659e+02 2.93170092e+02 1.41672596e+03 3.28700840e+02
  2.55289399e+01 1.13579987e+01 6.19232470e+00 9.66111648e+00
  3.56187863e+02 1.72193670e+03 3.07767568e+01]
 [3.94253071e+01 1.89917481e+02 2.91995113e+02 2.24465967e+02
  1.64669696e+02 7.84650795e+01 3.16938024e+01 4.32389001e+01
  4.53307464e+01 3.91400097e+01 3.93175643e+01 3.77006108e+01
  1.81362052e+01 1.81310147e+01 1.72170791e+01 2.16245472e+01
  1.16887027e+01 2.29453539e-29 1.29757888e+01 4.23491149e+01
  8.98954638e+01 9.79057974e+01 2.93228350e+01 3.60865267e+01
  1.70730779e+02 1.14934327e+02 3.56819958e+01 2.74329426e+01
  1.01691805e+01 8.18086087e+00 8.44184392e+00 7.12001507e+00
  4.49773483e+02 3.46531193e+02 2.48244291e+01]
 [1.16903646e+03 1.21794168e+03 2.16439575e+02 1.02482029e+03
  7.22193651e+01 7.60499721e+01 8.69289106e+01 4.83725799e+01
  1.62543465e+02 7.68402398e+01 5.71930763e+01 1.98913417e+02
  2.18964197e+01 3.70790375e+01 4.53733106e+01 3.31534186e+01
  1.05507561e+02 7.86280573e-29 3.16440852e+01 8.27264999e+01
  3.65902809e+02 1.36962279e+02 5.36040541e+01 4.28678476e+01
  5.12304062e+02 8.40220068e+02 9.51718572e+02 3.45796095e+02
  2.27503779e+01 3.22180582e+01 1.88557318e+01 1.31771903e+01
  2.13711514e+03 5.44250658e+03 2.86811604e+02]
 [2.32532474e+02 2.54561083e+02 1.58645677e+03 4.87580337e+02
  6.75337083e+01 4.88009004e+01 3.82309160e+01 6.68878926e+01
  4.58959751e+01 5.07790386e+01 5.16502793e+01 4.02814011e+01
  1.73402326e+01 1.48977678e+01 2.33064716e+01 3.12032460e+01
  2.92756894e+01 1.30226067e-28 2.03822492e+01 4.54798024e+01
  5.24100768e+01 4.57189556e+01 2.76713855e+01 2.93996735e+01
  1.18523469e+02 1.15237522e+02 2.73338736e+02 1.01858520e+02
  1.31005045e+01 1.22029509e+01 1.11917382e+01 1.15638013e+01
  6.54015525e+03 2.53286998e+02 6.42017900e+01]
 [3.18109861e+02 2.42388538e+02 6.51894747e+01 6.08899879e+01
  4.41251826e+01 2.73941021e+01 4.48580751e+01 5.18477499e+01
  5.79349535e+01 6.30551743e+01 3.77781320e+01 2.85488779e+01
  1.49040301e+01 8.30185379e+00 3.00100249e+01 2.45494461e+01
  3.54113519e+01 9.53816978e-29 1.89021231e+01 6.05819367e+01
  3.09575494e+01 3.32945324e+01 3.11712592e+01 2.04817906e+01
  9.85156754e+01 6.42885590e+01 2.09090705e+02 7.58936518e+01
  1.31614632e+01 1.02117325e+01 1.13457042e+01 8.62830857e+00
  1.22639308e+02 1.62187985e+02 2.96487558e+01]
 [4.30631369e+02 4.53116452e+02 2.43162652e+02 8.69728176e+02
  4.13140801e+02 2.67436006e+02 2.07906077e+02 9.25852816e+02
  2.04945021e+02 5.52090318e+02 1.79258445e+02 1.83427930e+03
  3.12908526e+01 7.93935667e+01 5.20301375e+01 6.76438381e+01
  9.80282375e+01 3.27843586e-26 1.40468297e+02 7.80102446e+02
  8.08778269e+02 8.29039344e+02 5.80165107e+02 6.16498880e+02
  3.58309671e+02 2.25968393e+03 3.82857962e+02 5.04903164e+02
  2.62833611e+01 1.78137995e+02 9.17968541e+00 2.43076728e+01
  1.39613875e+03 9.87511675e+02 9.74268754e+02]
 [1.02501760e+02 1.95932118e+02 1.08167557e+03 1.12581920e+03
  1.00058751e+02 5.40662208e+01 5.79835149e+01 4.90732746e+01
  5.96076995e+01 5.16938326e+01 8.55946490e+01 1.51900922e+02
  1.05830392e+01 1.24059770e+01 2.86158094e+01 2.23188582e+01
  5.20318354e+01 3.85741639e-27 1.31085606e+01 5.21977951e+01
  5.37824635e+01 5.45147502e+01 3.64831872e+01 2.83392399e+01
  3.28043833e+02 4.66452320e+02 3.13821743e+02 2.04754486e+02
  1.35350846e+01 1.17246820e+01 7.06647985e+00 9.52675874e+00
  9.17475232e+02 4.77855545e+02 6.74539658e+01]
 [1.49874847e+02 1.19915246e+02 2.46348192e+02 2.57499749e+02
  9.59663623e+01 7.30501489e+01 4.63209034e+01 4.27362185e+01
  6.22361037e+01 6.40940720e+01 4.72477240e+01 4.12163723e+01
  1.94007951e+01 1.55532409e+01 2.88727274e+01 2.33680902e+01
  3.09870938e+01 2.26674591e-29 1.39213429e+01 5.67257323e+01
  8.73670249e+01 7.43273878e+01 4.30572075e+01 5.22329625e+01
  8.61045110e+01 5.79922037e+01 1.16583478e+02 4.11243886e+01
  1.28438136e+01 1.48351275e+01 7.83412090e+00 6.29782158e+00
  1.54180696e+02 2.52961859e+02 4.05923234e+01]
 [5.26941006e+02 6.19222359e+02 3.79839874e+01 7.60075729e+01
  1.64555409e+01 1.04486093e+01 2.20616139e+01 1.74631412e+01
  2.68220458e+01 2.41200589e+01 2.92656426e+01 3.85527734e+01
  5.90758163e+00 4.22392892e+00 1.32556515e+01 9.77198070e+00
  3.49071956e+01 3.16283698e-29 1.20096400e+01 2.55201558e+01
  1.10671013e+01 1.49478348e+01 1.46522346e+01 8.65780849e+00
  1.36496445e+02 1.64180983e+02 4.52918521e+02 1.12053874e+02
  9.83203408e+00 7.60472366e+00 6.68907616e+00 3.15033244e+00
  2.38207944e+02 3.97303315e+02 1.25383025e+02]
 [5.53300223e+01 5.95030331e+01 5.71416554e+01 5.73059635e+01
  5.49932592e+01 4.92302438e+01 5.40342193e+01 6.31787710e+01
  4.98073073e+01 5.72849459e+01 2.42978948e+01 2.50345781e+01
  8.72181529e+00 1.04768455e+01 3.10324021e+01 2.46013762e+01
  1.85688628e+01 3.09349703e-28 2.08109567e+01 4.57692103e+01
  3.04877960e+01 3.19584012e+01 3.03569277e+01 2.99336698e+01
  3.66095150e+01 4.28907049e+01 5.53974746e+01 2.68937652e+01
  1.09320728e+01 8.14516242e+00 1.04386734e+01 7.68606986e+00
  2.06420328e+01 4.17936127e+01 4.08893484e+02]
 [4.81188957e+02 2.16904044e+02 6.96496689e+01 5.89353501e+01
  3.21381966e+01 3.47043073e+01 4.85378837e+01 6.56161881e+01
  6.32284588e+01 6.95848686e+01 2.86170540e+01 2.58421533e+01
  8.16958333e+00 6.97596286e+00 2.64785354e+01 2.57467039e+01
  3.38893334e+01 2.00337041e-28 1.85402684e+01 5.82198542e+01
  3.89478735e+01 2.20305430e+01 2.25849955e+01 2.22073802e+01
  1.89400192e+02 1.84241717e+02 3.87897376e+02 1.34686010e+02
  1.08372345e+01 8.94027966e+00 1.03606224e+01 6.65577567e+00
  1.16859409e+03 3.18624932e+02 1.22474909e+02]
 [9.11552259e+01 1.31256230e+02 4.05038007e+01 4.35296656e+01
  3.31094626e+01 2.31517301e+01 2.82005232e+01 3.51815530e+01
  3.78650216e+01 4.20669734e+01 2.18362843e+01 3.05072602e+01
  8.24560727e+00 8.11618237e+00 1.90178686e+01 1.72978693e+01
  1.79807067e+01 4.19499151e-29 1.38247166e+01 3.81894240e+01
  2.93699123e+01 3.75782788e+01 2.05475472e+01 4.92675820e+01
  4.28267368e+01 7.30515277e+01 1.01687819e+02 4.03812674e+01
  7.53993984e+00 5.99183694e+00 6.63859212e+00 5.65932390e+00
  2.21799182e+01 9.60281229e+01 6.64092870e+01]
 [4.74839940e+01 2.92230021e+01 4.31098624e+01 2.87986368e+01
  2.58878558e+01 2.01610200e+01 3.14223359e+01 2.95803575e+01
  3.95303080e+01 3.63770474e+01 8.85191877e+00 1.10288304e+01
  1.01730535e+01 7.26098109e+00 2.27047849e+01 1.63176094e+01
  9.67058921e+00 1.57244353e-29 1.34318717e+01 3.93438666e+01
  1.78569467e+01 1.56370665e+01 2.01572415e+01 1.64709371e+01
  2.25815460e+01 2.06999472e+01 4.03509790e+01 1.28942687e+01
  5.28319485e+00 3.69866929e+00 7.16769609e+00 6.28264657e+00
  3.82453708e+01 1.50177180e+01 1.78306439e+01]
 [2.90683939e+02 2.67677221e+02 1.11823407e+02 6.94087088e+01
  5.70631707e+01 4.55631405e+01 6.36944477e+01 6.76840871e+01
  1.08647308e+02 9.18252819e+01 3.52029343e+01 3.53094785e+01
  1.67408246e+01 1.05862733e+01 4.93085082e+01 3.41533376e+01
  2.29842017e+01 1.55114238e-28 4.39858581e+01 9.38488902e+01
  3.91326100e+01 2.80346402e+01 3.77937371e+01 2.79973174e+01
  1.01329627e+02 9.12074675e+01 1.70387216e+02 6.47228978e+01
  1.14142365e+01 8.68576145e+00 1.83306977e+01 1.15306691e+01
  1.20901968e+02 2.29262530e+02 9.73544728e+00]
 [6.28420280e+02 1.12061704e+03 1.65340211e+02 8.38328797e+01
  3.69151169e+01 1.22366567e+02 5.03770569e+01 5.84190190e+01
  7.14839717e+01 7.17216000e+01 7.33431663e+01 4.74308370e+01
  8.47050752e+00 1.07605992e+01 2.47131876e+01 2.79517603e+01
  4.81315470e+01 1.12073628e-28 1.92663033e+01 7.27995935e+01
  4.25438259e+01 4.57671669e+01 2.40989388e+01 3.82250585e+01
  3.62143701e+02 3.30675651e+02 4.85745220e+02 1.46546953e+02
  1.62757276e+01 1.14569431e+01 8.64141451e+00 8.51090948e+00
  1.69950858e+02 4.72042468e+02 1.02456043e+02]
 [1.32699102e+02 1.69648922e+02 1.45450093e+02 2.30016906e+02
  8.03211245e+01 8.35891544e+01 3.90386257e+01 4.62825020e+01
  3.69267358e+01 3.96631631e+01 4.50534782e+01 1.25575053e+02
  2.06367550e+01 2.00376785e+01 2.50088537e+01 2.00094733e+01
  3.31471132e+01 1.05554322e-29 1.58265696e+01 4.08559824e+01
  5.31998205e+01 7.90893414e+01 4.01221858e+01 5.32866275e+01
  5.83058132e+01 1.33634846e+02 1.54147490e+02 5.72431535e+01
  1.62065039e+01 1.79762835e+01 1.45946162e+01 8.16674581e+00
  1.51450583e+02 6.90816969e+01 4.65323145e+01]]