[[2.56509332e+01 2.46487832e+01 7.61515546e+00 5.77532068e+00
  8.58805683e+00 8.43845620e+00 1.29664708e+01 1.70051993e+01
  1.83920624e+01 1.28047931e+01 2.45412101e+00 3.12980677e+00
  3.01054994e+00 2.37153351e+00 7.42577813e+00 6.60728880e+00
  2.36046551e+00 1.34632505e-28 4.36874245e+00 1.38511453e+01
  6.01778911e+00 4.21632138e+00 7.16420022e+00 7.06683317e+00
  1.59843348e+01 1.16938125e+01 1.22464402e+01 3.71358938e+00
  9.67632662e-01 9.99031820e-01 2.26294590e+00 1.69898346e+00
  9.48214161e+00 1.44175608e+01 3.96649438e+01]
 [1.51457981e+02 1.42208935e+02 4.13363906e+01 6.20004455e+01
  8.76865759e+00 1.13890171e+01 6.40393544e+00 7.20041251e+00
  8.19608285e+00 7.82321960e+00 3.34692671e+01 1.07156610e+02
  2.51511938e+00 6.60437947e+00 3.40547177e+00 3.66425233e+00
  1.13005583e+01 2.18355996e-29 2.30612757e+00 7.63999445e+00
  1.64420446e+01 3.45361257e+01 3.69167118e+00 4.00032363e+00
  9.33551797e+01 1.53285751e+02 1.16688485e+02 7.35928881e+01
  5.12484519e+00 1.14488109e+01 1.31166772e+00 1.19117019e+00
  7.45593838e+01 5.33471248e+01 8.77129604e+00]
 [5.80822069e+01 1.07729877e+02 1.91356999e+01 6.81937199e+01
  1.12307262e+01 1.72499115e+01 1.20886549e+01 1.54077289e+01
  1.78425523e+01 1.60302616e+01 9.05286212e+00 1.95046493e+01
  4.80748215e+00 6.32218519e+00 8.62885199e+00 9.54979162e+00
  5.89691279e+00 1.37691312e-28 6.19885939e+00 1.51477879e+01
  9.39749155e+00 5.86114550e+01 8.43921082e+00 1.08926665e+01
  3.25895910e+01 1.24955079e+02 5.88888065e+01 2.53064742e+01
  2.94772295e+00 3.79569466e+00 4.04534381e+00 3.25769097e+00
  3.22494430e+01 8.70502618e+01 5.81297858e+00]
 [4.61589117e+02 2.48271706e+02 5.79653034e+01 3.96619576e+01
  5.43677200e+01 1.05776749e+02 2.67797127e+01 2.63200655e+01
  3.10039347e+01 3.21858748e+01 5.69995938e+01 6.05453861e+01
  5.64493290e+00 4.48009980e+00 1.08561993e+01 1.22019370e+01
  1.74870226e+01 2.20253662e-28 8.16905372e+00 2.73454673e+01
  1.40812884e+01 3.18835106e+01 1.49369738e+01 1.65715659e+01
  3.59730390e+02 1.42061605e+02 1.50632364e+02 1.13216998e+02
  1.27342873e+01 1.01111983e+01 3.25938590e+00 3.54306151e+00
  2.91037532e+02 1.64943718e+02 8.12249428e+00]
 [9.21191591e+01 1.06442541e+02 3.43930713e+01 2.14070191e+01
  1.61019682e+01 2.14309304e+01 1.92238418e+01 2.35099413e+01
  2.23245881e+01 1.85700683e+01 1.45956125e+01 1.40891735e+01
  6.05195454e+00 5.87673158e+00 1.17648520e+01 1.37368058e+01
  9.10428542e+00 1.70224443e-28 6.47132998e+00 1.86470297e+01
  1.31772322e+01 1.14026359e+01 1.11975755e+01 1.25004435e+01
  3.98791271e+01 5.09120047e+01 7.46205087e+01 2.25301407e+01
  4.17598352e+00 4.08442515e+00 4.28052273e+00 3.79610622e+00
  3.98624649e+01 7.42652579e+01 5.08967755e+00]
 [8.85026993e+00 9.80808962e+00 1.27498357e+01 4.62122907e+01
  2.75721791e+01 5.33570590e+01 6.45783646e+00 1.07104808e+01
  9.14498958e+00 7.58316543e+00 3.96917872e+00 5.87104909e+00
  6.09274517e+00 7.91210966e+00 4.45522650e+00 3.90602882e+00
  1.90781968e+00 7.22033181e-30 1.82226487e+00 7.69637995e+00
  2.14431038e+01 6.06766399e+01 1.31861326e+01 2.09899385e+01
  7.09341009e+00 6.90490712e+00 8.45004608e+00 3.84141558e+00
  1.47585659e+00 1.75313444e+00 1.62691592e+00 1.14727035e+00
  1.41055793e+01 1.35184149e+01 4.67646706e+00]
 [4.36948863e+01 4.02724929e+01 1.25839011e+01 2.20119195e+01
  1.75413843e+01 1.46780009e+01 1.96732778e+01 1.75222263e+01
  2.42310515e+01 2.46114255e+01 7.64049953e+00 1.20499563e+01
  6.43233306e+00 5.91106002e+00 1.37818060e+01 1.24488404e+01
  6.89460698e+00 2.74292372e-30 1.07059833e+01 2.37422700e+01
  1.11063759e+01 1.07280703e+01 1.27425485e+01 1.12827806e+01
  1.80071347e+01 2.28166184e+01 3.61773439e+01 1.31043792e+01
  5.00307754e+00 5.45700712e+00 5.93159640e+00 4.48334966e+00
  6.15758469e+01 7.33908777e+01 3.85492609e+01]
 [5.80642574e+01 9.53526142e+01 1.70290303e+01 1.32717344e+01
  1.15934940e+01 6.96487025e+00 1.35295182e+01 1.50940139e+01
  3.40091952e+01 3.13085327e+01 1.46833948e+01 1.36065173e+01
  3.87241320e+00 2.77190707e+00 6.74112035e+00 7.67085660e+00
  4.91052882e+00 1.75946747e-29 4.56093714e+00 2.95852429e+01
  1.03273797e+01 1.19759187e+01 5.81547468e+00 6.08979737e+00
  3.75346165e+01 3.68729227e+01 5.83929111e+01 2.21259577e+01
  2.04594992e+00 1.56929190e+00 2.46478946e+00 2.31960214e+00
  9.25775436e+01 5.26361755e+01 2.11442436e+01]
 [3.49490646e+01 3.38155651e+01 1.55290791e+01 1.20655774e+01
  7.63878299e+00 1.13681373e+01 1.06589767e+01 9.75758382e+00
  1.36235280e+01 1.29846062e+01 6.03296817e+00 5.77862905e+00
  3.47114538e+00 2.49696685e+00 7.06087405e+00 5.31933353e+00
  4.31725301e+00 1.96683202e-29 4.33166046e+00 1.30259207e+01
  5.65051019e+00 5.89125033e+00 6.85403885e+00 5.28175975e+00
  2.07493206e+01 1.05083747e+01 2.66862180e+01 9.98641806e+00
  2.08350918e+00 2.22891257e+00 3.00645783e+00 1.86144801e+00
  1.15284736e+01 2.37980104e+01 5.55797612e+00]
 [1.00483504e+02 3.71056929e+01 2.03729473e+01 9.42538301e+00
  8.43824656e+00 4.36434237e+00 8.94385276e+00 8.06947137e+00
  1.40834872e+01 1.23192183e+01 1.06412208e+01 7.13754737e+00
  4.08022402e+00 2.10424985e+00 6.44363969e+00 4.73575732e+00
  4.61504591e+00 2.23585970e-28 3.32338428e+00 1.19634164e+01
  1.47373151e+01 3.83101089e+00 5.82330697e+00 4.52890723e+00
  6.40695627e+01 1.75461190e+01 4.36031207e+01 1.25945732e+01
  1.90118762e+00 1.74570286e+00 1.97684477e+00 1.31033766e+00
  5.73390735e+01 2.75050048e+01 1.45742454e+02]
 [8.17007077e+00 1.71116077e+01 1.01942142e+01 1.06963451e+01
  9.11428923e+00 8.02891500e+00 1.28018598e+01 1.34522055e+01
  2.02856099e+01 1.76072407e+01 5.46776747e+00 7.32529651e+00
  3.88925814e+00 4.43630686e+00 8.64726995e+00 7.27212523e+00
  3.36631530e+00 3.42404583e-28 5.09861547e+00 1.71454226e+01
  6.52451414e+00 9.25018712e+00 8.21515151e+00 7.17792218e+00
  8.79714047e+00 1.64245853e+01 1.10594223e+01 5.88106409e+00
  2.05087787e+00 1.93281665e+00 3.14643608e+00 3.12088779e+00
  9.17375779e+00 1.06572363e+01 7.70212758e+00]
 [4.02380743e+01 2.87113667e+01 1.72385438e+01 1.41332995e+01
  2.06838465e+01 2.14314733e+01 1.50183863e+01 1.59179489e+01
  2.45169567e+01 2.31359740e+01 7.32029692e+00 6.44947987e+00
  7.65868024e+00 6.69739966e+00 1.09583076e+01 1.00724214e+01
  4.81999386e+00 4.94364607e-30 6.42096272e+00 2.05049749e+01
  1.45323682e+01 1.59531953e+01 1.23897251e+01 2.07366158e+01
  1.71912961e+01 1.47455301e+01 3.30783243e+01 1.00517030e+01
  3.40316607e+00 3.15865238e+00 4.22119968e+00 3.15695315e+00
  3.14873988e+01 1.93968090e+01 7.76352717e+00]
 [7.82511311e+01 1.05788678e+02 2.00015449e+01 3.00791799e+01
  1.58512078e+01 1.27220267e+01 2.07361264e+01 1.76417317e+01
  2.41377835e+01 2.63696231e+01 1.28014512e+01 1.48161316e+01
  6.99149507e+00 5.14613979e+00 1.30148348e+01 1.04723337e+01
  9.93736988e+00 9.27677852e-30 8.10264654e+00 2.32080258e+01
  1.27521812e+01 1.28241396e+01 1.34045903e+01 1.08074562e+01
  2.73209724e+01 3.70176654e+01 7.20718977e+01 2.32124161e+01
  4.46076370e+00 4.06638817e+00 5.34388865e+00 3.23974248e+00
  5.73620260e+01 5.13301903e+01 1.85388529e+01]
 [1.47592478e+01 1.61727429e+01 1.60065597e+01 1.47687210e+01
  1.85174634e+01 1.67163637e+01 2.40984798e+01 2.52261555e+01
  2.31404669e+01 2.99896206e+01 9.43061698e+00 1.01032716e+01
  6.51248506e+00 5.69096014e+00 1.47063520e+01 1.23679356e+01
  6.32088114e+00 1.21109394e-28 8.19712902e+00 2.18161915e+01
  1.17236046e+01 1.09858806e+01 1.50482585e+01 1.36749156e+01
  1.15607533e+01 1.34733627e+01 1.44860351e+01 8.70516636e+00
  3.97781922e+00 4.35096995e+00 5.10443845e+00 3.74531624e+00
  3.93813820e+00 6.18912304e+00 7.69188571e+01]
 [1.70395655e+01 1.39635551e+01 8.50870218e+00 7.78209132e+00
  8.12783469e+00 7.23466905e+00 1.64569435e+01 1.50995350e+01
  2.21639841e+01 2.03195212e+01 4.15321708e+00 4.50539067e+00
  3.76913337e+00 2.76404165e+00 9.97158823e+00 7.38824550e+00
  3.30048356e+00 3.71096334e-29 4.37120975e+00 1.84175244e+01
  5.27203849e+00 5.00009740e+00 8.67375270e+00 6.65260060e+00
  9.09913736e+00 1.00701375e+01 1.61220736e+01 6.95666742e+00
  2.00529145e+00 1.89918939e+00 3.57139457e+00 2.00858286e+00
  1.17456727e+01 9.65722610e+00 1.72946406e+01]
 [1.02998444e+01 1.76543651e+01 4.68287241e+00 5.32595390e+00
  5.11055984e+00 4.26236214e+00 6.55185352e+00 7.74154161e+00
  1.04224091e+01 9.44368539e+00 3.88230223e+00 4.24140673e+00
  1.53830862e+00 1.48855550e+00 3.54249016e+00 3.39700076e+00
  2.19190149e+00 5.82319207e-30 1.79846238e+00 8.73999570e+00
  3.69973807e+00 3.78201847e+00 4.16470742e+00 3.83639992e+00
  6.50796342e+00 1.16136348e+01 1.26491489e+01 6.32487190e+00
  1.10762889e+00 8.79310094e-01 1.16858193e+00 9.99908034e-01
  3.71245910e+00 1.29356427e+01 8.60492795e+00]
 [1.84317671e+01 1.30824238e+01 1.42274133e+01 1.04808615e+01
  1.25237043e+01 5.68096980e+00 7.49323552e+00 8.71931621e+00
  1.58856260e+01 1.45522356e+01 9.77258678e+00 1.06680947e+01
  3.08648994e+00 2.66804124e+00 4.93129415e+00 4.59095087e+00
  1.80116933e+00 9.07179367e-30 2.51184679e+00 1.57801106e+01
  9.79742869e+00 7.31806274e+00 4.75253109e+00 5.05060038e+00
  3.38376896e+01 2.45443308e+01 1.48736002e+01 4.40938298e+00
  1.55664939e+00 1.21634452e+00 1.51376126e+00 1.31402464e+00
  2.53357715e+01 4.24944987e+00 4.50854453e+00]
 [5.59503086e+01 5.78605273e+01 1.91892306e+01 1.96411710e+01
  1.63501460e+01 1.71505456e+01 2.12727448e+01 2.60502164e+01
  2.74268989e+01 3.20226938e+01 1.25192442e+01 1.61582676e+01
  6.89148480e+00 7.54033690e+00 1.67742390e+01 1.56817135e+01
  8.57424100e+00 4.79045643e-29 1.22917132e+01 2.70713395e+01
  1.19813117e+01 1.18981420e+01 1.47560851e+01 1.63070354e+01
  2.29187853e+01 2.58304933e+01 3.79994026e+01 1.77021883e+01
  5.55008062e+00 4.69160465e+00 7.91063095e+00 6.68272050e+00
  3.59547744e+01 2.69501817e+01 2.84155357e+00]
 [6.39090980e+01 1.05211681e+02 2.56847181e+01 2.08716299e+01
  1.62479206e+01 1.58537860e+01 1.36900723e+01 1.43906820e+01
  1.50658320e+01 1.58247753e+01 9.54163819e+00 1.28691117e+01
  3.36713899e+00 3.95910479e+00 6.90380661e+00 7.50310067e+00
  5.34514980e+00 3.14361967e-29 4.50523148e+00 1.43821756e+01
  1.42099718e+01 1.35432561e+01 7.70714721e+00 1.17440494e+01
  1.99859560e+01 5.94118056e+01 6.00910373e+01 1.64656376e+01
  2.38913660e+00 2.38728073e+00 2.84766081e+00 2.20080806e+00
  2.77083895e+01 5.07859927e+01 3.55054567e+01]
 [1.24272722e+01 1.40015338e+01 1.08244462e+01 9.19114991e+00
  9.59828876e+00 1.13508061e+01 1.52820186e+01 1.59285153e+01
  2.15377027e+01 2.57744555e+01 4.18068443e+00 8.64481919e+00
  4.06109421e+00 4.86197239e+00 8.21147134e+00 7.92515456e+00
  2.98764394e+00 1.83955814e-30 4.67019631e+00 2.06059242e+01
  5.70036237e+00 5.76558717e+00 8.39264487e+00 8.88802266e+00
  6.53824753e+00 1.04083198e+01 1.25702473e+01 5.09406207e+00
  1.90275848e+00 1.87138611e+00 2.94565773e+00 2.37798008e+00
  7.07215160e+00 5.62526781e+00 4.48307736e+00]]