[[1.79427099e+01 2.03517592e+01 1.27562262e+01 1.22323386e+01
  1.40220915e+01 1.57222228e+01 3.48274554e+01 4.14820855e+01
  3.62025240e+01 2.60693732e+01 4.69721225e+00 5.27689558e+00
  4.55946160e+00 3.11275763e+00 1.25564800e+01 1.08625892e+01
  3.60173686e+00 2.37272941e-28 6.39888436e+00 2.67298905e+01
  8.48242491e+00 7.66825985e+00 1.29468927e+01 1.29303406e+01
  1.11959905e+01 1.28026508e+01 1.30212142e+01 5.44613620e+00
  2.09244113e+00 1.63188603e+00 3.38337414e+00 2.28653898e+00
  1.00169142e+01 1.26813745e+01 2.91549907e+01]
 [5.05932544e+01 5.51704694e+01 2.69314218e+01 2.85628463e+01
  2.19066971e+01 1.93795926e+01 2.29397201e+01 2.61523795e+01
  2.30107007e+01 2.21102378e+01 1.30257304e+01 1.40163916e+01
  6.71510001e+00 7.02299898e+00 1.30180873e+01 1.39746133e+01
  1.05252734e+01 1.44422597e-29 7.84602629e+00 2.09449977e+01
  1.65919402e+01 1.57015831e+01 1.53420882e+01 1.46748485e+01
  2.52128620e+01 2.87902031e+01 4.72082637e+01 2.40916017e+01
  6.19815503e+00 5.28711379e+00 5.11251964e+00 4.84310748e+00
  1.56095878e+01 1.58198083e+01 5.47597985e+00]
 [3.05308680e+01 3.20870506e+01 1.73254384e+01 1.31843990e+01
  8.32039838e+00 7.52705469e+00 9.61201304e+00 1.11883991e+01
  9.87087246e+00 8.87608525e+00 7.75961249e+00 5.79400880e+00
  2.36296432e+00 2.17356630e+00 4.50585046e+00 4.11819615e+00
  3.73955045e+00 7.49070732e-29 2.95100164e+00 8.93953501e+00
  6.28966286e+00 6.37260599e+00 5.44402960e+00 5.13119325e+00
  1.58902542e+01 2.10638271e+01 2.67177739e+01 1.45405600e+01
  1.43882773e+00 1.86166842e+00 1.64874043e+00 1.35595239e+00
  1.34391594e+01 1.39748783e+01 1.51699594e+00]
 [6.40068437e+01 6.03493948e+01 2.38407527e+01 1.79168083e+01
  1.54640771e+01 1.72254615e+01 1.61133088e+01 2.00583592e+01
  1.99035717e+01 2.11256147e+01 1.26567344e+01 1.03003299e+01
  3.51183252e+00 2.92585050e+00 7.45183442e+00 8.93145096e+00
  7.22813889e+00 1.02212408e-28 5.97551360e+00 1.86322215e+01
  1.17686243e+01 1.03211435e+01 9.55001964e+00 9.17675819e+00
  3.56657951e+01 2.15061978e+01 4.42664239e+01 2.21831058e+01
  4.21611645e+00 3.20837422e+00 2.54394291e+00 2.77870633e+00
  5.85427622e+01 3.88848490e+01 4.06206065e+00]
 [7.63257328e+01 7.85096784e+01 3.14269614e+01 1.99785662e+01
  1.59035024e+01 1.52616621e+01 2.12153706e+01 2.58483786e+01
  2.27785688e+01 2.10498407e+01 1.18671413e+01 9.56566864e+00
  4.11943461e+00 3.66236545e+00 1.00719478e+01 1.15198291e+01
  8.63435569e+00 1.70644327e-28 6.24252677e+00 2.00276161e+01
  1.34701490e+01 9.90372615e+00 1.03560562e+01 1.12149100e+01
  2.93585862e+01 2.23432743e+01 6.21050512e+01 2.05006739e+01
  3.80610879e+00 2.95401280e+00 2.59850667e+00 2.76119280e+00
  2.16551334e+01 5.20887936e+01 2.46679701e+00]
 [8.82854343e+00 1.14438852e+01 1.82476356e+01 1.56637989e+01
  1.31289690e+01 9.32182435e+00 1.07374527e+01 9.79169246e+00
  1.35137192e+01 1.16149894e+01 5.18739509e+00 4.95794401e+00
  3.30832670e+00 2.32092433e+00 5.85260972e+00 4.14009626e+00
  4.70996497e+00 3.78290250e-30 3.21182254e+00 1.23888251e+01
  9.08925302e+00 7.38388340e+00 7.19073019e+00 5.30907812e+00
  7.81391176e+00 8.03422266e+00 8.30982362e+00 6.31366422e+00
  2.66453040e+00 1.67273164e+00 2.04542454e+00 1.35606088e+00
  1.72363666e+01 1.29826041e+01 2.23591882e+00]
 [7.78482874e+01 8.00045568e+01 3.45750064e+01 5.70759032e+01
  1.60345652e+01 1.24105587e+01 1.87484266e+01 1.22363866e+01
  1.77165405e+01 1.54090753e+01 6.56234077e+00 1.60506844e+01
  5.03350685e+00 4.63741294e+00 1.09081616e+01 7.34909413e+00
  9.63680308e+00 5.42539340e-30 8.04505454e+00 1.50195792e+01
  1.71975775e+01 1.27409740e+01 1.23373652e+01 8.00971918e+00
  3.35537784e+01 4.27178898e+01 6.57654327e+01 2.14092263e+01
  3.54773849e+00 4.23157706e+00 4.04433312e+00 2.64906491e+00
  1.73398584e+02 3.15420611e+02 2.53235691e+01]
 [5.29376679e+01 5.13631775e+01 2.48137520e+01 3.19989712e+01
  1.54200136e+01 1.65560938e+01 2.44567520e+01 3.04580798e+01
  2.42696603e+01 2.17698165e+01 1.49788014e+01 1.21001194e+01
  4.72215338e+00 4.98208711e+00 1.21257801e+01 1.28641648e+01
  2.34303502e+01 2.72909973e-29 7.30845111e+00 2.07266658e+01
  1.12712318e+01 1.10007667e+01 1.21047393e+01 1.36147213e+01
  3.29329562e+01 2.42421953e+01 5.54238922e+01 4.14467857e+01
  6.31979379e+00 4.01452990e+00 3.91962633e+00 4.37258777e+00
  3.92273383e+02 1.94216018e+01 1.00256020e+01]
 [4.57507533e+01 3.43228815e+01 1.54432772e+01 1.37050124e+01
  1.26141412e+01 1.09861451e+01 1.97803717e+01 2.18671923e+01
  2.04459485e+01 1.97998395e+01 7.82441523e+00 6.66325708e+00
  4.23657263e+00 2.72063678e+00 9.67767943e+00 8.04292804e+00
  6.89783365e+00 3.21020452e-29 5.87447852e+00 1.99515059e+01
  8.43141674e+00 7.11428998e+00 1.05387963e+01 8.33158741e+00
  1.58524921e+01 1.30923637e+01 3.46199832e+01 1.32999438e+01
  2.95950697e+00 2.35110148e+00 3.32778991e+00 2.55839370e+00
  1.37045656e+01 2.52035730e+01 4.48749460e+00]
 [2.87776384e+01 2.77843409e+01 8.85044289e+00 8.58352514e+00
  4.79341219e+00 4.77662719e+00 6.92241818e+00 8.28965248e+00
  8.66569690e+00 9.12799255e+00 4.13060751e+00 1.41156109e+01
  1.75422559e+00 2.18185010e+00 4.13917386e+00 4.14598759e+00
  3.96623163e+00 2.26425810e-28 3.09492291e+00 9.11424519e+00
  5.11152995e+00 5.34468013e+00 4.36667756e+00 4.69538459e+00
  1.38760619e+01 1.37039926e+01 2.81654593e+01 9.33180259e+00
  1.30083328e+00 1.44862021e+00 1.55731944e+00 1.50179192e+00
  1.69211573e+01 1.52711294e+01 5.77236687e+01]
 [1.34120599e+01 1.77754722e+01 1.96639469e+01 1.74554244e+01
  1.51601503e+01 1.33284904e+01 1.33790119e+01 1.35329014e+01
  1.34495517e+01 1.31259178e+01 6.18989761e+00 7.05506976e+00
  3.56254847e+00 4.02766987e+00 6.83859775e+00 7.09887631e+00
  5.54997022e+00 4.55068332e-28 4.15190262e+00 1.21149263e+01
  9.67850503e+00 9.70192944e+00 8.28722570e+00 8.66394641e+00
  1.06815690e+01 1.32910889e+01 1.49064592e+01 9.49668688e+00
  2.49937645e+00 2.21172309e+00 2.47026801e+00 2.66953626e+00
  6.16476037e+00 4.01004588e+00 5.80698337e+00]
 [4.33552012e+01 3.52325341e+01 3.84174203e+01 2.95127584e+01
  2.73328119e+01 2.25958953e+01 2.95442829e+01 2.41760300e+01
  3.17272482e+01 3.02879859e+01 1.44454404e+01 1.10418584e+01
  9.38487198e+00 6.61428962e+00 1.79268597e+01 1.35539464e+01
  1.22805781e+01 5.87651622e-30 1.10450799e+01 3.02770975e+01
  2.28884591e+01 1.55028983e+01 2.20573996e+01 1.68000972e+01
  2.50201244e+01 1.72573545e+01 3.71709420e+01 1.80871136e+01
  6.87892035e+00 5.76356735e+00 6.71293825e+00 4.80199502e+00
  2.48987973e+01 2.08840963e+01 5.75990497e+00]
 [7.24956561e+01 8.46552285e+01 8.68822115e+00 1.43709479e+01
  6.89078596e+00 5.42339009e+00 9.52717276e+00 7.25212903e+00
  9.99810734e+00 8.79965342e+00 5.96968378e+00 7.58926055e+00
  2.25777585e+00 1.56644278e+00 5.11848938e+00 3.89301218e+00
  6.82586688e+00 4.70364821e-30 3.28044467e+00 8.70258798e+00
  4.42617687e+00 4.67488432e+00 5.56465084e+00 4.00074466e+00
  2.07952845e+01 2.43912574e+01 6.17783121e+01 1.75583164e+01
  2.03144412e+00 2.00824409e+00 1.97345047e+00 1.23192987e+00
  3.11553710e+01 4.19423330e+01 1.00615429e+01]
 [6.62435705e+01 6.48794181e+01 8.18547790e+01 6.36691965e+01
  8.82341879e+01 6.44729071e+01 1.05466196e+02 9.41918535e+01
  9.57521318e+01 9.56876620e+01 4.92085717e+01 3.96734808e+01
  2.16121886e+01 1.48615618e+01 6.33563450e+01 3.91050674e+01
  4.22300691e+01 4.94449062e-28 3.81366843e+01 8.68723997e+01
  5.68719128e+01 4.02968836e+01 6.40680024e+01 4.30376720e+01
  5.83826621e+01 5.21076929e+01 6.65587044e+01 5.54537796e+01
  1.87659569e+01 1.62803161e+01 2.08910486e+01 1.22562672e+01
  1.63154203e+01 1.42274305e+01 1.05343005e+02]
 [3.12489067e+01 1.99271249e+01 1.50590941e+01 1.13181701e+01
  1.18682113e+01 8.71315911e+00 1.55942496e+01 1.60967773e+01
  1.50210859e+01 1.57261686e+01 5.81587026e+00 4.94880840e+00
  3.39145682e+00 2.54943359e+00 8.48081291e+00 8.06758895e+00
  4.66620237e+00 5.64790486e-29 5.13231243e+00 1.33959325e+01
  8.22525846e+00 5.94576745e+00 9.17135969e+00 6.88959460e+00
  1.43705095e+01 1.33244461e+01 2.69541523e+01 1.05214213e+01
  2.50606219e+00 1.89353754e+00 3.13757754e+00 2.44344073e+00
  2.12584718e+01 1.38432161e+01 1.07286377e+01]
 [2.17801528e+01 3.31112803e+01 1.27715723e+01 1.50763321e+01
  1.21773965e+01 1.02865923e+01 1.39651859e+01 1.49827599e+01
  1.42771259e+01 1.29855789e+01 5.88810953e+00 8.16701745e+00
  3.37143961e+00 3.30886411e+00 7.22393346e+00 6.05882812e+00
  5.42488498e+00 1.50483950e-29 3.77804140e+00 1.25587585e+01
  8.46074583e+00 9.75971668e+00 8.87306158e+00 9.49364205e+00
  1.10200739e+01 1.76703191e+01 2.49021524e+01 1.13042048e+01
  2.21097489e+00 2.17276624e+00 2.37315269e+00 2.00475282e+00
  4.79834037e+00 1.68518001e+01 1.14688925e+01]
 [1.50552603e+01 1.23794118e+01 1.64225171e+01 1.40019532e+01
  1.49675694e+01 1.19514096e+01 1.49215748e+01 1.46817152e+01
  1.54345491e+01 1.40403991e+01 4.84513529e+00 4.58350951e+00
  3.63165020e+00 3.30916463e+00 9.31007839e+00 6.98741450e+00
  2.61490644e+00 6.36800835e-30 4.81607301e+00 1.40018862e+01
  1.03019426e+01 7.67789828e+00 9.91378181e+00 7.88253750e+00
  8.32522816e+00 7.02765274e+00 1.15667746e+01 4.34525731e+00
  1.90684113e+00 1.44132813e+00 2.57466600e+00 2.06364008e+00
  6.10305908e+00 2.51121682e+00 1.83405512e+00]
 [1.00438592e+02 1.06196082e+02 5.40988752e+01 5.40347352e+01
  5.06329183e+01 4.67394461e+01 5.97086435e+01 5.06883164e+01
  6.26562729e+01 5.02253284e+01 2.49397135e+01 3.02870189e+01
  1.35307035e+01 1.40313326e+01 3.90152304e+01 2.33508578e+01
  1.97634674e+01 1.05682894e-28 3.68908351e+01 5.27585171e+01
  3.20177518e+01 3.25905143e+01 3.62883721e+01 3.05338882e+01
  4.58103444e+01 4.76496779e+01 7.61060198e+01 4.04474701e+01
  9.29999241e+00 9.45747365e+00 1.60097990e+01 9.62334496e+00
  3.15246833e+01 2.60793613e+01 3.33860368e+00]
 [5.61706352e+01 8.97086253e+01 3.66550990e+01 2.96873441e+01
  4.84233451e+01 3.82394159e+01 5.81506072e+01 4.67278475e+01
  4.14867892e+01 3.82924093e+01 1.64461182e+01 1.73292436e+01
  1.05121239e+01 6.48550179e+00 2.55866495e+01 2.14388071e+01
  1.78180892e+01 6.29673714e-29 1.13699272e+01 3.74794963e+01
  2.42361042e+01 1.76815773e+01 3.91412748e+01 2.63881400e+01
  3.49524039e+01 4.17765603e+01 4.93552881e+01 2.85820387e+01
  6.02447081e+00 6.63936712e+00 8.05228806e+00 5.46192542e+00
  1.49304262e+01 2.57524703e+01 2.11009818e+01]
 [1.53991922e+01 2.07740240e+01 1.90875051e+01 2.00563490e+01
  1.34560728e+01 1.09702297e+01 1.23829890e+01 1.31834230e+01
  1.25396008e+01 1.44921416e+01 8.16476445e+00 1.44591354e+01
  4.73363134e+00 4.49714801e+00 7.41126277e+00 6.49455347e+00
  6.05927341e+00 2.00074056e-30 4.82467171e+00 1.31084749e+01
  9.35282062e+00 1.00009910e+01 8.88683097e+00 1.03086516e+01
  1.00770431e+01 1.28488357e+01 1.58961015e+01 9.53035067e+00
  3.12281811e+00 2.77461529e+00 3.22660319e+00 2.38170498e+00
  1.14436782e+01 8.38888252e+00 5.84662151e+00]]