[[2.35175529e+00 5.07504059e+00 1.32192818e+00 1.13136408e+00
  2.27057993e+00 1.50330088e+00 1.59608728e+00 1.45257841e+00
  1.74416329e+00 1.49033899e+00 5.58542129e-01 7.70672304e-01
  5.27267285e-01 4.18079359e-01 7.77659941e-01 6.99015507e-01
  4.12069725e-01 1.79256458e-29 4.85756846e-01 1.50796183e+00
  9.80278858e-01 7.44247482e-01 1.43335308e+00 8.13653541e-01
  1.45292649e+00 2.50761478e+00 1.79399425e+00 6.59914446e-01
  2.32690413e-01 2.52855790e-01 2.67340540e-01 2.11655098e-01
  2.59901379e+00 3.15538468e+00 7.45297452e+00]
 [8.98041146e+01 7.70483485e+01 2.55862081e+01 3.11442549e+01
  5.45089751e+00 6.41252827e+00 2.01332223e+00 2.12626576e+00
  2.37472468e+00 3.04925271e+00 2.29062925e+01 5.59824860e+01
  2.15032426e+00 3.19347111e+00 1.12023617e+00 1.05790620e+00
  6.39787038e+00 1.22629032e-29 7.94912036e-01 2.79448484e+00
  1.34730842e+01 1.94972625e+01 1.58203462e+00 1.13943595e+00
  5.48089070e+01 7.33319751e+01 6.69527276e+01 4.03855840e+01
  2.95759299e+00 6.11107621e+00 5.24100989e-01 3.89563072e-01
  4.50687830e+01 2.72326617e+01 4.90686437e+00]
 [1.76885405e+01 4.50165004e+01 5.56173277e+00 3.59343998e+01
  2.54305275e+00 7.39809565e+00 1.49967589e+00 2.81202474e+00
  2.15891098e+00 2.33811754e+00 2.53807599e+00 8.76212703e+00
  9.32958735e-01 1.37526341e+00 1.01531306e+00 1.17879685e+00
  2.11667179e+00 3.74013804e-29 7.19119909e-01 2.19866678e+00
  2.32002654e+00 2.98144992e+01 1.22382183e+00 1.88571803e+00
  1.13597993e+01 5.02918813e+01 1.88313525e+01 1.07992299e+01
  5.00052201e-01 7.89382952e-01 5.23615614e-01 4.45464193e-01
  1.38235390e+01 4.04697213e+01 3.11834940e+00]
 [2.52892228e+02 1.30596681e+02 2.35942773e+01 1.35743171e+01
  2.62027975e+01 6.01143409e+01 8.66895989e+00 6.40595655e+00
  7.05628319e+00 9.11802576e+00 2.66235690e+01 4.43217321e+01
  1.83713458e+00 1.20444245e+00 2.05589907e+00 2.42680275e+00
  7.95986347e+00 8.45356726e-29 1.77396573e+00 7.46773883e+00
  5.40850642e+00 1.25958052e+01 5.39973106e+00 6.53429588e+00
  1.96115415e+02 1.02078930e+02 7.93871121e+01 6.48200873e+01
  4.91311879e+00 4.46673361e+00 6.49603553e-01 7.68604040e-01
  1.64919469e+02 1.08507183e+02 3.78610385e+00]
 [4.43964216e+01 5.26874723e+01 1.34814926e+01 7.26943919e+00
  4.40171048e+00 8.06172712e+00 2.35793759e+00 2.58670328e+00
  5.00421477e+00 2.84873027e+00 4.75620730e+00 5.75667696e+00
  1.07351020e+00 9.90218576e-01 1.45692100e+00 1.45200998e+00
  2.70957241e+00 5.04363922e-29 9.99638976e-01 4.28190789e+00
  4.49326449e+00 3.39233208e+00 1.56290529e+00 2.31501260e+00
  1.67244416e+01 2.47259327e+01 3.40885764e+01 8.42557710e+00
  9.46009569e-01 1.06199115e+00 5.45554552e-01 4.76078164e-01
  2.20959605e+01 3.62455098e+01 2.10251651e+00]
 [8.41069208e+00 9.14770961e+00 1.26001787e+01 6.83539580e+01
  2.55072745e+01 7.92476407e+01 4.01682125e+00 7.73658241e+00
  4.03490744e+00 3.74394296e+00 2.69324447e+00 6.90907833e+00
  9.79331250e+00 8.94734307e+00 2.70149324e+00 2.56358218e+00
  1.09369744e+00 1.07686226e-29 7.11431354e-01 3.63305199e+00
  2.52377072e+01 9.98353963e+01 1.22324422e+01 2.33294034e+01
  5.71047536e+00 5.64625912e+00 7.87777275e+00 2.69894648e+00
  9.19713524e-01 1.79431089e+00 1.02370439e+00 8.03649306e-01
  1.34523208e+01 1.86451712e+01 3.67422799e+00]
 [1.66638563e+01 1.17301159e+01 3.95475250e+00 6.53116648e+00
  5.78765808e+00 3.02414184e+00 2.82715704e+00 1.80532343e+00
  2.64549221e+00 2.63811838e+00 1.65935940e+00 2.20904426e+00
  1.49691645e+00 9.76608639e-01 1.32768168e+00 1.19902580e+00
  1.48658531e+00 8.68760644e-31 9.87388597e-01 2.65054335e+00
  3.03820841e+00 1.96583493e+00 1.82690135e+00 1.39101775e+00
  6.10993054e+00 6.53545489e+00 1.06825371e+01 3.62838833e+00
  6.95008823e-01 7.21229621e-01 6.42697846e-01 5.12641432e-01
  3.27629639e+01 3.22796639e+01 1.16541851e+01]
 [4.05968816e+01 6.59032076e+01 1.31325795e+01 8.77564537e+00
  9.08747238e+00 3.43526192e+00 7.19574510e+00 4.56135308e+00
  2.49824369e+01 2.52465611e+01 1.19687285e+01 1.25747619e+01
  2.27736842e+00 1.53532634e+00 2.30147684e+00 2.28598780e+00
  3.11038583e+00 1.22635361e-29 1.61172119e+00 2.34503914e+01
  9.47200124e+00 1.08076669e+01 2.69770589e+00 2.32301498e+00
  2.57582322e+01 2.58729129e+01 3.96219946e+01 1.76815677e+01
  1.05553351e+00 8.99036175e-01 6.45738204e-01 6.78981747e-01
  5.18057878e+01 4.26197966e+01 1.63827954e+01]
 [1.65232645e+01 1.78038181e+01 8.25418316e+00 4.08966513e+00
  8.92034783e-01 3.70865203e+00 1.76041805e+00 1.72556641e+00
  3.60797298e+00 2.99385801e+00 1.81644385e+00 1.65598429e+00
  3.65618284e-01 4.60343385e-01 6.98836413e-01 6.01583154e-01
  1.12060195e+00 2.81992963e-30 4.17946934e-01 3.27903294e+00
  1.31936827e+00 1.64920015e+00 6.86714800e-01 7.48880815e-01
  1.04232307e+01 3.86918326e+00 1.36577174e+01 3.84216133e+00
  3.83702945e-01 3.55340668e-01 2.86699462e-01 2.24864882e-01
  6.94328469e+00 1.66039635e+01 2.41894104e+00]
 [6.41341095e+01 1.76175305e+01 1.38762297e+01 4.21935708e+00
  5.88110688e+00 1.89267585e+00 2.48154743e+00 1.96721511e+00
  4.22101282e+00 3.43032686e+00 8.00323425e+00 3.22508602e+00
  3.91002663e+00 1.10891130e+00 2.32082077e+00 1.21613216e+00
  2.28314429e+00 7.09063692e-29 7.87336563e-01 3.45966419e+00
  1.47930899e+01 1.72384514e+00 2.73674465e+00 2.27236891e+00
  5.35216464e+01 8.33330868e+00 2.55160286e+01 6.56792259e+00
  1.04470304e+00 6.72824514e-01 6.83927967e-01 3.90446443e-01
  3.37307210e+01 1.61025208e+01 1.94513186e+01]
 [1.73071467e+00 6.92285247e+00 2.18487975e+00 2.76921560e+00
  1.38684797e+00 1.55204711e+00 1.84583800e+00 4.81331547e+00
  5.17269059e+00 3.78917268e+00 1.59242030e+00 2.33468444e+00
  5.94925619e-01 6.64431281e-01 1.05940599e+00 9.72387499e-01
  7.26940400e-01 5.31891118e-29 5.79303894e-01 3.93843437e+00
  1.46135055e+00 2.97926525e+00 1.01105386e+00 9.63051863e-01
  3.34580088e+00 7.42661847e+00 3.02854837e+00 1.63793964e+00
  3.48964132e-01 4.51112201e-01 4.09458708e-01 4.08158752e-01
  4.79374044e+00 5.68657167e+00 3.38539807e+00]
 [2.26806084e+01 1.53437157e+01 8.29530999e+00 7.19949821e+00
  1.15745055e+01 1.47936762e+01 2.73138846e+00 4.43370569e+00
  2.92538866e+00 2.68051919e+00 2.29735659e+00 2.14813435e+00
  2.71988529e+00 3.29650665e+00 1.74327072e+00 1.93729780e+00
  1.58165045e+00 1.57955316e-30 8.45557152e-01 2.49045018e+00
  9.05770549e+00 1.32275861e+01 5.41840264e+00 1.63671698e+01
  8.17435900e+00 7.23980157e+00 1.83508608e+01 4.41453143e+00
  7.06574092e-01 8.37184232e-01 7.08189399e-01 6.17388825e-01
  1.58435623e+01 9.43828262e+00 5.19832976e+00]
 [1.91766607e+01 2.51975955e+01 2.93003374e+00 5.16348667e+00
  1.81240289e+00 1.45244308e+00 2.33021773e+00 2.32548856e+00
  3.79160307e+00 6.51346100e+00 2.02163891e+00 2.58178156e+00
  8.58251710e-01 6.36263531e-01 1.46011341e+00 1.32893026e+00
  1.82498053e+00 2.17526114e-30 1.05399282e+00 4.91585013e+00
  2.14773001e+00 1.73719125e+00 1.45134210e+00 1.24698595e+00
  6.15755205e+00 8.07731214e+00 1.79424989e+01 5.12595349e+00
  7.07980369e-01 6.21223219e-01 6.90264794e-01 4.34413984e-01
  1.51217475e+01 1.34656092e+01 7.96211559e+00]
 [2.70740089e+00 3.60788825e+00 2.01513812e+00 2.58487229e+00
  1.46495546e+00 1.68569614e+00 1.58318698e+00 1.95906361e+00
  1.88934962e+00 3.90851152e+00 1.27122063e+00 2.12193769e+00
  6.40300515e-01 8.24121741e-01 1.16676442e+00 1.18116258e+00
  1.05749548e+00 1.50539877e-29 8.07804148e-01 2.31406567e+00
  1.51828076e+00 1.46070857e+00 1.16626442e+00 1.52197589e+00
  2.14651301e+00 3.69058258e+00 3.06078604e+00 1.55830929e+00
  6.30832828e-01 7.38624905e-01 4.20946370e-01 4.47449779e-01
  1.02694531e+00 2.13301836e+00 2.68045811e+01]
 [6.64099474e+00 3.27678580e+00 1.94801789e+00 1.65136198e+00
  1.04593215e+00 9.50960435e-01 1.42287473e+00 1.29532620e+00
  2.51412863e+00 1.78778046e+00 7.32957658e-01 8.75877005e-01
  4.01656297e-01 3.63994044e-01 8.49193834e-01 6.36537610e-01
  5.83461215e-01 6.00073532e-30 4.17920200e-01 1.97535888e+00
  8.74498552e-01 7.37537869e-01 8.35568812e-01 7.08059807e-01
  2.66842905e+00 3.12856630e+00 5.71785751e+00 1.84320438e+00
  2.95063538e-01 3.12566446e-01 3.58148140e-01 2.22830581e-01
  6.53454269e+00 4.88879618e+00 5.51758967e+00]
 [3.69730461e+00 7.64283404e+00 1.80185757e+00 2.02690491e+00
  1.83619048e+00 1.02656632e+00 1.34921294e+00 1.05575663e+00
  1.06083647e+00 1.09525139e+00 1.80331052e+00 1.84072825e+00
  4.32491659e-01 4.39777752e-01 6.30047302e-01 5.82960590e-01
  8.62265969e-01 1.66612687e-30 3.28097324e-01 1.08498665e+00
  1.39309552e+00 1.43095010e+00 1.25612052e+00 8.06901719e-01
  3.67829504e+00 4.81469858e+00 4.90455843e+00 2.62397858e+00
  4.03328212e-01 3.29178698e-01 2.66648436e-01 2.34538878e-01
  1.63762561e+00 5.15431382e+00 3.35332097e+00]
 [1.14501306e+01 6.93014318e+00 1.01816415e+01 6.22828019e+00
  7.30799655e+00 2.18943799e+00 2.15650449e+00 2.25860255e+00
  8.70106291e+00 6.95921527e+00 5.62892592e+00 6.91650855e+00
  1.91325100e+00 8.82683746e-01 1.51670056e+00 1.04469491e+00
  8.62882067e-01 4.83867928e-30 6.44125018e-01 9.33064382e+00
  7.31225142e+00 3.72159268e+00 1.93024879e+00 1.57724534e+00
  2.24644050e+01 1.83169447e+01 8.47545974e+00 2.80077323e+00
  7.04050599e-01 4.31874673e-01 4.24823953e-01 3.04186404e-01
  1.92066053e+01 3.05509751e+00 3.04640155e+00]
 [1.48949752e+01 1.55710527e+01 3.72118353e+00 3.93835364e+00
  3.41025212e+00 4.43748454e+00 3.24007829e+00 4.65947137e+00
  3.64507370e+00 5.34060165e+00 2.14212269e+00 3.93883345e+00
  1.02203299e+00 1.23273364e+00 1.80599308e+00 2.19436858e+00
  1.40278888e+00 7.29254809e-30 1.29976068e+00 4.16514262e+00
  1.87090034e+00 1.93667610e+00 1.88259854e+00 3.65474520e+00
  5.91639436e+00 7.28272345e+00 9.65457007e+00 3.63053592e+00
  7.24679520e-01 7.29486914e-01 8.19087116e-01 8.31757875e-01
  1.11463623e+01 9.24739756e+00 1.03648716e+00]
 [4.74456851e+01 8.21404534e+01 1.47750401e+01 1.00143439e+01
  7.64401166e+00 8.81149211e+00 3.46066412e+00 4.58145913e+00
  3.94422264e+00 5.01018658e+00 4.07294162e+00 6.84174951e+00
  9.27496798e-01 2.04190841e+00 1.24659734e+00 1.90843302e+00
  2.48509841e+00 1.21836039e-29 8.51177327e-01 4.45302573e+00
  7.21797871e+00 9.44780297e+00 1.59770424e+00 8.71693358e+00
  1.20572523e+01 3.79090083e+01 4.28745123e+01 9.98825848e+00
  8.74776074e-01 9.62978522e-01 4.83127909e-01 4.83484073e-01
  2.03746234e+01 4.02908949e+01 2.40673257e+01]
 [7.51215079e+00 5.47692145e+00 4.68690097e+00 3.47031412e+00
  2.16842862e+00 3.00930603e+00 2.60011346e+00 2.76240314e+00
  4.22220472e+00 5.05012772e+00 1.42218855e+00 2.79746089e+00
  8.83036230e-01 9.91316448e-01 1.39764500e+00 1.33223214e+00
  1.02654602e+00 6.02073745e-31 8.80875043e-01 4.30969102e+00
  1.63112243e+00 1.74619899e+00 1.54747616e+00 1.80586494e+00
  2.83991918e+00 4.03767131e+00 7.19071377e+00 2.00380777e+00
  6.01510683e-01 6.30672986e-01 6.33498186e-01 4.86044526e-01
  2.88779048e+00 2.13301945e+00 1.20656755e+00]]