[[ 3.81622222  2.13049136  7.37302886  9.53489128  8.22935766  3.94907916
  10.6527421   8.57849462  6.71255738  6.85212386  9.02746938 13.83330022
  12.71714066 13.15819647  9.09224228  8.79356547  9.41680957  5.66740023
  10.31299818  6.32182698  2.68666549 12.03764722 10.89285681 10.18708189
   2.43153009  2.15822608  3.6535801  10.03376103 15.29756756 12.36991438
  12.03513111 11.39984338  1.42812711  2.18143887  6.0156466 ]
 [ 7.45709234  7.97909908 13.93277975  9.32628328 22.36160071 19.85775922
  23.91196641 20.5138393  15.47218208 16.56218523 10.35774049  5.51222023
  22.03124733 17.55499834 23.69889674 23.43170353 14.69002708 12.1684227
  19.54139073 15.42797816 16.59431649 11.30312821 26.26739924 24.289454
   7.3519355   4.78980125  7.67869554  6.40917565 18.56753859 12.50333895
  22.76476437 23.17579108  4.97170727  7.18136489 11.94256819]
 [ 8.17651412  6.58521589  3.33936348  4.00200794 10.97773418 10.46114357
  14.7780424   4.38220837  6.44562181  6.66231134  2.93466932  7.63811841
  13.62771749  9.58564531 11.34058666  8.55428196 10.98781173  6.56156409
   9.20808277  7.08161728 11.19163193  5.10063125 13.17956328 10.05882582
   7.17932895  5.00675055  8.78983747  3.46921192 11.30276139  9.95518422
  10.60551746  8.90596593  3.513841    3.7842248   5.61580496]
 [ 4.35194168  6.90129654 10.0902247   9.58853757  8.99605496  6.1210988
   9.74304137  8.98939178  8.3293896   8.92624787  8.14440826  5.7364196
  15.27998666  9.41297726  9.94206651  9.16032127  8.49220289  5.47563401
  10.38314079  9.3763571  15.16778765  9.22771895 12.12803517  8.63318016
   3.96366757  4.85317731  6.93605564  5.89027068 10.2866245   8.6465067
  10.27031355 12.08958404  2.74161279  2.43985709  9.59941626]
 [ 3.42538145  3.68707184  5.05269258 12.03584672 15.04540868 12.20462186
  16.26478873 13.03147435 14.18480822 13.71518784  6.65637684 10.20100536
  10.67243958 11.76126513 13.59928619 12.01041324  7.48972475  7.5659261
  13.63776016 14.21636732  9.23020087 13.90936935 15.12161255 12.88118335
   4.25398211  5.43445109  3.80012942  5.16110859  9.94790329 13.13641924
  12.44342098 10.914999    4.71645533  2.71170068  5.64241307]
 [12.64428625  5.0802636   5.33996478  4.33835252  5.53334912  4.1240379
  17.76714649 11.81623423 15.48199301 16.10425123  9.71766698  8.61321034
   8.46756836  5.92662578 16.76559909 11.43253284 22.59137285  8.00859762
  15.22009634 16.30190416  6.05645693  2.72363283 10.94034954  5.87127759
   4.01082278  5.79263359 12.89356745 14.81877427 16.42621283 11.80439462
  14.13496281 11.85141925  3.44230735  3.27902364  6.06274646]
 [ 5.77185483  5.74416345 12.35824151  4.99753313 12.51176056 10.25055161
  11.5824668  10.49921904  6.33065429  7.71887769  8.2449407   6.71226709
  12.73722864  8.6302796  11.63084588  9.16953917  7.39478697  5.86899849
  11.30494751  7.7293488   4.22243994  7.44004003 12.74351083 10.10460669
   5.69069778  4.56809407  5.96008329  5.37462645 10.04983919  9.16428589
  11.17370057  9.63411247  7.07501942  5.32900753  6.33122792]
 [13.03182852 10.47812383  1.50236575  5.79060539 13.5724759  18.74587172
  21.18908025 15.98045784 12.63167179 11.58899292 15.13013689 14.50461291
  14.72278064 17.59033328 19.4584273  16.22632271 36.38108143 12.10571929
  16.82767369 12.01005891 12.62576357 12.95899023 20.34338068 20.008239
  14.55176716 11.42030988 12.41403415 21.63071114 25.96591373 20.07583622
  17.47483124 18.30044929  5.48029587  5.12679037  8.37230271]
 [ 9.82311569  9.23397877 12.53154148 12.68187191 14.89999338 14.39480549
  15.58963567 13.0556506  11.04601904 10.59459907 12.31012393 12.74877034
  14.66204449 14.18436023 13.83051962 12.33983308 12.17686527 14.08298952
  12.67796304 11.23669487 14.82980431 12.26973914 15.71164656 14.83528453
   9.53542454 11.97384966 10.64533334 10.97959236 13.3600618  12.73844405
  13.32991452 12.89088462  8.22793187 10.25057473  8.88338838]
 [ 4.31974939  4.71628615  2.9976991   0.94898386  1.08744492  1.66633488
   2.52509769  0.82832448  2.47553601  1.34310031  1.98798582  0.75534082
   4.01801604  2.48001608  3.94215629  3.5373221   3.40939193  0.67235296
   1.7648204   1.02206569  0.60239258  0.63259941  0.71742855  0.72847405
   2.72609655  0.58976855  5.41735522  1.69879899  3.97306449  0.78598742
   7.20438823  4.37515151  1.10196261  1.41988358  4.44346005]
 [ 9.05338462  6.81529525  1.71972953  1.48094915  9.36307228 13.25502315
   9.11366687 10.14604819  7.92908682  8.88692616  5.81392694  4.01908036
  14.79547548 15.01763824 10.62099085 11.78561182  8.39681206  8.02468909
  12.55111607  8.62249921 10.90921033 10.86148915 11.00469284 13.9638146
   2.93269005  2.55866798  4.10836386  4.12043738 11.85702205 12.03787472
  14.25195435 13.08859753  0.65368639  0.79736925  6.39323439]
 [14.79580398 15.20425601 11.69929488  9.10423094 15.67177268 15.24630116
  21.05841544 18.75969765 15.13301704 13.69783621 18.37091731 16.31823
  21.43305858 18.2887009  23.24318024 21.0305555  22.20568012 13.37274317
  26.83157603 16.56132151 15.72486184 12.00129444 22.29857751 13.98197919
  16.2909227  15.66405129 15.75276157 21.41955802 25.48387901 20.99223687
  28.63346111 26.43459163  9.27181465  6.26673764  9.1079528 ]
 [ 9.69014692  9.42004672 10.52218007  9.97668305 12.22707628 12.93837757
  10.56626301 10.07852877  9.20748405  8.771656   10.24581642 10.18625857
   9.80214916  9.35919242  9.32677895  9.77187853 11.10810533  8.04951916
   9.76379952  9.58434651 11.45483637 10.63836926 10.6062868  10.73701725
   9.93199443  9.47319421  9.47842525 10.03322169 10.0433016  11.23953111
   9.02886758 10.7874616   8.38480181  7.8893897   5.70068455]
 [34.06265477 32.35702569 38.01937046 32.64854022 39.59473278 34.43392445
  34.02156898 31.74524403 32.73616436 29.82628923 43.51674146 36.48488982
  42.560343   31.23570131 35.57725644 28.91133844 45.48900246 35.21100505
  35.11374095 33.98861537 41.18383868 33.13800398 39.58039559 32.20787053
  39.3180245  33.6276835  34.467423   43.13959949 40.55504458 39.66100088
  36.9707568  28.13804437 33.3934676  19.84383142 15.26722193]
 [ 5.45687536  6.86819531 12.48833582 10.88692252 14.7967242  11.77910591
   9.38480136  8.34437177  6.11999236  6.3549469  11.27322723 10.05913718
  14.13335375 12.16083171  9.02026844  8.58252151  8.57705308 13.2810863
   8.55103207  6.49601561 11.85170603 12.51218837 12.61254353 10.56148348
   6.01868005  5.58698344  5.70019453  6.02100858 11.57713892 10.19163066
   9.51341916 10.59078862  1.74225784  3.86406003  6.00922153]
 [15.62281125 16.02539534 18.8906627  20.42524752 19.13726913 19.79422183
  15.33641355 12.75036011  8.42831668  9.18351532 16.01489666 16.75825639
  20.52368573 20.4100852  15.31435765 14.40125033 18.86906551 17.29274599
  14.68338475  9.57692181 17.72758968 16.79645575 18.37152109 12.15328403
  15.7301663  15.19771793 15.81268977 17.07645527 17.88335603 21.20940211
  17.81009994 17.90457945 12.88527359 11.85898048 11.62233247]
 [14.85950059 18.03352168 17.74922772 20.99064392 20.49662215 23.71994384
  16.41117767 14.43260285  9.55267337 10.63367136 14.89091389 12.61251967
  16.45734725 19.37315017 15.17395598 14.67850587 15.5444333  12.14151894
  15.0879828   9.83270479 19.9746021  19.72156061 20.07627344 18.65540735
   8.95662254  9.29798889 14.11423534 15.88761915 17.68312899 18.61917499
  16.20982036 14.79276675  6.50846834  9.32826662  6.37786103]
 [18.55750735 19.73697811 25.87980645 31.451228   34.42961613 32.53212129
  30.60855802 21.30743152 22.98117126 19.49598852 28.94246005 30.3286295
  27.95390883 25.45398179 28.02048593 19.8752134  31.32789525 26.31827561
  32.15351893 22.88243483 33.20420473 36.50972226 31.41122625 25.61481648
  22.81514908 23.4829647  21.70026901 27.05143287 28.9417491  33.99990402
  28.31490524 20.40066982 13.36182007  8.15926306 17.29828199]
 [ 6.80046124  6.26416258 13.91547276 18.50425121 32.81503814 18.14614736
  33.92258267 28.97683248 23.99363058 22.9208106  14.49858893 18.6867754
  33.91572885 23.60728846 32.8778241  27.92956808 22.47454824 22.80271541
  23.14585987 22.68894041 22.7866682  18.18360071 38.28197762 25.38785101
   7.88000807  8.58384786  7.43454066 13.46557107 20.88295757 27.27383983
  30.42543826 25.3097889   6.21649818  4.28496859 10.6865345 ]
 [ 8.63365977  9.25363573  9.99897322  7.32927973 11.06901883  8.87295326
  11.4248889  10.4415707   8.98495894  8.71893186 13.00751137  9.11633178
  13.12920705 11.31746206 11.95150071 11.20505018 13.12783858 10.78619637
  13.37625256  9.54313162 12.03762872  9.5435955  11.52527957 11.08260188
  12.10739879  7.64246056  7.89714435 12.13603117 13.19710257 11.16518299
  12.01012954 12.6282135   6.311262    9.1500488   9.35039468]]