[[80.96281694 90.23432975 68.57661454 63.22965959 54.2228944  75.99500716
  24.64113184 19.78581999 20.08261011 16.78895259 68.78495611 53.04745436
  40.29568504 35.1545271  23.91973421 21.26719507 72.37935839 50.86106015
  31.05381085 18.06726876 87.67341921 46.03720531 28.04773079 23.36006365
  88.05916465 91.34478265 84.13030564 66.21139616 58.40944248 61.41672337
  30.83453251 34.10028203 94.29960579 91.2022109  75.68790846]
 [53.59149289 55.983291   47.35218798 56.86637355 57.15153259 55.87442455
  52.89399317 58.09677516 51.70710323 57.01484121 41.2964545  27.80287211
  53.38693911 42.18183064 55.47682762 55.64378152 56.21301291 51.48240963
  62.84890351 57.51509427 48.89126877 45.97733013 55.21188069 55.36301712
  45.99376701 54.83735659 58.88999024 60.38526924 51.73513976 40.90885768
  59.02338116 56.78525744 54.34446171 49.22691643 44.75878481]
 [63.74731447 56.62449589 89.50606895 61.08521581 60.14256461 38.31675438
  37.05756955 75.91435779 22.86761485 26.09454212 90.42259948 49.65002946
  37.93114668 32.7660435  33.38937537 30.51434982 56.12690173 70.40301489
  38.07063128 26.3307229  58.40154707 18.67264245 44.08216893 32.20771054
  66.60664209 48.99451792 57.66746482 85.35883777 50.27326529 57.03371802
  36.96766194 35.65073652 80.32375618 58.76896262 53.08239046]
 [38.18724751 34.08792786 36.05003731 31.8043354  19.67860805 10.60577993
  20.87422855 19.06506673 18.99756949 17.11953333 20.25993965 15.4750894
  25.95235426 19.38585279 22.10727344 19.03905203 34.67322978 57.38995422
  21.18120987 17.79075938 30.80568125 16.18714323 24.77471945 17.19627287
  25.53165062 24.74521736 41.10207995 30.9026614  21.69514779 17.47890457
  21.44139672 21.23002387 71.98451749 76.98763898 41.72125198]
 [87.90998862 85.98754422 83.455688   60.17392158 45.80452481 43.9040247
  33.35604976 30.49620252 30.99203108 32.03744596 76.72478374 59.41293078
  54.80155322 31.66371908 30.97757281 28.79944757 75.00154331 71.87563288
  36.10431392 32.02273559 70.75451634 48.52691307 36.0617793  33.79671135
  84.23183838 71.30640319 86.68766724 82.75146167 66.72416345 50.50872918
  29.65307114 38.1904069  77.57717818 89.64263928 70.39702664]
 [56.46513176 84.30972955 85.44907703 62.16962447 69.40186393 34.71347986
  52.44339068 52.17902559 51.93317179 54.26785424 73.65450086 65.4955543
  46.41910301 46.29868251 49.32067218 59.71439578 56.06492678 48.57648496
  61.48931128 55.72531774 59.90019247 36.11371277 44.61328075 39.907873
  87.63483868 82.86706406 55.36437835 64.38774204 62.6906423  57.73198014
  58.33759579 62.22602889 89.8251125  87.52357853 67.31202327]
 [86.67510803 87.44571987 77.3626042  89.73267295 56.35272258 62.81378482
  53.7032382  41.50525221 58.08168272 38.49162926 71.8575183  83.18399063
  55.40862699 69.00452144 48.37936966 41.36585616 80.96107543 85.0570484
  44.46641352 42.57256252 89.83838767 79.97856683 55.36869769 54.07964122
  86.88641718 89.8500447  86.2508117  86.80952851 64.44602382 69.77433995
  52.09469505 47.92277195 87.19869965 91.95073984 71.70670244]
 [57.24323425 51.93063745 96.05312075 88.23362843 59.44220629 55.25551065
  33.12287538 35.09410818 23.88755706 27.03182725 52.17211817 48.28598068
  54.06356398 52.59978287 37.40025616 39.35847727 45.45733329 57.76557737
  46.93003114 26.35325478 58.70851117 53.85729164 46.50488673 43.20585658
  52.37081993 54.28750164 61.22335095 53.15906137 53.82558051 61.02444106
  49.89601567 48.39760114 91.36991545 66.86108377 53.61441819]
 [68.30116975 65.21045198 52.89839688 56.34427781 52.12125954 35.89364317
  35.35429253 30.95532787 31.2996289  33.7398842  59.43619711 54.62239922
  51.58026813 43.28269231 42.88778539 37.66489835 62.51227311 41.84342281
  40.79347936 34.1197673  54.45044575 57.4217847  46.47132315 36.47002385
  59.25811419 58.79622341 64.29351044 62.65299841 59.41461333 55.32793181
  45.44675945 43.47514231 73.63005154 65.96366558 58.69230746]
 [64.64114831 76.91479358 82.36067621 96.15606491 93.72610739 93.29552593
  75.8381163  92.51371592 58.54679497 81.23502196 86.27381006 98.15416681
  71.67102574 90.24328561 49.55359238 57.71315955 84.26554814 97.35047703
  80.0993507  87.48019525 95.3143257  98.12557314 95.3189246  95.64784872
  70.39365836 97.24833886 73.63904689 91.9146086  80.27584303 96.65350681
  42.46657151 70.8152372  90.92124614 91.81715238 74.99738631]
 [69.19055429 75.12234927 94.59898467 95.51649704 61.79736336 53.76820522
  39.49786755 36.7918004  35.14129203 34.99940196 80.39568138 86.53380247
  43.95199064 46.25713656 44.44306588 37.05394874 78.72142103 68.02180032
  39.6269087  37.15048988 60.62136701 61.03026947 48.44640218 45.67478531
  90.06643922 89.79675186 86.49229793 88.83919689 64.21033427 63.81461268
  40.76932051 46.70920302 97.28538327 95.01819379 74.26386245]
 [51.14770092 51.74825342 75.02065777 79.43470248 55.02408679 49.28968546
  33.01636495 33.1617118  29.68489461 28.98674422 60.08705923 60.91168892
  44.30730415 43.00515826 37.43511235 36.25836356 56.03070855 51.58262101
  33.81882014 31.02850566 60.02301821 57.53923245 43.5279995  43.47118861
  56.06374729 52.63801312 49.40718845 48.70131556 47.58162267 54.03294366
  33.41576931 34.66899509 57.41381057 75.90683261 64.18733776]
 [70.43367892 68.90423259 46.0018626  52.76641957 29.19886865 24.92685385
  24.46778502 24.26911745 24.70103091 24.04331733 50.22885845 51.74529405
  25.6478057  25.2371577  24.15410532 24.52872067 56.80638257 54.12674531
  35.74506797 28.10589412 28.64138458 34.01594027 27.92732324 23.23543417
  65.19179525 63.76540197 69.48966724 64.03013453 48.60881112 42.56132441
  30.6036476  27.58605916 64.10857359 74.73310276 71.03970845]
 [28.45087354 29.67568494 26.54078102 29.38557666 24.67800128 26.29306748
  17.43050369 21.29298267 17.02834357 17.85598403 21.48741913 23.02252803
  17.17565293 22.02000172 17.42600098 18.18840265 20.00183909 22.02959781
  19.16135487 17.90709235 22.07776052 26.2808816  18.75412317 22.40129907
  24.65481625 27.67950315 28.68758049 20.9216805  23.62526478 19.84269172
  18.47325436 17.64574577 42.24893034 58.2920018  59.26039015]
 [84.02816093 74.75937175 57.75968    56.68978158 40.06838254 46.91590113
  29.2106647  34.01462651 25.7609662  28.11925505 55.4700393  52.52774898
  34.04543166 33.27543444 28.162807   27.39004693 62.29275715 47.10939001
  30.89025304 28.23223261 56.11966473 46.36076097 31.05910668 34.04305956
  79.32489506 77.2531494  82.03153548 77.07567202 50.06426822 48.11947282
  31.41434504 28.8486282  95.773216   88.93784877 68.59946979]
 [65.38525705 63.52617452 59.90990154 58.97350825 52.0328542  44.55027186
  30.96950431 29.9395754  22.35312592 29.7501328  59.39187009 62.59916687
  50.19524952 50.06309367 40.31687772 41.1153676  62.54125836 48.20641852
  53.72985938 29.12207662 61.53804452 64.67215373 42.54334236 63.06988561
  61.13132272 62.82945479 64.57104219 61.00109781 60.98641328 58.48916318
  49.8214842  50.5437943  59.56107566 67.5770914  67.29776355]
 [46.86657164 42.57016819 46.59253868 43.17268594 35.45088612 40.01354485
  34.55918987 29.07845204 24.46589912 27.55061058 27.20525895 30.34821686
  46.10066079 42.50863671 37.00520999 34.27850529 57.48726861 29.98088543
  42.07989555 27.62889372 34.62312095 40.1655953  40.82017341 38.9813611
  24.29415504 27.38722107 49.23785868 47.14547732 48.99381225 47.77966191
  45.12704412 45.03582103 40.78590446 55.78541695 62.00542576]
 [53.7081339  49.74891103 53.49405375 40.39973761 38.80209014 31.71337565
  32.65180858 28.45180415 39.84983892 35.64386137 40.85289587 35.35798929
  34.58589439 19.20436321 35.41305145 29.06980454 36.4332153  38.62819354
  38.3374385  40.70415984 40.58271179 31.40597655 32.71427071 23.48689246
  50.4656878  44.94934348 48.58286423 43.28693791 35.52131589 31.22557531
  32.41964305 24.44403409 51.24461786 71.72772653 50.44219935]
 [76.08152804 78.25030515 62.76854428 52.25340001 25.01625954 58.06787858
  29.38782517 36.22675168 41.34231746 42.93062881 64.65795792 51.14645622
  27.32877186 39.1686838  31.75546041 36.41436705 60.70992011 40.58583029
  39.22058147 44.07064664 39.99949973 47.06660909 23.56987705 36.77607021
  81.64517946 67.94406873 73.16931438 69.04120577 56.41745803 47.06394848
  32.65144287 39.43834926 70.76148991 78.54342239 51.88858275]
 [74.39863604 75.56886069 76.19390655 84.05608833 66.07247553 67.6086717
  36.01811824 36.65679361 26.45899254 23.86261649 71.77593836 79.1737416
  57.23813493 50.42655162 40.32960938 34.52233523 71.81553326 56.90541166
  43.87867283 29.74365983 68.47128942 75.47218902 52.03423022 57.28726693
  70.05345967 79.48572661 76.58009573 72.89392793 68.48906575 72.33741419
  54.32438391 43.30150489 83.52596859 75.34983307 74.41827819]]