[[ 0.50019316  0.53127251  0.76406725  0.88187827  1.33256971  0.37759636
   0.48819835  0.30039319  0.32339723  0.39172355  1.07344989  2.02030553
   1.47064123  1.767298    0.56310946  0.56587233  1.07736414  0.42816433
   0.78288795  0.3566447   0.31048685  1.16832095  1.20595036  0.64103147
   0.31554461  0.42272492  0.503371    1.21580211  1.70116964  1.91668071
   0.95096738  1.05523456  0.37054546  0.5427865   1.53779713]
 [13.23649927 11.14321507 13.23684297 10.16915962  5.56408816  6.57074917
   2.09865219  1.66783577  1.59674288  2.2841133  18.21452049 22.01620799
   7.05489502  7.98254137  2.03934423  1.77382687  8.92944868 10.33219122
   1.97981578  2.05840324 13.47501378 14.03553109  2.70862313  1.88596681
  15.98198368 12.20017742 10.89024611 10.7439225   8.85993037 14.45190331
   2.33368991  1.86418171 14.35456199 12.36220295 10.70138385]
 [ 4.73719258  9.23872305  1.07198715 10.90756991  3.35524284 10.28191555
   2.30568497  1.10139782  1.40975621  1.75497041  0.95989507 11.55092547
   5.38057134  6.06504954  2.55539899  2.44858677  6.21935481  3.27621337
   2.24388748  1.74171438  4.12818362 23.86351308  2.96277545  3.69662734
   5.13243746 11.9540909   6.19529638  2.57657319  3.9281775   4.22118816
   3.36815574  2.92583203  3.61434198 10.95870173 11.54389513]
 [17.19460238 14.93447323  9.98590787  7.26456673 15.2431862  21.36173942
   5.2417561   2.87090547  2.95296406  3.85265751 17.1318453  24.68348645
   7.99337431  3.87490385  2.74293336  2.48899008  9.35189217  4.52867133
   3.08246908  3.75801597  6.97065987 11.26140245  6.85738152  6.14724202
  21.79500864 23.0355524  12.43907635 17.21165034 11.98719454 12.037761
   2.62255578  3.34403929  7.72333435  6.80835922  8.94727825]
 [ 1.99244309  2.4743764   2.16749679  4.37938614  4.16421058  6.44689485
   1.80771562  1.30408789  3.11625491  1.85611242  2.66779565  6.13902643
   2.78120029  3.17997299  1.9671553   1.51384536  2.35037243  2.23621859
   2.18386514  3.03946186  3.07893652  4.76438859  2.28210892  2.65896933
   2.42332771  6.01397404  2.08583681  2.12116531  2.47255458  4.72264743
   2.61248703  1.88193764  4.8124668   1.88691208  4.80917831]
 [12.04583735  4.06092645  3.68730021 18.93177819 10.7503228  35.05969022
   6.64659052  9.33620722  4.6225919   5.19099898  5.04531704 12.00282715
  25.06570564 22.84760143  7.73879599  7.07911983  5.24592579 22.79772347
   3.37131133  4.78057161 16.81668298 36.82546818 18.61107152 25.79984699
   2.93114452  4.07092405 12.22319498  6.33468573  5.66982087 12.66237406
   7.07433751  7.02356729  2.68658841  4.7092214   9.96275559]
 [ 1.23549743  0.84219831  1.41355828  0.57186517  4.51610575  2.49780229
   1.7465707   1.54902642  0.94531416  1.32151429  2.08482313  0.92380454
   3.78792911  1.81748007  1.41564285  1.49603663  1.1407291   0.9397945
   1.38748298  1.36401785  0.74595695  1.14794132  1.88704288  1.75482897
   1.03624002  0.69887752  0.9681197   0.9108798   1.96878291  1.56196008
   1.77564831  1.86437305  1.33679641  0.5453625   2.91370074]
 [ 9.9938592  13.44430006  0.79512109  1.58806042  7.99866351  3.88962397
   6.2343201   2.39320768 13.00265186 13.43981091 12.08965231 15.07357473
   7.10040376  5.42080085  3.69321555  2.88344997  4.82959917  5.43984976
   3.71098032 13.58832071 10.61030863 12.73151714  4.53379925  3.41391043
  11.3815412  12.1885283   8.87467072  9.22785391  4.33683329  4.49589452
   2.87888824  2.84172021  0.72375812 11.25050166 13.68114574]
 [ 3.5476998   4.78980991  6.69790728  3.78435332  1.05368349  4.85933184
   1.38744996  1.03023707  1.94922424  1.60196881  2.85780448  3.16838495
   1.26534159  2.40005444  0.9987178   0.92297676  1.97821803  1.23708752
   0.90198913  1.84675247  2.32060328  2.84431133  1.02378108  1.33346257
   6.26967225  3.53862907  4.19962523  3.17184537  1.73214495  1.92526237
   1.14841364  1.13301844  4.16860155  6.75301747  4.78850554]
 [ 9.6270332   2.99050877  4.69996381  0.46648687  1.33420193  0.66026333
   0.90519664  0.19656945  1.20581984  0.50474111  3.85181022  0.17257766
   8.95583202  1.26045225  2.21035369  1.03759384  1.9626019   0.21055068
   0.44896357  0.38796456  1.74336211  0.2040353   0.44963676  0.35255084
  10.51488362  0.35863442  4.90776269  1.19565112  3.19077979  0.36505883
   3.16395112  1.13748271  2.19665788  1.49718494  1.49732612]
 [ 1.16826391  2.65429142  0.19108078  0.23494516  0.85653226  1.54349215
   1.25736884  3.60869625  3.04952267  2.56546615  1.49569765  1.33000589
   2.47076144  2.47740976  1.64535798  1.61436559  1.09982246  0.93793845
   1.75122373  2.80308327  1.64717386  3.33534245  1.34258889  1.55216538
   0.91861008  1.42969857  0.83469713  0.71067182  1.65548307  2.45529478
   2.36232943  2.00118115  0.50830895  1.13073454  3.72717503]
 [ 7.74019786  6.62143065  2.52617893  2.22093419  6.63645656  9.98185023
   1.94686441  3.44039026  1.39532922  1.21227317  2.92165188  3.17462416
   6.21164155  9.11493564  2.26024839  3.00594732  2.85993246  3.59446958
   2.05409388  1.36225562  6.22283776 10.23990177  5.47764802 13.62167283
   5.32242959  6.57137935  7.77695476  5.22788291  2.61759807  3.04921738
   3.02072101  3.39867522  5.89982606  2.83216665  8.21995195]
 [ 2.56325233  2.80387321  3.54852186  3.58462576  3.21594497  3.46503877
   2.58436516  3.23181003  3.49177335  6.49273744  3.46975517  3.46525125
   3.72610562  3.80155144  2.66058089  3.33575761  2.96989031  3.72260115
   3.13706695  5.41393102  5.55827219  3.95322767  2.76627429  3.3466044
   2.94089617  3.13710545  2.75285337  2.92908651  3.50019983  3.47679734
   3.15807744  3.80396993  4.06969493  2.53289293  4.51118776]
 [ 1.39215415  1.79934618  0.93597813  1.32548095  0.6573928   0.90030272
   0.51070871  0.66025829  0.64593924  1.21830122  1.12418177  1.95139577
   1.26092781  1.73212082  0.65518737  0.87326255  1.13910338  1.07203366
   0.74377272  0.90537257  1.09946416  1.20120868  0.7205033   1.13899289
   1.4455773   2.38171633  1.58502795  1.21226793  1.36329064  1.79938785
   0.74494613  1.02725908  2.10189284  2.97504575  3.88475237]
 [ 1.15969115  1.12939548  1.61546913  1.5884414   1.30401871  1.28558007
   0.85630261  0.6714812   1.02432329  0.72244233  1.4207329   1.78034109
   1.67383837  1.73625637  0.90321016  0.6771661   1.07247338  1.41107695
   0.69630387  0.95789988  1.26005764  1.55206419  1.1490824   1.08542845
   1.11759578  1.31181799  1.20919774  1.05479564  1.3630913   1.68233357
   1.08593758  0.96583132  0.53554453  1.36461078  3.09045933]
 [ 2.65206092  3.69902449  2.66516001  2.7460283   2.88564731  1.97539486
   1.4816908   0.89845111  0.62625109  0.7745714   4.90477147  3.77706991
   2.63279902  2.7126836   1.33566703  1.38564112  2.99917014  1.91461673
   1.27515258  0.82737735  2.91891828  2.46266268  2.6007759   1.03295508
   5.25043602  4.14097961  3.11435975  3.96385711  3.26229937  3.21326945
   2.00115034  2.09468216  4.39761509  3.62720342  3.39818438]
 [11.30124744 10.09538171 11.00417627  9.33695531 10.00758641  4.34537416
   2.37178573  2.22027966  5.38521803  5.27064849 17.29979581 19.03227209
   8.67017315  5.16757753  2.47198214  2.19459722  5.12944269  9.22563427
   2.01794017  6.55236479 14.17784179  9.55933679  3.90892228  3.7328277
  24.16813    24.2343716  10.3420908  10.24050251  6.5290272   5.57898645
   2.67464595  2.1804958  20.48244669 11.34858764 10.59375234]
 [ 2.75206578  2.89394411  1.78013885  2.29234136  2.31891969  3.0886285
   1.66096763  1.95866373  1.33694615  2.07306377  2.48592673  3.94424491
   2.11148053  2.23627938  1.29705254  1.86774911  2.22361908  1.81606771
   1.13285263  1.80650651  1.94022861  2.1695732   1.62957789  3.06595829
   2.94657072  3.58911005  2.75282781  2.42811723  2.25521613  2.62252753
   1.44863618  1.76325569  4.72441505  2.89316707  5.37034307]
 [ 5.74414979  5.73569322  5.60908777  6.24198432  5.18011577  4.18140892
   2.01880377  2.84105048  2.28111702  2.9989635   3.59062884  7.37771592
   2.99242381  7.43256611  1.60182786  2.48622555  3.13453723  4.41211448
   1.7327491   2.69572554  6.78630875  9.71604929  1.56262866  8.38650282
   2.7183036   7.78918029  6.45832122  4.70566868  3.03228486  3.9558171
   1.82549088  2.24039673  8.4832682   6.70402557 12.18883127]
 [ 4.21173742  2.43965425  2.45522906  1.26817213  1.78375799  2.43399021
   2.39893675  2.18788608  3.02532246  3.03831696  2.26572778  1.76376948
   2.44919062  2.49473361  2.25386088  2.29849951  2.22408357  3.24584096
   2.44219871  3.13750829  2.09935025  1.66633655  2.00691286  1.94144519
   3.4121154   2.40159845  3.57232901  2.55166619  2.54199825  2.53785789
   2.35802013  2.5770925   1.59263498  2.32655923  1.92964138]]