[[2.09238625e+01 3.22882390e+01 1.83227649e+01 1.51517273e+01
  1.61876662e+01 2.27723910e+01 3.35459680e+01 5.26681015e+01
  3.88470344e+01 3.05088901e+01 6.75914788e+00 6.17462275e+00
  4.96910440e+00 3.21434886e+00 1.36470730e+01 1.37800994e+01
  5.69951558e+00 1.25296500e-28 6.96182380e+00 2.99973772e+01
  1.29761132e+01 8.69825343e+00 1.45685557e+01 1.60887007e+01
  1.59582201e+01 2.02670227e+01 2.16830840e+01 8.69299564e+00
  2.89848679e+00 1.86952862e+00 3.70345724e+00 2.67877500e+00
  1.65183405e+01 1.31202399e+01 5.71564338e+00]
 [3.61702671e+01 3.47956791e+01 2.64006112e+01 2.29055730e+01
  2.11723599e+01 1.91470382e+01 2.04477923e+01 2.17517913e+01
  1.95159366e+01 1.95473596e+01 1.16650796e+01 1.18743128e+01
  5.61292021e+00 6.53835468e+00 1.11390962e+01 1.24481342e+01
  9.72828051e+00 1.63572421e-29 7.17205629e+00 1.83556644e+01
  1.53716959e+01 1.44966825e+01 1.39083983e+01 1.42721459e+01
  2.15390307e+01 2.10308955e+01 3.48139136e+01 1.92061756e+01
  4.47187565e+00 3.91366558e+00 4.30535077e+00 4.79947954e+00
  8.05267777e+00 1.25556902e+01 1.63303259e+00]
 [6.15240867e+01 5.58460397e+01 1.72587853e+01 1.67941063e+01
  8.74105237e+00 9.65846145e+00 9.33090796e+00 1.61400493e+01
  1.06313449e+01 1.14240352e+01 1.19213064e+01 5.26797023e+00
  2.13568253e+00 2.27219110e+00 5.06160028e+00 5.10347554e+00
  3.22927253e+00 7.24354541e-29 3.66020721e+00 1.05021007e+01
  6.27909428e+00 6.56424830e+00 5.53712018e+00 6.05652550e+00
  2.46785746e+01 3.39093257e+01 5.21123992e+01 1.46413567e+01
  1.42396854e+00 1.43278011e+00 1.74095506e+00 1.66177871e+00
  5.37894465e+01 3.77826234e+01 1.93654138e+01]
 [2.44407027e+01 2.56656237e+01 1.70267003e+01 1.78336617e+01
  1.37713123e+01 1.51046436e+01 1.51798730e+01 1.92819461e+01
  1.94371220e+01 1.90773173e+01 6.10168731e+00 7.97086434e+00
  2.71010107e+00 3.11354739e+00 7.10063436e+00 7.53330126e+00
  5.15884938e+00 1.17592804e-29 4.70949317e+00 1.72878511e+01
  8.22095315e+00 1.04622155e+01 8.97513629e+00 9.36624130e+00
  1.33360469e+01 1.25182289e+01 1.75393467e+01 8.88008418e+00
  2.45289420e+00 2.83102769e+00 2.38264718e+00 2.07308009e+00
  2.00249547e+01 1.71959390e+01 2.64142971e+00]
 [4.73713860e+02 6.81897697e+02 4.31967722e+01 4.75363254e+01
  1.20289031e+01 1.09758571e+01 1.87138976e+01 2.09240294e+01
  2.20229035e+01 1.81925182e+01 2.13765722e+01 2.56159601e+01
  2.91670602e+00 2.67898600e+00 8.91625167e+00 8.73352819e+00
  2.38429286e+01 2.31604812e-29 4.93811490e+00 1.85348088e+01
  1.04463444e+01 9.39402952e+00 8.59748366e+00 8.15240634e+00
  1.08243917e+02 1.28217493e+02 4.28166157e+02 9.12601703e+01
  4.90176924e+00 4.65281971e+00 2.22952686e+00 2.06632114e+00
  3.57840926e+02 6.84745043e+02 3.88429594e+00]
 [2.60889892e+01 3.83033276e+01 1.25151800e+01 1.48045732e+01
  1.23544052e+01 7.91304224e+00 1.16924139e+01 1.01866901e+01
  1.32112133e+01 1.11834420e+01 4.63993650e+00 5.38361333e+00
  3.28571383e+00 2.05287977e+00 6.46076898e+00 5.02697671e+00
  4.15416377e+00 1.08965288e-28 3.83871391e+00 1.16292150e+01
  7.92393533e+00 5.84611899e+00 7.81324751e+00 5.32314401e+00
  1.18561761e+01 1.33010703e+01 2.79274530e+01 8.24680984e+00
  2.04402446e+00 1.70500516e+00 2.43809648e+00 1.47822475e+00
  4.01762099e+01 1.05870688e+01 2.40699918e+00]
 [3.58034714e+01 4.45224619e+01 1.77573364e+01 2.93581681e+01
  1.82600528e+01 1.29351857e+01 1.95271903e+01 1.50048460e+01
  1.86594671e+01 1.85191178e+01 5.74029373e+00 1.05261439e+01
  5.14367386e+00 4.88660723e+00 1.07007722e+01 8.85212490e+00
  8.34890540e+00 2.12415729e-29 7.90344717e+00 1.70224571e+01
  1.20535616e+01 1.07552878e+01 1.27596722e+01 9.85180516e+00
  1.14401026e+01 2.50880898e+01 3.45365491e+01 1.27579441e+01
  3.18194827e+00 3.88085570e+00 4.05991688e+00 3.19061516e+00
  6.93137199e+01 4.28870377e+01 1.45545726e+01]
 [6.17822948e+01 6.32814554e+01 2.18386106e+01 2.57392263e+01
  1.57569813e+01 1.39964462e+01 2.14234715e+01 2.27433248e+01
  2.26614327e+01 2.04480290e+01 1.60373835e+01 1.58002841e+01
  4.70185172e+00 4.94720926e+00 1.21154290e+01 1.16864043e+01
  4.23578942e+01 3.77811229e-29 8.44194156e+00 1.98654506e+01
  1.06274417e+01 1.13534086e+01 1.21550257e+01 1.10844128e+01
  4.16539634e+01 3.41139103e+01 7.31223076e+01 7.32158145e+01
  9.16336474e+00 5.91756949e+00 4.31593543e+00 4.54817673e+00
  4.07971421e+01 2.01547705e+01 1.13778312e+01]
 [4.63596091e+01 3.86054872e+01 1.91540965e+01 1.46823666e+01
  1.23045247e+01 9.23787281e+00 1.70526471e+01 1.45327086e+01
  1.59167337e+01 1.50942095e+01 7.68445261e+00 6.51223693e+00
  3.74448041e+00 2.41012483e+00 8.13077445e+00 5.63905774e+00
  4.91386074e+00 9.95909303e-30 4.79384701e+00 1.48309647e+01
  9.21446750e+00 6.57991250e+00 8.91261809e+00 6.48200316e+00
  1.52783975e+01 1.28596295e+01 3.10754187e+01 1.02792130e+01
  2.33404255e+00 1.92097252e+00 2.88990718e+00 1.78512222e+00
  1.74023115e+01 4.10926081e+01 3.89618608e+00]
 [8.27362947e+00 5.90179995e+00 7.22734073e+00 5.25501026e+00
  5.22274623e+00 5.03631645e+00 6.50251636e+00 7.69557292e+00
  7.97655544e+00 8.14675432e+00 2.63330722e+00 8.36375098e+00
  1.63520565e+00 1.93792022e+00 3.88543091e+00 4.29352826e+00
  1.87695944e+00 1.38266844e-29 2.65103068e+00 8.09433668e+00
  3.98031404e+00 4.14872639e+00 4.25720101e+00 4.52113678e+00
  5.05535736e+00 5.72157349e+00 6.84844575e+00 3.45197153e+00
  1.00744862e+00 1.16796140e+00 1.35309657e+00 1.39143780e+00
  2.67205288e+00 2.22022433e+00 5.15572315e+00]
 [1.10598100e+01 1.21999082e+01 1.38348506e+01 1.26518547e+01
  1.30024286e+01 1.06799257e+01 1.29010806e+01 1.17586195e+01
  1.25360845e+01 1.17736383e+01 5.50516323e+00 6.10127823e+00
  3.48408737e+00 3.69463922e+00 7.19467400e+00 6.06809398e+00
  4.29866616e+00 1.76558400e-30 3.65107560e+00 1.10223152e+01
  8.03690918e+00 7.97676394e+00 8.33527920e+00 7.39150113e+00
  8.18556202e+00 1.02393053e+01 1.09848691e+01 7.03723835e+00
  2.08579390e+00 2.01744787e+00 2.52882813e+00 2.30302435e+00
  3.00877717e+00 5.64716799e+00 2.58913663e+00]
 [5.94615536e+01 5.78075074e+01 3.65467623e+01 3.64464235e+01
  2.56977677e+01 2.07528862e+01 2.57465956e+01 2.10957401e+01
  2.93870006e+01 2.80895784e+01 1.62942870e+01 1.64681338e+01
  9.44070626e+00 6.30012833e+00 1.65112872e+01 1.39896811e+01
  1.82215687e+01 3.24387429e-29 1.11651737e+01 2.74931030e+01
  2.20059058e+01 1.62252093e+01 2.01403591e+01 1.55214965e+01
  3.10640866e+01 3.00526837e+01 5.51326581e+01 2.88413896e+01
  8.10592494e+00 7.08150501e+00 7.01920995e+00 5.35390002e+00
  3.49816052e+01 3.35437601e+01 7.88052364e+00]
 [2.86131609e+00 7.24744093e+00 6.74298448e+00 6.84734310e+00
  6.99011200e+00 4.41922400e+00 7.23415974e+00 5.55447177e+00
  6.99183044e+00 6.85269603e+00 2.05806573e+00 3.33729322e+00
  1.86276496e+00 9.01082299e-01 3.72604939e+00 2.41356582e+00
  3.94143351e+00 7.69214112e-29 2.12311924e+00 6.96547967e+00
  3.32983921e+00 2.75238419e+00 4.37888012e+00 2.83889619e+00
  2.60127271e+00 5.46689228e+00 5.76996041e+00 5.72742988e+00
  1.30080340e+00 1.30570604e+00 2.70678493e+00 7.53421669e-01
  1.52396476e+01 7.03926434e+00 9.57864457e+00]
 [3.43013488e+01 3.46279598e+01 3.79722711e+01 3.99326409e+01
  3.47318691e+01 3.67007521e+01 2.98651150e+01 3.51252803e+01
  2.57088774e+01 2.97898799e+01 2.19324214e+01 2.36117913e+01
  8.60415182e+00 1.00309933e+01 1.71105982e+01 1.55662622e+01
  2.47795217e+01 5.17447610e-29 1.14833023e+01 2.59449533e+01
  2.28429811e+01 2.55460051e+01 2.11359684e+01 2.20395565e+01
  2.73861660e+01 2.96607279e+01 3.49696208e+01 3.20981230e+01
  9.27319625e+00 9.13879539e+00 7.15786500e+00 5.88388967e+00
  1.78793858e+01 7.97271533e+00 2.65351267e+01]
 [8.13469162e+01 6.52418196e+01 1.59204549e+01 1.50470757e+01
  1.01098942e+01 8.71716415e+00 1.38310936e+01 1.22803811e+01
  1.42338141e+01 1.36484342e+01 5.80790834e+00 6.10918495e+00
  2.59470460e+00 2.36308780e+00 6.48470524e+00 5.38728874e+00
  5.49287193e+00 1.86101258e-29 3.47585134e+00 1.28014805e+01
  6.91254974e+00 6.43978855e+00 7.01294431e+00 5.91442046e+00
  2.42125862e+01 2.97248456e+01 6.77389496e+01 1.83534919e+01
  2.16276843e+00 1.74340932e+00 2.29815634e+00 1.57985112e+00
  6.63719760e+01 2.72880297e+01 1.54065710e+01]
 [3.18838337e+01 6.76526619e+01 1.64062677e+01 1.96318356e+01
  1.63646944e+01 1.15443605e+01 1.58012425e+01 1.51833226e+01
  1.58595594e+01 1.48905766e+01 6.57692567e+00 1.04434037e+01
  3.28331233e+00 3.30676558e+00 7.05446426e+00 6.50577499e+00
  6.30905056e+00 9.27966179e-29 3.67204227e+00 1.44489920e+01
  8.96368255e+00 1.02233564e+01 1.00271229e+01 9.96296079e+00
  1.33570739e+01 3.08455430e+01 4.07694863e+01 1.58089495e+01
  2.15770215e+00 2.14204761e+00 2.22023757e+00 1.92305038e+00
  2.89888157e+01 3.75322460e+01 2.42401167e+01]
 [1.16165154e+01 7.73096502e+00 1.10925032e+01 1.03091259e+01
  9.26374078e+00 8.07679209e+00 1.04223769e+01 9.49327680e+00
  1.16300733e+01 1.02089841e+01 3.14553950e+00 3.22595590e+00
  2.88382636e+00 2.74700924e+00 6.29727684e+00 4.55229663e+00
  2.01899213e+00 3.15795649e-30 3.08336215e+00 1.05303154e+01
  6.91314121e+00 5.85000380e+00 6.42284135e+00 5.52537088e+00
  6.32028848e+00 6.38990779e+00 6.81371594e+00 2.66459141e+00
  1.52742180e+00 1.13160924e+00 2.09907473e+00 1.52784409e+00
  4.27205116e+00 5.54537536e+00 3.20661393e+00]
 [9.09826474e+02 8.58094816e+02 5.59037068e+01 6.32414150e+01
  1.50816954e+01 1.65208702e+01 1.70564406e+01 1.95412625e+01
  1.87255541e+01 2.20328086e+01 2.83773790e+01 4.30690269e+01
  3.97749878e+00 5.75761828e+00 8.75065474e+00 1.00377521e+01
  3.03043614e+01 2.98733964e-29 7.37515648e+00 1.94477338e+01
  1.40324678e+01 1.60675421e+01 9.64888275e+00 1.18517577e+01
  1.57747131e+02 1.78134047e+02 5.22354380e+02 1.43184548e+02
  7.33276677e+00 6.53684097e+00 3.76538185e+00 4.10039756e+00
  7.44663593e+02 4.79903292e+02 9.86993230e+00]
 [2.79380724e+01 4.34291760e+01 1.37753459e+01 1.64171263e+01
  1.46262144e+01 1.29287893e+01 1.69803839e+01 1.50033335e+01
  1.61636027e+01 1.52082097e+01 6.49641184e+00 8.38908474e+00
  3.56676170e+00 2.93006432e+00 8.18227735e+00 7.34575503e+00
  7.41015588e+00 1.39217155e-29 5.09257390e+00 1.54224011e+01
  8.68642867e+00 8.71541431e+00 1.01050092e+01 8.57872846e+00
  1.11722582e+01 1.81567211e+01 2.82539689e+01 1.25673359e+01
  2.68831032e+00 2.95286697e+00 3.09433992e+00 2.35189037e+00
  1.28284763e+01 1.83011237e+01 2.05516681e+01]
 [3.82748691e+01 8.34678290e+01 1.08567682e+02 3.85887029e+01
  5.25847428e+01 2.72360456e+01 2.62290804e+01 4.05091330e+01
  2.10782054e+01 2.56741892e+01 9.01646665e+00 1.79056096e+01
  6.45233289e+00 6.29837005e+00 1.08513784e+01 1.07213116e+01
  1.15106255e+01 3.68867248e-28 7.80810030e+00 2.19301254e+01
  4.48715757e+01 2.16797260e+01 1.23837024e+01 1.57018783e+01
  2.86818331e+01 3.26059438e+01 4.38456377e+01 3.36064983e+01
  5.19963946e+00 5.13491582e+00 5.34045394e+00 4.12575380e+00
  1.54300220e+01 2.87713001e+01 1.27093262e+01]]