[[1.17783850e+01 1.79224428e+01 8.13806654e+00 7.50552665e+00
  8.32953672e+00 1.04365194e+01 1.33848361e+01 1.80494566e+01
  1.95113025e+01 1.36763387e+01 3.21649877e+00 3.43262150e+00
  2.57438678e+00 2.85286362e+00 7.08423596e+00 7.52070790e+00
  2.10065942e+00 4.87608421e-29 4.12223697e+00 1.45649230e+01
  5.66158577e+00 4.76997861e+00 6.76034522e+00 8.20977649e+00
  7.59370164e+00 1.03362798e+01 1.20662871e+01 3.66323915e+00
  1.07565973e+00 1.04393873e+00 1.95709170e+00 1.95113884e+00
  9.97536575e+00 6.59324613e+00 4.43813470e+00]
 [4.41881832e+01 6.02350631e+01 1.22062520e+01 1.51956838e+01
  6.03640558e+00 1.58289247e+01 4.94138558e+00 7.04136592e+00
  6.72283706e+00 7.35375065e+00 1.28952240e+01 2.91155003e+01
  1.49669913e+00 3.49184827e+00 2.66084214e+00 2.94953742e+00
  3.55435491e+00 1.40861640e-29 1.60335012e+00 6.80122319e+00
  7.37580217e+00 1.37895997e+01 2.85480789e+00 3.53494407e+00
  3.16881079e+01 3.34318603e+01 4.76765890e+01 1.94499910e+01
  1.77072081e+00 2.90891254e+00 9.84810462e-01 9.11012680e-01
  5.10712811e+01 5.90172067e+01 1.35596202e+00]
 [7.60756744e+01 6.99471872e+01 1.51295708e+01 1.40839400e+01
  2.17006925e+01 1.19985135e+01 1.08927020e+01 1.35431917e+01
  1.42957944e+01 1.35416154e+01 1.61252743e+01 6.43917694e+00
  3.57545424e+00 3.86774300e+00 7.55721370e+00 7.36854028e+00
  4.37851215e+00 6.53464046e-29 5.51787498e+00 1.29199967e+01
  6.60678923e+00 7.48635959e+00 6.91208736e+00 7.90913995e+00
  2.80478695e+01 3.72708262e+01 6.34503528e+01 1.85522557e+01
  2.25009309e+00 1.92192032e+00 3.47784095e+00 2.54776693e+00
  7.18499926e+01 4.29748110e+01 3.38888386e+01]
 [1.35204083e+02 7.91454191e+01 1.93168023e+01 1.65234496e+01
  2.54233179e+01 6.11333820e+01 1.84557711e+01 2.16918008e+01
  2.78542336e+01 2.62655049e+01 2.13174077e+01 2.25478834e+01
  3.29180826e+00 3.53985908e+00 8.53318595e+00 9.94870429e+00
  4.70585203e+00 1.70096211e-29 5.45587820e+00 2.27177075e+01
  8.70330716e+00 1.07647959e+01 1.01554313e+01 1.17723811e+01
  9.04695184e+01 2.02307180e+01 5.08316388e+01 3.34492786e+01
  4.04405739e+00 2.84370947e+00 2.48678073e+00 2.54692614e+00
  8.15754965e+01 3.38501749e+01 6.90451737e+00]
 [1.27923671e+02 1.73303577e+02 1.95922364e+01 1.44400113e+01
  4.99173888e+01 2.11902539e+01 1.52915216e+01 1.78042297e+01
  2.17381645e+01 1.57560137e+01 9.62273650e+00 9.41452281e+00
  5.61841994e+00 3.60618521e+00 9.35769574e+00 1.03680958e+01
  8.20606859e+00 2.67703190e-29 5.22008036e+00 1.73936080e+01
  1.00246479e+01 6.38428149e+00 1.56621900e+01 9.30562801e+00
  3.43112996e+01 3.44965310e+01 1.15739237e+02 2.66313107e+01
  2.99884824e+00 2.56735224e+00 3.16591661e+00 2.64578246e+00
  9.38728007e+01 1.58013416e+02 6.01141861e+00]
 [3.18246238e+01 5.79788645e+01 1.43073990e+01 2.61663867e+01
  9.52979389e+00 4.55687718e+00 6.08548516e+00 6.72589890e+00
  1.11595266e+01 7.75559714e+00 1.37876820e+01 6.91260773e+00
  3.21259796e+00 1.47062725e+00 3.95658180e+00 2.97721665e+00
  3.38288132e+00 7.41052817e-29 2.30847623e+00 8.57580141e+00
  1.14116962e+01 3.75571087e+00 6.12843920e+00 2.85236888e+00
  5.07995001e+01 2.01309785e+01 2.59931318e+01 9.59375961e+00
  1.57173014e+00 1.29758342e+00 1.58164780e+00 9.19394739e-01
  5.54578879e+01 4.41265298e+01 3.79259330e+00]
 [1.93283692e+01 2.15134723e+01 9.96387013e+00 1.31753509e+01
  1.32077250e+01 1.31039425e+01 1.77078935e+01 1.37046835e+01
  2.13757191e+01 1.93389914e+01 7.11002850e+00 8.75355076e+00
  5.63145262e+00 4.79037481e+00 1.09214276e+01 9.37874909e+00
  5.04315040e+00 1.78415664e-29 7.86576526e+00 1.94719467e+01
  8.80464236e+00 8.92481581e+00 1.07517355e+01 9.21273588e+00
  8.72140643e+00 1.28001270e+01 1.83149289e+01 8.04186145e+00
  4.62199069e+00 4.38778109e+00 4.74485094e+00 3.55193282e+00
  2.92326573e+01 2.81600945e+01 1.75446670e+01]
 [1.98823115e+01 3.89027994e+01 7.44531125e+00 8.20122945e+00
  7.45024791e+00 1.22755880e+01 1.10529595e+01 1.65566929e+01
  2.43846681e+01 2.16497660e+01 4.04949811e+00 5.24937669e+00
  3.11862194e+00 2.00828616e+00 6.49599270e+00 6.87908131e+00
  2.58198742e+00 1.44937805e-29 3.75459260e+00 1.97547604e+01
  3.96666707e+00 3.86507739e+00 5.24958377e+00 5.83967445e+00
  1.43083443e+01 1.67870811e+01 2.39018594e+01 6.65590830e+00
  1.20344248e+00 1.24439524e+00 2.35250759e+00 1.85711903e+00
  3.09042838e+01 1.89081317e+01 1.34975097e+01]
 [4.19223328e+01 3.82876284e+01 1.86568878e+01 9.94342987e+00
  3.13065024e+01 2.83239650e+01 7.35249764e+00 8.52170212e+00
  9.31962008e+00 1.11283501e+01 6.80572977e+00 5.21536675e+00
  2.97747238e+00 2.35041516e+00 4.50865442e+00 4.09729226e+00
  3.83322402e+00 6.09630193e-30 3.01325763e+00 9.95007444e+00
  5.62874255e+00 5.57677995e+00 4.79613400e+00 5.07503821e+00
  1.67725079e+01 1.12851220e+01 3.07555816e+01 9.68046934e+00
  1.83361749e+00 1.69726150e+00 2.03499817e+00 1.36772137e+00
  2.43929255e+01 4.05773333e+01 2.89341600e+00]
 [1.45877283e+01 9.01335990e+00 8.19889185e+00 3.56815709e+00
  4.14682808e+00 3.87706911e+00 7.07583101e+00 6.97460754e+00
  1.00672833e+01 8.24550418e+00 5.75339492e+00 4.37418244e+00
  1.53140412e+00 1.56733820e+00 3.74393611e+00 3.69642518e+00
  1.91418343e+00 9.99509810e-30 2.25398917e+00 8.34142786e+00
  3.59690443e+00 2.39547403e+00 3.47228790e+00 3.41768949e+00
  2.58730843e+01 5.20841004e+00 5.85705584e+00 4.74562123e+00
  1.16140876e+00 9.35215531e-01 1.21046102e+00 1.13758295e+00
  5.43530984e+00 6.37984308e+00 1.18432430e+01]
 [8.21915749e+00 4.94966065e+01 8.97368278e+00 1.18243812e+01
  8.26542399e+00 9.01660760e+00 1.17708942e+01 1.71193388e+01
  1.77350959e+01 1.55188119e+01 5.92826067e+00 1.60203532e+01
  4.23114749e+00 4.69272113e+00 7.90095611e+00 6.69288161e+00
  3.48187091e+00 2.34954432e-30 4.41126436e+00 1.45326445e+01
  6.47771589e+00 1.59872546e+01 7.43736932e+00 7.24892951e+00
  9.92008937e+00 4.68232268e+01 1.49723362e+01 7.82072159e+00
  1.93302319e+00 2.59685777e+00 3.04700339e+00 2.63798728e+00
  6.98752424e+00 3.28764240e+01 6.01626684e+00]
 [7.83998319e+01 6.37097644e+01 1.71393704e+01 1.85871252e+01
  3.26655691e+01 2.53547355e+01 1.55625107e+01 1.52705146e+01
  2.52789407e+01 2.49353350e+01 8.74381306e+00 9.74656615e+00
  6.68741650e+00 4.59238491e+00 1.07312444e+01 9.32686177e+00
  6.52446941e+00 2.43584771e-29 6.37927075e+00 2.19803918e+01
  1.10358234e+01 9.59830386e+00 1.13453305e+01 1.22732950e+01
  2.72341238e+01 2.53956368e+01 7.54247402e+01 1.68854475e+01
  3.43149742e+00 2.98912514e+00 4.06414440e+00 2.82567807e+00
  6.06204525e+01 5.12949898e+01 8.64571923e+00]
 [5.82159991e+00 1.04277517e+01 9.71362998e+00 1.12198009e+01
  1.02229345e+01 9.59638658e+00 1.50390255e+01 1.54855475e+01
  1.93766450e+01 1.81036478e+01 5.33137364e+00 6.34022390e+00
  4.05877538e+00 2.83612597e+00 8.93827311e+00 6.68555564e+00
  3.42757497e+00 1.51526972e-28 4.82508631e+00 1.66506532e+01
  6.57250228e+00 7.19161829e+00 8.59535264e+00 7.58490885e+00
  5.36675464e+00 7.53974487e+00 7.26736835e+00 4.69322721e+00
  2.11765037e+00 2.16308565e+00 3.58385780e+00 1.94516860e+00
  1.03576917e+01 1.13185905e+01 1.71176466e+01]
 [1.09667237e+01 1.05601184e+01 9.73465443e+00 1.07054418e+01
  1.13121324e+01 1.15752937e+01 1.58970918e+01 1.91675488e+01
  1.75757662e+01 2.54188696e+01 6.40800422e+00 6.83069868e+00
  4.79516968e+00 3.86583719e+00 9.81752079e+00 9.30063135e+00
  4.12148172e+00 2.06175663e-29 5.18179259e+00 1.67024112e+01
  7.52103305e+00 7.04499612e+00 9.68075338e+00 8.87641549e+00
  8.18168078e+00 9.71961019e+00 1.14447894e+01 5.83295838e+00
  2.74441899e+00 2.72638501e+00 3.36747535e+00 3.00178776e+00
  9.24043982e+00 4.89785631e+00 2.33555318e+01]
 [3.62505583e+01 3.56040885e+01 1.01889935e+01 8.66981757e+00
  1.75172476e+01 7.33589917e+00 1.57599929e+01 1.45428019e+01
  2.13605833e+01 1.78880715e+01 4.30478926e+00 4.80843198e+00
  3.60528932e+00 2.60767281e+00 9.03166825e+00 5.99383088e+00
  4.08352727e+00 2.00559040e-29 3.78445616e+00 1.73034715e+01
  5.30528571e+00 4.98268554e+00 8.45810546e+00 6.04330710e+00
  1.44020289e+01 1.77479761e+01 3.38344824e+01 1.05594750e+01
  1.93045764e+00 1.92203394e+00 3.41379158e+00 1.63006216e+00
  2.82721098e+01 1.24142660e+01 2.11289126e+01]
 [1.25237223e+01 2.68959959e+01 4.18704862e+00 5.77123041e+00
  5.25768723e+00 4.96808695e+00 6.68374826e+00 7.84403691e+00
  1.02616688e+01 9.60996758e+00 4.17007721e+00 4.51731228e+00
  1.33354537e+00 1.32945448e+00 3.15277805e+00 3.20665437e+00
  2.38982190e+00 3.20287945e-29 1.45202227e+00 8.24492783e+00
  3.89251672e+00 3.69880713e+00 4.24268789e+00 3.85394870e+00
  7.35244134e+00 1.68257341e+01 1.67390762e+01 8.71135585e+00
  9.83839216e-01 8.79669963e-01 9.22554534e-01 8.83918674e-01
  1.29073008e+01 1.92943558e+01 2.44935287e+01]
 [6.51736491e+00 7.44720822e+00 8.30182230e+00 1.01765664e+01
  1.09146841e+01 2.18505267e+01 8.86259232e+00 8.05515392e+00
  1.37118588e+01 1.23742498e+01 3.28401357e+00 2.77293220e+00
  4.37529472e+00 3.22415203e+00 4.12084966e+00 3.33135919e+00
  1.04059221e+00 5.74063558e-30 1.83980451e+00 1.36122919e+01
  7.97658492e+00 9.41951425e+00 5.59804651e+00 7.40672372e+00
  1.31109159e+01 6.46411043e+00 6.21863019e+00 1.84531768e+00
  1.03946623e+00 9.25275359e-01 1.36071987e+00 1.01623862e+00
  7.24097165e+00 9.17739628e+00 5.03613210e+00]
 [3.49042257e+02 3.61741486e+02 2.13448858e+01 3.73708918e+01
  1.06588701e+01 1.04278735e+01 1.29991721e+01 1.84536760e+01
  2.37518466e+01 3.00206323e+01 1.29518818e+01 2.41053610e+01
  3.88173263e+00 5.00010142e+00 1.05294611e+01 1.08923467e+01
  1.39356518e+01 2.12140498e-29 7.46102237e+00 2.44871957e+01
  7.46594997e+00 9.89885618e+00 8.65911391e+00 9.71522474e+00
  6.21763536e+01 8.47808285e+01 2.14254625e+02 5.96438604e+01
  4.07747461e+00 4.10032031e+00 5.04566542e+00 4.42447179e+00
  2.60357820e+02 1.53877235e+02 6.99680309e+00]
 [2.14854585e+01 4.43923521e+01 5.08399937e+00 6.84683294e+00
  6.95912709e+00 1.05541104e+01 1.00109026e+01 9.85930845e+00
  1.06539178e+01 1.24846287e+01 2.94230566e+00 4.25060370e+00
  1.72278724e+00 1.30275471e+00 4.08450303e+00 3.75923140e+00
  2.29299564e+00 9.78999953e-30 2.59055901e+00 1.00988881e+01
  3.41914861e+00 3.77759519e+00 4.35069512e+00 3.54374909e+00
  6.75165116e+00 1.15180943e+01 2.12268846e+01 5.73184425e+00
  9.75761410e-01 1.08703763e+00 1.64479700e+00 1.18196772e+00
  1.10373806e+01 1.58816916e+01 2.60632065e+01]
 [4.62368472e+01 9.03989252e+01 4.82087956e+01 2.55362578e+01
  3.51714607e+01 4.79565258e+01 3.08058092e+01 4.14863256e+01
  3.28545680e+01 4.12570055e+01 1.07210272e+01 1.68994108e+01
  1.10033214e+01 1.30319035e+01 1.63145354e+01 1.84893657e+01
  1.05088770e+01 2.89364875e-28 1.21751171e+01 3.31979457e+01
  2.51101854e+01 1.76750602e+01 1.69136733e+01 2.11803365e+01
  2.42902409e+01 3.31767426e+01 5.40963021e+01 2.42072482e+01
  8.41212575e+00 8.98609748e+00 1.00599310e+01 9.77515293e+00
  1.88252061e+01 2.30562345e+01 2.42118939e+01]]