[[3.44437991e+00 6.56570708e+00 2.55766860e+00 3.01683652e+00
  2.75827519e+00 2.60604824e+00 1.47513484e+00 1.81448264e+00
  1.63962009e+00 1.75236885e+00 8.76810648e-01 1.26599310e+00
  7.35860623e-01 5.72692873e-01 8.55256286e-01 8.14422403e-01
  6.10522048e-01 1.08172020e-29 5.15752163e-01 1.57582973e+00
  1.86251530e+00 1.60507715e+00 1.47806402e+00 1.21308426e+00
  2.15994939e+00 4.02424888e+00 4.18103991e+00 9.73601831e-01
  2.64385387e-01 3.42158029e-01 3.12458447e-01 2.44617453e-01
  4.32995104e+00 3.00543950e+00 1.56905011e+00]
 [4.12177712e+01 5.28316785e+01 7.39792428e+00 9.48193376e+00
  3.20358733e+00 1.12752754e+01 1.24366447e+00 2.49665459e+00
  1.73693019e+00 3.24413562e+00 9.12587812e+00 2.07464646e+01
  4.66047971e-01 1.86383242e+00 6.47611253e-01 8.23483021e-01
  2.28514738e+00 8.69210721e-30 4.99880055e-01 2.57602311e+00
  3.79159803e+00 8.19497606e+00 6.91743011e-01 1.04145278e+00
  2.28545390e+01 2.33088490e+01 4.21379089e+01 1.52133603e+01
  9.05686098e-01 1.49760860e+00 2.86682280e-01 3.10039497e-01
  5.41728079e+01 6.47869498e+01 8.70431334e-01]
 [1.79107243e+01 1.53421971e+01 3.92051317e+00 4.11219866e+00
  1.04714987e+01 4.25809194e+00 1.79427470e+00 2.47278407e+00
  2.30236336e+00 1.94687916e+00 2.90772925e+00 2.02141526e+00
  6.61850844e-01 6.88162271e-01 1.03939666e+00 1.06794125e+00
  1.02151707e+00 1.23270939e-29 7.06005973e-01 2.09604111e+00
  1.63954301e+00 2.40025923e+00 9.66400179e-01 1.30974278e+00
  6.36250705e+00 8.67567871e+00 1.39157628e+01 4.05815633e+00
  4.08056150e-01 3.21027471e-01 4.82760488e-01 3.94672720e-01
  1.56551928e+01 1.02595902e+01 4.59650679e+00]
 [8.67579419e+01 5.65197523e+01 6.65700435e+00 4.96617831e+00
  1.26702015e+01 3.42486092e+01 3.63430646e+00 3.19282785e+00
  5.66676501e+00 5.70074399e+00 1.04313815e+01 1.50670586e+01
  7.52013456e-01 6.92643734e-01 1.04039277e+00 1.23333116e+00
  1.79135095e+00 8.86355750e-30 7.59409669e-01 5.32699899e+00
  2.87710122e+00 2.83664931e+00 2.65828360e+00 2.92299083e+00
  5.05910548e+01 9.39827958e+00 3.45550637e+01 2.41412327e+01
  1.34178109e+00 7.99949827e-01 3.16220240e-01 3.61559050e-01
  5.59342869e+01 2.97946327e+01 3.64123010e+00]
 [5.29509472e+01 7.14761198e+01 7.74820447e+00 5.85323132e+00
  4.06948558e+01 1.30699631e+01 2.72085969e+00 2.58229980e+00
  7.02407618e+00 3.01766901e+00 3.76089565e+00 3.38898311e+00
  3.04043081e+00 7.17968737e-01 1.82762999e+00 1.35685454e+00
  2.97163504e+00 1.20367267e-29 8.97799649e-01 5.30814442e+00
  6.46198405e+00 1.98637916e+00 9.67554923e+00 2.61831062e+00
  1.40170543e+01 1.37726722e+01 4.69375892e+01 1.05128688e+01
  9.83918224e-01 8.00063486e-01 6.94120174e-01 4.08132265e-01
  4.15080457e+01 5.88856358e+01 2.87999003e+00]
 [3.19952015e+01 4.87647255e+01 1.37854354e+01 2.08628844e+01
  6.71089017e+00 1.92397610e+00 2.30060948e+00 1.26362967e+00
  4.13440032e+00 2.47647867e+00 1.29153603e+01 4.97469095e+00
  2.21698500e+00 4.47190632e-01 1.45561051e+00 7.73106999e-01
  2.22031056e+00 4.40138766e-29 6.38145241e-01 3.20880557e+00
  1.09114685e+01 1.83707489e+00 4.90221013e+00 6.89136255e-01
  4.73219549e+01 1.47972085e+01 1.98247353e+01 7.13295730e+00
  8.61125908e-01 5.85893426e-01 5.09700170e-01 2.70144644e-01
  7.30299306e+01 4.82103943e+01 2.63323868e+00]
 [6.79865479e+00 7.34726513e+00 2.86678635e+00 3.64170410e+00
  4.04944790e+00 4.86480182e+00 4.64570145e+00 2.00548485e+00
  5.18449045e+00 3.51995104e+00 1.21525690e+00 1.62361555e+00
  1.39604691e+00 1.03768466e+00 1.54745908e+00 1.16825744e+00
  9.39639233e-01 3.35832870e-30 9.99307278e-01 4.22783987e+00
  2.16604813e+00 1.87241755e+00 2.06492710e+00 1.53870057e+00
  2.40367231e+00 3.63712116e+00 6.19849785e+00 2.09597033e+00
  6.14549487e-01 5.86544284e-01 6.65508628e-01 5.03696949e-01
  1.44044412e+01 1.20496493e+01 1.07991396e+01]
 [1.15077184e+01 2.32006873e+01 3.97420178e+00 3.77931532e+00
  3.85470688e+00 8.94332286e+00 4.70807396e+00 4.08604711e+00
  1.67719247e+01 1.57934151e+01 2.12705953e+00 2.75010250e+00
  7.39127326e-01 5.89373724e-01 1.50609588e+00 1.54656713e+00
  1.02419740e+00 7.87166027e-30 9.39155987e-01 1.34627162e+01
  1.71777760e+00 1.61784124e+00 1.52995238e+00 1.95309018e+00
  8.06261733e+00 9.53289410e+00 1.41570671e+01 3.18210683e+00
  3.84096209e-01 3.98941091e-01 4.50396388e-01 4.30274351e-01
  1.84287655e+01 1.14546506e+01 7.94452097e+00]
 [2.45931045e+01 2.29389384e+01 1.06498129e+01 3.20071530e+00
  1.84174399e+01 1.51654174e+01 1.18408326e+00 1.58030670e+00
  1.45178977e+00 1.91964118e+00 2.40126253e+00 1.63310841e+00
  4.45854930e-01 5.82807289e-01 5.42806681e-01 4.79818806e-01
  1.38743380e+00 1.80025421e-30 3.57457515e-01 1.61805175e+00
  1.56058492e+00 1.34912993e+00 6.84729162e-01 1.30510208e+00
  9.40506971e+00 5.37378648e+00 1.80026953e+01 5.17482658e+00
  4.14066191e-01 3.87367865e-01 2.67532103e-01 1.95773486e-01
  1.65265763e+01 3.00647177e+01 1.22940999e+00]
 [8.27138333e+00 4.75396247e+00 3.73366822e+00 1.23066740e+00
  1.74880712e+00 1.15576347e+00 2.00331746e+00 1.41049630e+00
  3.18200905e+00 1.64076783e+00 2.93951505e+00 1.07889653e+00
  4.87594636e-01 4.19923246e-01 7.60693575e-01 5.96195031e-01
  8.17975945e-01 2.74307632e-30 5.14819568e-01 2.15259245e+00
  1.52221769e+00 7.38352049e-01 9.76994864e-01 8.32528702e-01
  1.53047077e+01 2.28129198e+00 2.49471947e+00 2.59386719e+00
  3.88061164e-01 2.95029383e-01 2.56112185e-01 2.44255005e-01
  2.93937664e+00 3.88819552e+00 6.33400808e+00]
 [2.50135032e+00 2.39754570e+01 2.44070957e+00 4.07869363e+00
  1.52102451e+00 2.47271366e+00 2.17741808e+00 8.02038606e+00
  3.43623950e+00 4.59508424e+00 1.77559985e+00 7.55332726e+00
  6.21281825e-01 8.93827745e-01 1.03380835e+00 1.13043077e+00
  8.14594260e-01 1.05768261e-30 5.57515896e-01 3.20264439e+00
  1.70080969e+00 6.64253180e+00 1.05490336e+00 1.43179342e+00
  4.74711119e+00 2.61876205e+01 6.26358183e+00 3.44827101e+00
  3.60965535e-01 7.37368844e-01 3.96983209e-01 4.11928820e-01
  3.90525531e+00 1.96523544e+01 2.42526578e+00]
 [4.17409175e+01 3.37549066e+01 6.79759205e+00 8.20931256e+00
  2.01252431e+01 1.42215805e+01 3.09330110e+00 2.99089556e+00
  3.73868014e+00 3.97112812e+00 3.18740119e+00 3.69873458e+00
  1.45784394e+00 1.84628738e+00 1.65114120e+00 1.53430756e+00
  2.36095657e+00 8.13881808e-30 9.98838527e-01 3.56793903e+00
  4.77416986e+00 4.43916408e+00 3.31233696e+00 6.31340963e+00
  1.24303934e+01 1.24075752e+01 4.07981482e+01 7.08967105e+00
  8.69742827e-01 8.66384249e-01 6.59606690e-01 5.27609170e-01
  2.60420176e+01 2.79214637e+01 3.66382083e+00]
 [1.79767576e+00 2.92952513e+00 2.53901258e+00 2.94568557e+00
  2.83567965e+00 2.95674685e+00 3.62046832e+00 4.53906824e+00
  6.02676836e+00 6.24416235e+00 1.44604717e+00 1.87030362e+00
  1.10570423e+00 7.48808810e-01 2.31462589e+00 1.93021398e+00
  8.60680273e-01 4.95667294e-29 1.47218176e+00 5.84920370e+00
  1.82744501e+00 1.95966458e+00 2.29722062e+00 2.23139406e+00
  1.61987064e+00 2.14724905e+00 2.35100201e+00 1.30446874e+00
  5.62304385e-01 6.30843514e-01 1.03018924e+00 5.83922496e-01
  3.82479034e+00 4.14859505e+00 5.90181279e+00]
 [3.08970963e+00 2.70772632e+00 1.95384801e+00 2.72492299e+00
  1.75216032e+00 2.46958248e+00 1.63060164e+00 1.64010390e+00
  3.16306771e+00 3.77018360e+00 1.02573332e+00 2.11314147e+00
  5.74310558e-01 6.95210546e-01 1.06078413e+00 9.75785146e-01
  8.79441393e-01 4.22459977e-30 7.02150454e-01 2.83706457e+00
  1.40464427e+00 1.46356185e+00 9.99645541e-01 1.21927143e+00
  2.02906678e+00 2.84479379e+00 3.40228004e+00 1.36661157e+00
  5.13208934e-01 6.34658813e-01 3.99388771e-01 3.66840955e-01
  3.97519341e+00 2.45416531e+00 8.85986782e+00]
 [1.25049354e+01 1.18053330e+01 3.25162052e+00 2.51800853e+00
  9.71096473e+00 1.81865586e+00 2.08895254e+00 2.28061235e+00
  4.50292528e+00 2.23079285e+00 9.26500669e-01 1.11521247e+00
  4.59390495e-01 4.28046401e-01 1.05906844e+00 7.00625284e-01
  8.81795870e-01 4.68527577e-30 4.72104521e-01 2.99871905e+00
  1.30100684e+00 1.04394731e+00 1.19349919e+00 1.00105049e+00
  4.82090620e+00 5.79286695e+00 1.15005786e+01 3.02142016e+00
  3.41981176e-01 3.51463332e-01 3.83506545e-01 2.20669886e-01
  8.93935440e+00 4.44169442e+00 7.05768251e+00]
 [5.39548221e+00 1.25845879e+01 2.03164839e+00 2.47194339e+00
  2.43830886e+00 2.21656786e+00 1.91385326e+00 1.13256108e+00
  9.84960134e-01 1.12487057e+00 2.15086993e+00 2.30956442e+00
  4.30402211e-01 3.96814272e-01 5.72419300e-01 5.73708450e-01
  1.11441339e+00 6.85868386e-30 3.00148172e-01 9.97103824e-01
  1.57162406e+00 1.63040536e+00 1.36197938e+00 8.06849102e-01
  3.89495546e+00 8.76354214e+00 7.63647461e+00 4.36201730e+00
  3.68437368e-01 3.53592498e-01 2.39074546e-01 2.27404086e-01
  6.07819305e+00 9.20503785e+00 9.09468999e+00]
 [3.95807643e+00 4.66282568e+00 7.28915092e+00 9.49971358e+00
  8.93208951e+00 1.16506559e+01 4.36244632e+00 3.65762503e+00
  7.07994199e+00 6.16204866e+00 2.45354840e+00 2.02440811e+00
  3.85340640e+00 2.65312975e+00 1.57922938e+00 1.27059072e+00
  4.52311568e-01 4.26544936e-30 6.45663512e-01 7.31276981e+00
  8.24208846e+00 1.03201643e+01 3.02905192e+00 4.57270673e+00
  7.58483521e+00 4.10067432e+00 3.55995953e+00 1.00339416e+00
  6.99755711e-01 5.68850240e-01 5.36796318e-01 4.06075937e-01
  5.89635673e+00 1.16090945e+01 3.32755936e+00]
 [1.11880638e+02 1.14036703e+02 5.87660488e+00 1.03624034e+01
  3.26832798e+00 3.33601230e+00 2.44090547e+00 3.52209744e+00
  3.91710599e+00 6.89584659e+00 3.52800209e+00 7.38055174e+00
  7.03668265e-01 1.15476557e+00 1.39817909e+00 1.90040403e+00
  4.00231161e+00 4.79503351e-30 1.10504274e+00 5.59285669e+00
  1.77211763e+00 2.57009345e+00 1.45057720e+00 2.04177510e+00
  1.89658139e+01 2.63287134e+01 6.76356377e+01 1.84056402e+01
  9.89369100e-01 1.12520005e+00 6.57817026e-01 7.68420732e-01
  9.09146712e+01 5.48865271e+01 2.18448312e+00]
 [9.72737970e+00 2.17681227e+01 1.27965432e+00 1.71983381e+00
  2.78507126e+00 4.84127745e+00 2.56297910e+00 2.88933987e+00
  2.31712148e+00 4.02051493e+00 7.81356074e-01 1.30756071e+00
  2.96370889e-01 3.07116157e-01 5.50063727e-01 8.38155609e-01
  5.98385634e-01 3.09266168e-30 3.73167824e-01 3.00519746e+00
  7.49063257e-01 9.06407429e-01 7.01449796e-01 8.01850600e-01
  2.68264537e+00 3.93039297e+00 9.33370236e+00 1.97608013e+00
  2.13782703e-01 2.32357373e-01 2.02133822e-01 1.83351477e-01
  5.08094099e+00 7.65451234e+00 1.12424353e+01]
 [1.72812870e+01 3.55419900e+01 1.79088553e+01 1.01966527e+01
  1.39753654e+01 2.78752234e+01 1.03991077e+01 1.26862226e+01
  1.05801306e+01 1.16140059e+01 5.75800265e+00 7.90043463e+00
  5.99793495e+00 6.37217321e+00 7.03694191e+00 6.81421686e+00
  5.69998095e+00 1.12919444e-28 6.21909172e+00 1.07603423e+01
  1.09142147e+01 7.78398594e+00 7.38269220e+00 8.10120176e+00
  9.88064530e+00 1.32814464e+01 2.12085741e+01 1.02159670e+01
  5.29357319e+00 5.37633622e+00 5.83054625e+00 5.69608340e+00
  8.43308684e+00 1.02148069e+01 8.71233307e+00]]