[[ 3.07614325  1.83586692  4.37306984  3.25622188  9.43354741  2.02347283
  10.08626206  9.63060653  7.55302527  8.23335538  4.1120793   5.4082034
   6.38452242  9.60857273 10.51440766 10.56008684  5.76011632  4.23348397
  11.41636685  7.47075834  1.76673234  6.32749806  9.38392257  9.211335
   1.5286344   1.53249615  2.95638901  6.92095389 15.619156   10.5576934
  14.22009491 12.5063805   0.98401022  1.09579408  5.95355859]
 [11.90573149 10.22134242 15.26693104 14.88936684 22.58828807 18.72050907
  25.19396117 21.33810572 15.61098861 16.31749813 14.95458644 11.34823905
  22.97991055 22.13636283 26.07718163 26.17236099 21.45202695 16.96461067
  23.88348008 15.38512954 19.4607795  16.42382053 26.82091722 26.67641829
  10.63901989 12.34232958 11.34146796 14.23314091 19.36884581 18.0341823
  27.02053889 30.35137991  4.87511845  3.97215397 13.20579686]
 [14.59904479 14.52540275  8.03969177  8.94307199 10.05261391 14.57099822
  14.4029849   8.76769029  9.74335352 11.8142218  10.16311184 14.88390385
  12.6810791  13.47991463 14.42034742 13.84090839 13.14199348  9.11699067
  13.77822812 11.29196398 11.67984153 14.49847774 14.86828243 15.27349217
  10.33082057 14.15307638 15.20512193  4.53710367 13.6585785  13.26015767
  13.29409106 14.17353674  8.42832015  9.68369021 13.84367132]
 [ 5.76309551  8.39615367 10.01271495  9.95093493 11.12159593  7.49543154
  10.6545849   9.52451125  8.57408153  8.58123286  8.4191046   8.74364898
  14.22471358 12.50329705 10.75209382  9.34761388 14.73311404  9.76447524
  10.42354967  9.37031024 12.81784428 12.49479527 13.38483906 11.10290015
   5.35781558 10.86457408  8.11079981  6.97875836 12.03790953 13.98984476
  11.76733989 12.4381477   3.48839311  3.36821522  7.29107076]
 [ 8.77955603  9.06452779  9.10999289 11.16244312  7.94929757 11.16007017
  16.70771157 13.06412159 14.18596277 12.60639641  9.13336617  9.78355169
  11.96650676 13.63792018 14.15027549 10.88428455  9.32521005 13.59845455
  11.15508853 13.40680241 11.16446253 13.40607181 12.75432383 12.83646279
   8.62495557  9.27654189  8.86401912  8.99924115 10.36573091 10.42417225
  12.82766359 10.50237194  9.20568794  9.64481577  7.59410209]
 [ 6.00612907  5.05883889  6.91856399  5.52461452  9.49435636 15.40692899
  14.53924142 15.7584672  12.00874764 13.5438464   7.7427882   6.27211565
  14.42459113 13.94376864 13.93342842 14.00255826  7.51946014 12.27233902
  11.99609983 13.01991529 10.16976072  9.44136243 14.09133132 19.28858251
   3.46402904  4.93375547  5.65966803  5.50424213 14.15537514  9.63589759
  13.69286269 11.68458339  3.29769728  6.43489324  9.00174723]
 [ 5.67594997  5.50310526 14.99973987  5.45320547 14.41298236 12.36329377
  13.12900548 13.35898956  9.43625959  8.86186708 10.93843227  6.83898521
  14.63010172 11.807952   12.25619773 12.26966972 10.50767849 11.36255542
  12.43992155  9.54944206  3.37935529  8.81385851 13.77072215 13.92747821
   7.59429474  5.51743893  5.39691261  6.35266751 11.04068406 10.04108518
  13.70305033 12.79526142  5.18254055  6.17970713 10.26163488]
 [21.27932449 15.55251899 17.76801605 17.55227772 20.49278933 16.41480089
  23.40016126 16.16705031 16.24698127 14.80586605 25.65929806 24.45000986
  14.94108012 19.51922339 21.81877658 16.80660904 52.08575982 27.79043888
  19.28187803 15.3508506  21.33800207 20.64075707 23.85806383 19.83766517
  21.56628997 17.98743274 21.50168822 40.95112643 33.86151791 25.75679048
  18.22197167 17.70082944 11.94332547  9.48796022 10.37452781]
 [13.27116788 13.39534991 16.84559417 16.53137483 11.30540842 10.1826416
  17.3064278  12.57207503 11.55125203 10.57139615 15.91133057 14.66830877
  18.18101609 15.97560251 17.58182488 13.84483168 13.8726978  14.28306706
  16.00422726 11.0938179  17.82914105 14.76049666 17.80875215 15.92531049
  13.63823534 14.97787552 12.47150013 12.76889138 15.48146724 15.16587496
  20.55029469 14.76772607 11.06216112 12.25943665 12.22081539]
 [ 3.55302969  3.84561707  5.10027092  0.64810464  2.50494712  2.77899924
   5.70848691  1.26562235  3.49615759  1.95511688  4.12271864  0.48254373
   5.55777167  5.05443153  5.78355119  4.74781623  4.39079198  5.54248301
   2.44226988  1.45061357  1.13410134  0.56496156  1.48020461  1.13465226
   3.07414724  0.28738519  5.71121995  2.33161788  7.9385934   1.13444265
   8.12042594  8.15007149  0.51907034  0.76538824  3.05110579]
 [11.02404149  5.7333459   2.51224072  2.42680046 10.04121637 13.09309683
  10.86626849 10.66665453  8.84416112  9.80136933  7.15993552  4.72613179
  14.79559821 14.44400638 13.2472909  12.8990386   9.31281235  9.87238144
  13.17460838  9.54506291 11.84412491  9.95417352 14.1344757  14.23683673
   3.77626908  3.51389589  5.89518893  5.88869725 11.45331933 11.65513805
  15.93078891 12.62324111  0.83693096  2.35434375  7.74718742]
 [13.36114924 14.04037937 10.73428109  7.52531588 13.82289312 12.11968795
  18.18597541 16.06086369 12.89953428 12.45572239 19.7914214  15.7196679
  23.8999866  18.29442412 21.22624546 20.42384027 25.99057768  9.03090603
  23.93402499 14.52080731 15.68431484 11.94870123 21.70522629 13.96677423
  16.29485198 15.16678862 13.59405781 20.5332024  28.25316086 24.0064067
  28.79348007 24.45409851  5.87419388  7.03837262 14.07575066]
 [12.4622823  15.80085958 12.90300124 13.41441243 15.08191878 13.32149128
  10.49593944  9.6018658   7.9365963   8.79669114 11.5681247  16.3034505
  11.7479251  10.17595657 10.45181067  9.94593773 29.81912721 11.66987354
  11.48959269  9.9444306  12.87515761 11.75951854 12.74529854 11.06435607
  11.4930381  18.00631725 16.18932829 28.39208579 13.83161124 18.01766232
  10.01444525 11.55348701  9.29696132 12.44164773  6.84397444]
 [24.95478387 24.24413092 25.61309512 23.79494477 26.38073994 29.53589861
  20.62947004 23.6707933  17.95208518 17.96538274 30.4565273  27.7915775
  27.08944731 28.68560293 20.78540767 20.06959265 39.53262387 25.62730244
  21.88773988 20.19570079 25.64299264 27.73720375 25.42740315 27.4674926
  26.2651007  25.80991926 26.28076078 35.98929771 30.16367497 32.77499037
  25.47107523 19.30995285 12.49773813 14.40065247 16.92475124]
 [ 8.7405748  10.53374512 10.01723147 12.18766341 11.59301203 11.43724924
  12.24072164  9.41647318  8.73816262  8.1585062  11.25270862 13.96610799
  12.95047971 11.96136767 10.90609569  8.93238488 11.32748072  8.68212354
   9.05068477  8.81392629 12.5358072  13.06432359 12.98230603 10.95129967
   8.98587809 11.97563854  9.40392352 10.36977178 11.41325899 12.0772036
  10.51024479  9.71298645  7.67783164  4.80772358  9.73412354]
 [19.81015301 19.13016816 24.82987153 20.18053972 22.99634505 21.57759514
  17.93744446 14.76683018 10.73547585 12.74493973 18.11319902 18.43281932
  23.02731153 23.51847034 17.9909715  19.87889387 21.29176843 17.57775928
  18.44419217 13.13963364 19.43395659 14.16689725 21.98576382 15.04692546
  19.34313266 18.43278069 18.38334828 18.43797069 20.76365006 19.93906993
  20.2939474  21.71954786 19.13730955 16.16142168  8.23389651]
 [ 9.00307437  8.2324171  13.70843893 15.10540537 16.34821932 11.63714282
  14.7063779  11.58095554  8.79275212  9.19422348 14.71311275 13.55202582
  12.1740236  12.87840834 14.5196607  13.16888598 12.00664207  8.27349079
  13.43709923  8.94676897 14.43300944 10.88511617 16.37689329 13.48166883
  12.65807935 10.82895498  6.62512892 13.48052902 13.82411215 11.76303689
  14.90352203 12.60624024  7.33997306  3.86922309  9.15110946]
 [17.44322575 16.90983128 14.44947792 13.18069312 16.87342048 15.80049488
  19.29720613 14.7294464  12.91324994 12.40845858 16.68234522 16.73485231
  14.12956224 13.6001508  14.38755599 13.18612729 17.73701123 18.23397093
  14.31546215 12.93765042 15.1072681  15.59718661 17.63784095 15.67187947
  16.92728355 17.05268583 17.11997391 17.64213708 16.95008278 17.60760401
  13.13640555 12.93740247 17.27204533 15.73873951 13.45115931]
 [ 9.43840666  8.66715877 20.9994412  18.05913416 21.83744749 19.02146355
  20.73860185 20.01210509 17.25875787 16.00119583 18.90183086 15.45613348
  24.52251014 25.81935434 21.74185051 21.56772964 22.00072254 16.39121475
  20.03239455 16.89031563 23.62891551 22.3607015  23.64255654 22.09840622
  12.41223563 11.37961402  9.34974811 14.38671049 24.31949521 23.66188015
  22.76157226 22.25855203  9.02490413  8.04840178  8.28167747]
 [ 4.74749491  5.35153042  1.77397898  1.89076417  1.63754154  1.81458773
   4.65364745  3.11476398  5.88466774  5.1603541   8.5528143   5.02416298
   7.15217737  7.44015866  9.16676654  8.57784299  9.70030205  2.3811299
   9.2841371   4.38545031  2.04240529  2.75233187  7.65614887  4.44753702
   3.25894324  3.96012378  6.63165128  2.38755234 12.9645737  12.96698824
  11.36987699 10.82140009  4.44744488  2.85380745  6.88292209]]