[[ 1.73161143  1.01904659  1.94230148  1.61299498  4.85413267  0.92735161
   4.02441702  3.30042681  3.79358072  3.69079821  1.95682921  3.00655053
   3.3076846   8.52799391  5.45806012  5.76333494  2.12299492  1.64751803
   6.75986219  3.62735111  0.77083997  3.4698955   4.35448493  4.70037968
   0.72739901  0.78158046  1.64518287  2.91649855  5.79643736  5.89538178
   7.51460809  9.10927     0.59424019  0.55066372  4.62287327]
 [14.54489244 17.69424311  7.05862474  9.87768831  6.44009779 15.47631158
   6.08833829  6.90744998  5.37766315  6.13867114 16.53162666 27.8255813
   6.12765027 11.82205984  6.22916462  6.20144008  7.83777948 14.60920411
   5.33927498  5.70056728  9.33786753 15.62274065  5.50520372  6.60725074
  15.65206968 19.62004132 15.53179319 14.41382548  7.66944813 13.4042774
   6.18070648  5.76114383 30.91872691 18.67085188 10.96521837]
 [18.05198969 18.1930728   7.04783585  7.49987447 24.9567986  18.10125973
  16.81373597  7.3570104  13.10172697 14.0041276  13.74706442 18.19298252
  21.23003648 22.94562524 21.53027521 19.98388945 17.81899096  8.22473702
  20.7711028  13.89171009 12.28939202 16.53514811 18.56034612 19.94546002
  11.74125783 15.55609965 18.51325914  5.74902375 21.58269117 17.78707443
  26.55710957 21.73025087 11.25824452 11.01444841 24.22597057]
 [31.88100013 25.89132873 11.35943147  9.21985483 20.53165754 30.33643764
  12.95390151 10.71488322 12.28702841 11.81457596 29.41374677 24.73392715
  17.27796434 14.21526765 12.92132664 12.34474013 13.43940275 14.12416558
  12.07552816 12.31338499 13.56991506 12.85616044 15.14504176 13.95517873
  36.34652759 17.55824537 23.50630584 26.28741219 19.84675779 14.05251324
  12.28163126 15.28114796 14.21063888  6.63032561 19.0583624 ]
 [ 2.37086802  2.30374013  4.13190905  3.39079227 32.98789382 21.54590022
  13.6522246  11.1162442  14.00254927 10.91803521  4.11141576  3.59570635
  23.05095534 18.35801537 14.85085635 12.92138787  3.20947626 15.71793622
  11.79204206 12.58133646 10.7137771   9.11090772 23.2347802  14.6522809
   2.7339498   2.49582571  2.39606703  2.62613565  6.34163961  5.75189318
  18.21521595 13.4475668   2.41493817  2.22566092 11.75279312]
 [ 7.32656971  7.65744789  7.90932735  9.76449626  7.32364348  8.87237564
   7.56715752 10.40473958 10.14380251  9.39251227 23.00787983  8.05345266
  14.10360564  9.9889367   8.53284639  8.29298641  6.12336023  8.3461913
   7.21405969  9.60135384 14.64603314  6.06539612 11.05274947 10.33564984
  14.84213305  7.46716791  5.26766609  6.40324887 10.88462008  7.33333906
   8.88286672  7.26732823  4.55203034 26.82040824 14.18362186]
 [ 3.06414022  2.6591275   8.41654719  2.44728811 10.42509077 12.52458952
  11.90581073 12.20143976 10.80989251  9.25419735 13.54853406  5.68730624
  16.01748614 11.5754169  12.50892686 12.99960799  6.34715575  9.54382181
  12.38061073 10.92358321  2.46848324  7.31380374 11.60368076 13.02402718
   5.78953994  2.81503771  2.86201353  4.00434989 16.03732515 11.35267248
  16.01484294 14.24424656  2.18570626  4.05766279 12.36978727]
 [ 6.8479515   9.56104001  6.05754698  5.59264117  9.68944226 14.39660681
  12.07278829 11.76929449 17.48244478 15.67601142  6.47906679  8.12310151
   9.91004886  7.92369682 11.69868712  9.89303703  3.1749637  10.6611051
   8.57570455 15.26531578  7.96435802  7.02679928 10.30396054 10.45120821
   7.40812822  8.85141839  7.02836583  3.72278782  4.44709889  5.41634998
   9.93233737  7.22763188  9.04720039  8.9010987  12.30729191]
 [12.00092767 13.28505912 16.4083104  11.19564513 28.76444281 31.22069225
   7.46191889  7.37202411  6.76352841  7.79386276 14.09185815 11.74720924
  14.45687177 15.57981475  9.7494246  10.05953908 10.82186926  8.74315453
  10.05974112  7.44282765 10.89109543 12.51020312  9.58339749 12.46860844
  14.97195048 13.14401417 12.34313989 12.02512889 12.16219863 13.39970005
  14.47098794 11.3147068  15.50589831 12.10571123  9.07551695]
 [ 6.26455802  5.87311177  5.78588602  0.44006368  1.98891247  2.13933581
   6.21179348  1.14705159  4.41253234  1.97881558  9.00754317  0.25236695
   5.2049688   4.08788946  5.57293301  4.08753509  4.47787049  4.00657596
   2.07649421  1.49489562  1.02485736  0.32620872  1.20729478  0.85772435
  15.73334289  0.26160984  4.88445633  3.20540747  9.15178377  0.90837625
   7.26441801  6.66316696  1.0558579   2.19935292  7.00871365]
 [ 8.19257593 23.26092631  1.62951173  2.26807963  6.38303142 11.05394547
   9.91433976 15.52955028 12.51204438 12.91916762  7.71020992 12.40958007
  17.96807931 18.34595745 14.54774239 14.22715905  7.54327253 13.13763474
  15.91768747 12.58492464  9.54631618 19.9504345  12.61185299 13.96222825
   4.57646361 16.06866276  8.03512083  6.54430892 10.61443884 15.00248722
  19.19512335 14.45922592  1.94367182 13.70641062 18.00181045]
 [17.61662439 15.47392894  5.03406616  3.83779737 17.57089077 14.80716846
  10.9924994  11.62593269 11.09628597 11.05704066 10.62043947  9.30359108
  16.92978898 13.33544855 13.79565542 13.61648875  9.30626399  6.78137001
  13.67480968 11.60920374  7.86558527  7.06846137 12.22684086 11.04393121
  14.28582215 12.81650116 18.59747585 12.02134556 11.96046711 10.13317842
  16.67151455 12.90636914 10.17952977 10.76305253 15.44250022]
 [25.35561235 22.73456827 18.58746376 21.9803556  22.05708123 28.92774387
  21.81990811 26.769449   21.99489966 23.23934951 29.96697057 30.97346248
  25.59753384 32.02847806 25.0724369  27.55015819 25.93150277 22.9884057
  26.11171121 23.77169595 25.4132399  30.72607701 25.01788869 29.56153609
  23.7115914  24.83367721 20.39074857 23.26532364 22.51725099 29.84879123
  13.25940135 29.82855569  6.31871953 20.00520361 12.23061725]
 [ 7.97846815  7.39347322  6.56622905  6.37912724  8.5921786   9.31552303
  10.98099168 12.91693853 12.27286772 15.3293576   8.8984956   8.03987675
  15.09718786 11.05512358 11.92601039 11.99131049  6.57530798 10.21113243
   9.87675191 13.00125284  8.44293457  7.64927791 11.64632794 11.06251285
   7.84675991  8.45772749  8.60111625  6.54007325  8.92699347  9.77779221
  11.9830729   9.851371    6.45909196  8.84671329 14.89672801]
 [ 3.89505504  5.74852749  6.41096673  7.02228264 20.08702157  9.62497731
  13.94782593 11.15127476 13.11329833 10.69279743  8.34044486 10.99247786
  17.9944284  13.19939671 15.1896246   9.93806102  8.42110959  9.3566179
   9.85425337 11.91358472  9.62105755 10.10831576 15.65757669 11.18994964
   5.34494231  7.15035997  4.69710391  5.9661315  10.18731951 13.31459858
  15.61242141 10.02168587  3.2704842   2.18719931 13.3495925 ]
 [ 7.78127426  7.60539069  6.33683914  5.93253462  7.38831945  9.28586463
   7.58733773  7.62886779  6.94621422  8.22523269 11.48461184  7.97314776
   9.35273938  9.45538321  8.04051703  9.7981781   8.06516511  6.06697154
   7.29331957  7.49777778  8.43927712  5.12557895  9.30264194  5.8205668
  10.64748528 10.05477729  7.54780834 10.1600504   9.46752229  8.18833385
   8.43255399  9.98326104  8.52090729  8.30816838  8.31997562]
 [ 5.05111207  7.93025504 10.25963407 14.91117309 19.26172736 31.48251153
  12.5054614   9.8265732  10.36665659 11.14426436 15.36081868 11.64890343
  18.47023175 15.11532829  9.50146237  9.63695753  6.18824515 15.03981949
   8.01775288 11.56527854 16.65322925 17.52691288 14.27384008 18.07208937
  26.25813904 10.95470594  6.04651369  9.33571222  9.40781244  9.61820371
   9.66117034  8.38498391 12.44098793  6.4034247  14.37223099]
 [ 6.69185066  7.12856829  5.51703052  7.78879245 11.92515782  9.97317702
  14.70691983 13.90966582 16.37941022 16.90704894  7.61408455  9.36635178
  13.78936507 11.81080961 17.31221445 14.30876837  8.15647651 12.94852323
  14.48213113 16.29016427  8.03779557  9.60908058 15.828576   12.84668786
   6.67192335  8.11602752  7.02211702  7.34887371  9.42530075 11.04460345
  17.6029709  13.9599079   6.03885045  5.04650366  9.53553786]
 [ 7.25849985  8.85937977  7.75016083  7.53163938 10.3902191  15.52772046
  12.22658594 13.15077857 11.37576764 13.13560185  8.5608741   7.83135469
  11.8446566  11.47970891 10.85329311 11.03740682  6.80789469 11.52659558
  10.19034801 11.06010714  9.30080435  9.69198655 10.1792639   9.12853312
   7.5009979   7.21889524  7.02435913  6.56164398  8.82711523  8.71063761
  12.09891824 11.186274    7.76485843  6.98439273 10.50265453]
 [ 5.73507375  5.79591687  0.78772419  1.25122219  1.0952745   3.19507923
   5.46566532  3.18990072  9.172423    8.29240432 10.16972152  4.74183208
  12.19678334 15.39436852 13.78180095 14.79286135  8.8561026   1.8679223
  14.47669119  6.63871906  1.14293235  2.24392281 10.45677595  5.99930332
   2.75995317  4.0294496   8.18206393  1.71978858 20.97445891 22.69221628
  21.41768826 25.6391549   5.42604972  2.28693363 13.11230646]]