[[ 0.50637907  0.37331749  0.61043535  0.6483412   1.60741637  0.23156408
   0.44352861  0.33178656  0.31879118  0.47290726  0.53342743  1.10885287
   0.94546588  1.71193649  0.65893348  0.62411533  0.61701349  0.36548867
   0.84575767  0.39245575  0.25358641  1.16760481  0.95205308  0.6945325
   0.20690108  0.30429462  0.57006561  0.77513594  1.42470085  1.93225154
   1.19974081  1.14204401  0.25793851  0.25101239  1.63436225]
 [13.56715769 15.51947511  4.27806761  6.1635651   3.41783126 11.02410164
   1.53233337  2.44917206  1.38938745  2.70809858 11.69934002 19.82732326
   1.90805147  6.31022216  1.51609035  1.73138356  5.03902444  9.01485798
   1.66463771  2.15914     4.80021553  9.28438738  1.33395533  1.94660497
  11.28880393 13.67918436 13.7274352  11.27418103  3.92275988  6.90098478
   1.79922847  1.96065562 32.79640179 20.49618426  7.0388916 ]
 [ 4.2500341   3.99046367  1.82629988  2.1897973  12.04270707  6.42386476
   2.76960309  1.34327997  2.11005666  2.01337459  2.47888752  5.71122255
   3.9298832   4.08256536  2.96120991  2.89631584  4.15721205  1.55153304
   2.65763953  2.25368442  3.0497396   5.3014608   2.59497904  3.30294095
   2.66344065  3.6210553   4.06027879  1.25755259  3.914038    2.97105944
   3.68640295  3.36621733  2.45302723  2.62953401  3.28588534]
 [20.45744394 18.4896549   3.91471547  2.77105835 10.23234812 16.99531028
   2.55087949  1.57712943  2.49971705  2.56427101 14.39321412 16.52782765
   3.94715021  2.78149945  1.57540863  1.53036539  5.11590392  7.3599731
   1.68080601  2.88732433  4.48588318  3.38774825  3.96436299  3.46496255
  20.32517914  8.15676927 15.9794552  18.97232351  6.58497191  3.9530429
   1.56173817  2.16929625  9.74388127  5.83595555 10.05079416]
 [ 0.98136417  0.95013853  1.6340593   1.37445125 26.89318522 13.2893226
   2.42917537  1.61228404  4.5245298   2.09107565  1.60688237  1.29436068
  12.4741183   3.6549651   2.90048653  1.69099939  1.16223646  7.06724871
   2.02810886  3.83954558  6.90620335  2.83473046 14.3536287   4.12269034
   1.11688928  0.99645351  0.97171549  1.03668272  2.08068374  1.79246137
   3.99364557  2.07439046  1.06782117  0.82941982  5.63060556]
 [ 7.3658396   6.44050807  7.62077866  7.78539118  5.1573169   3.74603879
   2.86075372  1.95479264  3.75809313  2.99917027 21.5522129   5.79570542
   9.7327716   3.03745148  3.13919982  2.15347642  4.01898857  4.95711271
   1.99422364  3.59253628 14.00402942  2.96683831  8.84122345  2.49710725
  13.82609572  5.48871685  4.01760305  4.76081356  5.96350998  3.31119763
   2.86258337  2.13535027  5.99435847 29.3026092   9.84784256]
 [ 1.07779561  0.90814325  2.42159345  0.67643733  3.19630079  4.64971865
   3.12351337  1.78550658  2.62184324  1.68438575  2.31573607  1.05488608
   3.97076269  2.50745151  1.77239214  1.61928724  1.18260137  1.79643928
   1.57289647  2.37177932  0.60727663  1.53442881  2.22854764  2.17525806
   1.59563219  0.79988528  0.96861881  1.04366366  2.13235608  1.51758828
   2.24622781  2.019966    1.07701045  1.73626596  7.613884  ]
 [ 3.96353802  5.70197267  3.23343286  2.57721779  5.01325059 10.48858129
   5.14247609  2.90455902 12.02453307 11.43558571  3.40322686  4.25562179
   2.34872583  2.32537513  2.71234056  2.22416995  1.25941341  5.79011096
   2.14508607 10.40319448  3.44899018  2.94127245  3.00301313  3.49542638
   4.17441053  5.02646252  4.16289984  1.77981847  1.41935643  1.73642948
   1.90158318  1.67456397  5.39500401  5.39233474  7.24396876]
 [ 7.0401633   7.95936353  9.36626931  3.60379397 16.92196048 16.71640356
   1.20170501  1.36710471  1.05360747  1.34444188  4.97202389  3.67845007
   2.16481187  3.8631599   1.17375437  1.17803557  3.91697097  2.58187684
   1.1933696   1.21033067  3.01958726  3.02645785  1.36819191  3.20644024
   8.39541938  6.25895987  7.22502307  6.42819623  2.74645901  3.05822834
   1.90243604  1.61956935 10.50548084  8.96941128  3.85617942]
 [ 3.5520651   3.09768535  2.63481689  0.1517792   0.83876742  0.63774106
   1.75869016  0.23197177  1.39468786  0.3937633   4.60211912  0.06224656
   1.65724699  1.09523255  1.13230948  0.659277    1.91350018  1.09957336
   0.47427905  0.3857734   0.43372184  0.10054665  0.33969557  0.20893652
   9.30674562  0.11458553  2.08045622  1.75201535  3.05788278  0.28656248
   1.53702262  1.43067534  0.57100039  1.34039569  3.74840312]
 [ 2.49326071 11.26726412  0.44320319  0.78234977  1.17462181  3.03143301
   1.83398664  7.27557237  2.42425422  3.82533559  2.30931943  5.8509084
   2.63834838  3.49437466  1.90351362  2.40297368  1.76477149  5.91410332
   2.01175062  2.7734139   2.50651114  8.28919028  1.78884301  2.75779017
   2.18999858  8.98699366  3.36144181  2.88548192  1.98210069  4.25990471
   2.50086419  2.25784708  1.08629816  8.19320372  7.25685478]
 [ 9.37928114  8.19844542  1.99654523  1.69502695 10.82541826  8.30540463
   2.18493732  2.27706474  1.64110769  1.76091178  3.87149189  3.5306295
   3.69066145  5.36128196  2.1226406   2.23996904  3.3675819   2.26583692
   2.14114235  1.88444917  3.40270398  3.26912549  3.56969917  5.68102223
   6.520437    6.26177258 10.05959813  5.04738684  3.03148428  2.93705541
   2.70577062  2.40987067  4.37303718  5.85866537  6.54411189]
 [ 7.82966374  6.38694618  4.8585137   5.77079905  6.11828395  8.91293978
   5.25288598  7.84656505  6.84113092  8.01552663  8.12804654  9.13686646
   6.97335987  8.45632628  6.49267603  7.95411832  6.51152289  7.51984988
   7.96694246  8.350753    7.06599958  8.37263638  6.68635856  8.69666826
   7.15697162  7.07239976  6.59643059  6.46652847  5.97905543  8.70511823
   3.81144937  8.9542699   2.33331694  7.33249323  4.21686551]
 [ 2.24781353  1.89576492  1.31791156  1.62371911  1.33086088  1.98746166
   1.12634583  1.10525981  2.20871803  2.27368461  1.42438786  2.48721218
   1.80816842  1.98809162  1.28860665  1.25808047  1.40303862  2.09229097
   1.33833335  2.20838737  1.57682057  1.5890983   1.20261299  1.51955548
   1.94600599  2.4754584   2.55691957  1.53228246  1.66935618  2.2761136
   1.42121449  1.20391135  2.77867074  4.43281621  5.65103986]
 [ 1.34363205  1.90605304  2.04593622  2.03950861 11.1355598   2.38614531
   1.84875377  1.7487507   2.76435347  1.3334817   1.79507689  2.54946902
   2.29287268  2.16666532  1.78116065  1.16167055  1.81845232  2.18580698
   1.22930148  2.06464312  2.35935675  2.11784367  2.20939608  1.85357195
   1.78915524  2.33384831  1.59657867  1.70711043  1.80468685  2.43470893
   1.7539049   1.35668708  1.03409394  0.78255701  4.45915923]
 [ 3.35233614  3.55854856  3.0747742   2.54103349  3.42641241  4.14299292
   2.17259096  1.1014939   0.66672821  0.96278391  5.92360884  4.07642803
   3.01859975  2.82223352  1.45983861  1.75301012  3.76091958  1.29918845
   1.50760535  0.90674692  3.40740243  2.25931526  2.98631595  1.21857333
   5.64050484  5.23694623  3.44335888  5.08741881  3.54548684  3.29138602
   2.18524644  2.5683747   4.01259104  3.96369826  3.08928942]
 [ 3.06760292  4.96526963  9.00814526 13.91941726 15.76293657 16.78641045
   6.15558091  4.46197807  5.35268983  5.54954849 11.47635699  8.50440361
  16.26708914 12.43828666  3.64123659  3.67556548  2.68982876 11.17499753
   2.81376117  6.21307714 17.20753807 19.20275452  7.72344472 11.15720903
  15.19067466  6.94939882  3.46142855  5.07630701  6.33322206  5.91317756
   3.81127723  3.35053219 10.13075404  8.10011471  9.49626633]
 [ 2.1449796   2.24723581  1.51893098  2.15971858  3.65660961  3.19054897
   2.76157595  2.65482056  2.70125885  3.8836096   2.07402343  2.86777882
   2.49969267  2.72768793  2.29884284  2.49647224  2.34253562  2.92676803
   2.14493043  3.72066101  1.90785088  2.49485744  2.65160752  2.69989095
   2.03515403  2.52043494  2.21673331  2.26780636  2.28697962  3.03083354
   2.29494685  2.42448888  2.1087137   1.80003923  2.97710557]
 [ 3.2862312   4.3442633   1.95073328  1.89184812  4.15820837  7.12272284
   3.13023566  3.8539284   2.47411665  4.23015252  2.27341811  2.40906291
   2.03763491  2.70626853  1.46162282  2.46089252  1.7766045   3.64125252
   1.46791097  3.29123419  2.03760982  2.32552409  1.64117282  2.06552992
   2.98038463  2.46334978  3.08869052  2.26215748  1.93396104  1.86192347
   1.48687077  1.73525877  3.57447014  3.36627366  4.5303487 ]
 [ 2.14351673  2.27877067  0.2926279   0.49961424  0.43520687  1.85717263
   1.84504299  0.9754489   2.95378815  2.33434375  5.46190978  2.2167953
   6.64849372  7.52734109  5.94449859  5.45187796  4.80352147  0.72892311
   7.39474367  2.15178645  0.49677885  0.98820957  4.56430468  2.29465507
   1.12267797  1.61308539  3.20779614  0.72578689 13.19878431 13.5766371
  12.41328816 14.94020253  2.43069575  1.01320037  4.71829182]]