[[89.20527504 94.11311716 84.50535402 87.00306892 52.70727904 89.41141504
  26.12925417 28.69910927 24.670105   22.48820721 86.9182758  80.97250711
  73.92468433 41.44674509 24.07569335 24.95424615 87.23374405 78.80955495
  34.03247994 24.34121298 93.955311   69.12838794 44.93638973 38.67843193
  95.47012168 95.30498017 89.93379092 81.19990069 62.5807762  67.33900434
  31.03066545 33.60645832 96.96192196 96.88507395 77.96587918]
 [54.8314984  51.59214947 69.56179806 65.10055463 60.46891083 47.54322413
  51.48503658 49.21854438 49.05856188 52.77298255 51.29277658 36.18957473
  58.00932759 47.07945935 51.47877171 51.03185462 60.7783586  46.70268709
  57.54794097 53.44412525 60.61909243 53.42971664 55.36773424 51.39305433
  57.96093417 49.55872192 54.63095687 55.17710635 62.37410355 55.19366546
  52.54400808 50.15184148 26.90022934 53.01434955 60.82383956]
 [51.24538818 51.03067866 78.99584287 76.86593651 45.40100033 51.74870773
  50.67544737 72.68204804 38.37692745 39.50703017 65.65061677 51.44749524
  52.91281804 44.36916004 43.48296947 42.24337201 53.06760389 72.80081451
  45.39535058 40.06838527 67.1757007  56.84929133 51.96999673 44.30411844
  67.71765859 56.01967016 49.91281489 84.48317928 52.01582836 55.72101322
  42.32998427 44.54524039 70.87412859 69.78988986 42.22595674]
 [27.05241118 24.35081048 51.66943549 51.44764124 24.68653423 16.73601927
  19.55645868 18.33089882 17.35987443 15.60253616 23.83174528 23.72657764
  31.98753216 26.78478959 21.36505082 19.21061039 25.81080576 41.44898812
  21.47274107 16.4720614  36.09350743 33.53005696 23.41179423 20.42261211
  23.05760461 29.56730494 27.33366607 23.08872095 27.01752523 25.19841555
  23.3505272  26.0066947  67.35677533 79.95126345 46.95042863]
 [84.67902437 84.56672906 80.44912843 79.35894967 23.09084232 37.92672649
  45.23411225 41.57368116 44.32616968 51.23625653 80.66475889 80.98250626
  38.20375513 35.7434646  45.25948997 44.27875281 82.27561928 45.19780501
  56.01342689 49.35297679 62.38725402 63.3805683  33.62288932 40.57892624
  84.12971641 83.89827493 84.52280133 83.91800895 74.71448929 76.19949929
  46.27254237 49.41392033 84.35318761 84.04483358 66.75338241]
 [75.95725976 78.35307136 74.23109798 74.21328938 73.90563664 61.2595428
  62.40152401 44.56752403 52.59939802 55.94415691 42.45135771 76.3713353
  54.57265964 56.76614828 61.32185901 58.66621655 78.24551104 67.24964848
  66.51054366 56.76367234 56.40119214 75.26657155 58.18965061 47.94821938
  65.29072847 79.48180872 82.08152076 80.01020587 61.75395985 74.13790269
  64.74833475 68.91122902 85.20365568 33.19642609 58.92099763]
 [86.85522932 88.17488585 64.88957902 88.68381286 59.71892023 57.64958437
  51.28515007 42.01596456 44.13117515 45.13657078 63.25263445 82.49144437
  53.95473583 64.04965192 51.84157624 41.76666999 76.98314734 66.47014278
  47.70877222 42.19709613 91.14588619 76.28754716 56.9501989  52.0422347
  79.23177623 88.0903161  87.65759054 84.81512805 61.59042597 70.98493476
  51.05336682 48.69578998 89.94693948 85.10785955 58.47297726]
 [62.49107784 64.20408591 67.43442084 69.37269878 55.99824536 47.51718436
  39.17304252 34.10678819 28.94607998 32.69860155 60.02335306 57.18113034
  63.62301223 60.06213767 46.90426444 47.92853824 40.186094   38.84040674
  57.65984017 36.89981337 59.72173159 62.60633945 49.6773831  46.03410853
  62.52532192 63.3590398  62.70181339 49.78345653 55.85963562 62.53793837
  59.36821065 61.62366374 68.3178264  71.70770627 63.67676115]
 [53.73128    50.250907   42.01598873 52.86229762 26.38336845 23.27665198
  38.14267805 33.55686002 34.6101739  39.47853209 47.91539671 54.91525
  46.03406615 44.30130036 44.07753119 41.16601653 55.31348281 38.99198072
  44.22970798 39.33977491 49.22280695 54.5669945  45.94152344 39.54686515
  48.96225334 49.30104101 53.26676394 52.63220195 52.08151646 53.07778851
  40.50268727 45.01655428 51.90812703 58.46681799 56.67597654]
 [84.2389538  83.92280585 83.24020691 98.13873498 91.27516351 88.73978673
  51.13844652 88.24020007 49.13391834 74.32914017 78.67142514 98.91856244
  80.28917698 80.41577594 42.76855854 50.62793068 84.77372874 66.45865169
  77.08610162 84.05793854 96.5700786  98.48463643 92.70858317 93.47281499
  69.31438303 99.13347725 83.25830126 90.87009412 70.1916315  96.58463576
  52.06845035 52.37057665 97.51852262 95.08574396 81.85148286]
 [64.64108253 52.89421203 92.38328833 91.75775622 64.24607552 52.13977221
  34.69957968 29.67810841 29.71001452 28.80191396 74.67245537 72.25300689
  42.51061175 44.39977084 40.49596219 35.05370772 73.13851278 50.53646237
  40.42443133 32.76065089 59.36292696 49.86366043 43.49339299 44.1896441
  85.27782779 67.30420173 76.04289593 79.21735967 62.72315997 57.23188112
  39.19656981 49.81126924 95.27595729 73.34188456 56.04352432]
 [45.09813412 47.84363265 77.38199794 82.99993631 47.0372891  54.27381738
  34.85682775 34.07818276 34.31558473 29.51271593 55.4399196  63.23976401
  43.57026926 50.77673678 36.87955681 37.3579106  51.0647436  66.10799468
  40.05863892 33.08196813 65.95058431 70.7978208  44.64872237 54.94494691
  49.54230342 54.80382894 44.82340818 50.28519202 44.65423033 54.25181117
  33.71441458 44.57190655 64.23391744 62.79619171 56.12415391]
 [38.66724858 43.67529748 52.95226156 48.8799755  38.13467834 28.03429767
  18.65703313 17.49041908 14.30476565 16.96458546 37.46601844 32.41211508
  38.77222458 31.61077781 20.73113295 20.85094617 26.34499595 25.7509518
  30.79559239 18.44339696 40.5406914  35.9170153  27.9355077  24.15366127
  45.39542406 39.87768798 44.71803911 29.87148467 47.46198743 31.8867431
  62.06127777 28.93870765 77.73993604 50.75949364 67.33236898]
 [31.66263258 35.65994871 27.86888726 41.11546226 25.24556304 26.12374101
  16.26036996 18.56471347 17.80892585 17.14989309 17.43735904 28.08661925
  16.41707409 22.96097708 19.00796587 17.02720536 17.11995575 23.22884563
  22.32294925 18.32025149 21.55566045 29.41996772 17.66478135 22.68309182
  26.72157495 32.20284341 30.163835   21.33221732 19.52664659 21.62890145
  19.99499574 14.79390955 70.68476423 61.85479132 49.90314187]
 [82.16222553 76.36601975 71.96737474 67.81873923 36.91552151 57.94321276
  32.5783379  38.85123127 31.58559258 34.21515725 66.43417622 57.7844238
  43.54630535 48.63344364 36.3524467  38.56572046 67.45128731 56.04102322
  47.93206424 36.6591727  58.69236614 58.6940783  38.5107719  47.13196508
  78.44351019 71.08972019 79.68559833 75.40147289 61.01475604 53.43275855
  41.93658652 45.15240524 84.60778996 89.90705136 56.2726734 ]
 [58.87989279 60.84260812 54.73652144 61.53501613 50.52975907 44.03285248
  32.13609689 29.19940824 25.08842621 29.39113986 54.83672981 61.10968965
  48.95241465 48.18609071 40.60448748 36.71626048 58.28153124 36.6391877
  54.73036258 30.7391724  58.7561911  71.06074924 41.26555214 59.90553146
  54.6085241  57.60859873 61.66518515 57.91775235 56.64665073 60.62464333
  52.07349349 48.48136784 60.5072293  64.05549621 74.20437077]
 [78.82835257 74.26631618 60.11566024 48.44985033 35.82631117 29.04755004
  33.97248115 31.28206649 22.68494957 27.43923305 48.15442583 58.32212925
  43.70597725 50.83260351 36.62660966 36.61303579 71.1652339  51.17875805
  47.49270363 26.15139136 43.53507085 46.18566458 42.40789765 38.13795538
  38.88259092 65.347251   80.22649399 63.04248239 61.47018513 65.302012
  53.28827053 56.08820226 65.8708181  79.38500904 60.35982633]
 [62.87462729 61.44611937 71.15438581 65.61970426 56.03221864 54.78232349
  39.60045867 25.97847329 38.99428401 32.3496983  63.66080547 58.88147029
  46.46407417 29.68230947 38.28478647 27.76536987 60.70461417 42.64287006
  42.66439462 41.60306248 65.15078538 58.73692413 40.66499905 31.08754232
  64.27316514 59.67154298 62.12673835 61.43990499 59.47946582 54.19182183
  38.23707539 27.40499465 64.61171014 68.91402032 59.8197965 ]
 [75.89469667 74.72386304 58.88848268 65.26478643 48.78783515 47.37632017
  42.10586651 40.99079643 43.39920462 41.45865155 60.82380687 68.4159826
  46.40879717 45.17329146 43.84485295 39.9815688  62.75681596 52.56977615
  43.4008968  44.11523575 51.90271785 55.73077937 46.14200457 51.39273604
  71.11342228 74.63435119 76.70992593 71.82498877 54.36195977 57.15885355
  42.19771078 42.63270987 76.30323097 78.83737328 70.20288108]
 [80.64838204 79.96500467 96.27985305 94.89570873 95.66437236 91.17259645
  76.44987444 86.69588288 52.6748588  59.43978895 68.73252151 83.9608556
  62.03283721 50.08461142 41.7816727  46.72092641 70.65582161 92.76548489
  48.98046319 69.64179164 95.15482319 91.73999481 59.66712689 79.40519464
  90.13984944 85.92509261 72.22150561 93.45263257 42.70179864 39.12218689
  32.19034396 25.35939355 82.40480547 91.45565305 68.2629812 ]]