[[ 5.48059122  2.65865184  8.56883932  7.47937301 31.39762451  7.40619644
  59.31653814 58.03807083 63.66449783 65.11473194  6.47938826  9.50388608
  15.43764278 38.70475177 59.29290539 58.09821674  4.26613122 14.94395437
  46.94553335 64.16822182  3.25353028 19.90661369 40.37314969 46.71532089
   2.06694383  2.07664861  4.8945716   8.18751092 14.57892958 14.27566893
  46.03489074 43.63584716  1.20188913  1.21745585  9.82332672]
 [ 5.15071998  4.9727899   3.83457855  3.96882513  7.08487205  7.23585358
  15.70033058 20.08672786 28.5633989  22.0627496   5.5216703   4.80928166
  10.97506011 12.65189582 14.69879168 14.86296075  4.89281053 12.70864015
  11.56466627 23.31103793  5.78204501  5.2393348  10.97218949 13.37667168
   4.45917234  4.79972281  4.76834678  4.90174623  6.66484262  6.46689005
  12.45551808 11.77497915  4.50952351  3.84646034  7.96625361]
 [11.85354323 12.26038212  4.09032963  4.50131974  7.54688009  9.15516957
  15.33822869  9.84997131 36.66793541 32.66124584  7.96031945  9.76439584
   9.24618319 15.12273472 17.60519799 21.03551431 11.81419962  8.30592476
  17.39767896 32.49425624  5.80532614  6.81562202 12.00639568 17.17398841
   7.54682236 10.65009851 12.30852525  3.97314071  8.82886398 10.26069525
  14.13241216 16.18475467  6.98627952  6.88243752 16.41851604]
 [14.84604924 22.87205221 23.04370262 26.61051065 33.42786418 28.43680127
  54.28417541 59.85257726 59.27929857 61.43738401 23.94218923 26.26801858
  32.56263971 43.71514627 53.3861201  57.56667021 40.90077354 27.30239796
  54.3473751  58.95691905 33.03285005 37.73123907 44.09396196 51.05434646
  14.91287308 33.85310634 25.06977308 24.67278499 34.51283554 42.80618355
  51.03876348 44.10471339  5.20031141  4.21424016 16.64934404]
 [ 3.18918741  3.1148645   4.67491033  4.7133637   9.07878106 16.07798052
  21.97677621 32.63366901 22.96078849 23.14823619  4.48357681  4.34387502
  14.30466446 28.60563475 22.83889166 30.22457537  4.02745796 18.41855551
  19.01133366 20.81933875  8.82830299 11.26772171 16.03437795 27.80963972
   3.39448894  3.33290397  3.24539702  3.41993153  6.49745645  5.83197391
  18.69093252 24.56175047  2.95836511  3.25526991  8.26911682]
 [ 3.34420186  2.49013379  3.32023202  2.71220867  4.11904661 10.71511378
  12.63132332 27.31447656 21.4899587  18.12031415  5.24576136  3.50739098
   7.16637199 16.26369489 13.07266636 16.88476237  4.09268002  7.17470849
  12.28507318 17.02252225  4.77898458  6.25983158  7.82504514 19.93044102
   2.57701371  2.62855105  2.97354206  3.32148956  7.24253496  5.58166303
   9.81335247 10.00150909  0.95225824  4.24566324  8.04579072]
 [ 3.32688487  2.75473814  9.27254048  2.73925623 12.24670585 12.81281369
  20.55652034 30.63809953 33.0008295  35.06297903  9.94466314  3.9273781
  11.42691363 10.05952767 21.62090703 31.34476506  4.97941705 10.82704071
  25.89779904 34.95809928  2.39899866  6.05036179 15.44685053 18.83100184
   5.7887569   2.77732198  3.11486451  3.7841909   9.19920874  6.10371931
  16.98251211 22.24473604  1.60780326  2.91850456 11.28171659]
 [ 5.41810815  4.98038241  5.50658327  4.90516455  8.80627246 11.18282665
  20.21153185 35.05230799 25.2999609  25.38393527  4.43505523  5.99013651
   9.17713296 10.16956699 16.8659313  23.14764574  3.29376907 16.9179383
  12.33749118 22.08082577  7.52691813  6.78483175 13.1575794  20.18159171
   4.32584936  4.77564654  4.60523273  3.76281075  4.41239115  4.55249169
  10.57589713 11.77331097  5.29664374  4.51090006  6.39745036]
 [13.95646114 15.10932044 15.36383739 15.80688844 16.62481984 18.6036106
  35.88727025 45.13193613 46.02143819 40.81176712 17.10939068 14.99078191
  19.16323412 20.28012248 27.41746497 33.75157713 16.07497916 35.39992084
  28.51295403 40.91324887 19.03736931 15.13584788 25.29813502 28.85277567
  14.03214147 16.31810942 14.69357297 16.14558154 17.52835867 15.29840814
  22.57359406 27.2814435  11.01833269  8.19862284 18.1715117 ]
 [ 2.39139339  3.26077995  3.23881926  0.6213175   3.39220948  5.70413716
  35.18258294  9.11515423 41.56270386 21.34316406  3.59619393  0.28428031
   7.29083555  9.34667051 44.74264779 39.87744099  4.44410861 22.89271597
  17.92085524 12.61077887  0.83724086  0.52364664  4.26422187  4.32587187
   2.57138123  0.20294218  4.06556624  1.84086518  9.66010855  1.08598286
  31.00968307 31.38550957  0.33554875  0.60911919  4.34029458]
 [13.64903934  6.84425165  3.03175602  2.76501392 18.15505488 20.68175248
  42.68582543 36.85011441 46.50952576 44.65221349  8.14807976  4.76037285
  22.08736236 19.31589068 29.8054909  35.41712095  8.24063085 20.53941814
  28.4715222  42.33594766 16.74012081 11.94254127 27.97143531 24.85350075
   4.17944095  4.12624596  6.66535251  5.46415224 13.22698117 11.8505889
  23.17665373 20.84841666  0.85714177  2.40415736 10.95062302]
 [14.54481111 14.44361362  4.85310958  3.94192349 10.74350875 10.49392158
  33.77976013 35.95795613 40.04748733 45.21360924 10.27672764  8.2063475
  11.90929371 12.23210859 25.97590171 26.36179133 10.27083284 15.81389236
  20.19138406 38.90357166  7.09681161  6.91589111 17.8495113  14.36332542
  13.35658544 10.9511087  12.92546003 12.11287319 12.10065743  8.67154829
  18.11482018 15.65775513 15.33932173 13.54371777  7.81348333]
 [15.68519304 11.40232848 10.69875974  9.95445742 18.60803769 20.80352741
  43.77423335 38.29170107 48.92260748 42.98384726 12.87083976 11.17410547
  16.90895661 17.72846129 37.25194345 33.69883959 11.39285118 32.07091908
  23.63616125 39.4897235  14.1049115  13.22475278 27.6149465  26.52377831
  12.24297482 10.2099178  12.10545344 12.00457743 10.21009491 11.54168512
  10.85342626 20.72497975  4.31106616  9.4611618   9.37617382]
 [33.15630187 30.80668224 38.63387701 27.08674662 38.45065754 33.03737569
  51.00282249 43.7422949  49.75740322 47.28168196 41.7832302  33.59471432
  39.58812232 35.31020479 46.99200942 49.65381103 35.36907379 38.84042854
  44.57422562 46.27440751 42.78159176 33.60445232 44.05887457 37.26734725
  37.22055845 31.05405145 32.39736841 34.60612927 39.71332879 33.54220237
  41.12964164 54.84085526  7.57973494 10.46502672 12.62433903]
 [ 3.85851258  5.4456546   9.55849084 10.93180611 20.26888509 18.60841537
  39.38436075 38.83227011 43.798593   45.60005742 12.17759342 14.70752134
  23.21591385 24.03912666 35.77067236 41.40216308 10.98167005 23.73442835
  31.93369614 40.54867316 16.79141236 16.01543867 30.6399493  28.87321365
   5.43651417  7.450433    4.61679558  6.55551339 15.57997861 18.74073033
  30.18684238 33.75623536  3.40980027  2.31546873 16.18445134]
 [10.1763438   8.86328446 11.02199369  9.81087603 15.65916402 20.96069483
  40.16652995 47.3033999  56.56315551 48.6759038   9.64185049  8.40791524
  15.64893469 16.01782221 31.90418538 31.85365744  8.60061563 38.41689303
  18.02452033 47.71666926  9.96317277  7.3874593  24.45972616 18.00840296
   9.76035312  8.66689706  8.96029936  8.39680775  9.57669007  7.95656687
  17.01475868 17.24744856  7.82196282  7.51121546  6.15246767]
 [ 4.04985807  4.60574205  6.9081215   7.61415395 12.80080557 11.04638515
  32.66009863 42.8484267  52.80295189 46.67273062 10.29528574  7.9725379
   9.38267827  8.73537321 35.71103069 36.90555522  7.95005012 14.33293413
  28.23868309 47.12348399  8.17115238  6.19955185 19.21792427 19.15107738
   7.01051604  5.91968925  3.64043485  9.06496937  8.96466821  7.40356983
  18.33575988 19.57004139  4.21746687  2.24222846  6.6205669 ]
 [10.8453167  12.26824525  7.36017478 11.25109159 11.51259345 16.25345564
  23.63383942 42.72759392 29.01179697 34.45118457  9.96874133 12.1495468
  23.11730585 42.17904218 27.71660025 42.24326223 11.05936248 23.24786775
  26.39308167 25.44846182  9.79630008 13.56195124 23.21697649 37.69399941
  10.09247393 12.63930873 11.51443741 11.30127786 11.85817104 14.12513717
  28.72860131 43.2732061   9.96868037  8.50069728 14.21640076]
 [ 4.12216562  3.40533512 10.41118202  7.25259191 14.8262899  10.95177299
  21.79871004 21.99239151 25.49215321 25.17439825  9.44007006  5.88746632
  15.18640118 14.82137676 22.09838061 24.95240223  6.6579623  15.87116099
  24.90844967 24.64310729 13.12995247  9.89100848 18.39500217 15.3147947
   5.99295956  4.30378977  3.82727631  4.96449929 10.55746874  8.60670521
  21.45492795 22.18720533  3.33253633  2.76355855  6.48243822]
 [ 6.72553257  6.60877737  0.86581587  1.46269068  1.16760473  1.96056396
  11.5857698   6.02400352 29.31426231 24.77310888  7.08303288  4.05635404
  11.96970836 19.55352031 29.32526121 24.45649129  5.98425226  2.2565398
  19.86396485 17.18225254  1.16306032  2.27554094 17.65564362  7.85330995
   2.71857617  4.47224862  9.75698303  1.71423962 10.16038444 11.6419715
  22.60880264 23.23984894  5.29100418  2.3904055   7.02349843]]