[[6.40216348e+00 6.71874138e+00 7.79288124e+00 7.21535561e+00
  1.17392938e+01 1.55388002e+01 1.98067963e+01 2.59371588e+01
  2.42010427e+01 1.74066591e+01 3.44685704e+00 4.02891375e+00
  4.70075176e+00 3.32969761e+00 1.10033918e+01 1.04938061e+01
  2.29451273e+00 9.14639684e-29 5.55710950e+00 1.73104370e+01
  8.88048876e+00 5.74512509e+00 1.12224458e+01 1.13211274e+01
  5.09348225e+00 5.98762267e+00 6.08907883e+00 3.15991315e+00
  1.30095096e+00 1.29623730e+00 3.29597190e+00 2.41733363e+00
  5.53076473e+00 3.04343526e+00 5.43045706e+00]
 [4.40011696e+00 4.39777717e+00 4.34452337e+00 4.35095211e+00
  3.16539707e+00 4.00205089e+00 3.48864457e+00 4.22632384e+00
  4.59362977e+00 4.55951241e+00 2.47165171e+00 2.83093543e+00
  1.21963693e+00 1.39659344e+00 2.22913728e+00 2.50286760e+00
  1.53540716e+00 5.26393257e-29 1.40919866e+00 4.47435915e+00
  3.03767986e+00 3.00830750e+00 2.34933253e+00 2.72674827e+00
  3.62087418e+00 3.73245206e+00 3.98117633e+00 2.59565553e+00
  1.08919470e+00 9.09213952e-01 8.79562160e-01 8.55595603e-01
  2.32301790e+00 2.37846862e+00 5.41013529e+01]
 [1.35982855e+01 1.27365632e+01 1.28267256e+01 1.21078485e+01
  1.36423799e+01 1.61625162e+01 1.88351388e+01 1.99216918e+01
  2.54577993e+01 2.14692767e+01 6.53425229e+00 6.83128970e+00
  5.25626246e+00 5.15367940e+00 1.29433599e+01 1.10533808e+01
  3.70160206e+00 8.67321802e-30 7.79167111e+00 2.02372771e+01
  8.05906429e+00 8.16828605e+00 1.18622333e+01 1.18136914e+01
  1.40579090e+01 1.05093250e+01 1.28551522e+01 8.20253806e+00
  2.79801844e+00 2.67212565e+00 5.12868428e+00 3.57420940e+00
  1.90564296e+00 3.85187614e+00 5.62932744e-01]
 [1.60133025e+01 1.81937775e+01 1.40393860e+01 1.54920317e+01
  1.56360849e+01 3.75947432e+01 1.80009579e+01 2.28671115e+01
  2.75353247e+01 2.80299496e+01 5.70948634e+00 7.98117541e+00
  3.07136468e+00 3.93561374e+00 8.81784051e+00 1.11863563e+01
  3.71546436e+00 3.95053418e-29 5.42794875e+00 2.41297008e+01
  8.13457800e+00 1.02616766e+01 1.01926788e+01 1.21709381e+01
  1.01139389e+01 1.11114945e+01 1.42334048e+01 8.07916801e+00
  2.16645974e+00 2.73637502e+00 2.47573719e+00 2.70482562e+00
  3.93110280e+00 3.74271209e+00 3.48863516e+00]
 [1.73355155e-28 7.95575234e+00 1.11597480e+01 7.40763591e+00
  2.53915317e+01 2.44904137e+01 1.29657476e+01 2.01065719e+01
  1.40180683e+01 1.53532409e+01 3.83870094e+00 4.19275443e+00
  2.92461985e+00 2.97967961e+00 6.87865451e+00 1.01342557e+01
  2.30694627e+00 9.28294542e-30 4.27892761e+00 1.27381618e+01
  5.75473814e+00 5.52368707e+00 9.07038131e+00 9.61051702e+00
  5.74802997e+00 5.17323061e+00 7.54830045e+00 3.86955738e+00
  1.52401156e+00 1.49008440e+00 2.26244049e+00 2.27270086e+00
  2.78029547e+00 2.04792731e+00 5.78204818e+00]
 [4.14299497e+00 4.08773505e+00 3.85086838e+00 3.53302593e+00
  3.28246193e+00 3.47365356e+00 4.18940466e+00 7.43269071e+00
  1.02315233e+01 7.91064414e+00 1.97288787e+00 2.01821456e+00
  1.47040746e+00 1.18284667e+00 2.80074348e+00 2.94157082e+00
  1.32924661e+00 2.09260083e-29 1.73115055e+00 8.66200675e+00
  2.82279969e+00 2.20954320e+00 2.37488242e+00 2.96865852e+00
  2.91055604e+00 2.87017579e+00 4.01720720e+00 2.06012735e+00
  9.91231872e-01 7.93965374e-01 1.02429178e+00 7.83287600e-01
  1.16499214e+00 7.90298415e-01 2.11304062e+00]
 [1.41076452e+01 1.35956887e+01 1.36406641e+01 1.48889357e+01
  1.31570041e+01 1.67524365e+01 1.97924310e+01 2.06673300e+01
  3.06982376e+01 3.19217176e+01 7.69431516e+00 8.54656137e+00
  5.66019366e+00 6.14856454e+00 1.21644776e+01 1.24231813e+01
  5.17341282e+00 1.34537077e-29 9.50495222e+00 2.95337440e+01
  1.01289637e+01 1.01313500e+01 1.14623056e+01 1.17083232e+01
  1.01562445e+01 1.04669177e+01 1.39694460e+01 7.67858548e+00
  4.73082363e+00 1.20186614e+01 4.55992725e+00 3.93228582e+00
  2.96072190e+00 3.88090964e+00 1.63525444e+01]
 [6.48891457e+00 5.31396392e+00 7.07344824e+00 5.74565747e+00
  7.50503154e+00 1.21327589e+01 1.12062122e+01 2.00071487e+01
  1.40087952e+01 2.31872826e+01 3.04355596e+00 3.15239655e+00
  2.73536199e+00 2.67219641e+00 7.22692157e+00 8.96378583e+00
  1.88331530e+00 5.67039919e-29 3.82555089e+00 1.52856064e+01
  4.57307311e+00 4.39483294e+00 5.51653539e+00 8.35491237e+00
  4.52648567e+00 4.15087422e+00 5.42197974e+00 3.01875405e+00
  1.22531656e+00 1.15747306e+00 2.27951963e+00 2.13234758e+00
  5.46264393e+01 1.98488729e+00 1.56223892e+01]
 [6.02592813e+00 5.71837938e+00 5.12477554e+00 5.26386856e+00
  5.22801000e+00 4.70856263e+00 7.43996901e+00 7.10806505e+00
  8.85490926e+00 8.92825155e+00 3.44125309e+00 3.18905692e+00
  2.22606263e+00 1.90942741e+00 4.42163154e+00 4.05709431e+00
  2.07447633e+00 4.82211848e-29 2.84119527e+00 9.22058441e+00
  3.86247805e+00 3.68873745e+00 4.52869905e+00 4.08544915e+00
  4.32092237e+00 4.31225063e+00 5.11385339e+00 3.30344077e+00
  1.46762884e+00 1.35303850e+00 1.80327330e+00 1.40515932e+00
  2.14983417e+00 3.83973029e+00 2.09483450e+01]
 [3.56085936e+00 2.91045024e+00 3.57299301e+00 2.73948148e+00
  3.46342183e+00 2.68676052e+00 4.02136821e+00 4.18133220e+00
  6.03354315e+00 4.95423950e+00 1.53335338e+00 2.33244082e+00
  1.21796503e+00 1.32664421e+00 3.22645404e+00 2.63782606e+00
  9.97892498e-01 1.13355702e-29 1.68796263e+00 4.98583914e+00
  1.96974927e+00 2.00838481e+00 3.45725839e+00 2.42470982e+00
  2.17791192e+00 2.25002425e+00 3.38034761e+00 1.65005512e+00
  7.07764723e-01 8.15463208e-01 1.15374208e+00 9.78872444e-01
  9.13984180e-01 1.42773654e+00 5.77533698e+00]
 [1.02534478e+01 1.07997509e+01 1.17635720e+01 1.07261006e+01
  1.05460158e+01 8.90582645e+00 1.61422605e+01 1.42436866e+01
  2.21613545e+01 1.72962688e+01 5.19713052e+00 6.08777856e+00
  6.63208976e+00 4.32970031e+00 9.33633538e+00 8.44810252e+00
  3.31585419e+00 3.52351464e-29 5.02084303e+00 1.70250745e+01
  6.86497582e+00 6.22082029e+00 8.56921997e+00 7.85796641e+00
  6.86079984e+00 8.55150596e+00 9.64308480e+00 4.98061774e+00
  2.12980753e+00 2.09687176e+00 3.60922404e+00 3.02354744e+00
  2.50023784e+00 3.69880354e+00 7.47705661e+00]
 [1.00672184e+01 9.72591186e+00 1.07072691e+01 9.81966920e+00
  1.03085352e+01 1.03253853e+01 1.21427557e+01 1.25115177e+01
  1.68303122e+01 1.62461359e+01 6.84923543e+00 6.99619539e+00
  6.54965890e+00 6.49357735e+00 9.44815922e+00 9.61939163e+00
  5.37451700e+00 3.40299033e-29 5.72837438e+00 1.44171027e+01
  9.20274645e+00 9.02771296e+00 9.24564093e+00 1.07207124e+01
  8.31329718e+00 9.32152157e+00 1.00487543e+01 6.79604484e+00
  3.99203259e+00 4.11481839e+00 3.82671850e+00 3.53710674e+00
  5.37745444e+00 1.82934024e+00 1.31826047e+01]
 [1.76469151e+01 1.88352431e+01 1.64907409e+01 1.70012541e+01
  1.38861744e+01 1.28267964e+01 1.81404124e+01 1.71510739e+01
  1.99453622e+01 1.81540873e+01 9.99425360e+00 9.67664419e+00
  5.63394963e+00 4.72676151e+00 1.00534632e+01 8.39593076e+00
  5.89099490e+00 6.87077824e-29 5.51824095e+00 1.72405354e+01
  1.06520400e+01 1.11086214e+01 1.07373143e+01 1.00640620e+01
  1.36735915e+01 1.29868972e+01 1.60607118e+01 9.35412225e+00
  3.53327956e+00 3.07997101e+00 3.76781504e+00 2.49358324e+00
  4.02885639e+00 4.42125883e+00 1.95814834e+01]
 [1.42958848e+01 1.49328420e+01 1.45453027e+01 1.48457935e+01
  1.64853647e+01 1.71727387e+01 2.79253624e+01 2.55883441e+01
  3.36000556e+01 3.67234759e+01 8.40557826e+00 9.12201454e+00
  5.60327466e+00 5.30828104e+00 1.55329016e+01 1.24734456e+01
  5.39603347e+00 1.39566135e-29 7.69196419e+00 2.81079890e+01
  1.06093749e+01 1.04046896e+01 1.38177688e+01 1.22968694e+01
  1.02179509e+01 1.18589903e+01 1.25988802e+01 7.74196481e+00
  3.50566230e+00 3.54690300e+00 4.69382607e+00 3.40356142e+00
  6.53438076e+00 4.29158756e+00 6.47882181e+01]
 [7.86493934e+00 8.30959323e+00 7.54171004e+00 7.66099356e+00
  9.47876496e+00 8.42710965e+00 1.81216938e+01 1.77774178e+01
  2.29988910e+01 2.29701281e+01 3.57325908e+00 4.46217926e+00
  4.03415479e+00 3.27339117e+00 1.10240559e+01 9.37449559e+00
  2.90204598e+00 1.90952281e-29 4.72526833e+00 1.95301479e+01
  5.11320772e+00 5.22142992e+00 9.71339824e+00 7.97192222e+00
  5.51081209e+00 6.65451254e+00 8.04040453e+00 5.39714398e+00
  1.88637913e+00 1.95555344e+00 3.91014823e+00 2.23421187e+00
  3.20730491e+00 4.41932774e+00 2.20486649e+01]
 [5.39453499e+00 5.48810611e+00 2.08277898e+01 1.14524176e+01
  2.98488343e+01 2.11138475e+01 6.40088887e+00 8.07271138e+00
  9.20635280e+00 9.15732111e+00 5.78552387e+00 4.16242563e+00
  8.64807666e+00 6.53109788e+00 3.26667816e+00 3.52236556e+00
  1.29617791e+00 3.28223719e-30 1.94606885e+00 8.51594591e+00
  8.07870852e+00 3.47585424e+01 4.99529614e+00 6.57641831e+00
  3.71566807e+00 4.59513899e+00 5.23846682e+00 2.57615118e+00
  1.63867486e+00 1.32936363e+00 1.10066006e+00 1.04472700e+00
  7.76859004e+00 9.33423881e+00 6.20902485e+00]
 [5.66036285e+00 5.34776989e+00 5.01140191e+00 5.46855371e+00
  4.73445858e+00 1.03512978e+01 6.48960619e+00 7.82808903e+00
  1.08852071e+01 1.35135081e+01 2.01262053e+00 2.82765677e+00
  1.89577387e+00 2.59905644e+00 4.28498196e+00 4.10060889e+00
  1.33882598e+00 1.57335767e-29 2.32782586e+00 1.35360931e+01
  3.29522855e+00 5.01515725e+00 4.14307654e+00 5.40955849e+00
  3.34525410e+00 3.79933370e+00 4.57654408e+00 2.17161698e+00
  1.02568267e+00 1.21386490e+00 1.54956830e+00 1.25474096e+00
  2.06644249e+00 2.54376762e+00 1.95389331e+00]
 [2.20882315e+01 2.22108326e+01 2.01234708e+01 2.05618135e+01
  1.83421541e+01 2.05855866e+01 2.52093413e+01 2.97905600e+01
  3.60054470e+01 3.79147092e+01 1.11889567e+01 1.52362292e+01
  6.92836850e+00 8.49224599e+00 1.78637155e+01 1.84646610e+01
  7.82145522e+00 2.09752145e-29 1.34231681e+01 3.43854572e+01
  1.36938542e+01 1.49320901e+01 1.63230962e+01 1.85195012e+01
  1.60913862e+01 1.72546713e+01 1.96887166e+01 1.33073001e+01
  4.89470257e+00 5.37885416e+00 7.58126270e+00 7.06138055e+00
  4.67810673e+00 3.90657106e+00 1.18444277e+01]
 [7.45528510e+00 6.98657844e+00 7.17378266e+00 6.55269491e+00
  9.78378807e+00 6.98240064e+00 8.69588576e+00 8.20150725e+00
  9.31192147e+00 9.97754518e+00 4.41249530e+00 3.71282168e+00
  3.16743354e+00 2.65886787e+00 5.39319320e+00 5.04496244e+00
  2.92996903e+00 3.05220954e-29 3.00996323e+00 9.07711975e+00
  5.58834558e+00 4.73739559e+00 6.75146872e+00 5.52072483e+00
  5.85132141e+00 5.31648285e+00 7.00945613e+00 4.84328219e+00
  1.89740056e+00 1.59539276e+00 2.25123154e+00 1.69123100e+00
  1.50008211e+00 1.07865142e+00 4.64336670e+00]
 [3.04966053e+01 2.62577486e+01 3.89793031e+02 7.62695065e+01
  1.89848113e+02 8.40486492e+01 3.77031288e+01 8.55070230e+01
  2.01240766e+01 3.62835937e+01 9.60381062e+00 1.47661725e+01
  7.80853022e+00 8.71085566e+00 1.24680174e+01 1.19934363e+01
  7.92097783e+00 8.31872002e-29 7.67170322e+00 2.66044065e+01
  1.30023426e+02 3.98914463e+01 1.99587720e+01 1.74021725e+01
  2.73873171e+01 1.46320447e+01 1.24671795e+01 4.63459572e+01
  5.72176917e+00 5.52913362e+00 6.61389574e+00 5.30231794e+00
  2.44008646e+01 3.45839695e+01 2.34492762e+01]]