[[3.42038555e+01 3.50784929e+01 5.58136223e+01 6.25211339e+01
  1.16483521e+02 1.70571680e+02 4.67870955e+02 8.28200817e+02
  8.82116085e+02 5.45343749e+02 1.84389078e+01 2.26277537e+01
  3.00741734e+01 2.28508652e+01 1.92848994e+02 1.74353159e+02
  8.83941272e+00 1.95760845e-27 5.11610421e+01 5.71574314e+02
  4.40814303e+01 5.64134677e+01 1.51470593e+02 1.95807125e+02
  2.53705493e+01 3.34985426e+01 3.26655246e+01 1.54765260e+01
  5.61387716e+00 5.43076031e+00 2.88998772e+01 1.75562760e+01
  1.45835639e+01 1.56911049e+01 1.82632650e+01]
 [5.34580508e+00 4.84397094e+00 5.46702269e+00 4.90479810e+00
  5.92075069e+00 4.58902991e+00 8.87714281e+00 7.65252050e+00
  1.45510102e+01 9.46980194e+00 3.50689684e+00 3.12978259e+00
  4.73828464e+00 2.69048866e+00 6.84598917e+00 4.12375921e+00
  2.33859553e+00 6.86583928e-29 3.17381292e+00 1.05149959e+01
  4.22828333e+00 3.48862986e+00 7.48909740e+00 4.24143143e+00
  4.86509253e+00 4.18250045e+00 5.05431780e+00 3.67817713e+00
  2.00187420e+00 1.25091384e+00 2.89225162e+00 1.61155662e+00
  1.45121850e+00 1.77499604e+00 2.10384562e+01]
 [1.51425277e+01 1.55798368e+01 1.68719518e+01 1.64352887e+01
  2.19506312e+01 2.29590460e+01 5.38326119e+01 5.31536358e+01
  1.45607611e+02 9.92228501e+01 8.89830124e+00 7.80038111e+00
  1.04238198e+01 9.01056052e+00 4.02279577e+01 3.24553935e+01
  6.31445004e+00 3.90694263e-29 2.41474745e+01 8.49119860e+01
  1.23335150e+01 1.07103122e+01 2.97086886e+01 2.87281116e+01
  1.32086728e+01 1.32163419e+01 1.50689835e+01 1.09267009e+01
  3.57609650e+00 3.72079300e+00 1.44830355e+01 8.43999771e+00
  2.29095824e+00 3.58610030e+00 3.86587620e-01]
 [4.93686268e+01 4.92182187e+01 5.20416607e+01 5.08631371e+01
  5.65723363e+01 6.23027993e+01 9.62454239e+01 1.27943687e+02
  1.53125297e+02 1.42099983e+02 2.31953818e+01 2.42943469e+01
  1.19776697e+01 1.58419350e+01 4.99320735e+01 6.37783253e+01
  1.72549772e+01 1.95854200e-28 3.20429854e+01 1.21309143e+02
  3.03932248e+01 3.28166542e+01 4.44029520e+01 5.50580175e+01
  3.83322429e+01 3.64080358e+01 4.88950746e+01 3.30609719e+01
  9.89906322e+00 9.15028360e+00 1.43735080e+01 1.42532448e+01
  4.96886907e+00 6.06323916e+00 3.92886263e+00]
 [2.29129029e-28 9.18048767e+00 1.38362905e+01 1.05594501e+01
  1.48849564e+01 1.78348230e+01 2.38964223e+01 6.18485177e+01
  4.29815800e+01 5.50946079e+01 4.48820680e+00 4.27584090e+00
  3.10804528e+00 4.37423081e+00 1.30855211e+01 2.92938942e+01
  2.94362218e+00 1.01572358e-29 9.63530297e+00 4.08480368e+01
  6.63123131e+00 7.09597269e+00 1.05474271e+01 1.95906626e+01
  7.18156812e+00 6.16659929e+00 8.76469076e+00 4.90117517e+00
  1.74817141e+00 1.32675092e+00 2.87557354e+00 4.40146034e+00
  2.87231923e+00 2.58610481e+00 3.97105506e+00]
 [5.65203637e+00 5.28749838e+00 6.44687213e+00 5.00484889e+00
  7.23283275e+00 7.35724209e+00 1.48080913e+01 2.57472537e+01
  3.00865627e+01 2.13457186e+01 3.10271706e+00 2.89023882e+00
  5.67915353e+00 4.49288734e+00 9.20930728e+00 9.91127402e+00
  2.15763590e+00 5.76479208e-29 4.62520885e+00 2.00647057e+01
  4.72082550e+00 4.80569508e+00 7.24592925e+00 9.67150058e+00
  4.28188281e+00 3.80209135e+00 5.40745460e+00 3.23170678e+00
  1.69781857e+00 1.29795842e+00 3.17592180e+00 2.27999068e+00
  1.16157661e+00 1.07382400e+00 2.75677833e+00]
 [1.52788145e+01 1.53260960e+01 1.96908262e+01 1.91626605e+01
  3.44279279e+01 3.16577701e+01 9.77275765e+01 1.09386849e+02
  2.17561587e+02 2.43583602e+02 9.86972744e+00 1.08775005e+01
  8.74621259e+00 7.05213422e+00 6.16581397e+01 7.37253840e+01
  8.27596755e+00 6.83225939e-29 8.46373728e+01 2.07662815e+02
  1.57348481e+01 1.32851632e+01 3.79660147e+01 3.37120046e+01
  1.25625072e+01 1.33790385e+01 1.48542970e+01 1.04689417e+01
  6.65249465e+00 1.03940762e+01 1.90881527e+01 1.79476336e+01
  5.70484092e+00 9.33143714e+00 1.34008647e+01]
 [1.83901031e+01 1.75164424e+01 1.82546574e+01 1.72403766e+01
  2.23867158e+01 2.44350108e+01 7.55368809e+01 1.28158207e+02
  1.27145822e+02 1.02416679e+02 9.51837876e+00 9.50129099e+00
  8.09319470e+00 9.06461213e+00 4.99266132e+01 6.87792846e+01
  7.61537824e+00 1.03326996e-28 2.61162826e+01 9.35190959e+01
  1.31434615e+01 1.13457015e+01 2.68210064e+01 3.49950176e+01
  1.40522618e+01 1.37788036e+01 1.75665393e+01 1.17846017e+01
  4.05115237e+00 3.01820842e+00 1.12283517e+01 1.53852966e+01
  2.81636509e+01 2.27246155e+00 1.31829367e+01]
 [1.42812860e+01 1.30360620e+01 1.78084846e+01 1.19177988e+01
  2.75101242e+01 2.27028037e+01 6.99438334e+01 8.70183765e+01
  1.14042665e+02 1.04987373e+02 7.25839401e+00 5.26048884e+00
  6.30551569e+00 4.50711464e+00 2.25064876e+01 2.19052825e+01
  4.74745675e+00 2.36305993e-28 1.36648583e+01 9.81504843e+01
  1.22266277e+01 7.79998260e+00 2.28514771e+01 1.97567294e+01
  1.02627601e+01 7.88928093e+00 1.26680594e+01 7.67868743e+00
  2.77302203e+00 1.98099598e+00 5.50032876e+00 4.71045693e+00
  6.02164109e+00 6.01416879e+00 2.97232745e+01]
 [4.06548703e+00 3.86126818e+00 4.22081696e+00 4.62463980e+00
  5.97091986e+00 6.00684082e+00 1.90244146e+01 2.59843950e+01
  3.99174038e+01 4.26742174e+01 2.07266398e+00 3.00759323e+00
  1.92961069e+00 2.54720284e+00 1.33901485e+01 1.63624849e+01
  1.81734016e+00 1.72775384e-29 1.04819294e+01 3.34765822e+01
  2.63228708e+00 3.30805209e+00 7.71193633e+00 8.58071167e+00
  2.99938711e+00 3.60574352e+00 4.09477230e+00 2.85771859e+00
  1.08509852e+00 9.66795049e-01 3.00403358e+00 3.16346225e+00
  1.02439523e+00 1.61941021e+00 6.10586737e+00]
 [2.80251106e+01 2.82886172e+01 3.93041109e+01 3.34355309e+01
  6.17875880e+01 4.40955190e+01 2.01526440e+02 1.62999758e+02
  2.23523292e+02 1.77301141e+02 1.19315637e+01 1.17608436e+01
  1.63245755e+01 8.83569708e+00 6.50579599e+01 7.14381253e+01
  7.68018640e+00 3.45789616e-28 2.80711548e+01 1.51505953e+02
  2.47797127e+01 1.99489353e+01 5.10892205e+01 4.36052545e+01
  1.79813203e+01 2.26874665e+01 2.58169632e+01 1.31208177e+01
  4.71537072e+00 4.16232646e+00 1.46143039e+01 1.01198411e+01
  7.50928409e+00 8.63844136e+00 1.11015209e+01]
 [1.06412148e+01 1.08167794e+01 1.16445322e+01 1.11175062e+01
  1.19024542e+01 1.12002163e+01 1.83753537e+01 1.54791797e+01
  4.06743600e+01 3.32712058e+01 6.30004474e+00 6.58659120e+00
  4.69050586e+00 4.95692101e+00 1.18535469e+01 9.96730974e+00
  5.34445891e+00 3.78212153e-29 6.57886280e+00 3.19943693e+01
  9.10530991e+00 8.21030444e+00 1.03172560e+01 9.61054986e+00
  8.46240421e+00 8.29354263e+00 1.08811383e+01 7.58471957e+00
  3.22639414e+00 3.30501087e+00 3.54157202e+00 3.03641496e+00
  2.68893255e+00 1.34881458e+00 9.52104296e+00]
 [1.25801626e+01 1.34049936e+01 1.20059796e+01 1.18158867e+01
  1.88474756e+01 1.40686597e+01 5.54442287e+01 3.78162651e+01
  5.29345783e+01 3.76742871e+01 5.54647169e+00 6.29379736e+00
  4.92417182e+00 3.89584588e+00 2.37592056e+01 1.48011162e+01
  4.37269968e+00 6.68338810e-29 1.00370437e+01 3.08156906e+01
  7.81845029e+00 7.55892652e+00 1.95183186e+01 1.34321186e+01
  8.78031764e+00 8.76487989e+00 1.21632966e+01 6.89623545e+00
  2.23695118e+00 2.29600438e+00 5.86286396e+00 3.14610070e+00
  2.83290449e+00 2.89458737e+00 1.62959986e+01]
 [4.12234869e+01 4.23270154e+01 3.55165483e+01 3.61050256e+01
  5.07370849e+01 4.34960983e+01 2.05417163e+02 1.88962151e+02
  2.34127560e+02 2.61721963e+02 1.98789209e+01 2.27154191e+01
  1.57224824e+01 1.23140603e+01 1.15407885e+02 8.13998098e+01
  1.97434768e+01 1.57668434e-28 5.63036049e+01 1.80836527e+02
  2.46155076e+01 2.42562720e+01 6.86797179e+01 4.95558937e+01
  3.04152381e+01 3.43273558e+01 4.01876847e+01 2.80972199e+01
  9.52464115e+00 9.95042498e+00 3.20960400e+01 1.91845084e+01
  1.07536866e+01 8.87388960e+00 5.91753294e+01]
 [2.53810601e+01 2.65450046e+01 2.68586521e+01 2.26028510e+01
  4.10817122e+01 2.58527734e+01 1.26972018e+02 1.18171545e+02
  2.13748392e+02 2.15925935e+02 1.36135121e+01 1.32422724e+01
  1.92364707e+01 9.46560877e+00 8.13616557e+01 7.25632768e+01
  1.26650140e+01 8.49257026e-29 4.58293919e+01 1.87200778e+02
  2.05276077e+01 1.37192125e+01 5.63895524e+01 3.66551587e+01
  2.03130724e+01 2.19557859e+01 2.64274574e+01 1.95413819e+01
  7.38394905e+00 6.08216046e+00 2.68895087e+01 1.56994126e+01
  5.60177278e+00 7.31083281e+00 5.97329772e+01]
 [6.19078364e+00 6.29563339e+00 8.56169857e+00 7.73405366e+00
  1.41200595e+01 1.46557797e+01 3.63604591e+01 6.41361271e+01
  6.45803017e+01 7.04861221e+01 2.72403363e+00 3.67118231e+00
  3.02478310e+00 3.31694788e+00 1.29182507e+01 1.55595245e+01
  1.58741281e+00 2.23185781e-30 4.65246441e+00 4.70649406e+01
  4.24468760e+00 6.15043144e+00 1.16272873e+01 1.59931961e+01
  3.70904201e+00 5.20263759e+00 6.11900291e+00 3.17755290e+00
  9.46805586e-01 8.61046194e-01 2.58353675e+00 2.33521055e+00
  4.74099709e+00 5.09301061e+00 1.12352714e+01]
 [7.27174834e+00 7.03087337e+00 6.91052155e+00 7.21505369e+00
  1.06733350e+01 1.07572094e+01 2.31300955e+01 2.44572056e+01
  3.63871061e+01 2.84413243e+01 2.49059665e+00 3.23836069e+00
  4.32855952e+00 4.15006741e+00 1.84391373e+01 1.26898240e+01
  2.27259648e+00 5.38013648e-29 8.57960097e+00 3.00056274e+01
  5.10962963e+00 5.08312280e+00 1.33760039e+01 1.10678107e+01
  4.55525192e+00 5.14832237e+00 6.64032063e+00 3.51634626e+00
  1.21416177e+00 1.24243672e+00 5.86057000e+00 3.78474972e+00
  1.92430666e+00 1.99949549e+00 1.43674446e+00]
 [3.52934261e+01 3.64800576e+01 3.72035425e+01 3.85027786e+01
  5.57572390e+01 7.14451555e+01 1.15543003e+02 1.65190167e+02
  1.41230087e+02 1.47273207e+02 1.76398010e+01 2.28588715e+01
  2.07614139e+01 3.43917691e+01 7.68189741e+01 8.76880735e+01
  1.68212456e+01 8.26469382e-29 5.19237244e+01 1.13549762e+02
  2.38655886e+01 3.31267417e+01 6.49518907e+01 8.66354099e+01
  2.54088643e+01 2.80574616e+01 3.28682394e+01 2.47468337e+01
  8.68813549e+00 8.56339097e+00 3.48148443e+01 3.35613131e+01
  6.83106270e+00 5.81451424e+00 1.55428349e+01]
 [1.14547400e+01 1.14863845e+01 1.50944772e+01 1.27410401e+01
  3.61507159e+01 3.12471185e+01 4.92570526e+01 4.37857613e+01
  3.51058640e+01 3.18367322e+01 6.36968320e+00 5.82963599e+00
  8.48689626e+00 5.79241773e+00 1.98456398e+01 1.64937075e+01
  4.47640801e+00 1.40389784e-28 9.33161654e+00 3.01479312e+01
  1.38804310e+01 1.04347708e+01 3.19376551e+01 2.44445876e+01
  8.72889113e+00 8.59523866e+00 1.12752295e+01 7.36586790e+00
  2.43230308e+00 2.52536136e+00 6.48745973e+00 4.38367228e+00
  2.95776528e+00 2.80010899e+00 6.96807465e+00]
 [2.62552354e+01 1.86571129e+01 3.32426680e+02 6.68071082e+01
  1.16777966e+02 6.85026987e+01 2.99256916e+01 6.70309721e+01
  3.54452171e+01 3.80457690e+01 6.59480237e+00 1.34984171e+01
  7.64658073e+00 7.93854644e+00 1.93130901e+01 1.34867166e+01
  5.77929983e+00 1.49094455e-28 1.30289020e+01 3.13028185e+01
  9.69191860e+01 3.66792447e+01 1.73675430e+01 1.54046659e+01
  2.69433282e+01 1.30903766e+01 1.15240622e+01 4.39459225e+01
  3.09426408e+00 3.00691463e+00 9.22495142e+00 5.47287272e+00
  2.18792028e+01 2.87208363e+01 1.27794426e+01]]