[[1.52927037e+02 4.23595333e+02 1.66487367e+02 1.97160702e+02
  4.64053236e+01 2.02492927e+02 6.92060463e+01 1.19590997e+02
  1.00152623e+02 6.29565069e+01 7.56764058e+01 6.48932276e+01
  1.45729000e+01 9.46431009e+00 2.73480297e+01 2.57745401e+01
  4.07233994e+01 4.99939042e-28 1.19187859e+01 6.43974140e+01
  1.98233950e+02 4.64622414e+01 2.82929925e+01 3.34495343e+01
  3.78123353e+02 5.40970757e+02 1.99690947e+02 9.57913927e+01
  8.26136166e+00 7.95361581e+00 6.08368023e+00 4.31776752e+00
  4.77645530e+02 4.43013582e+02 4.60463471e+01]
 [2.94487248e+02 3.74351080e+02 2.10482119e+02 2.09996434e+02
  9.09281785e+01 6.13861709e+01 7.96613267e+01 9.95193897e+01
  9.40119681e+01 8.74069420e+01 6.39668552e+01 5.87957877e+01
  1.99827005e+01 1.82553004e+01 4.14441703e+01 3.76818153e+01
  3.88260128e+01 1.00064305e-27 2.62085559e+01 9.08364759e+01
  7.94783453e+01 7.09341827e+01 5.06383476e+01 4.09981224e+01
  1.63553049e+02 2.74027955e+02 3.29391326e+02 2.14249103e+02
  1.71535143e+01 1.49928296e+01 1.54386218e+01 1.23671928e+01
  4.18272594e+02 2.59331695e+02 8.90619785e+01]
 [6.29771380e+01 7.44489413e+01 5.59502246e+01 6.53113127e+01
  2.67140021e+01 2.55596427e+01 2.09254641e+01 3.29354045e+01
  2.23423907e+01 2.03297301e+01 2.44422225e+01 1.60479567e+01
  5.58169472e+00 5.16092240e+00 9.94233962e+00 9.75073033e+00
  2.51163682e+01 4.07003716e-29 7.52278685e+00 1.98757543e+01
  1.78133321e+01 2.13946180e+01 1.27838797e+01 1.22542216e+01
  4.02570115e+01 5.42568014e+01 5.43902901e+01 4.61275135e+01
  5.43591037e+00 5.15194288e+00 4.04650775e+00 3.50784597e+00
  1.31920091e+02 3.35143578e+01 2.57540549e+00]
 [8.32973451e+01 6.80043109e+01 1.61354580e+02 1.50345954e+02
  4.10189478e+01 4.43347536e+01 2.60400365e+01 3.90189983e+01
  3.01470097e+01 3.27020913e+01 2.84287845e+01 2.93791780e+01
  8.01110781e+00 9.42712299e+00 1.30169390e+01 1.94914867e+01
  1.10066424e+01 7.43855504e-29 9.34225040e+00 2.60134819e+01
  3.89677565e+01 3.73364659e+01 1.91801404e+01 2.21027559e+01
  7.77573374e+01 5.27492012e+01 5.43621499e+01 2.97005805e+01
  6.41320631e+00 5.49229637e+00 4.25885356e+00 5.22596669e+00
  7.90093216e+01 2.73148913e+02 3.13698876e+01]
 [1.47475109e-27 1.06700296e+02 4.44759410e+02 2.24881352e+02
  5.50920719e+01 5.22514065e+01 3.34074111e+01 2.71425912e+01
  2.24299110e+01 2.50129893e+01 3.69878013e+01 5.36408038e+01
  1.47839426e+01 1.23322987e+01 1.30567175e+01 1.56238764e+01
  8.75628698e+00 7.39202905e-29 7.85736491e+00 1.98725351e+01
  6.15807224e+01 5.08696765e+01 2.33377500e+01 2.19446892e+01
  9.22249902e+01 8.74522393e+01 6.61295861e+01 2.11788882e+01
  7.36233436e+00 6.03079434e+00 4.07555421e+00 4.16226684e+00
  6.74818405e+02 4.52397995e+02 5.32936150e+01]
 [1.44386016e+02 1.95654012e+02 1.04907430e+02 4.65497552e+01
  2.53628541e+01 1.48203693e+01 1.78007155e+01 1.62250771e+01
  2.01634313e+01 1.77092882e+01 2.32515046e+01 1.81945388e+01
  6.59807294e+00 5.22713780e+00 9.83087198e+00 1.04151913e+01
  1.80858740e+01 1.07483751e-28 7.62777595e+00 1.83324583e+01
  2.68814966e+01 1.36895860e+01 1.16820660e+01 9.53612112e+00
  1.30016147e+02 6.56639477e+01 1.39084808e+02 4.72678282e+01
  7.41163302e+00 5.29548532e+00 4.04151156e+00 3.72366284e+00
  2.15313795e+02 1.20040789e+02 8.71921781e+00]
 [8.95511823e+02 3.08060897e+02 4.95982757e+02 3.80969406e+02
  3.44461889e+02 2.47629260e+02 1.94049153e+02 5.39419904e+01
  1.33568118e+02 2.56901970e+02 7.78930100e+01 8.74147086e+01
  4.43226452e+01 8.94702806e+02 4.74292042e+01 4.03310209e+01
  7.32301586e+01 1.07939113e-27 5.20681505e+01 8.62199437e+01
  2.41402514e+02 8.84723181e+01 4.86861290e+01 4.42986852e+01
  3.29059359e+02 4.14740594e+02 3.36571418e+02 1.02571218e+02
  2.97944068e+02 8.11201198e+01 1.39520901e+01 9.22217503e+00
  1.26704380e+03 6.33601514e+03 4.09736688e+02]
 [1.02975520e+02 8.57329296e+01 1.42502484e+02 9.95049797e+01
  5.14531106e+01 3.72838093e+01 3.60680238e+01 5.09947392e+01
  4.37723732e+01 4.32199601e+01 2.94495274e+01 2.97063022e+01
  1.30485915e+01 1.36031291e+01 2.41847127e+01 2.94324962e+01
  1.89434632e+01 5.47793849e-28 1.87493481e+01 3.94656912e+01
  2.74899404e+01 3.72605177e+01 2.26619670e+01 2.67172811e+01
  5.12361145e+01 6.51646612e+01 7.38204122e+01 4.33829289e+01
  1.07299051e+01 1.04336938e+01 8.98304853e+00 1.20396131e+01
  6.71896383e+02 6.51785110e+01 2.16971250e+02]
 [5.02331221e+01 5.84020212e+01 5.89651514e+01 7.61453539e+01
  3.22540900e+01 3.22449709e+01 3.06050322e+01 4.48668709e+01
  3.62595817e+01 3.44915774e+01 1.85917340e+01 1.71170475e+01
  1.27304763e+01 6.82268117e+00 1.63757619e+01 1.36311170e+01
  1.08440331e+01 4.85812351e-28 9.98081541e+00 3.14779080e+01
  2.70070977e+01 2.69364328e+01 1.98406085e+01 1.44192467e+01
  4.69936828e+01 6.59941655e+01 3.55422795e+01 1.58853600e+01
  7.57724971e+00 7.47718859e+00 6.69943633e+00 5.25665480e+00
  9.31526263e+01 1.26149736e+02 1.74093357e+02]
 [9.77814089e+01 9.17632382e+01 9.26650446e+01 6.99056830e+01
  5.40282578e+01 7.06524973e+01 4.55059898e+01 3.18877148e+01
  3.31497569e+01 3.02074226e+01 2.48755718e+01 1.97143445e+02
  1.16912333e+01 1.66159350e+01 1.91082730e+01 2.13004147e+01
  1.63118931e+01 2.67805467e-28 1.72794804e+01 2.98120931e+01
  3.24094253e+01 3.74560735e+01 3.19998027e+01 1.91321399e+01
  4.15901527e+01 3.73016109e+01 7.30034997e+01 2.87231563e+01
  6.02870856e+00 9.95230312e+00 5.31058875e+00 6.10849438e+00
  4.74077238e+01 6.63136706e+01 1.23021619e+02]
 [1.48046011e+02 2.09774621e+02 9.27166072e+02 1.23991733e+03
  9.18935158e+02 4.57922286e+01 9.21655238e+01 4.28941254e+01
  4.95346125e+01 4.06985384e+01 6.49494307e+02 6.52018832e+02
  1.63674234e+01 1.15928282e+01 3.39641280e+01 1.92862360e+01
  1.13475449e+02 2.65561045e-28 1.15453285e+01 3.58689618e+01
  9.93489974e+01 6.16885603e+01 3.46957214e+01 2.38278513e+01
  1.72483995e+02 2.60481007e+02 1.32288375e+02 2.00353817e+02
  3.24247682e+01 1.34803925e+01 8.29854883e+00 9.24178616e+00
  3.98939756e+02 3.06758398e+02 1.78980408e+02]
 [8.22610433e+01 8.88524569e+01 8.77990232e+01 8.36822333e+01
  7.93001928e+01 6.39013169e+01 6.67706318e+01 5.95502378e+01
  1.13538892e+02 9.70458181e+01 4.28121466e+01 4.01512668e+01
  2.24517560e+01 1.71092637e+01 4.15356293e+01 3.31628539e+01
  4.82930409e+01 2.26879725e-28 2.44893078e+01 9.19336026e+01
  6.01308684e+01 4.81170159e+01 5.28091860e+01 5.29203281e+01
  6.29136729e+01 5.55404304e+01 9.42663063e+01 5.20034375e+01
  1.77175921e+01 3.80034139e+01 1.24651760e+01 1.09210867e+01
  9.96436713e+01 3.27568817e+01 9.41945036e+01]
 [1.01812660e+02 1.65810266e+02 2.62555659e+02 2.35167656e+02
  7.30089530e+01 4.21135875e+01 1.90921212e+01 1.97035166e+01
  1.69932439e+01 1.49720840e+01 3.75262826e+01 3.91230286e+01
  1.87660077e+01 1.45142157e+01 1.16230306e+01 1.02608107e+01
  8.68991722e+00 3.17685596e-28 6.45440205e+00 1.44859773e+01
  7.14170521e+01 6.23803825e+01 2.54191094e+01 1.92077751e+01
  8.13906936e+01 8.49336116e+01 8.85051169e+01 2.15249858e+01
  8.78634888e+00 7.74996133e+00 5.41049670e+00 3.88674664e+00
  4.08215330e+02 2.02457348e+02 1.29165699e+02]
 [6.09989306e+02 7.35641320e+02 9.44628961e+01 1.59100602e+02
  6.35269318e+01 5.40306540e+01 6.79853266e+01 7.51813813e+01
  5.58456424e+01 7.74894396e+01 5.58833355e+01 7.01448621e+01
  1.41767732e+01 1.62610507e+01 3.61059015e+01 2.69151914e+01
  5.47230690e+01 8.84568283e-28 2.00229333e+01 5.63133885e+01
  4.42243537e+01 4.68743374e+01 4.70111894e+01 3.79701707e+01
  1.59296925e+02 2.34412480e+02 4.81607006e+02 1.26313718e+02
  1.52777277e+01 2.09468837e+01 1.08307580e+01 6.97565443e+00
  1.50768879e+03 8.33236648e+02 8.56156820e+02]
 [9.73564987e+01 1.01444338e+02 5.37256425e+01 3.79086673e+01
  2.86039028e+01 2.59273884e+01 5.13975021e+01 7.13072547e+01
  6.05338666e+01 6.26195577e+01 1.39219687e+01 1.69958190e+01
  9.18724875e+00 6.78241874e+00 3.21499754e+01 3.67093961e+01
  1.18156202e+01 9.68107301e-29 1.87157493e+01 4.95645565e+01
  2.78265170e+01 1.62619914e+01 2.49237946e+01 2.38943846e+01
  7.80434363e+01 8.08084149e+01 8.26753817e+01 5.96669633e+01
  7.01419982e+00 5.79540346e+00 1.09022108e+01 7.76158717e+00
  1.03847302e+02 1.05701429e+02 3.58914326e+02]
 [6.75877202e+01 8.15397151e+01 1.26393453e+02 1.32325951e+02
  9.18926686e+01 8.93108166e+01 3.17161733e+01 2.82465285e+01
  2.93841700e+01 2.95592932e+01 2.28382667e+01 3.27192829e+01
  1.26165619e+01 1.37633125e+01 1.55885955e+01 1.41320577e+01
  1.26121655e+01 1.90322642e-29 1.05400922e+01 2.78219403e+01
  3.96473043e+01 1.38885016e+02 2.10954154e+01 2.74067665e+01
  3.81910855e+01 5.88172056e+01 7.35730125e+01 2.85722307e+01
  8.02570275e+00 6.77780511e+00 5.88519502e+00 4.28649561e+00
  1.57192871e+02 9.52488740e+01 2.87156710e+01]
 [7.01998568e+01 4.88158059e+01 6.50951413e+01 4.38818095e+01
  2.61904345e+01 2.76184736e+01 2.90750296e+01 2.90705389e+01
  3.05378218e+01 2.91634845e+01 1.06556139e+01 1.59560358e+01
  1.09025486e+01 8.86232915e+00 1.90414910e+01 1.28006322e+01
  1.03194708e+01 6.25232459e-29 1.00875896e+01 2.87419034e+01
  2.09431517e+01 1.86701712e+01 1.86458880e+01 1.64073826e+01
  2.94060737e+01 3.40053851e+01 6.33625033e+01 1.71108501e+01
  4.64432849e+00 4.33767730e+00 6.46262865e+00 4.71207268e+00
  5.44208527e+01 3.39553057e+01 1.55420798e+01]
 [2.95992459e+02 1.54984738e+02 3.45433344e+02 3.88567128e+02
  8.83797182e+01 1.11914649e+02 6.71191488e+01 6.42036640e+01
  9.37312136e+01 8.16251526e+01 5.88327939e+01 7.08609529e+01
  2.56526902e+01 2.24846672e+01 5.50742125e+01 4.09424007e+01
  2.41478981e+01 1.63261763e-28 6.12768157e+01 8.33402790e+01
  8.65916654e+01 1.04083065e+02 4.99074217e+01 4.46295765e+01
  1.45220020e+02 1.04306805e+02 1.34408989e+02 5.45265667e+01
  1.86681059e+01 1.34792971e+01 2.46012147e+01 1.90831149e+01
  1.08026082e+02 5.14887929e+02 8.31485398e+01]
 [6.47839293e+01 6.76920010e+01 6.28012169e+01 6.04508633e+01
  5.05002727e+01 4.51270990e+01 5.45092273e+01 5.09430362e+01
  5.66212390e+01 5.15000985e+01 2.47016610e+01 3.11162580e+01
  1.32360257e+01 1.02069985e+01 2.46013666e+01 2.46088510e+01
  1.56002282e+01 1.87855075e-28 1.47511104e+01 5.18691115e+01
  3.61171548e+01 3.15352961e+01 3.28895703e+01 3.94543403e+01
  4.17894717e+01 4.93123612e+01 6.43793620e+01 3.50705190e+01
  6.80311689e+00 7.55553091e+00 8.59860139e+00 6.35437321e+00
  3.37310452e+01 1.86617069e+01 4.71688181e+01]
 [2.62028344e+02 2.70055770e+02 2.57558885e+03 5.58957673e+02
  1.16748763e+03 4.01920811e+02 2.63711440e+02 5.08071986e+02
  1.40324498e+02 2.25365096e+02 7.06104505e+01 1.11081638e+02
  3.38136557e+01 2.10919383e+01 8.82593606e+01 3.34897922e+01
  6.10057099e+01 8.03154587e-28 2.91076660e+01 1.93606868e+02
  8.98236680e+02 2.31157296e+02 1.91853453e+02 1.30690238e+02
  2.97118352e+02 1.09644868e+02 1.51117736e+02 3.38370633e+02
  1.97044326e+01 1.61840777e+01 1.96434436e+01 1.02746646e+01
  2.07177319e+02 2.73550406e+02 9.41490058e+01]]