[[1.29540854e+01 1.32223869e+01 1.66444471e+01 1.30187089e+01
  1.71249514e+01 1.99558430e+01 4.80592246e+01 6.97755529e+01
  6.32808598e+01 4.33955768e+01 7.43252330e+00 6.60132285e+00
  5.27403372e+00 3.69257146e+00 1.83989263e+01 1.80061926e+01
  5.17850699e+00 1.85851177e-28 8.83156318e+00 4.19107852e+01
  1.09420639e+01 9.02458166e+00 1.66956138e+01 1.82579541e+01
  1.09038008e+01 1.08306712e+01 1.24185673e+01 7.54321709e+00
  2.64917123e+00 2.24651969e+00 4.19668464e+00 2.95764576e+00
  5.27932993e+00 3.63156957e+00 5.89875437e+00]
 [2.15503515e+01 2.28880737e+01 2.23225073e+01 2.25471477e+01
  1.93918340e+01 1.93513042e+01 2.12038400e+01 2.30744520e+01
  2.31558819e+01 2.15272689e+01 1.17237092e+01 1.25766388e+01
  5.44617489e+00 6.19794313e+00 1.04761434e+01 1.09210371e+01
  8.13726742e+00 1.40890852e-28 6.54034688e+00 2.12919957e+01
  1.48708001e+01 1.56565976e+01 1.26638076e+01 1.36098470e+01
  1.70927594e+01 1.81503423e+01 2.21264459e+01 1.47005565e+01
  5.92464601e+00 3.83387998e+00 3.84196472e+00 3.82610190e+00
  4.09795674e+00 5.40163338e+00 1.34953513e+01]
 [8.85437371e+00 9.09888738e+00 1.06009518e+01 9.15090499e+00
  9.66029761e+00 9.33190928e+00 1.29113774e+01 1.37242297e+01
  1.39033507e+01 1.38937567e+01 5.13278654e+00 3.67449716e+00
  2.39059604e+00 2.36022459e+00 5.26106864e+00 5.92641860e+00
  2.84142227e+00 5.73298365e-30 3.60349862e+00 1.26879271e+01
  5.58915336e+00 5.25491348e+00 6.37085655e+00 6.78629898e+00
  7.50906450e+00 6.83644279e+00 8.33450731e+00 6.37155884e+00
  1.52404766e+00 1.45657942e+00 1.80577306e+00 1.77774453e+00
  3.29129849e+00 3.73614561e+00 3.48441878e-01]
 [3.02801681e+01 3.50693547e+01 2.28643841e+01 2.68942872e+01
  1.85208426e+01 2.17337452e+01 2.11625843e+01 2.46233256e+01
  2.42770853e+01 2.61319236e+01 1.24559647e+01 1.65743594e+01
  4.26384948e+00 5.63099094e+00 1.00529529e+01 1.26864337e+01
  1.21182963e+01 3.36873885e-29 7.52547875e+00 2.34175151e+01
  1.24080890e+01 1.62998647e+01 1.36330115e+01 1.46767644e+01
  2.32119949e+01 2.82772540e+01 3.05900930e+01 2.55643189e+01
  4.83942004e+00 4.97529881e+00 3.26639424e+00 3.84342901e+00
  6.65378646e+00 1.04004948e+01 3.47129302e+00]
 [1.96886908e-28 9.96339713e+00 1.97188881e+01 1.14056065e+01
  1.00490012e+01 8.91707721e+00 1.07525541e+01 1.04146716e+01
  9.79960907e+00 9.30146599e+00 5.25224525e+00 5.38492264e+00
  2.60277425e+00 2.35014028e+00 5.27402225e+00 5.49960177e+00
  3.48207874e+00 9.83178952e-30 3.53492242e+00 9.21001031e+00
  7.53110345e+00 6.53279220e+00 6.21444334e+00 5.65414754e+00
  8.25527921e+00 6.72889543e+00 9.53326572e+00 5.81013685e+00
  1.76025709e+00 1.70342435e+00 1.63453706e+00 1.66870577e+00
  4.44049545e+00 4.05753018e+00 5.45224333e+00]
 [9.90825143e+00 9.96906123e+00 7.83445564e+00 6.54591609e+00
  7.45657409e+00 5.78864028e+00 7.33470356e+00 6.62471426e+00
  7.46658494e+00 6.43774908e+00 3.93065325e+00 3.35330355e+00
  2.15854513e+00 1.69019768e+00 3.88230170e+00 3.29859658e+00
  3.18605478e+00 3.29499890e-29 2.23989173e+00 6.90580691e+00
  5.49732717e+00 3.82411859e+00 4.83335482e+00 3.98347212e+00
  6.55565970e+00 5.21476796e+00 9.24575059e+00 5.12972894e+00
  1.87684666e+00 1.17320225e+00 1.36756215e+00 1.16045927e+00
  4.67297984e+00 3.35659247e+00 1.91305354e+00]
 [1.66461192e+01 1.55471107e+01 2.20900427e+01 1.58770685e+01
  1.70761742e+01 1.55000354e+01 2.92110768e+01 3.28189168e+01
  3.99030236e+01 4.67756350e+01 9.65108998e+00 9.45682347e+00
  5.74315919e+00 5.36819313e+00 1.78053782e+01 1.67966241e+01
  9.92428733e+00 2.56128530e-29 1.98783557e+01 3.71393875e+01
  1.41442460e+01 9.84559757e+00 1.54145710e+01 1.41215649e+01
  1.33375952e+01 1.27232945e+01 1.65264956e+01 1.32258719e+01
  5.70188093e+00 1.05898759e+01 5.83435073e+00 4.81687268e+00
  1.08892587e+01 1.15032508e+01 1.85605855e+01]
 [3.93245188e+01 3.29285505e+01 2.80378621e+01 2.52192565e+01
  2.52667654e+01 2.88607969e+01 4.14543436e+01 4.91231758e+01
  4.28568643e+01 3.61816244e+01 1.83995675e+01 1.52106199e+01
  7.61519022e+00 7.39675529e+00 2.18245297e+01 2.25577519e+01
  2.48792512e+01 1.28757648e-28 1.15402978e+01 3.53734534e+01
  1.77251444e+01 1.61888094e+01 1.82199027e+01 2.33468484e+01
  3.33121837e+01 2.39677849e+01 4.20662091e+01 3.89201400e+01
  8.86174360e+00 5.05146149e+00 5.56254578e+00 6.66544133e+00
  6.35578515e+01 3.90075277e+00 3.08110550e+01]
 [9.02546717e+00 9.14919159e+00 9.33559573e+00 9.00594364e+00
  9.47055094e+00 8.66117105e+00 1.27154536e+01 1.49695519e+01
  1.32217281e+01 1.38669883e+01 4.37106145e+00 4.42589432e+00
  3.05421362e+00 2.14162451e+00 5.39762769e+00 4.65271072e+00
  3.33125314e+00 7.62274183e-29 3.07602508e+00 1.29708256e+01
  6.38435587e+00 5.14102862e+00 6.68369030e+00 5.76833727e+00
  6.18141884e+00 6.26204995e+00 7.73472299e+00 5.12489953e+00
  1.85147890e+00 1.81248951e+00 2.18897748e+00 1.40150022e+00
  3.70198768e+00 3.71379205e+00 2.32253705e+01]
 [5.09323127e+00 4.93991490e+00 5.56117668e+00 5.61773862e+00
  5.68114440e+00 5.92095122e+00 7.23848636e+00 8.98160558e+00
  9.01181916e+00 9.23826470e+00 2.65450539e+00 6.40350806e+00
  2.02234794e+00 2.70035817e+00 4.74073722e+00 5.35657555e+00
  1.96833737e+00 1.73604698e-29 3.26228365e+00 8.29210478e+00
  3.69792656e+00 4.21648448e+00 4.98985453e+00 5.33686507e+00
  3.80202465e+00 4.30562488e+00 4.95942225e+00 3.46303798e+00
  1.16275085e+00 1.36589173e+00 1.72367593e+00 1.65464843e+00
  1.69803135e+00 1.90411441e+00 7.14504816e+00]
 [1.40331250e+01 1.54304788e+01 1.63909202e+01 1.57116400e+01
  1.68851797e+01 1.30052299e+01 2.49474379e+01 1.80692755e+01
  1.90620326e+01 1.63795903e+01 6.26605848e+00 6.42738670e+00
  3.12134486e+00 3.38138207e+00 6.71282435e+00 5.77942553e+00
  4.30409062e+00 4.15796003e-29 2.91850162e+00 1.50966386e+01
  8.81265065e+00 8.91454170e+00 8.80918323e+00 7.56742835e+00
  9.60398349e+00 1.11533667e+01 1.28245691e+01 7.15550371e+00
  2.25734809e+00 2.05572001e+00 1.96737431e+00 1.90330174e+00
  5.60586543e+00 6.20997799e+00 6.66714561e+00]
 [3.22896780e+01 3.44234172e+01 3.63160757e+01 3.70615756e+01
  3.51750247e+01 3.42976836e+01 4.09948441e+01 3.97040654e+01
  6.52980776e+01 6.34473529e+01 1.77782759e+01 1.99018911e+01
  1.10316140e+01 1.20821849e+01 2.56438377e+01 2.42326794e+01
  1.65553085e+01 1.07494554e-28 1.58805026e+01 6.14646193e+01
  2.62642969e+01 2.47897068e+01 2.67984702e+01 2.67178097e+01
  2.46738792e+01 2.48069308e+01 3.42867839e+01 2.10384176e+01
  9.27662603e+00 1.06333362e+01 7.93942325e+00 7.56120549e+00
  6.61797939e+00 3.43454937e+00 1.79544560e+01]
 [6.05393548e+00 6.04774584e+00 7.44823506e+00 5.39013795e+00
  7.92197373e+00 4.78003817e+00 9.27386991e+00 7.78600910e+00
  8.51003284e+00 8.52002863e+00 2.37099572e+00 2.26332169e+00
  2.03694344e+00 1.31572268e+00 4.70826082e+00 3.36879556e+00
  1.72089031e+00 2.62647230e-29 2.23207403e+00 7.85356204e+00
  3.80518676e+00 2.90261993e+00 5.23906234e+00 3.72204043e+00
  4.91547569e+00 3.32861927e+00 5.15189985e+00 2.53831291e+00
  1.16609225e+00 8.00986992e-01 1.59562360e+00 8.48184189e-01
  3.17784796e+00 2.80397012e+00 1.56076955e+01]
 [7.26475826e+01 7.39928375e+01 5.90183771e+01 5.16918193e+01
  6.28405419e+01 4.81766239e+01 6.85436125e+01 6.71817229e+01
  5.99475049e+01 6.31100206e+01 3.83288799e+01 3.94760111e+01
  1.38814719e+01 1.50485785e+01 3.72424067e+01 2.39820107e+01
  3.30754970e+01 8.37981303e-29 2.70964302e+01 5.29605369e+01
  3.88603135e+01 3.48221817e+01 4.39835750e+01 3.33650120e+01
  4.83753765e+01 5.29652735e+01 6.85503018e+01 4.82677701e+01
  1.26513568e+01 1.71417330e+01 1.35745081e+01 6.88004070e+00
  1.91934024e+01 1.59630077e+01 1.13376406e+02]
 [1.16476239e+01 1.30791832e+01 1.07137413e+01 1.13149917e+01
  1.10348851e+01 1.02136157e+01 1.82694248e+01 2.14526802e+01
  2.14134786e+01 2.26594040e+01 3.86890191e+00 6.12083396e+00
  3.37183632e+00 3.12965377e+00 1.02651743e+01 1.17277212e+01
  3.50728472e+00 2.26228788e-29 5.53383026e+00 1.84966129e+01
  6.95567682e+00 7.12924194e+00 9.47931489e+00 8.68418115e+00
  7.26288596e+00 9.75474519e+00 1.19920983e+01 7.92552970e+00
  1.88439706e+00 2.21555739e+00 3.64773008e+00 2.66266370e+00
  5.56627842e+00 7.35250967e+00 2.13105547e+01]
 [1.05522733e+01 1.27059326e+01 1.34748114e+01 1.34181652e+01
  1.43557174e+01 1.25673171e+01 1.26407833e+01 1.55997595e+01
  1.26173188e+01 1.50498215e+01 5.12539651e+00 6.49320098e+00
  3.05688189e+00 3.86521067e+00 5.31834287e+00 5.89635897e+00
  3.67030796e+00 2.21170322e-30 3.31901696e+00 1.23626664e+01
  6.97037958e+00 8.77348770e+00 7.79292157e+00 8.79510935e+00
  7.51049072e+00 1.01361026e+01 1.11037154e+01 6.52299815e+00
  1.89523801e+00 1.74413622e+00 1.84624993e+00 1.75681750e+00
  1.09766647e+01 7.19598041e+00 5.61992903e+00]
 [1.43527226e+01 1.34668189e+01 1.28255986e+01 1.31489409e+01
  1.31659806e+01 1.43580006e+01 1.53569142e+01 1.59117181e+01
  1.59578962e+01 1.50018448e+01 4.19939208e+00 4.83755808e+00
  3.52763646e+00 3.52293943e+00 9.22273183e+00 7.00352421e+00
  3.17956503e+00 3.15314463e-29 4.20553579e+00 1.48642215e+01
  8.01196880e+00 7.93450301e+00 9.20320404e+00 9.03223648e+00
  8.41411216e+00 8.71401053e+00 1.27886025e+01 5.73212938e+00
  1.87116430e+00 1.61861925e+00 2.52651172e+00 2.09500117e+00
  3.40039079e+00 3.00411657e+00 2.21827388e+00]
 [1.07787477e+02 1.04726035e+02 1.09503475e+02 9.90066442e+01
  1.07102482e+02 9.93180633e+01 1.09799127e+02 1.02244300e+02
  1.02474014e+02 9.59836893e+01 4.56642097e+01 5.09506640e+01
  2.65672718e+01 2.83800751e+01 6.67000762e+01 4.98113538e+01
  2.98219412e+01 7.68460173e-29 5.03598429e+01 8.89676459e+01
  6.43725634e+01 6.37939963e+01 7.23020805e+01 6.84853091e+01
  6.91897110e+01 6.97202584e+01 9.43467815e+01 5.89633951e+01
  1.66285149e+01 1.51689286e+01 2.77308678e+01 2.03881791e+01
  1.06811446e+01 1.14297786e+01 1.98346435e+01]
 [3.16374056e+01 3.22836829e+01 3.71080208e+01 3.30950215e+01
  6.91946086e+01 5.63101594e+01 8.16651784e+01 7.13590640e+01
  6.61644596e+01 5.75373435e+01 1.70063546e+01 1.57924176e+01
  1.60627291e+01 1.12421434e+01 3.74867205e+01 3.31116158e+01
  1.32636799e+01 2.45961669e-28 1.63390104e+01 5.74039273e+01
  3.06321235e+01 2.42109109e+01 5.68071862e+01 4.47277479e+01
  2.35121810e+01 2.32744683e+01 3.04717268e+01 2.05024986e+01
  6.86083604e+00 6.02314146e+00 1.11140354e+01 8.01116743e+00
  7.35512981e+00 5.28523317e+00 1.10307683e+01]
 [3.23910848e+01 2.89908129e+01 2.93272342e+02 7.11722147e+01
  1.22579187e+02 7.33145227e+01 2.84448264e+01 7.55547391e+01
  2.44126818e+01 3.62834861e+01 1.04966203e+01 1.69169983e+01
  6.16014045e+00 6.70349334e+00 1.04006549e+01 1.16932823e+01
  9.30523492e+00 9.68868185e-29 7.63894612e+00 2.82012865e+01
  9.71006817e+01 3.76637026e+01 1.63640766e+01 1.82007055e+01
  3.16609759e+01 2.05784111e+01 1.90118484e+01 4.46905857e+01
  4.47721629e+00 4.51027361e+00 4.81495678e+00 3.78792902e+00
  2.69739277e+01 2.60073585e+01 1.33431914e+01]]