[[1.91621321e+00 2.04828670e+00 2.30271367e+00 1.95946401e+00
  4.43266698e+00 5.49579054e+00 3.64708344e+00 1.73181312e+00
  1.70644898e+00 1.37383027e+00 9.00120202e-01 1.12830101e+00
  1.56032808e+00 5.03669884e-01 1.27521317e+00 8.63007821e-01
  5.52906457e-01 1.33332249e-29 5.39000651e-01 1.41336456e+00
  5.53398987e+00 1.32311638e+00 2.44634649e+00 1.31034648e+00
  1.29497094e+00 1.74818808e+00 1.70368379e+00 7.28675199e-01
  3.87874423e-01 3.10679324e-01 4.11476461e-01 2.70596021e-01
  2.39616255e+00 1.34168761e+00 1.81297956e+00]
 [1.55041854e+00 1.56159515e+00 1.37901550e+00 1.33990937e+00
  7.74057438e-01 1.24212209e+00 7.47917627e-01 1.04705466e+00
  1.08440068e+00 1.49157696e+00 6.24409737e-01 7.76694270e-01
  3.07783428e-01 4.19933529e-01 5.07755033e-01 5.69427459e-01
  4.70227269e-01 7.60356141e-30 3.47383224e-01 1.27230882e+00
  8.33642468e-01 8.37388324e-01 5.25999400e-01 6.67161332e-01
  1.08972764e+00 1.14544575e+00 1.56502492e+00 7.94260437e-01
  3.01664753e-01 2.61239206e-01 2.18977151e-01 2.35843353e-01
  1.02777259e+00 9.35246305e-01 3.18651448e+00]
 [5.30478813e+00 4.27901771e+00 3.41080099e+00 2.19056734e+00
  2.16478328e+00 4.60510709e+00 1.44025989e+00 1.71968009e+00
  1.78689584e+00 1.66986681e+00 1.36595803e+00 1.54003202e+00
  5.16623151e-01 6.05474725e-01 1.15550142e+00 1.09057544e+00
  7.72843881e-01 2.12018677e-30 7.11420507e-01 1.65538778e+00
  1.35368754e+00 1.07982062e+00 1.09552957e+00 1.34805161e+00
  6.20232069e+00 2.87574639e+00 4.96791974e+00 2.52952793e+00
  3.38764249e-01 3.41447408e-01 5.00958637e-01 3.93090634e-01
  4.65163118e-01 1.25498795e+00 2.64805126e-01]
 [5.28527614e+00 6.47528908e+00 2.24124064e+00 2.41855102e+00
  2.65596515e+00 1.59553906e+01 1.81722776e+00 2.13931961e+00
  4.53073491e+00 4.98779248e+00 6.25336922e-01 1.03362945e+00
  2.73933143e-01 4.08206474e-01 7.53192289e-01 9.05109000e-01
  4.55393345e-01 8.49059050e-30 5.01792359e-01 4.59789643e+00
  8.42729835e-01 1.09349244e+00 8.54738847e-01 1.20639952e+00
  2.05953401e+00 2.08787070e+00 3.95133186e+00 1.49071516e+00
  1.97713060e-01 2.56423639e-01 2.17142070e-01 2.31140212e-01
  1.77890372e+00 1.31158798e+00 1.42765392e+00]
 [6.06118694e-29 3.71563939e+00 3.42540813e+00 2.68146216e+00
  2.20730202e+01 1.73387819e+01 1.93479251e+00 2.58265191e+00
  1.76956413e+00 1.53400276e+00 1.11284947e+00 1.20450952e+00
  7.27482974e-01 6.01768881e-01 1.11253389e+00 1.10926973e+00
  6.56196655e-01 5.01704836e-30 5.86322498e-01 1.54645382e+00
  2.23819967e+00 1.47199680e+00 4.22584843e+00 3.17755075e+00
  1.84001465e+00 1.77753472e+00 3.15206039e+00 1.18645240e+00
  4.13747508e-01 4.18074705e-01 4.01973156e-01 3.27208543e-01
  1.19795772e+00 1.12668285e+00 2.17951670e+00]
 [1.74372298e+00 1.58513143e+00 1.53225728e+00 9.75220496e-01
  1.05910811e+00 7.28622836e-01 8.29974233e-01 1.04435796e+00
  3.13838455e+00 2.59345973e+00 5.81472646e-01 5.31342513e-01
  4.18327705e-01 3.13745434e-01 5.44952946e-01 5.11937839e-01
  3.88985138e-01 5.20024986e-30 3.71890011e-01 3.44816092e+00
  9.33561766e-01 5.70588512e-01 5.67077148e-01 5.20920107e-01
  1.17577274e+00 8.62402089e-01 1.73283332e+00 6.65884611e-01
  2.64025483e-01 2.05919947e-01 2.44315055e-01 1.85410838e-01
  6.04609724e-01 2.09437824e-01 7.66821589e-01]
 [4.77948331e+00 4.88352222e+00 3.28125597e+00 4.20503835e+00
  2.81541668e+00 6.00868677e+00 2.26848758e+00 2.81722712e+00
  3.91501532e+00 4.26447660e+00 1.23478537e+00 1.63727911e+00
  1.56279054e+00 1.09882912e+00 1.29040224e+00 1.34406277e+00
  1.00755618e+00 2.18561406e-30 1.00398909e+00 3.90419059e+00
  2.55426735e+00 2.08798500e+00 1.70044867e+00 2.01090602e+00
  2.60170729e+00 3.31282995e+00 4.98359236e+00 1.87045284e+00
  7.01454976e-01 1.56815639e+00 5.96242196e-01 5.32545650e-01
  1.51181454e+00 1.21272297e+00 9.29467765e+00]
 [3.27018950e+00 1.93678406e+00 3.22581378e+00 2.34500985e+00
  3.19202970e+00 6.92463609e+00 2.62837079e+00 3.22481910e+00
  4.17788858e+00 1.65347790e+01 9.87777031e-01 9.42836398e-01
  7.54419050e-01 6.19736432e-01 9.86099351e-01 1.55505142e+00
  5.28645453e-01 3.00262599e-29 7.45341100e-01 7.95688822e+00
  1.87604518e+00 1.46334838e+00 1.35946829e+00 2.08354102e+00
  1.57027005e+00 1.42536951e+00 2.15346925e+00 8.86916542e-01
  3.50237236e-01 3.34008740e-01 3.72796222e-01 4.18694682e-01
  3.55082448e+01 1.44963719e+00 8.96204902e+00]
 [1.11869068e+00 1.01149558e+00 6.50792096e-01 6.96302648e-01
  4.63301113e-01 5.28001757e-01 6.01235307e-01 7.33308113e-01
  7.94287012e-01 1.01414897e+00 4.01044874e-01 3.99573141e-01
  2.53849730e-01 2.94798701e-01 3.49649315e-01 3.75374197e-01
  3.19047996e-01 7.16729804e-30 2.60058149e-01 9.01007441e-01
  4.94631230e-01 4.62342033e-01 3.78188181e-01 4.09007572e-01
  6.17982610e-01 5.98770461e-01 9.11679087e-01 3.93225307e-01
  2.02497166e-01 1.92837556e-01 1.97068645e-01 1.79198309e-01
  9.51657370e-01 1.85873124e+00 4.39344071e+00]
 [8.53935211e-01 7.27320648e-01 7.23718786e-01 5.67421392e-01
  1.41184308e+00 6.70971304e-01 8.77632667e-01 6.36290618e-01
  1.65653147e+00 9.00585979e-01 3.13359872e-01 4.93374193e-01
  2.98296001e-01 2.84745896e-01 1.04278188e+00 3.81101237e-01
  2.45088905e-01 2.67733174e-30 2.94525574e-01 8.72388170e-01
  4.80335310e-01 3.93593651e-01 1.51439123e+00 4.15720487e-01
  4.97235362e-01 4.95327184e-01 8.17074649e-01 3.54623047e-01
  1.37391810e-01 1.96634497e-01 2.52685126e-01 1.89234107e-01
  3.75525483e-01 2.56044661e-01 1.86521796e+00]
 [4.39076034e+00 4.90930040e+00 4.61400020e+00 3.25051140e+00
  2.04291436e+00 1.83222441e+00 2.77907608e+00 2.33928425e+00
  5.33630888e+00 3.43439444e+00 1.15518152e+00 1.55597654e+00
  6.87627226e-01 6.23904514e-01 1.24987639e+00 1.02540166e+00
  7.94443188e-01 6.19482722e-30 5.81909664e-01 3.78397461e+00
  1.85976588e+00 1.53976393e+00 1.28031241e+00 1.06337685e+00
  2.24402039e+00 3.13168174e+00 4.04303001e+00 1.35276652e+00
  4.00068526e-01 4.07061897e-01 3.83673862e-01 4.08288645e-01
  9.73213372e-01 1.44844112e+00 1.66158496e+00]
 [2.00758535e+00 1.77067358e+00 2.01757089e+00 1.67049984e+00
  1.73314246e+00 1.83835288e+00 2.07180593e+00 1.93028877e+00
  2.75003018e+00 2.79872441e+00 1.20257584e+00 1.30659383e+00
  1.00305879e+00 1.00164278e+00 1.51279002e+00 1.49818344e+00
  1.07154288e+00 6.35170606e-30 9.58644494e-01 2.39669100e+00
  2.32907551e+00 1.84902258e+00 1.56113633e+00 1.75836767e+00
  1.60498913e+00 2.85138284e+00 2.23290421e+00 1.23826607e+00
  6.51274180e-01 7.52893250e-01 6.37913293e-01 5.66535081e-01
  2.88194155e+00 1.01470938e+00 5.39872456e+00]
 [2.83906705e+00 3.18759950e+00 2.35185051e+00 2.56153137e+00
  1.74383577e+00 1.74663836e+00 2.11559077e+00 2.25382243e+00
  3.80636286e+00 2.97212157e+00 1.31455060e+00 1.43186067e+00
  8.20810197e-01 6.79574349e-01 1.40267031e+00 1.11321457e+00
  8.40060494e-01 1.22615058e-29 7.88791082e-01 3.25182997e+00
  1.41727954e+00 1.52961752e+00 1.38209843e+00 1.33478388e+00
  2.07538804e+00 1.97235604e+00 2.62042755e+00 1.35489900e+00
  5.03071382e-01 4.57901585e-01 5.57846617e-01 3.42524926e-01
  7.32866412e-01 7.23974138e-01 6.69858924e+00]
 [2.75513342e+00 3.12566310e+00 2.22063900e+00 3.03210717e+00
  1.84193853e+00 2.59662915e+00 2.04176057e+00 2.33226225e+00
  3.21566460e+00 4.99719815e+00 1.29170282e+00 2.14721121e+00
  7.08161095e-01 9.00244566e-01 1.39005598e+00 1.32538881e+00
  1.08964001e+00 2.41677776e-30 8.40609276e-01 3.40810849e+00
  1.62239092e+00 1.64043826e+00 1.26502970e+00 1.54060732e+00
  1.94028325e+00 2.59720403e+00 2.41354221e+00 1.51532504e+00
  6.63491395e-01 7.84889194e-01 4.71614689e-01 4.62996530e-01
  1.34660386e+00 1.06710111e+00 1.61730969e+01]
 [1.42059960e+00 1.47758384e+00 1.15977601e+00 1.03707102e+00
  8.79748869e-01 9.37450232e-01 1.54755029e+00 1.43512540e+00
  2.11338047e+00 1.94693620e+00 4.95228970e-01 6.07515634e-01
  4.87374901e-01 3.83114039e-01 1.02963803e+00 7.66420557e-01
  3.92106413e-01 2.56541769e-30 4.42040664e-01 1.67321080e+00
  6.72975012e-01 6.38827390e-01 9.40651084e-01 7.52370627e-01
  9.56960352e-01 1.00025462e+00 1.42644294e+00 9.18142430e-01
  2.58465654e-01 2.65346548e-01 4.08460315e-01 2.22478273e-01
  9.56625317e-01 1.07601850e+00 5.85525807e+00]
 [3.84166424e+00 4.66340492e+00 2.26936889e+01 1.63837428e+01
  2.93944656e+01 2.41794838e+01 3.77463008e+00 3.03064093e+00
  3.38201304e+00 3.33507000e+00 5.68384396e+00 7.47713702e+00
  8.88964006e+00 6.53588173e+00 1.72707079e+00 1.34598836e+00
  7.72216138e-01 2.61849354e-30 1.00368052e+00 3.30539183e+00
  5.33864509e+00 3.00387185e+01 6.11796075e+00 3.37983890e+00
  2.11138783e+00 3.79638526e+00 4.10901728e+00 1.54867854e+00
  1.54345351e+00 1.38614327e+00 6.70826821e-01 5.02552828e-01
  7.58034659e+00 5.25248735e+00 4.20467803e+00]
 [1.57190062e+00 1.46425800e+00 1.13615244e+00 1.65229383e+00
  9.19693735e-01 3.92849434e+00 1.47138062e+00 2.17534809e+00
  5.02442205e+00 6.28471654e+00 4.36271826e-01 6.77601286e-01
  4.38672790e-01 6.87269222e-01 8.24750476e-01 9.36532790e-01
  3.32282121e-01 4.49193067e-30 5.08779787e-01 7.02913961e+00
  6.50891462e-01 2.02271687e+00 8.43967827e-01 1.38429963e+00
  8.07027091e-01 9.73337366e-01 1.15801899e+00 5.29779960e-01
  2.23424195e-01 2.57326257e-01 2.97789328e-01 2.60018509e-01
  1.00418805e+00 1.38602547e+00 6.77387136e-01]
 [3.29360305e+00 3.68784895e+00 2.41735055e+00 2.76176910e+00
  1.75723769e+00 2.08059604e+00 2.29385230e+00 3.33960364e+00
  4.25032730e+00 5.42247662e+00 1.28665872e+00 1.77241574e+00
  8.30591930e-01 1.02455923e+00 1.60230189e+00 1.96751562e+00
  9.38328906e-01 2.10422937e-30 1.19679751e+00 4.82165520e+00
  1.54169133e+00 1.66796666e+00 1.46732439e+00 1.78380467e+00
  2.01871635e+00 2.34303933e+00 2.78492846e+00 1.65797141e+00
  5.92588094e-01 6.76136000e-01 7.41040807e-01 7.41303571e-01
  1.16850360e+00 7.28827694e-01 2.37437693e+00]
 [9.07691483e-01 7.06575573e-01 8.38058615e-01 6.79662922e-01
  2.25725952e+00 7.13572510e-01 7.82395443e-01 1.15777402e+00
  1.89096699e+00 2.94964452e+00 4.98460556e-01 4.09996037e-01
  3.41230893e-01 3.08847030e-01 7.35719051e-01 7.03051959e-01
  3.09739219e-01 4.98039981e-30 3.76959506e-01 2.26287087e+00
  7.07815601e-01 5.57680337e-01 1.01600935e+00 5.72651824e-01
  6.16379176e-01 6.01658610e-01 7.87563117e-01 5.71085966e-01
  1.94657594e-01 2.12193909e-01 2.53575385e-01 2.03537100e-01
  4.71230417e-01 2.11198318e-01 1.73616628e+00]
 [1.10169208e+01 1.00199051e+01 1.40656012e+02 2.61990855e+01
  6.98199072e+01 2.68149082e+01 1.35408248e+01 2.92102329e+01
  6.81470502e+00 1.14362447e+01 3.85913014e+00 6.49688246e+00
  3.01976955e+00 3.78294031e+00 4.70422709e+00 4.74502101e+00
  3.72023291e+00 3.03932162e-29 3.09417422e+00 8.46429630e+00
  4.55724382e+01 1.30122717e+01 7.34270567e+00 6.53269460e+00
  9.50159755e+00 6.24004579e+00 5.23316923e+00 1.59804683e+01
  3.21572556e+00 3.28075815e+00 3.15546417e+00 2.69793327e+00
  1.03543226e+01 1.46267021e+01 7.12152674e+00]]