[[ 6.21587183  2.75086293  6.68341557  4.61860473  8.72894735  4.81961116
   7.89681333  6.67557665  5.90605655  6.47235038  7.01877931  6.64922929
   9.38737702  9.26824345  7.33391489  7.84615333  8.99222165  6.76266127
  11.32142811  6.01642338  4.08786389  7.58568799  7.94544966  7.01834662
   2.59129267  1.8263099   4.91692418  6.14770501 14.54530821 13.03251036
   9.78528941 10.74740812  1.04451141  0.77810225  7.61603234]
 [ 6.58359824  5.60923772  9.14874898  9.27334788 16.13562894 21.36597037
  18.60330753 17.02663531 16.85327941 17.29721683 14.24621143 16.10122234
  17.1833002  21.40154579 17.03349455 19.5721345  15.85979789 11.08996776
  17.35793209 16.58382523 14.51535517 16.66923607 17.19070828 21.86555773
   8.98571358  6.025236    6.11028122  6.22858085 22.38173748 18.04342128
  16.5093997  20.24789966  0.95932116  2.00192445  7.46079096]
 [ 8.36287793  7.83419412 10.63704812  8.69891608 13.03119483 11.86990641
  11.96108674 11.29988074  6.64920161  8.8729534  11.06835642 10.23703436
   9.89116811 10.58830577  7.56659203  9.83205516  7.33332972  5.95348983
   8.23151618  9.103881   12.3794193  11.27471478 10.30529627 11.13779285
   9.24363452  7.79573464  8.71656728  8.59188847 11.14653551 10.91652258
   6.95465394 10.04779153  2.35305947  8.13204965  8.42018665]
 [16.43475501 19.81756682  9.05372248 10.93201668 13.77996062 11.94677556
  12.96200953 11.36850639 10.13168604 11.16979239 17.6893741  20.91067009
  15.44989162 15.97722121 12.17462507 11.74151087 27.20109063  9.57237286
  13.72249493 11.74000141 13.67337103 16.66513894 15.44580506 13.94932449
  15.32397262 21.64619098 20.12081807 26.11381777 20.57938579 22.00420054
  13.28254192 14.63683548  6.9064246   3.52957632  7.94594748]
 [ 9.22301813  7.24528644  4.00058801  4.43909318  7.88215182  7.37970086
  12.96161082  8.52997359 10.76895118  8.7505072  10.16305186  7.83844869
  10.77893238 10.38134111 13.38331291  8.91910752 19.19015503  9.08589987
  13.652123   10.93628055  8.99386632  9.13752309 11.63843877  9.42710385
   7.1629394   6.27119249 10.02152405 15.72593467 13.74285888 15.52925844
  14.529117   13.00390625  0.64719926  0.87784241  7.71414929]
 [ 5.97483623  4.60287329  6.28910425 10.4552708  16.79641953 17.99473157
  16.31279416 11.6072176  10.50352223 11.49662518 11.96938113 12.42533162
  13.22272803 13.09538948 14.77948637 12.1815757  12.66931989 14.69617542
  13.49664331 12.02826926 13.45536941 15.23581669 18.10020883 14.93017886
   4.52301563  6.65035435  5.79714303  8.79051442 15.33176603 13.38274185
  13.87880393 14.26885783  2.09627793  2.67519509 11.758952  ]
 [ 1.75902981  4.3498969   3.98244426  3.64903586  4.14532213  4.88116007
   8.51513931 14.94266321  9.3746976   8.01711258  9.07544128  8.01881886
   8.69714408  0.58709166 12.68662801 11.61429429 10.16714145  2.15421259
  11.89659475 10.19024837  4.98098499  7.95138559 13.377282   13.34092295
   3.62713181  2.79864934  4.27145811  9.73814753  1.80593162  9.15359536
  13.25062374 13.21446578  0.84536686  0.18081347  3.9714924 ]
 [23.07110168 22.95813689 14.08270701 16.80664386 23.01086051 26.32395428
  24.83875123 19.53144962 18.47583305 16.33184587 29.96730481 25.9950848
  23.61536735 22.17490134 20.95512734 17.18183558 46.2009778  14.85764462
  18.92571264 18.46206562 27.35038287 22.91305581 24.43037861 24.44757596
  31.81761012 22.09267091 29.82813858 39.71712723 35.14005428 25.26381863
  19.56833373 18.19101498  7.44452828  5.21586894 10.79008564]
 [11.18612351 10.47811525 10.16010895  8.7411508  12.63985973 12.58058957
  10.48217202  9.67674354  7.6349749   8.49233225 12.83210201 14.5626661
  12.43060222 13.66211288 11.00407801 10.42704189 15.62775086  8.92870571
  10.31428766  8.49316187 12.7750506  11.67658648 12.31275313 12.98041608
   9.04023273  7.36222236 12.48127933 15.82461796 13.3469966  14.14178926
  13.35631333 10.81991443  3.49317456  2.62317618  9.20240188]
 [ 4.57387171  4.74070152  5.20983821  6.73146129  8.0520121   6.88979236
   9.44135308 12.53165604 10.03889281 10.50104353  8.4405451   3.05831359
  11.78562014 11.50317898 11.4211529  11.63501612  9.22346042  5.48589666
   9.88385658 10.70791719  8.97778924  8.89880568 10.04535683 14.87000058
   7.44521142  8.9778456   5.7497137   9.34728659 12.74706474 10.27211199
  15.06087619 13.68075968  3.30229984  2.66231602  4.96483551]
 [ 6.85383682  5.73191686  1.64034085  1.20576702  1.67147419 11.4451397
   7.39050341  7.51177144  5.96401216  6.42060075  0.92962125  0.94820077
   7.2365485  11.75580386  5.77094179  5.45345656  3.32182592  5.98818858
   6.06281426  6.76128531  6.22071935  9.06754551  8.43438792  9.01722957
   4.5913823   3.64483118  6.94661761  3.1527109   5.38394958  9.25901049
   6.81386001  7.7066844   1.34909335  1.90050522  3.23824351]
 [23.52330799 23.64420437 24.45782742 25.85363927 25.41192748 28.21392719
  29.20788702 30.73657942 27.31089588 29.81419123 23.72262532 26.55620099
  24.12516038 29.01331263 28.49506434 30.87735766 21.60171325 26.05441584
  29.60808739 30.39697255 24.53866507 26.94716041 26.60381288 26.26402829
  23.28422046 24.60667961 22.59933654 23.72908579 26.60809881 18.71754081
  27.94508562 29.5101963   5.64625933  8.50466585 12.80162961]
 [ 4.29562035  2.91758743  2.47571016  1.98213135  6.86429486  6.32818243
   8.91150812  9.19129494  8.32769137 10.353334    4.17777799  3.84992953
   6.32947256  5.23522359  9.13398366  8.8793023   7.99872319  5.34103439
   8.91739844 10.66370464  4.00082685  3.39566475  8.40996291  7.79308971
   4.4349303   2.97234337  4.13802388  6.09167483  7.18668     5.56827751
   9.27977002  7.91427763  0.75845834  1.31455938  8.33079262]
 [ 9.80516472  8.50473148 28.68259027 19.52289733 32.15470669 29.11453737
  18.43000137 18.70076461 15.50086847 14.21262107 30.96321992 27.48920213
  27.71186344 30.19849392 18.10704027 16.41525841 29.00654163  7.33521761
  24.20284853 16.46646925 32.40197173 29.51084396 25.16837914 24.76461833
  19.3311462  15.7559103  11.32393858 22.77469173 30.39519856 32.7314494
  22.01268714 18.64168088  1.24187596  1.84878524 10.21712938]
 [ 8.10716602  8.66999586 10.71379255 14.05160075 12.11572742 14.31313571
   8.44601627  9.32141529  6.67485788  6.94813803 10.90665014 14.7744094
   9.28443534 13.58699503  7.55734119  8.94281231 11.2118046  10.00923949
   7.35429077  6.69039207 11.3848347  16.59093621  9.34413228 11.13956134
   6.47967662  8.11720378  9.18499872  8.48111378 10.22606559 13.5806945
   7.97177641  9.31641272  4.67050837  5.8418106   4.55488256]
 [11.27777527 11.47855458  7.01990632  7.40049899  7.99263845  7.76588464
  13.90733326 13.09960024 10.5876498  11.79567466 12.15785906 11.90905439
   8.43604881 11.36410517 13.7003822  14.57463903 18.40834767  7.52880367
  15.46510886 12.47860698 10.84382295  4.01337559 15.09411282 14.15112031
  13.59668167 12.27911964 11.08783593 15.38529631 13.48935877 14.41614268
  15.27534629 17.69949911  5.83060429  5.89232712 10.0383527 ]
 [14.48941705 17.69028025 14.0973462  18.42448899 23.64414135 21.42554234
  20.33408225 20.02912548 16.15295061 16.23490565 21.21494925 17.56734838
  16.72405288 17.7731791  17.80000261 18.66057775 18.22858648 18.75961021
  16.3580127  15.78328454 21.07809893 20.48900064 19.91512181 20.8590481
  18.08408482 16.55384902 14.44615596 19.72466216 20.83989328 18.66935822
  15.13146932 17.30464459  5.41324027  7.00444594 10.16233922]
 [23.20729275 32.5145748  21.27598184 18.02086277 39.47185951 32.52660826
  34.31603715 28.02993067 27.13170033 26.06699497 33.92273143 31.51344453
  32.90458403 29.94521675 30.58804749 25.0466892  37.48788862 22.22048187
  28.26341022 27.3692033  33.86864521 29.31657382 35.27759979 31.12210329
  26.82513099 31.45053915 33.2092785  38.48733655 33.61194025 35.05920552
  29.04691669 25.22187871  8.12965923  2.12937184 14.94193374]
 [27.21753591 27.09380437 30.16530753 29.15365632 41.2150762  40.11256518
  41.89897263 40.67268514 39.12869947 37.41016467 32.09433178 27.77366152
  38.8981604  37.21421182 42.56824552 41.4090914  36.25935226 40.34082809
  37.29630257 38.07612199 35.23936353 33.87275827 43.89981192 38.9886048
  29.20831526 26.72148366 26.74757205 29.99491246 37.72112124 33.62700487
  38.71824689 38.80631078 15.98411258 18.85099063 15.41747159]
 [ 8.94316426  8.18992666  7.85886971  8.90314201  7.35543024 11.19986933
   7.61930141  9.87159806 10.74874743 10.44386992 10.37576194 10.39382341
  10.53940107 13.89965319  7.69590289 15.50663566 10.60649783  8.3327997
  12.6177247   9.78600811  7.6586739  10.50872942  6.47091615  9.66937226
   8.06419838 12.53361614  9.53672807  9.13294913 12.36342166 13.87300214
  11.08091207 13.75642023  9.27622424  6.88956229  8.84578047]]