[[9.19473306e-01 4.26137581e-01 9.24632242e-01 6.95152628e-01
  2.25942344e+00 1.32730917e+00 5.99267619e-01 1.65686272e-01
  1.59264337e-01 2.04903623e-01 8.50013488e-01 1.13648920e+00
  2.77726476e+00 1.26419628e+00 5.08307100e-01 3.76053496e-01
  9.60094758e-01 4.85162834e-01 6.90960025e-01 2.02892873e-01
  2.06745250e+00 1.11215660e+00 1.16421733e+00 5.03696400e-01
  3.07750368e-01 2.94786273e-01 6.74545124e-01 5.93868653e-01
  2.12962944e+00 1.80231294e+00 9.59427883e-01 9.83284040e-01
  4.74078939e-01 2.87470784e-01 2.34078419e+00]
 [4.73650408e-01 3.82704047e-01 5.65181432e-01 5.51087255e-01
  6.44080575e-01 1.37143954e+00 6.56189709e-01 7.72621504e-01
  7.89246889e-01 1.19848599e+00 7.58759276e-01 9.94361635e-01
  9.71091665e-01 1.45003374e+00 8.25575048e-01 1.02049931e+00
  9.16488184e-01 5.98500538e-01 9.21947187e-01 9.90970849e-01
  8.13716575e-01 8.91548980e-01 7.14027131e-01 1.07186030e+00
  5.72873008e-01 3.80245223e-01 4.32186100e-01 3.36525718e-01
  1.13960924e+00 1.22947225e+00 9.40972022e-01 1.24809340e+00
  2.40598926e-01 3.46615979e-01 1.76163762e+00]
 [5.01032563e+00 3.68425875e+00 3.42241479e+00 2.08236907e+00
  2.92017015e+00 5.85755696e+00 1.33425528e+00 1.41590314e+00
  8.54573184e-01 1.06642507e+00 2.94555603e+00 4.29048112e+00
  2.13754493e+00 2.71624639e+00 1.66186918e+00 1.80928797e+00
  1.99460638e+00 2.20173493e+00 1.62510661e+00 1.18777899e+00
  2.99828339e+00 2.31681635e+00 1.77209401e+00 2.21244593e+00
  7.63503705e+00 3.27927205e+00 5.19565285e+00 3.41100544e+00
  2.47764413e+00 2.55902170e+00 1.92936423e+00 2.22174372e+00
  3.32560685e-01 2.73159169e+00 6.39908325e+00]
 [2.86861745e+00 3.65916268e+00 8.87475068e-01 9.83095030e-01
  1.97610313e+00 8.77048430e+00 1.11304570e+00 9.87716648e-01
  1.89083587e+00 2.13197495e+00 8.88074030e-01 1.30405549e+00
  9.92586015e-01 1.15823399e+00 9.12153253e-01 8.37693822e-01
  1.02218954e+00 2.41262685e+00 9.15003992e-01 2.30508277e+00
  9.28664982e-01 1.11799722e+00 9.68394228e-01 1.14660547e+00
  1.35965232e+00 1.59826156e+00 2.59901235e+00 1.52275772e+00
  8.40764660e-01 1.13408207e+00 8.82991592e-01 8.80245543e-01
  1.84644706e+00 4.45108620e-01 3.26796471e+00]
 [2.83931712e+00 2.70197718e+00 6.94950275e-01 1.04363239e+00
  1.73134517e+01 1.43494354e+01 2.33228565e+00 2.11528058e+00
  1.94460306e+00 1.44313834e+00 2.15335468e+00 1.75331879e+00
  3.01274295e+00 2.65821070e+00 2.82315631e+00 1.79898407e+00
  3.61637875e+00 4.63642951e+00 2.26441939e+00 1.83631204e+00
  2.67292420e+00 2.05890596e+00 7.91418886e+00 5.29789871e+00
  1.59654363e+00 1.65662589e+00 3.31349717e+00 3.21129664e+00
  3.23025178e+00 3.81137569e+00 3.57306980e+00 2.54987386e+00
  1.74601543e-01 2.43756656e-01 3.08370632e+00]
 [1.05149322e+00 7.31880258e-01 1.23001855e+00 1.55764208e+00
  2.38571010e+00 2.26501764e+00 1.84590948e+00 1.82982838e+00
  4.41488206e+00 4.63143780e+00 1.77066439e+00 1.96883665e+00
  2.56257485e+00 2.43085096e+00 2.07457464e+00 1.89056449e+00
  1.54679611e+00 2.31938724e+00 2.24085242e+00 6.00587427e+00
  2.28500470e+00 2.27330345e+00 2.12362121e+00 1.95242495e+00
  8.11213324e-01 1.09981490e+00 1.08649725e+00 1.14108725e+00
  2.15679683e+00 2.34893300e+00 2.47944910e+00 2.27978780e+00
  2.71225227e-01 1.66921377e-01 4.71341657e+00]
 [5.05057876e-01 1.36635151e+00 5.91552455e-01 9.66446403e-01
  6.83455731e-01 1.89221258e+00 6.61272706e-01 1.28270157e+00
  9.19782045e-01 7.30910206e-01 1.16113539e+00 1.38831445e+00
  2.36660939e+00 1.20173287e-01 9.19433051e-01 9.29373690e-01
  1.03221177e+00 1.83824790e-01 6.00857110e-01 1.07122585e+00
  8.99501276e-01 1.68627386e+00 1.47570642e+00 1.89974288e+00
  7.07528987e-01 7.28698795e-01 1.28806533e+00 1.37720566e+00
  2.22168743e-01 1.35547094e+00 1.35414914e+00 1.46096996e+00
  1.17366841e-01 1.90621464e-02 1.98882420e+00]
 [1.91857082e+00 1.35034652e+00 1.62024444e+00 1.56276397e+00
  2.90703415e+00 6.31596572e+00 1.57487594e+00 1.28219299e+00
  1.80111105e+00 7.46355276e+00 1.60878865e+00 1.61131579e+00
  2.33951910e+00 1.85792198e+00 9.46817079e-01 1.18445481e+00
  9.81699033e-01 3.46480002e+00 1.22233513e+00 4.15284848e+00
  2.89478905e+00 2.07117041e+00 1.82285963e+00 2.18177317e+00
  1.49981882e+00 1.31385606e+00 1.52697332e+00 9.05078377e-01
  1.38881873e+00 1.67047423e+00 1.31145004e+00 1.14268221e+00
  4.15907911e+00 1.93837395e+00 3.13852532e+00]
 [1.38650022e+00 1.15841571e+00 7.08269594e-01 6.75829951e-01
  6.18344288e-01 7.66937098e-01 4.95637205e-01 4.74031194e-01
  4.58666321e-01 6.21078622e-01 1.17734532e+00 1.31472869e+00
  1.03316448e+00 1.88061591e+00 7.12825811e-01 8.41239165e-01
  1.49673482e+00 8.39523315e-01 8.72006724e-01 5.89970314e-01
  9.89753565e-01 1.05009661e+00 6.96701598e-01 9.20384543e-01
  9.03790337e-01 7.03967760e-01 1.47114788e+00 1.21419751e+00
  1.45976764e+00 1.50459799e+00 1.20243840e+00 1.38345348e+00
  8.97978491e-01 1.31288437e+00 1.74077770e+00]
 [7.66858974e-01 6.97989776e-01 6.77996403e-01 6.79913288e-01
  2.00103655e+00 7.80761873e-01 1.14471997e+00 8.87789504e-01
  1.84532575e+00 1.02368712e+00 9.96392077e-01 2.35635372e-01
  1.73837711e+00 1.21298095e+00 2.51221924e+00 8.27789881e-01
  1.14846562e+00 8.46035010e-01 8.92334585e-01 1.12654875e+00
  1.16615328e+00 8.30671483e-01 3.04870617e+00 1.15831369e+00
  9.73697629e-01 1.03282824e+00 9.47276732e-01 9.57183624e-01
  1.50620599e+00 1.47877868e+00 2.20787407e+00 1.56460206e+00
  7.30314986e-01 3.57999393e-01 1.29607249e+00]
 [2.14446568e+00 1.82364410e+00 4.61751562e-01 2.49455782e-01
  2.02229332e-01 1.61243318e+00 8.23281788e-01 9.72488833e-01
  1.66959168e+00 1.34624097e+00 1.71380668e-01 2.29545573e-01
  1.59419993e+00 2.16908321e+00 1.07450508e+00 9.67567341e-01
  6.13138108e-01 8.92163305e-01 1.20884298e+00 1.69471713e+00
  1.31278114e+00 1.56619150e+00 1.22584027e+00 1.26710327e+00
  1.07280021e+00 1.02340859e+00 2.18996702e+00 5.96028165e-01
  9.54194342e-01 1.83341620e+00 1.32882694e+00 1.65320698e+00
  2.34211061e-01 4.43281749e-01 8.07034530e-01]
 [1.46254319e+00 1.21621185e+00 1.35877568e+00 1.16531744e+00
  1.25209551e+00 1.51226406e+00 1.47611425e+00 1.49431736e+00
  1.15019907e+00 1.31513296e+00 1.60466944e+00 1.74346087e+00
  2.19360050e+00 2.40527482e+00 1.68099056e+00 1.90899013e+00
  1.39817158e+00 1.53951976e+00 1.78732567e+00 1.18526970e+00
  2.17604926e+00 2.00994342e+00 1.54979663e+00 1.72850315e+00
  1.51459446e+00 2.82836537e+00 1.47176690e+00 1.39663174e+00
  1.86804639e+00 1.32529526e+00 2.24531947e+00 2.21109735e+00
  2.45878514e+00 2.51263363e+00 3.84932142e+00]
 [2.01448368e+00 1.53777961e+00 7.81728847e-01 9.41959500e-01
  1.51101270e+00 2.31233429e+00 2.03292741e+00 2.66061168e+00
  3.72480526e+00 3.61165070e+00 2.31628447e+00 2.43560722e+00
  2.55053504e+00 2.70400725e+00 2.72116779e+00 2.93415511e+00
  3.90461340e+00 2.49342528e+00 3.15131320e+00 4.41539191e+00
  1.49014763e+00 1.78944141e+00 2.21860245e+00 2.79472797e+00
  1.87249453e+00 1.76124661e+00 2.10473653e+00 3.25161020e+00
  3.10045201e+00 3.18322660e+00 3.24430418e+00 3.19604798e+00
  1.74913542e-01 3.39414100e-01 3.57545148e+00]
 [3.71857342e-01 3.59263495e-01 1.07921772e+00 1.14516219e+00
  9.42496535e-01 1.56921865e+00 5.48988429e-01 6.49210610e-01
  8.31487383e-01 1.12538838e+00 1.04347632e+00 1.49521497e+00
  1.41371634e+00 1.80655137e+00 6.75837086e-01 9.07204991e-01
  9.55592244e-01 2.11551149e-01 7.50842041e-01 1.05964775e+00
  1.35275967e+00 1.39022643e+00 7.23878111e-01 1.14348984e+00
  7.75351055e-01 7.72606484e-01 3.98697059e-01 7.14991816e-01
  1.59405453e+00 1.49871433e+00 7.64779582e-01 1.25450327e+00
  8.71296773e-02 1.23588287e-01 1.45746923e+00]
 [9.88788522e-01 9.79468338e-01 1.15978155e+00 1.28789383e+00
  9.65918306e-01 1.31372208e+00 7.15437681e-01 6.23577089e-01
  6.58767990e-01 5.96996348e-01 1.39607807e+00 1.46641532e+00
  1.34199894e+00 1.66324102e+00 7.58031541e-01 5.84423440e-01
  1.25345412e+00 1.13504034e+00 5.87458492e-01 6.05215471e-01
  1.10150449e+00 1.48665799e+00 9.27236648e-01 9.65097181e-01
  8.53764420e-01 8.32340616e-01 1.09254246e+00 9.82504729e-01
  1.40261667e+00 1.62649382e+00 8.92652206e-01 7.78430794e-01
  8.02677518e-01 8.54932064e-01 1.25149313e+00]
 [4.10579073e+00 4.21292555e+00 1.18226197e+01 9.03609927e+00
  1.63655587e+01 1.49415408e+01 4.15283112e+00 2.54492287e+00
  2.83796979e+00 2.61394467e+00 1.34825420e+01 1.37136725e+01
  2.45326578e+01 1.92161446e+01 4.44904184e+00 3.32701836e+00
  3.87303281e+00 8.91354844e+00 4.67669455e+00 3.33639074e+00
  8.30533279e+00 1.37410188e+01 1.18498806e+01 5.43807984e+00
  3.82236917e+00 4.59903285e+00 4.10314098e+00 3.65274950e+00
  1.09855322e+01 1.14571551e+01 5.55023013e+00 5.06309467e+00
  4.02654200e+00 4.30092523e+00 7.51042243e+00]
 [1.58687130e+00 1.92347833e+00 1.24880988e+00 2.31521837e+00
  1.65163305e+00 5.86224531e+00 1.94825432e+00 2.73825364e+00
  5.08583589e+00 6.80128221e+00 2.20400584e+00 2.46067492e+00
  2.07968906e+00 3.46726341e+00 1.59178006e+00 2.49534983e+00
  1.90498805e+00 2.67247077e+00 1.97896930e+00 7.46375519e+00
  1.71238243e+00 5.22319383e+00 1.82629028e+00 3.19690174e+00
  1.73450818e+00 1.84903148e+00 1.30811189e+00 1.82301027e+00
  2.48836320e+00 2.96803345e+00 1.78348276e+00 2.14774481e+00
  1.59861367e+00 3.23167902e+00 3.10324073e+00]
 [7.09132564e-01 1.14497642e+00 4.69679216e-01 5.02688102e-01
  6.47617475e-01 6.81393998e-01 7.16908437e-01 9.15541095e-01
  1.12534487e+00 1.47262177e+00 9.55824674e-01 1.09625509e+00
  1.02871993e+00 1.08106296e+00 7.34801054e-01 9.89327700e-01
  1.17953319e+00 6.08450407e-01 6.71677610e-01 1.48329047e+00
  8.11137447e-01 7.66515199e-01 7.15936281e-01 8.10622802e-01
  7.82664500e-01 1.05693599e+00 9.80271542e-01 1.08221217e+00
  1.19782409e+00 1.56272019e+00 7.76209052e-01 9.17054370e-01
  8.89374356e-01 1.35780860e-01 1.78867762e+00]
 [7.80883423e-01 5.92987499e-01 6.81262306e-01 5.98720240e-01
  1.34451404e+00 5.08313671e-01 4.01414236e-01 6.59899045e-01
  1.11829039e+00 1.91782728e+00 9.40692983e-01 7.21048003e-01
  8.26338660e-01 1.02235832e+00 8.35449696e-01 8.79230510e-01
  8.46744158e-01 8.16848632e-01 8.60468008e-01 1.50096607e+00
  8.14274963e-01 7.80233810e-01 7.85158045e-01 4.99173258e-01
  7.65705116e-01 6.90765973e-01 6.91309730e-01 8.35492001e-01
  1.07023440e+00 1.18467176e+00 8.83387001e-01 9.85939196e-01
  1.02407439e+00 7.53287014e-01 2.42660289e+00]
 [3.04176700e+00 2.83063079e+00 3.76918349e+00 3.27732079e+00
  4.18958120e+00 4.09637078e+00 3.62707874e+00 3.81646052e+00
  3.00047097e+00 3.29181855e+00 3.81469603e+00 3.99169214e+00
  5.16653195e+00 7.84390402e+00 3.48086493e+00 6.29244295e+00
  4.24047782e+00 2.61398389e+00 5.11084092e+00 2.93715935e+00
  3.59445924e+00 3.63061604e+00 2.90355722e+00 3.47058284e+00
  2.42010126e+00 3.80060142e+00 2.62506364e+00 3.26576172e+00
  8.87993085e+00 1.00911760e+01 7.26183488e+00 9.79794067e+00
  3.56080951e+00 3.87473319e+00 4.72116906e+00]]