[[16.41233444  7.29793541 22.41141633 22.18041794 59.37409679 41.19541204
  76.87784449 79.23574662 82.32864561 81.33676479 17.41247475 22.7919655
  53.52973076 57.35498526 76.87068699 75.97395217 15.34920366 71.23249391
  65.58477229 82.05126797 16.46845502 47.41881457 72.08491925 75.26814144
   6.0293213   5.64865454 12.93336852 12.61333402 30.82306369 31.5049275
  67.38501637 63.79549091  2.88534704  3.36198545 23.58016764]
 [ 1.63313498  1.18712413  2.24062726  2.01727951  4.92656013  5.06679425
   7.78841084  5.64679394 10.59049454  7.60901062  4.26144941  4.00689931
  14.94982608  9.29027825 11.1311114   7.39039428  4.55799848  5.40432079
   8.42322742  8.18987837  4.12721803  3.71426769 10.16620689  6.81427675
   2.55759337  1.38843399  1.39576429  1.5584324   7.56254851  5.88718624
  12.42836455  8.52842855  0.33972653  0.65783953 11.6309328 ]
 [14.30198392 13.41432869 16.92940091 15.62350358 29.61015934 29.20321227
  49.87047631 43.76418635 69.63604523 63.36657128 19.18832371 21.73161824
  43.12889004 40.42266588 57.85679018 53.84419173 16.29674848 40.57214289
  55.16037276 60.92631271 27.31751017 22.97958211 48.05583604 47.14908039
  16.25983418 15.07086326 15.75975682 14.73438409 26.1547508  27.88596368
  55.77915753 47.70276959  1.63788274  7.80546283  9.3419882 ]
 [26.79513809 27.81303923 20.60719207 20.67489868 42.09120403 34.24709153
  58.94998843 59.07116874 63.90460049 60.73901516 32.94098826 30.65041968
  43.40061728 44.94947742 60.47021978 59.02792817 38.73103837 55.65256046
  58.42946605 60.81642302 33.49249349 33.55206381 50.3072518  52.32911914
  25.30597834 27.87029093 32.16103    33.77160949 42.0952592  40.4688609
  58.44876916 54.28027913  5.15753245  2.05765839  8.9933451 ]
 [10.73337587  6.67596222  2.80712064  4.10976677 11.6753381  14.75995504
  28.80581885 50.65605924 47.23316338 51.83115904  8.68464366  6.22403733
  12.8714236  19.32241348 33.20570442 47.50805655 16.22265616  9.38665613
  37.21222864 48.50435293  7.91921241  9.92525283 19.75327125 32.6633166
   6.23130192  5.74714402  9.21358555 13.26570486 13.64850231 12.09531723
  25.56047545 34.29974219  0.41863862  0.55950107  5.61847844]
 [ 3.40826955  2.44132165  5.17522248  7.9938468  16.29242755 22.87093171
  32.93402966 45.1119799  42.32388466 38.11949228  9.44820128 10.70949149
  34.78912784 34.8101942  35.05879813 36.60190994  8.57982092 25.711813
  27.86955864 34.94793387 11.55478819 19.14655303 27.13494822 36.24908855
   2.95424469  4.84877851  3.39050761  5.53798561 13.86930405 14.80583797
  32.23107339 28.03447194  0.52107809  0.85583481 16.94506892]
 [ 1.61454389  4.2880596   3.54990793  4.40416537  8.35754251  9.9694381
  28.48795797 49.80453339 51.11327169 41.74902513  9.28103789  9.22346775
  13.24481327  0.77125564 43.93244972 50.97859547  8.47848616  5.74638804
  50.65290815 56.97820588  5.5411255  10.72920705 32.94818157 31.84840054
   3.4163482   2.94288851  3.83925961  7.70823275  2.10701531  8.98435154
  43.3518554  49.23700617  0.44288446  0.14667589  2.86744361]
 [10.78919591 12.21265062  9.16885139 11.4893502  20.38795175 22.28719147
  45.26043913 50.95589846 54.81327222 46.22936198 15.50254683 16.23779085
  25.09770082 27.17500738 47.93773572 52.38794927 14.14182115 11.92314257
  42.82985306 48.80936174 20.28072072 16.05829583 35.96327337 36.64491825
  13.42179761 12.70082214 12.45601115 12.0259209  16.06430075 15.09493246
  39.49992347 41.98884157  3.29880716  3.03860877  4.61668761]
 [17.70016182 14.92955514 19.38131742 11.56739152 36.71635506 32.97644789
  57.65923212 56.25115034 65.85469573 64.29569533 21.30842895 17.30875997
  25.66335135 28.75233667 45.88370287 49.09123148 22.27152009 27.67910444
  45.81993833 64.2679177  24.46539487 17.71574874 42.09719234 44.4583173
  15.00913335  9.2753397  20.44204927 23.71018089 19.99024427 15.45654612
  33.56092743 36.36584569  5.68198634  4.24800961 11.77701419]
 [ 3.65092711  3.70555369  3.9541584   5.54147958  8.46271729  6.98973602
  24.81405739 36.25493207 44.46677538 48.50735808  6.59046085  1.43642566
  11.24517606 10.85075696 32.25889278 35.54094848  8.51590039  5.45969038
  31.75747353 43.22961167  6.39064033  6.9815774  15.52533283 23.90826561
   5.87346826  7.51849255  4.74728047  7.71343393 11.89577381  7.27072783
  26.24819258 26.15574769  1.99222482  2.26424511  4.24274637]
 [13.687581   10.5082936   3.93340569  2.56596132  6.11639084 38.80587864
  59.70079368 67.76236984 69.93460052 69.49989712  1.77014549  1.73501945
  37.84701394 30.71842209 55.92961765 67.40889922  5.92744079 49.79974357
  58.3142378  67.85450744 17.49163154 20.29132681 48.91557964 51.95934104
   8.59634089  7.4140829  13.98414012  5.78102486 11.24652345 18.74721463
  50.61559468 40.97638317  1.80716525  2.64371354  5.39202683]
 [ 7.75221648  7.42965583  7.84225588  7.75541756  8.59883698  9.2135111
  13.09201841 11.98308114 17.01203545 15.63428649  8.40652949  8.78885523
  10.25771982 11.90320298 13.17149121 12.70037799  6.97356189  9.16706596
  12.26582998 15.82263058  8.50706763  8.92484903 10.24231411  9.44732207
   7.98579272  8.22659394  7.17204937  8.55475277  9.25424974  5.81771088
  12.4655822  11.85065023  2.29411572  3.3399483   6.78855797]
 [ 8.9263592   6.4669121   3.99065356  4.34509092 16.3311107  18.62517451
  53.2778332  44.6416696  51.80036776 45.78088817  9.77307852 10.70580305
  15.30106815 15.50146135 46.09264531 39.01203943 20.32437173 13.59093175
  40.09917062 41.84208659  8.22042853  8.84290089 31.33162476 28.1237422
   7.92193864  7.82673852  9.76960214 16.55021484 13.78643276 15.96129486
  34.09703222 29.355787    0.67613054  1.35704263  8.69818257]
 [ 5.56388892  4.86506415 17.26083726 13.63609786 25.96152155 26.28595942
  55.23255134 52.5996737  60.53930872 58.94079964 16.05878908 15.81792914
  31.38711007 24.71104345 56.11063865 55.71671736 17.31462969 13.80140903
  50.29103869 56.22562163 20.52456373 20.55652527 39.30006096 36.78202769
  12.15414656 10.21157266  6.63867059 13.25740798 22.88318659 18.9999361
  52.04756478 51.98101277  0.69579873  1.02774592  5.33269678]
 [17.66613255 17.59628852 26.85878049 28.06950687 45.10557421 36.22950634
  58.69958903 51.34677992 66.62813462 66.21017929 38.37724956 31.96406803
  52.96810158 41.09374027 59.89940117 55.33212733 40.48649423 37.57442642
  60.90585687 67.71221338 33.59894757 31.92689783 55.58539231 47.0191008
  18.12256742 18.27004037 20.24134199 20.91124375 40.07050791 37.28179797
  58.76453198 54.93078497  4.70029069  5.80869695 12.76722733]
 [ 6.61641946  5.68748269  4.46034606  4.26555015  7.86143436  9.05643532
  40.00361439 53.85708849 54.19167319 55.24526421  6.46163023  6.73324451
   8.34746608  9.75215785 33.27821764 38.46008252  7.96163352  7.5974114
  21.67836729 47.50632903  6.6034626   2.81347535 22.52089729 25.73266942
   6.7146962   6.30260091  6.11025212  7.49465073  6.73888989  7.1169698
  21.37544753 23.52666512  2.51833128  4.17033994 20.06851271]
 [ 7.34100401  9.23589462  7.59574797 10.10983915 19.16772087 16.05230778
  30.62654752 30.78589242 36.83186812 30.77902899 12.5822692  11.75994364
  20.52112203 20.93703085 35.58779532 33.81146978 13.02889583 32.00908143
  33.37154373 31.86089192 13.44254844 13.12597728 28.94478341 25.5600035
   9.79040456  9.78017538  7.50098436 12.09999592 13.52259755 14.33042154
  35.09939588 31.26191516  3.06339328  4.66205547  6.58200266]
 [ 7.59888712 11.32606193  7.2284637   7.00814876 20.54893461 23.39824709
  36.11119753 45.28632818 37.39301531 39.99606561 13.10414077 14.13841789
  25.71380651 36.28845163 35.22848189 44.09227521 21.14526947 23.89785256
  29.14110608 34.93142367 12.55651648 15.2234164  31.69129834 39.37013953
   9.85111951 12.65661251 11.56934556 16.15306774 17.56170611 19.79214828
  36.46708393 41.51814464  5.19927535  1.08324609 11.70880683]
 [ 9.85446787  9.63984986 12.27038081 11.22367917 21.53281219 22.25889767
  25.27172459 24.95666821 20.76109759 20.69990237 12.02084341 10.2524098
  20.5522144  19.17430268 22.53582225 20.62688344 12.2373019  23.02570218
  21.30084899 19.99717374 15.96812427 14.5989744  24.68098049 21.30803382
  10.84357949  9.86821812  9.89720783 10.77617745 13.3728891  14.09901116
  22.60052798 21.23462656  6.42779318  9.98722792  9.73913058]
 [ 7.24905894  5.27064857  8.90809527  8.35709798  7.00732484 10.4647926
   8.0159696   8.75792601 15.60630202 10.95112697  6.51886967  8.29344317
  13.08255577 16.46052837 14.29060641 17.88493545  6.58748884 12.82294385
  21.52065175 10.86225753  7.64435869 10.23405113  6.86772111  8.18393821
   6.86259148  7.97290687  5.78070292  8.98077007  8.54452613  9.24886975
  21.22986359 19.8755406   7.52416903  7.60838478  8.47204699]]