[[73.38031447 88.12725771 66.85138031 69.94605662 23.65376788 48.90483319
  11.37153655 11.44152691  9.34732958  9.38981807 71.46375055 65.36416404
  25.9386485  23.75513403 10.90107752 11.23119127 70.7141719  18.19153607
  15.27902531  9.24444878 74.05855199 39.05422765 13.46464708 12.85798095
  89.86116755 91.22059307 79.06429318 78.06977019 45.35911093 46.14051718
  14.18514302 15.68977947 94.50180501 94.92035326 59.4516141 ]
 [89.96538761 91.74315981 86.26486485 86.36879547 75.65985506 67.77709104
  69.89131011 73.43534541 68.4236504  70.23170642 77.7301215  75.27321603
  63.04768906 63.03569424 67.38539385 67.53145819 75.67315713 78.7638019
  69.55691207 70.75035442 77.57863761 75.52206825 68.73991496 65.86751593
  85.9803159  90.96705005 90.96235518 90.77668972 64.80141676 70.56087903
  66.34167586 65.4477288  97.91654086 96.11212473 49.23716259]
 [59.48135174 64.10096464 56.1407355  62.08540343 36.03567717 32.51109255
  19.38532842 27.11745228 10.68512639 12.98315148 52.70728244 44.70910647
  23.09444169 23.15263754 14.29930551 16.17667009 64.82197706 42.26581874
  17.18439441 14.26131317 39.45476057 45.90336594 20.67879993 20.11184334
  49.55625306 61.87013316 56.88358116 62.20180362 39.75700351 38.61190129
  15.58449491 19.82630488 94.31408916 72.9469485  62.23532891]
 [45.21016703 38.4289927  63.89236572 61.11277313 30.51910199 24.37027521
  15.94943208 18.01493995 12.58141305 13.97813557 40.37322015 37.0655832
  29.02793542 26.74826352 15.7641593  18.03970351 24.70583893 21.13687806
  17.03532598 13.04144835 42.94139041 38.17316291 21.73054063 21.00725375
  51.33342977 40.37942597 35.75703177 30.33898726 27.27183128 24.29072009
  17.31830171 19.90191947 82.00923275 92.69750671 71.80709828]
 [69.08359792 77.59142769 90.23324009 87.52443555 43.21266037 43.2428407
  40.27079121 22.23071395 24.64859719 23.53138135 71.5710947  78.08110093
  61.22510168 54.47581171 33.13261263 25.33838622 48.25695148 68.31232061
  30.34570477 23.59732639 73.5415187  71.15224686 43.70704825 36.58816157
  80.02176529 81.50369281 69.51649698 57.32357445 57.47996839 54.97970259
  36.2268959  32.43575276 98.35433436 97.87583293 75.40288967]
 [87.06710788 90.33655286 84.21437259 74.35021919 57.13148322 46.07102096
  39.58979459 28.42809417 28.36464733 31.62550233 70.80403759 67.41804762
  40.41820701 40.49905283 37.42502511 38.462855   71.91832517 47.93931958
  45.9617622  31.93077189 65.79569594 54.54120152 43.74763347 35.74168207
  89.70341565 83.74073865 87.20703825 81.00009381 60.54486258 60.40570811
  41.01557401 45.78567893 96.58880847 95.67218304 53.59435142]
 [94.63058442 86.19177978 89.41692471 87.55841964 83.61975459 77.98163199
  56.56606156 24.56013399 31.38009609 44.03172751 73.24700524 74.12242772
  67.11992791 97.84904255 33.79409663 27.88752922 75.02215083 90.7840276
  31.16121352 23.65689637 85.01141011 71.4509719  42.25145657 41.84984811
  89.48702103 91.22743259 86.990657   75.52270755 94.36651141 70.11798422
  31.68714135 25.29984169 98.36453184 99.59244654 87.67321192]
 [60.41418335 59.77391361 71.57538352 66.31221479 46.85919743 34.0065901
  21.61135826 20.2755861  18.870514   19.5088457  47.96433185 50.7683348
  40.46481723 40.78113077 23.22129006 22.41820522 35.17816974 63.21120719
  30.74832028 20.59788088 42.4177304  52.73719023 30.38657467 27.97691346
  48.93737162 60.06651933 52.34428134 44.2713029  42.54799795 52.18191746
  31.60123051 32.85795659 78.69919307 87.15306782 75.98371326]
 [62.25870616 66.88493766 64.17291194 73.90652749 43.0478835  46.83670851
  25.22971031 29.00321977 20.93833678 21.12311111 54.57965521 56.32078605
  51.81284149 43.52408178 33.38506679 30.54826254 50.87210117 56.90440011
  33.46689264 20.6114072  54.04100992 61.17950514 36.55054365 32.44744775
  68.72755915 77.58860515 57.35345906 49.05066942 54.62310473 58.34010328
  40.87742865 40.5826229  87.89828929 89.10379925 68.97961183]
 [87.81058561 88.06267535 86.81074495 83.76455924 76.57544941 82.21331647
  59.35469049 44.49158564 36.92782226 34.33647654 79.09698996 94.15565231
  68.13290208 70.78174913 46.03471936 46.26662433 76.43613476 84.62634546
  52.35225501 38.49751452 78.68327952 79.0502897  64.42060284 53.30749956
  81.44278588 77.77921024 84.63671797 77.52833642 66.09183598 74.84573627
  46.40206325 50.50549839 92.1976609  92.71919081 85.48327286]
 [72.30628978 77.92439215 92.78724843 95.15565684 90.96594913 40.29905323
  27.3033897  17.83197484 15.49808659 15.95333351 96.35781559 96.18913414
  37.94635277 40.30393831 29.19858991 18.19846104 87.57847378 38.24542813
  23.983945   16.06452213 70.12898337 62.74734548 33.21955805 28.39289593
  82.45952979 85.12311346 71.65595569 88.2757787  77.33557713 60.71599978
  28.74142943 37.42103927 96.00782944 93.88051555 86.93107652]
 [59.92787718 61.02954969 59.13010471 58.37556118 57.28981763 52.56643925
  47.57254512 46.10033242 47.48759797 45.60225834 57.12682803 53.57607001
  49.09999685 41.08498767 46.153795   42.2562146  63.01377095 54.99086665
  45.6586032  45.4652323  56.18011571 52.30465035 52.42559344 52.02151714
  59.37030879 55.09208645 62.13344438 58.6543177  50.8192785  66.89626244
  43.87477537 42.6232846  85.01295876 81.11292142 67.16121863]
 [72.24202118 79.99111739 87.27056931 86.47889683 63.26137882 55.75320843
  18.34612674 23.25977664 16.62913566 18.19371661 66.12263209 66.5486058
  58.31233627 57.7516565  22.54857497 27.0449301  40.39086167 64.60261164
  25.78609574 19.66931467 75.08889242 72.97643897 40.80382202 40.21662774
  73.43379894 75.84281562 71.08761784 51.65762434 54.15067123 53.87595034
  31.46617108 36.26664156 97.42892869 94.916206   68.94372428]
 [82.32958909 84.55456108 45.9084217  60.08890313 32.50592364 32.65229829
  18.27988952 20.92755669 14.44023332 17.45092192 45.14423621 48.84552004
  28.30137947 32.63160326 17.55447809 18.42296826 47.99102426 77.43013866
  17.88471832 17.50893653 36.87454193 39.72471531 26.90084738 28.18271986
  63.65618998 69.73214274 79.55746376 59.59993545 36.7051197  39.99723161
  17.56336856 18.90074921 97.55239981 96.5028424  77.15419175]
 [67.76363169 67.2459416  53.72589932 47.07714071 31.40559124 36.33407028
  23.76123731 30.98375256 18.86918812 19.20126981 39.24680571 41.02434241
  25.29731838 29.44501096 23.66918738 27.99224442 37.77122077 42.83282383
  24.87265712 17.92794805 45.54557445 37.84436884 24.56836135 30.65032358
  69.62745004 67.24300412 63.32280294 63.84965093 38.06398814 35.52406454
  23.82577244 27.15707189 87.13536368 83.98325925 76.71375197]
 [72.23458832 73.6630756  65.84657658 72.98151818 51.16183709 55.18898669
  34.89399194 23.71948311 24.65732271 23.16783661 54.17423361 60.00980425
  34.81780976 40.46551266 40.1571921  34.93166558 63.25603464 64.78725487
  49.1120339  28.08286237 61.67933083 63.53205832 40.85971831 44.09683086
  69.13956121 71.25258419 73.4677957  67.39113293 57.12294891 56.02188898
  48.69242807 43.18537652 83.49798894 77.99319784 51.29211278]
 [70.86843586 64.12541026 71.54977858 61.48783576 47.03412186 41.21331313
  38.49823168 36.59299821 30.91108763 31.56054641 53.83119868 57.94354
  51.68752555 44.71032402 36.75034635 34.10671322 59.1619813  37.19815798
  39.23707386 30.51903111 55.09779598 48.21135611 40.34846225 37.89121159
  63.20119348 64.59941826 71.5750297  58.87964418 51.72571435 50.0313162
  38.7051706  38.92157402 86.63508686 79.17073056 71.20125639]
 [63.72895835 48.11852972 67.11598472 70.7257069  32.57171774 36.65198295
  20.97706298 17.60121833 24.81689833 22.16754179 43.70532366 43.82813754
  31.77183969 23.72468113 25.2565323  20.58710528 30.3552914  47.20810744
  34.39033327 25.63805095 45.55888777 47.83144256 24.35080755 20.28122976
  56.30238944 47.05239682 47.31084071 35.59127353 37.73465438 31.1540425
  25.76873677 23.60740535 82.22107888 95.92380562 62.63787773]
 [55.73336027 56.80993215 51.05144327 53.25162545 30.07998211 32.14630751
  27.96639483 29.03611618 33.48497757 33.48481263 46.61688646 54.72325011
  32.0529002  33.7876319  27.9362132  30.77560962 42.64685025 30.81061097
  33.67167676 34.40486933 41.54937373 44.12008563 25.4166074  34.39184301
  51.91351936 56.61566306 56.51112705 51.30775364 37.40377929 42.18228579
  29.95516572 30.78075496 73.30405274 66.5612379  65.9268595 ]
 [72.34591049 76.29096005 69.01850021 69.92166196 70.05572526 61.39930258
  70.63839711 66.38210252 61.78397756 64.86928368 69.79744023 68.24868772
  57.85187562 43.7340075  65.30699026 44.41131167 69.53687208 69.07571545
  48.07895098 67.18269338 70.84710109 64.49630058 75.86542373 69.4309659
  75.67743136 66.78099066 75.8037157  69.14927893 54.41198119 49.78007197
  45.20648498 37.31395264 71.24743894 72.46574296 62.41546084]]