[[1.41414614e+01 2.28792738e+01 1.25971528e+01 1.11160994e+01
  1.40161801e+01 1.88521021e+01 3.10169986e+01 3.54671851e+01
  3.60789192e+01 2.57211720e+01 6.43406075e+00 4.88489739e+00
  4.15489786e+00 2.66561516e+00 1.29591505e+01 1.15266804e+01
  4.51438803e+00 2.49908970e-29 7.05997202e+00 2.78334892e+01
  1.49489161e+01 6.57532322e+00 1.27071060e+01 1.15232805e+01
  1.63215300e+01 2.15502490e+01 1.36721918e+01 9.26204214e+00
  2.32459285e+00 1.70465792e+00 3.67807783e+00 2.47977366e+00
  4.49778616e+01 2.60376463e+01 1.03424455e+01]
 [4.75744461e+01 3.85166289e+01 2.53224292e+01 1.89689634e+01
  2.38651670e+01 1.64997872e+01 1.88926572e+01 1.78661541e+01
  1.72759970e+01 1.58654238e+01 1.16803142e+01 1.13340394e+01
  6.17208728e+00 6.13518657e+00 1.07079895e+01 1.04206307e+01
  9.76769164e+00 5.63275717e-30 6.73818329e+00 1.58745781e+01
  1.60973628e+01 1.30394904e+01 1.40332052e+01 1.21840121e+01
  2.15162942e+01 1.94418420e+01 3.80960576e+01 1.75137027e+01
  5.69878877e+00 4.04142795e+00 4.30705075e+00 3.94935820e+00
  2.20209350e+01 2.46732625e+01 1.06207355e+00]
 [5.08337253e+01 5.05350048e+01 1.39379359e+01 1.52413838e+01
  7.44207881e+00 7.78162894e+00 8.14529038e+00 8.28377019e+00
  8.63305328e+00 8.33208646e+00 5.23026361e+00 6.58411584e+00
  2.00518904e+00 2.08232825e+00 4.09377109e+00 3.87950437e+00
  4.11118834e+00 1.66065224e-29 2.98073614e+00 7.97263986e+00
  5.75898488e+00 6.82114110e+00 4.76656273e+00 5.05096727e+00
  2.05510068e+01 3.06146675e+01 4.41528357e+01 1.44470402e+01
  1.25626926e+00 1.80704279e+00 1.59663712e+00 1.23101716e+00
  2.95557480e+01 1.22795771e+01 7.59733545e-01]
 [8.11378486e+01 6.91587759e+01 2.62456478e+01 2.32460053e+01
  2.25689974e+01 2.07683627e+01 2.85369264e+01 3.24215883e+01
  3.19891091e+01 3.30007068e+01 1.49868381e+01 1.45796418e+01
  4.94966648e+00 4.59466244e+00 1.43996555e+01 1.48543404e+01
  1.13412779e+01 3.74838118e-29 9.90798234e+00 2.92735174e+01
  1.32993218e+01 1.36743265e+01 1.67440663e+01 1.55566810e+01
  3.96328746e+01 2.87711239e+01 5.56521647e+01 3.11884987e+01
  5.50394563e+00 4.70661178e+00 4.78378317e+00 3.91835042e+00
  6.46477449e+01 3.74411366e+01 2.91819183e+00]
 [3.82154445e+02 6.15188292e+02 3.91780668e+01 4.72192338e+01
  1.94627248e+01 1.57918478e+01 2.36137080e+01 2.72019950e+01
  2.49884080e+01 2.44166333e+01 2.08742325e+01 2.67852777e+01
  4.64463983e+00 3.52864376e+00 1.12187319e+01 1.19554017e+01
  2.31564151e+01 2.55578863e-29 7.53027957e+00 2.38804362e+01
  1.38825858e+01 1.29939389e+01 1.28652845e+01 1.10434383e+01
  8.83834674e+01 1.11990420e+02 3.76427090e+02 8.22583627e+01
  5.43907806e+00 5.72364862e+00 3.34909813e+00 2.88835983e+00
  2.78605428e+02 7.33292405e+02 2.23247165e+00]
 [1.28834062e+01 1.24125084e+01 1.15896567e+01 1.08879035e+01
  1.08357850e+01 1.09255492e+01 1.35349770e+01 1.35164282e+01
  1.54291399e+01 1.27651392e+01 4.94205563e+00 4.19900577e+00
  3.49597027e+00 2.75907870e+00 7.23305981e+00 5.88576118e+00
  4.58738881e+00 4.03257411e-30 4.06656773e+00 1.28450610e+01
  7.90290028e+00 7.45989334e+00 7.76681433e+00 7.56067769e+00
  8.48189715e+00 7.10736733e+00 1.28851252e+01 6.54685098e+00
  2.56634968e+00 1.51432288e+00 2.65309289e+00 1.86479499e+00
  3.26340169e+00 2.58926317e+00 2.45030791e+00]
 [4.59945207e+01 5.13527800e+01 2.62485331e+01 4.35895501e+01
  1.63060455e+01 1.25551072e+01 1.94686062e+01 1.35784764e+01
  1.91514684e+01 1.85691710e+01 6.51556477e+00 1.46984803e+01
  4.92140443e+00 5.04603038e+00 1.03430471e+01 7.71764845e+00
  9.30769165e+00 1.71208057e-29 8.01211517e+00 1.78112912e+01
  1.27058193e+01 1.30726948e+01 1.22884237e+01 8.86033204e+00
  1.72332147e+01 3.10100502e+01 4.60223991e+01 1.65819059e+01
  3.13409452e+00 4.16543552e+00 3.66760777e+00 2.60872642e+00
  1.01798031e+02 1.21434456e+02 3.36061930e+01]
 [2.44548648e+01 3.21660245e+01 1.72989797e+01 1.98799638e+01
  1.37269904e+01 1.38071883e+01 1.71090106e+01 2.09079750e+01
  1.84292224e+01 1.69927352e+01 8.88133559e+00 1.05489778e+01
  4.64351937e+00 4.48661696e+00 9.54709108e+00 1.05426573e+01
  1.25559639e+01 4.78325074e-30 6.07244142e+00 1.66068077e+01
  1.02350935e+01 1.08792708e+01 1.03139777e+01 1.06395820e+01
  1.47593107e+01 1.94836404e+01 2.51428310e+01 2.08387498e+01
  3.65192867e+00 3.57046286e+00 3.43744226e+00 3.42555085e+00
  4.98059756e+01 1.97184417e+01 5.53618918e+00]
 [2.02738158e+01 1.55308822e+01 1.54118483e+01 1.04034669e+01
  1.29135482e+01 1.00429264e+01 1.74836123e+01 2.08731414e+01
  1.72361295e+01 1.74026159e+01 5.71611133e+00 4.41795511e+00
  3.79263423e+00 2.41719722e+00 7.27896918e+00 6.51076921e+00
  3.95808498e+00 5.03963386e-30 4.19553411e+00 1.67917331e+01
  8.41813810e+00 5.66485846e+00 9.21845764e+00 7.21419060e+00
  9.35766394e+00 7.24754439e+00 1.29537885e+01 6.22511427e+00
  2.00542102e+00 1.80898775e+00 2.72883562e+00 1.83027380e+00
  1.43599554e+01 2.89711657e+01 2.03180096e+01]
 [1.24513115e+01 1.16124705e+01 6.08368967e+00 8.92968791e+00
  6.21438040e+00 5.19936725e+00 8.05965595e+00 1.25980993e+01
  1.06065248e+01 1.16165136e+01 3.15653794e+00 2.32250778e+01
  1.95623189e+00 1.95331293e+00 4.82432276e+00 5.03485141e+00
  1.86939911e+00 3.93710613e-29 3.70879497e+00 1.12383553e+01
  7.22082760e+00 6.48839392e+00 7.02526461e+00 6.03098448e+00
  1.13346758e+01 1.42525700e+01 9.74634444e+00 3.94478835e+00
  1.02560172e+00 1.51449040e+00 1.73078168e+00 1.45136608e+00
  1.32377696e+01 8.72976215e+00 1.50104476e+01]
 [1.31651440e+01 1.44693940e+01 1.66405392e+01 1.50402794e+01
  1.58352003e+01 1.34602404e+01 1.63876741e+01 1.49707713e+01
  1.49613383e+01 1.52450170e+01 6.44527267e+00 6.39265266e+00
  4.08290181e+00 3.92285197e+00 7.80481731e+00 7.38467087e+00
  4.69607009e+00 7.07881612e-29 4.21578896e+00 1.38791692e+01
  1.00007562e+01 9.53043298e+00 9.60010306e+00 8.99161371e+00
  9.63404071e+00 1.19475508e+01 1.28205472e+01 8.22037125e+00
  2.25320965e+00 1.92921140e+00 2.76793881e+00 2.47575306e+00
  2.77522459e+00 4.50549967e+00 3.52502179e+00]
 [4.53234645e+01 5.13785568e+01 2.59474786e+01 3.48996053e+01
  2.53642873e+01 2.23833452e+01 2.34218325e+01 2.19944207e+01
  2.73926064e+01 2.62889159e+01 1.25867448e+01 1.50975825e+01
  7.64542404e+00 6.33286881e+00 1.41575986e+01 1.18834338e+01
  1.74706723e+01 1.85368891e-28 9.30082686e+00 2.53671806e+01
  1.60199792e+01 1.64682533e+01 1.76125200e+01 1.76303440e+01
  2.23532100e+01 2.71255423e+01 4.89407915e+01 2.43243870e+01
  6.95746358e+00 7.50880171e+00 5.54023930e+00 4.46886534e+00
  2.74714241e+02 4.91265221e+01 2.32572018e+01]
 [9.14801840e+01 1.08357697e+02 1.15181001e+01 1.59023149e+01
  1.45017245e+01 7.37843068e+00 1.57229661e+01 1.03554736e+01
  1.43261843e+01 1.21627078e+01 5.28171791e+00 8.61447172e+00
  3.35164469e+00 1.93057157e+00 8.26780912e+00 4.77601937e+00
  8.04848144e+00 8.67614159e-30 4.13395587e+00 1.29281264e+01
  6.03511576e+00 5.58387284e+00 9.79605848e+00 5.29165334e+00
  2.32087510e+01 2.96304790e+01 7.79797058e+01 2.16394918e+01
  1.95296457e+00 2.22271627e+00 2.74870466e+00 1.39845356e+00
  2.78246521e+01 4.94897710e+01 8.39725704e+00]
 [1.38532906e+02 1.61062965e+02 1.33221343e+02 1.32430388e+02
  1.58670465e+02 1.30015935e+02 1.67233899e+02 1.45535369e+02
  1.30575065e+02 1.38809365e+02 9.06250632e+01 1.00019987e+02
  3.37582742e+01 3.50814569e+01 9.40612741e+01 6.99923515e+01
  8.19512208e+01 1.24438145e-27 5.53554587e+01 1.24552062e+02
  9.12935078e+01 8.92614544e+01 1.18972076e+02 8.82899528e+01
  1.11471153e+02 1.24521451e+02 1.55924789e+02 1.20774472e+02
  3.25726233e+01 3.80741244e+01 2.88311487e+01 2.14075171e+01
  3.98500736e+01 2.58637142e+01 3.77427712e+01]
 [4.19017718e+01 3.51732055e+01 1.41850344e+01 8.72544720e+00
  1.24654467e+01 1.06836222e+01 1.97340269e+01 2.20500210e+01
  1.93377631e+01 2.02428385e+01 6.34372059e+00 4.65172864e+00
  3.58664169e+00 2.82656443e+00 1.04865794e+01 9.90875589e+00
  5.11451880e+00 3.65368678e-29 4.92979396e+00 1.66424804e+01
  7.89157291e+00 5.65777251e+00 1.02919500e+01 8.84381072e+00
  1.71054060e+01 1.98648325e+01 3.66401243e+01 1.32062980e+01
  2.67602541e+00 2.04225273e+00 3.56596675e+00 2.36590540e+00
  4.18465375e+01 2.94574794e+01 1.05889079e+01]
 [2.72172331e+01 2.61525529e+01 2.03494056e+01 1.78532327e+01
  1.58325721e+01 1.36803583e+01 1.34707483e+01 1.44726748e+01
  1.48851857e+01 1.43538607e+01 7.60199433e+00 8.90069494e+00
  3.51286548e+00 3.55330381e+00 6.67466530e+00 5.60862961e+00
  5.23968355e+00 6.33706476e-30 3.57092211e+00 1.35893967e+01
  9.07767946e+00 1.12037988e+01 8.61813909e+00 7.36389226e+00
  1.44005746e+01 1.55735742e+01 2.43156803e+01 1.13788056e+01
  2.28313351e+00 2.03706820e+00 2.11712322e+00 1.82377078e+00
  9.11487110e+00 1.36295078e+01 1.18090025e+01]
 [1.52451648e+01 1.25931854e+01 1.95662821e+01 1.57903065e+01
  1.43808032e+01 1.06956679e+01 1.36694581e+01 1.07857280e+01
  1.31303509e+01 1.07172191e+01 5.26335466e+00 5.20034216e+00
  4.02294861e+00 3.20236496e+00 7.94557638e+00 5.23774944e+00
  3.33516079e+00 2.56902064e-30 3.62682988e+00 1.12069171e+01
  1.16296093e+01 7.88605638e+00 8.46638438e+00 6.62945084e+00
  1.04295416e+01 8.25299633e+00 1.13387524e+01 5.18184773e+00
  2.21301872e+00 1.50693201e+00 2.51963964e+00 1.78327613e+00
  6.14938595e+00 3.11354753e+00 2.34489439e+01]
 [1.99593753e+02 2.16852464e+02 4.47751206e+01 4.10266887e+01
  3.29584933e+01 2.85711092e+01 3.21608938e+01 3.33219388e+01
  3.28722083e+01 3.44581487e+01 2.24599260e+01 2.60670543e+01
  1.02403794e+01 1.07072432e+01 1.91536114e+01 1.62676488e+01
  1.75341519e+01 2.79708276e-29 1.56562672e+01 3.16457743e+01
  2.38396629e+01 1.97521623e+01 2.20564213e+01 2.11086079e+01
  5.12003442e+01 6.09319803e+01 1.30203737e+02 4.90578161e+01
  8.22919776e+00 6.99958427e+00 7.82457673e+00 7.25010428e+00
  1.57444476e+02 1.04592565e+02 2.79291354e+00]
 [3.82561097e+01 5.38963227e+01 2.81874784e+01 2.72650302e+01
  4.87256044e+01 3.12873121e+01 6.17071508e+01 4.49814454e+01
  3.89199746e+01 3.48616585e+01 1.28444160e+01 1.44386784e+01
  1.17158227e+01 8.41102067e+00 2.52348834e+01 2.05216766e+01
  1.12372199e+01 1.65270161e-28 1.12900456e+01 3.35841087e+01
  2.17775309e+01 1.76551594e+01 4.03160930e+01 2.59966116e+01
  1.97602225e+01 2.70530516e+01 3.97909772e+01 1.99039329e+01
  4.99415506e+00 5.26884982e+00 8.16928337e+00 6.03893530e+00
  9.24465571e+00 1.62082057e+01 3.39342918e+01]
 [9.72224451e+01 6.87406787e+01 2.04311156e+01 1.73189038e+01
  1.47457748e+01 1.30959554e+01 1.51658105e+01 1.61665469e+01
  1.77683723e+01 1.91104116e+01 9.05295668e+00 1.27421531e+01
  4.27335603e+00 4.17851808e+00 7.99834809e+00 8.46405938e+00
  7.85762015e+00 2.92542440e-29 5.88956624e+00 1.85098742e+01
  1.06757016e+01 9.32058625e+00 9.12840888e+00 1.23529934e+01
  2.85539467e+01 2.10567717e+01 6.96894608e+01 1.99339885e+01
  3.10369907e+00 2.75999831e+00 3.54125469e+00 2.76772818e+00
  4.96521663e+01 1.24091769e+01 5.07762085e+00]]