[[3.77996879e+02 1.09363359e+03 7.54223735e+02 6.21427044e+02
  1.08498447e+02 8.49002080e+02 8.71661642e+01 1.14995361e+02
  1.25387104e+02 7.83220730e+01 1.89371868e+02 1.10364610e+02
  1.60805368e+01 8.21741388e+00 3.72384269e+01 3.53182525e+01
  5.59721390e+01 1.36606357e-28 2.46527612e+01 9.11842447e+01
  1.21149994e+03 1.13146870e+02 4.80423645e+01 3.59416004e+01
  9.78392064e+02 1.62880954e+03 4.51363077e+02 3.84200741e+02
  8.05161226e+00 5.93360834e+00 9.92036640e+00 8.37416352e+00
  1.71931544e+03 1.43411025e+03 1.11422732e+02]
 [4.13682967e+02 3.51244503e+02 9.78356828e+01 8.22353952e+01
  1.23010606e+02 5.28481145e+01 5.08592893e+01 5.55685555e+01
  6.25756175e+01 6.22640952e+01 4.98736051e+01 5.21391819e+01
  1.62468952e+01 1.46797574e+01 2.84447315e+01 2.91283116e+01
  4.34845203e+01 3.18484208e-29 2.30563745e+01 6.32059816e+01
  5.17869232e+01 4.64504777e+01 3.41630310e+01 3.12595477e+01
  1.52125034e+02 1.52658304e+02 2.79446926e+02 1.27491573e+02
  1.85090511e+01 1.47114418e+01 1.08099618e+01 1.05426440e+01
  2.00819699e+02 2.76766402e+02 4.99136504e+00]
 [2.18320927e+02 2.87837070e+02 7.23517787e+02 4.06967490e+02
  3.79483085e+01 2.29565282e+01 2.71206086e+01 2.80634292e+02
  3.03710953e+01 2.69703904e+01 1.63309866e+02 3.64347850e+01
  6.30916269e+00 6.58609111e+00 1.49453877e+01 1.25451298e+01
  1.40619153e+01 1.20949511e-27 1.10522415e+01 2.65674143e+01
  3.00960047e+01 2.09645146e+01 2.04128328e+01 1.35998725e+01
  3.49743744e+02 2.90362345e+02 1.73488028e+02 7.91565055e+02
  5.96853487e+00 1.25446485e+01 6.13132342e+00 5.09247717e+00
  3.26843683e+02 2.77107286e+02 4.83525330e+00]
 [3.16250446e+02 2.43489513e+02 9.82103985e+01 1.32455246e+02
  3.77251176e+01 3.71958858e+01 4.19532071e+01 6.22775269e+01
  5.54967410e+01 5.41301908e+01 3.02559070e+01 4.06954373e+01
  6.28448959e+00 7.67413566e+00 2.18374423e+01 2.84747011e+01
  2.63960409e+01 9.37767296e-29 1.82222635e+01 4.55050361e+01
  2.52977157e+01 2.90347655e+01 2.18511015e+01 2.58283366e+01
  1.60917817e+02 1.20738426e+02 2.07018372e+02 1.31248352e+02
  9.15948929e+00 7.95458955e+00 6.83787506e+00 6.71104214e+00
  9.80561189e+02 1.07011764e+03 1.48781452e+01]
 [3.30501096e+03 4.34767218e+03 5.94617275e+02 2.16149895e+02
  5.71226764e+01 7.20734483e+01 5.83848747e+01 9.82383799e+01
  8.00317010e+01 8.99909093e+01 1.89319329e+02 1.32663395e+02
  2.03064010e+01 1.17352958e+01 3.24947579e+01 4.96247122e+01
  1.55271086e+02 8.45239369e-29 2.63003561e+01 8.22412355e+01
  1.08892007e+02 4.47118134e+01 2.97358105e+01 4.54046270e+01
  8.90325635e+02 7.37134590e+02 2.87127496e+03 6.04287224e+02
  3.77589561e+01 2.40826537e+01 7.93979991e+00 1.21704342e+01
  1.86542905e+03 4.54774268e+03 1.75965733e+01]
 [4.40768694e+01 7.50154124e+01 5.71681740e+01 9.46305422e+01
  3.09394632e+01 3.12097243e+01 2.33899457e+01 2.13304746e+01
  2.95368924e+01 2.52047476e+01 1.75236191e+01 1.49894170e+01
  8.89117995e+00 5.78839122e+00 1.44037980e+01 1.26465435e+01
  1.17397335e+01 3.27427437e-29 1.13911422e+01 2.61528969e+01
  1.01502444e+02 3.14522623e+01 1.56431242e+01 1.18130944e+01
  6.17245660e+01 8.65690283e+01 4.42508589e+01 2.07277962e+01
  6.68665074e+00 4.97602129e+00 6.72077109e+00 5.28040371e+00
  7.91708402e+01 4.10395102e+01 1.05510251e+01]
 [4.83262712e+02 6.27093432e+02 2.22565489e+02 6.86118269e+02
  1.07855837e+02 1.08938009e+02 7.93065658e+01 5.08841143e+01
  9.87882505e+01 7.43047724e+01 4.00025510e+01 1.48732985e+02
  2.22230019e+01 1.18265757e+02 3.70390039e+01 3.11473336e+01
  7.10612971e+01 1.22781157e-28 2.79793227e+01 6.56786165e+01
  2.96915610e+02 1.24252507e+02 5.34873678e+01 5.34522140e+01
  2.02878166e+02 3.94705091e+02 6.46042988e+02 1.68140464e+02
  1.93021931e+01 2.45042013e+01 1.86697474e+01 1.26502136e+01
  1.42466727e+03 1.16053312e+03 2.65930272e+02]
 [1.17332232e+02 1.80742353e+02 5.78028656e+01 6.90428809e+01
  3.63543050e+01 3.93131425e+01 3.57080263e+01 4.92068650e+01
  4.03379796e+01 4.69614714e+01 4.14629499e+01 3.52785877e+01
  1.52473745e+01 1.16337147e+01 2.31501547e+01 2.56334438e+01
  2.99647764e+01 3.19127123e-29 2.18144059e+01 4.26535712e+01
  2.56912188e+01 3.66079262e+01 2.30888271e+01 2.29029964e+01
  7.78981915e+01 9.00790863e+01 1.50583149e+02 7.63667166e+01
  1.11170965e+01 1.16408273e+01 9.76677891e+00 1.09935992e+01
  1.23815122e+03 1.94813731e+02 5.23479285e+01]
 [8.34640755e+01 9.08237573e+01 6.38662490e+01 1.36222736e+02
  4.07592232e+01 4.43008395e+01 4.15622417e+01 8.41047120e+01
  6.31504133e+01 7.05549487e+01 2.85461205e+01 2.18179412e+01
  1.06142669e+01 6.86276683e+00 2.53280758e+01 2.19793474e+01
  1.91994385e+01 1.93343930e-28 1.82468646e+01 6.12694613e+01
  2.39231326e+01 4.81439218e+01 2.63839974e+01 2.08636205e+01
  5.48141379e+01 1.92621985e+02 4.74467369e+01 3.06616699e+01
  8.73468273e+00 8.48965930e+00 9.51529251e+00 7.13860614e+00
  1.80671328e+02 3.76078868e+02 1.62704968e+02]
 [2.64349638e+02 2.45894726e+02 9.38022343e+01 3.52988623e+02
  8.40656353e+01 5.34281324e+01 7.26703554e+01 3.09624404e+02
  1.37733623e+02 2.46946689e+02 4.75882884e+01 1.09962822e+03
  1.86943702e+01 1.66795086e+01 3.70310320e+01 3.67771565e+01
  1.70330688e+01 2.19643574e-27 5.24475984e+01 3.12179904e+02
  2.33548293e+02 2.59884362e+02 1.79823671e+02 1.41511666e+02
  1.43883296e+02 7.89265357e+02 1.72970681e+02 6.64706357e+01
  7.60821870e+00 6.32269855e+01 1.08233072e+01 9.92709981e+00
  3.59993863e+02 1.93888137e+02 1.74506771e+02]
 [5.15407095e+01 6.16727612e+01 6.17111053e+01 5.60330782e+01
  5.48628684e+01 4.41074122e+01 4.78281081e+01 3.76931651e+01
  4.56716174e+01 4.16784357e+01 2.26547595e+01 2.61254537e+01
  1.17693729e+01 1.07691332e+01 2.33875613e+01 1.82700010e+01
  2.15680172e+01 2.05094853e-28 1.15477935e+01 4.18267874e+01
  3.18391452e+01 3.40862621e+01 2.86861609e+01 2.56217515e+01
  3.82558343e+01 4.45805194e+01 6.06567150e+01 3.41770387e+01
  9.01678581e+00 8.55180911e+00 7.03408363e+00 8.52870798e+00
  1.65354026e+01 2.19098768e+01 1.54824418e+01]
 [1.91046832e+02 2.55645988e+02 2.51138683e+02 5.85076633e+02
  8.92790736e+01 1.06229245e+02 4.24492868e+01 4.27702665e+01
  6.04708025e+01 5.99372710e+01 3.61232341e+01 9.87972783e+01
  1.97938345e+01 2.82698606e+01 2.68855600e+01 2.23268739e+01
  3.76908489e+01 3.13408250e-28 1.29550395e+01 5.23041843e+01
  7.52121616e+01 1.71089253e+02 4.10069980e+01 7.23636726e+01
  7.89405209e+01 1.68198434e+02 2.65546169e+02 6.07617648e+01
  8.56336900e+00 2.02868945e+01 8.29721871e+00 7.47898945e+00
  1.13917909e+03 3.26532409e+02 1.04264329e+02]
 [5.96480391e+02 7.88440539e+02 5.99475421e+01 1.75746513e+02
  5.40562741e+01 1.65890363e+01 4.52877943e+01 2.41672164e+01
  4.37202535e+01 3.65662999e+01 2.37566900e+01 6.19211438e+01
  1.12928449e+01 6.67821278e+00 2.48919818e+01 1.20708368e+01
  4.08095402e+01 2.81440308e-29 1.40263996e+01 3.89514167e+01
  2.28206160e+01 3.50377069e+01 3.01218653e+01 1.10006266e+01
  1.24496425e+02 2.37194921e+02 5.27597148e+02 1.33730767e+02
  7.90373778e+00 1.15364781e+01 9.69720167e+00 4.03721009e+00
  9.78053897e+02 7.91227342e+02 1.06254772e+02]
 [1.29690847e+02 1.82821292e+02 1.30261774e+02 1.31486424e+02
  1.55092182e+02 8.48542497e+01 1.24099796e+02 9.35509533e+01
  1.02420452e+02 1.03899799e+02 1.07005956e+02 1.22535264e+02
  3.28431532e+01 2.81575553e+01 6.84760432e+01 3.62912384e+01
  9.61028968e+01 1.37464626e-27 3.16440952e+01 9.34632458e+01
  9.03353680e+01 7.26123443e+01 9.31592149e+01 4.87365713e+01
  1.09954732e+02 1.59264091e+02 1.53437866e+02 1.36384340e+02
  3.53464482e+01 4.73371160e+01 2.06765544e+01 1.44747208e+01
  6.54530186e+01 7.45244740e+01 1.27941569e+02]
 [5.75258332e+02 3.52236135e+02 7.84097480e+01 7.20684157e+01
  3.67401166e+01 3.25836558e+01 5.89534569e+01 7.93441142e+01
  7.36052314e+01 7.87988182e+01 2.50823622e+01 3.34182832e+01
  1.05383538e+01 6.59816869e+00 3.40647546e+01 3.27486168e+01
  2.47324060e+01 3.04071796e-28 2.08822677e+01 6.48025414e+01
  2.65278178e+01 1.83674661e+01 2.86090026e+01 2.52406902e+01
  3.13168471e+02 6.19149381e+02 5.95504389e+02 3.52299202e+02
  8.88991652e+00 8.12240646e+00 1.26418041e+01 7.52499260e+00
  2.63925673e+03 6.29814651e+02 6.61502434e+01]
 [1.02381730e+02 9.94036699e+01 8.99076714e+01 1.03193525e+02
  1.08767102e+02 7.98220473e+01 3.66664924e+01 3.89735178e+01
  4.55808143e+01 4.77676887e+01 3.06229047e+01 3.38147912e+01
  1.10163205e+01 1.57248299e+01 2.04308385e+01 1.84843322e+01
  1.86866337e+01 2.91074902e-29 1.67303999e+01 4.47948755e+01
  5.71920381e+01 1.34631578e+02 2.23224368e+01 3.26197383e+01
  5.99170695e+01 7.17772365e+01 1.00072527e+02 4.46984483e+01
  8.15647223e+00 7.58848941e+00 6.88837240e+00 6.33853672e+00
  1.03125565e+02 1.04095436e+02 6.78368748e+01]
 [3.44024652e+01 2.78268041e+01 3.95990834e+01 2.79615743e+01
  2.03265212e+01 1.96732653e+01 2.52218307e+01 2.73625738e+01
  3.30563542e+01 3.10116136e+01 6.95094746e+00 1.27068893e+01
  1.92934878e+01 8.31923234e+00 1.66331028e+01 1.41156361e+01
  7.52620965e+00 7.58823546e-30 1.00472409e+01 3.19063613e+01
  1.33607997e+01 1.39413295e+01 1.50134091e+01 1.67265346e+01
  2.18175772e+01 2.41119315e+01 2.22666345e+01 1.05355903e+01
  4.35161054e+00 4.01001294e+00 6.46732195e+00 6.04743953e+00
  4.01370032e+01 2.03063494e+01 9.67002571e+01]
 [7.15790138e+02 7.75699933e+02 1.11776195e+02 1.39222198e+02
  4.46733517e+01 5.38914553e+01 3.09408867e+01 4.17714793e+01
  4.63222244e+01 5.01353230e+01 4.23069537e+01 7.56618611e+01
  1.08641135e+01 1.19849768e+01 2.41708268e+01 2.01772840e+01
  4.14452474e+01 1.08768614e-28 2.25184020e+01 4.53985930e+01
  3.76435758e+01 4.73986949e+01 2.21634073e+01 2.60176936e+01
  1.44094726e+02 2.27607798e+02 4.45954821e+02 1.40280993e+02
  1.29426467e+01 1.30157598e+01 1.07229863e+01 8.72811929e+00
  6.70438472e+02 5.81854876e+02 1.27271719e+01]
 [9.00017222e+01 1.58651956e+02 3.82473537e+01 4.39825914e+01
  3.44068470e+01 3.52630377e+01 4.11468690e+01 3.25936275e+01
  4.23586017e+01 3.75057507e+01 1.85640965e+01 2.68004078e+01
  9.99858085e+00 6.84751508e+00 2.02799030e+01 1.66411902e+01
  1.65029512e+01 1.98504859e-28 1.21090375e+01 3.85066118e+01
  2.17189608e+01 2.18193311e+01 2.43542135e+01 2.49100320e+01
  3.73730019e+01 6.16396667e+01 1.03440759e+02 3.86418159e+01
  5.74103111e+00 6.94547754e+00 7.16249054e+00 5.21474349e+00
  3.20001990e+01 7.54459549e+01 1.09608148e+02]
 [5.62214361e+02 6.23255270e+02 2.33188820e+03 1.66092708e+03
  1.74133887e+03 1.58060972e+03 8.05248461e+01 4.24637330e+02
  9.08486773e+01 2.19291774e+02 5.09639353e+01 1.72162769e+02
  3.29301348e+01 1.70665423e+01 3.47901893e+01 3.50073190e+01
  5.39969860e+01 1.75102629e-27 3.34456112e+01 1.51943514e+02
  9.26993108e+02 5.79494193e+02 5.90844763e+01 2.15417901e+02
  3.66396798e+02 3.36987876e+02 3.50786158e+02 7.67932988e+02
  1.58599993e+01 1.03625059e+01 1.69566265e+01 9.13352252e+00
  2.66390102e+02 1.75220805e+02 3.28704963e+01]]