[[2.14868559e+01 2.85555753e+01 1.75623831e+01 1.76256391e+01
  4.02407568e+01 5.26336563e+01 1.53842532e+02 2.48144378e+02
  3.16110144e+02 2.41214705e+02 5.71998130e+00 6.01986396e+00
  8.72728063e+00 6.38500750e+00 7.30043463e+01 6.97617853e+01
  3.35242114e+00 7.90406079e-29 3.22108709e+01 2.61153499e+02
  1.67840595e+01 1.44673795e+01 4.94768734e+01 5.64903931e+01
  1.29989433e+01 1.70098800e+01 1.92371775e+01 6.84631430e+00
  1.82558345e+00 1.92550136e+00 1.26948144e+01 7.61684180e+00
  5.46192829e+01 2.94135927e+01 1.05414394e+01]
 [7.89287753e+01 6.67564099e+01 1.14512330e+01 1.40050266e+01
  8.88814673e+00 7.46156916e+00 1.06797716e+01 1.30147054e+01
  1.71979695e+01 1.11688823e+01 6.79794156e+00 7.56742843e+00
  4.14116328e+00 6.52241862e+00 6.19039911e+00 5.35710363e+00
  4.81126533e+00 4.57694522e-30 2.94503022e+00 1.05298734e+01
  7.05882017e+00 6.32984513e+00 7.76239093e+00 7.22424170e+00
  2.44412748e+01 2.54801013e+01 6.47999118e+01 2.13204189e+01
  2.25982840e+00 1.66741485e+00 2.42872368e+00 2.12272032e+00
  2.64300104e+01 3.24081568e+01 1.02227975e+00]
 [3.60939349e+01 3.17886669e+01 9.88663669e+00 9.49065531e+00
  7.95245633e+00 9.32054169e+00 1.79346577e+01 2.72367561e+01
  7.88515428e+01 6.79443299e+01 4.95943824e+00 4.00260004e+00
  2.60589300e+00 3.52593482e+00 1.28434028e+01 1.39447506e+01
  3.65222960e+00 6.05484718e-29 9.40858286e+00 6.21059109e+01
  4.84783975e+00 4.84051593e+00 8.65098826e+00 1.09717511e+01
  1.63386217e+01 1.90495044e+01 3.00907762e+01 1.07348432e+01
  1.33851615e+00 1.50970927e+00 3.92682946e+00 3.12695946e+00
  2.41135575e+01 1.16300244e+01 8.85425791e-01]
 [2.50636454e+02 2.61370787e+02 5.17591657e+01 5.32964976e+01
  4.79505052e+01 6.11990710e+01 9.49388465e+01 1.48294100e+02
  1.47109926e+02 1.52449341e+02 3.54709345e+01 3.89866160e+01
  7.35459202e+00 1.32486626e+01 4.75471697e+01 6.63243597e+01
  2.97065892e+01 1.23452726e-28 3.92337912e+01 1.23561518e+02
  2.57220335e+01 3.45837589e+01 3.62209339e+01 5.50832942e+01
  1.13234605e+02 9.75944772e+01 1.91698470e+02 9.13575194e+01
  1.27536694e+01 1.27186659e+01 1.60109230e+01 1.29760185e+01
  1.75635712e+02 1.19841867e+02 4.44867303e+00]
 [1.71535003e+02 2.42884616e+02 2.61480431e+01 2.57371638e+01
  2.02866491e+01 2.39899603e+01 4.15308808e+01 9.02253261e+01
  6.21068001e+01 6.75773282e+01 1.35731633e+01 1.53440589e+01
  5.63207635e+00 9.06843922e+00 2.38346041e+01 4.22224653e+01
  1.43863488e+01 2.92648041e-29 1.47610821e+01 5.63917208e+01
  1.15197124e+01 1.11968889e+01 1.76335295e+01 3.04415868e+01
  4.68865438e+01 5.33807686e+01 1.64404266e+02 4.11220496e+01
  4.62293917e+00 4.16268498e+00 5.61584291e+00 8.30679576e+00
  1.11571127e+02 2.07522324e+02 2.89202766e+00]
 [6.80239409e+00 7.51491624e+00 5.08884951e+00 6.08834327e+00
  4.96183651e+00 5.08426346e+00 1.23107692e+01 2.47187755e+01
  3.36901905e+01 2.18289754e+01 2.61006867e+00 2.52238541e+00
  1.67001290e+00 1.87668193e+00 7.66619988e+00 7.09780595e+00
  2.01916857e+00 3.33212055e-30 4.47878915e+00 2.21240507e+01
  3.70158188e+00 5.30757440e+00 4.51176635e+00 6.05481420e+00
  4.95956543e+00 4.46040317e+00 6.89568367e+00 3.38679699e+00
  1.10492033e+00 9.18940087e-01 2.06777469e+00 1.26853621e+00
  2.36885515e+00 2.96413344e+00 1.63370744e+00]
 [3.16429605e+01 3.55491021e+01 1.12028179e+01 2.03244644e+01
  1.73442463e+01 1.51328335e+01 3.99574897e+01 4.18900246e+01
  8.84284284e+01 9.83161341e+01 4.14340508e+00 8.72026001e+00
  5.33110922e+00 5.23324039e+00 2.67654718e+01 2.96317129e+01
  4.72061221e+00 2.69958522e-29 2.52550398e+01 8.65142674e+01
  8.22049431e+00 9.01474162e+00 1.88948852e+01 1.68625289e+01
  1.02802393e+01 1.85594601e+01 3.05352322e+01 1.02330035e+01
  2.53448683e+00 2.88314523e+00 8.06083639e+00 6.99815099e+00
  4.04299884e+01 5.33566100e+01 6.09482339e+01]
 [1.42717268e+01 1.85932912e+01 6.43075023e+00 6.97841076e+00
  7.78610460e+00 1.11047474e+01 2.37770244e+01 5.48162186e+01
  4.24143077e+01 4.32956489e+01 4.43908940e+00 4.85010223e+00
  2.59638410e+00 3.82974988e+00 1.09011231e+01 1.92971075e+01
  2.79449509e+00 4.69514612e-30 6.54537642e+00 3.78907929e+01
  4.58964069e+00 4.61358054e+00 7.22445427e+00 1.33421025e+01
  7.71762494e+00 8.50653513e+00 1.27014708e+01 6.17113184e+00
  1.32225694e+00 1.29580643e+00 2.75930640e+00 4.09536029e+00
  3.03341217e+01 1.24121624e+01 4.70073498e+00]
 [4.26457425e+01 3.88100073e+01 2.26478755e+01 1.72251832e+01
  2.49807147e+01 1.95511256e+01 4.88134978e+01 7.75585281e+01
  8.47016945e+01 8.09635992e+01 1.10041343e+01 9.32458930e+00
  6.21361661e+00 4.61363156e+00 2.30948860e+01 2.56799459e+01
  8.63627041e+00 5.92861128e-30 1.72758867e+01 7.11238089e+01
  1.34090857e+01 9.47147236e+00 1.85439617e+01 1.99474454e+01
  1.81863693e+01 1.67689318e+01 3.49959383e+01 1.58509737e+01
  3.92638971e+00 3.21111033e+00 6.80973465e+00 6.27738682e+00
  9.60856314e+00 1.73688796e+01 2.34285972e+01]
 [2.76133295e+01 2.78044639e+01 8.19226870e+00 1.24213220e+01
  1.20263235e+01 1.23271037e+01 6.07701112e+01 7.73944423e+01
  1.27015684e+02 1.16190505e+02 5.23970022e+00 3.38716710e+01
  3.00693728e+00 3.99783028e+00 4.26815007e+01 4.49054356e+01
  5.53408852e+00 6.63603788e-29 2.80527238e+01 9.75043159e+01
  9.04305827e+00 1.00847219e+01 2.15660102e+01 2.30168617e+01
  1.27273679e+01 2.93227652e+01 2.36213958e+01 1.00503086e+01
  2.10803045e+00 2.76222171e+00 8.55485615e+00 7.18391677e+00
  2.50977865e+01 1.90333541e+01 1.65997880e+01]
 [1.57722568e+01 1.67690865e+01 2.07497567e+01 1.69728547e+01
  2.71302525e+01 2.08652784e+01 5.91927130e+01 4.58758082e+01
  6.30011366e+01 5.52010668e+01 6.60326078e+00 6.86490307e+00
  5.10374829e+00 5.36557208e+00 1.70460704e+01 1.86121718e+01
  3.77209677e+00 1.36780718e-28 8.67500877e+00 4.81351684e+01
  1.26459011e+01 1.10173054e+01 1.77546352e+01 1.48174850e+01
  1.05424260e+01 1.29798680e+01 1.45654117e+01 6.93913470e+00
  2.34857457e+00 2.08904854e+00 3.92340283e+00 4.12643393e+00
  3.12298642e+00 5.69458644e+00 4.02166511e+00]
 [2.82028664e+01 2.94721326e+01 8.96587735e+00 1.04434908e+01
  1.36988148e+01 1.42449649e+01 2.60776687e+01 2.51462541e+01
  5.19387754e+01 5.64917523e+01 4.86789404e+00 5.37440336e+00
  3.58435760e+00 4.23565841e+00 1.10025491e+01 9.56825454e+00
  4.65349055e+00 1.11577073e-28 5.27475877e+00 4.26222508e+01
  7.77191137e+00 8.90240069e+00 1.14097777e+01 1.51996346e+01
  1.14866605e+01 1.11106740e+01 2.60920824e+01 8.48191361e+00
  2.31912697e+00 2.38766036e+00 2.78561470e+00 2.24920289e+00
  9.41318712e+01 3.72727532e+01 1.61013049e+01]
 [4.56750140e+01 5.70225371e+01 1.03249318e+01 1.42929720e+01
  1.80299168e+01 1.09727118e+01 4.85377163e+01 3.21761996e+01
  6.52586753e+01 4.55554134e+01 6.50809487e+00 9.15464173e+00
  6.33448321e+00 4.30303602e+00 2.85965265e+01 1.73345470e+01
  7.58420915e+00 1.52125174e-29 1.24680419e+01 4.30135402e+01
  7.16818270e+00 7.16722422e+00 2.04308709e+01 1.30118338e+01
  1.53540598e+01 2.03728741e+01 4.13046184e+01 1.53772658e+01
  2.79973545e+00 3.06157149e+00 8.55059300e+00 4.03926867e+00
  2.18909814e+01 2.52344082e+01 1.56107777e+01]
 [7.03718304e+01 7.00037080e+01 7.42158973e+01 6.48944564e+01
  8.04377694e+01 6.63898346e+01 1.49647362e+02 1.42316715e+02
  1.35131523e+02 1.59787149e+02 4.15708247e+01 4.00905468e+01
  2.14761426e+01 2.19663456e+01 9.10922308e+01 7.78963314e+01
  3.27087314e+01 5.39807081e-28 4.82696177e+01 1.11073576e+02
  5.09504897e+01 4.46947759e+01 7.32569685e+01 5.97681631e+01
  5.47098234e+01 5.30278804e+01 6.98560224e+01 4.80805413e+01
  1.67738455e+01 1.48206998e+01 2.44696736e+01 2.68661186e+01
  1.10083710e+01 1.03285142e+01 2.31607894e+01]
 [5.60493438e+01 5.94273603e+01 3.15801658e+01 2.52832123e+01
  3.12883831e+01 2.83263895e+01 9.50562736e+01 1.11626866e+02
  1.68311741e+02 1.67494593e+02 1.56482909e+01 1.45224128e+01
  9.79712439e+00 8.29004192e+00 6.33720045e+01 7.01848749e+01
  1.50894929e+01 8.09522447e-29 4.16296503e+01 1.38990352e+02
  1.84860625e+01 1.45844015e+01 3.66265221e+01 3.53706979e+01
  3.21703791e+01 3.83215788e+01 5.61513236e+01 2.72145898e+01
  7.42882489e+00 6.21403146e+00 2.11448794e+01 1.52477113e+01
  3.27231179e+01 2.69770655e+01 1.82571052e+01]
 [1.61550345e+01 1.67961453e+01 1.35297419e+01 1.20863708e+01
  1.54793264e+01 1.71368769e+01 3.62759148e+01 6.42600230e+01
  9.62279274e+01 8.38581253e+01 4.10994761e+00 5.38591682e+00
  3.26491874e+00 3.64228895e+00 1.47739910e+01 1.70542249e+01
  2.56621083e+00 6.57365777e-30 5.37392273e+00 6.90455621e+01
  5.45283330e+00 8.17829910e+00 1.20395830e+01 1.66785920e+01
  7.46289032e+00 9.23983475e+00 1.53534566e+01 6.06813784e+00
  1.22118122e+00 1.04416308e+00 2.61241011e+00 2.55818644e+00
  5.13843284e+00 6.60017734e+00 1.33817505e+01]
 [7.58849221e+00 6.58777514e+00 7.69486333e+00 7.20859522e+00
  9.50544366e+00 1.00340320e+01 3.00344563e+01 4.47231558e+01
  7.68812110e+01 5.90331128e+01 2.67737862e+00 3.64204900e+00
  2.64086460e+00 3.15425055e+00 1.96502443e+01 1.85967312e+01
  1.92711938e+00 7.19152081e-30 9.65426949e+00 6.06511235e+01
  5.23549160e+00 4.87760297e+00 9.97607905e+00 1.08496260e+01
  5.42859088e+00 5.57811507e+00 5.93448544e+00 2.86157531e+00
  1.32635346e+00 1.28466922e+00 3.86753470e+00 4.07232202e+00
  4.12784757e+00 2.21958579e+00 1.53274837e+01]
 [3.43630068e+02 3.59506684e+02 3.32042552e+01 3.47730736e+01
  2.15833582e+01 2.69369049e+01 3.69108259e+01 7.32276859e+01
  5.49009357e+01 6.71323201e+01 1.80628434e+01 2.13159323e+01
  1.29792891e+01 2.62072797e+01 2.85997287e+01 4.22770078e+01
  1.46806189e+01 8.03660257e-29 1.93794284e+01 4.38000694e+01
  1.58984903e+01 1.56237248e+01 2.44996892e+01 4.01105905e+01
  6.49767749e+01 7.53741094e+01 2.10329151e+02 5.71256648e+01
  6.61686637e+00 5.26013127e+00 1.38103720e+01 2.08578890e+01
  2.62370896e+02 1.48794230e+02 3.23167481e+00]
 [1.80360774e+01 2.00233718e+01 1.74804922e+01 1.32313434e+01
  3.22476885e+01 2.17855900e+01 4.20808340e+01 3.99743869e+01
  4.31301623e+01 4.30897857e+01 7.98539674e+00 6.65778257e+00
  6.64599265e+00 4.22040753e+00 1.86318356e+01 2.22432816e+01
  5.19324268e+00 1.36587131e-28 1.64932467e+01 3.92026907e+01
  1.50493433e+01 9.50857352e+00 2.41996866e+01 1.81122818e+01
  1.09733518e+01 1.15484760e+01 1.64858120e+01 8.57297001e+00
  3.19661967e+00 2.44932940e+00 6.74798013e+00 6.46040754e+00
  2.73586544e+00 4.21044068e+00 2.68569684e+01]
 [5.19758315e+01 5.80309301e+01 1.69701941e+01 1.80891516e+01
  2.66824442e+01 2.77059711e+01 9.78760266e+01 1.18052112e+02
  1.37938963e+02 1.81026312e+02 6.42294185e+00 8.70118588e+00
  8.76545051e+00 1.76454727e+01 4.47595530e+01 5.34669015e+01
  4.79750517e+00 5.27784812e-29 2.09536151e+01 1.20330800e+02
  1.22774435e+01 1.19729750e+01 3.56406177e+01 3.85272193e+01
  1.79612593e+01 2.06816972e+01 4.82596477e+01 1.32625566e+01
  2.93590195e+00 2.00830613e+00 1.02514248e+01 1.16537952e+01
  2.15398834e+01 9.73946738e+00 6.56484068e+00]]