[[4.84079855e+00 5.05180860e+00 3.13200801e+00 2.21038487e+00
  3.85195639e+00 2.87535103e+00 1.88217604e+00 1.57849435e+00
  1.44719533e+00 1.33158362e+00 1.10587587e+00 1.20654520e+00
  8.29154987e-01 4.47350918e-01 8.39436105e-01 7.32838380e-01
  5.32246325e-01 2.76074575e-30 4.87496323e-01 1.29826761e+00
  2.87482940e+00 1.32623464e+00 1.87990889e+00 1.05165658e+00
  3.35418396e+00 3.80783623e+00 4.04690719e+00 1.31960834e+00
  2.63195338e-01 2.73580903e-01 3.15647364e-01 2.16410127e-01
  1.24130701e+01 7.42575706e+00 3.34793350e+00]
 [3.21418272e+01 2.46806455e+01 9.33575283e+00 8.16402955e+00
  7.99572945e+00 1.67606806e+01 1.22151360e+00 2.00263654e+00
  1.47566524e+00 2.23485151e+00 5.85257086e+00 1.00420158e+01
  9.60198486e-01 2.97204560e+00 7.21318964e-01 1.22125660e+00
  1.37476301e+00 3.09206991e-30 4.35126437e-01 1.78532285e+00
  5.72767524e+00 8.36418116e+00 3.28047415e+00 1.67747890e+01
  1.64210579e+01 1.18777090e+01 2.15874033e+01 7.33696128e+00
  5.70692015e-01 8.79250878e-01 2.91096023e-01 3.58215837e-01
  8.23173599e+01 1.10162133e+02 1.47043168e+00]
 [1.58654369e+01 2.07649909e+01 3.64972510e+00 1.40163378e+01
  1.60514192e+00 1.39402894e+00 1.43988412e+00 1.71509117e+00
  1.95594266e+00 1.95177073e+00 1.90554980e+00 4.83102615e+00
  5.74076760e-01 7.27913851e-01 1.03036232e+00 9.53048271e-01
  1.30016277e+00 1.19683582e-29 7.06241461e-01 1.84126973e+00
  1.69318962e+00 1.09068057e+01 9.93772671e-01 1.06094233e+00
  8.57359417e+00 1.93603681e+01 1.43478862e+01 5.52927857e+00
  4.15856748e-01 4.91136437e-01 5.43731564e-01 3.59811728e-01
  1.03154720e+01 1.45362035e+01 5.59299620e-01]
 [4.53357296e+02 1.34698425e+02 3.05474059e+01 1.62218563e+01
  2.82785407e+01 5.44617802e+01 1.01668189e+01 9.89860182e+00
  8.06754258e+00 1.07381585e+01 3.38243610e+01 5.95703862e+01
  2.09911584e+00 1.38555866e+00 2.70238121e+00 3.20712972e+00
  1.16319485e+01 5.20436223e-29 2.21889620e+00 8.63321120e+00
  7.13224833e+00 1.84154217e+01 6.28912979e+00 8.12059156e+00
  2.01134013e+02 1.03467224e+02 9.56978429e+01 9.14079308e+01
  6.09591019e+00 6.69362573e+00 8.73452776e-01 9.57612021e-01
  3.17471075e+02 1.23841560e+02 3.14507753e+00]
 [2.31244072e+02 3.41121967e+02 3.15273987e+01 1.98054340e+01
  1.15792351e+01 7.39661120e+00 4.11175951e+00 4.40530238e+00
  7.54846642e+00 5.54185581e+00 1.53045794e+01 1.52195516e+01
  2.69616397e+00 1.63639984e+00 2.38413174e+00 2.52222550e+00
  1.18673636e+01 6.03259641e-30 1.87076285e+00 6.37077342e+00
  8.47947679e+00 9.28630023e+00 2.71472058e+00 2.49217503e+00
  6.81414468e+01 9.43360415e+01 2.26650974e+02 4.69443873e+01
  2.80218633e+00 2.25566821e+00 8.09963721e-01 8.53111549e-01
  1.94521122e+02 3.02919047e+02 3.88828097e+00]
 [8.42123571e+00 2.14097431e+01 5.76074732e+00 3.69033344e+01
  3.98904754e+00 9.56572542e+00 1.65428285e+00 1.94242163e+00
  2.02336602e+00 3.37459247e+00 3.89711021e+00 5.35947087e+00
  1.60485310e+00 1.87312228e+00 9.93416145e-01 8.76444325e-01
  1.40538249e+00 1.07102044e-29 5.52153682e-01 2.40286024e+00
  8.93738908e+00 1.85372877e+01 2.00081092e+00 3.40715452e+00
  1.13206521e+01 1.04086303e+01 1.02159611e+01 3.34164026e+00
  5.89667838e-01 7.43714648e-01 4.72161641e-01 3.10176944e-01
  9.80946257e+00 4.34674420e+01 2.31780406e+00]
 [9.80896047e+00 1.03451369e+01 4.30760463e+00 5.21660850e+00
  7.21301219e+00 2.43504634e+00 1.10981771e+01 2.30464475e+00
  5.74263555e+00 5.41220788e+00 1.09566713e+00 2.14292613e+00
  1.52462252e+00 9.37161490e-01 2.04658027e+00 1.20043499e+00
  1.22687157e+00 3.15529497e-30 1.01818954e+00 5.85575814e+00
  3.01429167e+00 1.91188331e+00 3.86926180e+00 1.40183728e+00
  3.81678846e+00 5.30289725e+00 9.89106106e+00 2.85307323e+00
  5.62328294e-01 6.40325962e-01 6.87502324e-01 4.65032728e-01
  1.67597223e+01 1.97274104e+01 2.80250789e+01]
 [2.07545783e+01 5.09979863e+01 4.46071339e+00 6.24765126e+00
  1.11188593e+01 2.00420713e+01 1.69205436e+01 7.57125302e+00
  3.11631538e+01 2.18440664e+01 1.16435707e+01 1.82468575e+01
  1.14339961e+00 8.48129421e-01 2.52885886e+00 2.30639351e+00
  2.46591785e+00 6.93429301e-30 1.44827055e+00 2.00762777e+01
  6.98371634e+00 4.88043707e+00 3.07532266e+00 3.09484962e+00
  2.46108272e+01 2.98022455e+01 2.31930120e+01 1.82496873e+01
  7.00092883e-01 7.61671358e-01 6.24460833e-01 6.22121320e-01
  3.95361429e+01 3.19300777e+01 1.22377963e+01]
 [1.34831088e+01 1.23087139e+01 8.90839330e+00 2.31294155e+00
  6.77340753e+00 8.88336085e-01 1.31532129e+00 1.67140649e+00
  2.67997292e+00 4.03771594e+00 2.07901556e+00 1.09264228e+00
  3.99493484e-01 4.03523562e-01 6.29469562e-01 6.92717667e-01
  9.01556278e-01 2.64594018e-30 4.14596701e-01 3.25709016e+00
  1.33681732e+00 9.53912394e-01 6.25533514e-01 6.81368342e-01
  7.30358650e+00 3.02048973e+00 9.69184082e+00 3.00273720e+00
  3.90994976e-01 2.84496144e-01 2.66865542e-01 2.36857135e-01
  7.85243662e+00 2.08313320e+01 8.25985938e+00]
 [6.98744854e+01 1.26016928e+01 9.32764374e+00 7.10984306e+00
  5.71953231e+00 1.52386033e+00 7.29718624e+00 2.54716582e+00
  3.60481408e+00 1.91686874e+00 7.49033962e+00 8.78918213e+00
  1.13071751e+00 5.80382976e-01 2.01490700e+00 7.07576844e-01
  1.37690022e+00 1.16805642e-29 4.99285668e-01 2.57612844e+00
  7.16297147e+00 2.95312976e+00 3.49557694e+00 1.28880046e+00
  1.57865329e+01 1.07358448e+01 1.56604260e+01 3.89460577e+00
  7.58494158e-01 7.08009216e-01 4.57045575e-01 2.49449562e-01
  4.45386463e+01 1.02987860e+01 2.00531248e+01]
 [2.67708712e+00 2.45647276e+01 2.69435180e+00 3.91207746e+00
  2.16957329e+00 4.27974649e+00 2.41079151e+00 7.13052241e+00
  7.41516099e+00 1.01173990e+01 2.75190569e+00 8.67246055e+00
  6.75475199e-01 8.97073665e-01 1.24997626e+00 1.27832124e+00
  1.00604922e+00 1.13890604e-29 7.01561883e-01 7.55099205e+00
  2.02044224e+00 5.61536753e+00 1.19787884e+00 1.28526681e+00
  7.05031377e+00 3.06746443e+01 7.35792969e+00 3.40181924e+00
  4.51442176e-01 8.64978416e-01 4.55803073e-01 4.37422901e-01
  5.49827447e+00 2.19343782e+01 3.25423130e+00]
 [2.16169409e+01 2.47407596e+01 6.65528122e+00 8.74876666e+00
  1.56480424e+01 2.38864897e+01 3.91320378e+00 6.52003097e+00
  2.80129462e+00 2.77366657e+00 2.78508718e+00 3.08601976e+00
  2.40035199e+00 5.76741930e+00 1.74305944e+00 2.37053221e+00
  1.90539621e+00 1.78213330e-29 7.45722823e-01 2.52830169e+00
  7.20548069e+00 1.45285090e+01 7.42092734e+00 2.96611751e+01
  9.09834331e+00 1.04245628e+01 2.64750149e+01 4.92842669e+00
  8.50033859e-01 9.72955341e-01 6.64351667e-01 7.79832711e-01
  2.86203557e+01 2.69518173e+01 8.61702257e+00]
 [1.77519931e+01 2.07376346e+01 2.73604667e+00 4.73592977e+00
  2.08145844e+00 1.91244459e+00 2.79324293e+00 2.57595669e+00
  5.87162906e+00 4.87155589e+00 1.64717653e+00 2.39468467e+00
  8.74170438e-01 7.17556126e-01 1.79899033e+00 1.26944247e+00
  1.57473513e+00 1.84981403e-30 1.05958861e+00 5.03214824e+00
  1.61982873e+00 2.01853530e+00 1.66697470e+00 1.39683032e+00
  5.24103743e+00 6.56899243e+00 1.48685442e+01 4.41073061e+00
  5.72941444e-01 6.37363721e-01 7.38582051e-01 4.09831984e-01
  1.03668009e+01 1.11670544e+01 7.65432860e+00]
 [3.52606310e+00 5.59330874e+00 2.44730117e+00 3.17705107e+00
  1.98893418e+00 2.89676495e+00 1.97009895e+00 2.92820988e+00
  2.53115148e+00 5.44808708e+00 1.59573852e+00 2.53666668e+00
  8.17660467e-01 1.27512403e+00 1.36128664e+00 1.74420162e+00
  1.33939202e+00 1.62273463e-29 1.06209608e+00 3.22630023e+00
  1.84772019e+00 2.14566603e+00 1.44934710e+00 2.23299910e+00
  2.55541567e+00 4.57745184e+00 5.18639077e+00 2.06032975e+00
  7.21012225e-01 1.02869010e+00 4.90003483e-01 6.60497577e-01
  3.10853507e+00 5.53341815e+00 1.23105220e+01]
 [1.33454206e+01 1.20043434e+01 1.94482665e+00 1.56817851e+00
  1.12228936e+00 1.02996666e+00 1.40045924e+00 1.50096134e+00
  2.68653716e+00 1.93701103e+00 9.25304853e-01 1.50689980e+00
  4.20931234e-01 3.39361677e-01 9.28303245e-01 7.01178625e-01
  9.03379694e-01 7.33782104e-30 4.64944464e-01 2.10374920e+00
  8.86408729e-01 6.18183567e-01 8.67387976e-01 7.63929586e-01
  4.10655309e+00 7.34808361e+00 1.22335922e+01 3.22206075e+00
  3.37497593e-01 3.37032606e-01 3.95922711e-01 2.30293491e-01
  1.21009749e+01 9.88061593e+00 2.75753178e+00]
 [7.82311904e+00 8.34469419e+00 1.34505427e+01 1.74555872e+01
  1.27750439e+01 1.79078641e+01 2.72711435e+00 1.92506739e+00
  2.11584080e+00 2.24225776e+00 4.59792438e+00 1.23257793e+01
  4.76446691e+00 8.40477079e+00 1.32078721e+00 9.75878079e-01
  1.11568107e+00 5.00131619e-30 6.12481234e-01 2.10398464e+00
  7.08507927e+00 1.76832444e+01 3.58360460e+00 5.01820034e+00
  3.34115456e+00 6.94053225e+00 7.60880832e+00 3.11806120e+00
  1.18405852e+00 1.72490596e+00 5.81816813e-01 5.59132490e-01
  6.33039161e+00 9.81954161e+00 9.42921238e+00]
 [4.70124647e+00 4.81498493e+00 2.50745851e+00 2.72463113e+00
  4.91340784e+00 6.78040050e+00 3.89442257e+00 3.05783294e+00
  5.27060576e+00 5.21417493e+00 2.36856909e+00 6.26270156e+00
  6.45750725e-01 6.91760067e-01 1.16781827e+00 9.81560120e-01
  6.60436885e-01 3.27271955e-30 5.08260209e-01 5.75281918e+00
  2.12514581e+00 1.60895036e+00 1.90421616e+00 1.98958419e+00
  1.18411455e+01 1.57308618e+01 3.40742070e+00 1.82336141e+00
  4.22427278e-01 3.88470085e-01 3.45978209e-01 2.95356968e-01
  7.20185715e+00 2.32225068e+00 1.05330106e+01]
 [6.61231100e+01 6.63794556e+01 5.18850254e+00 7.89832410e+00
  5.52893716e+00 1.61477101e+01 2.78475394e+00 6.11121651e+00
  2.67806799e+00 5.02247411e+00 3.47838607e+00 4.83361351e+00
  1.21250508e+00 1.70712717e+00 1.46780187e+00 2.51670271e+00
  3.03446378e+00 5.19692556e-30 1.09491953e+00 3.84575380e+00
  3.80213953e+00 3.07115692e+00 2.79230660e+00 8.88726061e+00
  1.30602081e+01 1.56093735e+01 3.91842863e+01 1.20517143e+01
  1.06620828e+00 8.73335235e-01 7.37562534e-01 8.67968710e-01
  5.30612621e+01 2.98960743e+01 1.06920602e+00]
 [6.93095761e+00 2.09077050e+01 1.95456159e+00 1.89756348e+00
  2.40029818e+00 4.91651367e+00 1.33030303e+00 2.07502109e+00
  1.86388861e+00 3.66356043e+00 8.84376190e-01 2.16529477e+00
  2.70844826e-01 3.14478800e-01 5.06419270e-01 6.94782455e-01
  5.88982890e-01 1.40878418e-29 3.71352715e-01 2.67415593e+00
  1.06543489e+00 1.27210563e+00 5.70816479e-01 7.11180236e-01
  2.43487337e+00 4.30720814e+00 7.90147039e+00 1.81811563e+00
  2.37174117e-01 2.32468619e-01 2.22819033e-01 1.84007434e-01
  3.66949407e+00 5.07126580e+00 2.17540107e+01]
 [1.18780534e+01 1.69856179e+01 3.40458701e+00 4.39033573e+00
  5.37231520e+00 5.99133817e+00 3.09386707e+00 4.13707198e+00
  4.78818350e+00 4.71100956e+00 1.43702185e+00 2.93434145e+00
  1.05752520e+00 1.39316077e+00 1.58485828e+00 1.65598511e+00
  1.11268748e+00 8.40455230e-30 1.01179470e+00 4.51172028e+00
  2.00146371e+00 2.05314291e+00 1.81276019e+00 2.33785216e+00
  3.76575047e+00 4.91706367e+00 1.16246811e+01 3.08267809e+00
  5.94883717e-01 6.09387650e-01 7.00317032e-01 5.92290204e-01
  6.27660908e+00 3.96744505e+00 1.16084580e+00]]