[[ 5.01165106  2.45119928  2.20864648  2.67493423 22.86516472  5.6371412
  53.68192592 59.84287804 63.62554062 67.20387832  2.77864529  4.78968156
  27.01652443 32.22464911 55.74261441 56.50905581  5.0686093  31.22907224
  47.08585984 66.12003975  1.33819416 10.36442665 41.49651408 50.83036739
   1.27375736  1.01036356  3.86338973  1.68712806 13.51094907 17.86012909
  44.3640563  37.64648842  2.93675179  1.94494913  7.33791284]
 [12.69303322 12.85810449  7.19442712 10.35925957  5.10025727  6.52799834
  12.42936258 13.85888653 16.61681077 11.54121348  8.03246489  7.86982796
  14.06765197 19.18108392 12.71245041 10.89556558  7.68920363  9.22875243
   8.46041923 10.95374455  7.83401265  7.31357195 12.08384332  8.61836726
  10.14127289 11.14598463 14.81554541 11.46646186  7.9083391   7.26882431
  12.87590511 11.82717662  6.71069214  6.23326998  9.98196403]
 [ 9.5147027   7.00664516  1.2919365   1.98098557 12.39042995 18.40540786
  27.38425263  8.26396659 57.99454322 56.99689058  2.71422827  6.22752834
  16.64921057 20.17237914 31.32215866 35.78813112 13.13506781  4.53192622
  31.48833602 55.49064837  9.75925705  6.91016443 20.34893902 28.32016171
   3.87011851  4.60799243  9.64401989  1.27743282 11.86056138  7.89651393
  24.43873127 25.14749242  5.60128612  3.33087889 10.47822153]
 [13.67614282 26.61524354 18.82993504 19.79567229 25.11997638 22.08127126
  46.34242739 52.24878453 53.02366965 53.27253905 19.56746263 16.64587498
  27.74160035 42.18519067 48.17353296 52.01409191 29.268342   30.6824448
  49.63900398 52.0377633  29.58752865 25.12191704 37.94649527 44.73818027
  12.57819532 19.50708838 26.51983761 18.36492327 26.61556671 28.42825257
  49.64068242 45.27105596  8.82581556  7.79441385 14.44319515]
 [ 3.86571467  4.01538848  3.51288966  7.41010808 15.57073901 17.20661041
  28.18572641 36.69789573 30.92392182 31.83232588  5.09440143  7.05777558
  13.8347973  28.16290298 28.90785621 34.71612763  6.36217371 17.8179696
  25.11161244 29.29968807  7.25369971 11.86131424 23.72038219 29.75923299
   3.90529588  4.68273137  4.12859151  4.84370802  8.11225151  9.87805532
  24.99429614 29.32584915  4.0822594   3.32886127  8.44610111]
 [ 8.29756434  5.58910877  5.80236252  3.35212223  8.63916002  7.96514439
  21.72557369 35.89347741 37.48249922 30.41700579  7.75171613  7.7369666
   8.99123209 12.92069345 22.67372226 24.07329256  9.15991316  5.62113579
  19.86888441 30.99106471  2.83078172  6.66284742 13.32544941 18.55619803
   5.00636343  3.7725441   8.09672845  8.84231433  8.96538487  9.73129566
  15.41630724 13.13655508  2.31111868  2.48464992  8.32566102]
 [ 5.20266061  4.6505633   4.0521212   2.62634564 10.48754566 10.10642372
  23.14449647 34.33956066 37.5850352  44.71570113  7.36420227  4.68084861
  13.4047564   3.8952095  30.50350892 37.40674703  5.13924668 14.55949743
  35.83444384 43.49888137  2.4920246   5.71865988 18.740888   18.93361678
   4.17459528  3.94148383  3.98064353  4.88386949  8.83908735  7.79135723
  22.41884119 26.68893118  2.47323548  3.74849068 14.09011032]
 [ 6.88891583  5.23796329  6.83584916  6.21504192  9.19878151 10.15387777
  19.02488377 35.97753602 24.5017576  27.34746447  5.39263271  5.27035288
   9.45919676 16.57775339 20.20556689 29.47008128  5.38114726  7.95284896
  16.30013527 25.93537793  8.04278923  7.21240185 13.95293982 23.56252407
   4.85337101  4.62334899  5.19971623  4.37434391  7.1441732   6.84925399
  14.41217222 19.25143602  2.13819484  4.14454608  5.07995204]
 [22.81958512 21.38009191 17.52817993  9.83492159 25.03032066 24.20527338
  41.30590264 40.06244914 47.05801134 43.23525917 20.18466667 22.49164318
  25.71170604 28.03191272 37.04810074 42.77146271 23.92960595  2.78466878
  39.22875335 43.00728484 25.35834891 13.67228604 30.54416982 37.33763587
  17.61188753  7.35402691 28.28188162 25.27285971 22.89963666 20.55998731
  31.28142189 36.28011469  4.24442495  3.65203888 10.00215792]
 [ 5.84902423  8.66881875  6.06519229  3.11869118 10.19789052 15.97080952
  37.16467141 18.47336179 43.3638781  29.8129495   6.9051075   2.7918604
  10.82260838 15.73146515 46.2158526  48.75644759 18.95671325  2.76046576
  31.85896157 22.29113483  3.28241833  3.44329245  9.64393105 12.80387777
   6.20521305  3.32545393  9.53593258 10.86879805 15.72687654  3.89598077
  36.8071259  35.88026235  4.91846143  7.57592164  6.23338665]
 [17.12171736 10.41448149 18.46376812 16.26612882 24.50395387 22.28392961
  42.38305866 37.48894218 40.80917397 37.91059737 14.32780992 10.6770577
  19.44398335 20.92227638 28.86757631 34.84751807 10.83636941 28.27521527
  28.15743862 36.33097529 19.75491571 15.13599115 26.77256367 25.42502937
  13.30026077  8.68518255 13.00961556 11.44741169 14.32403989 13.07159457
  22.05748594 21.87430436  8.260604    6.47077585 12.04411126]
 [ 8.86437898  7.39309548  2.94412434  1.59754775  8.22503862  7.36585796
  23.41011219 22.26838623 31.54048979 33.96949344  7.78426885  4.14892212
   9.03564074  8.02888492 17.20752643 17.21851231  6.97390356 15.82330678
  15.66508787 30.19753838  6.55952461  3.89486649 12.60170974  9.42444891
   8.39716817  4.71206679  6.45353884  7.84008256 10.89367809  7.00699059
  13.20824339 12.55798742  5.91593105  7.81005395  9.2364638 ]
 [ 5.50133954  5.27338654 10.32125997  5.94831399 16.76430108 21.37276691
  35.49117577 36.36913169 41.05447104 36.87949386 13.6706634   9.35103418
  21.66184009 22.54506049 36.26526818 37.80236407 11.12346991 23.10441361
  30.95325469 34.432025   14.60750617 11.18957292 26.31040073 30.9821189
   7.98826201  6.15736039  5.63103307  7.75276862 16.18744861 13.90795748
  31.00824992 30.92949244  2.01562703  2.71185628  9.96761768]
 [19.58383642 15.84623909 20.71704945 18.48053532 19.17379277 21.74740395
  31.57348814 34.44044914 33.82423478 36.07318663 16.5004924  14.39159411
  22.13479922 23.46336864 33.34360199 38.75311155 14.85890962 16.12629147
  32.87516596 30.95725575 20.53711877 20.05871608 23.98348341 27.70956777
  18.72705827 14.72622964 17.25880499 15.06476906 18.5845016  13.85209132
  30.39198493 39.38605538  8.64678154  8.26539026 10.11238865]
 [ 7.75833005 11.92992923 23.28926988 22.12240686 34.52807468 35.15786008
  49.55254034 48.13445418 58.52254104 57.32504876 29.36039676 24.59051434
  34.99859671 40.15839522 53.21816381 57.49069975 29.96967196 17.5485062
  57.08250037 57.12435337 31.14171782 33.61995081 42.9604986  45.62238543
   8.44809018  5.43038787  7.64710985  6.68001579 34.16684446 33.25985868
  51.03834686 55.38648839  1.18547194  3.72275801 16.51599828]
 [ 9.42936738  9.94396149  7.9294975   6.13553179  7.88124188  9.80376629
  37.14167009 49.23204704 55.61787725 51.45191553  7.87792724  7.09450313
  11.43844082  7.81348847 31.03877464 36.75912769  8.59350989 12.67183806
  18.53148762 48.31754013  6.32727786  3.47717433 22.35043889 24.3866032
   8.01456015  8.0295809   9.3294846   8.37395538  8.50716234  6.69396955
  19.0242654  20.51366353  3.95473817  4.5056834  11.46488089]
 [10.56913241 10.64483372 10.07154527 11.84327238 15.80168346 14.55123292
  36.11767362 46.73769729 54.17607838 49.73657482 12.19736397  9.62534907
   9.1662587  17.30671599 39.01869294 42.60251263 12.74648976 27.189147
  36.80665312 49.40975888 13.99067389 14.73750373 24.24543279 24.83751674
   7.63600331  7.25078442 11.61510145 11.90481581 13.91937252 15.10871572
  26.15150653 29.96251236  5.83370143  6.87467204  8.9397479 ]
 [22.65183473 22.11992418 15.18961744 13.72775869 17.55306512 17.86371072
  30.15231223 40.16983042 33.67972464 35.42433489 18.15929306 14.2556019
  30.58306198 44.28071396 31.90586064 43.07271615 16.64153944 32.31247479
  27.53524358 28.96920576 16.99161499 15.74866424 28.06467864 34.46071183
  20.68116686 17.36674501 22.208404   19.18874836 19.64136879 16.82259387
  33.65518919 46.64248459 20.41537926 15.65096813 14.1251277 ]
 [10.3566684   6.50916683 18.48062542 13.82658127 25.32023958 20.55122561
  26.63336872 30.52165844 30.88253247 32.29686457 17.8422705  11.69264102
  21.09671279 19.19565409 26.28352155 33.97848026 14.1844157  23.48922155
  37.39623726 31.06177029 23.07044221 16.82204311 25.17709088 24.02615076
  13.84607027  9.74135378  8.67316558 11.27587688 20.48245873 14.84187598
  27.15795211 33.00398709  4.86391433  3.71787521 11.05932159]
 [ 6.83117117  7.11371395  0.7117303   1.05533201  1.47871483  1.68494891
  44.93554978 20.1017829  49.26327461 39.54322702  8.77774668  4.22510702
  17.08989688 37.98412834 44.49927006 48.32866163  6.70219477  2.81592865
  30.99287778 37.39727292  1.28068566  1.96305179 30.71530586 13.71854495
   4.18067836  5.17158914  9.34426481  1.62725604 11.95343195 11.33565465
  29.19581457 42.54662095  5.99270627  4.60509359 12.98787308]]