[[ 2.3958851   1.27413301  0.96202548  0.99244903  5.33219083  1.10645852
   4.4223868   3.49067197  3.58385838  3.43805602  1.5657868   2.55250913
   7.77507621 10.59178161  5.287972    4.95157888  2.67558251  3.83281577
   5.8438359   3.41780357  0.64774848  2.91651356  5.97589584  5.51418448
   0.92627937  0.73434587  1.9311446   1.02717635  7.74797903  8.75295233
   7.01092834  7.63795981  1.53387956  1.01297477  5.57065052]
 [ 7.96032892  7.31531875  9.5641042   8.74296298  6.0303161  18.13708612
   4.97010009  5.81062654  4.80414447  5.41535133 12.31985632 15.67721674
   6.51259119 10.86630052  5.40320789  6.18381042  5.00778867  8.96112275
   4.69639646  4.92518547 10.47003516 14.28700558  7.78150371 19.5424187
  10.99727088  8.37496523  7.64728659  6.60144975  5.37842545  7.14813321
   5.43783913  5.43175312 15.80839426 14.60069964 16.55184204]
 [15.35130558 13.83476688  1.86409016  6.96567601 14.38756302 18.14270169
  16.57004791  3.55436226 11.87970784 11.75140273  4.00333544 19.32416981
  26.56207338 26.06985011 19.73281242 19.61338216 16.83026758  2.80112917
  19.18292977 12.00321455 14.65195476 37.85372555 18.0862794  20.80000617
   6.38758723 13.06587218 16.00415539  2.15016525 20.43571505 14.46827628
  24.08216518 21.10432486  9.21530198  9.62451215 16.69130803]
 [39.90236493 27.83168653 24.77995714 16.34772073 28.47919828 37.35423007
  14.28655541 10.8980731  12.53547602 12.52768638 36.81534306 34.319265
  21.96515437 14.33784415 12.37401836 11.49046814 22.09071198 23.7598745
  11.96294324 12.83348663 17.81100987 30.47675086 15.03092403 15.05378763
  42.80232947 29.92816223 23.90297353 30.60654667 30.06186321 28.31061307
  11.61915011 14.30391445 22.69857501 12.11634821 17.56778071]
 [ 7.82896706  8.29873693  7.10354298 11.05976953 16.75970494 14.46753566
  13.3738433  10.48918207 13.02646979 11.66546482 10.26961283 12.60043654
  18.25179913 19.35148096 15.182534   12.57768907  9.48242275 11.48539467
  14.15302432 12.25213006 10.09861149 17.17131295 15.32140375 12.62168311
   8.89993971 12.55385448  8.62194259  8.75954625 11.16737901 14.03885867
  21.15759258 14.49964558 10.35267722  7.099047   22.28798705]
 [11.95002955 13.46447455  9.23073009 18.23324292 11.67964269 11.03867501
  10.19132275 10.68572174 10.23877925 11.97262796 13.95270941 16.96675551
  15.67680549 15.33498199 10.39447912 10.09897187 10.3969743  14.27294841
   9.1078729  11.01524083  6.66670937 21.21816814 11.62419774 11.62706234
  12.69723902  8.19385535 12.82040805 11.22409725 11.17065873 13.66222466
  11.17658687  9.65796013  7.6934465  24.50797416 13.60531685]
 [ 6.16535272  5.24117577  4.39238654  2.40605605 10.07399495  7.12847354
  13.21378429 10.92765868  9.84583373 10.58223437  8.01034559  6.44236784
  14.50867923  3.62371744 13.16471009 12.01511311  6.02878932  8.2863618
  11.65249625 11.57862624  2.73315069  5.95384627 12.18168035  9.52647823
   4.89274699  4.52295322  4.51068957  5.59265995 10.95265405 13.00195277
  13.54430211 13.34436804  3.12260963  4.80283002 10.18368735]
 [14.65274973 20.41630476  8.5896252   9.02516932 18.49717419 22.94841942
  25.17547767 13.03474028 23.54757054 18.4585165  19.30414392 25.10331691
  13.90825871  9.97124545 14.50176475 11.76037295  7.99145674 18.14426755
  10.64579429 19.76050186 16.76258464 10.92137353 15.59507881 11.73475932
  21.40027379 19.63101619 13.36701288 13.78644697  9.27596049  8.72234056
  13.35904341 10.04267894  4.2893116  13.55922566 19.14126839]
 [14.45587472 13.24930976 14.22044378  5.12651696 14.40346816  7.4146161
   7.61656874  4.84843749  6.79243924  7.63846883 13.15529933 11.58977108
  13.02000384 13.13229247  9.63491204  8.62280758  9.40686095  2.79177106
   8.86934149  7.82101473 10.95194643  7.27652     9.78390834  8.83092117
  13.17053095  3.66841176 15.07314476 11.1271181  12.18115383 11.67862577
  11.24766458 10.51539012  6.13502394  6.80071694  8.3352001 ]
 [20.71857708  7.11718564 13.07792746  4.22733445  8.39794001  6.097996
   9.00126757  4.00702023  4.76124637  3.35130329 16.35002839  3.93291139
  10.78177859  8.6645605   6.28109521  5.07756205 11.57743598  3.74832706
   3.79822762  3.18103743  6.72403981  4.5990118   5.23743388  4.40378783
  10.42174488  4.33116098 10.37929918  8.76942017 14.20213751  3.79067063
   7.21268525  6.04380634 13.21029457  7.67600338 15.07085028]
 [ 9.73011629 27.04126659  9.41902557 11.87072442  9.68223414 11.66360472
   9.91110329 13.64802738 15.11245564 16.04756166 16.55959159 25.25880983
  17.58949164 18.29043138 16.1911889  14.72591291 10.82277899 12.3401004
  18.39981527 15.92458509 11.72822765 17.22713789 13.68852088 12.97721811
  17.38752981 32.9651106  14.78955759 12.99812023 14.18649474 15.93422063
  20.27271775 17.47205237 26.11742887 38.58925129 21.28640672]
 [10.04823745  9.38345391  3.88372378  2.22596941 13.54543265 13.77915234
  13.94399525 14.60508879 13.40220218 12.51331477  9.86976489  5.5443907
  15.74306985 15.44764539 15.87661851 16.95259084  7.50337459 10.91526116
  16.02431595 12.98161179 10.35872504  7.69099941 14.45887415 16.38401477
  10.90219539  8.02942284  9.21392999  8.9567914  12.20714744  8.56656683
  18.03011783 16.37944178  3.42602276  7.82774052 12.66807546]
 [ 9.49891742  9.87382445 15.5034395  12.32213416 17.5548009  28.2180608
  17.85481433 21.69783759 18.73443954 19.72804175 21.87233284 16.15410848
  25.26946911 28.59108861 19.40104061 22.69046452 14.90873174 18.16452069
  21.33116756 20.01058143 23.28861664 22.24006981 20.13753334 26.89882797
  12.43835852 11.21375815  9.78402955 11.69031962 23.51066716 20.69206111
  21.17893633 24.31037211  4.41289006  5.73904101 11.93870659]
 [ 4.79067667  5.04502205  5.04961475  5.45691894  5.56112421  6.91839491
   6.54353754  6.99236712  7.22202059  7.90339155  4.42146136  4.80552907
   8.3784218   7.62580795  6.66258991  7.50349672  3.64627745  5.1476363
   7.14836235  7.38061665  5.50715156  6.3304467   6.09268816  7.72727692
   4.60461033  5.19326098  5.02791486  3.71575214  5.36604703  5.35726971
   7.50953466  7.04185167  6.19877924  6.97087745 12.17207233]
 [ 4.96732166  7.8885354   6.99106874  5.81212253  9.93297816  9.86173623
   8.6978636   7.49630496  8.22675902  8.11498759  9.93971071  8.39468402
  13.03850024 12.54264278  8.58921783  6.99290934  8.95627191  7.02503633
   6.88651688  8.53751137  9.38194723  9.57205208 10.39385662  9.42886823
   3.74206403  2.97636126  4.59663007  2.81316616 11.08654721 10.53109453
   8.88457092  7.84882966  1.24686732  3.93607366 11.56859852]
 [10.36013871 10.78156604 19.56806545 23.55506308 22.17492778 26.45998508
   8.73232242  8.34592532  8.21103151  9.05708511 10.0394966  20.40336904
  20.96743993 32.80076327  9.24024405  9.20683144  7.54796312  9.36189905
   9.34914917  9.35325456  8.55437049 26.9994757  13.55842247  9.81396981
   8.5859677  10.02956333 10.46290077  9.93723982 10.51845212 20.53994726
  11.15837495  9.55058728  4.78853222  8.42467548 12.21959551]
 [13.73460871 16.26238908  9.20699004 11.798717   18.33350351 31.5752486
  12.43074212 10.20004967  9.56336759 10.71300512 21.36728513 26.49740992
   7.6626443  15.68113514  9.85753157 10.81296822 11.0451545  22.03583726
   9.12357628 10.781216   13.54910398 14.45044059 14.06236351 17.14011382
  30.34824737 30.2312866  15.94264224 15.12139725 12.75519378 15.43898036
  10.74099598 10.24910386 18.57376415 13.39476603 14.83991181]
 [12.64796453 12.72553679 10.82089123 11.99524375 14.81489133 16.741047
  16.02523032 15.28449864 16.09447789 17.2871866  13.23103389 14.47784638
  16.83145954 14.49331659 18.12391126 17.23233964 13.06127799 10.6196876
  16.66859605 17.53036393 13.23421205 13.46777201 18.08237418 17.41565805
  13.00236426 12.55507035 12.81827973 13.16333724 14.34765702 16.37265348
  19.34791962 15.68600104 11.03734491  9.00021268 13.36576367]
 [12.01528443 17.59932193  9.21713329  9.73765417  7.52115748 12.03119999
   7.42736108  8.66307576  9.58488677 10.71603541 10.00371213 12.07899914
   9.11439412  9.97369786  8.79537364  8.19078188  8.43955505 11.52878216
   8.70746976  9.69919853  8.6167196  11.09132949  6.94675381  7.50221045
  10.99147441 11.81148242 11.81583872  9.32859236  9.21173706  9.73592805
  10.24096105  8.56483094 15.28583363 10.87228492 20.87392635]
 [ 4.93807654  5.97587382  0.48915897  0.77865046  0.90307183  1.02888405
   9.71180328  4.13416541 10.23538322  7.35134212  7.23785772  4.56422312
   8.31304524 13.28421629 11.38537164 10.88077417  5.33144545  1.75105648
   9.32917318  8.22581031  0.7003544   1.16007898  8.93615777  4.34569019
   3.01372273  4.06754005  6.9903995   1.32677902  8.41441956 11.15624953
  10.43222004 11.84094646  4.3335326   4.80226411  9.63900063]]