[[ 3.29839184  1.96394781  1.58421878  1.68702165  7.96412123  2.01908757
  10.8230942   8.55332065  7.26183826  7.16607435  3.1255299   3.88664978
  12.86207058 13.45315778  9.89498526  9.33694315  6.82541607  9.87394389
  10.320269    7.04701035  1.19187805  4.71055971 10.65751669 10.36871137
   1.59933531  1.28005526  2.7457773   2.28243263 17.20406461 15.81167952
  12.85363043 12.25636201  2.418355    1.72171751  7.19939287]
 [ 7.65074616  7.41877582 15.90923624 14.03099198 13.69447368 14.43537966
  21.9877069  19.02501786 16.69220151 16.39432105 13.80148871 11.78695523
  20.96675981 18.04231457 21.9896622  21.19403926 15.6103987  11.35764554
  19.35730748 16.51359581 17.8651589  15.06596909 21.84572448 14.53526829
   8.9276281   8.50461582  8.71010245  9.41914906 19.9430868  17.617949
  22.83387662 22.00466845  5.59120912  4.74556783 10.37052725]
 [13.40025088 11.13858749  1.82134012  3.18133578 11.59522949 15.36649471
  12.43696382  2.5133977   6.34952676  6.98959017  2.86244704 10.24403326
  12.81127605 11.91329873  9.98378305  9.9564499  14.78569083  1.2429634
   9.9758298   7.12342752 11.59349662  9.73764104 11.21195537 13.0375004
   4.86790338  7.4055552  14.15087546  1.7191796  11.13177358  9.45171289
   9.93671506  9.90003071  6.86544078  3.51691301  8.99076632]
 [ 4.42734003  7.04240013  9.5481416   8.63415654 11.82328899  7.49344463
  13.9297083  11.4231691  11.53001704 11.53190576  8.26745609  6.22497973
  18.67019529 14.62990769 14.5893495  11.64934018 11.17396541  9.31607604
  12.53568315 12.32850163 15.29793765  9.93313937 17.54175183 12.63500317
   4.40245309  5.75074402  7.69899923  6.26959214 11.4861557  10.52003017
  14.83176588 13.67043834  3.24859373  2.4351399   9.47428904]
 [ 8.61223671 10.17034351  5.26342354 13.59511204 14.93834718 11.32657863
  16.02589446 11.06403292 12.44210899 11.50146429  7.83470424 12.32036973
  11.40922932 10.95853976 13.60666559  9.82996255 10.24062032 15.56100079
  12.81054198 12.4076606   8.74154709 13.76500157 17.30620437 10.79589756
   7.361677    9.82415699  9.45300099  9.68909611  9.54439752 13.58222351
  14.90575    10.1969047  10.1938526  11.76272818  6.51988277]
 [15.71518646  9.23162112 13.21465485  5.99466584 18.86641779 17.11626027
  23.88600869 19.62684638 17.16590837 17.78724403 14.67754963 12.87969999
  18.82205823 18.99587219 21.39265761 19.96245768 20.810587    6.80276909
  18.04018038 17.99318414  6.04373655  9.36475447 22.93919574 23.17122009
   8.56193156  6.01130788 15.12937148 17.09264369 20.82350369 16.03621808
  19.7801507  19.31122023  3.18386231  2.17041933 12.48720094]
 [ 7.56231015  6.71801368  9.49423961  5.63268103  9.85977679  8.38489584
  11.27676164 11.13102505  8.14001364  8.4455467  11.58031521  7.88982907
  12.37457814  3.7558652  11.78754602  9.74267414 10.1331186   9.23365283
  11.36841176  8.95541589  3.85174092  8.29289382 12.18827045  9.94857486
   6.99805666  6.58562323  5.99958644  7.91398776 10.93023443 11.25659429
  10.20037031  9.9489308   6.22732066  8.5312003   7.76913352]
 [11.80428321  9.06157247 18.38871233 17.70529318 16.2175558  12.62491598
  13.68955734 13.72253399 10.64613254 10.73337005 10.7891003  11.46302346
  16.91735956 19.42111931 17.69582693 16.10049415 24.17806755  8.10208451
  15.12237191 11.36697863 17.93576129 17.00754367 19.91988671 18.78979768
   9.28166519 10.58946657 10.2929486  14.7713354  19.73142293 18.87242296
  17.95415325 16.10280133  3.51072898  6.58418634  5.98280388]
 [10.84844671  8.55582647 11.92790248  5.93998217 12.93919157 12.43364624
  14.79460439 10.78191123  9.57593564  9.29314674 10.48495038 10.6564554
  15.69377426 14.68662176 11.6766969  10.84406966 10.96716631  2.36711608
   9.5268958  10.15365821 15.91980903  8.17735219 15.18392561 13.50352471
   9.06206852  3.17841572 10.46857235  9.92534861 11.69609133 11.58252486
  12.53526938 10.57805508  6.34327445  6.09157446  8.67418306]
 [ 2.63742272  3.62051225  4.50409393  2.24202697  5.26957143  6.73622177
   4.92897675  3.00705374  3.62112798  2.98064403  4.15982458  1.91431876
   7.04089565  7.68628787  5.22381327  5.4666315   6.40352295  1.6377614
   4.21201011  2.56927801  2.62099128  2.21537471  3.1415717   3.35493123
   5.52620764  1.61636409  3.93458898  4.26604889  7.65146047  2.13611582
   7.44665933  7.24888627  2.59423113  3.47474195  5.63657342]
 [14.29154229  8.98625199 14.80726075 14.4140233  14.30230027 14.37541566
  11.73387256 12.23386362  9.69125148 10.46986473 13.98500602  9.94256154
  15.55481783 15.2965969  13.2174838  13.82629899 13.49073299 14.63327966
  13.68365405 10.47557889 15.62277727 13.09326954 14.47618421 15.42853208
  12.1542474   7.99443103 11.45112771 13.56105307 13.74240585 12.07146164
  15.5614333  13.1240138   7.34073999  5.11961294 10.5567603 ]
 [14.24551536 12.88833019  8.52037121  5.33861586 15.22921845 11.57409248
  21.02594879 19.477265   16.63451277 15.80799182 20.12751395 11.65500427
  19.27299465 12.0042435  22.14189189 21.38478338 26.18223505 26.2880963
  27.6217883  17.97245328 13.52092717  7.20498324 19.45242676 10.93159677
  16.34101259 11.50401565 12.10487128 22.48374734 32.68142267 22.0358405
  26.26954444 24.95104156 17.26503983 10.29386764 13.34142196]
 [11.01835575 10.02081016 11.51400394  6.61807507 13.48377137 14.37178724
  11.49676159 11.70491192  9.01265488  9.84634915 11.09458131  8.79927603
  11.46151768 10.11491717 10.48499071 10.41531824 11.80440035 13.17711974
  10.26298994 10.34887085 12.29851335  8.71762211 12.61513647 12.59980997
  12.07482497  8.95531658 10.63092506 10.91000024 11.29160745 10.09724696
   9.96802455 10.70824011  2.56197379  5.31849787  5.36172183]
 [38.55243987 36.45867234 37.18816668 37.71330546 37.82196656 42.58948781
  35.284      35.21935905 32.6837258  31.33728944 35.97133754 35.9048996
  34.79361425 37.47228471 34.43039716 34.82091333 37.22876833 37.17486985
  37.70114577 34.71383707 36.79857886 40.05994289 38.95008049 40.93276929
  38.15634275 34.58051644 38.5231715  37.84149439 36.08868166 35.58578565
  35.80905293 31.38367947 31.30116903 20.69742918 16.4791262 ]
 [ 5.80002821  7.06095392 10.46096769  7.63462692 13.7561559  13.26018959
  10.28728695  9.50815661  6.72380328  6.92811441 11.90252369  7.8766801
  12.81268064 13.6923664   8.80635704  8.11658224 10.15809156  7.92031715
   6.75972445  6.83997785 13.29418514 13.04229269 12.07177966 11.40706192
   4.49195865  2.81496089  4.98992788  3.24158034 12.30764559 10.93091299
   8.60733441  8.59402369  1.51598929  4.06504804  9.5790862 ]
 [15.88614927 15.48331319 11.92635913  9.06302468  8.06109566  7.82634063
  13.79223909 11.08806643  8.60334888  8.8069418  14.57146512 11.72428207
  12.30710688  7.62259631 14.02284814 12.08898868 17.54620933 12.21576498
  12.3140027   9.50975269 10.53342311  4.76352858 15.99882576 10.76711506
  15.46509008 13.53371325 14.77535459 15.70261136 15.90508199 13.05933219
  15.4174545  14.62450877  7.01516003  9.30433289 10.11742129]
 [21.23322532 20.34865515 25.60964205 25.94248887 23.90639596 15.51072942
  16.43808771 11.27156796  9.25259775  9.02947078 23.9783242  13.74366697
  13.96337686 17.57070976 15.77720866 11.99895209 22.05965719  9.71275503
  13.82719525  9.12977433 31.07751544 23.82743859 20.57633589 15.17647668
  14.67047629 10.72776313 22.19244791 21.55768631 23.22445175 17.72270013
  17.03730612 13.12063068  8.69065077  9.6435192  13.67658584]
 [13.15706958 13.34261715 20.48282509 16.19656891 26.80410402 18.94746382
  26.27211088 18.27910596 20.16590262 18.18285137 22.57985462 17.43304227
  24.12937664 18.09132346 21.36777109 16.57382717 19.87622473 11.24612864
  22.24519337 20.93039938 25.47879492 19.9101159  25.26588691 18.13530152
  16.2963284  14.03917304 13.74805713 16.47872443 24.42737984 22.38559408
  19.06810402 16.21270867 12.25093463 11.00160199 12.2073732 ]
 [21.96740648 17.52053351 29.80020371 28.49160099 38.25836927 29.51458325
  39.05505529 34.34469967 27.8679076  26.12967887 28.69908063 25.3577346
  37.19013239 38.25579453 35.59829622 31.34858403 30.69246106 28.42191197
  25.59867271 26.60995588 33.38466394 31.23453283 41.94442498 34.48480519
  24.93325951 22.81975103 20.93398458 26.17929337 32.0002332  31.92694927
  32.87813571 30.85083123 16.43546234 14.31206149 13.97366377]
 [12.77792284  8.42656707  0.85688142  1.01039529  0.81719635  0.79643539
   6.96272677  2.7528217   6.34576471  4.17446137 12.37198817  6.18731299
   8.33171253  8.99479255  7.95183659  7.65065209 10.97722644  1.56082293
   8.71136583  5.75263203  1.11360463  1.52817437  7.86691951  4.398581
   6.6462415   5.2653789  13.49360816  2.44581073 12.6366126  15.57849531
  10.08540929 10.10464656 13.81394889  5.86740721 10.04555913]]