[[88.16499135 93.87707464 94.85122773 94.31013865 61.6498065  90.92935843
  30.4158252  27.73245723 25.23747634 21.82100404 91.99282702 87.81117649
  49.77956292 41.4726653  28.43347522 28.60880196 84.6256756  53.97339298
  36.037413   23.08644498 96.59296898 81.05838597 40.29338392 32.34045037
  95.87195383 96.74905505 90.64695065 94.67807365 59.58912657 55.03761934
  34.6683048  41.38957566 92.44359174 94.82933663 77.56154189]
 [66.52696214 67.65400546 61.46689085 60.82800354 70.58678869 46.2359051
  59.19120495 59.17293424 60.46104411 64.33976057 58.93077759 54.22269863
  55.19117488 43.17012969 58.41339673 59.24272736 69.49550866 64.21776458
  66.235855   65.75028466 57.47411056 53.66938745 53.18215972 37.29197793
  63.12033618 66.77866371 63.89142375 68.56700435 64.77299437 64.13214204
  57.30913039 58.74052796 50.98897641 53.23226853 48.73776112]
 [57.55146158 63.44312018 94.5457053  84.94637085 59.1258649  45.33258672
  41.41019073 85.14789371 22.33764536 22.62482225 89.37710961 56.6878163
  40.30962829 37.67997242 36.44842491 32.19611166 50.573001   90.52817467
  36.9892787  23.73756419 60.5867068  29.9282649  48.01526443 35.10383921
  82.8435693  70.23739117 55.60248696 94.19524513 52.88705274 65.6146144
  38.15846012 40.95449035 75.92181243 79.36447739 57.22089384]
 [17.25641344 24.79440322 35.72884915 49.19724117 19.76317159 13.42066848
  20.47858729 21.94237724 20.0030069  18.91548154 16.69060423 17.37547987
  23.70516244 24.43528718 22.12511813 22.33094635 26.00663264 23.30689177
  23.05499888 19.16438341 29.09944455 21.09108418 22.89208562 20.97755395
  17.8748866  24.13307823 28.63921461 26.38388083 19.11489089 17.77978001
  21.20032587 23.41365062 49.27387543 69.59954753 48.30383215]
 [74.48176267 71.87607462 79.88455831 62.23273454 43.84372597 51.69411408
  39.62401161 39.95709384 39.84900298 42.39025173 71.05702945 61.02091197
  49.8812381  36.44508053 39.41134436 40.80239816 68.6665976  51.46266932
  44.74227196 42.73043121 68.56680892 47.36502032 40.00020477 44.38687388
  74.15741822 64.66379856 72.10470696 71.1781367  66.25874519 57.14815973
  35.33747534 42.96582305 68.25390636 72.95024543 51.39039278]
 [53.76499134 55.79161303 65.18378468 52.10171791 53.86936324 48.89399665
  41.27767988 30.97341561 32.8616886  35.12088599 52.04388792 45.97735852
  47.8694879  39.85226662 42.60099145 42.89268314 53.25703922 55.23551916
  50.53358828 36.63461687 77.62391134 39.48350209 46.20178535 36.20360802
  62.30699331 73.21882458 51.95818213 54.11652646 54.25585515 52.69454998
  50.10675111 54.68217137 77.24119744 34.4008857  53.76988326]
 [79.45691046 82.03688779 80.50316823 88.66082242 65.21719041 72.7539675
  45.93658276 41.71251135 41.98830554 33.7949618  71.09777379 79.83667769
  55.87841378 88.0276591  42.21183149 39.32004986 77.36317211 66.21876322
  39.69993627 33.02283464 90.00930797 78.82176323 53.05143467 60.01731654
  82.3846812  83.82376021 84.21965885 80.2478066  67.31688993 66.21969092
  51.92440126 48.24426917 87.15158685 81.5315586  61.4781862 ]
 [56.63588423 50.91738722 61.44410157 61.49027533 42.95027176 35.94686407
  28.57132333 32.29594822 23.30231125 29.66296157 50.36944281 38.33539938
  55.54952943 50.35860284 42.90952377 39.14678258 57.70089745 54.05518265
  54.32502958 29.19539037 45.02074811 57.22910279 44.59257446 40.44732844
  48.98771668 48.95848267 61.64558875 54.13176882 60.0658315  61.53001033
  51.01300092 51.67862092 87.27493667 65.0502673  56.57093358]
 [44.66132987 50.03400956 49.42887919 77.77797802 40.84016166 54.84665968
  35.16990149 43.44384592 35.08469203 37.67695017 52.36158634 52.62659117
  43.92142722 41.69740872 40.63051474 36.60789796 53.19831086 90.81364594
  41.43357509 37.04853852 45.24179783 69.4968475  43.45766613 39.05253273
  53.0826365  84.47450771 38.3439639  48.88709664 50.94274269 54.35729989
  43.7097618  41.2575259  79.80859176 79.075604   69.46215227]
 [55.99424149 76.66455342 69.44701271 88.62683911 71.28464002 69.22068227
  44.44240477 73.90457852 47.02304349 63.36325997 62.71394039 90.63646424
  67.285024   65.63387903 40.09748234 39.93110146 58.34583248 91.36755648
  59.56377116 71.36960322 84.77255972 88.73401467 80.41390438 78.72046601
  70.15012916 89.50948381 69.82808177 71.8839534  56.76081026 89.17861985
  46.56709856 49.5811626  70.54868882 77.17406628 65.52904043]
 [55.95048769 38.30201675 54.91242892 53.69993942 49.55196033 47.10631927
  34.24579494 30.80222332 29.58392628 28.62362063 49.15648472 40.63319962
  44.83831841 41.99268564 39.60691207 34.20687268 61.95996982 42.39706598
  37.48195481 31.56959936 49.73782613 46.82899697 43.2564262  43.96385655
  48.26332887 29.83003743 54.17770252 56.38147246 54.99369761 53.51038019
  39.54582475 45.21084239 43.73775436 24.89625946 46.3669267 ]
 [60.04749654 64.12889162 82.46638658 89.49956232 53.60491695 54.92955126
  38.10703237 37.8754152  36.72167304 36.04134502 57.76480824 76.26934299
  49.89735881 53.58681821 42.04789112 40.17823217 56.48498527 44.44600276
  38.4741448  37.05711416 63.47936836 74.85282013 45.29082859 44.86869284
  57.70840273 71.33340956 65.67940765 56.16388877 40.22487199 59.53530111
  39.34201098 41.75748479 71.59429517 68.42091104 59.81091041]
 [71.84324363 72.91418339 59.92622293 73.14052229 50.26177685 32.31230476
  33.1148062  27.31648507 27.50457124 29.60233552 49.90242435 63.24952403
  38.617799   34.9894146  31.56727423 26.32351278 59.85379413 42.74449193
  34.82204516 31.18032478 46.50443539 54.70136899 38.79023818 26.19328896
  64.77179813 71.68819682 71.92699288 67.42314987 45.69765659 52.40734965
  35.16636247 30.91372942 90.05497886 85.03051937 67.84459836]
 [36.09177595 41.3839492  36.36201549 37.44448496 36.96901813 27.7958163
  26.18331116 22.63920193 25.63645636 23.45618452 42.47332046 43.9873716
  33.85042725 30.076514   25.06512256 18.05474512 43.65758612 41.06642378
  21.55196023 26.04909016 36.41237193 32.58793379 30.49924848 22.5951285
  37.63727521 44.22880113 37.90874588 42.73243444 39.16192767 44.24339338
  25.68083012 21.22011603 51.41159888 59.63818697 55.86143266]
 [79.62705175 70.71073241 57.82445193 63.05871255 40.54429674 40.44185056
  30.73225405 34.21385695 25.59277894 26.96890694 47.06124841 56.58651791
  37.64651561 31.96266901 28.60669636 26.82545059 49.12173641 65.9154766
  28.63372729 26.63352681 44.68890102 42.34066816 33.55647615 32.55634085
  82.23948733 87.73702431 81.10026954 86.47435984 40.88673505 43.47420717
  30.51409135 27.33412959 95.61328516 86.9126235  59.84175996]
 [59.75814805 58.85078064 52.69299741 52.38521676 55.37836824 45.66507079
  37.54156917 29.85909389 26.34482738 29.30829991 58.69783233 44.54193219
  38.59499733 33.73312181 42.92328265 39.84161874 62.57621922 56.10961439
  57.69327425 31.34710075 66.36364929 57.24142144 41.43966259 47.6949503
  64.34624356 62.37569643 60.80878912 61.68330743 56.8207505  48.64864312
  50.16296034 50.82765175 79.36945349 71.06189053 58.11957796]
 [47.91521154 44.96384528 51.82989535 45.93912272 33.79045371 28.52993352
  30.33029262 28.59511296 23.29390511 26.12790292 31.66650976 33.58226224
  66.96636396 45.64589565 33.02767747 32.33694998 49.78039004 28.68901515
  38.30484642 25.99268618 35.70373244 42.12323085 36.48794288 38.29123526
  30.68919634 31.34220336 43.58073194 43.830495   45.66783286 47.16089147
  43.73075499 44.49463497 56.72382263 62.8943891  56.40038081]
 [47.18434565 47.72769037 51.13313405 54.96231811 36.33142917 35.73912344
  25.27549175 22.91419178 28.41699768 26.45537157 42.53285893 50.60090067
  25.59907959 20.25022568 26.96497708 20.55704671 46.98117449 43.73220006
  31.99525157 30.02646342 40.23181667 47.77773157 25.38844062 22.35290557
  45.86326531 52.44249801 47.08783713 47.12096903 38.41868381 41.62611725
  26.13138398 19.51785102 52.16758376 61.20258916 55.62840892]
 [51.68074926 51.57433322 40.43564721 45.96123448 27.01556758 33.26504554
  26.0422532  24.8862245  30.33007116 28.11149163 41.4789198  47.06785544
  31.73900417 31.1445115  28.60841403 25.4208153  45.07486652 34.13736387
  27.45562752 30.51024071 33.29487679 38.60155554 25.33785908 33.0434448
  47.15689591 51.99420277 54.42005719 50.82490184 36.78586909 42.0865875
  28.82619262 26.64032041 56.89103874 66.61978313 45.13509287]
 [73.89169971 76.40166542 97.79944086 96.8994874  96.50328857 96.1253662
  36.96950475 72.30677397 32.44553417 47.90190073 69.64853883 83.59850435
  64.20350078 36.73790675 34.58787959 31.64306936 75.43469037 93.42377776
  49.47001905 47.22209981 96.69657847 95.01206793 50.91936887 76.70473525
  85.28283804 84.26594905 67.92090093 94.22192347 64.57348565 58.4899815
  48.29206981 33.34540491 74.11356905 82.84931569 65.0309512 ]]