[[2.19801060e+01 2.45458487e+01 2.37321533e+01 2.13386326e+01
  3.81522672e+01 5.35444104e+01 1.60575497e+02 2.77448525e+02
  3.18783033e+02 2.37726912e+02 6.78362713e+00 6.45778470e+00
  7.97372389e+00 7.54823388e+00 6.12714816e+01 5.96399190e+01
  2.87208406e+00 4.69148232e-27 2.19495192e+01 2.62355279e+02
  1.47246788e+01 1.64348005e+01 4.60543561e+01 6.05138578e+01
  1.28633904e+01 1.48270945e+01 2.07416491e+01 6.27099778e+00
  1.88475079e+00 1.53500680e+00 9.15442346e+00 6.57628371e+00
  1.61768264e+01 1.47086367e+01 1.51600186e+01]
 [1.26897230e+01 1.21110707e+01 8.56889755e+00 7.67945698e+00
  8.40916852e+00 7.25159444e+00 1.28944005e+01 2.04488541e+01
  2.91068602e+01 2.25834835e+01 4.15822321e+00 4.47821699e+00
  3.32706084e+00 4.87667570e+00 6.39663076e+00 7.38958361e+00
  2.57588466e+00 2.29958568e-29 3.04541212e+00 2.08089887e+01
  5.81101907e+00 5.30036150e+00 7.07234513e+00 7.76013862e+00
  7.63479422e+00 7.96224230e+00 1.11789679e+01 5.95996078e+00
  1.68632649e+00 1.47820288e+00 2.13131488e+00 2.16878299e+00
  3.42007903e+00 7.25658724e+00 2.21841284e+00]
 [1.18360947e+01 9.94358123e+00 8.85969639e+00 7.50654863e+00
  6.84148907e+00 1.08233908e+01 1.10003459e+01 2.42635561e+01
  4.46552523e+01 4.57807954e+01 8.20690053e+00 2.37175613e+00
  2.02740672e+00 3.66435111e+00 6.32058252e+00 1.16612913e+01
  1.46784410e+00 1.84165308e-29 5.27470848e+00 3.94858422e+01
  4.20967654e+00 4.47526489e+00 5.33092898e+00 1.22954957e+01
  7.25026349e+00 6.84083352e+00 9.83460079e+00 4.67282479e+00
  8.63303486e-01 9.71691387e-01 1.95420544e+00 2.76105941e+00
  6.52708036e+00 5.18271584e+00 5.80167111e+00]
 [1.20694827e+02 1.18964211e+02 3.76652749e+01 4.50418559e+01
  3.42218623e+01 4.79356296e+01 6.09651426e+01 9.28504541e+01
  1.01742826e+02 1.00542823e+02 2.06290624e+01 2.60836156e+01
  5.87979248e+00 9.75353259e+00 2.78969695e+01 3.64691468e+01
  1.59700846e+01 1.80408434e-28 1.91853205e+01 8.13242658e+01
  1.93622858e+01 2.68961860e+01 2.68423442e+01 3.36127082e+01
  5.41786351e+01 5.23177842e+01 9.42631174e+01 4.58286118e+01
  7.01359123e+00 7.96632915e+00 8.79692187e+00 6.88893938e+00
  6.06614680e+01 3.18149751e+01 8.89367410e+00]
 [7.33683761e+01 9.37420596e+01 2.20828551e+01 1.66922902e+01
  1.35575440e+01 2.59080851e+01 2.70707572e+01 5.06145402e+01
  3.54988837e+01 3.30532847e+01 8.94285141e+00 9.09032501e+00
  5.08227240e+00 7.89937283e+00 1.69279930e+01 2.68975365e+01
  8.23184905e+00 5.65067823e-29 1.05584136e+01 2.81952285e+01
  1.10822881e+01 1.20848768e+01 1.24262830e+01 2.27494164e+01
  2.41169253e+01 2.50276004e+01 6.71796735e+01 1.96032483e+01
  3.30194154e+00 2.87587134e+00 4.50876286e+00 6.13691719e+00
  3.36171819e+01 6.88457187e+01 2.54367659e+00]
 [5.54503924e+00 6.99148713e+00 3.89651797e+00 4.20586710e+00
  3.99060968e+00 4.09593139e+00 1.07492191e+01 2.28687519e+01
  2.97062238e+01 1.88284500e+01 1.88900522e+00 2.08678405e+00
  1.52112438e+00 1.30282829e+00 6.51628713e+00 6.02876512e+00
  1.41722421e+00 3.02049401e-29 3.89393803e+00 1.88542526e+01
  3.14791048e+00 2.37166127e+00 3.82621565e+00 4.78516265e+00
  3.20255459e+00 3.57307977e+00 6.13987620e+00 2.31941971e+00
  8.96039416e-01 7.89439112e-01 1.66977939e+00 1.05953932e+00
  2.94575434e+00 3.16313282e+00 4.94294483e-01]
 [1.66815939e+01 1.30403902e+01 1.04544118e+01 9.75565035e+00
  1.34415300e+01 1.22994249e+01 2.58667290e+01 2.70685758e+01
  5.14270844e+01 5.61239359e+01 4.51806464e+00 4.62182952e+00
  3.82535892e+00 4.52971039e+00 1.53537588e+01 1.99818799e+01
  3.28615816e+00 1.53323324e-29 1.69115329e+01 5.02007847e+01
  8.08678281e+00 5.83486877e+00 1.20803325e+01 1.27059059e+01
  7.45483081e+00 8.19619990e+00 1.39314122e+01 5.29668378e+00
  2.48149742e+00 2.25320317e+00 4.62254128e+00 5.61624677e+00
  2.68062996e+01 2.76299260e+01 1.30164695e+01]
 [3.42013239e+01 3.63537888e+01 8.54004551e+00 1.04349958e+01
  6.30545585e+00 7.40987113e+00 1.73564712e+01 4.85907273e+01
  3.78189682e+01 3.67071918e+01 3.95087477e+00 2.95411300e+00
  2.96240001e+00 2.49763785e+00 9.01017893e+00 1.44785017e+01
  3.48171684e+00 6.27594835e-29 4.36354589e+00 3.12941293e+01
  3.83543820e+00 3.33939740e+00 6.83919830e+00 1.03249356e+01
  1.47862354e+01 1.28156548e+01 2.84010458e+01 9.70740317e+00
  1.46972333e+00 8.43629738e-01 3.01930676e+00 2.68241427e+00
  2.94231509e+01 1.93158771e+01 2.55590026e+01]
 [2.91437668e+01 2.48144321e+01 2.01583154e+01 1.27893968e+01
  2.22426442e+01 1.69036912e+01 4.14290562e+01 6.45259572e+01
  7.13194473e+01 6.58093153e+01 8.59393156e+00 5.88331403e+00
  6.18267098e+00 3.57493007e+00 1.55690805e+01 1.62750167e+01
  5.71686610e+00 4.65516040e-29 9.51099325e+00 6.21126715e+01
  1.28673056e+01 7.24666114e+00 1.68859288e+01 1.49483152e+01
  1.34697810e+01 1.06762874e+01 2.29226200e+01 1.08422634e+01
  2.97055870e+00 2.12417964e+00 4.32875625e+00 3.89588928e+00
  4.93864499e+00 6.81177597e+00 5.46562973e+01]
 [4.18154763e+01 5.18125025e+01 7.45885231e+00 9.16265344e+00
  8.77796358e+00 9.54869812e+00 4.88366159e+01 5.82958328e+01
  1.13887835e+02 9.91258494e+01 4.02792645e+00 5.43904455e+00
  2.30203824e+00 3.08735415e+00 3.44409069e+01 3.54397270e+01
  5.69281054e+00 1.94434226e-28 2.25156968e+01 8.36016739e+01
  4.41473417e+00 3.63960297e+00 1.55041912e+01 1.69775818e+01
  1.34484503e+01 1.43810447e+01 4.04698236e+01 1.30830594e+01
  1.68969174e+00 1.70684353e+00 6.42765419e+00 4.93166985e+00
  3.04914222e+01 2.36317486e+01 7.77742753e+00]
 [7.33423103e+00 8.41687370e+00 1.06111110e+01 9.07392805e+00
  1.12757806e+01 7.25271696e+00 1.25515748e+01 1.22372720e+01
  1.53165733e+01 1.58233101e+01 4.33837600e+00 4.56771978e+00
  2.71138785e+00 2.98657582e+00 6.46349958e+00 6.39287411e+00
  2.70465288e+00 2.38999485e-30 3.68423472e+00 1.32397220e+01
  6.43080059e+00 4.96565766e+00 6.45514373e+00 5.59581474e+00
  6.86430351e+00 7.12542923e+00 6.92788666e+00 4.53887798e+00
  1.45122122e+00 1.31900538e+00 2.07975332e+00 1.86149838e+00
  5.39490277e+00 2.83103638e+00 3.59386353e+00]
 [2.44991411e+01 2.34926215e+01 1.34472930e+01 1.26510049e+01
  1.40022801e+01 1.23830209e+01 2.52065430e+01 2.44857456e+01
  3.88154103e+01 4.88378037e+01 5.73887908e+00 5.56002991e+00
  3.87710828e+00 3.33932377e+00 1.06541079e+01 1.04328971e+01
  4.58007484e+00 2.94260766e-29 6.21702726e+00 3.50533140e+01
  9.39437964e+00 7.82069610e+00 1.05488464e+01 1.00127357e+01
  1.14401505e+01 1.01978474e+01 2.27727132e+01 8.27824180e+00
  2.65076425e+00 2.36800144e+00 2.84158979e+00 2.54071956e+00
  2.69684819e+01 1.84161512e+01 2.97868333e+00]
 [4.50519968e+00 6.77835833e+00 5.11571828e+00 5.10898743e+00
  8.90599685e+00 6.68098607e+00 2.55615260e+01 2.00092415e+01
  3.26978655e+01 2.59482463e+01 2.04755018e+00 2.30163879e+00
  3.39462413e+00 2.11033178e+00 1.19322652e+01 7.22640083e+00
  1.43310599e+00 1.02590809e-28 3.63995457e+00 2.10056936e+01
  3.71587629e+00 3.33851345e+00 9.49357705e+00 6.83700033e+00
  2.59607943e+00 3.33154564e+00 4.39899376e+00 2.14164919e+00
  1.00740360e+00 9.29845838e-01 3.10030179e+00 1.32667495e+00
  6.67233542e+00 5.69443614e+00 6.47850565e+00]
 [4.56009832e+01 4.25153569e+01 6.64029148e+01 5.16027722e+01
  5.74722679e+01 5.21397657e+01 8.76908847e+01 8.06716751e+01
  8.24103266e+01 9.68698397e+01 2.57019421e+01 2.30407196e+01
  1.35065193e+01 1.45287616e+01 5.06983346e+01 4.73889959e+01
  1.81692353e+01 1.85466400e-29 2.67193203e+01 7.10694001e+01
  4.12422016e+01 3.23629580e+01 4.47386566e+01 3.88400298e+01
  3.45072780e+01 3.33219370e+01 4.18314698e+01 2.62052283e+01
  1.00824043e+01 7.04618542e+00 1.30524369e+01 1.76323223e+01
  8.97250971e+00 6.76026714e+00 1.40278672e+01]
 [3.78470233e+01 3.63804577e+01 2.25677276e+01 2.17394187e+01
  2.41562687e+01 1.91809726e+01 6.99226406e+01 7.95071670e+01
  1.27420169e+02 1.24622818e+02 1.01811336e+01 1.07360085e+01
  6.79071949e+00 6.14095989e+00 4.18182091e+01 4.42463444e+01
  9.85969930e+00 2.48468287e-28 2.75502934e+01 1.05275823e+02
  1.38372707e+01 1.14557511e+01 2.66337608e+01 2.37116691e+01
  2.09797140e+01 2.46901450e+01 3.66770276e+01 1.84017729e+01
  4.79855232e+00 4.36660621e+00 1.27414427e+01 9.80077968e+00
  1.53716036e+01 8.82278168e+00 3.01172139e+01]
 [6.08648634e+00 1.26442974e+01 4.17852543e+00 5.22999811e+00
  4.84058141e+00 4.46099166e+00 8.35191983e+00 9.66644230e+00
  1.62012769e+01 1.15578893e+01 2.26932390e+00 3.26117205e+00
  1.40811061e+00 1.53706291e+00 4.51361603e+00 3.94428345e+00
  1.60697551e+00 3.87328548e-30 2.05687293e+00 1.12551243e+01
  3.05252470e+00 3.59952662e+00 4.44464600e+00 4.37288689e+00
  3.83475021e+00 7.21647630e+00 8.38860768e+00 4.35651392e+00
  7.87764578e-01 7.06748664e-01 1.23305855e+00 9.92408070e-01
  2.99926657e+00 7.19613231e+00 7.75700487e+00]
 [6.68411152e+00 3.49959717e+00 6.52511000e+00 4.81363911e+00
  8.84320846e+00 7.07878811e+00 2.91272915e+01 3.59509854e+01
  7.27555762e+01 5.30777193e+01 1.88031518e+00 2.00952825e+00
  2.42773038e+00 1.64234364e+00 1.79181409e+01 1.24019334e+01
  1.30437124e+00 2.89743360e-29 6.52611928e+00 5.55320588e+01
  4.42153230e+00 3.24920944e+00 9.51322917e+00 7.51001523e+00
  3.69044464e+00 3.02532631e+00 4.18704748e+00 1.75600335e+00
  8.28379258e-01 7.03936402e-01 2.92716244e+00 2.27938429e+00
  5.45814932e+00 2.74882765e+00 1.74857958e+00]
 [2.50200033e+02 2.64049510e+02 1.24948522e+01 3.39682775e+01
  7.03404633e+00 1.06575723e+01 1.49112633e+01 4.70567297e+01
  3.48970137e+01 5.10791533e+01 7.14863510e+00 1.59499818e+01
  2.89089491e+00 4.98771242e+00 9.68459932e+00 1.83523373e+01
  7.99786752e+00 9.14813946e-30 7.05381985e+00 3.05361442e+01
  4.99753161e+00 9.30916463e+00 6.88551065e+00 1.42711625e+01
  3.94490478e+01 6.08966298e+01 1.50382929e+02 3.97876939e+01
  2.11260653e+00 2.61621527e+00 3.18663907e+00 4.29190158e+00
  2.25007457e+02 9.26677365e+01 1.05443450e+01]
 [1.83599018e+01 2.09475121e+01 5.57093941e+00 4.68531074e+00
  6.36265805e+00 5.45284142e+00 9.73740818e+00 9.91206504e+00
  1.73538543e+01 1.77800072e+01 3.01090976e+00 2.65901837e+00
  2.12597657e+00 1.58066691e+00 6.37887207e+00 7.15030782e+00
  2.01801739e+00 8.41030145e-30 5.41795779e+00 1.83492588e+01
  3.64203989e+00 3.15213579e+00 5.39014493e+00 4.78922172e+00
  6.28885893e+00 6.69363917e+00 1.46866692e+01 4.49594402e+00
  9.82009680e-01 9.74397126e-01 2.66446068e+00 2.23253846e+00
  1.11782596e+01 1.19410318e+01 2.02866197e+01]
 [9.34038188e+01 2.02099081e+02 1.32283052e+01 3.13480606e+01
  1.82429139e+01 1.63254170e+01 4.65017459e+01 4.79028344e+01
  7.50151582e+01 8.15144480e+01 6.22207368e+00 1.20878036e+01
  7.63954543e+00 1.44690265e+01 2.59493396e+01 2.26271551e+01
  7.53758048e+00 4.55226483e-30 1.08075542e+01 5.72392737e+01
  8.91058695e+00 1.12129568e+01 2.35175357e+01 2.20149859e+01
  2.77852194e+01 6.74019911e+01 1.26422120e+02 3.11407030e+01
  2.33255882e+00 2.51880048e+00 7.88284297e+00 7.34081123e+00
  3.11729482e+01 4.22392453e+01 9.82041777e+00]]