[[7.12628809e+00 9.59943572e+00 7.13544961e+00 5.84634011e+00
  7.91781518e+00 7.39824609e+00 1.23651427e+01 1.48134573e+01
  1.81525746e+01 1.16352424e+01 3.09132830e+00 2.96247400e+00
  2.64207679e+00 2.17027917e+00 6.51035938e+00 6.04815786e+00
  1.70287162e+00 2.74446883e-28 3.67518564e+00 1.31520473e+01
  5.65656633e+00 3.91647944e+00 5.92259952e+00 6.59511533e+00
  5.46619970e+00 6.70217529e+00 7.16834590e+00 2.88901054e+00
  1.10768235e+00 8.80994755e-01 1.90910378e+00 1.52590864e+00
  4.93335372e+00 4.81644298e+00 1.25799890e+01]
 [3.49148644e+01 1.88710632e+01 1.34144404e+01 1.40855158e+01
  7.19676958e+00 1.31416236e+01 4.82465494e+00 6.54949838e+00
  6.39019757e+00 6.70302942e+00 1.45922578e+01 3.41946751e+01
  2.46282074e+00 3.05680223e+00 2.54911254e+00 2.85724550e+00
  4.48121740e+00 1.18100541e-29 1.53542307e+00 6.21648689e+00
  1.53195868e+01 1.50195174e+01 3.04222624e+00 3.64811804e+00
  3.30974544e+01 3.94914494e+01 2.51698316e+01 2.09773854e+01
  2.25038407e+00 3.92313272e+00 9.44833981e-01 9.43426641e-01
  1.94734184e+01 3.59319113e+01 2.96625181e+00]
 [1.89258489e+01 1.59111480e+01 1.92917486e+01 1.61170318e+01
  1.51140052e+01 1.76595708e+01 9.61746816e+00 1.22624262e+01
  1.30768874e+01 1.31665196e+01 2.30791775e+01 1.07688438e+01
  4.34237134e+00 4.12984237e+00 7.00100477e+00 7.81369055e+00
  3.04985176e+00 3.45118721e-29 4.86448440e+00 1.19738740e+01
  8.16998379e+00 1.26816784e+01 8.09341953e+00 9.12051102e+00
  1.47840895e+01 1.59773356e+01 1.47545870e+01 8.71344367e+00
  2.12993549e+00 2.15135626e+00 3.44469177e+00 2.73294717e+00
  9.43857050e+00 1.10498979e+01 1.20771379e+01]
 [5.12342775e+02 3.09379017e+02 3.95873288e+01 3.76171116e+01
  3.88701258e+01 5.93503132e+01 2.08978804e+01 2.48213392e+01
  3.10944208e+01 2.67950849e+01 4.02950178e+01 4.27161143e+01
  4.28234099e+00 4.39977902e+00 1.01411540e+01 1.13232189e+01
  1.01699154e+01 6.49802980e-29 6.49870015e+00 2.48962333e+01
  1.41034404e+01 2.24796395e+01 1.37311608e+01 1.35801694e+01
  1.88311355e+02 1.01155522e+02 1.80989990e+02 1.27428821e+02
  7.41705899e+00 5.72980743e+00 2.99176160e+00 2.92120308e+00
  3.33019455e+02 1.37044098e+02 6.54533185e+00]
 [1.07031777e+02 1.44785345e+02 3.38659517e+01 2.17605071e+01
  3.43527337e+01 7.81121127e+01 1.64226608e+01 2.43107629e+01
  1.88497670e+01 1.92018213e+01 1.09376358e+01 1.47207531e+01
  8.68769920e+00 1.21121821e+01 1.06363762e+01 1.48605345e+01
  7.98173358e+00 5.66117261e-29 6.03157359e+00 1.63628360e+01
  3.36722214e+01 3.27606232e+01 1.17298806e+01 2.72543151e+01
  2.84197658e+01 3.47515039e+01 1.01762222e+02 2.38756774e+01
  3.50386081e+00 4.47467097e+00 3.64410388e+00 3.33345056e+00
  6.53987295e+01 1.30374487e+02 3.41123040e+00]
 [5.14188897e+00 1.05051943e+01 3.93547306e+00 1.09040932e+01
  3.71248863e+00 3.36673311e+00 4.32028808e+00 6.85842060e+00
  7.90361076e+00 6.83367043e+00 2.08063936e+00 2.22479876e+00
  1.85225602e+00 1.22467161e+00 2.75145601e+00 2.73579414e+00
  9.76873815e-01 1.40787262e-29 1.60239443e+00 6.71602449e+00
  6.26229737e+00 3.40704794e+00 2.57670359e+00 2.72490394e+00
  6.00153814e+00 3.73116208e+00 5.72045327e+00 1.76190993e+00
  9.08210851e-01 7.57897855e-01 1.21283950e+00 7.94896723e-01
  4.39996802e+00 1.11847650e+01 6.00516573e-01]
 [1.80902210e+01 1.28555096e+01 1.02907439e+01 7.35665302e+00
  1.24624433e+01 1.13093794e+01 1.70129965e+01 1.49934674e+01
  2.36224759e+01 2.33569564e+01 5.59504987e+00 5.46935152e+00
  5.49605689e+00 4.63403775e+00 1.17297230e+01 1.03066653e+01
  3.51014506e+00 1.54796829e-29 8.96069875e+00 2.33388010e+01
  8.37306219e+00 6.21556074e+00 1.10333474e+01 9.11467073e+00
  7.90279587e+00 7.84677557e+00 1.47283274e+01 5.08766385e+00
  3.78995852e+00 3.57413656e+00 4.91484633e+00 3.75389618e+00
  3.36307881e+01 3.50102214e+01 1.58329019e+01]
 [6.00287736e+01 6.25317956e+01 1.15337409e+01 1.08009174e+01
  5.44906405e+00 5.49728662e+00 7.22182166e+00 1.40792746e+01
  2.60276958e+01 2.04688314e+01 5.41951587e+00 3.86110654e+00
  3.20573931e+00 1.90122680e+00 5.41285183e+00 5.78424797e+00
  4.48594887e+00 3.64570591e-29 3.24873459e+00 1.98334318e+01
  4.71895010e+00 4.56625186e+00 4.54306129e+00 4.72960289e+00
  2.13186073e+01 2.95219808e+01 4.52079485e+01 1.30339971e+01
  1.87008291e+00 1.01573669e+00 2.25171174e+00 1.66186283e+00
  7.28237773e+01 4.70945740e+01 4.32347671e+01]
 [1.17169354e+01 1.69331030e+01 1.21351516e+01 8.70756527e+00
  6.14611331e+00 7.74580949e+00 7.87161622e+00 8.67729515e+00
  9.93761906e+00 1.20445474e+01 5.46514915e+00 4.29900868e+00
  3.12880391e+00 2.35039232e+00 5.34749738e+00 4.65203455e+00
  3.09324458e+00 4.00647321e-29 3.28918891e+00 1.05737931e+01
  5.32706847e+00 5.00813056e+00 5.26474305e+00 4.61275873e+00
  1.13561763e+01 6.97230695e+00 1.19083586e+01 5.55818564e+00
  1.90900862e+00 1.75871929e+00 2.35236650e+00 1.64725201e+00
  8.88933161e+00 1.26825191e+01 3.50012162e+01]
 [3.39956853e+01 4.22530965e+01 6.44665520e+00 6.14732932e+00
  5.52975996e+00 3.18873852e+00 9.99313009e+00 6.50796475e+00
  1.20507677e+01 9.34313285e+00 3.83941039e+00 4.73294569e+00
  4.30481869e+00 1.49634964e+00 5.12409610e+00 3.55744768e+00
  3.46477036e+00 1.18264317e-28 2.71901207e+00 9.67892346e+00
  1.65629486e+01 2.72937835e+00 4.99576128e+00 3.11220342e+00
  1.54497561e+01 1.05144003e+01 3.26506091e+01 9.76610398e+00
  1.13104960e+00 1.36608086e+00 1.84381592e+00 9.39552432e-01
  2.48069961e+01 2.20662542e+01 7.80953323e+00]
 [9.25652144e+00 1.38375617e+01 9.75201358e+00 1.19544552e+01
  8.93767657e+00 6.89816564e+00 1.13941398e+01 1.11624041e+01
  1.71193550e+01 1.55947072e+01 6.14485243e+00 6.32311000e+00
  3.36073125e+00 3.52305163e+00 6.59329447e+00 5.97772573e+00
  3.31033896e+00 2.78609452e-30 3.78926342e+00 1.53976620e+01
  6.05708884e+00 5.89621484e+00 6.62503798e+00 5.99612189e+00
  1.03915550e+01 1.11939000e+01 1.07235774e+01 6.20390258e+00
  1.72739475e+00 1.42843376e+00 2.45679713e+00 2.47844211e+00
  8.27049324e+00 5.41564308e+00 6.92415887e+00]
 [3.68534422e+01 2.82904995e+01 1.36760931e+01 1.16244845e+01
  1.79158829e+01 1.72875400e+01 1.48098002e+01 1.30769702e+01
  2.10175231e+01 1.94851982e+01 6.21915453e+00 5.89591511e+00
  6.62362761e+00 4.55830295e+00 9.91151331e+00 8.17195436e+00
  4.12298955e+00 2.20438982e-29 6.01790231e+00 1.75488955e+01
  1.48241642e+01 1.07782494e+01 1.06945235e+01 8.71390728e+00
  1.46539764e+01 1.62456190e+01 3.52468069e+01 8.80143728e+00
  2.85158279e+00 2.44007784e+00 3.92734233e+00 2.52653416e+00
  3.79611476e+01 2.37646487e+01 4.22386427e+00]
 [8.11899094e+00 1.58249315e+01 8.58046781e+00 1.25937612e+01
  1.08591949e+01 9.86827208e+00 1.69167129e+01 1.50929103e+01
  2.10792865e+01 1.54256499e+01 5.14217003e+00 6.56409710e+00
  4.71352399e+00 3.62327680e+00 1.02988314e+01 6.92230236e+00
  3.49573649e+00 1.23412181e-28 4.86991583e+00 1.57865433e+01
  6.41186695e+00 7.68493659e+00 9.78830584e+00 8.14236681e+00
  4.80291008e+00 8.73370578e+00 8.61725903e+00 4.47979712e+00
  2.43215613e+00 2.34248285e+00 4.00844761e+00 2.05498095e+00
  9.04804353e+00 1.10426654e+01 1.51928521e+01]
 [1.43023760e+01 1.22315456e+01 2.08995180e+01 1.34045259e+01
  3.92420343e+01 2.01686427e+01 2.25281327e+01 2.20776093e+01
  1.92940426e+01 2.76148286e+01 9.00545394e+00 8.43614439e+00
  7.90636767e+00 1.10136157e+01 1.21197621e+01 1.24235296e+01
  5.16925283e+00 6.73549069e-30 6.19127414e+00 1.83065670e+01
  2.23411278e+01 2.05863455e+01 1.77239150e+01 1.34223315e+01
  1.27086913e+01 1.15389714e+01 1.35410566e+01 7.18203812e+00
  3.28402423e+00 3.04775342e+00 3.77621653e+00 3.68922356e+00
  5.51903940e+00 5.60247320e+00 1.44249753e+01]
 [2.42964730e+01 2.14433644e+01 9.46707451e+00 8.23469810e+00
  9.87091495e+00 6.72016870e+00 1.59039016e+01 1.55580439e+01
  2.05825140e+01 2.06433378e+01 4.16849854e+00 4.65853583e+00
  3.22773649e+00 2.46065662e+00 9.07578073e+00 6.82975098e+00
  3.57609813e+00 3.56464832e-29 4.09291258e+00 1.79677469e+01
  5.16526020e+00 4.72168159e+00 8.09114175e+00 6.05496661e+00
  1.05623661e+01 1.23525878e+01 2.23563663e+01 8.54240066e+00
  1.89028716e+00 1.84961505e+00 3.15478041e+00 1.70715922e+00
  1.49221566e+01 9.11376525e+00 2.14826652e+01]
 [9.81628966e+00 2.35954899e+01 1.07439083e+01 5.10847848e+00
  4.57269758e+00 3.52079969e+00 5.48389419e+00 5.49607886e+00
  7.93221143e+00 6.44542914e+00 7.04100038e+00 5.89435488e+00
  1.30511425e+00 1.21466210e+00 3.08531429e+00 2.56309751e+00
  2.52486112e+00 4.62986113e-30 1.38575669e+00 6.20847767e+00
  4.30191462e+00 3.95938241e+00 3.59225030e+00 3.14919815e+00
  1.32653576e+01 1.77850968e+01 1.36606511e+01 1.08470411e+01
  1.26998770e+00 8.80190158e-01 9.61561029e-01 8.32953606e-01
  5.27753207e+00 1.61257620e+01 1.65432056e+01]
 [1.09185685e+01 5.80178878e+00 1.27863145e+01 5.60699088e+00
  9.30261815e+00 1.31172649e+01 9.52174569e+00 8.33532149e+00
  1.59872394e+01 1.79694195e+01 2.31291133e+00 2.86450011e+00
  3.56317619e+00 2.73198832e+00 4.27119491e+00 3.46440826e+00
  1.03899807e+00 1.07866536e-29 2.00678373e+00 1.78128625e+01
  8.22093593e+00 9.78087327e+00 5.30566553e+00 8.09328888e+00
  7.56717811e+00 5.98111916e+00 6.59698332e+00 1.82141761e+00
  9.07865206e-01 8.60945553e-01 1.38301855e+00 9.58913845e-01
  1.13395169e+01 5.74925402e+00 3.23328133e+00]
 [1.98614883e+02 2.05325879e+02 1.11015652e+01 3.04807898e+01
  8.89198866e+00 7.93904951e+00 1.11839403e+01 1.59446617e+01
  2.03440506e+01 2.29170889e+01 7.37400685e+00 1.65721215e+01
  3.28159939e+00 3.60986327e+00 8.16258684e+00 8.42571914e+00
  8.10709579e+00 7.84666382e-30 5.47246224e+00 1.90342240e+01
  5.34816131e+00 8.60687827e+00 6.74438112e+00 7.31281357e+00
  3.17444416e+01 5.35736970e+01 1.20017980e+02 3.43027086e+01
  2.75308965e+00 3.36646948e+00 3.90665545e+00 3.07445731e+00
  1.80907399e+02 6.83711633e+01 7.97627563e+00]
 [2.06291405e+01 2.38455689e+01 6.08165244e+00 5.19084572e+00
  6.37276143e+00 7.84584421e+00 8.84882744e+00 8.83062418e+00
  1.11250424e+01 1.23195816e+01 3.26087090e+00 3.04241743e+00
  2.08965649e+00 1.84562690e+00 4.53806027e+00 4.39867254e+00
  2.09114995e+00 9.86506158e-30 2.62864275e+00 1.07559292e+01
  4.09276774e+00 4.32276963e+00 4.70221920e+00 5.34128423e+00
  6.58201743e+00 8.29197502e+00 1.64699600e+01 4.90047600e+00
  9.82560294e-01 1.04902915e+00 1.75788766e+00 1.30173505e+00
  1.09290505e+01 1.41330660e+01 2.72931026e+01]
 [6.95784905e+01 1.62222970e+02 1.02746426e+01 2.25598245e+01
  1.43231934e+01 9.20107504e+00 2.29810658e+01 2.34721531e+01
  2.73550982e+01 3.25288035e+01 6.00397437e+00 1.09094436e+01
  4.62864150e+00 5.64560613e+00 1.15298043e+01 1.11185035e+01
  6.58253717e+00 3.04445112e-30 5.94316553e+00 2.52595545e+01
  5.92017373e+00 7.86668715e+00 1.14901073e+01 1.04588550e+01
  2.31329713e+01 5.20848747e+01 9.39424912e+01 2.50089057e+01
  2.34442053e+00 2.47618050e+00 3.81170962e+00 2.78767925e+00
  3.16843436e+01 3.33845096e+01 1.35948137e+01]]