[[1.61688002e+01 1.91156419e+01 2.20755527e+01 1.72951416e+01
  1.54273665e+01 1.51604521e+01 3.02489429e+01 3.02830769e+01
  3.05808260e+01 1.94962251e+01 6.85922876e+00 5.96416010e+00
  4.72881393e+00 2.85338445e+00 1.11444999e+01 8.51868832e+00
  4.74573895e+00 4.87154965e-28 5.22914415e+00 2.13292747e+01
  1.09999320e+01 8.53154316e+00 1.26400385e+01 1.08932063e+01
  1.08458613e+01 1.40592066e+01 1.50598298e+01 5.96904314e+00
  2.96055961e+00 1.77479624e+00 3.01366249e+00 2.02245976e+00
  1.27471506e+01 2.87237943e+01 1.18011451e+01]
 [4.07059028e+01 3.76811984e+01 3.39896650e+01 3.07771175e+01
  2.42748584e+01 2.04597925e+01 2.11346981e+01 2.14511052e+01
  1.90652443e+01 1.66458724e+01 1.35985463e+01 1.42837312e+01
  6.04676991e+00 6.42120673e+00 1.08093870e+01 1.11423092e+01
  1.19901505e+01 2.97042472e-29 6.60457232e+00 1.62794023e+01
  1.92776126e+01 1.74141643e+01 1.42180401e+01 1.39913072e+01
  2.36921179e+01 2.47034147e+01 3.64203724e+01 2.21569738e+01
  5.88273530e+00 4.49591310e+00 3.85660151e+00 3.87200172e+00
  5.61361929e+00 1.21820171e+01 1.75494624e+00]
 [1.42231193e+01 1.02419973e+01 1.49896343e+01 8.98898857e+00
  8.85617461e+00 7.87320769e+00 7.96687635e+00 7.51903442e+00
  8.12441561e+00 7.78547554e+00 1.10247549e+01 3.32485890e+00
  2.37337786e+00 2.04114335e+00 4.05388231e+00 4.09582419e+00
  2.38905518e+00 1.95981476e-29 2.58992687e+00 7.28341778e+00
  6.89207165e+00 4.78689295e+00 5.29052212e+00 5.19369023e+00
  9.11769395e+00 7.47578265e+00 1.12441297e+01 6.34089811e+00
  1.39068923e+00 1.35106838e+00 1.47228389e+00 1.37203544e+00
  6.14664713e+00 6.90896446e+00 4.71416315e+00]
 [1.75965600e+02 1.15787810e+02 2.21054758e+01 2.73755267e+01
  1.28712744e+01 1.65349914e+01 1.51883879e+01 1.83905605e+01
  1.81907763e+01 1.77813710e+01 9.59090105e+00 1.35453600e+01
  2.92326645e+00 4.24109643e+00 7.43424026e+00 8.22467294e+00
  6.96708720e+00 5.72860721e-29 4.99198847e+00 1.62944744e+01
  9.71045873e+00 1.46962863e+01 9.87197642e+00 1.10565398e+01
  2.68683806e+01 2.72010986e+01 1.96162460e+02 1.63359131e+01
  3.01271230e+00 3.45649300e+00 2.27843596e+00 2.35897097e+00
  7.09816948e+01 3.75580102e+01 3.35979922e+00]
 [1.02554680e+02 1.42097124e+02 2.78763780e+01 3.18585583e+01
  1.15319729e+01 1.21567516e+01 1.32638226e+01 1.90680428e+01
  1.41081923e+01 1.44415485e+01 1.09151194e+01 1.27169954e+01
  2.98712860e+00 3.17587871e+00 6.14083366e+00 7.49088550e+00
  1.05347330e+01 5.26934373e-29 3.95265065e+00 1.33329874e+01
  1.01227445e+01 1.06548770e+01 6.94654578e+00 7.84402491e+00
  3.23320923e+01 3.79355045e+01 9.89720933e+01 2.85705540e+01
  3.32038729e+00 3.22389390e+00 1.77225719e+00 1.69974474e+00
  4.65787875e+01 1.15171791e+02 2.32438819e+00]
 [1.05825803e+01 1.27990963e+01 1.07003315e+01 9.12264678e+00
  1.05364233e+01 8.74245741e+00 1.08046688e+01 1.04214942e+01
  1.12300629e+01 9.36744012e+00 3.73449096e+00 4.19535361e+00
  3.63564442e+00 2.43153705e+00 6.19077587e+00 5.01303739e+00
  3.11115574e+00 3.30248598e-29 3.59219157e+00 9.57253287e+00
  7.55938902e+00 5.42181948e+00 7.19196997e+00 6.24393519e+00
  5.40242491e+00 6.05634655e+00 1.10320265e+01 4.03709971e+00
  2.06577571e+00 1.64085238e+00 2.53389331e+00 1.58289137e+00
  7.61068028e+00 5.28746464e+00 8.74468628e-01]
 [1.85828780e+01 1.43846188e+01 1.90364720e+01 2.30332687e+01
  1.48420305e+01 1.18471931e+01 1.65669879e+01 1.40220098e+01
  1.69371297e+01 1.76007539e+01 5.03974642e+00 5.84959126e+00
  4.63456677e+00 4.15610644e+00 9.05867229e+00 8.07312931e+00
  4.72908229e+00 2.89830440e-29 6.43328933e+00 1.64464077e+01
  1.38070846e+01 8.65922695e+00 1.08359694e+01 8.59607485e+00
  8.50102499e+00 1.20178844e+01 1.52467328e+01 5.58726238e+00
  2.97370946e+00 2.24866403e+00 3.10382794e+00 2.76013553e+00
  5.04306075e+01 4.76198723e+01 1.23995076e+01]
 [8.07546049e+01 6.34387900e+01 2.27048322e+01 1.76456563e+01
  1.62148270e+01 1.30365378e+01 2.26011271e+01 2.77873763e+01
  2.46361592e+01 2.44445548e+01 2.19633034e+01 1.13812746e+01
  4.39142318e+00 3.39040694e+00 1.20016830e+01 1.40610034e+01
  6.08613064e+01 8.27942538e-29 9.70730885e+00 2.38312362e+01
  1.05319123e+01 5.67097008e+00 1.18123096e+01 1.26462351e+01
  6.08043842e+01 2.71578377e+01 8.83837407e+01 1.00299574e+02
  1.46030021e+01 5.55541381e+00 4.51480927e+00 5.57918128e+00
  5.89214695e+01 3.51622486e+01 3.48066272e+01]
 [1.84020412e+01 1.91974265e+01 1.68707326e+01 1.33714431e+01
  1.38257072e+01 1.03160682e+01 1.90876120e+01 1.93920971e+01
  1.90282968e+01 1.75546381e+01 5.68337173e+00 5.81832368e+00
  3.71121685e+00 2.48919685e+00 8.32347873e+00 6.58609075e+00
  5.27598306e+00 4.87515132e-29 4.85746532e+00 1.85721444e+01
  8.51526437e+00 6.80884029e+00 9.51793804e+00 7.42865994e+00
  9.14461767e+00 9.00830836e+00 1.65246535e+01 7.73524565e+00
  2.05913190e+00 2.20590367e+00 2.81713004e+00 1.89182826e+00
  4.57723057e+00 6.30708433e+00 3.57563481e+01]
 [2.37587327e+01 2.94301718e+01 6.94951820e+00 7.36756477e+00
  5.80342242e+00 3.99942229e+00 7.49004029e+00 5.81222738e+00
  8.83589708e+00 7.53781606e+00 3.32865658e+00 8.15308029e+00
  1.66743687e+00 1.70422261e+00 4.36903946e+00 3.25909969e+00
  4.02980482e+00 1.23241890e-28 2.82040133e+00 8.23738578e+00
  3.49611147e+00 3.25102846e+00 4.69675104e+00 3.18713591e+00
  8.52128382e+00 1.04022020e+01 2.37369466e+01 9.39517562e+00
  1.32679830e+00 1.35845308e+00 1.54263262e+00 1.09142903e+00
  1.55461380e+01 1.35194768e+01 4.90814386e+00]
 [1.44940726e+01 1.58743425e+01 1.89177588e+01 1.92131355e+01
  1.45432951e+01 1.06924801e+01 1.11544466e+01 1.07587488e+01
  1.23958559e+01 1.11293840e+01 8.70517314e+00 1.00811731e+01
  3.69426338e+00 3.98990496e+00 7.07182556e+00 5.99801357e+00
  7.06397993e+00 2.72005634e-30 3.82261082e+00 1.11336163e+01
  9.41587400e+00 8.76146675e+00 8.53596330e+00 7.35611684e+00
  1.36724805e+01 1.33953819e+01 1.48360689e+01 1.30018069e+01
  2.79359807e+00 2.50809359e+00 2.58237575e+00 2.33771659e+00
  9.36280009e+00 3.44504410e+00 4.67465537e+00]
 [4.44845657e+01 4.37856246e+01 3.48942045e+01 3.31321035e+01
  2.99232932e+01 2.89063965e+01 3.21696557e+01 3.13332763e+01
  3.77404517e+01 3.77585094e+01 1.23655775e+01 1.27274048e+01
  8.83681923e+00 7.47822932e+00 1.90551149e+01 1.72698016e+01
  1.28180132e+01 6.12863096e-29 1.31572275e+01 3.62823435e+01
  2.09202073e+01 1.87985443e+01 2.31641715e+01 2.10622604e+01
  2.22637404e+01 2.11491734e+01 4.45605286e+01 1.93444715e+01
  6.63371792e+00 6.68962250e+00 7.32606683e+00 5.91842200e+00
  1.92561048e+01 1.51723705e+01 4.39862345e+00]
 [5.65691958e+00 1.01844115e+01 5.03788920e+00 6.57076675e+00
  6.17219149e+00 3.90112136e+00 5.51566842e+00 4.38217550e+00
  5.86981181e+00 5.43278299e+00 1.69819911e+00 2.70194976e+00
  1.72504338e+00 1.01778521e+00 3.11203012e+00 1.94758893e+00
  1.86781900e+00 5.78121482e-29 1.60453541e+00 5.58635040e+00
  2.89996930e+00 2.76174355e+00 3.79006576e+00 2.53761252e+00
  2.38792085e+00 4.58459920e+00 5.41778676e+00 2.59807823e+00
  1.04013303e+00 8.97488700e-01 1.27830133e+00 5.66006855e-01
  9.15814235e+00 5.61024307e+00 7.54598204e+00]
 [5.07973555e+01 4.89325537e+01 7.56394749e+01 5.93902207e+01
  7.61673013e+01 6.75047621e+01 7.01481525e+01 7.22665760e+01
  5.69731095e+01 6.07671691e+01 3.48465275e+01 2.76611299e+01
  1.37564694e+01 1.41639471e+01 3.32345481e+01 3.01900852e+01
  5.70722501e+01 1.75873836e-29 1.82061200e+01 5.38802365e+01
  4.41800893e+01 3.74443707e+01 4.44648138e+01 4.15149282e+01
  4.77999248e+01 3.99764336e+01 5.77378265e+01 6.60117989e+01
  1.93037288e+01 1.32996124e+01 1.02773705e+01 8.89376140e+00
  2.94362474e+01 1.77695842e+01 1.37213807e+01]
 [4.34334295e+01 2.78580775e+01 1.36739050e+01 1.11292885e+01
  1.05935049e+01 7.81307584e+00 1.42807359e+01 1.33091378e+01
  1.41674516e+01 1.42025696e+01 5.00823859e+00 5.05573018e+00
  2.84173824e+00 2.08308980e+00 6.81422884e+00 5.79062094e+00
  4.44576972e+00 2.47317507e-29 3.34555909e+00 1.30007914e+01
  6.85439574e+00 5.48428675e+00 7.73248715e+00 5.52506688e+00
  1.50614120e+01 1.62027726e+01 3.49108142e+01 1.22693963e+01
  2.04651983e+00 1.84033487e+00 2.37867095e+00 1.58900488e+00
  2.55051648e+01 1.25520340e+01 2.01949934e+01]
 [1.55750232e+01 2.81188312e+01 1.53264706e+01 1.50958004e+01
  1.41233991e+01 1.16420890e+01 1.38429904e+01 1.25435674e+01
  1.27958148e+01 1.23933679e+01 5.82118510e+00 8.16237978e+00
  3.56617371e+00 3.23695654e+00 7.60348912e+00 6.03994289e+00
  5.30067429e+00 9.54634543e-30 4.31561743e+00 1.24054415e+01
  8.61997555e+00 9.50785771e+00 9.86716726e+00 9.17698826e+00
  1.00213371e+01 1.69128553e+01 1.96915245e+01 1.08830025e+01
  2.26155696e+00 1.83416286e+00 2.79609415e+00 2.24623746e+00
  7.53667777e+00 1.38644400e+01 1.56026248e+01]
 [1.77610612e+01 8.11470323e+00 1.91665203e+01 1.07522499e+01
  1.29004061e+01 8.92546172e+00 1.19046683e+01 9.88302683e+00
  1.22387249e+01 1.01770092e+01 4.64595607e+00 3.50798728e+00
  3.44693929e+00 2.43877049e+00 7.02552795e+00 4.49704892e+00
  3.19467085e+00 1.08893610e-29 3.44325070e+00 1.08158578e+01
  1.10025324e+01 5.99622398e+00 7.66724489e+00 5.58890315e+00
  1.13666862e+01 6.07672971e+00 1.01469366e+01 4.52804088e+00
  1.84696470e+00 1.18525058e+00 2.32640030e+00 1.52708882e+00
  9.03009089e+00 4.92965344e+00 2.29243330e+00]
 [5.49585881e+02 3.95425691e+02 6.87480927e+01 3.52425797e+01
  1.59557024e+01 1.44595638e+01 1.52408605e+01 1.67995873e+01
  1.87033516e+01 2.00046772e+01 2.28085011e+01 1.87991518e+01
  4.30879969e+00 4.14127708e+00 8.20668950e+00 7.12923150e+00
  1.66574198e+01 1.53515079e-29 5.45823484e+00 1.94228424e+01
  1.68729578e+01 1.19370476e+01 9.56042268e+00 8.99563355e+00
  1.06148271e+02 7.35815326e+01 2.82124606e+02 7.51905322e+01
  5.25356209e+00 3.67564882e+00 3.59591915e+00 3.06217941e+00
  3.57923021e+02 2.82364757e+02 8.90428503e+00]
 [4.87393838e+01 5.13692596e+01 1.94216242e+01 1.44076625e+01
  1.69336775e+01 1.50958021e+01 2.04622901e+01 1.73236350e+01
  1.81442025e+01 1.75465349e+01 9.16440577e+00 7.13153910e+00
  4.17662264e+00 3.31696586e+00 9.14286403e+00 8.49643467e+00
  6.49561518e+00 1.37067941e-29 5.15574650e+00 1.71428479e+01
  1.08380887e+01 8.50982428e+00 1.23148392e+01 1.00543151e+01
  2.00862738e+01 1.77718452e+01 3.94893194e+01 1.47848747e+01
  2.52518621e+00 2.19254426e+00 3.27621209e+00 2.58677446e+00
  1.91984962e+01 2.85835892e+01 2.99621241e+01]
 [2.17524055e+02 4.90484967e+02 2.16758806e+01 7.15967719e+01
  1.36375065e+01 1.16970742e+01 1.69713544e+01 1.42681933e+01
  1.69002768e+01 1.87162118e+01 1.40013570e+01 3.17620209e+01
  4.41608065e+00 4.42315039e+00 9.81953228e+00 8.36551817e+00
  2.30000332e+01 7.04828918e-30 7.05016980e+00 1.76140967e+01
  9.13835870e+00 1.45122588e+01 1.09554424e+01 1.00876194e+01
  6.23699166e+01 1.67158456e+02 3.01342706e+02 8.14764324e+01
  5.10487065e+00 6.15833760e+00 4.04576532e+00 2.81290683e+00
  7.93325765e+01 1.09002621e+02 9.75670364e+00]]