[[2.99233280e+02 6.52391043e+02 6.97091058e+02 2.77087240e+02
  1.00966926e+02 3.22282517e+02 6.84713494e+01 9.52644376e+01
  8.60504693e+01 5.48550556e+01 1.26260745e+02 5.04131665e+01
  1.63903973e+01 1.23635038e+01 2.48850738e+01 2.26315377e+01
  2.14246987e+01 1.79730590e-26 1.46440336e+01 6.25112040e+01
  5.92507031e+02 8.23108351e+01 3.42984677e+01 3.58991229e+01
  8.22658676e+02 1.04874582e+03 3.75258246e+02 1.82687269e+02
  1.06906529e+01 8.99900099e+00 6.52273910e+00 6.21421993e+00
  1.30088903e+03 1.42109296e+03 8.22344002e+01]
 [1.04372032e+02 1.04639450e+02 7.86293441e+01 1.08485614e+02
  5.58649394e+01 6.24925132e+01 5.07412518e+01 5.75165954e+01
  5.97926151e+01 5.80754712e+01 2.94823467e+01 3.93376692e+01
  1.37529823e+01 1.66546000e+01 2.55006525e+01 2.60205817e+01
  2.42307356e+01 9.42347214e-29 1.67392893e+01 6.00857346e+01
  4.36982628e+01 5.38628794e+01 3.36579480e+01 3.76596290e+01
  6.03554093e+01 7.70713318e+01 1.06616336e+02 5.63496557e+01
  1.15795885e+01 1.23766349e+01 8.65191037e+00 8.72820263e+00
  5.09102937e+01 1.20428472e+02 6.02501395e+00]
 [7.74937564e+01 7.46085028e+01 2.98319414e+02 1.84814042e+02
  3.28131406e+01 2.04625003e+01 2.14316491e+01 1.18527788e+02
  2.49483981e+01 2.25300963e+01 1.00518810e+02 2.27892794e+01
  5.84324721e+00 5.06995045e+00 1.08248926e+01 1.00240357e+01
  8.24645318e+00 3.76146485e-28 7.92734440e+00 2.20650169e+01
  2.43151498e+01 1.28306613e+01 1.60617685e+01 1.26042414e+01
  1.67224880e+02 8.79423226e+01 5.04866336e+01 3.17647131e+02
  4.47008637e+00 7.44357764e+00 4.30456905e+00 3.72213625e+00
  1.72028254e+02 9.77525450e+01 1.94894395e+01]
 [1.21147459e+04 3.54282142e+03 7.33948515e+01 1.03830863e+02
  3.45006257e+01 3.26529140e+01 3.38578687e+01 4.37850373e+01
  4.10966575e+01 3.92661293e+01 2.21684247e+01 3.91639074e+01
  5.25098893e+00 6.65092916e+00 1.42886957e+01 1.62980548e+01
  2.55610995e+01 1.40672611e-28 1.10049244e+01 3.48749968e+01
  2.10543654e+01 2.94059421e+01 1.89509857e+01 1.84964515e+01
  1.25628087e+02 1.19517669e+02 8.40253348e+03 1.10640740e+02
  7.04150183e+00 7.66519851e+00 4.09350332e+00 3.81289690e+00
  1.72562527e+03 9.16779475e+02 1.83058724e+01]
 [6.90582150e+02 8.55999129e+02 2.11328081e+02 1.40043803e+02
  3.71388645e+01 4.15547590e+01 3.21160709e+01 6.18861054e+01
  3.97205999e+01 4.49156762e+01 5.54493424e+01 4.17261058e+01
  1.21917780e+01 9.01952787e+00 1.82395306e+01 3.03539566e+01
  3.77569960e+01 1.87534757e-28 1.35886120e+01 3.68347907e+01
  5.23025642e+01 3.56476775e+01 1.98032548e+01 2.63702834e+01
  2.11315715e+02 1.74509899e+02 6.01204039e+02 1.34792583e+02
  1.27965319e+01 8.59651609e+00 4.87177379e+00 6.23461817e+00
  3.05523665e+02 1.02121467e+03 1.46928238e+01]
 [3.25266696e+01 4.74326157e+01 3.36921268e+01 3.55393180e+01
  2.67391801e+01 2.13127992e+01 2.55959050e+01 2.77686154e+01
  3.71254937e+01 3.42303563e+01 1.38770827e+01 1.38217633e+01
  8.55999108e+00 5.55462135e+00 1.64109791e+01 1.55988938e+01
  9.08794767e+00 8.02518868e-29 1.23973857e+01 3.44668746e+01
  2.65456537e+01 1.58295388e+01 1.56994486e+01 1.35632127e+01
  2.15579483e+01 4.35130081e+01 3.80188019e+01 1.49527911e+01
  7.08146562e+00 5.16182284e+00 6.38172431e+00 5.10396029e+00
  3.86162297e+01 2.04576421e+01 3.86760236e+00]
 [2.96264363e+02 4.05279525e+02 2.23298363e+02 7.28356499e+02
  7.99635646e+01 1.72608144e+02 5.85143518e+01 5.91095909e+01
  7.37424013e+01 9.15198697e+01 4.37803940e+01 7.10046617e+01
  2.24563856e+01 5.82273492e+01 3.18815940e+01 2.76190451e+01
  3.17819489e+01 5.93952122e-28 2.41717689e+01 6.58031366e+01
  2.26666653e+02 1.04084876e+02 4.25989338e+01 5.12940325e+01
  1.37634899e+02 1.00575148e+03 3.89246430e+02 8.02197972e+01
  1.63869961e+01 1.42988447e+01 1.14330833e+01 1.01844755e+01
  1.51759893e+03 2.44071847e+03 1.62643978e+02]
 [3.04625619e+02 2.96213559e+02 2.81964807e+02 2.09465577e+02
  3.68157299e+01 2.69572017e+01 3.14157778e+01 4.63021221e+01
  3.85307670e+01 3.92961880e+01 3.16566720e+01 2.25949210e+01
  1.89185780e+01 7.48872825e+00 1.77618284e+01 2.08447265e+01
  2.98430870e+01 1.54513846e-28 1.31343566e+01 3.98573238e+01
  2.60649672e+01 1.69190493e+01 1.83259172e+01 1.87988560e+01
  1.12727441e+02 1.02047703e+02 2.51897580e+02 8.48241706e+01
  1.10652998e+01 5.87850677e+00 7.75697551e+00 9.28671483e+00
  3.83427900e+02 2.51188535e+02 1.60519078e+02]
 [5.97596146e+01 5.58770852e+01 4.02481590e+01 3.71564280e+01
  3.22037295e+01 2.08431474e+01 3.79868019e+01 3.75102535e+01
  4.93072025e+01 5.28502001e+01 1.74472260e+01 1.38510360e+01
  1.01292023e+01 6.44436212e+00 2.15002728e+01 1.65991588e+01
  2.35823801e+01 1.46570104e-28 1.49582531e+01 5.04640648e+01
  2.12406345e+01 2.11230711e+01 1.92060259e+01 1.56655426e+01
  2.97038388e+01 5.34036946e+01 6.09372653e+01 2.70038458e+01
  8.26686068e+00 7.81706282e+00 8.25039142e+00 5.93732214e+00
  5.60773867e+01 4.32684815e+01 1.24250816e+02]
 [3.28331787e+02 2.97436692e+02 5.57396925e+01 3.58550433e+02
  5.94022248e+01 5.51658960e+01 5.26388894e+01 2.53040059e+02
  7.67190250e+01 1.34940399e+02 4.65039670e+01 1.00941219e+03
  1.37004647e+01 1.85206305e+01 3.52228210e+01 3.86620293e+01
  3.16225622e+01 8.40341421e-27 4.25168099e+01 2.05027685e+02
  1.44475459e+02 4.63916690e+02 1.12887265e+02 1.56471935e+02
  8.58678400e+01 9.51166032e+02 2.34655039e+02 9.00105648e+01
  1.28924846e+01 4.89784257e+01 9.89297009e+00 8.72817011e+00
  1.40448623e+02 4.14486965e+02 1.08376451e+02]
 [1.19403845e+02 2.70631944e+02 1.83122926e+03 2.36253866e+03
  2.47608243e+02 5.05397404e+01 5.05086281e+01 3.84473395e+01
  4.83832827e+01 3.90394918e+01 2.28431995e+02 5.60068319e+02
  1.12879154e+01 1.50879628e+01 2.16163995e+01 2.09835828e+01
  8.56154724e+01 2.57718666e-28 1.14041324e+01 4.10762408e+01
  1.27995936e+02 7.54581100e+01 3.52975421e+01 2.77741835e+01
  1.25913885e+03 6.57304000e+02 1.11301332e+02 2.33852446e+02
  1.96935673e+01 1.41957863e+01 5.68892809e+00 1.06425815e+01
  1.58651771e+03 7.06900121e+02 7.30792705e+01]
 [1.16411098e+02 1.11175659e+02 1.07103057e+02 1.52644547e+02
  5.52192894e+01 5.51437739e+01 3.83833441e+01 3.65336464e+01
  4.87416498e+01 5.32751242e+01 3.02390075e+01 3.02443783e+01
  1.89688368e+01 1.05155963e+01 2.43413190e+01 1.85124463e+01
  2.27142190e+01 7.61395522e-29 1.36956319e+01 4.70232429e+01
  4.93061417e+01 4.56897083e+01 3.32468324e+01 3.99336295e+01
  5.18676109e+01 5.40685461e+01 1.10635227e+02 3.81944264e+01
  9.53998641e+00 1.30360491e+01 7.49941395e+00 5.99154999e+00
  2.07764112e+02 1.04788292e+02 1.69742558e+01]
 [2.60230598e+01 3.64940964e+01 1.63815674e+01 1.97062190e+01
  2.99126161e+01 8.74879388e+00 1.17271479e+01 1.03092090e+01
  1.18114380e+01 1.14593927e+01 9.22546635e+00 7.30887606e+00
  5.26062602e+00 3.05193515e+00 6.11543674e+00 4.69710906e+00
  4.57558211e+00 1.58010320e-28 6.02495294e+00 1.30430167e+01
  6.74891065e+00 7.03987916e+00 8.77124144e+00 6.77574943e+00
  1.57775612e+01 1.44025134e+01 2.39419983e+01 7.80087755e+00
  6.71602378e+00 2.37945871e+00 3.81914670e+00 1.79227521e+00
  6.81221720e+01 2.38069006e+02 7.38642626e+01]
 [4.49186050e+01 4.62294216e+01 5.28839604e+01 5.90251171e+01
  5.26703476e+01 4.39373300e+01 2.99508481e+01 3.56612973e+01
  2.84163503e+01 2.87809966e+01 1.41394725e+01 1.96081909e+01
  5.11017640e+00 8.61690578e+00 1.64541272e+01 1.40960226e+01
  1.11709481e+01 2.08026008e-29 1.18356068e+01 2.38663070e+01
  2.83013943e+01 2.90320633e+01 1.69452482e+01 2.31564781e+01
  2.58646596e+01 3.31963411e+01 3.81174544e+01 1.77436141e+01
  6.44538995e+00 5.94659836e+00 5.52625859e+00 5.05204908e+00
  3.20313680e+01 4.74499360e+01 7.71727222e+01]
 [4.57177630e+02 2.32339790e+02 5.91814966e+01 4.93045524e+01
  2.82501832e+01 3.12074068e+01 4.04290178e+01 5.35603865e+01
  4.94312443e+01 5.11561673e+01 2.12105251e+01 2.47097765e+01
  6.70497820e+00 7.03457750e+00 2.29204186e+01 2.33089498e+01
  2.75773725e+01 1.61230158e-28 1.86201325e+01 4.52894660e+01
  2.73149840e+01 2.24568392e+01 2.03103812e+01 2.05564764e+01
  1.15704793e+02 9.68625387e+01 3.69435864e+02 9.81921271e+01
  1.00546757e+01 9.29353417e+00 9.24179653e+00 6.73830011e+00
  3.72359159e+02 1.74449844e+02 2.24750332e+02]
 [5.59129161e+01 1.00429984e+02 3.82118290e+01 4.23307699e+01
  3.47214775e+01 2.30371948e+01 2.82966097e+01 2.67904054e+01
  3.59143773e+01 3.28049937e+01 1.53091110e+01 2.46809442e+01
  7.64297495e+00 6.55194389e+00 1.60662998e+01 1.34648077e+01
  1.13781829e+01 2.67687995e-29 9.74737785e+00 3.28816881e+01
  2.21643488e+01 5.39448108e+01 2.04339304e+01 2.48510600e+01
  3.30536975e+01 6.37037184e+01 7.10226809e+01 2.96000927e+01
  6.18605051e+00 5.20267576e+00 4.96530039e+00 4.72786050e+00
  3.17613005e+01 6.43271407e+01 7.12330642e+01]
 [5.17581729e+01 2.01074019e+01 3.99258535e+01 3.02941513e+01
  2.02009804e+01 1.72383776e+01 2.29957701e+01 2.51120363e+01
  3.38936083e+01 3.08644297e+01 8.14889963e+00 1.25272187e+01
  9.16793948e+00 7.48410993e+00 1.59326957e+01 1.27014698e+01
  1.05610360e+01 3.45187812e-29 9.86472992e+00 3.21167125e+01
  1.50562499e+01 1.77083814e+01 1.51259585e+01 1.42148803e+01
  2.09136128e+01 2.84360510e+01 6.46387821e+01 1.14251614e+01
  4.75641764e+00 4.05457535e+00 6.41029278e+00 4.82096829e+00
  5.97493262e+01 2.72519337e+01 1.69054630e+01]
 [1.73618133e+03 1.41134168e+03 2.38557091e+02 1.73145983e+02
  4.97630854e+01 6.33849896e+01 3.16207234e+01 3.63767564e+01
  3.82070107e+01 4.67546560e+01 7.65874849e+01 7.20578959e+01
  1.25712086e+01 1.22061540e+01 1.77175189e+01 2.02232416e+01
  5.48283581e+01 5.04269272e-29 1.82658749e+01 4.24558467e+01
  5.27078344e+01 4.75496997e+01 1.84071940e+01 2.31493973e+01
  3.22905757e+02 2.89065209e+02 9.53064084e+02 2.49490529e+02
  1.91178941e+01 1.28175578e+01 8.63815835e+00 9.31828068e+00
  1.22148372e+03 1.17359197e+03 6.98764494e+01]
 [2.50746330e+02 2.65658631e+02 5.85828619e+01 3.51664568e+01
  4.12530451e+01 3.73225361e+01 3.62700475e+01 3.29152277e+01
  4.36780177e+01 4.07247040e+01 3.34761318e+01 2.73365489e+01
  8.12238103e+00 5.73641400e+00 1.62070660e+01 1.59029973e+01
  2.06956987e+01 5.52217350e-29 1.21499092e+01 4.57265553e+01
  2.47536638e+01 1.78662581e+01 2.06103716e+01 2.43986290e+01
  8.50036406e+01 7.77953369e+01 1.87446262e+02 5.69520049e+01
  7.01924426e+00 6.15343740e+00 6.33421387e+00 5.81867589e+00
  1.18383741e+02 1.83953759e+02 1.59780568e+02]
 [8.60021656e+02 1.99013935e+03 9.07194445e+01 2.64452719e+02
  3.80049029e+01 4.35253888e+01 3.91809727e+01 4.97411619e+01
  5.36920779e+01 5.95594161e+01 4.58951126e+01 1.13917271e+02
  1.17169461e+01 1.17636743e+01 2.91863852e+01 2.37820499e+01
  7.36437861e+01 2.22651980e-29 2.45778868e+01 5.95990389e+01
  2.88456547e+01 4.42971533e+01 2.98219151e+01 3.65669542e+01
  2.73648759e+02 6.43598616e+02 1.26158100e+03 3.11981830e+02
  1.51413896e+01 1.96822963e+01 1.33814691e+01 8.20163348e+00
  3.35009901e+02 4.73772567e+02 4.86541973e+01]]