[[2.05360765e+00 2.69552543e+00 2.04371812e+00 1.53642606e+00
  2.83534380e+00 1.31055404e+00 1.20953882e+00 1.65547082e+00
  1.61885424e+00 1.69283226e+00 8.95567956e-01 9.78725650e-01
  1.10328902e+00 4.49955183e-01 7.19847299e-01 7.41482316e-01
  4.51734081e-01 5.81593126e-29 4.65175506e-01 1.59736218e+00
  1.94601704e+00 1.05406220e+00 1.10701776e+00 1.05632221e+00
  1.38931609e+00 1.81416769e+00 2.10714115e+00 7.11642359e-01
  2.78386663e-01 2.58648623e-01 2.72717291e-01 2.19864828e-01
  1.91691713e+00 1.26611879e+00 5.62902229e+00]
 [2.28186180e+01 1.50327250e+01 8.09009831e+00 8.30071225e+00
  5.06508817e+00 9.29828156e+00 1.46203541e+00 2.05521431e+00
  1.97889739e+00 2.99176781e+00 1.05022593e+01 2.34134850e+01
  2.24318766e+00 1.76108767e+00 7.75166066e-01 8.49448045e-01
  2.64892785e+00 7.36190693e-30 5.46129210e-01 2.53376394e+00
  1.39880616e+01 9.52074512e+00 1.29876009e+00 1.24676110e+00
  2.29234110e+01 2.46322655e+01 1.67301246e+01 1.48777610e+01
  1.32183958e+00 2.27083289e+00 3.42092949e-01 3.32153490e-01
  1.90942740e+01 4.17548078e+01 1.87525363e+00]
 [8.61758176e+00 7.07305751e+00 9.84576756e+00 8.21530240e+00
  9.44922403e+00 8.25348325e+00 1.43614518e+00 2.34190676e+00
  2.10584871e+00 2.36363677e+00 1.59863877e+01 4.92358013e+00
  1.09034790e+00 8.04402991e-01 1.08400450e+00 1.11690348e+00
  1.00937140e+00 1.77766968e-29 6.93662387e-01 2.22114173e+00
  3.46058311e+00 5.07651311e+00 2.30111163e+00 1.60389307e+00
  7.22114018e+00 7.84039154e+00 5.67964693e+00 3.16073667e+00
  3.89538792e-01 5.23794319e-01 5.59176281e-01 4.45092738e-01
  4.31273760e+00 5.39092559e+00 6.13464058e+00]
 [2.80817737e+02 1.77537137e+02 1.79727771e+01 1.42872797e+01
  2.11781375e+01 3.06805706e+01 6.27267276e+00 4.76976983e+00
  9.46629386e+00 5.88856272e+00 2.04734506e+01 2.77747660e+01
  1.26814544e+00 1.60875321e+00 1.97789116e+00 1.75748980e+00
  3.98040036e+00 1.61811660e-29 1.28576542e+00 7.09922560e+00
  7.70392173e+00 1.15327030e+01 5.97538730e+00 4.39228231e+00
  9.60039350e+01 6.05943597e+01 9.50778699e+01 7.29290211e+01
  3.07031753e+00 2.57619604e+00 5.63281603e-01 5.35204216e-01
  1.98300962e+02 8.53477206e+01 2.98801038e+00]
 [8.50894476e+01 1.17754405e+02 3.14448016e+01 1.85394004e+01
  3.29018765e+01 7.98894654e+01 4.37899330e+00 5.78450658e+00
  4.61682865e+00 4.58059927e+00 7.21744790e+00 1.19166662e+01
  7.02492912e+00 1.06345008e+01 2.44246472e+00 3.21313001e+00
  4.67549848e+00 3.66699263e-29 1.48819110e+00 4.47226083e+00
  3.07719872e+01 3.79440274e+01 6.62480802e+00 2.35866603e+01
  1.80864812e+01 2.71836103e+01 7.97118611e+01 1.65278854e+01
  1.99570330e+00 3.49618754e+00 9.70616937e-01 8.68808346e-01
  5.16851887e+01 1.15460182e+02 2.41350375e+00]
 [2.31800903e+00 8.77128899e+00 1.95207717e+00 1.17037707e+01
  1.31264675e+00 1.13997898e+00 7.99094476e-01 1.10107424e+00
  1.72544269e+00 2.20746535e+00 1.19362287e+00 1.09776356e+00
  6.48382989e-01 3.51692320e-01 5.61231410e-01 5.61578090e-01
  3.38472359e-01 4.90044043e-30 3.62928718e-01 1.90682005e+00
  5.73170153e+00 2.25544524e+00 6.55077073e-01 5.65587524e-01
  4.63525502e+00 2.24899114e+00 2.44333236e+00 6.90170344e-01
  2.97411905e-01 2.38384934e-01 2.95531440e-01 1.96343212e-01
  3.45056433e+00 1.51531835e+01 2.46699146e-01]
 [8.55941791e+00 6.28311385e+00 3.44646283e+00 2.17071764e+00
  3.09885205e+00 3.07684354e+00 2.61085026e+00 2.06968679e+00
  4.13337435e+00 3.43332119e+00 1.23046299e+00 1.20281590e+00
  1.22114001e+00 9.51688623e-01 1.36031005e+00 1.16993040e+00
  9.27191098e-01 7.90975967e-30 9.45132919e-01 3.89407268e+00
  2.23677990e+00 1.36283857e+00 1.85098499e+00 1.38903870e+00
  2.99408291e+00 3.33999754e+00 7.06254038e+00 2.01796702e+00
  6.26230291e-01 5.15658282e-01 5.88547479e-01 4.89359485e-01
  2.03959285e+01 1.97852114e+01 6.26113324e+00]
 [3.22242468e+01 3.36135068e+01 6.01388259e+00 5.41894816e+00
  2.45283731e+00 2.26624266e+00 2.04542872e+00 3.28698993e+00
  1.78993300e+01 1.38526807e+01 2.43158117e+00 1.41171405e+00
  8.24114615e-01 8.06890079e-01 1.64503313e+00 1.78048509e+00
  2.06283645e+00 1.74870083e-29 1.19074546e+00 1.24988563e+01
  3.07061507e+00 3.19300475e+00 1.12487889e+00 1.31118392e+00
  1.01108385e+01 1.65029271e+01 2.36703115e+01 6.42296895e+00
  6.71062136e-01 3.79688606e-01 4.84349121e-01 5.01001100e-01
  4.27096681e+01 2.72974848e+01 2.21713703e+01]
 [2.90035601e+00 6.89371503e+00 5.60855215e+00 1.96651961e+00
  7.60213997e-01 1.17723266e+00 8.43487822e-01 1.63788778e+00
  2.27689823e+00 4.27861508e+00 1.68138818e+00 8.07334155e-01
  3.63324207e-01 3.79909626e-01 5.03516386e-01 6.12950096e-01
  7.22802084e-01 1.23205745e-29 3.84554270e-01 3.07106135e+00
  1.19131093e+00 7.88109516e-01 5.03402454e-01 5.74696409e-01
  5.18680344e+00 2.14884673e+00 4.94662826e+00 1.85982804e+00
  3.32744873e-01 2.56506754e-01 2.48283502e-01 2.23134663e-01
  5.80049526e+00 7.12272296e+00 1.29596026e+01]
 [1.88779047e+01 2.20025405e+01 4.18941486e+00 2.61633670e+00
  2.67674319e+00 1.18819902e+00 2.75193766e+00 1.31903847e+00
  3.15425908e+00 1.90318754e+00 2.32366317e+00 1.21727456e+00
  4.51834012e+00 6.59823824e-01 1.19700131e+00 6.54574476e-01
  1.71085367e+00 5.50955019e-29 6.03297778e-01 2.25069933e+00
  2.00648893e+01 1.28371767e+00 1.53253426e+00 1.22120299e+00
  8.70833946e+00 4.80370208e+00 1.73075431e+01 5.17586685e+00
  3.67963162e-01 5.31000131e-01 6.56060209e-01 2.25053153e-01
  1.32522691e+01 1.17068360e+01 3.52210441e+00]
 [2.83610874e+00 5.70135778e+00 3.15813968e+00 3.29773110e+00
  1.98501412e+00 1.72505980e+00 3.00343983e+00 4.78307582e+00
  7.91605589e+00 5.80878961e+00 1.77802410e+00 1.83056128e+00
  6.23959781e-01 6.04714764e-01 1.15347673e+00 1.09403190e+00
  8.94960084e-01 1.28083037e-30 5.92986022e-01 5.86712483e+00
  2.01387850e+00 1.61297501e+00 1.17946234e+00 1.06499235e+00
  3.89793689e+00 4.48584742e+00 3.78111630e+00 2.00280130e+00
  3.71000311e-01 4.10616516e-01 3.81594666e-01 3.92617151e-01
  4.04775953e+00 2.97558257e+00 2.61240261e+00]
 [2.07263106e+01 1.51468722e+01 5.73333235e+00 4.57223645e+00
  9.17163279e+00 7.46873690e+00 4.30368524e+00 2.56637760e+00
  3.17036748e+00 2.93552739e+00 2.71142255e+00 2.19067260e+00
  1.99403271e+00 2.02726348e+00 1.74046850e+00 1.33207623e+00
  1.49629903e+00 4.53609978e-30 9.07783764e-01 2.78965190e+00
  1.19473153e+01 6.81441316e+00 3.43320716e+00 2.30552137e+00
  7.21209170e+00 7.95669050e+00 1.87750676e+01 3.96038855e+00
  8.38246634e-01 7.79490128e-01 6.48160668e-01 4.94904104e-01
  2.06802493e+01 1.20342848e+01 1.92150697e+00]
 [3.23859896e+00 4.96924463e+00 2.55989028e+00 3.51890832e+00
  2.99789856e+00 2.96914135e+00 3.78832934e+00 3.41313430e+00
  6.69344199e+00 3.46794179e+00 1.44225487e+00 2.19629862e+00
  1.16256242e+00 8.87488618e-01 2.43853401e+00 1.61518245e+00
  1.01502765e+00 3.65346422e-29 1.36928875e+00 4.75617731e+00
  1.84046900e+00 2.21050997e+00 2.37003175e+00 1.94188004e+00
  1.89412504e+00 2.84076517e+00 3.15970110e+00 1.50911739e+00
  5.70614499e-01 7.16852731e-01 9.91873943e-01 5.45831530e-01
  3.17078675e+00 3.72744065e+00 5.42486614e+00]
 [5.97004299e+00 4.95286434e+00 8.24979834e+00 4.33092249e+00
  3.70422935e+01 1.13888622e+01 7.63597756e+00 3.02369490e+00
  2.10364722e+00 2.46507700e+00 2.82912590e+00 3.07239106e+00
  3.62012927e+00 1.16763109e+01 2.34851720e+00 3.38873712e+00
  1.27326914e+00 2.66747247e-30 8.24813741e-01 2.01280639e+00
  1.73302658e+01 1.84621600e+01 1.11493094e+01 4.94073044e+00
  4.71468168e+00 4.79231963e+00 6.12332220e+00 2.09226312e+00
  9.43256728e-01 9.29012436e-01 8.23476811e-01 8.24701623e-01
  3.01927212e+00 2.58731109e+00 8.54467241e+00]
 [8.63175513e+00 6.71015030e+00 2.70263284e+00 1.90909201e+00
  2.84297327e+00 1.11156700e+00 1.32703335e+00 1.79320115e+00
  2.22208742e+00 2.61316258e+00 8.58877754e-01 1.00889128e+00
  4.19510714e-01 3.69312929e-01 8.08209372e-01 6.93493943e-01
  7.58180269e-01 5.23569594e-30 3.89851529e-01 1.92121349e+00
  1.09961265e+00 8.51089072e-01 8.64332812e-01 8.00486260e-01
  3.27711875e+00 3.59772831e+00 7.09007680e+00 2.29850677e+00
  3.31652211e-01 3.33518261e-01 3.32855718e-01 2.09677293e-01
  6.24444531e+00 3.98093683e+00 7.28237136e+00]
 [6.99000867e+00 1.66202662e+01 1.19138721e+01 2.41647580e+00
  2.10768682e+00 1.07036698e+00 1.61138691e+00 1.06785849e+00
  1.18867799e+00 1.27456944e+00 6.13023230e+00 3.49927377e+00
  4.30713640e-01 4.36036064e-01 6.39067306e-01 6.26753829e-01
  1.48013072e+00 1.88173598e-30 3.63663202e-01 1.18673074e+00
  2.16588422e+00 1.84644082e+00 1.22608123e+00 7.86284961e-01
  1.10436758e+01 1.11685912e+01 9.49763894e+00 7.17282741e+00
  7.24315027e-01 3.75972494e-01 2.55491008e-01 2.69280493e-01
  3.47860986e+00 1.05908121e+01 1.16912960e+01]
 [6.55873723e+00 3.78255768e+00 1.07808285e+01 3.75903318e+00
  6.21551908e+00 7.88936628e+00 3.58911069e+00 4.13327346e+00
  8.85639168e+00 1.11588626e+01 1.47816867e+00 1.60488325e+00
  2.50708733e+00 2.03999609e+00 1.31815230e+00 1.54625543e+00
  4.40551068e-01 6.67431164e-30 7.19751806e-01 1.14942298e+01
  6.78639235e+00 8.16096951e+00 2.31480786e+00 5.79004837e+00
  3.60001388e+00 3.49933346e+00 3.94059095e+00 9.69326187e-01
  4.67390602e-01 4.10531088e-01 4.62118747e-01 3.85613510e-01
  7.74514605e+00 3.94678208e+00 2.21057693e+00]
 [7.22599670e+01 7.48032016e+01 3.28511038e+00 1.13969585e+01
  3.53358484e+00 2.47480822e+00 3.13331646e+00 3.28851171e+00
  5.66050411e+00 4.93762321e+00 2.18235375e+00 5.80810991e+00
  6.57122491e-01 1.01051898e+00 1.46423135e+00 1.51855691e+00
  2.58780958e+00 1.83060888e-30 8.87908213e-01 5.59290779e+00
  1.52862366e+00 2.90095861e+00 1.42315576e+00 1.96467349e+00
  1.10016906e+01 1.98746217e+01 4.38229732e+01 1.22570939e+01
  6.73648453e-01 9.75226466e-01 5.84276996e-01 5.91465469e-01
  6.70322966e+01 2.67698691e+01 2.97241386e+00]
 [1.25647555e+01 1.42687026e+01 2.50889892e+00 1.68824785e+00
  1.54780433e+00 4.02305257e+00 1.08494339e+00 1.52842431e+00
  2.00987705e+00 2.63019532e+00 1.14719808e+00 1.06104187e+00
  3.06117261e-01 6.05750193e-01 8.39391715e-01 8.83557732e-01
  6.89304899e-01 3.36474770e-30 3.99076881e-01 2.35303067e+00
  1.30417877e+00 2.05081621e+00 6.87079321e-01 2.99340840e+00
  3.25327794e+00 3.92366287e+00 9.33597735e+00 2.20832158e+00
  2.48649174e-01 2.95742223e-01 2.64110181e-01 1.98124391e-01
  6.18633973e+00 9.10325589e+00 9.72406512e+00]
 [5.31270751e+01 1.38109802e+02 4.22921403e+00 1.33038073e+01
  3.70906295e+00 1.81507628e+00 2.92714526e+00 3.07716862e+00
  4.62565399e+00 5.37656987e+00 2.78513235e+00 6.04814106e+00
  8.87743261e-01 1.15808990e+00 1.56858520e+00 1.51308085e+00
  4.03610055e+00 1.33853296e-30 1.11830150e+00 4.76107667e+00
  1.52669550e+00 3.44941325e+00 1.76104983e+00 1.69173899e+00
  1.60830170e+01 3.92588456e+01 6.54808206e+01 1.80477972e+01
  9.24416257e-01 1.11729134e+00 7.24638358e-01 5.61857626e-01
  2.47448181e+01 2.26106579e+01 4.30169445e+00]]