[[ 2.05628038  1.35518736  0.94876466  1.80943105  4.789975    1.85096743
   4.53150633  3.53151238  3.98794872  3.57560488  2.14838948  4.43641459
   8.0457171   8.54933502  6.22814578  6.19816681  5.45842441  1.1686397
   7.99595543  3.64377987  0.9038442   3.4891394   5.92126844  5.73699688
   0.64065278  0.61705885  1.70538791  1.45521593  6.54579975  6.55090308
   9.14643867  9.21512703  0.36907977  0.32751373  9.87404804]
 [16.20170753 10.01991789  9.40094647  8.31845952  7.13888577 11.6665302
   5.2984974   6.06315639  5.49298379  6.26453547 20.17354464 29.55261597
   8.84862048  9.32794476  5.53782314  5.92062734  9.75727916  7.10991665
   5.39296985  5.86879725 15.61716519 14.85350456  5.1311539   5.67306418
  22.40808418 22.71441941 12.83417913 17.4344104   9.90447849 15.98361395
   5.93237014  5.88003785 19.76762301 16.51633396 19.9883834 ]
 [14.43658925 13.50940689  5.49143321  7.14274735 20.6831407  27.1384456
  18.69194113  7.43561694 14.07466847 14.36976883 14.53202015 24.37585719
  27.69943423 26.28850282 23.90696999 22.51022092 18.8698375   7.39884058
  22.78433521 14.42126462 17.36540706 31.82272716 21.82823762 22.34442816
   7.19077261 12.67271424 16.03766466  2.55875103 23.04238857 17.29179231
  29.35418288 24.77005388  4.75606654  8.74996524 25.04744135]
 [ 3.88004227  7.25477246 20.7561577  16.48769532 27.44250909 31.71194866
  15.23369512 13.4447627  15.42451036 14.08237018 35.60987728 28.614039
  21.8436252  16.50695618 16.42586068 15.28665318 16.23327178 14.14064342
  15.12496961 15.13548238 19.60595528 21.4069874  18.21788908 16.73709493
  38.35336848 28.03750706  2.01794456 34.14829019 26.91711135 20.91626773
  15.97829996 17.68580937 13.94210036 11.33960087 16.32550021]
 [10.11043874 10.69017203 10.36930563  9.50678213 26.53069195 32.87253888
  17.61099722 15.03783725 16.71163503 16.52580864 11.70271269 16.32540204
  24.15006876 28.2721024  19.55676433 17.94402867 11.53749654 14.51520829
  16.93337522 16.49510968 24.40868483 25.37771697 20.38888086 25.28119377
   9.04307671 11.60673403 10.7250228  10.68884942 14.06132543 19.74078337
  23.11146658 18.24195388 13.00681533  8.98473329 13.43764712]
 [ 9.16326018 12.14477787  7.26416645 15.2556657   8.01983255  8.70904292
   8.26546058  9.93709639  9.01304094  9.56194311  9.13569209  9.49694683
  11.42141249 11.27134915  8.48410151  9.13817848  6.54229277  8.66591917
   7.3340028   9.39087352 12.71611156 11.63390231  8.60351896  9.77270484
  14.70975289  6.31089103  9.02927835  7.41501179  8.07377226  8.82467175
  10.02863211  9.09739413  7.716102   20.24531541  9.87110312]
 [ 5.05061648  2.84512654  3.86105911  0.95457542 10.06590929  5.35631651
  14.11024814 12.78615174 13.90682505 12.16287459  9.29970763  6.20471935
  14.60415773  6.39187386 16.9055015  15.34857117  7.93530623  2.33953307
  15.60487752 14.61568945  3.23071747  4.92683123 14.07322471 10.96835277
   4.8044924   0.75656924  3.34570893  5.18042589 14.43332306 15.61405607
  19.92813913 16.46148704  2.03963562  1.36186073  7.53395253]
 [11.72815931 12.70580362  3.48707061  4.25624919  8.10415393  9.96478453
   8.95556245 10.05328632 17.96092148 15.18803549  8.28394156  9.14886316
  10.57921035 11.8199553  11.81031157 10.15689748  4.45322233 10.29826534
  10.26628621 15.57823927  9.78591009 13.55426438 10.65311846  9.89232884
   9.70141034 15.69933132 10.33181362  6.08246385  6.3009946   7.42879033
  12.49066789  8.43106961 12.39963179 12.39139417 15.10169391]
 [ 9.61013333 13.68710242 12.7710327  11.76835529  8.17537038 13.59249014
   7.34165352  6.58650769  6.54352679  7.89613172 14.05968404 14.02200453
  13.30544278 15.42374537 10.43539432 10.40136042  8.05715492 13.61548718
   9.96710176  7.30265923 10.84024578 12.22246117 10.24706906 10.67027903
  16.49139639  8.48115084 10.15728998 10.48726768 12.28582298 12.41825359
  13.07093378 12.11622181 11.07248327 16.64534585 13.32748676]
 [ 7.60905072  9.53934464  7.98010074  1.6015163   6.72801106  4.36269928
   8.21056587  2.00260398  5.61420548  3.69512305  6.39649883  0.45997618
  16.24883048  5.87532303  6.37691307  4.36106676  7.44778732  1.32964169
   3.82016683  3.13440328  8.76280916  0.57482329  3.57820257  1.71973388
  11.70474469  1.06070275  9.36030408  7.66385067  6.49730248  2.53255564
   9.05467699  5.90324099 11.04765038  4.54588822  5.89872147]
 [ 6.03719862  4.40039122  0.52047706  0.49684406  3.14319545  8.94608999
  12.8584281  14.42379034 16.92787985 17.84379582  2.46386983  1.08482173
  15.50277377 13.45076122 15.36952369 14.7794393   3.32398711  1.0438891
  16.26766169 17.75676018  3.98719384  6.09778163 11.40416389 12.54754037
   0.80307845  1.61410618  7.26677425  2.3897945   6.63444037  7.19181548
  18.62698846 13.99233503  0.51255117  0.75053874  7.6186481 ]
 [15.16761365 12.74971234  7.82143657  5.41619955 14.19277931 14.26488646
  12.89232154 12.1087524  14.05991671 12.00624716 10.85859214 10.41342573
  16.43562735 16.32705094 15.08543775 14.66632319  9.01562584 11.39620408
  15.04642115 12.65264489 13.9335055  11.98893907 13.18885499 10.62308176
  13.63952707 14.82022783 15.19322156 11.20075483 12.66565269  9.63953151
  17.65687013 14.46036737 12.14251221 13.64406302 13.85012765]
 [17.07723616 21.31273989 22.77464218 26.51393905 18.45298688 30.6769943
  26.63655622 28.36657533 26.97221905 24.98727842 26.29507341 31.14953073
  28.99491773 33.89148474 30.38263494 30.89129809 28.2203919  25.79901222
  27.81434619 26.23317597 29.66109825 33.36115557 28.60971669 31.03673766
  17.49146236 25.7683666  18.92416642 24.17654235 20.67047175 32.23838865
  30.37146489 32.69259154  9.40823987  4.18055081 14.00179394]
 [ 8.85106284  7.898365    9.32699135  7.13942576 14.9439811  10.33550712
  10.33618708 10.3310815  10.19783297 12.75524021 10.40821942 10.3107935
  18.01008779 18.35616659 10.55220195 11.55812961  5.5670188  10.15304879
   9.70767054 10.82362178 14.56443584 14.92976965 13.1266923  11.01324044
  10.11876866  9.39456719  8.6056304   6.02343405  8.19800869 10.06883973
  11.28719422 10.22170465  6.98803323  6.98827883 11.27906232]
 [ 4.25219725  6.60340679  8.79898218  8.92001871 13.03713338 10.17695587
  11.21072068  9.50237587  9.62593789  9.68088825 10.06220824 10.09019399
  16.15105162 13.60335826 11.14456307  8.44543331  7.73760488  7.49959081
   7.57964333  9.79408733  9.51744099 10.49970776 12.71550253 10.68863067
   6.37880266  8.03651522  4.75192027  6.11463394  9.88556682 10.45948877
  11.32794182  8.51666714  3.43509892  4.36233634  7.07067655]
 [10.40073572 13.00680063 13.36729213  7.27895075  7.57497518  8.05095722
   9.52283179  9.89137571 10.71451943  9.99659439 19.2530386  12.95516006
   9.09291661  9.36035897  9.66947138  9.62163947 11.32690771  9.91404369
   7.75496307  9.71023473 10.6734951   5.43438114  9.07957605  7.43850868
  18.62619734 15.22869558 11.17334191 17.25601531 11.30921181  9.78016238
   9.41644759  9.18488779 10.33728103 14.38460779 13.46868299]
 [11.65509454 14.04585758 14.33690424 10.15279821 16.188959   24.17962065
  12.34368705  9.99263575 11.12298621 14.57995349 12.52507261 12.72312848
  16.87679476 16.72249164  9.19214351 10.00952492  6.28187114 11.74460926
   8.8950674  13.94116186 18.0728994  21.78578907 13.28844648 19.64527074
  16.05326583 12.7207622   7.37007958  8.88498586 10.30842979 11.93232207
  10.23776212  9.61609356 12.15092804 12.88306353 12.2517635 ]
 [ 7.07609749  8.73375579  3.32196487 10.72381443 10.43925204  8.02605326
  14.69828489 13.34658292 17.2682431  15.72969028  6.35137339 12.82798424
  13.84078987 13.90787961 18.04459797 15.14080406  8.99004888  9.27459456
  14.73536007 16.26273446  6.56577763 10.71790346 15.67707346 13.13041896
   6.20919135 10.77959614  7.74603109  8.34557794  9.20433281 14.35526229
  19.61994933 15.11660102  8.81462987  4.1594232   7.95449868]
 [ 5.8765865   6.34039446  6.5985873   8.49030271  8.79366102 11.25012275
  11.58170177 12.52393583 12.0516982  13.53784961  6.51398803  7.37903393
  12.42308456 14.10444874 12.22990675 11.94253943  6.53693007 10.89235921
  10.20779285 11.40273547  9.17028901 12.04053599 10.7590811  11.22664338
   5.43007713  7.2433888   6.15864771  5.8799864   8.35677475  9.83604667
  12.2955995  10.7245949   6.58869151  5.70538041 11.04776017]
 [ 5.37844212  5.43814667  7.33235342  5.59434565 16.2916148  11.14416882
  17.87543368 16.95211392 15.4036632  16.45399712  8.0151685   6.24379083
  15.80336746 15.07120761 14.77164081 16.49475239  5.73391552  7.95961233
  12.00710383 15.35786924 10.89439387  9.6715456  14.81714063 12.94089973
   5.7399082   5.37232854  5.08135328  5.34771786  9.07014757  7.74946879
  12.77107583 12.84355486  6.31231901  4.90220836 15.78446152]]