[[86.34334095 92.10042356 92.68867341 85.75796904 61.08112381 80.63187325
  25.09298611 22.71094015 18.90447316 16.857406   87.74779953 75.49558487
  49.91244012 48.70329012 23.80634591 23.19285459 68.67522902 76.53222407
  31.86044233 17.31875356 94.67475686 73.32962741 34.29075924 31.22813561
  96.41773    96.55639673 89.27594818 92.0209256  63.17593944 66.91479486
  31.25017817 37.52834518 97.32361557 96.63302565 64.54587686]
 [48.43224111 55.56012865 55.1040694  64.06816773 55.41561624 55.47798484
  55.72468793 53.24562169 51.3974508  54.27633186 40.75883559 33.99742874
  49.41282127 50.82212627 55.39892865 53.91842165 52.75933533 56.73140962
  58.79453341 56.72512469 44.54708851 53.2675255  56.76899014 58.56320711
  40.86263173 44.32935685 54.36401714 46.83248202 50.96453821 50.42484353
  54.32312533 54.39973775 51.67944697 55.35572094 40.60015692]
 [59.11203949 63.34656823 84.91719254 81.90590089 44.90396799 31.44586345
  41.65328312 71.87217373 26.85198876 24.58905504 63.29260935 51.58475979
  37.27333044 32.27275879 36.96474894 28.87793644 51.02190006 80.64030464
  37.13019867 26.57497881 51.68216791 32.19657694 43.31915544 30.87925298
  81.33582302 69.75305222 54.87701539 93.27884036 48.35896104 59.82867679
  36.68168758 33.73556443 86.68450613 77.40626936 40.42022188]
 [91.74663622 83.07726731 38.48188702 45.50938536 24.35761953 17.4470441
  24.68099347 23.71666702 20.38615946 20.63662679 19.59088066 26.23453919
  26.78456347 24.9527523  23.14372944 22.00281677 40.80075982 30.61237471
  25.61268301 21.20199849 29.26881206 28.00279033 25.14331882 22.79624477
  25.58666918 33.12698539 93.68389188 29.64943164 25.55418382 27.98127968
  21.86244516 23.08438198 72.24455017 75.85816186 45.6588803 ]
 [65.2337907  63.20237699 64.70585772 61.1826702  28.68242697 17.48781824
  34.43997544 38.28070661 35.21508615 38.65611812 59.3279696  46.2744977
  33.89070799 21.05326802 33.53644101 36.65226618 54.57726781 48.08378491
  38.14942519 37.13255541 37.91364964 27.61414716 34.42202154 24.46116295
  67.23997086 58.28495904 63.36267924 60.34499461 51.35369511 37.92501457
  30.8975377  34.11828527 60.76402272 70.37681772 57.87852424]
 [57.96514441 54.83559519 62.18952924 49.72224139 57.76280229 55.13180782
  48.96940653 40.23366668 42.33680084 47.89647421 60.93163343 59.00064012
  52.78276214 51.12233878 50.60317585 52.10387495 60.86355621 49.39767648
  56.74162379 48.19429418 53.90314034 54.05245574 52.41988422 48.64365027
  52.83847001 73.59794258 60.00964065 62.92893895 62.95249687 60.10228416
  52.7687015  58.4135487  67.72021205 37.0299613  63.57443486]
 [82.71417315 89.6947355  83.78093808 94.50917557 64.58653157 81.75018413
  48.53066451 50.40756606 43.41300535 47.65795156 72.76876419 80.55141399
  59.67125221 80.31481209 45.94945127 41.12997433 71.84873926 89.76738325
  42.09465171 41.20855261 87.45855463 82.50399885 54.33567406 61.72587689
  83.67492197 96.9723968  88.42180265 81.68242372 62.40670122 62.46626546
  46.35751748 44.66069463 92.03914097 94.9413775  77.39276229]
 [59.51642153 60.18748193 85.24824697 82.5427752  54.75442002 48.86459906
  38.95775516 33.06196536 26.58891074 29.15808362 48.38845881 53.53849681
  62.43290448 46.55753496 38.75456663 36.60246789 29.62537143 43.64654254
  41.50571876 31.30607613 54.05215569 50.22177371 42.97282265 39.31925563
  51.29862128 54.26738509 57.56861219 39.58416965 37.28304964 42.99361703
  43.02939997 47.11396027 65.28588544 66.09203318 56.06853329]
 [49.01434085 45.16569622 42.35715981 50.21725734 42.83640783 36.57594155
  35.42931084 28.47218737 32.46683121 34.64739088 44.88486557 45.17769173
  43.07509368 42.28919555 41.95679015 37.11361813 61.42640365 49.80997661
  45.32741485 34.85238138 43.22334132 51.55135494 37.38178132 36.23768774
  43.13580272 64.96053489 51.97672454 50.95125953 53.2031055  55.19599913
  45.84333256 43.67146702 69.84956272 56.78831101 47.31124476]
 [73.48853824 67.15131789 68.99831734 93.41037939 72.27417259 75.47568204
  43.24921876 77.86443993 35.74182023 53.36768578 77.47610728 98.10075718
  51.71333448 72.72009441 43.83463211 47.39569105 67.97510169 94.4792997
  59.73541233 66.39575669 76.43632224 97.70361024 80.85524466 86.4628855
  65.05352804 95.95453761 67.27110398 70.63487439 74.06074179 90.80032685
  48.58275038 54.83939994 62.54797146 85.38882005 81.85924532]
 [77.8764176  86.06186928 97.73497671 98.19044721 87.07868291 65.54395604
  56.99961347 49.68072837 47.84212949 44.66981728 91.59320029 96.08788758
  52.07021517 57.60477193 50.38964434 51.88019691 85.96845522 96.56158639
  48.95900511 47.36959137 84.25575764 78.03770546 60.76024876 58.1205144
  97.30856147 94.78005471 75.42274587 90.08189326 75.63748684 71.47232089
  43.13241674 60.08393929 98.32200905 97.9672993  80.4090801 ]
 [47.91081804 50.10366363 61.25285624 71.12171955 43.74415673 45.5021172
  33.41371317 33.82869823 32.60629404 32.82667708 52.79705591 53.41793116
  47.068578   37.66504295 37.04776873 33.22455165 49.66854679 39.36245153
  34.24286982 33.9034666  46.34375255 50.82190148 41.0011398  48.68289254
  48.27697696 49.32456992 47.68958287 48.60642555 42.37301293 51.49893325
  33.71648487 34.29204142 66.4568495  60.16238979 55.65889318]
 [54.73610474 49.14960818 43.48065199 41.48796239 50.8303902  27.1969295
  18.46522052 19.37578289 15.1134476  18.56252654 47.17547518 34.68383478
  32.36037816 28.54725689 18.04118109 20.96120457 36.93777283 33.03166806
  34.4112984  21.67414024 31.22025199 30.56089027 25.63699345 25.82752195
  57.45945949 42.49390282 52.57847763 42.09972932 57.07831745 32.74726839
  28.93715748 28.51321879 70.83406843 90.12856402 68.07360296]
 [27.79799624 29.8520609  23.60093857 31.43754911 20.05769307 22.51587245
  13.74182106 16.68748481 15.01941297 13.29389114 16.34195605 23.9654512
  11.64058256 14.36161945 14.32596386 13.11411985 12.03053519 31.35774815
  18.55775867 14.11077678 18.45000145 21.05483063 12.54999579 19.00026544
  20.59366304 27.02712809 24.22445552 14.88121996 16.08982122 19.64573166
  16.5181084  13.9976753  40.55710564 59.18696463 60.34228322]
 [80.01200262 71.54820117 55.00505286 53.40785101 37.31177988 47.26018285
  28.49856832 32.71304075 23.11778273 23.99016781 51.19942309 53.52034352
  33.55058548 38.88957006 28.14502221 28.82303933 59.66917139 33.9208837
  34.48252562 24.68695646 50.33023276 49.9377699  31.91845003 36.28766243
  69.87620292 63.01815294 78.5248256  70.28573545 52.58257586 52.55451194
  33.18472915 33.61599705 85.71753938 83.50104201 73.97298664]
 [59.2418809  55.36112139 47.54216679 60.31611776 57.51841792 52.6787906
  49.13731821 48.21509521 48.51172922 50.87919037 41.86150952 54.24606926
  53.24969367 50.49021191 50.35228554 50.54568728 51.04424415 57.32073601
  54.54821586 51.4278905  54.99204176 74.04100747 51.64768872 58.6990138
  46.41146592 54.54704832 58.09098651 47.0893075  55.08663992 57.8091147
  48.62456931 52.13359774 62.21193641 57.3815171  57.99453771]
 [55.24958697 48.67907363 44.76764093 54.85480747 35.15492503 31.77624542
  29.81098204 30.10506937 23.58119044 25.04265374 44.12860888 55.64161536
  43.42345838 45.81021262 34.28914589 36.69766053 63.85292637 37.58437176
  43.72540812 25.13600985 33.09964841 39.44341689 37.88412384 34.50453523
  44.36684063 60.47835413 72.21375963 55.73263218 54.00713342 56.19460928
  47.4520408  48.34520051 64.02475228 61.06677354 64.05929882]
 [61.8553261  60.03292732 71.38437371 60.91657741 58.42218323 64.07962338
  41.55694602 30.4494009  32.4305106  32.09117273 65.96626817 55.77786493
  53.02154114 47.02718835 39.16717975 36.34065329 60.79977734 59.60358635
  49.18338989 36.27403785 64.7078313  59.21230379 42.78686605 41.5655729
  63.16014809 58.16298633 61.51131734 60.69907412 63.91635652 54.65648973
  43.38243583 45.81645368 59.51623271 71.396557   69.68567172]
 [71.42966006 70.6370446  63.5623512  57.51930984 56.92434882 53.51662632
  47.4716991  46.68166045 47.31616012 44.7519189  66.87266331 66.30165861
  48.28785339 43.83819783 43.67745108 43.17715631 64.69470798 60.97224728
  47.18167083 48.47631518 55.46326236 49.76423489 47.15829909 51.28255585
  70.1268768  67.95749754 70.09218572 68.33560957 59.69938287 57.69667851
  44.30485453 47.93828172 71.36886692 74.26033152 64.67631852]
 [66.47998057 66.71477968 64.74064903 65.57852082 43.22787668 52.71713134
  30.47625746 35.92417951 30.23402357 30.12685236 61.26892595 65.19815686
  40.00465481 31.4036745  37.39272475 35.28163875 64.14961849 58.21159152
  49.65522796 36.2363575  53.08221315 54.4602741  38.45703935 45.24484626
  67.89956782 66.38440104 68.23896912 66.71186756 58.57935307 61.59782829
  44.83441132 37.78703363 66.74240731 69.56914648 56.49068259]]