[[ 0.59256559  0.38053716  0.27174287  0.47552092  1.71527443  0.32788756
   0.44326483  0.39466248  0.35564695  0.52022116  0.62239548  1.46567793
   3.3597628   1.77249897  0.68864308  0.75987287  1.44799896  0.24765186
   1.01206387  0.44254982  0.31094769  0.93904998  1.10676897  0.91887964
   0.16283145  0.1670276   0.50130017  0.35845951  1.64511365  1.9232601
   1.30657747  1.32778744  0.14341062  0.08609492  4.41822618]
 [10.58862985  7.98188573  5.66960521  4.90213777  5.02434954  8.25458758
   1.60562588  1.90260155  1.70105089  2.79605449 14.51919229 20.23501402
   8.05950508  5.37402398  1.68401062  1.76017963  5.76770242  4.4320326
   1.91820641  2.39204989 14.25977546  9.415511    2.19054645  1.93879575
  15.51991631 14.16781651  8.53074506 12.36498194  5.81773212  9.2518196
   2.14791385  2.07019286 19.38275049 19.19286572 12.6365835 ]
 [ 6.57346936  6.00540024  2.8026166   3.64085834 12.93102841 12.68358722
   2.79120667  1.42007146  2.26652731  2.57964253 10.06597863 11.14478847
   6.95519053  5.12042553  3.70164911  3.21765291  6.24511481  3.81106377
   3.2489849   2.67513026  7.35551452 12.73873117  6.20617913  3.92939315
   3.51226073  6.21874911  6.17355624  0.92816784  4.21416718  4.21006169
   4.76505996  4.03409594  2.17317516  4.26885498 12.72296895]
 [ 2.12667132  4.16315091  9.42336369  6.26215851 14.95187421 16.39318526
   4.5725204   2.58360047  4.6957925   3.09478101 18.09298283 18.60534959
   6.46863332  6.035671    3.20363585  2.37265898  6.35353572  3.52125344
   2.99246963  4.31592213 10.70963824 10.98240152  7.92787618  5.41333793
  19.55311884 16.79507712  1.06006896 19.54347033 11.14243247  9.40422636
   3.00835548  3.24028132  8.30201323  7.06202678  7.45275643]
 [ 8.03772182  8.69435267  9.62798155  8.09953737 25.4101918  33.62051628
   4.69585531  3.57810526  4.09314107  3.94223579  7.72230131 13.21565314
  19.52790001 24.82291733  4.49088169  3.87984006  6.75837486  9.40214431
   4.17803047  4.50841364 22.30633164 29.39299367 11.51524266 21.87906488
   5.7550593   9.07911598  8.40106979  7.39933258  8.00894643 15.42403482
   6.15580171  4.75446133 10.27940007  7.95691679  9.50736476]
 [ 4.13087875 10.14025572  3.6031789  16.3744761   2.83562003  2.94889009
   1.52880636  1.59533535  1.96764315  3.08877321  5.24097124  4.68599783
   3.99807018  3.2368244   1.73055438  1.87579933  2.26680788  3.0163823
   1.6610893   2.66626573 11.63869293  7.70157334  2.18727837  2.02844579
  11.36099685  3.80394571  3.85660487  2.90458732  2.64391907  2.77566268
   2.4436672   2.24709894  6.05115905 27.42846893  4.0551632 ]
 [ 2.38970752  1.39055195  1.29310347  0.28166528  2.50294127  1.457246
   2.16538839  1.76499062  2.43336533  1.78786373  2.04519107  1.36453747
   3.2448211   1.31269402  1.9605513   1.74224732  2.09608013  1.19544724
   1.64593006  2.43862386  0.86305389  1.08026868  2.36096326  1.67153229
   1.82024802  0.32203539  1.60433726  2.05476009  2.38487679  2.25271676
   2.38637289  2.14592638  1.2369696   0.76962388  2.97930732]
 [ 6.29583244  6.8299113   1.81821609  2.13541063  3.64799734  4.1079575
   2.53647425  2.34707055 12.35178337 10.27879913  3.71676673  3.34504592
   2.7196478   5.01644763  3.58930087  3.12645734  2.04778735  4.93967029
   3.76286009  9.81727094  6.36767976  9.4779771   2.63775179  2.74244219
   4.60111638  8.77600055  5.40960727  2.99735194  2.26105424  2.7769274
   2.68677554  2.54171107  7.27213251  7.18243876  7.74435184]
 [ 2.37884798  5.57222049  5.9024399   2.65776951  1.01121321  2.0658297
   0.78669935  1.24324     1.4992469   2.80496287  4.32555194  2.63326828
   1.5450599   2.4930431   0.98258899  1.37047883  1.88272483  4.18698979
   1.16529991  2.12099049  2.42424203  1.92339993  0.97980085  1.32939341
   7.5322564   2.61386846  4.21924964  3.50915132  2.14144901  1.81118495
   1.37958826  1.641248    7.22505241  9.34831529  4.93465518]
 [ 4.2253284   4.96744225  5.18593776  0.68161402  3.25677026  1.62564442
   2.26104986  0.40588906  1.46950461  0.75269316  3.87124774  0.11830208
  17.05478164  2.59075687  1.4896624   0.80244131  3.67761004  0.61943685
   0.84762337  0.72886198 10.61554918  0.27035856  1.09767415  0.67480941
   6.5974433   0.48460205  4.96174103  4.06170882  2.1137605   0.98441272
   3.22180387  1.41401688  5.90182041  2.41173547  2.6603271 ]
 [ 1.84973933  1.81305096  0.16855383  0.13705837  0.69808829  2.23719478
   3.38941911  6.18057564  7.82751706  6.64654068  0.71292517  0.31405948
   2.87827458  2.30875808  2.68885122  2.70490463  0.8986499   0.47989932
   2.54574436  6.76603555  1.3256738   1.66811584  2.03029505  2.22861289
   0.30123972  0.64683748  2.56225303  0.7714956   1.42490849  2.06735399
   2.89318126  2.21656608  0.25085371  0.41237762  2.87442512]
 [ 8.53023905  6.82625853  3.27892585  2.1303435   7.26567376  6.1628597
   3.74647148  2.37636321  2.12085423  1.80879183  4.73412124  3.86918841
   4.94791984  7.26130632  2.64901317  2.39069623  3.2719152   2.34506249
   2.26971063  2.01132173 11.22950219  7.57985653  4.23394942  2.81064983
   6.71282094  7.25857019  8.09303843  5.04001106  3.72317464  3.07937703
   2.91405428  2.8325345   6.61492593  6.909277    6.30065626]
 [ 6.81196958  6.6924914   6.79456953  7.40843974  5.09431715  9.23001834
   5.96499142  6.41486164  8.56466293  5.6175544   7.37513489 10.42240391
   7.15142252  8.30141018  7.19393161  7.20787389  8.19411821  7.63747691
   7.82064264  7.9035438   8.51395267  9.59606709  6.9272393   7.40197815
   6.89811307  8.38153704  6.93894767  8.14439571  4.84955334  9.86567604
   7.51529459  8.68360716  3.29701357  1.41114074  4.99957856]
 [ 3.69457672  3.19824914  3.68170202  2.30670594 14.10628538  5.83627108
   3.50348134  1.41491944  1.11187911  1.13861468  3.26981442  3.75512655
   8.24637163 19.46066698  2.04476191  3.15268399  1.37124522  4.02093617
   1.293275    1.19005683 11.2977978  13.38925343  8.25740553  4.05394936
   3.75386986  3.90171423  3.8915019   1.75473991  2.3546802   3.0691713
   2.46139029  2.28499473  3.82290692  3.22729814  6.68118252]
 [ 1.51066887  2.06636661  2.51190779  2.06797337  3.75489221  1.68334588
   0.93543086  1.09523225  1.03921588  1.22546727  2.07321815  2.18521636
   2.0991612   2.04168922  0.99243697  0.85755057  1.64047494  1.10152738
   0.721964    1.04723941  2.02613191  1.89258559  1.3583282   1.4130717
   1.97911089  2.34065921  1.50701948  1.64526672  1.73442964  1.88603055
   1.1951926   1.046037    1.43747904  1.90548966  2.39687636]
 [ 7.40618251  9.1617716  14.82293077  3.44317949  3.49152225  2.44759131
   2.79818792  1.92184097  1.6056195   1.97680455 16.76261794  7.69102856
   3.0008432   3.36015595  2.00285691  2.35277798  6.6400896   4.02941086
   2.03512977  1.85608045  5.37378277  2.53430008  3.09897609  1.85723071
  15.50668214  9.56323585  7.76832427 11.4108925   6.45000894  4.17758823
   2.50199167  2.96932638  6.81367109  9.44728555  9.5184914 ]
 [ 7.00116527  9.15739412 12.08821394  6.80662874 10.81660904 14.5428094
   4.65280849  4.95509336  6.16175938  9.05403191  8.00470372  7.12834176
  11.87468598 12.48680945  2.83682796  4.46751107  2.66360942  7.26705292
   3.19029935  8.99591061 14.91919987 18.17763666  5.79761393 14.05449248
   7.63719039  7.44245141  4.40238628  4.72843208  5.30702485  5.6897781
   3.4208231   3.86697471  8.29935815  8.84404205  8.37646433]
 [ 2.57442224  3.18183416  0.98301646  4.00970147  4.14845139  2.50192955
   4.11790272  2.75267014  4.80469514  3.3890554   1.8797031   4.4958844
   2.77154315  3.8932711   3.23689861  2.72880833  2.86965088  2.16374189
   2.39081544  4.77854911  1.87664553  3.61248218  3.30807483  3.52764169
   2.15192327  3.99898472  2.8283605   2.9820541   2.2521913   4.15855002
   2.93434761  2.90813844  3.26611784  1.62856984  2.96429853]
 [ 3.57929952  3.79396287  2.72215302  2.76134874  2.13578787  5.76863803
   1.4200176   2.167671    2.17728893  2.89029204  2.29166833  2.57343516
   1.81987836  4.6291981   2.26213003  2.39888806  2.15476557  3.71513551
   1.5497329   2.49452983  2.92215366  5.71229294  1.57209646  6.29173195
   2.68391118  3.42748448  3.49102217  2.64972237  2.1147864   2.77297758
   1.84732682  1.63228594  3.72949911  3.67489529  3.93612778]
 [ 4.10674185  4.62980895  3.01811881  3.29905476  4.21879557  2.19838621
   2.27683047  2.22239999  2.60470701  2.71962247  3.718088    3.46152648
   3.03098284  3.09157473  2.0096245   2.244717    3.51576588  3.49954822
   2.25932832  2.89474595  2.8094483   4.24081407  2.27097295  2.09321427
   3.99062619  4.04937936  3.54186032  3.85920633  3.57640269  3.49668143
   2.42788994  2.58862251  4.9297908   3.32016728  4.99454661]]