[[ 6.34232859  3.46522701  3.15554444  6.60426585 23.08066078 13.39627776
  58.84678421 66.14343182 70.03361331 73.05541897  4.71443721  9.67077187
  24.28177973 29.73459865 58.61546146 61.11913332  9.20624525 19.97709887
  47.75469713 72.68563284  2.35280818 14.64154497 46.04400562 52.64014291
   1.50762271  1.36510753  4.9345495   3.15874787 11.1378513  11.4140075
  43.85847106 39.71488746  1.21023946  1.00017388 11.89911636]
 [ 5.8884714   6.43058275  6.00515152  4.53524408  8.34153336  6.43763269
  14.1607946  18.93039637 25.02012015 21.10613344  5.74867184  3.87028175
  11.95373182 14.88135579 13.89636956 15.3122897   5.60866021 13.84402007
  10.69660612 19.64513687  5.92389637  5.24177587 11.92853144 12.0675274
   5.16901117  4.57966759  5.70019215  4.95335335  7.42192619  6.02248911
  13.38197929 13.51724187  3.47174962  3.33553696 14.94899603]
 [ 9.02854284  8.44262682  2.52192955  3.32675279  9.36240789 16.63290715
  21.37962037 14.71279057 48.06249787 49.96456654  5.16755173  5.36859758
  12.93256947 23.3254192  21.58347004 33.59465571  9.08174622  3.94823482
  24.70574809 47.55652004  8.94772237 11.22999096 14.37770326 30.1228538
   3.5264259   5.42593149 10.68983016  1.3722009   9.33951968  7.81008981
  16.65289896 25.02484899  3.28897565  4.10398213 12.03240524]
 [ 0.91403852  2.78964712 19.74839957 19.74198353 24.16081113 25.61287622
  44.44108105 50.29351208 50.46993118 52.84108096 18.23050148 17.47250675
  29.99200285 36.59300482 45.18536389 49.23433913 25.49153191 39.25945877
  44.65160453 49.44049084 26.91656059 25.61279132 35.61321985 41.42651473
  11.03456115 14.50103977  1.05098489 12.28112076 25.45289397 29.08053637
  46.9823051  41.70763397  2.53963624  2.63250389 22.18278332]
 [ 6.93052563  6.92141007  6.76147757  7.29256749 10.47052115 10.90310458
  29.02958511 31.30848762 31.47223986 28.44689838  9.5683951  10.0812241
  14.12770229 18.43861627 31.12495873 32.4786545  11.89903534 14.48830079
  29.64227781 28.42315281  8.03344911  9.36143923 21.59936765 21.10243468
   7.6739269   8.35902531  7.08026532  8.77613503 13.25100424 12.68740283
  28.59526666 33.58362708  6.68594758  4.7444898  10.02014649]
 [ 9.88170642  8.08267376  7.19226245  5.88433179  8.62063824 10.59532821
  20.56512081 33.13430384 33.87608776 26.34551516  8.29426301  8.90780665
   9.37958295 11.99066956 20.09294034 20.13745515  9.49139545 18.59213435
  17.82217411 26.36349844  6.39209198  8.09841127 12.77559398 17.16169936
   7.84945217  6.04351046  9.69130393  9.76129607  7.96557118  9.19192605
  13.8069409  12.1261625   5.16588777  5.7255223   8.12505772]
 [ 4.65734126  2.88604354  3.92246685  1.26586153 10.85671717  5.82521907
  21.4533616  23.08358088 30.27571996 29.22591379  7.50961674  5.24324592
  10.16476833  6.24797185 22.12865495 29.75679293  7.42894408  2.31726314
  29.4510961  31.43773664  3.12025755  4.62507164 15.4086723  15.28994979
   4.53215274  0.79025998  3.16468047  5.39325683  9.45030234  9.84339575
  18.7429351  24.62821803  1.62574494  1.07477502  6.19377697]
 [ 6.68210512  7.38670779  2.58196729  4.1120528   9.37782788 13.43167534
  21.52323455 34.69614067 26.09772004 27.23702792  6.0390663   6.99974874
   9.77617014 15.5278517  19.65932632 25.42364343  3.45631652 17.72808422
  13.78918769 24.58008474  7.95372967  9.91252269 16.03737768 21.59539829
   6.72873866  6.81516635  6.49076816  4.53007075  4.95203646  6.17005224
  16.74866167 13.60859695  5.00985051  5.0823402   8.92763533]
 [23.90347613 20.05761573 21.2146097  17.28498843 29.58647929 29.66291079
  38.6398127  48.97847845 46.96101866 43.14309249 22.10881335 19.18950669
  26.29221181 23.45940746 30.38234195 36.38887735 14.89105522 15.81996769
  28.82079446 42.89734734 26.18414905 17.68564805 32.86604424 34.57859033
  19.56076517 12.98669215 19.55195561 20.45734444 19.11764985 14.99875596
  24.05275122 28.65588159  6.15153832  8.94020865 20.81159337]
 [ 9.35930773 11.69754073  9.23306598  2.38707545 10.68007228 13.0641312
  40.12519087 17.93855247 53.05800646 39.20336114  6.71056862  0.52859912
   8.68919969 12.12230248 42.86154373 43.4454782  12.2371291   2.18601738
  31.63418041 27.07339945  2.33566341  0.766522   11.10484144  9.38143132
  10.18855415  1.45077352 11.60192309 10.26679769  9.70641638  3.16429015
  31.56515345 30.9858552  13.57917626  4.86839709  5.87447129]
 [ 4.78346102  2.67659417  0.56632815  0.37712528  3.96545814  9.40590035
  14.16460795 15.8127089  15.14526183 18.10536815  1.73953628  0.78365894
  12.50740669 11.40253463 15.06696087 15.80585981  2.71580386  0.89547916
  15.81676367 15.26819903  4.23319671  5.13541262 11.11171246 11.70985391
   0.53048598  1.0274524   4.69464496  1.74841327  5.57373502  6.64087029
  15.7683109  10.50930699  0.33434085  0.39234537  3.95432602]
 [10.08300676 10.58744708  7.69058446  5.8944865  11.09246317 10.21790183
  21.94296029 22.67282302 25.96602055 30.09252131 10.02003519  9.82018184
   9.62051471 11.96087882 16.21567529 18.72406946 10.01512145 15.21262575
  15.54428862 25.27322206  8.8299508   8.69917234 13.00920099 12.20647718
  10.64818435  9.30308791  9.81623324 10.53493355 11.77369266  9.35479356
  12.77545416 14.54155611  8.62632302 10.57331544  9.76715674]
 [ 9.47609863  9.12897396 13.57835678 10.75607037 15.1339252  20.76884079
  40.24842336 37.60664085 41.83889201 42.0323332  10.47038155 10.92228939
  20.8817962  19.7396669  35.20143646 32.2483605  11.56918227 21.4463557
  20.78946744 34.90606195 17.18952881 14.49285435 27.74826965 26.06099559
   9.45452337  9.82956051  9.66053008 11.55803957  8.56174786 12.7969908
  23.49056696 21.10600709  6.93795647  2.15580919  5.97061699]
 [28.22028779 27.45375088 29.63414807 27.48431117 21.8863395  26.71924566
  40.23366698 37.74981435 43.55783613 44.74400665 29.70549347 28.16074393
  30.76679555 24.2147879  44.14105349 44.08796653 19.5673297  27.95712285
  41.89482684 42.01925495 26.88626121 23.47048476 33.13435997 31.86887365
  27.47498971 27.12938329 26.58479157 21.97780935 25.1690098  23.27842906
  39.01402084 48.8537459  11.36070818  8.4324601  10.96855873]
 [ 6.62371894 11.20323084 20.97512091 23.54864981 31.90469157 29.04747194
  49.2887351  48.56053814 59.59129323 58.44304752 24.57592003 23.25374579
  33.97962052 33.94934378 51.35047689 54.71349567 21.33343514 52.27473559
  51.02024372 57.38508054 25.49637428 25.47440704 41.85585454 41.85741885
  12.67002622 16.06325162  7.7958246  13.17195362 25.09481652 24.69295898
  45.75098849 48.8940794   3.53856217  4.22305602  9.91260051]
 [ 6.44886592  6.97005472  5.19881298  7.45210122  8.01874241 10.20087937
  14.50318421 17.39684146 21.8840481  17.92580898  6.20528027  7.16770652
   9.81050696 11.84482548 14.14581368 14.80648831  7.20913443  8.2939683
  11.51065964 17.60333286  7.57362949  4.94046736 11.23404498 10.32890138
   5.38446201  6.17919159  6.86122362  6.93056018  7.01502576  7.85298113
  12.07518909 10.94317463  5.87476515  6.41914105  6.3153806 ]
 [ 7.13499685  8.47236005  7.31640669  8.71624506 15.38946745 13.04863567
  37.75969059 43.09912975 50.61907495 43.06598108 10.18244144  8.92563628
  11.49881601 10.05278006 38.56207133 35.83222651  7.88634001 31.54752794
  28.92701893 43.46193212  9.72029329  7.23724658 23.82661252 18.22945956
   7.82903323  6.43432366  4.6777249   8.56589111  9.40590008  9.75624513
  21.66825074 22.85791652  5.84871295  6.15963761  6.62583343]
 [ 8.91393333 11.23162821  3.73888361 11.95078953  8.25801576 10.77436823
  19.59684964 39.38914209 29.62095052 35.05939453  6.15725638 12.34640449
  12.19291698 19.21637987 21.40923028 32.97868574  8.86892443 10.81291189
  18.99338375 26.08991075  6.13532003 11.59244092 16.00512401 25.6243839
   7.71620713 12.25304791  9.70580284  9.68003152  7.06302229 11.15603652
  16.00389332 21.10257425 10.9633849   5.63752779 10.51555666]
 [ 5.2301525   5.56981847  6.04446413  7.66343455  8.77971954  7.8188062
  12.74471203 14.05767747 18.79933645 19.53824978  6.01466012  6.44914356
  12.63900878 12.07960035 17.19082736 19.41331895  6.30831784  9.28610772
  21.03952349 19.45268889  8.16038448  8.77988134 12.33311422 10.06628406
   5.18822526  5.84717524  5.49181792  5.3945963   8.35209172  9.13627198
  18.63665249 18.39319798  6.73892977  4.82047763  8.21166113]
 [ 7.22014848  6.77490028  9.44019299  7.77363701 20.75001832 19.77303763
  36.17059716 34.59649826 42.2410558  41.23233401  8.30632609  6.91820045
  26.08336458 38.6257379  33.24551856 33.56830527  6.56583451 11.90173923
  21.83473176 34.80161463 16.39739781 13.78555173 30.32718699 27.23947548
   6.89425523  6.95222254  6.83817774  6.65889566  9.02425675  7.88285255
  26.41134697 33.82100422  6.21043617  6.20244491 11.40214276]]