[[3.19802533e+00 5.46519309e+00 2.38198725e+00 2.81220489e+00
  2.96261594e+00 2.11233850e+00 1.51804003e+00 1.72390518e+00
  1.65775877e+00 1.48104511e+00 7.85895260e-01 1.16907390e+00
  7.91081285e-01 5.40050314e-01 8.95683282e-01 8.04720785e-01
  6.04742700e-01 1.02640822e-29 5.14246530e-01 1.50472489e+00
  1.72005433e+00 1.47298806e+00 1.44027182e+00 1.16392704e+00
  1.67147482e+00 3.16697605e+00 3.64068657e+00 1.00819344e+00
  2.68394119e-01 3.41623396e-01 3.22856837e-01 2.40187805e-01
  3.19357253e+00 1.90591521e+00 1.53710215e+00]
 [5.22262082e+01 6.37698462e+01 8.74118809e+00 8.06308537e+00
  5.57597980e+00 1.45697560e+01 1.22479831e+00 2.52614546e+00
  2.07890029e+00 4.24959938e+00 1.23585503e+01 2.13300057e+01
  5.46977849e-01 1.69020418e+00 6.58946416e-01 9.57450843e-01
  3.05083326e+00 8.53500696e-30 5.52394229e-01 3.32453871e+00
  3.96533278e+00 6.42602511e+00 7.14719085e-01 1.20847636e+00
  2.93488050e+01 3.31984598e+01 5.14271195e+01 2.26590134e+01
  1.20967025e+00 1.53662987e+00 3.03244053e-01 3.53448203e-01
  6.26229793e+01 7.01392844e+01 1.09858753e+00]
 [1.64331101e+01 1.38236815e+01 3.67793562e+00 3.65452865e+00
  8.81198696e+00 2.86771789e+00 1.60041985e+00 1.86029171e+00
  1.99937679e+00 1.59281890e+00 2.90125570e+00 2.18487046e+00
  5.40256703e-01 5.71077939e-01 9.33037290e-01 7.88940528e-01
  9.12925357e-01 1.02366554e-29 5.94471238e-01 1.77924274e+00
  1.36940158e+00 2.30959342e+00 8.74967670e-01 9.90395216e-01
  5.97620237e+00 7.77423048e+00 1.26663728e+01 3.89795979e+00
  3.66425143e-01 3.07053473e-01 4.53898647e-01 3.14286704e-01
  1.43274916e+01 8.71563649e+00 4.12829683e+00]
 [4.70195300e+01 3.19530687e+01 4.94714342e+00 4.30339595e+00
  8.91667531e+00 2.83204116e+01 3.18900365e+00 2.97104761e+00
  6.35146039e+00 5.28305237e+00 5.63903617e+00 9.36006384e+00
  5.54185187e-01 6.20849752e-01 1.05809091e+00 1.05016214e+00
  1.18468802e+00 6.23094309e-30 6.56172796e-01 5.38058242e+00
  1.94885232e+00 1.91982624e+00 2.18981764e+00 2.25062235e+00
  3.07961161e+01 5.96674687e+00 1.91763504e+01 1.21438905e+01
  7.39581560e-01 5.59774101e-01 3.06130107e-01 2.92283309e-01
  2.97438628e+01 1.78945184e+01 2.74805235e+00]
 [4.85153979e+01 6.53703199e+01 6.75634026e+00 4.92920570e+00
  4.85422404e+01 1.24066427e+01 3.11147592e+00 2.44529310e+00
  6.93188871e+00 3.34892964e+00 3.33873594e+00 3.00257899e+00
  3.44119646e+00 6.67002163e-01 1.89969594e+00 1.32094095e+00
  2.70785741e+00 1.27933825e-29 8.18672241e-01 5.39631933e+00
  5.86350235e+00 1.78546550e+00 1.18936275e+01 2.43829991e+00
  1.25971951e+01 1.24533609e+01 4.24392935e+01 9.51615767e+00
  8.95525795e-01 7.13818473e-01 7.03352030e-01 3.85959304e-01
  3.87278532e+01 5.63763608e+01 3.14585369e+00]
 [9.50886315e+00 1.77934974e+01 1.09774414e+01 1.62190963e+01
  3.37277797e+01 3.19726538e+00 5.45720014e+00 1.55384053e+00
  5.11224520e+00 3.25904217e+00 3.43434670e+00 2.30469741e+00
  7.37775573e+00 7.00810205e-01 2.79348562e+00 8.37576274e-01
  9.14620680e-01 2.70361057e-29 6.01364894e-01 4.19613538e+00
  1.89650851e+01 4.43247286e+00 1.76256261e+01 1.07657253e+00
  1.14339865e+01 5.60639505e+00 7.73743504e+00 2.45449136e+00
  6.38249422e-01 4.62323567e-01 8.12881852e-01 3.00945738e-01
  2.23419175e+01 1.90321240e+01 3.24689885e+00]
 [6.13043221e+00 6.99136867e+00 2.10660936e+00 3.08831277e+00
  4.88296750e+00 4.37737456e+00 3.20006809e+00 1.78449488e+00
  4.42909348e+00 3.08572217e+00 9.67184254e-01 1.50078343e+00
  8.14996201e-01 8.33162835e-01 1.27693615e+00 1.06293777e+00
  8.98474165e-01 2.99489262e-30 8.94794515e-01 3.71083243e+00
  1.38926658e+00 1.64767036e+00 1.43034113e+00 1.12382204e+00
  2.25031336e+00 3.20098256e+00 5.95047812e+00 2.02324335e+00
  5.62300996e-01 6.19412425e-01 6.08691334e-01 4.42055917e-01
  1.04411730e+01 1.00800904e+01 7.84378150e+00]
 [1.68994192e+01 2.81835667e+01 4.46789339e+00 4.22541214e+00
  5.71018973e+00 1.45793034e+01 6.47242166e+00 6.80215346e+00
  1.69161850e+01 1.93766271e+01 4.48448156e+00 7.96331662e+00
  8.69534776e-01 7.22532276e-01 1.64934561e+00 1.98752802e+00
  1.44480455e+00 9.28462519e-30 1.05094260e+00 1.52229101e+01
  2.04430527e+00 2.22197183e+00 1.86749534e+00 2.76848956e+00
  1.41288628e+01 1.26675881e+01 1.83949030e+01 6.84738143e+00
  4.18262401e-01 5.01603103e-01 4.66731272e-01 4.84965915e-01
  2.42933688e+01 1.52664825e+01 1.03037898e+01]
 [2.46736628e+01 2.25564952e+01 1.02033075e+01 3.22340154e+00
  5.03633066e+01 2.61538074e+01 3.08064314e+00 2.66480998e+00
  1.83310733e+00 2.15412733e+00 2.36049644e+00 1.57284719e+00
  6.97681670e-01 7.11092270e-01 8.68235281e-01 5.91803950e-01
  1.36654567e+00 2.90621849e-30 3.79552894e-01 1.90795579e+00
  1.88324448e+00 1.78560179e+00 1.65286823e+00 1.86789249e+00
  8.59499460e+00 5.04984602e+00 1.80167648e+01 4.94696949e+00
  4.40974167e-01 4.08333933e-01 3.20891885e-01 2.14557451e-01
  1.66136096e+01 2.90662683e+01 1.51272609e+00]
 [1.10531621e+01 7.98265284e+00 6.94023937e+00 2.44360166e+00
  6.82290926e+00 2.07463211e+00 1.71972356e+00 1.94526912e+00
  2.79674788e+00 2.38062192e+00 4.41943324e+00 1.59134244e+00
  4.00219568e+00 8.50817338e-01 1.02047431e+00 9.43313469e-01
  1.10178559e+00 5.05349883e-30 6.28346995e-01 2.44139819e+00
  9.30602118e+00 1.54090831e+00 1.64980571e+00 1.32354506e+00
  1.68317778e+01 3.33318406e+00 4.71496188e+00 3.38920759e+00
  7.29295389e-01 3.52835027e-01 4.87547988e-01 3.22647198e-01
  3.71187172e+00 5.00277531e+00 8.87672882e+00]
 [2.50902185e+00 2.52511424e+01 2.59312302e+00 4.62104086e+00
  1.56108146e+00 2.43842352e+00 2.35769887e+00 7.64860699e+00
  3.92202293e+00 4.92581457e+00 1.95234899e+00 7.93260528e+00
  5.72418899e-01 9.02101258e-01 1.06802910e+00 1.20516996e+00
  8.47359202e-01 1.09389811e-30 5.61922903e-01 3.50731024e+00
  1.87052184e+00 6.78016622e+00 1.07670429e+00 1.34263197e+00
  5.20469286e+00 2.58965530e+01 6.46352245e+00 3.44608951e+00
  3.73687791e-01 7.50898655e-01 3.78841855e-01 4.07507330e-01
  4.07290199e+00 1.89045210e+01 2.57047414e+00]
 [4.62817763e+01 3.66629079e+01 5.86718747e+00 7.76494640e+00
  1.77315196e+01 1.13687678e+01 3.15470952e+00 2.23676198e+00
  3.31992838e+00 3.58765929e+00 3.12033760e+00 3.65887716e+00
  1.01499530e+00 7.24992858e-01 1.39835793e+00 1.23620764e+00
  2.42942814e+00 6.95588078e-30 8.41546705e-01 3.20398121e+00
  3.82402800e+00 2.00062269e+00 1.80946968e+00 1.62519709e+00
  1.28041109e+01 1.33774732e+01 4.35613076e+01 7.68772915e+00
  7.86470342e-01 7.85387278e-01 5.41513069e-01 4.24208738e-01
  2.51608424e+01 3.11251850e+01 2.99626162e+00]
 [1.56049470e+00 2.66524696e+00 2.51466029e+00 2.90424131e+00
  2.62871648e+00 2.37228663e+00 3.20951501e+00 3.08594088e+00
  5.02126491e+00 5.52837868e+00 1.19053871e+00 1.60712136e+00
  1.01723547e+00 7.23452430e-01 2.03614938e+00 1.52817912e+00
  7.56460466e-01 4.46555742e-29 1.25604577e+00 5.05377795e+00
  1.61725923e+00 1.84829381e+00 2.05556181e+00 1.71433875e+00
  1.44482204e+00 1.87497337e+00 2.13024443e+00 1.12626927e+00
  4.91902608e-01 5.52442176e-01 8.61863823e-01 4.93455519e-01
  3.63723245e+00 3.79604014e+00 5.98695928e+00]
 [3.48739385e+00 2.75942214e+00 2.14067900e+00 2.94640555e+00
  1.74942884e+00 2.51333748e+00 1.85225116e+00 1.94683590e+00
  4.37742065e+00 4.80195509e+00 1.08839570e+00 2.10960079e+00
  6.01755359e-01 7.92154331e-01 1.10186304e+00 1.13244262e+00
  9.54774364e-01 4.48671520e-30 7.31127629e-01 3.79535639e+00
  1.49153657e+00 1.55184819e+00 1.05392227e+00 1.38853903e+00
  2.26841103e+00 2.85074347e+00 3.64209371e+00 1.45449536e+00
  5.21764946e-01 6.52638002e-01 4.01148215e-01 4.11265902e-01
  4.59071989e+00 2.33911762e+00 9.79737193e+00]
 [1.90706492e+01 1.65094525e+01 5.51725719e+00 3.86877571e+00
  1.28257449e+01 2.00452867e+00 2.04781270e+00 2.82515842e+00
  4.37437180e+00 2.24369637e+00 1.24567667e+00 1.47826798e+00
  5.10835088e-01 4.41536603e-01 1.03948428e+00 7.03640174e-01
  1.11105728e+00 5.12160573e-30 4.47949317e-01 2.94165427e+00
  1.89903921e+00 1.32873443e+00 1.23405321e+00 1.02996380e+00
  6.92070403e+00 8.43743186e+00 1.61815127e+01 4.06729656e+00
  3.99653890e-01 4.15409093e-01 3.55086825e-01 2.17715009e-01
  1.38066098e+01 6.35692706e+00 7.31249098e+00]
 [6.51394482e+00 1.40718697e+01 1.92096673e+00 2.33127624e+00
  2.52598147e+00 4.89156044e+00 3.14780730e+00 1.39879474e+00
  1.11144006e+00 1.20435170e+00 2.12078046e+00 2.19053382e+00
  4.28788218e-01 4.98893143e-01 5.92883639e-01 6.07968276e-01
  1.11609027e+00 6.62958617e-30 3.11643941e-01 1.13088128e+00
  1.62974762e+00 3.81170638e+00 1.54906857e+00 9.32859983e-01
  3.78683765e+00 8.67506997e+00 8.69877939e+00 4.19954509e+00
  3.79376909e-01 3.42494156e-01 2.28977027e-01 2.31468819e-01
  7.04777561e+00 9.65393951e+00 1.20542078e+01]
 [5.15835219e+00 5.25225614e+00 3.19759952e+00 2.41688805e+00
  4.61693496e+00 8.19942766e+00 3.33065327e+00 2.55400376e+00
  4.72615133e+00 3.90580970e+00 2.77969588e+00 1.90231816e+00
  1.83317112e+00 9.97990078e-01 1.19588893e+00 9.41803510e-01
  6.77378325e-01 2.43971775e-30 5.08152258e-01 4.78790949e+00
  3.06320297e+00 2.51879098e+00 2.29303232e+00 2.57781039e+00
  1.49290015e+01 5.64648071e+00 7.90239453e+00 1.17816190e+00
  6.85799701e-01 4.18324458e-01 4.04054101e-01 3.21338487e-01
  3.46766975e+00 3.61333425e+00 1.74788846e+00]
 [9.63250925e+01 9.93459772e+01 5.37043019e+00 9.41792757e+00
  3.64821551e+00 3.68575280e+00 2.20836513e+00 3.50423204e+00
  3.44023732e+00 6.67324224e+00 2.99929751e+00 6.41133815e+00
  6.25017982e-01 8.48365154e-01 1.17593059e+00 1.65646512e+00
  3.39489906e+00 4.36137976e-30 8.81938064e-01 5.11653907e+00
  1.68756537e+00 2.46474145e+00 1.28988928e+00 1.86373585e+00
  1.65795906e+01 2.27406472e+01 5.81373502e+01 1.57642184e+01
  8.29201708e-01 9.40794024e-01 5.47648690e-01 5.70532773e-01
  7.58151914e+01 4.66659497e+01 2.16923073e+00]
 [8.88843929e+00 1.90892039e+01 1.22566097e+00 1.54548846e+00
  2.17059012e+00 4.20643848e+00 1.84521213e+00 2.26853347e+00
  2.53204320e+00 4.47670836e+00 7.59138115e-01 1.17529579e+00
  2.78711081e-01 2.88780857e-01 5.38498084e-01 7.95867187e-01
  5.80901383e-01 3.04302562e-30 3.89476628e-01 3.39690199e+00
  7.32507789e-01 7.36876696e-01 5.91180348e-01 6.43072765e-01
  2.45979835e+00 3.63407752e+00 8.19334990e+00 1.83992930e+00
  2.10258136e-01 2.47809695e-01 2.15674388e-01 1.79440703e-01
  4.09587128e+00 6.02914760e+00 9.40183581e+00]
 [1.94000616e+01 3.94864397e+01 7.60616768e+00 7.07775683e+00
  6.25353020e+00 2.33811256e+01 3.81157159e+00 5.01465407e+00
  4.86391119e+00 5.82971443e+00 2.39858257e+00 3.67419031e+00
  1.47710247e+00 1.60552920e+00 1.59152124e+00 1.76560872e+00
  1.77611130e+00 5.19240494e-29 9.67450634e-01 4.89890335e+00
  7.14637207e+00 3.70775882e+00 2.14118058e+00 5.19194084e+00
  6.08235968e+00 1.25725175e+01 2.45719772e+01 5.88799184e+00
  7.44948927e-01 8.44491782e-01 6.80479788e-01 5.25181782e-01
  1.06173743e+01 9.39741237e+00 6.38077272e+00]]