[[1.18600275e+01 1.57592631e+01 8.37820167e+00 8.03142657e+00
  9.16174425e+00 1.05585144e+01 1.30336443e+01 2.04410373e+01
  1.94644246e+01 1.45467100e+01 3.18535070e+00 3.77912828e+00
  2.72053578e+00 3.18758099e+00 7.36796413e+00 8.31934952e+00
  2.29297928e+00 5.18490626e-29 4.62682337e+00 1.53287144e+01
  5.34822935e+00 5.44389857e+00 6.68807666e+00 9.51325697e+00
  6.64442051e+00 8.84950211e+00 1.19934978e+01 3.84427879e+00
  1.17385647e+00 1.15096656e+00 2.16938543e+00 2.17286872e+00
  8.09186940e+00 4.16975038e+00 4.85609662e+00]
 [5.71399990e+01 7.72385733e+01 1.38829193e+01 1.36591191e+01
  8.23497796e+00 1.83651084e+01 4.17952139e+00 6.30678262e+00
  6.17604290e+00 7.41795064e+00 1.63169816e+01 2.97413198e+01
  1.47542833e+00 3.03721264e+00 2.42190439e+00 2.84340881e+00
  4.16458213e+00 1.38281210e-29 1.66710881e+00 6.61521857e+00
  7.09017033e+00 1.05381853e+01 2.55720116e+00 3.23687456e+00
  4.29701183e+01 5.04870495e+01 6.02179094e+01 3.01114847e+01
  2.09184147e+00 2.94979977e+00 9.40112762e-01 9.92912911e-01
  4.94435765e+01 6.48612573e+01 1.63646968e+00]
 [7.40936840e+01 6.84992611e+01 1.52328553e+01 1.40939938e+01
  1.78935661e+01 9.55321851e+00 1.06923655e+01 1.17602208e+01
  1.39590242e+01 1.26014741e+01 1.61846427e+01 6.62496974e+00
  3.58198601e+00 3.33000443e+00 7.50893895e+00 6.49729814e+00
  4.34411807e+00 5.90071010e-29 5.22313731e+00 1.25013349e+01
  6.38340076e+00 7.07126474e+00 6.89443527e+00 6.58605698e+00
  2.78151064e+01 3.74064854e+01 6.20658804e+01 1.84972795e+01
  2.34421464e+00 2.03376452e+00 3.49068273e+00 2.31791745e+00
  7.10461437e+01 4.28723420e+01 3.17059605e+01]
 [7.22839970e+01 5.23835264e+01 1.64959315e+01 1.57437835e+01
  2.31431231e+01 5.19663362e+01 2.07753468e+01 2.38740761e+01
  3.21532266e+01 2.95863725e+01 1.36291172e+01 1.58027222e+01
  3.26119404e+00 3.53069529e+00 9.64008311e+00 1.08814401e+01
  4.28189657e+00 1.48096296e-29 5.83006316e+00 2.59010006e+01
  8.40052541e+00 9.29315824e+00 1.08184380e+01 1.18734306e+01
  5.22960976e+01 1.63008387e+01 3.26880978e+01 1.94137896e+01
  3.20522164e+00 2.68729940e+00 2.67361055e+00 2.55218317e+00
  4.39783155e+01 2.51789209e+01 5.30283461e+00]
 [1.05723471e+02 1.43170738e+02 1.60181795e+01 1.21570583e+01
  4.07552691e+01 1.84067301e+01 1.57769790e+01 1.75430323e+01
  2.35307113e+01 1.72330555e+01 7.81433733e+00 7.89908386e+00
  4.81736937e+00 3.09339355e+00 9.40562775e+00 1.04434459e+01
  6.64492281e+00 2.24136673e-29 4.96285165e+00 1.85400433e+01
  8.92978109e+00 5.44424704e+00 1.38075253e+01 8.93998071e+00
  2.79533162e+01 2.87618894e+01 9.44524851e+01 2.18365386e+01
  2.39121611e+00 2.12189381e+00 2.84956560e+00 2.41777429e+00
  7.88510043e+01 1.26913541e+02 5.89749074e+00]
 [1.64378088e+01 2.54958283e+01 1.35543075e+01 1.44668596e+01
  3.03471269e+01 4.37651679e+00 7.97162183e+00 7.25416541e+00
  1.15748419e+01 7.83601863e+00 4.34740030e+00 3.76049071e+00
  8.05241430e+00 1.76374459e+00 5.37994015e+00 3.09782946e+00
  1.96487212e+00 5.56380220e-29 2.10238844e+00 8.78097013e+00
  2.50491836e+01 7.60565448e+00 1.58199116e+01 3.37791919e+00
  1.48497211e+01 8.93206476e+00 1.51171038e+01 4.77866769e+00
  1.36658496e+00 1.13371461e+00 1.93441475e+00 9.48079598e-01
  2.31036983e+01 1.68083839e+01 3.17361114e+00]
 [1.94239888e+01 2.16501103e+01 9.87781698e+00 1.37681395e+01
  1.53474192e+01 1.38633454e+01 1.79811288e+01 1.51511200e+01
  2.31740021e+01 2.18541205e+01 6.43294691e+00 9.06795051e+00
  5.71030818e+00 4.75693472e+00 1.19037704e+01 1.05295253e+01
  5.14378994e+00 2.01965349e-29 9.09865307e+00 2.17728355e+01
  8.23079190e+00 9.12361426e+00 1.14834054e+01 9.51598921e+00
  8.61654153e+00 1.28526343e+01 1.83413598e+01 8.24813236e+00
  4.34612689e+00 4.49829970e+00 5.47679757e+00 3.87389094e+00
  2.69562504e+01 2.99843771e+01 1.54269780e+01]
 [2.32118038e+01 3.94537085e+01 7.92240570e+00 7.63933709e+00
  9.10980039e+00 1.85766145e+01 1.35167899e+01 2.00282437e+01
  2.45616006e+01 2.53863999e+01 6.30560462e+00 1.00289254e+01
  2.85218241e+00 1.83334971e+00 5.81178512e+00 6.38867922e+00
  2.71873531e+00 1.50793070e-29 3.46218552e+00 2.20068989e+01
  3.94155112e+00 3.84398889e+00 5.05514906e+00 5.92434207e+00
  1.91596109e+01 1.79409055e+01 2.49543439e+01 9.17502466e+00
  1.13842941e+00 1.13271120e+00 1.90208719e+00 1.56529715e+00
  3.45822075e+01 2.10419337e+01 1.58760774e+01]
 [4.30840646e+01 3.87196903e+01 1.90312096e+01 1.01029280e+01
  6.99437773e+01 4.95521831e+01 9.56955558e+00 1.01721069e+01
  9.84415052e+00 1.11643994e+01 6.07382504e+00 5.40184439e+00
  3.31915975e+00 2.83114868e+00 5.06580491e+00 4.41270718e+00
  3.87172461e+00 8.25274712e-30 3.06807213e+00 1.01831357e+01
  5.79875872e+00 6.71748755e+00 6.21513611e+00 6.34102671e+00
  1.67443143e+01 1.12674163e+01 3.15046918e+01 9.77723597e+00
  1.72731230e+00 1.88342019e+00 2.20506313e+00 1.50249119e+00
  2.48145352e+01 3.89537384e+01 3.17280864e+00]
 [1.66732175e+01 1.04052546e+01 1.05036474e+01 4.16226714e+00
  6.76659404e+00 4.33577970e+00 6.20881086e+00 6.94620232e+00
  9.09403095e+00 8.32092218e+00 6.15000928e+00 3.89914354e+00
  3.46285374e+00 1.62144869e+00 3.67904989e+00 3.57139420e+00
  1.98015454e+00 1.10977074e-29 2.30169214e+00 8.01018591e+00
  1.06786509e+01 2.60799284e+00 3.36870314e+00 3.54202108e+00
  2.49373024e+01 5.04892591e+00 7.10371354e+00 5.23872710e+00
  1.34475065e+00 9.82489901e-01 1.26974179e+00 1.06842553e+00
  6.12668820e+00 6.78015812e+00 1.25875304e+01]
 [8.52040097e+00 5.22757475e+01 9.46600393e+00 1.26348966e+01
  8.27817720e+00 8.66328979e+00 1.10536505e+01 1.67561059e+01
  1.65790779e+01 1.68237656e+01 6.28559849e+00 1.62456179e+01
  4.17485471e+00 4.64257066e+00 7.67632056e+00 6.89279982e+00
  3.63869297e+00 2.48121555e-30 4.54166983e+00 1.47209037e+01
  6.92046273e+00 1.64476971e+01 7.25106243e+00 7.04717857e+00
  1.10989475e+01 4.94219404e+01 1.58075908e+01 8.52862373e+00
  1.99927232e+00 2.53478204e+00 3.06705508e+00 2.92895188e+00
  7.72562991e+00 3.48651180e+01 6.11700973e+00]
 [7.61686205e+01 6.03389164e+01 1.44950170e+01 1.64222110e+01
  3.11696587e+01 2.31158738e+01 1.54941872e+01 1.33123909e+01
  2.70362798e+01 2.48911165e+01 8.02695725e+00 8.46047090e+00
  5.16504869e+00 3.93653344e+00 1.05567100e+01 8.35103437e+00
  6.16342427e+00 2.38868191e-29 6.16930744e+00 2.30138158e+01
  9.72963542e+00 7.09807460e+00 9.35439758e+00 7.83066411e+00
  2.46980217e+01 2.37226362e+01 7.11696233e+01 1.54230795e+01
  3.06110091e+00 2.80290262e+00 3.89393723e+00 2.60254292e+00
  5.82188487e+01 5.30283997e+01 8.63446382e+00]
 [5.90212504e+00 1.03287541e+01 1.10233791e+01 1.21957816e+01
  1.15170751e+01 1.00664906e+01 1.69652727e+01 1.52797811e+01
  1.94456724e+01 1.93074281e+01 5.93798130e+00 6.55141893e+00
  4.60974753e+00 3.23628273e+00 9.88661578e+00 7.35511359e+00
  3.70626351e+00 1.63034458e-28 5.04891305e+00 1.68924112e+01
  7.40037774e+00 7.84468073e+00 9.74450562e+00 8.05799868e+00
  5.91461330e+00 7.70262998e+00 7.50534957e+00 5.03836782e+00
  2.69675016e+00 2.20618483e+00 3.58965145e+00 2.14515654e+00
  1.07290517e+01 1.13688917e+01 1.71360142e+01]
 [1.15154546e+01 1.05854314e+01 1.17300774e+01 1.14872898e+01
  1.37183608e+01 1.24262721e+01 1.92771744e+01 2.17383745e+01
  2.14043718e+01 2.90656414e+01 6.52867610e+00 6.98132613e+00
  4.82000393e+00 4.13531502e+00 1.06137879e+01 1.03627004e+01
  4.15398560e+00 2.11425590e-29 5.14912952e+00 1.96381881e+01
  8.73056155e+00 7.49578760e+00 1.10092001e+01 9.79156304e+00
  8.20735000e+00 9.65560080e+00 1.13402868e+01 6.02671068e+00
  2.70012048e+00 2.62541598e+00 3.14737249e+00 3.23195375e+00
  9.02477672e+00 4.99772702e+00 2.22028825e+01]
 [4.29877068e+01 4.00990520e+01 1.25628652e+01 9.89612578e+00
  1.97016207e+01 7.92837908e+00 1.53467157e+01 1.68748872e+01
  2.33723655e+01 2.06975230e+01 4.52347791e+00 4.86486073e+00
  3.27460647e+00 2.62356046e+00 8.39421382e+00 6.60486357e+00
  4.10081892e+00 2.16862219e-29 3.82950509e+00 2.04365874e+01
  5.81944051e+00 5.18337987e+00 7.80598712e+00 6.51919818e+00
  1.68017899e+01 1.98175994e+01 3.82414495e+01 1.12911354e+01
  1.98927548e+00 1.82531631e+00 2.95753434e+00 1.72470436e+00
  3.10948156e+01 1.57420116e+01 2.07822632e+01]
 [1.28891752e+01 2.66010761e+01 4.56530612e+00 5.88137172e+00
  5.48679242e+00 6.79268825e+00 7.49303855e+00 7.02253774e+00
  9.25542253e+00 8.06470542e+00 3.86215379e+00 4.45188367e+00
  1.30897624e+00 1.34611953e+00 2.90834428e+00 2.84634292e+00
  2.41754031e+00 2.91873998e-29 1.36576863e+00 7.39647587e+00
  3.74704684e+00 5.58288128e+00 3.92229352e+00 3.52598141e+00
  7.38381991e+00 1.65380192e+01 1.67192039e+01 8.47335223e+00
  9.51953796e-01 8.04449716e-01 9.00394815e-01 8.27906293e-01
  1.34103777e+01 1.86836882e+01 2.72683611e+01]
 [6.54856112e+00 8.43324684e+00 5.57607718e+00 4.49172110e+00
  6.92760076e+00 2.23719918e+01 8.87585817e+00 7.10254032e+00
  1.24110934e+01 1.05004951e+01 3.61365614e+00 2.80806083e+00
  2.75687167e+00 1.99305199e+00 4.10807910e+00 2.90229938e+00
  1.18555655e+00 3.87044906e-30 1.77868477e+00 1.16740094e+01
  4.12948621e+00 4.11221381e+00 5.09201947e+00 5.67825537e+00
  2.10955757e+01 8.44573248e+00 8.86294031e+00 1.88433896e+00
  1.07102050e+00 8.08699465e-01 1.30096062e+00 8.98751142e-01
  5.69542538e+00 4.81886653e+00 3.51959750e+00]
 [3.59504568e+02 3.62240618e+02 2.10046378e+01 3.51442832e+01
  9.79988977e+00 8.53449044e+00 1.15514645e+01 1.44730820e+01
  2.00982756e+01 2.59903766e+01 1.21627433e+01 2.28839736e+01
  3.32554991e+00 3.42892381e+00 8.30149773e+00 7.63895956e+00
  1.33541092e+01 1.73224729e-29 5.52962891e+00 2.08996025e+01
  6.66554510e+00 8.82431594e+00 7.19803295e+00 6.87140440e+00
  6.40441099e+01 8.29414546e+01 2.16330697e+02 5.95749309e+01
  3.61387544e+00 3.89868168e+00 3.86061119e+00 2.68656797e+00
  2.74934302e+02 1.52816090e+02 6.52749337e+00]
 [1.82796617e+01 3.64884029e+01 4.20448637e+00 5.98516307e+00
  6.43024688e+00 9.15231681e+00 8.25242432e+00 7.99482909e+00
  9.66153572e+00 1.18585867e+01 2.41637985e+00 3.61792085e+00
  1.63414771e+00 1.27653304e+00 3.72282548e+00 3.22864239e+00
  1.85261022e+00 9.45832922e-30 2.13646106e+00 9.49724012e+00
  2.86588872e+00 3.24091453e+00 3.83230582e+00 3.08928219e+00
  5.51435079e+00 1.00626695e+01 1.77623516e+01 4.74431529e+00
  8.16084492e-01 9.56416100e-01 1.54977551e+00 9.68709173e-01
  9.15703818e+00 1.26977301e+01 2.19731199e+01]
 [4.19979275e+01 8.49533498e+01 1.05362950e+01 1.54191913e+01
  1.63609890e+01 3.22825482e+01 1.81281571e+01 2.34795486e+01
  2.27189833e+01 3.02435151e+01 4.71581131e+00 9.36807188e+00
  4.36509574e+00 5.13561585e+00 9.02979620e+00 9.25096705e+00
  4.41264655e+00 1.22174688e-28 4.86577274e+00 2.19776053e+01
  9.28313232e+00 8.52824658e+00 9.03395885e+00 1.21932199e+01
  1.28051455e+01 2.82380231e+01 5.25231499e+01 1.24251552e+01
  1.79209355e+00 2.39472442e+00 3.16778201e+00 2.36184828e+00
  1.85717204e+01 1.87372133e+01 1.96639211e+01]]