[[4.08472367e+01 4.56302833e+01 3.91401156e+01 3.26890325e+01
  6.04072214e+01 8.02630215e+01 2.14693633e+02 3.37719843e+02
  3.85025912e+02 2.83704032e+02 1.16483713e+01 1.04621865e+01
  1.28229772e+01 1.19303171e+01 9.07571924e+01 8.74386397e+01
  5.51349571e+00 4.42097885e-28 3.95012579e+01 3.06803890e+02
  2.52839989e+01 2.54209528e+01 6.87033623e+01 8.42113335e+01
  2.25947849e+01 2.49218807e+01 3.79077295e+01 1.18048696e+01
  3.25986034e+00 2.69835566e+00 1.49735351e+01 1.14807602e+01
  2.19303979e+01 1.40534340e+01 9.62985982e+00]
 [1.88364759e+01 1.93532485e+01 8.27957304e+00 7.15406206e+00
  5.95287408e+00 6.47722620e+00 1.14222065e+01 1.76104234e+01
  3.23992834e+01 2.37199960e+01 5.48155426e+00 4.57865873e+00
  2.47230406e+00 6.58990126e+00 5.96632305e+00 6.78469549e+00
  2.50311692e+00 1.10243344e-29 3.37441015e+00 2.39377940e+01
  5.11001209e+00 4.83397691e+00 5.11202299e+00 6.61992893e+00
  1.07913917e+01 9.90297344e+00 1.77089345e+01 9.02682909e+00
  1.76756594e+00 1.68305456e+00 1.77383048e+00 2.33493458e+00
  7.54976047e+00 1.27638983e+01 1.08306161e+00]
 [4.23283853e+01 3.91333652e+01 9.09113914e+00 8.58533126e+00
  5.67031129e+00 4.80456380e+00 8.07280945e+00 1.14652198e+01
  2.71306100e+01 2.41640914e+01 9.54792130e+00 3.36298128e+00
  1.25087537e+00 1.43517077e+00 4.87411547e+00 4.55955806e+00
  2.69594369e+00 4.04687125e-29 3.40554682e+00 2.16643196e+01
  3.03543709e+00 2.96302463e+00 3.60540455e+00 4.06920679e+00
  1.60201290e+01 2.23878588e+01 3.58457502e+01 1.10765584e+01
  8.32932072e-01 9.19309110e-01 1.43262671e+00 1.13378336e+00
  3.71576156e+01 2.44858159e+01 2.01883380e+01]
 [5.91736027e+01 6.24638334e+01 4.56447467e+01 4.91346979e+01
  5.04641213e+01 5.99819609e+01 7.79861323e+01 1.14979643e+02
  1.18001120e+02 1.28519428e+02 1.98394162e+01 2.57051988e+01
  8.13260192e+00 1.27755597e+01 3.37701246e+01 4.73180459e+01
  1.59255097e+01 3.91672284e-29 2.47520667e+01 1.03865756e+02
  2.61842946e+01 3.33457552e+01 3.46536286e+01 4.57567645e+01
  4.00384938e+01 3.81527405e+01 5.14802342e+01 3.23535370e+01
  8.17547681e+00 9.25879457e+00 1.03656490e+01 8.35560249e+00
  3.07662120e+01 2.16372748e+01 6.61446484e+00]
 [1.09561785e+02 1.47595370e+02 1.70463649e+01 1.43994094e+01
  9.93908307e+00 1.10253902e+01 2.09356885e+01 4.14110193e+01
  3.14882478e+01 2.76752250e+01 7.59575049e+00 7.77042799e+00
  2.73407041e+00 4.80999576e+00 1.26520417e+01 2.01607706e+01
  7.12484334e+00 2.40930837e-29 7.99403068e+00 2.43849023e+01
  6.60165496e+00 5.76964779e+00 8.95451575e+00 1.36829623e+01
  2.78828098e+01 2.98895200e+01 9.96471343e+01 2.25101931e+01
  2.46915382e+00 1.94838504e+00 2.73702414e+00 4.32007488e+00
  6.87046709e+01 1.21989144e+02 3.49044236e+00]
 [1.17922960e+01 1.40263828e+01 5.37581817e+00 5.34066944e+00
  6.68447442e+00 5.20300543e+00 1.10871194e+01 2.49532955e+01
  3.18366057e+01 2.15858646e+01 2.57401374e+00 2.62207902e+00
  2.04893640e+00 1.86399197e+00 6.16495332e+00 6.69196923e+00
  1.90678126e+00 6.33544867e-29 3.66644633e+00 2.07521694e+01
  1.19476216e+01 3.88050826e+00 4.76439960e+00 5.80491889e+00
  6.77468414e+00 5.59179201e+00 1.17172863e+01 4.15137977e+00
  9.43110882e-01 8.65258270e-01 1.51169837e+00 1.18518598e+00
  7.60208958e+00 5.13365295e+00 2.08569833e+00]
 [2.42466553e+01 2.57006472e+01 1.19960610e+01 1.44766650e+01
  1.63268976e+01 1.36428712e+01 2.94474362e+01 3.53020522e+01
  6.26867069e+01 7.51393913e+01 4.95069576e+00 6.69271537e+00
  4.15619963e+00 4.26067025e+00 1.75337152e+01 2.20960243e+01
  4.34281487e+00 2.00826813e-29 1.71780780e+01 6.25524026e+01
  7.93881149e+00 7.96158831e+00 1.42323192e+01 1.32882018e+01
  9.70829824e+00 1.28237663e+01 2.25716743e+01 8.71861252e+00
  2.49261594e+00 2.54702873e+00 5.11628329e+00 5.10655824e+00
  1.99103932e+01 2.40214761e+01 1.55295921e+01]
 [1.53174589e+01 1.82860123e+01 7.32782051e+00 6.64114844e+00
  6.75252483e+00 1.02989444e+01 1.99529812e+01 4.95405416e+01
  4.31781011e+01 4.25065144e+01 2.98852117e+00 4.11826355e+00
  2.35006163e+00 2.27204585e+00 1.02224325e+01 1.51777257e+01
  2.35415355e+00 2.59129615e-29 5.65251291e+00 3.71196370e+01
  3.53825614e+00 3.70357856e+00 6.82087405e+00 1.06364650e+01
  8.26473800e+00 8.04407490e+00 1.47467608e+01 6.07687677e+00
  9.79800711e-01 9.29063011e-01 2.47148514e+00 2.74850169e+00
  2.43642599e+01 1.07675201e+01 8.90177888e+00]
 [3.43924506e+01 3.11266437e+01 1.46688375e+01 1.13711700e+01
  1.68033540e+01 1.38362671e+01 3.53047187e+01 4.59926953e+01
  5.84632490e+01 4.67923136e+01 6.74165797e+00 5.58921357e+00
  4.17126168e+00 3.10648291e+00 1.26420661e+01 1.19497970e+01
  4.98259063e+00 2.25075351e-29 7.59867388e+00 4.64252579e+01
  8.64206342e+00 6.77553349e+00 1.25343506e+01 1.12419762e+01
  1.20810447e+01 1.10896877e+01 2.62297355e+01 1.01517290e+01
  2.40691996e+00 1.80158728e+00 3.41018850e+00 3.00825997e+00
  1.49262277e+01 2.14994925e+01 5.97351947e+00]
 [4.83626768e+00 4.83165354e+00 4.28247568e+00 4.57245878e+00
  7.17251189e+00 1.16875706e+01 3.88427488e+01 6.17468895e+01
  9.24331148e+01 8.96013779e+01 2.00426276e+00 3.63092998e+00
  2.10454711e+00 3.93761892e+00 2.71199477e+01 3.61230259e+01
  1.61921357e+00 5.85388884e-29 1.71672267e+01 6.98621920e+01
  3.29069572e+00 3.89513143e+00 1.12544399e+01 1.89179920e+01
  3.98259112e+00 3.06545327e+00 4.31022629e+00 2.36721152e+00
  1.01145531e+00 8.72896820e-01 4.35970060e+00 5.04901742e+00
  1.59777052e+00 1.86309946e+00 7.03948888e+00]
 [1.24344323e+01 1.40669509e+01 1.59850923e+01 1.46256360e+01
  1.82973449e+01 1.55028605e+01 3.67149412e+01 3.34839567e+01
  4.96169513e+01 4.21219027e+01 4.89870735e+00 5.62193196e+00
  4.82369506e+00 4.16920748e+00 1.58763103e+01 1.39872766e+01
  3.39624579e+00 3.14788879e-30 7.88488736e+00 3.82961253e+01
  9.53617243e+00 9.09459730e+00 1.41164993e+01 1.12225619e+01
  8.58264019e+00 1.19743897e+01 1.14176427e+01 5.97790657e+00
  1.93069099e+00 1.74829783e+00 4.30813920e+00 3.36649298e+00
  2.70492815e+00 5.43230770e+00 3.40979333e+00]
 [5.95863129e+01 5.61177008e+01 1.49030057e+01 1.61334084e+01
  1.99786658e+01 1.67448608e+01 4.30867685e+01 4.10299364e+01
  8.17764681e+01 9.61087526e+01 8.37951240e+00 8.68153787e+00
  4.65215106e+00 3.80608295e+00 1.86108661e+01 1.54254254e+01
  6.67606134e+00 5.19180859e-29 8.50072861e+00 7.05313163e+01
  1.03831664e+01 8.48993796e+00 1.63078167e+01 1.38473249e+01
  2.41458733e+01 2.08982887e+01 4.93422300e+01 1.63421882e+01
  3.25882377e+00 2.54813309e+00 4.07088647e+00 3.16609600e+00
  8.89887160e+01 6.54684319e+01 4.26850372e+00]
 [3.89992327e+00 5.61963941e+00 6.46831280e+00 6.28301724e+00
  1.11478456e+01 9.28589567e+00 3.66156906e+01 2.74374965e+01
  4.41928549e+01 3.48527930e+01 2.55113085e+00 2.59318429e+00
  3.20363228e+00 2.25203316e+00 1.57119105e+01 9.91026348e+00
  1.73086798e+00 2.34914525e-28 5.32952743e+00 2.82183228e+01
  4.33522518e+00 4.15607363e+00 1.19341280e+01 9.04664008e+00
  3.15106931e+00 3.59020598e+00 4.73247490e+00 2.64233524e+00
  1.18929513e+00 1.00198193e+00 3.48911370e+00 1.69792220e+00
  7.98881424e+00 6.73309634e+00 1.54736135e+01]
 [3.98938729e+01 3.81666770e+01 4.64999868e+01 3.92220855e+01
  4.21206663e+01 3.16878428e+01 6.57345322e+01 5.01519952e+01
  6.80064855e+01 7.27286386e+01 2.18851950e+01 2.14357127e+01
  8.74885475e+00 8.11454225e+00 3.07517702e+01 2.70561450e+01
  1.63882147e+01 5.84677729e-29 1.84787809e+01 5.79287828e+01
  2.91876995e+01 2.35155155e+01 2.93445567e+01 2.05882801e+01
  3.11096071e+01 2.88733435e+01 3.79745860e+01 2.41985451e+01
  8.79257649e+00 6.67582369e+00 8.83158375e+00 1.14740479e+01
  1.11596916e+01 5.40375229e+00 1.66622449e+01]
 [5.48274682e+01 4.75688845e+01 1.43314386e+01 1.35380116e+01
  1.51979150e+01 1.21647118e+01 2.96031426e+01 3.63919465e+01
  4.26570617e+01 4.60608101e+01 6.14716169e+00 6.42070542e+00
  3.82588910e+00 3.31320435e+00 1.50898697e+01 1.54035470e+01
  5.56591593e+00 3.36426105e-29 8.94835727e+00 3.51232362e+01
  8.62535196e+00 7.22006129e+00 1.23045203e+01 1.09874618e+01
  1.85587326e+01 2.29423406e+01 5.33700267e+01 1.41481110e+01
  2.64887197e+00 2.48287816e+00 5.00594442e+00 3.54791800e+00
  4.41382231e+01 1.72241262e+01 1.86504900e+01]
 [1.06174602e+01 2.14503646e+01 4.66858727e+00 6.27393933e+00
  6.49701954e+00 6.72375942e+00 1.81406771e+01 2.51424374e+01
  4.51759838e+01 3.06842340e+01 2.64004194e+00 3.48276638e+00
  1.48010976e+00 1.66610641e+00 6.84799862e+00 6.90554634e+00
  2.07718965e+00 1.04688953e-28 2.62998047e+00 2.93623730e+01
  3.42492143e+00 3.81522344e+00 6.39112414e+00 7.26945449e+00
  4.78767394e+00 9.91892575e+00 1.39149817e+01 5.48047156e+00
  8.45974235e-01 7.60147669e-01 1.24138827e+00 1.31969265e+00
  8.68085827e+00 1.29655837e+01 2.16832947e+01]
 [5.22788832e+00 4.10395723e+00 5.64485238e+00 4.20499111e+00
  6.70755798e+00 6.36183112e+00 2.33794338e+01 3.19884087e+01
  6.19744674e+01 4.42549213e+01 2.23967181e+00 2.06799981e+00
  1.95073624e+00 1.66171399e+00 1.46372689e+01 1.09082459e+01
  1.22378213e+00 4.14158082e-30 5.43298594e+00 4.70938072e+01
  3.96558246e+00 2.92998645e+00 7.56403082e+00 6.93145013e+00
  4.96306034e+00 4.06075333e+00 4.88224227e+00 1.59473999e+00
  8.60337521e-01 6.98334031e-01 2.50857788e+00 1.92410497e+00
  2.25538684e+00 2.70261841e+00 2.27811741e+00]
 [5.25587609e+02 5.46849502e+02 2.26982292e+01 4.23309677e+01
  7.01427877e+00 9.98685709e+00 1.37988227e+01 3.41728127e+01
  3.09245478e+01 4.08672941e+01 1.36493061e+01 2.53274335e+01
  2.94278404e+00 4.57640544e+00 9.51780967e+00 1.32014442e+01
  1.55194434e+01 2.63169876e-29 6.67655664e+00 2.66043137e+01
  5.98379634e+00 9.43252296e+00 6.86634231e+00 1.10745207e+01
  8.49317233e+01 1.12270036e+02 3.15523369e+02 8.05028663e+01
  3.60246194e+00 3.54976108e+00 3.69936412e+00 3.54062484e+00
  4.26800406e+02 2.40764694e+02 7.39926282e+00]
 [8.38188762e+00 1.13062801e+01 4.11051495e+00 5.07213352e+00
  5.87073552e+00 4.76105587e+00 9.24700673e+00 8.97125623e+00
  1.26514351e+01 1.36814735e+01 2.06211554e+00 2.56328573e+00
  1.71558080e+00 1.37160998e+00 5.37005973e+00 4.98270173e+00
  1.57854120e+00 8.22418569e-30 3.91948533e+00 1.30688243e+01
  3.19445370e+00 3.02973431e+00 4.82931689e+00 3.73633547e+00
  3.51528374e+00 4.99301836e+00 7.55493100e+00 2.98273606e+00
  7.89346343e-01 8.79352550e-01 2.05316147e+00 1.50751912e+00
  3.38549368e+00 4.91895721e+00 1.15175350e+01]
 [5.28943554e+01 1.04369368e+02 1.19667906e+01 2.14940381e+01
  1.69028280e+01 1.71264065e+01 4.44563938e+01 4.30830785e+01
  7.23559177e+01 8.08654705e+01 4.36725659e+00 8.64540503e+00
  6.02248023e+00 8.96269344e+00 2.20265055e+01 1.69510157e+01
  4.75923218e+00 1.79428792e-28 7.68518858e+00 5.40521460e+01
  7.77395267e+00 8.90501077e+00 1.90036266e+01 1.52347173e+01
  1.58602370e+01 3.56169420e+01 6.71045072e+01 1.58354402e+01
  1.53227855e+00 2.16616264e+00 5.54798237e+00 4.21109229e+00
  1.76644858e+01 1.99575482e+01 1.08400288e+01]]