[[ 2.25282976  1.38351292  2.76937111  2.27592907  6.0178974   1.64097869
   3.6346543   3.69859771  3.37599877  3.57548639  2.66794132  4.59947071
   5.15639363 11.61053963  4.84647792  6.02175823  3.21112215  2.21693143
   6.53773499  3.46951435  1.06216688  5.3447071   4.63714028  6.10828967
   0.88930051  0.99133513  2.20688886  3.51872235  5.82885724  7.41081152
   7.32033268  9.7344166   0.79634252  0.61556323  5.2106479 ]
 [17.08571187 20.13488727  6.93475785  7.90749563  9.11399759 16.17600709
   5.29263399  6.38862521  5.00678008  6.29609329 19.01921222 26.94084856
   5.8024205  10.32051753  5.13273805  5.81377196  9.26605995 15.0346968
   4.6051569   5.60877987  8.87829135 11.98342677  5.00492512  5.82960465
  21.62291584 24.4992516  18.06448586 19.75626509  8.4804425  13.95964701
   4.94045256  5.94653383 25.38573816 11.3961301  12.86639348]
 [12.62695246 10.83200434  0.64832394  1.27059199 16.73337677 14.85310685
  15.75156437  4.77783686 14.35762191 13.20160797  1.35412229  8.28739783
  22.17054089 21.02122885 20.41688082 19.42659635 14.17696659  6.33918173
  19.87955687 13.73569268  8.49317831 14.21218887 17.66946854 17.43362729
   3.30482853  3.38364136 12.49074618  3.60038086 19.52784625 15.5154194
  24.76243187 19.33932309  6.14372704  3.57750394  6.16110174]
 [14.25524334 16.69186166  2.45320189  1.95583221 11.41455686 18.19142315
  13.69049012 11.14955207 14.71909939 12.99589612 10.55691624 12.20421959
   9.66635145  8.09107282 14.77382644 11.96868198 11.15783521 11.7263864
  12.4060123  13.59089117  4.73396912  4.33804301 12.266222   10.58071047
  12.1156477   8.42143236 11.8929766  14.55977578 10.73454016 10.1965863
  13.11202942 12.27923225  7.28695456  1.01291787 14.69954221]
 [ 5.50606457  6.13053217  4.35708885  5.05261299 27.3834317  18.86894384
  17.81970498 13.23155136 18.98122396 15.12972052  6.4240047   7.6471055
  17.76284886 15.66402963 18.96563732 15.38113666  6.85451852 15.1119021
  14.15574846 17.2575974   9.51070202  8.79765674 22.70500797 15.69165054
   5.43399137  6.48139094  5.83670821  6.14990158  8.95316658 10.39660478
  20.65684034 15.22426095  7.22665331  4.94819685 13.9065504 ]
 [ 8.32614459  7.54178061 10.12967292 10.41155874 24.07639047  8.9668749
  11.51708176 10.07621651 11.2982147   9.99543844 13.00011166  9.38253393
  25.22799968 13.45661062 14.6496331   9.81601176  6.9793012   7.74560031
   8.96324251 10.62960885  2.13658713 16.14225463 23.64101652 11.42796506
   8.96435086  6.63454083  6.65078588  6.99520963 10.5207071  10.02468246
  13.37474868  9.77882866  5.77991187 15.68977904 13.77324674]
 [ 2.74725804  3.20490039  4.48952339  3.21937807 11.90759456 13.30190348
  12.7023546  12.34777232 12.10786404 10.34335962  8.9652077   7.1324108
  15.3402027  13.5898127  14.44255539 13.54344241  5.65947167 11.35083138
  13.55872663 11.87614904 11.44337054  8.81367692 12.69086161 14.22308999
   3.04373264  3.04045335  2.37713194  3.82341021 14.64017122 13.40526407
  16.04589649 14.05085306  1.87278657  0.65019904 11.52550746]
 [ 8.13956714 10.09065472  5.64555757  5.26911732 11.71450342 18.97982827
  14.18676398 13.58779203 16.90398371 17.50739944 10.27074247 14.5834798
   8.68871483  8.50164651 11.65156636 10.199741    4.51930222 10.19924902
   9.12121447 16.40077182  8.22029308  7.30145646 10.82944904 11.46643885
   8.05610627  7.98515951  7.6781616   4.58253233  6.05886652  6.10814136
   9.90169637  7.66455252  5.52506223  7.69604762 13.68892924]
 [13.05574824 12.74023408 17.90887646 11.36551422 39.43164663 40.06850681
   9.71724577  7.5370849   7.3557615   8.78604642 12.40058777 12.6000974
  15.83195425 16.82008424 10.43490315 10.4176179  10.3952656  11.4479344
  10.24946622  8.37575176 13.18319101 12.70367004 12.27543159 13.70472839
  15.16830067 12.30377908 13.0624312  12.08809049 10.9817192  14.44698749
  13.57676381 11.71285648 15.11298053 10.27381293  9.70174054]
 [ 8.20897922  7.59674854 10.23619663  1.28437975  5.26044641  4.43708809
   6.31472476  2.12730431  5.20957498  3.21048029 14.3370804   0.49491357
  13.07005299  5.04767212  6.71195313  5.12635254  8.30479079  5.65460785
   3.48508261  2.60622279  3.84665659  0.92554205  2.37010479  1.96699055
  21.5756484   0.74193051  6.69393444  8.85855019 11.38374799  2.07224017
   9.08091877  6.65345422  2.3685922   4.89055823  8.85630331]
 [ 7.04808479 18.79579026  1.07660965  1.30936524  5.7681704  10.03040602
  10.32505256 14.80474307 12.78498394 14.08664229  5.72941338  8.21037248
  18.47388258 18.73027769 14.72032969 14.41855765  5.0038092  12.95912484
  15.32043479 12.99350396  9.55039608 18.83381264 13.17587015 13.33431338
   3.07775259 10.1307011   5.09856208  4.10154398  8.60780551 13.34315312
  18.15078356 15.72396361  1.36023191  8.64754723 14.44367668]
 [15.61846598 13.29731529  5.49583048  3.99347186 20.08235514 14.40272526
  12.1225268  10.50039008 12.80949623 11.4231293   9.95643246  8.09228767
  15.13490805 12.82441291 15.676556   13.86858229  8.60321312  8.07565747
  15.60065541 12.46648082  8.56724856  5.93773791 11.15758957  8.7305164
  12.86750195 11.03254647 15.8827916  10.71186434 11.68703879 10.16488712
  18.04957049 13.95738271 10.97844315 14.07012095 15.55083941]
 [25.15217109 20.36843245 22.78947959 22.42089047 22.6017266  26.87463296
  22.50224187 24.2119625  21.93280343 24.32281143 32.76045115 32.00206949
  26.07785515 31.30425602 26.41390721 27.24535664 28.72736494 24.1443073
  26.85386143 24.17429417 29.59227471 30.3248726  25.98668314 27.65215455
  23.65845325 25.15844526 18.65347548 25.8040232  22.53519735 31.33249042
  29.26884887 30.63641701  9.30788146  4.76336444 11.30543332]
 [ 7.66266195  6.265778    6.87112513  4.06819111  9.68005422  9.57697571
  13.13438227 16.24609601 14.3273264  17.96426148 10.56691143  7.73116617
  16.20434749 11.88300055 14.00001398 15.92753566  8.42909747 11.40480583
  11.06187182 14.76519249  9.48889999  7.1181436  13.43152356 12.90775654
   8.56776776  6.95080222  7.95828182  7.86017831 10.54637208 10.80688439
  12.87505128 12.44252869  1.76371538  7.81842059 11.1194763 ]
 [ 0.60875442  1.00600669  3.62201858  7.10158511 14.31523116  3.90508964
   7.2585795   6.35926061  8.14113156  6.60957187  2.28105061  4.39580396
  16.70683559  9.7168808   8.47452717  5.89737843  1.39106776  2.07074998
   5.65467806  7.20190338  9.28553751  8.55102272  8.4396459   5.15094595
   0.95686306  1.53685817  0.60611647  0.91818379  3.29262491  5.44093546
   8.76059186  5.61585605  0.38448556  0.35086469 14.39512384]
 [ 9.41184253  9.54475072  7.69922774  6.82301602  8.87774217 12.89290908
  11.11092857  9.5756012   9.22123155  9.18635048 11.30149747  9.53697031
  10.12580024  9.72499677  9.38470932  9.99820786  8.76655599  7.75550439
   7.10372956  9.03452843  9.21822132  9.75747954 10.6654571   6.22365724
  10.94765372 11.69854949  8.84825317 10.91881351  9.31516973  7.33469853
   9.04793595  9.20848358  8.8644004   9.59717695  9.09498631]
 [11.28008305 12.09543076  9.25084345  9.04238961 14.71218062 34.31835677
  12.87746597  9.32655833 10.26427625 10.60968021 16.94693252 12.49076686
  13.6083461  11.71511484  9.71618046  9.22982164  6.34911205 14.02196335
   8.9061004  10.86009247 12.81978052 12.88629208 13.67090195 15.83297304
  30.28881963 16.18043965  0.58218075 10.6328472  10.54732487  9.91360283
  10.06514233  9.0123062  13.9044642   8.08278782  9.85834304]
 [ 8.06472956  8.24642376  7.78702971 10.04429639 14.77360661 11.75593814
  16.05433498 14.61395713 17.37711859 18.79082844  8.50079911  9.68956491
  15.4631815  15.50772815 19.14513766 16.0444215   8.77739826 11.61781892
  15.87516182 17.8744604   9.77582132 11.17803268 16.57639705 15.1561133
   8.08765803  8.80553763  8.16258909  8.36738694  9.76221542 11.61089037
  18.81705247 15.67160121  7.82585941  6.4272038   7.84154839]
 [ 9.59283511 12.31535429  7.02822849  8.4452982  10.06819507 14.65535923
  11.72293813 12.34400186 12.57018964 15.03421118  8.50573523  8.94899609
  10.57648318 10.66610054 10.79232085 10.65361234  7.45402469 12.11883584
   9.87333173 12.24089077  7.90642542  8.89251076  9.31669925  7.92223055
   8.73603398  9.45940552  9.44084369  7.94001157  9.26222966  8.90163699
  11.67067442 10.09803198 10.2019022   9.29612726  8.84763807]
 [ 9.4550647   8.09778369  0.42999239  1.03772068  1.30285281  2.84107638
   9.54008702  3.56393672 12.38159289 10.55259735  7.64609539  3.67395705
  10.18150982 10.98364165 14.31658696 14.00555714  5.77752177  1.38827707
  11.02273158  9.38836266  1.15719644  1.20884304 11.72401571  5.25522876
   4.13473742  5.6201266   9.90117345  2.19278144  9.66309286 11.2797902
  14.16919579 14.35626745  4.36889786  3.87685831 15.09292643]]