[[ 0.60746964  0.4797918   0.78735353  0.79691681  1.94599612  0.32829453
   0.42333139  0.3119231   0.28752926  0.36403122  0.65823912  1.42284695
   1.49938351  1.9670953   0.58915993  0.58247751  0.84689064  0.43886553
   0.72663408  0.34058072  0.34160553  1.44614923  0.99860436  0.74733643
   0.22371302  0.35476963  0.66991221  0.92281361  1.33272767  2.19963523
   1.08944193  1.07603747  0.31428802  0.28136248  1.64932841]
 [15.61641512 16.62380089  4.36637434  4.66785684  6.17117213 12.83305661
   1.55099318  2.55892705  1.68531805  3.60690917 14.40523106 19.32155182
   2.15110109  5.7433522   1.39650407  1.95765057  6.7880049   9.27973092
   1.52591246  2.81874372  4.96537856  7.30731134  1.39884009  2.17646352
  14.76855934 16.10982276 15.42737837 14.86666895  4.90407094  7.27195481
   1.59359911  2.1167936  32.15241829 12.32348005  8.63740989]
 [ 2.80050996  2.18598238  0.15653623  0.32946054  8.24063223  4.45865654
   2.35767438  0.75578261  2.05646867  1.66867547  0.24273968  2.73312806
   3.3438945   3.60502825  2.53693781  2.3588927   2.97931872  1.09973237
   2.26259125  1.95492174  1.82200245  4.64193876  2.24241916  2.62162643
   0.71005747  0.70322586  2.54910503  0.75871372  3.05240558  2.34248526
   3.21989571  2.62222113  1.23897221  0.72728063  0.80221057]
 [ 9.27279716 10.18175443  0.73571726  0.53460595  4.39784626  9.91389096
   2.10148226  1.38752385  2.90757061  2.32059539  4.36791551  7.22864537
   1.64263418  1.42276241  1.62156811  1.15509129  3.08707917  4.93371195
   1.39629496  2.82332375  1.09824163  0.89617421  2.48287132  2.00558578
   7.13466035  3.08257484  6.97697028  9.10756354  2.476917    2.12398549
   1.5013357   1.40625276  4.92838742  0.71987507  7.61764499]
 [ 2.52667559  2.79913937  1.8377853   2.04863447 32.61549129 12.71818752
   3.51433457  1.84432319  5.59165979  2.9401849   2.74470559  2.90679764
  12.68855428  3.3775016   3.83057305  1.94548557  2.79326928  8.62564529
   2.33513293  5.02304687  6.24494856  2.88523142 19.55780638  4.27975756
   2.44883466  2.80632122  2.62254373  2.68006913  3.3530184   3.49748348
   5.09868261  2.43031171  3.5493875   2.1980423   7.41806556]
 [ 4.81646734  5.2633965   8.20387837 11.67261438 26.75848677  6.5507526
   7.88434544  2.15832321  4.99006762  4.15715645 10.26979057  5.7502872
  23.11431233  5.34687963  7.60669045  2.65400619  3.24876778  3.76380865
   2.5638361   5.07953872  1.61763981  9.40748831 26.33944669  3.6421929
   6.90236982  4.16430668  3.40409277  3.59298506  4.91358784  4.08801907
   5.62035132  3.1040609   5.58933521 17.76552834 14.09131018]
 [ 0.86706594  1.03494346  0.95746581  0.72213435  3.78854557  4.20009834
   2.26061445  1.45431734  2.31409583  1.46044469  1.347906    1.18044358
   2.18941019  2.3802149   1.54927559  1.3671876   0.98854913  1.68318582
   1.33341431  2.02410012  1.9315143   1.59169752  1.58073854  1.67972259
   0.79490735  0.75723295  0.77121172  0.93787162  1.89414232  1.8458946
   1.78334109  1.60336541  0.72540091  0.21858267  5.86009537]
 [ 5.9260348   7.20821062  3.18384975  2.91441417  7.34286529 14.89575374
   6.79323413  4.61479537 11.64219388 13.36283808  7.30444708 11.57979171
   2.6488978   3.35054135  3.30663633  3.17315526  2.40167124  6.27987775
   2.7687346  11.344964    4.26349626  4.22051964  4.00066257  5.35835303
   5.94081064  5.63810516  5.65989786  3.41997411  2.22604585  2.70489306
   2.42966324  2.37465885  3.88125525  5.58368723  8.88430091]
 [ 7.47685096  7.4219351   9.60158481  3.62623746 28.39292054 21.14829146
   3.12818774  1.97450728  1.36973732  1.6952334   4.81929313  3.66875207
   3.32784955  4.22465694  1.78845242  1.39714401  3.66906393  4.03140896
   1.26796711  1.56931662  4.28146313  3.3768125   3.26455777  4.03703698
   7.78601381  5.51432453  7.47008582  6.11618817  2.80357783  3.13217159
   1.97575901  1.67260923 10.11830996  7.66605249  4.62557869]
 [ 5.44197169  5.82803678  6.76352243  0.75403918  5.30422666  2.12310728
   1.74905971  0.59574703  1.60213528  0.91852076 10.30271122  0.20198717
  15.10572305  2.64864808  1.86172407  1.3540251   4.62090137  2.57490606
   0.9514049   0.79434206  3.35220883  0.54684791  1.16074711  0.73500427
  14.56278286  0.48980535  4.44297838  5.73106119  6.17372069  0.74418975
   3.48683782  2.00923535  1.43501842  3.6085241   6.24546677]
 [ 2.07546555  9.07907009  0.29492712  0.47888245  1.08774959  2.82322057
   2.20229188  6.75787454  3.02447462  4.12441479  1.77959417  4.00905922
   2.53297426  3.63949379  2.04808285  2.52100931  1.16526011  5.71331342
   1.895537    3.09575081  2.58136272  7.76378478  1.9564741   2.54046002
   1.44326811  5.3083759   2.08473707  1.6572765   1.6089013   3.95274843
   2.24198012  2.18768716  0.71710544  4.68886232  6.06948477]
 [ 9.49013312  8.07966524  2.22456226  1.88824117 11.42427249  7.08349772
   2.46821923  1.76428663  1.57294607  1.64646274  3.87038694  3.49964994
   2.97419473  2.361877    2.07654055  2.05297292  3.39111622  2.35164466
   2.12806385  1.73558225  3.36717636  1.67357683  2.15827046  1.81195485
   6.67085499  6.22138253  9.72149547  5.33939488  3.00268095  2.84825201
   2.51007598  2.2750225   4.74462968  8.25850149  5.39632618]
 [ 6.6501183   5.25590039  5.19875065  5.33919663  5.15873436  6.33332262
   4.2570069   4.88990543  5.6634923   6.9644549   6.56832402  7.8503924
   5.75461436  6.99788677  5.43994648  5.66079429  5.86334884  6.61319036
   6.68058226  7.23233133  6.46701844  7.14487641  5.48177974  5.88299427
   5.77928819  6.12406608  5.2944186   5.76819309  4.11054851  7.84584726
   7.02735694  7.0473687   3.15544464  1.59047365  3.94987821]
 [ 2.32059619  1.63337005  1.25394512  1.04346117  1.2344453   1.93703886
   1.26201975  1.45496081  2.93008993  2.96788829  1.76160998  2.3361857
   2.02303838  2.27628858  1.45340175  1.74057143  1.93738904  2.42024231
   1.57068104  2.85358137  1.62109175  1.47366479  1.28581383  1.83044562
   2.36802609  2.05217204  2.55591492  1.89698717  2.03795619  2.68642512
   1.64098907  1.58331096  0.89716605  3.65930458  4.90664421]
 [ 0.27006191  0.41418983  1.59068872  2.77628241  9.31920806  0.98732213
   0.96855976  1.06465415  1.52369413  0.7165047   0.62815638  1.33573736
   2.60624839  1.6353191   1.04942975  0.62826921  0.37688959  0.48904623
   0.66144557  1.03664616  3.03011943  2.19201343  1.33422871  0.81379453
   0.39413456  0.65432426  0.25647253  0.33074847  0.66150232  1.23825885
   1.05181222  0.70890767  0.17071792  0.14168591  5.06509864]
 [ 4.75656681  5.04913741  3.23964263  2.70452811  4.08708959  9.28446024
   4.6676741   1.90733052  1.10733423  1.3718538   6.20586242  4.69263295
   3.31696153  3.60423728  1.91312997  2.13558006  4.04719947  1.76157468
   1.62094386  1.38133069  4.00939056  6.66190899  4.2122101   1.64657725
   5.61457183  6.1365109   4.60362844  5.41155949  3.71232335  3.12274507
   2.30095669  2.57453874  4.65865363  4.95890132  4.02051499]
 [ 8.88540857  7.53307731  5.30489297  4.8654943   9.80500802 12.57781992
   4.83225095  3.3537388   3.90864216  3.94642266 13.03591617  8.46185823
   9.04881695  5.86616328  2.82844424  2.99510053  3.6276219   8.8386728
   2.54438286  4.45409437  9.50955827  7.893042    6.15626475  7.18784199
  21.43491323 10.81759819  0.51908529  6.64806901  6.75370104  5.12811337
   3.12604544  3.22224997  8.46575745  6.06072277  4.89581097]
 [ 2.16085105  2.26161558  1.99097456  2.69165985  5.49978643  5.07698523
   3.06920681  3.53834081  2.97445479  4.82469923  2.09627262  2.71469799
   2.90621604  3.83683537  2.71196279  3.47914193  2.23140163  2.92508584
   2.53197994  4.37593848  2.47501702  3.12216388  2.97049443  4.11080328
   2.09371415  2.41427674  2.19363829  2.21410773  2.23993489  2.80183333
   2.66930121  3.32809822  2.1580393   1.96269627  2.60592034]
 [ 4.66449182  6.44287747  2.04881752  2.18074441  3.39861363  6.73565703
   2.62120643  3.50261163  3.29432754  5.67553122  2.67219071  2.90711651
   1.80386573  2.41291494  1.56108422  2.626138    2.33727159  3.89898967
   1.79990735  4.37823049  2.02084546  2.02186262  1.43721555  1.64911147
   3.89690152  3.41621205  4.35483643  3.07927679  2.38634499  2.3064354
   1.62414849  1.87052833  4.56323076  4.41399549  3.78571822]
 [ 4.3675688   3.76386156  0.31041217  0.47633722  0.49797903  2.0576927
   2.0058699   0.76116923  2.65077743  2.03410975  3.88900021  1.44093871
   3.4453158   3.43377657  2.52332962  2.67305393  2.32548009  0.59001556
   2.19162489  2.09270667  0.89083684  0.5255592   2.77876346  2.23770563
   1.96397301  2.50226935  4.63207954  1.03910809  4.01681634  3.97778134
   3.04372312  3.19226692  2.49768051  1.94438926  4.8975244 ]]