[[ 3.91991862  2.32387835  7.29724792  5.03076511 14.06215246  3.14810494
  11.08521177  8.82315236  7.39072682  7.53681357  6.35902942  8.12627867
  10.06561661 12.5750435   9.67149032  8.83193096 14.76647284  5.70751908
  10.1658662   7.27014415  2.73113121 10.13897072 11.4274348   9.79718417
   1.6711931   1.80415978  3.88806354 11.66254708 25.69480144 14.62604486
  12.55580784 12.07632577  0.87445262  0.99973703  7.35683719]
 [11.18926303  9.99227113 12.97252689 14.72392933 19.49971054 17.25112947
  23.76376613 22.20005741 16.38152988 16.41134509 11.81425554 10.56834891
  21.25910562 19.85373022 23.61442851 23.70684541 18.74051843 19.03122559
  20.01226347 16.0308614  15.9080276  16.94227222 23.77846664 24.66225021
  10.95493968 10.55215943 10.96152535 12.50069425 18.44594794 17.40160327
  23.97042335 23.96374756  3.87907474  4.11110936 14.75325358]
 [ 9.94895545  8.59834325  0.84462891  1.60326973  9.28420083 15.34836846
  16.31910269  5.03616814 13.56405686 14.27934078  1.1844961   5.9472345
  15.39474026 14.25232563 15.6606787  16.26805584 10.82169735  8.85177523
  15.00721032 14.04841967  9.32853126 12.4064494  16.56248814 16.57536834
   3.02359406  3.06904131 10.10055802  3.13967276 11.77963347 10.58876489
  13.84035038 14.13811475  5.27755649  2.998661    4.37185232]
 [ 7.77260346 12.17300889  4.25602942  4.60554047  8.61104551  7.23786693
  11.32022725  9.12363988  9.29343708  8.73278036  5.38051221  7.91160134
   9.10564659  9.22566741 10.98987612  9.06716066 13.41305723 12.75048943
  10.8264968   9.71759828  5.90821807  7.21099722 11.49976827  9.78556425
   4.58210527  9.28307024  9.33027043  8.11237983  8.19590339 10.58184652
  10.996782   11.5021921   6.83844579  2.1874205   7.62162774]
 [11.17958282 13.82059343  8.84668158 19.76764313  8.24507978 11.7682326
  15.45237524 12.61449305 13.4253788  12.79857177 10.04008701 17.11077561
  10.79857541 13.67553814 13.4569524  10.17935288 13.41873089 15.45978883
  11.53070665 13.56415929 10.4300593  18.40369964 12.31251609 12.42791957
   9.94613768 15.67878741 12.52080491 12.85460085 11.9258342  17.34659165
  14.1296599  10.26554555 14.27679817  9.73296531  7.00887512]
 [ 9.06777544  6.60151468  9.43965287  7.43900294 10.27876712 15.82645066
  17.19491169 14.49145779 11.90245693 12.99629606 12.52664752 11.3518915
  11.67292894 15.82107063 17.11644053 13.32571504 12.39882043 14.45987552
  13.66882199 12.63335125  2.71445798 11.42840184 12.311457   17.50316624
   5.26124664  6.46261097  8.10225391  8.31073087 15.37006107 13.57775889
  16.60920331 13.96464882  3.44058242  8.3776382  12.76337394]
 [ 8.65152664 10.16259397  9.83019363  8.29598108 12.45694802 14.34238552
  11.77473841 11.86607961  8.43418076  8.08683283 10.43865601  9.48457011
  13.16931075 13.28351586 10.76134966 10.49114866  9.43085827 12.50902196
  10.36120883  8.22657983 14.72355951 11.62668928 12.36245566 14.19061321
   7.94034815  7.4694946   7.01214677  8.01525424 11.21453036 10.74774264
   9.78279536 10.57891819  6.56693812  6.01239013 10.03936694]
 [15.21866885 13.56467572 13.53065338 14.09841439 17.4246769  12.23997727
  19.02061274 15.46371491 12.48143233 11.13064025 15.58780913 15.93497733
  13.8297197  15.33720054 17.72405905 14.44581206 36.81816707 14.98608754
  14.50615115 12.15453599 18.56817991 15.15626907 21.48087238 17.33309873
  12.26290721 12.05726975 15.93751055 20.73802324 24.2063487  19.62108773
  15.57205589 14.29402334  8.43738555  7.10959341  9.35831111]
 [11.23779921 10.61247789 15.02012392 15.9833894   5.93684012  7.79315468
  15.79315421 11.84373843 11.48548758 11.37070921 14.4066279  15.3160228
  14.82671322 13.93579588 13.87306595 13.36601272 15.23263403 13.12791636
  13.34140661 11.77431312 17.49013601 15.27707367 15.78740706 14.31206263
  12.38035927 13.49093547 11.23238641 12.95682184 13.24120257 14.83297689
  14.21491345 13.52269042  8.70431334  7.60946475 11.34215854]
 [ 3.35820542  3.51173555  5.86992286  1.38679286  3.54597233  4.82688642
   5.85312916  2.35337163  3.99054062  2.66830498  6.09162212  0.75955105
   6.48181791  6.39852043  6.28346086  5.31419736  6.76129805  5.84563061
   3.32274335  2.06074994  1.43110665  1.06678878  2.48207935  2.17834603
   3.75658498  0.49571024  5.22155176  5.06502536  8.23797599  1.92699457
   8.81032781  7.38508808  0.78100431  1.5594751   3.1514791 ]
 [11.16181376  5.06605671  2.01529937  1.53856058  9.89963415 14.14982813
  11.90940688 11.24258    10.0367733  10.54918437  5.7092378   3.48879682
  15.82365048 13.90977356 13.14446621 13.42518941  9.4758269  10.24369799
  13.79228084 10.59248549 12.75896389 10.26262945 14.10307383 14.87614585
   2.87179167  2.39737317  4.63949297  5.84770442 11.10497136 11.16167377
  15.88548457 12.79955771  0.60275515  1.63308104  6.56516381]
 [12.29659426 13.17644593 11.80518923  8.02019769 14.66522324 13.51090484
  17.12413498 16.38100276 13.02497294 11.5389659  17.74250103 15.29401904
  22.31842687 20.00463414 20.74887868 19.77951533 22.1170199   9.08301219
  24.24136835 13.48759981 15.84195565 13.5978495  20.12002346 17.9476669
  15.24056744 13.21096238 12.85456839 18.74828423 27.21407844 22.23582874
  27.09639602 23.36519969  6.16641211  6.31004219 13.54655115]
 [10.28206006 13.64148045 13.49667958 13.74711028 12.47655945 13.46852346
   9.52539225  9.55046517  8.27505042  8.76236317  9.79318385 13.29080001
   9.85615933 11.3487323   9.32038915  9.54945872 19.19890315 11.06701121
  10.0396193  10.05715639 12.14986103 11.921027   10.90723828 11.1053446
   9.38468672 14.71734676 12.08454148 18.78661842 10.15627449 13.64376749
  10.39470123 10.50441345  8.95562221  2.62283409  5.57413791]
 [25.37456972 25.66962472 26.37482291 19.88627    27.65647094 33.06969437
  23.76707423 26.9503931  20.70375172 19.35732403 29.91070982 28.64320433
  29.56025086 33.45235479 23.87256318 23.41844514 34.4431213  28.30505163
  20.92399323 21.56951408 28.08893964 30.2160155  28.45491586 32.73008464
  27.24838404 23.72339737 25.95141522 31.87672356 29.27720233 31.68511446
  25.08221624 22.78216348  6.87407688 11.75236935 12.60953154]
 [ 1.97160951  2.61848529  4.73399613 12.83403617  7.33575471  5.48722068
   5.44008028  5.11765704  4.48950277  4.60587775  3.67480818  6.68015897
  14.13146511 10.08137929  6.4361846   5.09143187  2.86353367  2.09084006
   4.92356183  4.44010468 11.42555453 12.32032724  7.56868933  5.73809102
   2.12933182  3.27790223  2.15012522  2.44711458  4.64244081  6.61944001
   7.12055389  4.97681706  1.6915747   1.41565704  8.77614735]
 [17.45077453 17.09773991 22.9421964  19.01314686 22.17318347 18.82274268
  19.23170732 15.52771237 11.7068699  12.55166212 17.8345401  18.55592782
  24.34049354 20.73771134 19.25627084 17.15463225 19.63581849 20.55266942
  16.22225833 12.57910175 19.24902278 15.74039709 23.92949433 13.83747412
  17.14892367 16.38925235 16.15429716 16.19699238 21.0946402  18.42454691
  20.15924548 18.93370167 14.36955392 13.83185118  7.80121399]
 [16.70841015 10.31564703 18.57781796 16.80966176 18.92947144 10.83573427
  14.56525181 11.70377237  8.80946162  9.86795706 15.64920567 14.39789338
  14.54536771 13.90657005 14.63942803 13.93263291 13.08216246 10.7706698
  15.62172207  9.16715945 20.99074855 16.04180916 17.15617484 13.98567578
  10.85021654 10.66229306  0.80407569 18.52988445 16.16871811 14.74856607
  17.05360549 14.43833746  9.0364693   8.39960888  9.1947052 ]
 [23.87712608 22.40891809 20.77780586 17.33080924 17.89412113 17.94368017
  19.98197218 16.20514298 14.27623094 13.05869537 21.14754847 18.32521431
  16.65375961 17.02411888 16.91786607 14.23254221 20.89640077 16.90454012
  14.05467636 14.10359987 18.67320899 15.73600984 19.18133482 18.35935862
  22.9361323  20.73996861 23.06850789 22.63075796 19.06547084 17.06656587
  14.54058357 14.45685233 24.6448825  23.35274882  8.62450859]
 [13.27628358 13.42783093 21.79080986 20.69208189 24.5234953  21.22200294
  26.9058481  23.45865032 20.59194543 18.99378711 19.56410306 18.54947665
  24.43438849 25.68469785 25.79007846 23.3115388  23.86508331 17.82563191
  21.16792697 19.12135648 23.92773251 22.39375826 27.81716407 23.72572025
  15.58951998 15.56244726 13.66506341 17.7811836  24.28061116 24.10718098
  23.76173866 23.53177014 15.2742329  14.19766988  8.16207245]
 [ 6.46246947  6.82668047  0.79900514  1.64271323  1.11458288  1.41759262
   6.67646632  2.1951459   6.89474888  5.15929795 10.39390595  5.22360302
   9.92670614  9.25784373 12.21953693 11.2486266  13.92890212  1.60118351
  12.06383437  5.97375336  1.15308762  1.51417059 11.27895136  4.904162
   3.52817367  5.77674013  7.77603898  2.85616034 18.05874583 18.18097248
  15.32823408 15.01131813  3.28963585  3.66666871  8.02875195]]