[[85.46078897 91.80691347 76.20846524 82.63303852 38.29543315 82.40833778
  24.98581655 26.05935764 22.16509093 18.791069   80.55851089 73.11817078
  58.9744532  30.39198023 25.19487085 21.27350675 73.45433327 72.73372513
  26.75420089 19.47750566 90.84365386 58.11240687 35.30173128 29.27662064
  94.19166904 94.05794723 86.25984366 73.09075405 50.9565746  58.38941097
  28.50800721 25.67960074 95.85668771 96.02868619 75.45023543]
 [50.47622275 48.20395172 71.59055126 68.55911037 58.62682282 48.03465908
  54.92837673 51.01343792 50.66099632 53.55296152 48.37195503 39.0217229
  61.06453669 41.6897659  57.21191058 54.64941365 59.63606287 44.66808152
  64.53532705 55.24571462 63.84955971 58.27006526 59.81257472 55.4092028
  47.22326836 44.03326776 50.23419093 46.95383319 61.00372731 53.40189921
  60.17374392 53.98905262 34.70650711 69.92666214 55.22760242]
 [67.41003193 72.19538749 97.96358392 96.02269888 60.43913251 57.86985169
  53.67911921 84.77222588 42.11653241 45.5354913  96.41979495 78.82537302
  51.34858764 52.06165361 48.1327335  48.31360465 63.22384404 79.36172337
  49.88893718 46.4575531  76.31760869 62.7841848  54.28547908 52.59798091
  91.05810175 90.81897514 67.64564061 90.34524921 58.70159928 64.53999813
  48.01446165 54.44072777 84.1265333  90.65332333 84.74183785]
 [57.02963464 41.04945223 85.76696682 86.80007408 50.68684311 43.65943274
  21.49667884 24.64206416 19.06135729 19.49821304 64.32733242 52.80377104
  55.47990601 51.98354901 20.86061538 25.76313863 30.84307825 39.57647886
  22.70033537 19.36727336 73.50387007 71.98899873 34.45996688 36.85314415
  66.89170745 59.5022359  53.06962515 43.95607201 51.21232256 41.96636489
  23.55421599 34.61129632 75.84842742 95.20934486 51.72578289]
 [75.08171357 70.92974134 80.32167976 67.1465496  25.07793552 45.34238581
  39.56724632 41.07603375 36.6015072  44.83412412 74.54689372 64.81276754
  48.66881824 42.92653529 38.23508616 42.80118501 69.58390451 44.55845358
  49.17670532 41.45703867 66.78316891 60.58992257 30.69992006 43.58403634
  76.75075102 68.29800188 72.86223067 71.97580316 66.52300068 59.21285312
  40.27380325 44.87719888 68.65041385 78.36459464 63.43588767]
 [71.81653175 76.44424112 68.2092332  66.63323279 33.5831183  57.99568653
  47.38543259 38.61325326 40.73351832 45.31669509 56.50632927 66.9731238
  33.56549583 51.15398423 43.84000377 52.99959788 70.60015035 65.21087409
  59.17271227 46.53642228 92.51223459 54.78585757 30.58823915 47.78783709
  74.78235011 78.58508166 76.68783488 75.02411459 61.93506842 64.65863758
  53.94365383 60.92803382 83.28833611 53.37504819 50.32028664]
 [84.304791   81.79305433 79.27053997 84.37745525 59.17936988 55.06525456
  52.45982903 45.56156795 44.39154828 44.54656146 72.34874608 76.93840968
  58.13583924 58.5743932  51.97358886 46.17754485 79.14292469 63.1701173
  49.14804102 43.75351509 60.86412905 70.27681025 57.6371261  50.04534005
  84.79162385 85.69919482 86.91410771 83.18196329 63.85464009 66.41076569
  57.39830367 55.24504623 89.45159904 92.59793221 60.97285966]
 [65.3444325  64.45964037 72.41808698 73.13742233 54.83472625 43.36195308
  39.0574172  32.72383232 29.25600761 28.6850592  61.96921572 51.9132119
  67.67358302 62.27463445 46.8236305  47.94954278 52.34759461 51.00793594
  58.71221294 32.43609869 61.56882862 66.28700048 49.07692309 45.25545618
  70.26507359 70.73919917 66.18702308 68.22433033 62.29411456 66.55590866
  59.23077291 62.20859505 78.26371572 75.67247156 60.39302243]
 [57.80766993 58.9835167  43.66564698 56.23260766 16.76549958 19.80187072
  35.51182397 44.56610001 36.10401357 41.32386798 54.6094264  55.37798149
  46.11711491 46.56359566 47.86255686 46.60787698 57.32518598 40.17104142
  49.75637512 40.0952848  45.39790629 55.82900109 43.91617658 43.64912409
  53.72137749 56.58125767 57.35976034 56.28780439 57.67104515 53.76858514
  49.23573909 49.64058002 56.9737649  68.78030869 56.06483317]
 [80.60973031 79.53594823 72.95692563 95.16383276 80.31334189 76.65225971
  46.57773288 76.01332672 36.24683608 58.63159103 64.59619066 98.08267866
  57.39908987 73.6471031  35.66600696 36.35470355 73.52200956 56.09757269
  66.24719597 71.80807211 90.18465569 96.07849082 86.06882815 84.61393072
  56.65926279 97.8220911  79.57994538 76.34247065 65.64225989 93.41548598
  47.44227935 52.5102499  94.79768319 88.59758065 76.79392474]
 [69.42886019 62.00129858 94.79511004 95.15752445 70.49499621 55.04724552
  41.26836147 37.61028081 35.89157226 35.97083075 82.31651249 81.45050341
  41.82446821 46.8999433  39.64225907 40.3762547  79.68469987 54.64277555
  42.39362223 39.51592896 61.94914231 52.72579598 45.11355987 48.01431915
  90.22721034 79.70899297 84.4945746  85.51860954 70.3657911  62.33934321
  38.2262519  51.21590564 96.8436577  83.6831416  64.87036297]
 [50.37656251 53.0795175  74.82389735 82.174847   40.95605878 54.56971133
  34.57437959 38.99121316 33.84778082 31.28483443 58.03694673 64.81030912
  45.94048297 52.40964377 33.86116784 38.68188939 56.5698734  62.93721555
  36.53366841 34.10383943 63.08091639 71.68876523 47.11273823 56.07128659
  52.64123927 59.81606476 50.52953144 53.85023927 45.65427296 55.5100813
  33.47417409 43.42268912 61.32973734 53.99047826 57.81862398]
 [41.2959523  49.65218739 45.14264959 46.94201846 37.88584891 28.53285177
  15.14937707 17.87088992 14.28346574 16.04406108 36.80319074 34.18967091
  40.18806655 28.56542163 16.8485069  20.83405821 32.79437095 23.38622911
  28.07956031 18.15370379 34.45535579 34.54325426 25.79832278 24.31469021
  48.57329458 42.27375741 52.2056733  36.10843361 53.25972109 32.94763238
  24.85999617 27.56263696 71.65043579 88.20227958 68.96188104]
 [38.09582446 43.83942942 38.26181865 61.11168739 31.70752423 30.99434876
  17.0487111  17.86763675 16.51770556 14.75998611 22.33874536 37.55139556
  22.79963153 29.0708798  20.11119703 17.32798271 21.93609808 26.33097453
  26.74550027 17.25730545 29.07811927 38.86139177 21.02658953 25.3911529
  29.34006702 46.48850018 36.88493343 26.80579731 23.79563772 27.34217638
  24.27411821 19.01866344 88.28409912 68.31630085 63.01969101]
 [96.37315535 94.76790801 85.92137793 67.57304784 57.98697515 83.6286901
  72.33129839 73.74421079 70.98723751 73.35893119 90.31616049 81.78666141
  47.03600614 66.29530594 68.8056134  74.62933653 93.48045531 92.13693534
  75.54709812 74.94383142 62.49612029 65.02570019 69.35408412 79.61576011
  95.46274949 92.75173297 96.14138551 95.15344298 87.01905085 79.30035809
  68.23879966 77.14594845 97.2074553  97.70789365 58.8451087 ]
 [60.62780925 60.61175164 58.24552547 64.18087285 54.34967448 46.23780977
  38.09008635 38.7063142  32.95546765 41.93831415 56.93276618 59.75357324
  50.76711308 53.89632304 47.34861722 46.45480908 60.01805964 42.11291805
  61.3738333  41.13995981 59.0976143  61.17215844 43.8141645  65.4610856
  59.19038454 58.75930628 63.02963795 60.41046546 57.59974059 64.18724193
  56.01733252 54.60484176 66.36925365 64.95208992 71.85112039]
 [54.1209117  64.16972162 57.50150247 60.81728761 42.30846525 32.50911932
  33.80517161 33.61099342 25.76322724 30.86085209 43.86457581 55.45064112
  53.16833265 58.74463429 38.19676345 39.15230763 70.38727882 51.36446752
  45.72414443 31.70824704 44.36896301 53.99726677 42.7089742  43.66618839
  30.30013749 54.56002722 97.77395798 55.19048574 58.05772033 61.64905146
  50.34709169 54.0329744  63.08714518 72.92372092 69.67016598]
 [54.10683969 54.63398936 61.02929659 57.83497138 51.25826534 51.46687814
  41.71675134 31.13712212 38.6346016  33.77905961 58.71559041 58.54634458
  51.29345064 42.93396318 39.27480447 38.51635727 57.89416874 50.90230408
  48.37027412 40.89256608 60.29999768 58.01532636 45.45922918 37.94688552
  56.15709493 56.12098998 54.66993809 55.481001   59.20099488 57.94896076
  45.9419466  45.889863   53.2225711  58.13116768 72.03920822]
 [68.06772681 63.99790718 62.26099848 61.52489756 52.81755898 49.76322983
  45.61422039 46.84313256 47.08332417 42.95121954 61.99925761 63.25407473
  52.08173052 49.77576864 46.28892999 46.96719577 59.99231945 55.618999
  49.04552514 47.41525505 57.33212479 58.37879972 49.68839332 57.12138799
  66.20850486 66.86825174 68.52374523 66.2076678  55.11205174 56.50036205
  47.48198686 48.78496726 66.18883864 68.49099267 74.56695123]
 [67.80670102 71.36314875 97.97221855 95.39666741 95.73858493 92.17640198
  58.38204548 86.94021161 38.63971142 54.03833465 70.99004075 86.27095864
  62.39913796 57.15605103 36.01789993 46.40967029 71.73678625 94.38166556
  57.31208303 59.45525726 95.82981068 95.4891794  49.55590151 81.03680168
  85.25189993 79.01213386 65.04079334 91.11732432 59.99919264 56.3582527
  42.64323529 41.84342832 85.68831001 86.38272971 63.66059715]]