[[ 7.75899301  4.00590345 12.9375622   9.26335049 39.67852088 12.47428407
  59.870986   61.10696919 66.78065422 69.73259981  9.75627926 12.73323288
  24.30415304 43.45534134 59.69800097 63.29032655  7.72118109 18.90295883
  55.81556385 69.44225512  5.02144251 24.95776609 47.63508928 54.07056909
   3.02412433  2.79178823  6.97529173 10.80516291 16.18703904 17.37409742
  50.52641034 51.43361942  2.15822913  2.07465108 10.33295108]
 [ 5.63238722  5.04508899  4.13578966  4.14160783  6.58829693  5.70514775
  14.46422998 17.83895242 26.26537566 20.13269094  6.38934615  4.14752782
   9.72283609 22.39263415 12.64441879 13.87231842  5.56935385 11.98626518
   9.32134012 20.2959004   6.39874277  5.49692441 10.00519342 11.92247883
   5.43031679  4.80549845  5.3124195   5.92253852  7.16581132  7.9648957
   9.32178107 13.98387239  3.87626171  2.24261835  8.51534063]
 [ 7.21355019  6.18828254  0.38692701  0.77397885  5.30265765  7.47001646
  11.89253936  4.65798651 27.90532015 25.31488448  0.79884698  4.20686659
   7.7422367   9.05976366 13.25276917 13.63285045  8.7981733   4.3475873
  12.96170438 23.80341281  4.03867929  5.95523816  9.24014508 10.77139702
   1.90341819  2.02511634  7.21395016  2.15598346  6.93851542  7.01333231
  10.16286039  9.45961326  3.21321096  2.0432311   3.92299753]
 [11.66972139 19.90392279  6.78808461  6.10394729 24.88970826 20.99738622
  51.39112152 53.69722004 54.01853563 56.45251509 15.36732363 19.85176267
  24.10546177 29.27694834 51.75411395 52.04592744 41.49895015 31.01293336
  52.67086058 54.50091343 14.75570112 15.56578683 39.29117153 40.77499535
   9.27587922 19.71068666 18.73015754 24.26420884 27.38031689 35.1312168
  50.83563689 40.20102657  5.09778481  0.87044169 18.33540216]
 [ 5.70596344  6.3199937   4.63676451  5.98455981  6.67806171 11.30225023
  23.64633889 31.23359866 25.40023025 24.2973987   6.24430898  7.52255372
  10.08120321 24.35639533 25.51175107 29.69283988  7.34957681 16.2442102
  22.80170664 22.69815776  7.0311212   9.32348963 14.7247495  24.01663599
   5.42028526  6.73549855  6.15771248  6.33962528  9.24498015  9.54646697
  19.8410139  27.20268292  6.29674717  4.75620091  8.23062124]
 [ 5.97308087  4.14906708  4.01756265  3.84359114  5.30323733 10.66023531
  16.01822852 34.66074924 31.07574243 27.53441396  7.69712097  6.54216356
   6.41926322 14.22145489 16.78723215 21.20466912  6.77296024  8.81984143
  15.63138713 25.12107889  1.0190805   8.23599766  7.11984064 19.63883872
   4.08968257  4.15345986  5.15503256  6.07695986  7.26057557  7.65090201
  10.45204286 12.2244278   1.90183439  4.79200624  9.0517825 ]
 [ 3.42935837  3.80450784  5.45227721  3.38505125 12.66754197 13.0903581
  20.80246351 28.77026278 32.75231108 35.5628014   6.89948422  5.26416584
  11.16523711 12.17206334 21.2732305  28.42067648  4.77819624 11.28684353
  25.5986092  34.11965592 11.03742661  7.69112603 15.7288181  19.86123417
   3.42938801  3.03362427  2.92540185  4.04150063  8.39651602  7.59033301
  14.98966339 18.52181711  1.38327536  0.52089595 11.60217056]
 [ 5.3712967   4.67681857  5.22185232  4.58063178  8.68322814 10.52248764
  20.94197195 33.60986537 29.71638247 29.31406303  4.8677856   5.98853926
   7.15908465 10.53597716 20.49410776 24.2317489   3.91326486 17.52684975
  14.89168684 27.66362949  7.37920213  7.03475435 14.61209293 20.58665321
   3.47510228  3.5802664   4.53740691  3.03513999  5.21462437  5.00996919
  12.86581159 13.45817025  3.89258124  3.93820018  7.67543631]
 [10.42193166 10.24183623 13.80376782 12.79225126  9.47309313 11.18817633
  35.84958831 34.07856937 43.68500004 36.82414299 13.76406479 13.03714624
  19.89636806 18.45586728 26.04102161 28.21134838 13.37785046 31.22169887
  25.38478494 38.18533371 19.64730356 12.8134427  24.756427   24.29704791
  10.94394876 12.10970325 10.87533623 12.55109511 15.30245524 13.81927889
  20.99682465 23.45126385  9.09063126  5.67036113 18.26568906]
 [ 2.38111335  3.5275309   4.17343246  1.41095544  5.57601271 11.96065852
  39.50535349 18.9102503  52.95091304 34.57110295  4.67239559  0.46086955
   7.94331619 12.25805626 49.47685498 51.85072145  6.79100022 29.82728279
  25.99357318 22.7306131   1.18537225  1.38233045  7.9182406  10.50572843
   3.44572097  0.4504628   4.06159005  4.00289261  8.56229544  1.84108952
  31.17963625 31.44197245  0.61770188  1.34386193  4.95282607]
 [10.28577571  5.05778436  1.81805382  1.51566728 12.74944965 17.94929975
  34.29488721 29.58452158 38.26219589 35.2689278   4.46524217  2.84126808
  21.34502447 16.82051166 30.44486219 29.25898893  4.67040391 16.4410882
  26.59812515 33.80233078 13.160135   10.41397715 25.65102205 21.23476161
   2.3799773   2.45455686  3.68263329  2.87486557  8.31253073  9.20308147
  25.49549985 18.07288589  0.47624979  1.3473678   8.05131177]
 [12.21824413 12.36705603  5.65052068  3.92324227 12.87209035 10.43316084
  33.7107394  32.36310738 38.74480394 44.10660763 10.39373284  8.30373423
  13.63198738 12.39943218 27.63685694 25.61704007  9.31877735 17.55247012
  21.49624397 38.20649768  9.14270304  7.10207053 19.45137828 15.43857526
  12.57983636  9.71904385 11.0116131  11.35021728 12.44192886  9.24095082
  18.86978342 16.97970598 16.78077773 17.37085711  7.68765928]
 [16.61969825 11.08199932 13.3724406  11.55078415 21.87713068 24.79066919
  48.56598191 43.47677698 49.84518811 43.90630941 14.07485024 12.6670672
  18.1233046  21.78370328 41.97725027 36.71033215 13.41601212 34.78926202
  28.34637671 40.38251431 17.33549003 16.06596974 31.82597605 31.04481638
  12.60427726 11.72638449 11.76189114 13.53273168  9.93825856 14.23026245
  28.4490968  24.24916388  6.9306159   2.82104823 10.20866952]
 [26.54634768 22.59179782 27.23828819 13.89039033 29.72150531 24.4219423
  44.78781265 37.48091333 45.52112638 44.95054009 35.42202341 23.73804823
  29.41273174 23.31747628 40.56282406 41.58546506 33.25429411 31.53892571
  39.69795364 43.55440661 31.72294935 22.33078434 35.80115721 27.1405603
  32.4757551  20.78512819 26.64945461 31.56031365 34.34283167 27.47939965
  36.1276252  44.17333343  2.18094257  8.45360462  8.34465693]
 [ 0.7764188   1.19341017  4.13191864  9.71504847 11.04283092  5.99167744
  14.00148207 13.71421741 14.85843403 14.70911449  3.09982434  5.8016383
  19.51944478 12.27111487 15.23424508 13.75358397  1.88805367  3.2124284
  13.21321642 12.37751435 13.76266824 11.91093642 13.30335194  8.68140839
   1.05692107  1.77918237  0.84590027  1.15051018  4.38438111  7.40100759
  14.82824237 11.55247078  0.54576652  0.3838987  12.91852147]
 [ 7.75300688  7.69662032  7.87340776  7.27843616 10.51231029 12.76207822
  26.89960366 34.2830417  45.00909667 34.95181945  7.72533383  7.46089567
  11.4496316  12.03673156 22.09727265 24.25677075  7.5323664  27.81733346
  13.67923496 35.86507932  8.42575104  6.66805595 17.37867397 12.83120579
   7.09846624  7.01638098  7.36418327  7.06216917  8.27812613  6.93076756
  12.47452936 14.67843426  5.7381384   6.65998063  7.23216432]
 [ 9.00518654  5.88612328  9.36494314  8.46516672 14.24487466  9.75896972
  33.91985966 42.00493708 51.25439273 44.71508798 10.50336984  9.19884042
   9.62913658  9.76751754 34.61918382 34.69013729  6.55382477 15.00422653
  27.20365024 43.81040667 12.31094966  9.18159    20.30768425 19.3273208
   7.12591312  7.77964188  0.32070028  8.99871359  8.47253564  8.56066627
  19.40811504 19.29413197  5.50616388  4.53315962  6.38097481]
 [11.79045362 12.44905321  8.41489328 12.09826314 10.57422049 13.75651832
  19.17773468 34.50543696 26.73759408 29.54671734  9.53978939 10.72417821
  13.68339221 20.69735441 21.95022902 27.72753709 10.2006306  17.65025103
  19.16790776 22.75343517  8.77595499 11.94846724 15.81254451 24.42683928
  10.72540059 11.91922704 11.90532664 11.30674636  9.73138397 10.57174967
  18.03111614 20.65358523 12.14864769 10.12618342  8.88881447]
 [ 4.39866268  3.81603013  6.87114565  7.15697794  9.19213702  7.62375097
  13.13578695 13.85160363 16.46021323 17.34525096  7.25871339  6.34033603
  11.10353207 11.46051803 15.56758648 16.44151509  6.35130095 10.53754358
  18.11330881 16.84426721  8.81287182  8.31306864 11.74052781  9.58154974
   5.56903965  4.69368344  4.01551125  4.99186024  8.95876245  8.18438459
  15.46145156 15.71470229  3.77179551  3.6012147   4.63762003]
 [11.908196    9.94852553  0.48837175  1.44656146  1.34600035  1.50723632
  23.39553127  6.53953654 39.43316938 28.2156603   7.08095772  3.39054259
  14.04733028 19.16868701 34.92264656 25.66309204  6.23130977  2.0388583
  17.40972613 23.08992005  0.96906841  1.26224778 24.66236795  6.56610192
   5.12121596  7.08873006 12.64991469  2.79462582  8.26215234 10.20320328
  24.81561172 25.59671918  4.15547577  4.12935401  8.32020007]]