[[7.80768458e+00 7.89644937e+00 3.58946665e+00 2.49388966e+00
  5.27120124e+00 3.51384637e+00 2.48568123e+00 1.88441312e+00
  1.57659693e+00 1.48749967e+00 1.36950890e+00 1.89573554e+00
  2.55222058e+00 8.32887893e-01 1.44242650e+00 8.96173486e-01
  7.02830916e-01 2.99057843e-30 5.63862224e-01 1.44620519e+00
  3.45473305e+00 2.76659163e+00 2.69050253e+00 2.21252741e+00
  3.55359186e+00 3.67677248e+00 6.42736377e+00 1.63026506e+00
  3.34464105e-01 4.42380256e-01 4.49856525e-01 2.69358228e-01
  1.42110165e+01 6.32376674e+00 3.76897696e+00]
 [3.20860069e+01 2.49669478e+01 1.14935196e+01 1.00069273e+01
  7.59812258e+00 1.16877002e+01 1.39911052e+00 1.87469122e+00
  1.64560153e+00 2.48214931e+00 6.86254110e+00 1.28961995e+01
  8.93195232e-01 2.44539519e+00 7.68318057e-01 1.00126716e+00
  1.46734876e+00 2.74082011e-30 4.44221241e-01 1.98298379e+00
  6.40653654e+00 1.07041028e+01 1.89549702e+00 1.04853934e+01
  1.76101468e+01 1.29851204e+01 2.15105911e+01 7.37224417e+00
  6.22088581e-01 1.15612900e+00 3.08125699e-01 3.03826562e-01
  7.61679302e+01 1.08779547e+02 1.24449463e+00]
 [1.67482729e+01 2.45603990e+01 3.53948232e+00 1.84825667e+01
  1.57802825e+00 1.34448744e+00 1.35607122e+00 1.56163837e+00
  1.66073719e+00 1.81048718e+00 2.06604300e+00 5.55546586e+00
  5.42520290e-01 8.17371581e-01 9.42323594e-01 8.80401404e-01
  1.44526391e+00 1.41387951e-29 6.48693245e-01 1.59233829e+00
  1.60630167e+00 1.52169843e+01 9.16688563e-01 9.97514216e-01
  9.45190574e+00 2.44014815e+01 1.55887977e+01 6.16038220e+00
  4.34368728e-01 5.36830954e-01 5.14489997e-01 3.54514066e-01
  1.10803280e+01 1.82768702e+01 6.12461681e-01]
 [4.99896826e+02 1.57504839e+02 3.20606752e+01 1.79403050e+01
  2.74534193e+01 5.06618778e+01 1.03527942e+01 9.82357917e+00
  8.62521421e+00 1.11451239e+01 3.54401104e+01 6.54538620e+01
  2.11707050e+00 1.42299163e+00 2.98218034e+00 3.42675390e+00
  1.67096199e+01 5.60504462e-29 2.56315583e+00 9.29907723e+00
  9.73791676e+00 1.97791737e+01 5.97835105e+00 8.11053559e+00
  2.24643496e+02 1.28970904e+02 1.05494312e+02 1.08406969e+02
  6.60377017e+00 7.91271410e+00 1.02688586e+00 1.07105069e+00
  3.22337415e+02 1.62136035e+02 3.59309096e+00]
 [4.32013085e+02 6.48092533e+02 5.38951369e+01 3.64003483e+01
  8.08581497e+00 9.11581102e+00 6.17729207e+00 6.26634193e+00
  9.56890682e+00 7.34133181e+00 2.86197587e+01 2.73856685e+01
  3.60257296e+00 1.94458115e+00 3.03273158e+00 3.34454401e+00
  2.11689585e+01 8.77560668e-30 2.53107522e+00 8.20063276e+00
  1.28951468e+01 1.20814669e+01 2.71896101e+00 3.25274992e+00
  1.25537978e+02 1.68065511e+02 4.24386918e+02 8.50181460e+01
  4.98948025e+00 3.42332463e+00 9.97344269e-01 1.12553494e+00
  3.64740308e+02 5.73496670e+02 9.33677423e+00]
 [6.97532030e+00 2.04579519e+01 4.73467135e+00 1.91338204e+01
  1.43397189e+00 3.32772094e+00 1.12129394e+00 1.25115503e+00
  1.87942820e+00 2.35881092e+00 3.99913913e+00 3.89230633e+00
  4.43625028e-01 4.40958587e-01 6.81450540e-01 6.41593549e-01
  1.30734922e+00 8.38265044e-30 4.79991150e-01 1.92540894e+00
  2.89070916e+00 1.71031909e+00 7.21505677e-01 6.26576430e-01
  1.16436390e+01 9.62094914e+00 8.51692412e+00 3.10240131e+00
  5.16301138e-01 4.95661494e-01 3.42913742e-01 2.33745473e-01
  1.03470170e+01 3.65068499e+01 1.59456516e+00]
 [2.07053091e+01 2.23557516e+01 5.62385197e+00 9.84262238e+00
  2.45625652e+01 8.33331944e+00 1.54641569e+01 1.40759801e+01
  6.99736259e+00 6.84876381e+00 1.69576947e+00 3.88855691e+00
  2.32090241e+00 1.27161445e+00 3.46347421e+00 2.63406606e+00
  2.06594289e+00 4.32954308e-30 1.18057260e+00 7.05338947e+00
  3.86543045e+00 3.82220174e+00 1.48555767e+01 7.27548905e+00
  6.37825784e+00 1.03925531e+01 2.01498022e+01 5.65652396e+00
  7.65913081e-01 9.33232753e-01 8.85994818e-01 6.67458911e-01
  3.25106938e+01 4.00003960e+01 7.10748939e+01]
 [1.47357200e+01 4.30815801e+01 3.72127033e+00 5.22935761e+00
  6.42869766e+00 1.57967371e+01 9.02654385e+00 5.46866919e+00
  2.26966759e+01 1.82131411e+01 7.19951968e+00 1.52768741e+01
  8.80677190e-01 7.68078260e-01 2.09456081e+00 1.79908789e+00
  1.96002610e+00 5.97334341e-30 1.20667714e+00 1.69605316e+01
  3.25877743e+00 3.09463984e+00 2.18644001e+00 2.60012640e+00
  2.21436249e+01 2.57093401e+01 1.85812886e+01 1.20178519e+01
  5.92079747e-01 6.57472263e-01 5.55942731e-01 5.36926168e-01
  3.29656048e+01 2.63031754e+01 9.35651228e+00]
 [1.22104369e+01 1.16552730e+01 8.20354245e+00 2.29711220e+00
  6.36897295e+00 8.34885007e-01 1.02366746e+00 1.74808519e+00
  1.70768576e+00 4.02015731e+00 1.86993427e+00 1.08643981e+00
  4.02979373e-01 3.82711854e-01 5.41657130e-01 6.72771109e-01
  8.83415662e-01 2.31228994e-30 3.90698700e-01 2.71908832e+00
  1.32556519e+00 9.70675132e-01 5.97571949e-01 6.28976645e-01
  6.53070752e+00 2.68823434e+00 8.99360411e+00 2.64726969e+00
  3.63193725e-01 2.97660440e-01 2.73631490e-01 2.21951054e-01
  7.14671295e+00 2.03130911e+01 8.43473407e+00]
 [5.42612482e+01 1.26350490e+01 6.62218959e+00 6.42573705e+00
  3.01462301e+00 1.45051285e+00 4.67446939e+00 2.56571740e+00
  3.84172530e+00 1.94198270e+00 3.91453227e+00 9.53965620e+00
  7.16674935e-01 5.05949790e-01 1.07652962e+00 6.90136617e-01
  1.00668658e+00 1.03656940e-29 5.22422619e-01 3.02437274e+00
  3.92496968e+00 2.80277390e+00 2.54304021e+00 1.24616623e+00
  8.67902424e+00 1.06078615e+01 1.27673320e+01 3.21428953e+00
  4.33215022e-01 6.92596720e-01 3.41095071e-01 2.36836045e-01
  4.16635400e+01 1.04836294e+01 1.69677032e+01]
 [2.85728811e+00 2.41424442e+01 3.35386702e+00 4.09551258e+00
  2.31979459e+00 4.04096216e+00 2.37732952e+00 7.39135492e+00
  6.86743511e+00 8.90912029e+00 2.82646499e+00 8.30265083e+00
  6.88282283e-01 8.81702455e-01 1.23730187e+00 1.32908813e+00
  1.00714534e+00 1.17390943e-29 7.14467533e-01 6.65630096e+00
  2.08429368e+00 4.83248205e+00 1.22310763e+00 1.36299003e+00
  7.39958376e+00 2.83973258e+01 7.92097481e+00 3.35676233e+00
  4.89964072e-01 7.95680734e-01 4.33907300e-01 4.68903645e-01
  5.91293808e+00 2.10366378e+01 3.32521785e+00]
 [1.13980309e+01 1.39812630e+01 4.25912728e+00 4.26026064e+00
  1.22357349e+01 1.20459865e+01 2.72596458e+00 3.04986259e+00
  2.52926691e+00 2.59889895e+00 1.83974896e+00 2.14885092e+00
  1.67459808e+00 1.69043167e+00 1.34721166e+00 1.31209776e+00
  1.40631452e+00 1.43105342e-29 6.82332619e-01 2.23568020e+00
  4.86256087e+00 3.56851764e+00 3.33966240e+00 6.32621720e+00
  5.41027528e+00 7.74197875e+00 1.49632620e+01 2.98686112e+00
  6.78966990e-01 7.40058261e-01 5.24418237e-01 4.34887060e-01
  2.11889833e+01 1.74282707e+01 7.12957625e+00]
 [2.09397451e+01 2.48920755e+01 2.91355097e+00 4.98247667e+00
  2.21706753e+00 1.76863002e+00 2.67115039e+00 2.61099754e+00
  5.47228925e+00 5.20467518e+00 1.76147817e+00 2.54894442e+00
  8.95459460e-01 6.78927455e-01 1.78973508e+00 1.33077335e+00
  1.75738156e+00 2.15443940e-30 1.17243535e+00 5.08936741e+00
  1.74077355e+00 1.97385100e+00 1.69852529e+00 1.35077299e+00
  6.26760812e+00 7.61230131e+00 1.73653818e+01 5.11493566e+00
  6.13234480e-01 6.57627318e-01 7.81040295e-01 4.50412944e-01
  1.23963782e+01 1.35520835e+01 9.30261374e+00]
 [3.34891345e+00 5.71276799e+00 2.27398689e+00 2.74436874e+00
  1.66092392e+00 2.34042772e+00 1.67315067e+00 2.68475352e+00
  2.31471902e+00 5.47783168e+00 1.42410126e+00 2.42127345e+00
  6.90540123e-01 9.36164429e-01 1.14287983e+00 1.41124907e+00
  1.12729954e+00 1.57804190e-29 8.39794781e-01 3.22303247e+00
  1.63647919e+00 1.64356581e+00 1.16774436e+00 1.80896384e+00
  2.42660655e+00 6.96972952e+00 4.69019423e+00 1.83943253e+00
  6.77010924e-01 8.23747699e-01 4.18981453e-01 5.12619989e-01
  3.31989330e+00 6.50993879e+00 1.34059807e+01]
 [1.43558109e+01 1.37112533e+01 2.11026297e+00 1.64850861e+00
  1.99488357e+00 1.06342825e+00 1.49744386e+00 1.55880679e+00
  2.97478297e+00 1.68417444e+00 1.01110231e+00 1.47093947e+00
  4.22341660e-01 3.46567242e-01 9.37920168e-01 6.46403583e-01
  9.79868223e-01 8.20282190e-30 4.22716751e-01 2.07935934e+00
  9.21036186e-01 6.04049822e-01 8.80249371e-01 7.74905532e-01
  4.34260645e+00 7.89815251e+00 1.29961418e+01 3.21852478e+00
  3.54371550e-01 3.45581028e-01 3.69862433e-01 2.14702094e-01
  1.21633464e+01 1.08042153e+01 2.84197854e+00]
 [4.77259940e+00 4.51405374e+00 2.17318094e+00 2.49654930e+00
  9.77832189e-01 9.39623678e-01 9.24571183e-01 1.06202395e+00
  1.02292161e+00 1.28307432e+00 1.53896759e+00 3.01575973e+00
  4.74335064e-01 5.37539992e-01 6.47412256e-01 6.48157941e-01
  1.07702719e+00 8.33657760e-31 3.73968534e-01 1.12024923e+00
  1.55381731e+00 2.07927888e+00 7.20127585e-01 8.31032735e-01
  3.23919391e+00 5.12146592e+00 4.58155364e+00 3.50350216e+00
  4.63712682e-01 4.45956613e-01 2.77744700e-01 3.05474907e-01
  2.37068609e+00 4.54700580e+00 3.51805990e+00]
 [5.57488749e+00 6.05677358e+00 3.24719405e+00 3.55329099e+00
  4.55436316e+00 6.87654785e+00 3.49692973e+00 3.18603491e+00
  5.31946496e+00 4.96240425e+00 3.54501531e+00 7.75145168e+00
  7.85441922e-01 7.28343490e-01 1.15580667e+00 9.82735660e-01
  7.61396795e-01 3.78738082e-30 5.37153200e-01 5.59380808e+00
  2.76009819e+00 2.28670562e+00 2.09971356e+00 2.02228858e+00
  1.83916673e+01 1.95061910e+01 4.79724110e+00 2.31356836e+00
  5.31610802e-01 4.66234673e-01 3.63290090e-01 3.02957912e-01
  9.72590010e+00 2.75724837e+00 1.07561036e+01]
 [4.06947487e+01 4.35364107e+01 4.10934716e+00 5.95560391e+00
  2.58112613e+00 4.32494443e+00 2.07944195e+00 4.25814471e+00
  2.72957457e+00 4.57039656e+00 2.43782969e+00 4.23190099e+00
  8.17726923e-01 1.15357924e+00 1.31150704e+00 1.76323933e+00
  2.28512428e+00 3.24211797e-30 1.07522941e+00 3.74325124e+00
  2.42137372e+00 2.41333245e+00 1.73131044e+00 2.74620569e+00
  8.38903603e+00 1.11155288e+01 2.47647045e+01 8.05331080e+00
  7.91660259e-01 8.75007196e-01 6.97690529e-01 7.46921935e-01
  3.36201943e+01 2.03358717e+01 6.52043307e-01]
 [8.07477811e+00 2.40959392e+01 2.67942736e+00 2.15839449e+00
  3.14672102e+00 5.38817268e+00 1.58301690e+00 2.33749794e+00
  2.26643110e+00 4.21536089e+00 1.06214273e+00 2.44028759e+00
  2.93074443e-01 3.56553986e-01 5.79038697e-01 8.46777774e-01
  7.03335577e-01 1.75484176e-29 4.35236173e-01 3.16706318e+00
  1.82756665e+00 1.44383904e+00 6.35260257e-01 9.06624283e-01
  2.89231044e+00 5.58485944e+00 9.81685131e+00 2.21446120e+00
  2.66532766e-01 2.57523519e-01 2.39298026e-01 2.08358181e-01
  4.67388203e+00 6.43894042e+00 2.65305224e+01]
 [1.36453600e+01 1.93216319e+01 5.94824268e+00 5.73812243e+00
  1.18403931e+01 1.51638358e+01 3.48590208e+00 4.33205055e+00
  4.90608571e+00 4.74726210e+00 2.23568927e+00 3.57148002e+00
  1.40602306e+00 1.99132691e+00 1.82162356e+00 1.72196621e+00
  1.29318461e+00 1.30813499e-29 1.14581033e+00 4.56682547e+00
  5.41082155e+00 5.20560297e+00 2.41088241e+00 2.57003535e+00
  4.52657967e+00 5.83050203e+00 1.35700230e+01 3.80479487e+00
  7.88061391e-01 8.06900443e-01 8.11108996e-01 6.20191857e-01
  7.55851728e+00 4.60715499e+00 1.56015875e+00]]