[[1.20233285e+01 1.32751378e+01 6.85986468e+00 5.14045913e+00
  1.03400503e+01 8.77467194e+00 1.48255702e+01 1.47403077e+01
  1.89373466e+01 1.23152671e+01 3.07007671e+00 3.42184106e+00
  3.71641481e+00 2.47084333e+00 7.76032461e+00 6.57960072e+00
  1.99550583e+00 1.07368764e-29 4.18069719e+00 1.39914089e+01
  6.06856298e+00 4.84621035e+00 7.87850126e+00 7.22833969e+00
  6.99432932e+00 7.64882455e+00 1.03966994e+01 3.59534239e+00
  1.09933682e+00 1.00560968e+00 2.16626324e+00 1.79655958e+00
  2.59704327e+01 1.12612106e+01 7.35066053e+00]
 [5.30949059e+01 4.12413883e+01 1.82034375e+01 1.47638385e+01
  1.09205796e+01 1.50204480e+01 4.89773849e+00 6.11016186e+00
  5.68697769e+00 6.05302377e+00 1.14421441e+01 2.12164319e+01
  2.41221537e+00 3.84746111e+00 2.79579731e+00 3.24406838e+00
  3.13661362e+00 4.58762663e-30 1.76373118e+00 5.40473008e+00
  1.16201223e+01 1.60870812e+01 4.07867423e+00 1.21182161e+01
  2.96224050e+01 2.10982024e+01 3.55956749e+01 1.29092107e+01
  1.89296191e+00 2.46165707e+00 1.06981814e+00 1.06269538e+00
  6.26055397e+01 7.90480786e+01 1.50696693e+00]
 [6.60147025e+01 7.41484703e+01 1.62104330e+01 4.05732634e+01
  1.03752912e+01 9.14419366e+00 1.13166505e+01 1.11587855e+01
  1.56809445e+01 1.40139112e+01 9.01519960e+00 1.41807130e+01
  4.66372306e+00 4.35223985e+00 8.63053399e+00 7.46820081e+00
  5.48835107e+00 4.45564138e-29 6.19767693e+00 1.32971841e+01
  8.63452476e+00 3.01943106e+01 8.36622748e+00 7.58835292e+00
  3.19556187e+01 7.02581860e+01 5.76042787e+01 2.04712894e+01
  2.87600750e+00 3.32776624e+00 4.64193153e+00 2.81380609e+00
  4.32468193e+01 4.34392461e+01 1.44240652e+00]
 [8.25473324e+02 3.31442719e+02 7.15124946e+01 4.87177700e+01
  5.50226859e+01 1.01653573e+02 3.05293244e+01 3.37145655e+01
  3.86163753e+01 4.16388522e+01 7.47851713e+01 9.31142436e+01
  5.71545776e+00 4.79992385e+00 1.35130849e+01 1.63242583e+01
  3.22391663e+01 1.04893907e-28 1.07880037e+01 3.50657230e+01
  1.98593449e+01 4.51765778e+01 1.55394878e+01 1.88846168e+01
  4.35581055e+02 1.91081447e+02 2.05356731e+02 1.87401537e+02
  1.59056966e+01 1.54125882e+01 4.31352829e+00 4.22302618e+00
  4.99055020e+02 2.49767333e+02 6.21694995e+00]
 [5.73479560e+02 8.54050612e+02 8.22253313e+01 5.98025822e+01
  1.98868292e+01 2.13327983e+01 2.24802656e+01 2.67761100e+01
  2.85536768e+01 2.64610527e+01 4.47248244e+01 4.09340457e+01
  9.21762588e+00 6.92587707e+00 1.33703198e+01 1.52093178e+01
  3.24740941e+01 2.43118162e-29 9.11936926e+00 2.56398053e+01
  2.28764929e+01 1.99347110e+01 1.21846348e+01 1.33100937e+01
  1.75695949e+02 2.45936000e+02 5.67909204e+02 1.21372731e+02
  9.24072239e+00 7.92926777e+00 4.89490979e+00 4.32539648e+00
  4.85678350e+02 7.60818969e+02 1.43176581e+01]
 [1.00071703e+01 2.26785024e+01 8.23439303e+00 2.58462054e+01
  4.22810333e+00 6.29403148e+00 5.16538832e+00 6.90686673e+00
  7.90966183e+00 7.13220128e+00 5.88452194e+00 5.81659956e+00
  1.82859967e+00 1.36085437e+00 3.04363488e+00 2.87794523e+00
  2.48303157e+00 9.75667346e-30 1.96251746e+00 6.68930454e+00
  5.39035371e+00 3.66208402e+00 3.01159426e+00 2.78044631e+00
  1.45394441e+01 1.23936268e+01 1.22722300e+01 4.88390995e+00
  1.42037805e+00 1.12774808e+00 1.38049932e+00 8.58568807e-01
  1.00681932e+01 3.64617240e+01 2.81263528e+00]
 [4.83668169e+01 5.31249798e+01 1.41550363e+01 2.33374962e+01
  3.62785135e+01 1.40633405e+01 3.53078455e+01 2.14907253e+01
  2.34017434e+01 2.29754962e+01 5.37967647e+00 1.38868478e+01
  6.58386807e+00 5.18896229e+00 1.39145861e+01 1.05958607e+01
  6.65569373e+00 1.67593327e-29 8.29481281e+00 2.24554577e+01
  1.05529614e+01 1.11074138e+01 2.69219463e+01 1.30689933e+01
  1.49749824e+01 2.76072221e+01 4.94527671e+01 1.49350893e+01
  3.72214657e+00 5.19494667e+00 4.90726574e+00 3.65385763e+00
  6.48712252e+01 9.57003115e+01 9.05474492e+01]
 [2.26175264e+01 6.59637094e+01 7.37589274e+00 9.86394799e+00
  1.03400020e+01 2.02551146e+01 1.76679941e+01 1.70026609e+01
  3.20944110e+01 2.39434347e+01 1.15904068e+01 2.05840131e+01
  3.03947375e+00 2.16794787e+00 6.89152533e+00 7.18831285e+00
  3.95244922e+00 8.14204868e-30 4.11996105e+00 2.42639658e+01
  5.79667444e+00 5.68444239e+00 5.96256215e+00 6.46037559e+00
  3.11700632e+01 3.36820560e+01 2.87442398e+01 1.63904901e+01
  1.56995466e+00 1.61035463e+00 2.32139366e+00 2.07934764e+00
  5.11375579e+01 3.48880893e+01 1.31989396e+01]
 [2.64840709e+01 2.57444695e+01 1.83230598e+01 1.02900264e+01
  1.37453758e+01 6.62427622e+00 8.54694922e+00 9.62803670e+00
  1.13060202e+01 1.43074440e+01 6.49986937e+00 5.85486080e+00
  3.11345561e+00 2.47301380e+00 6.08976890e+00 5.17183753e+00
  3.78527718e+00 5.91058844e-30 4.15348273e+00 1.27318456e+01
  5.52348544e+00 5.87808313e+00 5.67575543e+00 4.96155026e+00
  1.36682184e+01 9.42750601e+00 1.89776037e+01 7.33498548e+00
  2.12597685e+00 2.18280503e+00 2.65126442e+00 1.81268000e+00
  1.36367025e+01 3.33229417e+01 1.93769950e+01]
 [9.71430772e+01 2.50225897e+01 1.57253893e+01 1.73857847e+01
  7.74539126e+00 4.76789424e+00 1.30139648e+01 1.55277982e+01
  1.39374929e+01 1.21862796e+01 9.30565552e+00 5.16711075e+01
  2.53406534e+00 2.08263202e+00 5.52751729e+00 4.50033885e+00
  2.86069114e+00 8.43883183e-29 3.30978859e+00 1.40733539e+01
  1.51924553e+01 1.35528198e+01 1.17988675e+01 7.30778278e+00
  1.71178117e+01 4.10402125e+01 2.52960315e+01 7.63810370e+00
  1.34454774e+00 2.76495259e+00 1.80607552e+00 1.14004225e+00
  8.41904173e+01 2.15513441e+01 4.23891795e+01]
 [1.01563841e+01 4.63720588e+01 1.29450239e+01 1.29481805e+01
  1.07576115e+01 1.10399595e+01 1.34410388e+01 1.67608228e+01
  2.24822081e+01 2.33382750e+01 8.43512988e+00 1.70131382e+01
  4.95292948e+00 5.15469127e+00 8.85735469e+00 8.27375260e+00
  4.46993169e+00 6.18513889e-29 5.62492732e+00 2.06204771e+01
  8.32078045e+00 1.31961212e+01 8.78760576e+00 8.23694042e+00
  1.53371690e+01 5.05633853e+01 1.80009426e+01 9.02875590e+00
  2.53566451e+00 2.85623406e+00 3.42752144e+00 3.35868224e+00
  1.15146368e+01 3.61992466e+01 7.48419162e+00]
 [2.35504675e+01 2.74120529e+01 9.80299467e+00 1.09876986e+01
  2.04766357e+01 2.11537812e+01 1.31078957e+01 1.36464553e+01
  1.94179206e+01 1.71472446e+01 5.70543848e+00 6.14158900e+00
  5.70061409e+00 4.76550881e+00 9.08317581e+00 8.19921177e+00
  4.95841654e+00 6.99089880e-29 5.13367774e+00 1.54800491e+01
  8.95951645e+00 8.58961743e+00 1.08434682e+01 1.17370308e+01
  1.19792412e+01 1.55498260e+01 2.78129887e+01 8.29493467e+00
  3.08113260e+00 2.71851049e+00 3.58788477e+00 2.61748906e+00
  3.76993848e+01 2.86462632e+01 2.15101319e+01]
 [8.41355903e+01 1.16887221e+02 1.55439079e+01 3.09089224e+01
  1.78234773e+01 1.36531643e+01 2.42199765e+01 1.83766196e+01
  2.96154083e+01 2.40790842e+01 1.04165901e+01 1.61908074e+01
  7.09987066e+00 5.45821072e+00 1.50357619e+01 9.88764143e+00
  9.97102487e+00 1.23347057e-29 8.21641250e+00 2.46826948e+01
  1.08945257e+01 1.43295751e+01 1.49812358e+01 1.09017200e+01
  2.40497418e+01 3.87586586e+01 7.65265623e+01 2.36512517e+01
  3.97349475e+00 4.55285715e+00 5.69395907e+00 3.15032089e+00
  5.10804624e+01 5.80208634e+01 1.98869498e+01]
 [1.57184155e+01 2.04357839e+01 1.75745428e+01 1.71564024e+01
  2.23396020e+01 1.97443195e+01 2.92220466e+01 2.66095353e+01
  2.68099552e+01 3.26573412e+01 1.11486916e+01 1.21144834e+01
  7.26562584e+00 6.39811918e+00 1.75009049e+01 1.36869070e+01
  7.14391784e+00 1.62890682e-28 8.97971708e+00 2.44995627e+01
  1.31377238e+01 1.31130819e+01 1.80994729e+01 1.47975680e+01
  1.25903305e+01 2.00068298e+01 1.83033225e+01 1.05605210e+01
  4.46687834e+00 4.63809313e+00 5.23436048e+00 4.19083873e+00
  8.80313595e+00 1.00530930e+01 2.94634313e+01]
 [3.63114991e+01 3.88640494e+01 9.18044488e+00 6.16574527e+00
  9.89512705e+00 7.05079716e+00 1.65078910e+01 1.58898534e+01
  2.28779498e+01 2.12997325e+01 4.87651429e+00 4.59505165e+00
  3.20131648e+00 2.37730740e+00 9.41763221e+00 7.62114774e+00
  4.01708853e+00 3.32583579e-29 4.33069706e+00 1.99007177e+01
  5.19273645e+00 3.60248887e+00 8.64393906e+00 6.59970000e+00
  1.34655240e+01 2.06065229e+01 3.31237168e+01 1.01726447e+01
  2.18040956e+00 1.68783762e+00 3.13708412e+00 1.95288388e+00
  2.96368815e+01 2.75699789e+01 1.22211438e+01]
 [1.16622719e+01 1.12733475e+01 5.92224755e+00 5.73882600e+00
  4.69337422e+00 4.22512822e+00 5.99120483e+00 7.56337453e+00
  1.01675712e+01 1.01686138e+01 3.43700867e+00 5.15661533e+00
  1.72265723e+00 1.53872044e+00 3.77768314e+00 3.49860479e+00
  2.18611661e+00 3.34520214e-30 1.80335020e+00 8.91932421e+00
  3.94644960e+00 4.19805326e+00 4.02431456e+00 3.90318341e+00
  6.90641087e+00 1.04295403e+01 1.06965653e+01 6.64825666e+00
  1.07878975e+00 8.74979117e-01 1.28776632e+00 1.08210542e+00
  4.98772194e+00 2.47490393e+01 9.88017573e+00]
 [1.13070640e+01 1.25817399e+01 7.59502932e+00 9.03367998e+00
  1.05829117e+01 2.04758664e+01 1.00175774e+01 9.09517735e+00
  1.29471055e+01 1.19675334e+01 6.00085280e+00 1.23376888e+01
  2.20855667e+00 3.10417717e+00 4.58461191e+00 4.65929704e+00
  1.98380458e+00 6.57283754e-30 2.29663157e+00 1.24509705e+01
  5.90471683e+00 5.30664572e+00 5.78030798e+00 7.45316200e+00
  2.74766225e+01 2.72947115e+01 1.03982968e+01 4.07448231e+00
  1.51614864e+00 1.54527303e+00 1.45628603e+00 1.44881758e+00
  1.57313985e+01 4.95362881e+00 2.74552812e+01]
 [1.65800467e+02 1.82608989e+02 2.17491629e+01 2.86417933e+01
  1.28133171e+01 1.58335197e+01 1.61936910e+01 2.32818893e+01
  2.26811295e+01 2.92979787e+01 1.25535803e+01 2.08491005e+01
  6.01914693e+00 6.72035498e+00 1.30374114e+01 1.28998828e+01
  1.08984625e+01 2.02679305e-29 9.40115355e+00 2.31796889e+01
  1.11654504e+01 1.23188383e+01 1.23057848e+01 1.35732812e+01
  3.70514037e+01 5.06903144e+01 1.06522149e+02 3.59045932e+01
  4.58643575e+00 4.66793503e+00 6.37668575e+00 5.50658909e+00
  1.19279122e+02 7.43750201e+01 2.48080313e+00]
 [2.17187284e+01 5.83531235e+01 9.25591096e+00 8.59281898e+00
  9.09103316e+00 1.03366281e+01 1.09843485e+01 1.03135675e+01
  1.26713641e+01 1.39097408e+01 4.22745517e+00 6.76607531e+00
  2.14405440e+00 1.66990781e+00 5.21836036e+00 4.46075330e+00
  2.87524213e+00 5.88929762e-29 3.15738201e+00 1.17357852e+01
  5.40008696e+00 5.10561004e+00 5.37160389e+00 4.34404444e+00
  8.46360142e+00 1.50546220e+01 2.49256605e+01 7.07470222e+00
  1.34779152e+00 1.28967710e+00 2.04284950e+00 1.39779382e+00
  1.00868436e+01 1.45128284e+01 5.17121946e+01]
 [3.64162468e+01 4.75390979e+01 1.51667963e+01 1.29562919e+01
  2.48618231e+01 2.34661511e+01 2.10232945e+01 2.42651762e+01
  2.97327045e+01 3.38063075e+01 5.72844721e+00 9.00920672e+00
  5.79232638e+00 6.47104289e+00 1.22900535e+01 1.19001463e+01
  3.77024856e+00 3.53278481e-29 6.26574063e+00 2.73034156e+01
  1.02110813e+01 8.85167345e+00 1.23021230e+01 1.25748590e+01
  1.27678571e+01 1.61099835e+01 3.57501368e+01 1.05453869e+01
  2.23260038e+00 1.95026765e+00 4.16583530e+00 3.12581328e+00
  1.50490146e+01 9.43844469e+00 5.13992989e+00]]