[[1.02283335e+01 1.16995691e+01 8.02557802e+00 9.47514312e+00
  1.29169924e+01 1.48190487e+01 3.06417723e+01 3.92503033e+01
  3.51800204e+01 2.65525973e+01 4.20022385e+00 4.61672477e+00
  3.89285607e+00 2.84554549e+00 1.15614782e+01 1.09754254e+01
  4.14825517e+00 2.69018051e-29 6.09620419e+00 2.69305088e+01
  6.75850393e+00 6.84007199e+00 1.18867450e+01 1.23896625e+01
  6.34101741e+00 6.84343765e+00 8.87147301e+00 5.40835654e+00
  2.51637792e+00 1.57207815e+00 3.16763621e+00 2.27893459e+00
  3.53992005e+01 1.60215224e+01 9.77632656e+00]
 [5.09199078e+01 4.37904250e+01 2.87509852e+01 2.35100293e+01
  2.77728455e+01 2.22931592e+01 2.50658583e+01 2.49060216e+01
  2.30041374e+01 2.10137766e+01 1.30586579e+01 1.29042062e+01
  7.20182238e+00 7.27821904e+00 1.43896454e+01 1.32533957e+01
  1.13385959e+01 7.03929177e-30 9.06351062e+00 2.10586511e+01
  1.89059387e+01 1.68122254e+01 1.76557614e+01 1.69110339e+01
  2.22282100e+01 2.26596514e+01 4.14675222e+01 2.01742242e+01
  6.31000570e+00 4.52665456e+00 5.74870512e+00 4.98946724e+00
  2.37172269e+01 2.87042375e+01 1.28209739e+00]
 [4.94596609e+01 4.68187363e+01 1.51541945e+01 1.26710625e+01
  7.57980817e+00 6.34849968e+00 8.14982992e+00 7.22941575e+00
  9.02813553e+00 8.33532795e+00 5.44437573e+00 5.62138185e+00
  2.05486704e+00 1.88841372e+00 4.21239277e+00 3.41719079e+00
  3.41720809e+00 1.58786895e-29 2.79118440e+00 8.17064081e+00
  5.88429464e+00 6.05966174e+00 4.99963454e+00 4.06610159e+00
  2.03477839e+01 2.81981446e+01 4.15808218e+01 1.32607898e+01
  1.08292897e+00 1.56529940e+00 1.62357992e+00 1.15826254e+00
  2.76636042e+01 1.33770460e+01 6.18689727e-01]
 [7.73398412e+01 6.16983375e+01 3.22199972e+01 2.75539856e+01
  2.23936730e+01 2.28352729e+01 2.52404795e+01 2.87909285e+01
  2.75436714e+01 2.86461164e+01 1.72573949e+01 1.69821953e+01
  5.12010829e+00 5.56017662e+00 1.23474760e+01 1.39549465e+01
  1.46866076e+01 3.96327359e-29 8.27117453e+00 2.53417975e+01
  1.74571189e+01 1.66626021e+01 1.71402732e+01 1.62621089e+01
  4.28837957e+01 3.13952753e+01 5.23737856e+01 3.45033066e+01
  5.71937741e+00 5.01206435e+00 3.98592281e+00 3.87546916e+00
  5.44598049e+01 3.24028942e+01 2.77936498e+00]
 [3.61616422e+02 5.59881264e+02 3.77535548e+01 4.26520946e+01
  1.63208196e+01 1.40826061e+01 2.14680330e+01 2.35377164e+01
  2.34342231e+01 2.22694774e+01 1.93490661e+01 2.59000332e+01
  3.94079087e+00 3.65723861e+00 1.05228918e+01 1.09406881e+01
  2.08862534e+01 1.87148786e-29 7.03482389e+00 2.17400016e+01
  1.22929632e+01 1.21658946e+01 1.07263081e+01 9.85227863e+00
  7.96891750e+01 9.96125575e+01 3.50813182e+02 7.65081398e+01
  4.88251510e+00 5.44812482e+00 2.80480029e+00 2.70976001e+00
  2.43028933e+02 4.71384293e+02 2.25296593e+00]
 [1.38088236e+01 1.35138829e+01 1.29041288e+01 1.15423859e+01
  1.14278752e+01 9.59201631e+00 1.29542367e+01 1.17055300e+01
  1.36917559e+01 1.15288402e+01 5.43631630e+00 4.12546950e+00
  3.26995369e+00 2.36621488e+00 6.58055333e+00 5.32009211e+00
  4.28906782e+00 4.31045170e-30 3.87921207e+00 1.18313708e+01
  7.94666311e+00 5.52855758e+00 7.68622013e+00 6.29889014e+00
  9.41267303e+00 7.55147124e+00 1.35280902e+01 6.94140492e+00
  2.49526516e+00 1.37552326e+00 2.52729249e+00 1.66727536e+00
  3.70075190e+00 4.47271653e+00 2.11008392e+00]
 [6.68745525e+01 6.08449964e+01 3.67590033e+01 4.49092059e+01
  3.11394800e+01 1.28508080e+01 2.49950791e+01 1.43098882e+01
  2.12297176e+01 1.91531237e+01 6.87402557e+00 1.61384701e+01
  6.03516424e+00 4.83358709e+00 1.38953680e+01 7.78531094e+00
  1.05315968e+01 2.04789942e-29 8.11818748e+00 1.88327938e+01
  2.14655409e+01 1.30637533e+01 1.98397705e+01 9.71682494e+00
  2.78971521e+01 4.18467165e+01 6.45854014e+01 2.06253130e+01
  3.47275819e+00 4.89224144e+00 4.34790117e+00 2.53950990e+00
  1.38761557e+02 2.00877713e+02 5.70370253e+01]
 [2.55252032e+01 3.36470240e+01 1.63324906e+01 2.04931611e+01
  1.38187584e+01 1.45585518e+01 1.91265267e+01 2.57833789e+01
  2.15447378e+01 2.02187818e+01 8.32011578e+00 1.04907095e+01
  4.85379618e+00 4.58286528e+00 1.03354152e+01 1.13994755e+01
  1.38640106e+01 4.91525991e-30 7.24036213e+00 1.90519425e+01
  9.08728395e+00 1.04299324e+01 1.02494438e+01 1.18107599e+01
  1.54430971e+01 1.90135860e+01 2.64616383e+01 2.29901418e+01
  4.06563902e+00 3.73470297e+00 3.77204674e+00 3.90399744e+00
  9.81544972e+01 1.70124373e+01 5.36333568e+00]
 [2.79705217e+01 2.13153390e+01 2.01869092e+01 1.60671372e+01
  1.79766407e+01 1.37269603e+01 2.20923493e+01 2.55318713e+01
  2.22940549e+01 2.18890888e+01 7.33238363e+00 5.85385710e+00
  4.87602897e+00 3.32428541e+00 1.08732010e+01 8.36332120e+00
  5.34951167e+00 5.75998003e-30 5.47385277e+00 2.14981228e+01
  1.06800273e+01 7.86252460e+00 1.27016232e+01 9.84179535e+00
  1.22813535e+01 9.71814146e+00 1.83907672e+01 8.47866878e+00
  3.11421113e+00 2.30279686e+00 3.44659580e+00 2.51891705e+00
  1.50066374e+01 2.73980682e+01 2.14879229e+01]
 [9.12421990e+00 9.51101063e+00 4.46269849e+00 6.23330607e+00
  5.08557801e+00 4.36236661e+00 7.85187096e+00 1.18697401e+01
  9.98893516e+00 1.06097145e+01 2.21950161e+00 3.39175967e+01
  1.56092219e+00 1.65561890e+00 4.72179667e+00 4.76804895e+00
  1.58478152e+00 3.08870228e-29 3.47400256e+00 1.59754229e+01
  5.12817641e+00 5.35752410e+00 6.11695707e+00 5.34250506e+00
  4.23337550e+00 1.14299185e+01 7.81378899e+00 3.41091009e+00
  1.05312240e+00 1.36219930e+00 1.68997098e+00 1.35354772e+00
  1.26931988e+01 9.27960871e+00 1.58140131e+01]
 [1.05668323e+01 1.27097409e+01 1.58178888e+01 1.61642567e+01
  1.19592126e+01 1.15436364e+01 1.35198001e+01 1.31661387e+01
  1.33893364e+01 1.28758160e+01 5.46159447e+00 6.22491209e+00
  3.18178975e+00 3.38566966e+00 6.75259152e+00 5.73553970e+00
  4.20310620e+00 5.51907971e-29 3.50008410e+00 1.19116720e+01
  7.67183148e+00 8.36561558e+00 7.61199974e+00 7.28528949e+00
  8.84005698e+00 1.18761165e+01 1.11995658e+01 7.20043599e+00
  2.02221232e+00 1.83221690e+00 2.42683264e+00 2.16432171e+00
  6.79904455e+00 6.42655768e+00 3.56195587e+00]
 [2.23823944e+01 3.10951223e+01 2.02649234e+01 2.30925301e+01
  2.38691773e+01 2.01996592e+01 2.39419958e+01 2.08284479e+01
  2.85208394e+01 2.66550220e+01 8.90530180e+00 1.16881965e+01
  7.06349346e+00 5.95365350e+00 1.38167362e+01 1.14529256e+01
  1.26117187e+01 1.54773081e-28 7.90820448e+00 2.60361036e+01
  1.48186583e+01 1.36541168e+01 1.66199866e+01 1.52200734e+01
  1.20929288e+01 1.78458204e+01 2.65561565e+01 1.48164902e+01
  5.90306394e+00 6.48970068e+00 5.02448849e+00 3.88312517e+00
  4.85326398e+01 3.56245814e+01 2.24431294e+01]
 [7.59419764e+01 9.25658967e+01 8.85598645e+00 1.40685528e+01
  1.06393870e+01 6.11093922e+00 1.28951234e+01 8.93237448e+00
  1.28643761e+01 1.13287147e+01 4.65789536e+00 7.57439286e+00
  3.07166104e+00 1.76788332e+00 7.35202553e+00 4.68677349e+00
  7.14966609e+00 7.36589721e-30 4.21745073e+00 1.18521066e+01
  4.75770544e+00 4.64958494e+00 7.79588157e+00 4.79680012e+00
  1.94747862e+01 2.59080005e+01 6.59818585e+01 1.88541938e+01
  1.92523551e+00 2.01944057e+00 2.64821468e+00 1.48354462e+00
  2.38862621e+01 4.35371689e+01 8.01472808e+00]
 [1.34191780e+02 1.39229457e+02 1.26985254e+02 1.03093829e+02
  1.51461477e+02 9.91754438e+01 1.53537735e+02 1.16883724e+02
  1.05968189e+02 1.06529492e+02 8.95934510e+01 8.80063884e+01
  3.01384777e+01 2.65174201e+01 8.69081806e+01 5.07308672e+01
  9.12235903e+01 1.10354304e-27 5.13166916e+01 9.49416904e+01
  8.93046829e+01 6.76994312e+01 1.10674690e+02 6.44202652e+01
  1.13010251e+02 1.15057271e+02 1.51640562e+02 1.32811647e+02
  3.01472142e+01 3.75667693e+01 3.00199390e+01 1.62919511e+01
  3.61597138e+01 2.67227765e+01 3.55928550e+01]
 [3.82941213e+01 3.35328958e+01 1.44618801e+01 8.99659168e+00
  1.37602143e+01 1.11976268e+01 2.05538655e+01 2.28379080e+01
  2.00603147e+01 2.25719023e+01 5.65847457e+00 4.22793724e+00
  3.49335488e+00 2.52359560e+00 9.46740292e+00 9.77578044e+00
  4.72288435e+00 3.46514663e-29 4.54321760e+00 1.87418332e+01
  7.68502909e+00 5.45336491e+00 1.07237005e+01 8.79360392e+00
  1.49013939e+01 1.77829151e+01 3.35951078e+01 1.09509726e+01
  2.31775509e+00 1.81178830e+00 2.97374906e+00 2.08568296e+00
  3.17833601e+01 3.09526256e+01 1.07529304e+01]
 [4.14603266e+01 3.90446600e+01 2.06198785e+01 1.60137948e+01
  1.35816900e+01 1.02201003e+01 1.29707434e+01 1.23766036e+01
  1.35324445e+01 1.30681597e+01 9.21825236e+00 9.10063798e+00
  3.58983919e+00 2.93100994e+00 7.03283330e+00 5.42923406e+00
  7.27449433e+00 6.82689462e-30 3.79423339e+00 1.24569389e+01
  1.07724322e+01 9.92680505e+00 8.99266123e+00 7.56769153e+00
  1.96444738e+01 1.93567867e+01 3.72725991e+01 1.68147915e+01
  2.97458960e+00 2.12268391e+00 2.35800448e+00 1.93084079e+00
  1.53145882e+01 1.37009198e+02 1.07949535e+01]
 [1.58989971e+01 1.42976903e+01 1.95912193e+01 1.64270761e+01
  1.44985642e+01 1.21280417e+01 1.46366872e+01 1.12521665e+01
  1.44701643e+01 1.17317994e+01 5.36364443e+00 5.83918274e+00
  3.79208671e+00 3.48878802e+00 8.12599691e+00 5.10624567e+00
  3.46846185e+00 2.89605243e-30 3.98949019e+00 1.23148784e+01
  1.17065479e+01 9.00879167e+00 8.52276546e+00 7.20682324e+00
  1.24053490e+01 9.82664866e+00 1.37259798e+01 5.27066834e+00
  2.28612250e+00 1.92430290e+00 2.56976327e+00 1.92026755e+00
  7.02253770e+00 3.57619936e+00 2.89457855e+01]
 [1.79915616e+02 1.98313702e+02 3.60032120e+01 4.01212348e+01
  3.00137798e+01 2.48187712e+01 3.36059323e+01 3.18288078e+01
  3.41860101e+01 3.32516912e+01 1.48781193e+01 2.09353527e+01
  9.40752417e+00 8.71416476e+00 2.09862352e+01 1.58261692e+01
  1.20983053e+01 3.19128213e-29 1.46289778e+01 3.10520617e+01
  1.96415944e+01 1.68143561e+01 2.19789080e+01 1.85648543e+01
  4.06860932e+01 5.51476638e+01 1.14377328e+02 3.81869273e+01
  5.23029262e+00 4.56219287e+00 8.63250314e+00 6.48880980e+00
  1.38773390e+02 8.59504875e+01 2.63487310e+00]
 [2.81926190e+01 4.30339209e+01 2.03397460e+01 1.77269590e+01
  3.26663722e+01 2.04646449e+01 4.30352215e+01 2.97679810e+01
  2.97386098e+01 2.72010443e+01 9.57121539e+00 9.35997778e+00
  6.78625062e+00 4.18918674e+00 1.71265605e+01 1.34019808e+01
  9.85229164e+00 1.18610858e-28 7.35977184e+00 2.60160320e+01
  1.50810007e+01 1.00786838e+01 2.60586322e+01 1.55001859e+01
  1.50150714e+01 1.97558119e+01 3.07671305e+01 1.64808910e+01
  3.72551974e+00 3.58795282e+00 5.29124259e+00 3.40452800e+00
  9.15843901e+00 1.66861988e+01 2.92896594e+01]
 [8.68885398e+01 5.71738634e+01 3.07500493e+01 1.84610613e+01
  1.67925850e+01 1.41500124e+01 1.59007066e+01 1.78767310e+01
  1.57922080e+01 2.02735328e+01 8.11967796e+00 1.18698500e+01
  4.36953753e+00 5.03061607e+00 8.35279236e+00 8.83455101e+00
  6.84689494e+00 2.91886995e-29 5.57826009e+00 1.82126475e+01
  1.14897919e+01 9.67130326e+00 9.07944069e+00 1.24266837e+01
  2.63296437e+01 1.90394976e+01 5.92888919e+01 1.81792737e+01
  3.12275520e+00 2.88809678e+00 3.21025748e+00 2.69612993e+00
  4.43999851e+01 1.04945582e+01 4.08019494e+00]]