[[7.28796796e+02 1.43452117e+03 1.16985888e+03 1.01011976e+03
  1.93358365e+02 1.07199568e+03 7.65742043e+01 9.73934819e+01
  1.05787918e+02 6.57096820e+01 4.24450806e+02 1.95267349e+02
  1.92575629e+01 7.99439632e+00 3.01177841e+01 2.58100456e+01
  7.75526473e+01 1.82043716e-28 1.90792430e+01 7.82633278e+01
  1.87437972e+03 1.44723241e+02 6.71093838e+01 2.82886830e+01
  1.55613698e+03 2.06363187e+03 6.10046833e+02 4.59098317e+02
  7.64875146e+00 6.59993264e+00 7.96139933e+00 6.16971339e+00
  3.60654091e+03 1.68737213e+03 1.24235538e+02]
 [2.83644738e+02 2.39687183e+02 8.18774496e+01 7.43513440e+01
  6.11945154e+01 5.12098387e+01 5.90960967e+01 6.57560318e+01
  7.43514778e+01 6.73018379e+01 3.94370026e+01 4.92143677e+01
  1.50043506e+01 1.45161108e+01 3.14539635e+01 2.93132902e+01
  3.75945045e+01 2.35045980e-29 2.13194597e+01 7.13195583e+01
  4.49077511e+01 4.42909212e+01 3.61910123e+01 3.55505932e+01
  1.02264268e+02 1.18217100e+02 1.95264881e+02 8.85893992e+01
  1.75109689e+01 1.47317866e+01 1.12212640e+01 9.27694673e+00
  1.69289461e+02 2.29224867e+02 4.36591167e+00]
 [2.25309252e+02 2.34219748e+02 7.02576504e+01 7.11445581e+01
  2.19588354e+01 2.31528172e+01 2.24415611e+01 3.56003599e+01
  3.21599486e+01 2.88867712e+01 2.94295760e+01 2.15333245e+01
  5.03316782e+00 5.00497155e+00 1.49250390e+01 1.36939621e+01
  1.73591136e+01 1.35462834e-28 1.16335302e+01 2.77854618e+01
  1.83654703e+01 1.93618198e+01 1.38632331e+01 1.39775044e+01
  1.00503250e+02 1.40220774e+02 2.01110898e+02 8.49003677e+01
  4.82894831e+00 6.57232659e+00 6.20358103e+00 4.67482068e+00
  1.53139664e+02 8.04253166e+01 4.00147243e+00]
 [2.80272032e+02 2.17689340e+02 8.52918006e+01 1.18630410e+02
  3.83660732e+01 3.37875851e+01 3.66607063e+01 5.50976693e+01
  4.99055833e+01 4.62491338e+01 3.42666842e+01 3.75127021e+01
  6.45277809e+00 7.36955021e+00 1.89330758e+01 2.62109035e+01
  2.83371581e+01 6.40574870e-29 1.67300237e+01 3.95304455e+01
  2.87558602e+01 2.67990856e+01 1.99212085e+01 2.34412455e+01
  1.54417278e+02 1.34501011e+02 1.87718930e+02 1.02877905e+02
  1.05898567e+01 8.03664528e+00 5.82533257e+00 7.22000303e+00
  6.20462616e+02 6.17220289e+02 1.39582374e+01]
 [2.91270452e+03 3.81051768e+03 4.77553171e+02 2.05980860e+02
  4.98068612e+01 5.01711774e+01 5.46751376e+01 6.93502918e+01
  6.98419575e+01 7.37660363e+01 1.57929087e+02 1.38335661e+02
  1.72965045e+01 8.77647654e+00 3.13572409e+01 3.50149160e+01
  1.37954172e+02 5.64017004e-29 2.29590100e+01 6.81454906e+01
  8.92630401e+01 4.17527598e+01 3.01707730e+01 2.78098940e+01
  7.50977837e+02 6.77227281e+02 2.55961333e+03 5.43775544e+02
  3.16566013e+01 2.40092244e+01 8.52422257e+00 8.87328475e+00
  1.60536058e+03 3.60657331e+03 1.37565123e+01]
 [5.53090249e+01 1.13632003e+02 8.42510892e+01 6.34199377e+01
  3.42371054e+01 2.59536171e+01 2.46955913e+01 2.61948430e+01
  3.60682158e+01 3.10354014e+01 2.03765407e+01 1.67088403e+01
  8.69521338e+00 6.11548677e+00 1.59159795e+01 1.61796047e+01
  1.21081716e+01 4.23095037e-29 1.31801400e+01 3.24224842e+01
  3.13070885e+01 2.24353973e+01 1.72285311e+01 1.42161848e+01
  1.05653594e+02 1.02728231e+02 5.25922615e+01 2.27488227e+01
  7.61567758e+00 5.06862947e+00 6.57022350e+00 6.21977133e+00
  1.94886166e+02 8.01166175e+01 1.11758914e+01]
 [2.23128824e+03 7.01839257e+02 5.41315442e+02 1.94374654e+03
  1.12766437e+02 1.12112795e+02 1.10217400e+02 7.72955320e+01
  1.37031997e+02 1.00856323e+02 1.64788146e+02 1.46524923e+02
  2.42259359e+01 9.40832277e+01 5.47505751e+01 4.18108569e+01
  1.45623536e+02 8.26579367e-28 4.08939751e+01 9.25482279e+01
  2.97163111e+02 1.17766554e+02 6.49779793e+01 7.33867059e+01
  8.94190209e+02 1.07173274e+03 2.73859059e+03 3.74832827e+02
  3.16674085e+01 2.59956891e+01 2.41649610e+01 1.64495101e+01
  1.12395160e+04 2.14774069e+04 3.85751506e+02]
 [1.20888200e+02 1.82564992e+02 4.70927246e+01 8.73326975e+01
  3.44835256e+01 3.62326898e+01 3.05581307e+01 4.69137389e+01
  3.55147518e+01 3.80319056e+01 2.56531910e+01 3.36770253e+01
  1.39635867e+01 1.19967808e+01 1.72809994e+01 2.37098846e+01
  2.47797777e+01 2.49383989e-29 1.67652192e+01 3.93616249e+01
  2.69117476e+01 3.50621671e+01 1.82177287e+01 2.18786098e+01
  6.99415581e+01 8.31466883e+01 1.33420321e+02 6.76528632e+01
  1.08736804e+01 1.15915014e+01 7.51488790e+00 9.31765664e+00
  1.04940547e+03 1.28840014e+02 5.10203211e+01]
 [1.62128467e+02 1.38449350e+02 7.38522980e+01 1.07907603e+02
  4.09263839e+01 4.34452209e+01 4.40488175e+01 8.46090933e+01
  5.75874160e+01 6.60743669e+01 2.81419357e+01 2.18030271e+01
  1.28296533e+01 9.74847340e+00 3.08697778e+01 2.58221945e+01
  2.55499083e+01 1.13386076e-28 2.03825905e+01 6.14430512e+01
  2.90785038e+01 4.13798778e+01 3.34015284e+01 2.63292204e+01
  6.83193499e+01 1.31107794e+02 9.56120848e+01 3.48192691e+01
  1.46834312e+01 8.27264006e+00 1.13247880e+01 8.43626407e+00
  1.46922502e+02 3.47142689e+02 1.38055607e+02]
 [3.53528120e+02 2.78258959e+02 4.24315678e+02 1.46888723e+03
  3.56759597e+02 3.36743703e+02 2.88325577e+02 1.50527850e+03
  4.33268241e+02 9.34607226e+02 2.30942240e+02 4.55532094e+03
  6.10341304e+01 6.80467765e+01 7.06263288e+01 1.20942570e+02
  5.33635437e+01 1.18618366e-26 2.87771318e+02 1.17602774e+03
  8.99776077e+02 1.45416003e+03 9.08110293e+02 7.45463899e+02
  4.61850857e+02 4.90387948e+03 2.24250361e+02 4.52728633e+02
  2.19919612e+01 1.78318105e+02 1.21123078e+01 2.42370444e+01
  1.58825043e+03 7.67681830e+02 6.08971467e+02]
 [6.06826926e+01 9.52850156e+01 4.19367244e+02 2.49097047e+02
  5.88779156e+01 3.70829005e+01 5.05895921e+01 4.08658270e+01
  4.50603534e+01 4.41628179e+01 4.43536568e+01 4.64149486e+01
  1.04929063e+01 1.10678789e+01 2.37562136e+01 1.90726375e+01
  2.95947183e+01 2.45528365e-28 1.30618950e+01 4.29606653e+01
  3.16777738e+01 2.93037550e+01 3.04251164e+01 2.39312543e+01
  1.15076460e+02 1.59558342e+02 1.03501928e+02 8.25188906e+01
  1.12216105e+01 8.47762495e+00 7.35069659e+00 1.04739423e+01
  4.40842448e+02 1.68097207e+02 4.69338790e+01]
 [1.41354932e+02 2.29470811e+02 2.68071017e+02 2.99728409e+02
  1.31815881e+02 6.60528793e+01 6.85354176e+01 4.70003769e+01
  6.81422567e+01 6.76635657e+01 3.52842713e+01 7.56231185e+01
  2.15686776e+01 1.62684818e+01 3.18467439e+01 2.48038806e+01
  3.77686069e+01 4.34667275e-28 1.47967460e+01 5.87490579e+01
  9.63682311e+01 7.73275186e+01 7.00883954e+01 5.01706850e+01
  5.45812411e+01 1.28390458e+02 1.96876370e+02 5.56997728e+01
  1.09470925e+01 2.24241847e+01 9.63413181e+00 8.34725016e+00
  6.47904677e+02 2.01697486e+02 1.31081845e+02]
 [6.44916997e+02 9.57939452e+02 7.10939180e+01 2.53331162e+02
  5.88175572e+01 1.60387011e+01 4.71764772e+01 2.18979057e+01
  4.43371451e+01 3.58594291e+01 2.57128381e+01 8.26752668e+01
  1.48907094e+01 7.56992163e+00 2.58332954e+01 1.07766348e+01
  5.01426802e+01 2.96124942e-29 1.32714187e+01 3.94695507e+01
  2.83741739e+01 4.61465593e+01 3.24059814e+01 9.70794253e+00
  1.38731049e+02 3.08444680e+02 6.09543341e+02 1.61879221e+02
  8.74843600e+00 1.46224428e+01 1.08567876e+01 3.35169180e+00
  1.13311801e+03 3.81500826e+02 9.90900783e+01]
 [2.17281603e+02 2.50231625e+02 1.38202626e+02 1.40278018e+02
  1.03313435e+02 8.58597418e+01 8.30821550e+01 8.18684141e+01
  6.68079477e+01 7.75240726e+01 1.54657286e+02 1.59592713e+02
  1.95676131e+01 2.59847548e+01 5.39827005e+01 3.25170451e+01
  1.82396429e+02 1.20684903e-27 3.12737929e+01 6.36805865e+01
  8.12571705e+01 7.95822405e+01 6.81455797e+01 4.62356879e+01
  2.02751486e+02 1.99789688e+02 2.50298988e+02 2.73771320e+02
  4.42217898e+01 6.82021491e+01 1.74002221e+01 1.03939524e+01
  2.90803167e+02 1.69852037e+02 3.08671147e+02]
 [5.55886491e+02 3.60078448e+02 9.93376722e+01 8.52037265e+01
  3.60440047e+01 2.95679654e+01 6.22049379e+01 7.97038788e+01
  7.61431969e+01 8.27478388e+01 2.93918108e+01 3.67914771e+01
  8.46935399e+00 6.31981491e+00 3.14218369e+01 3.13393853e+01
  2.75102604e+01 2.96464759e-28 1.78333975e+01 6.43189054e+01
  2.79784922e+01 1.78267955e+01 2.68729822e+01 2.41073011e+01
  3.08839761e+02 6.26393416e+02 6.77012512e+02 3.38196529e+02
  1.06477595e+01 9.32059447e+00 9.36413655e+00 6.67367989e+00
  3.30096294e+03 6.43589753e+02 6.29705113e+01]
 [2.27186744e+02 2.24043007e+02 6.83216926e+01 5.41574226e+01
  3.56970281e+01 2.45535447e+01 3.40659342e+01 3.60373970e+01
  4.93855837e+01 4.66573878e+01 3.39929284e+01 3.87394459e+01
  1.00145534e+01 8.54773759e+00 2.25639099e+01 1.95962344e+01
  2.62725666e+01 1.99855822e-29 1.77425885e+01 4.78691746e+01
  3.44322905e+01 6.53658821e+01 2.14452079e+01 3.12169582e+01
  9.59600650e+01 1.03201984e+02 2.05493659e+02 7.90428065e+01
  1.05264774e+01 8.19639000e+00 7.94528428e+00 7.09939183e+00
  5.54559947e+01 6.65759770e+02 7.12617843e+01]
 [5.19570820e+01 3.82928161e+01 4.57155938e+01 3.78732722e+01
  2.95977728e+01 2.63038782e+01 3.64979664e+01 3.52517043e+01
  4.56011977e+01 4.12935727e+01 1.36556739e+01 1.76006937e+01
  1.43808173e+01 1.33591275e+01 2.37412869e+01 1.84360215e+01
  1.28398259e+01 1.93418001e-29 1.51818521e+01 4.39948091e+01
  2.09065445e+01 2.22015852e+01 2.31146567e+01 2.24273015e+01
  8.13260009e+01 2.77620240e+01 4.34401869e+02 1.65093468e+01
  8.57807635e+00 6.98064219e+00 9.90147077e+00 8.91998427e+00
  1.13001976e+02 2.55288336e+01 2.04063296e+02]
 [5.95258969e+02 6.26577888e+02 1.24408194e+02 1.74774163e+02
  4.61684218e+01 5.85280543e+01 2.98513947e+01 3.46623319e+01
  4.72465905e+01 4.09222349e+01 3.73929077e+01 6.30391150e+01
  1.24544702e+01 1.23820522e+01 2.32472033e+01 1.87628476e+01
  3.22664901e+01 1.26631253e-28 1.66823702e+01 4.35746576e+01
  3.91355094e+01 4.86852367e+01 2.30030118e+01 2.38249883e+01
  1.37517979e+02 1.66533076e+02 3.60350899e+02 1.16491849e+02
  1.12196465e+01 1.07194293e+01 9.91345735e+00 8.15193374e+00
  6.92070365e+02 6.79973839e+02 1.30115718e+01]
 [1.19972081e+02 2.23067897e+02 4.02079990e+01 4.90620354e+01
  3.50028409e+01 3.87329031e+01 4.12491256e+01 3.28143933e+01
  4.38745245e+01 5.04997649e+01 1.90144663e+01 2.76820323e+01
  8.64464206e+00 4.89427398e+00 1.92025500e+01 1.46627454e+01
  1.81547376e+01 1.77669168e-28 1.12117775e+01 4.17525598e+01
  2.07429516e+01 2.14046767e+01 2.43769070e+01 2.17138396e+01
  4.83401901e+01 7.87641234e+01 1.51092991e+02 4.94126219e+01
  5.60947173e+00 6.74236266e+00 7.46038345e+00 4.12548063e+00
  5.15466963e+01 9.69433699e+01 1.05498283e+02]
 [1.53695795e+03 1.44758885e+03 1.36642905e+04 4.77137637e+03
  5.73279790e+03 3.11553831e+03 6.26910195e+02 1.66644190e+03
  2.31335417e+02 4.50446996e+02 1.41446905e+02 7.77836684e+02
  1.13672264e+02 5.23502811e+01 6.87842819e+01 7.65681664e+01
  1.19825066e+02 5.78829464e-27 4.76761535e+01 3.62716407e+02
  4.38717421e+03 1.46795070e+03 1.38759923e+02 5.51273736e+02
  2.00883970e+03 1.01529538e+03 5.24430298e+02 3.07760272e+03
  2.12229653e+01 1.79630479e+01 1.56869210e+01 1.19039221e+01
  1.35988009e+03 1.32042463e+03 4.92251053e+01]]