[[2.13371801e+01 2.44404107e+01 1.84711243e+01 1.88006600e+01
  4.71700645e+01 6.02019058e+01 1.83587911e+02 3.01996180e+02
  3.58650385e+02 2.83980020e+02 5.73876113e+00 5.84605909e+00
  9.67429547e+00 7.84532599e+00 7.81869458e+01 8.18738720e+01
  3.42870876e+00 9.47967885e-29 3.22031630e+01 3.00318620e+02
  1.53349534e+01 1.62608677e+01 5.68438801e+01 7.00019579e+01
  1.12544690e+01 1.18704711e+01 1.80450733e+01 6.24314900e+00
  1.90246971e+00 1.88979886e+00 1.24971270e+01 8.78525084e+00
  5.35419280e+01 2.72470356e+01 9.86676702e+00]
 [8.29712383e+01 7.23648762e+01 1.21430385e+01 1.51900645e+01
  8.64348634e+00 8.51172830e+00 1.21190660e+01 1.49006573e+01
  2.04896323e+01 1.49199994e+01 6.33095435e+00 7.49551883e+00
  4.45768149e+00 4.88917764e+00 6.98103397e+00 6.03132301e+00
  4.52757637e+00 4.58055968e-30 3.38968530e+00 1.40985932e+01
  6.54924296e+00 6.43035078e+00 7.77772276e+00 8.09036058e+00
  2.39902990e+01 2.78814857e+01 6.98991815e+01 2.25698534e+01
  2.15726505e+00 1.76989184e+00 2.67103481e+00 1.86638349e+00
  2.96941880e+01 3.48188676e+01 9.22609156e-01]
 [3.81222701e+01 3.41291792e+01 9.29733608e+00 9.35780519e+00
  6.14943051e+00 7.08261553e+00 1.40120633e+01 2.13016832e+01
  7.22585626e+01 5.84956388e+01 5.04111380e+00 4.30055858e+00
  2.17969035e+00 2.65325350e+00 1.00880265e+01 1.07938135e+01
  4.05342012e+00 5.61097938e-29 8.18641969e+00 5.54017294e+01
  4.52104669e+00 4.82611020e+00 6.45644567e+00 7.99459215e+00
  1.69924966e+01 2.07124896e+01 3.21254396e+01 1.19437930e+01
  1.46879718e+00 1.57094362e+00 3.43716648e+00 2.73979222e+00
  2.35955342e+01 1.20430799e+01 8.17768484e-01]
 [2.34416498e+02 2.38969767e+02 5.14171578e+01 5.19671993e+01
  5.14177124e+01 6.59815829e+01 8.75830829e+01 1.41591679e+02
  1.27282090e+02 1.40841847e+02 3.37604536e+01 3.90941691e+01
  7.53913584e+00 1.20592775e+01 4.16870035e+01 6.02796210e+01
  2.63412588e+01 1.13968151e-28 3.37479353e+01 1.11456101e+02
  2.73366836e+01 3.49603074e+01 3.65152595e+01 5.16315520e+01
  1.09527106e+02 9.17510514e+01 1.70493926e+02 8.69151352e+01
  1.16199489e+01 1.09288765e+01 1.39391663e+01 1.19291461e+01
  1.70438834e+02 1.13429678e+02 4.63842234e+00]
 [1.31059074e+02 1.82503202e+02 2.31598867e+01 1.85747605e+01
  1.74777018e+01 1.92117842e+01 3.88377883e+01 7.68488935e+01
  5.59615919e+01 5.70707448e+01 1.15208943e+01 1.15907928e+01
  5.14144916e+00 7.50600568e+00 2.47112227e+01 3.70984688e+01
  1.12432793e+01 2.49700643e-29 1.46531169e+01 4.87066563e+01
  9.42748430e+00 8.86531945e+00 1.67477569e+01 2.49192181e+01
  3.69046177e+01 4.10207570e+01 1.24179394e+02 3.21858721e+01
  3.92741173e+00 3.51387368e+00 6.38890054e+00 7.28185700e+00
  9.20179652e+01 1.67866244e+02 3.45998179e+00]
 [5.99621228e+00 6.93657229e+00 4.76922706e+00 5.57506671e+00
  4.73993970e+00 4.42788065e+00 1.07834204e+01 1.82316295e+01
  2.51256113e+01 1.58274119e+01 2.38428050e+00 2.13178081e+00
  1.51831871e+00 1.28115646e+00 6.01828289e+00 5.22016124e+00
  1.52259552e+00 2.98223518e-30 3.42019067e+00 1.62872411e+01
  3.15427488e+00 2.49566829e+00 4.24593373e+00 4.44832221e+00
  4.20743300e+00 3.81795738e+00 6.29221396e+00 2.64797228e+00
  9.91834016e-01 7.93376371e-01 1.66065520e+00 1.01310414e+00
  2.19384314e+00 3.71917680e+00 1.54554875e+00]
 [3.72810007e+01 3.73514093e+01 1.26354743e+01 2.16760853e+01
  2.17930870e+01 1.59488000e+01 3.96236224e+01 3.67115539e+01
  6.11606745e+01 6.83139716e+01 5.10628175e+00 1.00302741e+01
  4.47909116e+00 3.80938893e+00 2.29672332e+01 2.10064631e+01
  6.32459951e+00 2.23161352e-29 1.71487468e+01 5.90804704e+01
  1.04510711e+01 9.01097138e+00 1.99162317e+01 1.44522224e+01
  1.25561492e+01 2.18994972e+01 3.53215939e+01 1.27040667e+01
  2.98710689e+00 3.54392900e+00 6.12467370e+00 4.59382205e+00
  4.69527232e+01 5.31330119e+01 5.37777041e+01]
 [1.39922715e+01 1.75613252e+01 6.20469398e+00 6.77462278e+00
  7.90275701e+00 1.13787076e+01 2.85743415e+01 5.93767184e+01
  5.42229290e+01 5.16579617e+01 4.26954662e+00 5.07778929e+00
  2.88137701e+00 3.51733193e+00 1.57283960e+01 2.08526840e+01
  3.31477934e+00 4.92068386e-30 8.55719565e+00 4.55106061e+01
  4.07247838e+00 4.31185247e+00 8.64453428e+00 1.39095490e+01
  8.43637403e+00 8.87896519e+00 1.23629218e+01 6.38856483e+00
  1.58984436e+00 1.41071246e+00 3.58212749e+00 4.21294504e+00
  2.44452696e+01 1.10007822e+01 4.56706991e+00]
 [5.31786806e+01 4.90441743e+01 2.59376816e+01 2.36476563e+01
  2.76186564e+01 2.74615432e+01 5.15822054e+01 8.66818519e+01
  8.31499251e+01 8.04593558e+01 1.32639661e+01 1.26127073e+01
  7.17480526e+00 6.40193672e+00 2.64941497e+01 3.04467991e+01
  1.12745606e+01 7.26144294e-30 2.24410215e+01 6.91627126e+01
  1.55670405e+01 1.36557916e+01 2.00130491e+01 2.51235805e+01
  2.28281587e+01 2.17565456e+01 4.44015668e+01 2.04497546e+01
  4.94665769e+00 4.69836866e+00 9.05156966e+00 7.91854416e+00
  1.07569778e+01 1.87565790e+01 2.64129586e+01]
 [2.79509698e+01 3.02098592e+01 7.83052565e+00 1.25152501e+01
  1.20390537e+01 1.31053055e+01 6.56685009e+01 8.66914336e+01
  1.45759508e+02 1.34774574e+02 5.12513569e+00 3.84936397e+01
  3.02193573e+00 3.95792620e+00 4.83967045e+01 5.27448385e+01
  6.06902922e+00 5.86388836e-29 3.22388320e+01 1.12682196e+02
  7.89621974e+00 9.54117879e+00 2.23160709e+01 2.55302569e+01
  1.31935670e+01 2.87323795e+01 2.53218106e+01 1.11277746e+01
  2.23441989e+00 2.77750242e+00 9.50868921e+00 8.36866611e+00
  2.80072451e+01 2.16861510e+01 1.55511991e+01]
 [1.62714675e+01 1.73869716e+01 2.18525778e+01 1.84051708e+01
  2.73648878e+01 2.38093792e+01 5.87269032e+01 5.54867695e+01
  7.20460634e+01 6.70507994e+01 7.00581836e+00 7.37215081e+00
  6.23566873e+00 6.32446425e+00 2.11722276e+01 2.09518123e+01
  4.36943094e+00 1.58396129e-28 9.83027683e+00 5.88597585e+01
  1.29453250e+01 1.20076436e+01 1.98833409e+01 1.80327613e+01
  1.09686045e+01 1.47565503e+01 1.52260549e+01 7.54030580e+00
  2.59418436e+00 2.57479964e+00 5.40551019e+00 4.20398352e+00
  4.97138027e+00 6.31166071e+00 3.79099944e+00]
 [1.76277243e+01 1.84432440e+01 8.49587028e+00 9.36687236e+00
  1.28912871e+01 1.22773563e+01 2.26446512e+01 2.26399756e+01
  3.80593109e+01 4.20879433e+01 4.79166090e+00 5.55265410e+00
  3.46494793e+00 3.82047577e+00 1.04643324e+01 9.47801366e+00
  5.33414559e+00 9.83921985e-29 5.40743651e+00 3.09846946e+01
  7.15754410e+00 7.47132003e+00 1.04268941e+01 1.02096773e+01
  8.96635179e+00 9.05162169e+00 1.71482309e+01 7.44746170e+00
  2.51598135e+00 2.48028201e+00 2.97303218e+00 2.51818686e+00
  3.52824929e+01 2.50480477e+01 1.41204280e+01]
 [5.58114477e+01 7.05897674e+01 1.29611940e+01 2.03263933e+01
  1.89701200e+01 1.42263061e+01 4.80739589e+01 3.10987941e+01
  6.01172438e+01 4.08410380e+01 7.40324056e+00 1.18258089e+01
  7.72330555e+00 5.42917221e+00 3.03205805e+01 1.80880948e+01
  8.29553987e+00 1.47662416e-29 1.30013734e+01 3.91134764e+01
  8.44751159e+00 1.04345026e+01 2.16728195e+01 1.46877096e+01
  1.79688555e+01 2.61102379e+01 5.05749484e+01 1.76621328e+01
  3.07114386e+00 3.82280304e+00 1.02717706e+01 4.54448700e+00
  2.20757781e+01 2.65367462e+01 1.65950179e+01]
 [6.45831011e+01 6.17208304e+01 7.08399487e+01 5.37047894e+01
  7.85234860e+01 5.83468440e+01 1.39916640e+02 1.15788044e+02
  1.16548890e+02 1.27878523e+02 4.08631166e+01 3.55510818e+01
  2.28137252e+01 1.76865924e+01 8.31063502e+01 5.95530463e+01
  3.06694547e+01 5.80041132e-28 4.27497747e+01 9.29019044e+01
  5.45335786e+01 3.74280157e+01 7.33822535e+01 5.00212486e+01
  5.11310033e+01 4.78638982e+01 6.38706945e+01 4.56770249e+01
  1.60812714e+01 1.29054618e+01 2.18568257e+01 2.06098153e+01
  1.13380403e+01 1.03330793e+01 1.96609296e+01]
 [5.30947019e+01 5.74712748e+01 3.15162135e+01 2.45168055e+01
  3.86865855e+01 2.57807127e+01 1.09853723e+02 1.11228062e+02
  1.69685246e+02 1.65958325e+02 1.41646422e+01 1.23780412e+01
  1.04134989e+01 6.67556299e+00 6.34751958e+01 6.14535441e+01
  1.33205338e+01 8.83936419e-29 3.79423839e+01 1.38078759e+02
  1.97276622e+01 1.26629691e+01 4.31734713e+01 3.13517780e+01
  2.88876428e+01 3.61089688e+01 5.13735727e+01 2.35698452e+01
  6.47678186e+00 5.21228269e+00 1.93225039e+01 1.27609495e+01
  2.72573987e+01 2.62152159e+01 2.02738349e+01]
 [1.81658864e+01 1.70257577e+01 1.02148247e+01 8.30179385e+00
  1.05876242e+01 1.03575896e+01 2.86701664e+01 4.28393617e+01
  6.74228984e+01 5.63069472e+01 4.64321914e+00 4.93176259e+00
  2.92559028e+00 2.90634831e+00 1.22714420e+01 1.18794556e+01
  3.43780489e+00 6.78130847e-30 5.20582511e+00 4.82821358e+01
  5.58685829e+00 5.67725953e+00 1.09487527e+01 1.19843366e+01
  9.26740432e+00 9.72046093e+00 1.62250118e+01 7.52866976e+00
  1.60512139e+00 1.15321578e+00 2.54935235e+00 2.55569034e+00
  7.99327129e+00 3.58270485e+01 1.21261300e+01]
 [8.50273591e+00 7.15474249e+00 9.55692578e+00 7.64417218e+00
  1.10952222e+01 1.01514015e+01 2.83735331e+01 3.96415526e+01
  6.96845194e+01 5.29318154e+01 4.31696295e+00 4.07277215e+00
  2.81948879e+00 2.88080027e+00 1.82719473e+01 1.51332683e+01
  2.21172650e+00 6.48562777e-30 9.31602937e+00 5.48016326e+01
  6.82947820e+00 5.06591779e+00 1.02660397e+01 1.00219356e+01
  7.57087519e+00 6.31101604e+00 6.65870181e+00 3.25882332e+00
  1.72745784e+00 1.37166999e+00 3.68259611e+00 3.50930287e+00
  4.49014209e+00 2.58763803e+00 1.65311720e+01]
 [3.48091492e+02 3.71335796e+02 2.78897373e+01 3.60639584e+01
  1.82123166e+01 2.42308979e+01 3.44230488e+01 7.43562558e+01
  5.19766784e+01 7.10745548e+01 1.52073677e+01 2.14128670e+01
  1.21166372e+01 2.03853856e+01 2.65392875e+01 3.58658238e+01
  1.30304323e+01 7.65022933e-29 1.50171043e+01 4.29873401e+01
  1.26126533e+01 1.49205620e+01 2.21061981e+01 3.39717409e+01
  6.29345405e+01 7.87883919e+01 2.13483067e+02 5.70859818e+01
  5.13699944e+00 4.67723217e+00 1.20999317e+01 1.51073969e+01
  2.72559688e+02 1.50653753e+02 2.64439684e+00]
 [1.49977549e+01 1.76425403e+01 1.45853947e+01 1.01248143e+01
  3.04181418e+01 1.61777969e+01 4.45620837e+01 3.27021274e+01
  4.22232998e+01 3.76843911e+01 6.12384570e+00 4.74729257e+00
  5.81214103e+00 2.54549959e+00 1.88845794e+01 1.58523788e+01
  3.55260087e+00 1.17422977e-28 1.24120576e+01 3.62610111e+01
  1.25406593e+01 6.23456290e+00 2.48785919e+01 1.25269771e+01
  8.77937838e+00 9.09202320e+00 1.39941802e+01 6.30478820e+00
  2.16590230e+00 1.75197071e+00 5.77919842e+00 4.00049848e+00
  3.15869625e+00 4.66194538e+00 2.57288846e+01]
 [4.98252934e+01 5.50057215e+01 2.08972556e+01 1.62844998e+01
  2.91570235e+01 2.41339756e+01 8.04553662e+01 8.46842351e+01
  1.12753248e+02 1.32236518e+02 6.65762469e+00 6.97787551e+00
  9.67143799e+00 1.35045405e+01 4.08267511e+01 3.93002929e+01
  4.95126691e+00 4.51659469e-29 1.95751217e+01 9.77681651e+01
  1.25100949e+01 1.05727854e+01 3.22447586e+01 2.89015447e+01
  1.73727220e+01 1.90997915e+01 4.60149948e+01 1.24339583e+01
  2.73894249e+00 1.80506369e+00 1.02982278e+01 9.92316239e+00
  1.98088703e+01 9.48688003e+00 6.54050460e+00]]