[[93.41233445 96.15831149 96.93852476 96.56700526 71.86529232 92.4688101
  24.85246412 21.39271611 20.33865703 16.84668969 96.7234257  92.52284686
  49.26045735 36.35634487 23.33464551 20.46222033 88.30064813 57.3420642
  30.71196004 18.59206903 98.3411956  82.49300615 45.83692121 23.55012264
  98.22358417 98.56522345 93.30965898 96.454205   56.65154318 57.34185544
  30.33805989 31.96773063 96.54351689 96.51912584 80.15285516]
 [56.42237136 56.79107147 53.70124778 53.94729014 52.69504248 47.10125534
  57.61096102 57.91056153 59.39668371 60.21415764 51.12970033 47.4461795
  50.06579425 44.01974367 55.78055704 55.47205706 64.74595386 55.36630037
  59.2526388  62.63545532 50.80660549 46.95581321 53.53805556 42.75189457
  52.25153734 58.28051212 53.68285995 58.43052406 61.45646512 59.77325091
  53.38642134 53.0131859  46.83305004 47.697983   46.83409473]
 [56.94600878 56.59169571 61.38232143 46.73514148 46.09192501 49.18532341
  39.18131866 46.32334129 24.5893108  25.89763126 57.70922856 42.06430395
  34.77393086 34.00982916 38.46826519 37.7727286  54.65138236 50.89784031
  39.49258561 26.15167404 47.07690113 25.59093931 40.06456622 40.36933358
  56.06842885 49.40986032 57.78878824 62.0904381  45.16813593 48.42146774
  37.77891646 39.81554212 59.18991282 47.99747459 53.40424207]
 [14.61730721 21.61106515 31.29949921 44.79836778 19.70992591 12.28997467
  19.25797237 20.48100235 19.80593015 17.22365144 17.52683585 14.87671431
  23.9483605  23.61133266 21.16306608 21.80671415 23.95084555 16.91944681
  23.20382201 17.91194994 27.87854354 18.69124483 20.9488369  19.81005142
  15.96782398 23.2821678  26.02011709 19.780224   20.99551979 16.98975591
  20.02463112 25.49553568 37.22581324 52.53134321 44.75792997]
 [66.03465449 62.93128285 70.79192362 56.67991912 44.63859294 44.04296175
  38.06439868 34.19987814 37.27680654 39.46635913 60.24525054 56.6609927
  44.12492532 30.46311001 37.78235443 34.4608087  61.66190113 42.35186476
  40.78165581 39.52007678 60.824478   44.04292506 41.58707696 35.13824385
  64.25173401 54.97590009 63.56284096 63.31360991 57.87658757 54.16777471
  36.10401738 36.4917981  57.52277281 64.63231463 31.89997827]
 [60.05547884 64.119569   73.3297204  50.52680309 61.06463366 52.33083507
  45.13088928 40.74480184 42.59622685 45.71918484 53.5087011  51.13647157
  55.1876946  52.88076703 49.36733351 53.50505101 55.77177001 62.45727457
  57.49982747 46.88324005 61.76297282 62.6126949  52.37625026 50.10918008
  72.63572847 75.4731788  56.42842384 56.41437937 58.40487219 57.20194729
  52.63933945 62.24461394 88.10565803 49.67638003 58.09060465]
 [92.79573583 80.1628915  88.66918359 95.11794341 49.77769752 68.65068791
  48.85347561 47.16487464 54.85196418 46.23304892 89.63481878 76.92845958
  55.50683263 86.16723315 50.23392412 49.87424704 85.05979653 92.8257571
  54.06660281 46.28097757 86.51084188 76.09089207 44.35008669 62.24474915
  93.53485862 91.32954128 94.17112356 87.42378716 74.30989292 64.09187407
  59.76869898 58.95003089 97.54312482 98.2178199  58.60805221]
 [61.12907543 53.2541045  58.33572715 67.33761078 47.25470464 36.88864333
  29.11586558 30.3560053  21.38495943 25.01025837 44.97973108 39.57049156
  54.50499748 52.0851762  33.02255546 36.50513824 51.76360528 51.00947877
  44.24776449 27.1181435  54.77999575 59.85037746 40.25064812 38.61424898
  47.53572739 48.78623374 60.76425379 53.93248621 58.17540585 60.99267403
  42.34598863 46.47007974 83.54418064 59.08886271 61.09766003]
 [57.49803703 56.23253897 50.40992366 67.35404545 38.37950831 47.17543663
  34.60400437 40.63858056 32.71173996 35.38110887 49.27837048 46.18219677
  45.17973126 43.65557338 41.23196712 36.63921926 54.54408649 84.22027644
  38.57296648 36.67041688 46.76908796 59.32858201 46.14138166 39.36483803
  55.2621308  75.04815622 51.30074494 47.22540865 58.19029586 46.595211
  42.33906012 40.34876744 75.94089883 77.67213484 64.58191426]
 [65.22567154 78.24230699 92.45226846 97.18415073 92.75053599 93.42837901
  75.96823635 92.80767605 71.4026313  85.42092431 91.82336087 97.15027455
  88.62515382 89.24295754 54.1825373  65.8563835  82.24360635 98.47021305
  87.91840244 88.97282413 96.55100292 97.89592061 95.50156692 94.97678906
  91.44210076 98.16220833 75.90146355 94.68938901 81.27931696 95.91359683
  47.57735036 68.589967   90.50866521 92.4157872  87.03402463]
 [60.35996925 48.64055581 88.59810178 82.83625691 52.90997611 42.37230398
  36.48603715 30.57196674 28.18996005 28.24850567 65.1467699  54.39604482
  41.06559241 41.27586747 38.4556027  34.45025743 67.80884628 46.09080224
  39.90600743 30.46663952 50.52276163 43.28112805 44.78815279 40.66536133
  73.00792521 60.17624253 66.41147431 75.25995462 59.48805749 51.26596371
  38.59754197 50.67260132 93.78819423 70.60792297 72.09921231]
 [65.34723901 71.61954598 86.22587607 86.2687248  65.48597635 50.14275303
  52.33472077 43.85790603 43.49424461 43.33167261 62.42084743 74.76008136
  54.64252291 50.05909811 47.84796454 44.89704693 60.83938829 56.30025335
  43.61168561 44.0115371  72.91425833 69.90937184 62.96209001 53.5647147
  58.6705565  71.89532428 69.47997198 62.41184152 47.3362456  64.33981142
  44.30717225 46.89219196 81.9501613  65.39179286 66.78134918]
 [73.14092438 75.8538967  63.83661576 78.28104364 54.22591845 30.96409394
  34.93604477 26.40952662 29.09138129 30.56732594 51.47504868 68.43116831
  44.21099936 36.21259023 32.15840372 24.07115153 64.85396355 44.70905184
  33.27914073 32.83459896 52.3366892  59.51778049 41.25289412 23.42370694
  67.18469564 75.81587882 74.33527066 71.261659   47.72339807 56.9516864
  35.88810432 25.82106112 91.19244506 72.92411581 64.81161298]
 [49.93558077 52.42314158 38.83444973 44.25489468 28.91512631 32.34293299
  20.39167532 23.81041488 20.97912087 22.1454793  51.95304791 53.61110199
  24.31484854 33.51874637 22.24797002 20.59355761 58.35552386 39.32251598
  23.13838848 22.80441239 33.87555514 39.89757995 25.10245876 26.08005085
  53.0888579  51.2692171  51.20643658 58.91863992 46.25992601 54.94137692
  23.2218681  19.98868619 82.98609919 76.00632495 75.87891811]
 [79.64644539 71.49266058 63.43139582 67.33802169 35.90726441 39.6032084
  29.53450271 34.47123641 26.09954336 28.12046627 53.34020644 61.87242614
  32.5746064  34.64269868 27.39002807 28.27539019 54.42119617 64.3130975
  27.40546533 26.45566713 45.48981742 44.40085395 29.76153487 33.65658759
  83.37175306 88.37503886 83.77819967 87.5910566  48.4493877  50.71581138
  26.62736959 28.17337274 97.0356614  87.07374825 57.739117  ]
 [74.91784698 75.71557336 63.70212636 62.45926694 54.468055   48.81809944
  41.23076004 36.08114146 34.89372458 36.59856992 64.34352902 63.56541266
  53.47662027 51.92608344 48.74122041 47.73551572 65.27668531 52.91020022
  61.35065528 40.34559888 61.1674546  74.92025307 46.48756399 56.2435262
  71.07229135 69.81114648 74.92402263 69.61791468 63.22705793 64.06820586
  55.10612046 54.72224172 64.39217142 76.70997343 66.24005706]
 [55.72356807 48.85299577 53.34003911 50.81512722 42.08483367 34.63965673
  39.23555096 35.81520804 30.80694657 33.60284707 41.52914019 36.97485748
  59.95406758 56.69960294 42.48646341 41.59980401 60.37947664 49.48815171
  48.47155673 34.06328431 43.45807665 50.60807924 46.43037238 45.64749001
  55.25971079 30.60842677 92.42945202 52.53255173 58.59575457 56.80804391
  55.08956187 55.39905194 75.34873858 64.78815936 70.91646714]
 [44.76434774 44.05159421 58.09133134 61.20470308 42.0519706  45.81947794
  25.69995089 20.58486905 29.74851754 22.84666878 45.34133168 48.31755875
  30.51406581 25.08746332 27.31056654 22.04334667 45.71696251 48.97625636
  29.36787002 30.14775301 46.05446444 51.16557729 28.3549478  25.70642334
  47.98605407 45.96869439 43.97214326 45.55397943 41.60812953 42.0340162
  26.28151321 22.64322168 55.08786474 67.23833229 60.73450889]
 [62.17588727 60.91532082 46.17974252 55.96534878 31.72699411 42.51683991
  29.16909578 30.40183524 33.54982457 37.82462034 47.53720525 54.28310817
  36.50583919 35.84125001 31.47386867 29.78741245 51.66665783 36.24833196
  32.42626244 35.1061122  37.3126577  48.35316728 29.97615434 39.48568777
  57.89899464 61.41383164 65.52258403 60.63831069 42.77070887 49.46894005
  35.84487338 31.40433649 65.56055532 69.62157733 44.18599632]
 [89.16448212 88.99316949 99.47032056 98.89239358 98.57875438 97.59075569
  83.83668961 92.70370571 58.63723376 70.21660818 86.14917566 96.11642558
  84.25685661 65.97571221 52.07951564 55.35376717 87.66405228 97.92314955
  59.41613667 71.04181819 99.1049556  97.71667047 71.23304365 90.70778861
  97.05306181 94.41313344 77.22950339 98.56004927 70.49571955 70.68343685
  45.9053029  42.10912892 93.99899092 97.48776285 73.97166486]]