[[ 1.54107042  0.8898543   0.56843195  0.49142563  3.84307522  0.75689062
   4.81169808  3.23774457  3.64087133  3.15739595  0.69960601  1.62135901
   9.50651408 11.23672491  6.0125414   5.21631158  2.27206245  3.38201541
   6.72969073  3.32376922  0.31839319  2.76236531  5.38115866  6.01754017
   0.44148305  0.36533071  1.59022622  0.75536302  8.14239132  8.73698686
   8.25485836  9.30868729  0.69520268  0.64415086  4.74241458]
 [10.56159376  9.77166405 11.93915191 10.71223515  9.40379059 13.81535216
   4.77465411  5.38114748  4.54311905  5.41556871 14.83463151 20.45416169
   8.04896406 11.66732976  4.95807568  6.13902926  5.40193423 10.80639259
   4.90189375  4.74663245 13.14648263 17.05500726  6.03366067 14.57294098
  15.13545471 10.40132132  9.7860794   8.51447189  6.64353572  9.98801097
   5.08977971  6.07278122 17.31949731 16.44862515 16.16556569]
 [16.68495103 17.91560149 14.16264286 26.65273714 21.77789198 19.42571907
  19.75804133 14.5198596  11.98955955 12.56378234 17.67814166 27.70133431
  32.22145357 29.57438059 22.24460986 20.59990531 17.27887614 16.74130955
  21.03938217 12.51530841 22.1332023  39.90847868 24.17829035 21.91641234
  17.82729735 24.75701033 16.55246677 14.97132887 26.90107439 24.51724265
  28.26869555 23.96524333 16.71530023 25.92435069 19.2505704 ]
 [43.05173468 32.90390877 26.2429126  18.39727761 28.26698098 36.97570679
  16.03714018 12.53243747 15.32560452 15.50673533 38.25136429 36.92706531
  21.2119247  15.37849603 15.10469355 13.58131112 27.24886145 27.7055339
  14.96249632 15.88890453 19.25345325 31.50877933 16.34108674 15.9592727
  45.04212036 33.07625923 28.46492991 36.03149173 31.53473912 32.58276331
  14.82779085 14.91250271 29.94173781 21.25758615 19.93502489]
 [13.00149887 14.10477661 12.18898696 16.45592472 17.82324873 18.72707936
  15.65058324 13.20455436 15.23997787 14.15721193 17.06119059 16.76620213
  23.5149856  24.0396877  16.1099047  14.968632   14.51506941 18.25566859
  16.1985634  14.86946628 15.58820694 21.02814245 16.79517277 16.81751522
  15.03209391 19.96457219 14.10288105 14.13183399 16.89446931 17.88940711
  20.73220245 17.78839512 17.40267316 13.63440773 33.20121933]
 [10.86595547 12.79688616  7.16697842 20.5917284   7.54116266 12.69079073
   9.4396836  10.74329465  9.34123693 10.50666058 15.45272726 17.80137777
  11.60594863 11.76734179  9.44058379  9.51720449 11.43715756 14.40279795
   8.56170085  9.67280202 10.63414984 10.22014216  9.15551151  9.80051166
   9.99571404  9.10544654 13.16738582 12.11151682 10.89292418 12.72718522
  11.0602892   8.59216217  4.55170731 22.60812444 14.61965568]
 [ 2.01149913  6.06784523  2.31863978  1.14202886 16.01416979  8.61148805
  15.65007857 13.11340176  9.36738586 10.5320838   2.92621975  7.29086757
  15.08505863  4.75237228 12.76670171 12.63931457  3.88764047  1.8820912
  10.96670961 11.22939422  3.07220359  7.17668128 18.37531215 11.0847898
   1.56642608  2.35259672  1.70051802  3.48337172  8.73428949 12.80804163
  12.13744515 13.09431214  0.56299061  0.43764482 13.75706785]
 [11.43691837 19.24157661  9.13682677  7.6055671  14.16948327 20.62181144
  16.83411021 11.0017423  19.32542517 15.74550307 20.32235986 24.18620734
  11.86418019  9.41235394 13.1691329  11.06755087  8.25645102 16.65390235
  10.87364647 16.71662967 11.799375    9.70322291 13.17381522 11.4021208
  21.18470999 19.76291169 13.0911264  13.06640755  8.39943293  8.47343514
  13.08092828 10.37035969  4.07111025 16.00044465 15.80594377]
 [ 9.39244121 10.4563646  12.50691001  6.42285517 12.88999212  7.19303796
   6.71433844  4.62444082  6.42222937  7.66126501 11.38169648 12.40150428
  10.96405998 11.07464018  8.13394747  7.3383418   8.08083079  4.39023389
   7.86024477  7.59861492  8.88382631  8.42772757  7.84057527  7.41801769
  11.05594352  5.39645218 10.1824493   9.94844798  8.42522569 12.29453481
   9.91206574  8.6696437   7.04850129  7.4559082   9.06448827]
 [17.92282452  7.03598242  3.42633561  1.15027395  2.01365064  1.32283581
   3.42892906  0.95736361  2.29689964  1.11379758  3.6999579   1.10197774
   3.6796122   2.73135996  4.24055613  2.45055188  4.40888179  0.70054376
   1.01118947  1.06472492  1.63023538  0.91239324  1.24082982  0.93105749
   3.38916479  0.82151242  8.56188505  1.59752956  4.96926676  1.48721044
   7.09429528  3.22627872  4.79770832  2.59441393  6.05824918]
 [10.1023703  23.67174629  2.73484531  4.30586721  9.66720645 12.6146691
   9.69389593 12.5388706  14.06497066 14.92820035 12.38954137 19.93856407
  19.38404652 19.22358887 14.33792936 14.94459833 10.24172311 11.61079753
  17.18497904 14.62353152 13.27078129 19.49043776 12.93604349 13.9966821
   9.73035567 19.06960487 11.55021121  8.23452369 13.44207739 17.27224225
  17.99746471 16.24919844  2.44971189 15.20521168 11.49711748]
 [10.88719021  8.55550551  3.15316371  3.16251221 10.1727688  16.05847978
  10.00939492 12.73404587 12.39418579 10.98107647 10.09340116  6.07149906
  14.44205074 14.66375757 13.64696735 14.84124202  7.98724269  9.05495757
  15.13091731 11.59679454  6.77896117  7.76560234  9.74094805 12.53103695
  12.87674542  8.707499    9.8155288   9.29451095 13.32310373  7.79999159
  16.50060759 14.70421958  4.76840309  9.28732701 10.95861616]
 [ 9.54193311  9.25564882 13.95717809  9.55106623 16.43207358 26.35860962
  17.93584927 22.1627507  19.43185856 20.52551406 20.85318162 13.40129772
  21.07974635 26.11069942 18.71716692 22.08545806 12.89640841 18.62298373
  20.60330956 20.53345857 20.0951544  18.48164883 19.07115    26.30410042
  11.64681299  9.52690044  9.3325976  10.41163543 21.67572256 17.73252912
  18.82190245 24.26972197  4.11091539 11.09072348 13.00741015]
 [ 3.61240066  4.28126538  4.93838447  5.41250006  6.25235635  7.43758589
   7.17225603  7.73905398  8.41889792  9.32887617  3.74510973  4.06955175
   9.02831586  8.2531829   7.21267376  8.66813409  2.28560982  5.30743391
   6.64377944  8.77344511  5.47702665  6.57408274  6.66721558  8.34682785
   3.29667753  5.13407129  3.74451343  2.27274184  4.6727521   3.73629316
   6.98563662  8.05943272  2.51213878  4.49861342  7.24283211]
 [ 5.20264816  7.71635821  5.86211072  4.87289824  9.85758786  9.44380804
   7.83784004  6.87222379  7.84185675  7.23835714  8.84988953  7.72752323
  12.3128192  13.03144869  8.20923396  6.87604188  7.94666281  7.21484748
   6.65519669  8.18556785  8.44279352  8.97264917  9.57306829  9.21394644
   3.63503824  2.90728193  4.09895727  2.63465949  9.92128981  9.18396938
   8.92044854  8.24422603  0.87121075  3.73004914 11.20584915]
 [ 3.84578908  3.80983983  5.52181522  6.61853626  7.16135148  8.40052756
   7.25128884  7.57255544  7.18396754  7.9763729   6.50574333  8.46120468
   9.1988013   9.34747061  8.16032713  8.52243858  5.43161422  8.85615006
   6.23565815  7.5174782   7.01069472  4.81167244  8.72365432  7.03235713
   5.11519501  7.05507916  3.90002155  5.85553304  6.47972724  6.8393942
   8.93156284  8.34088835  5.79144324  2.85162641  9.18393233]
 [12.12673861 16.05146204  8.86172808 12.12062151 15.04775643 26.96473045
  10.76896075  9.24056511  8.74671739  9.7386389  18.24957586 25.91854018
   9.20754038 13.1749332   8.20443924 10.51343122  9.32887124 16.81733759
   7.33252482  9.64024979 12.27403393 12.09639511 11.61089499 15.16982047
  18.66992348 30.0932013   2.21248788 12.96495589 10.3566196  12.57533848
   8.10244875  8.99812353 10.4895603  12.57152984  9.54131187]
 [12.46843834 12.8383354  10.15558373 10.0301579  11.67086103 12.39548482
  13.94162879 13.82638206 14.28103002 16.35690765 15.22203229 15.98019959
  14.74720664 13.61621295 15.31621183 15.15530026 15.44154936  7.83888127
  16.54991784 16.03720082 13.13944413 12.94643953 15.16887822 14.64514937
  12.92885973 13.99222079 12.99846122 14.04044247 17.00882575 18.30433797
  16.90519714 15.29537916  9.49445673  7.35447752 11.57972011]
 [11.25579548 15.9350551  10.63061071  9.80187853  8.24022131 11.3464452
   7.76752251  9.55530025  9.68949632 10.41847753 10.56886905 13.26794196
   9.05422163 12.22889923  8.55313428  9.06203411  8.18266585 12.01543392
   9.13165621  9.86760554  9.71373794 11.53357371  6.60543305  7.89945884
  10.13719665 11.73836491 10.80919558  8.68195159 10.27654677  9.46240397
   9.81527052 10.64040564 12.82912611 10.42264168 21.6586921 ]
 [ 2.11263801  2.92255291  0.11040794  0.2685344   0.42751334  0.73505096
   2.81144481  1.34986509  7.53643158  5.26979704  3.48894877  1.11325779
   4.29342387  8.15528884  9.30532405  8.60302601  2.75831492  0.59765689
   7.80864384  5.34766072  0.23066528  0.58922691  6.31535135  2.06909487
   0.61685341  1.49808032  5.26469451  0.33771541  7.41596509  7.67417762
  12.19066066 11.05730307  1.04023303  0.69684618  7.72388741]]