[[ 2.73485808  1.63828089  1.5305808   1.79733484 17.5316464   5.19293005
  59.58419031 66.33419842 68.95368889 72.80697662  1.30774315  2.77001778
  24.74665257 35.67841346 60.57765264 64.90965706  3.90389259 29.86009978
  51.83760454 71.34305017  0.80456357  9.26877989 38.82539678 58.27612037
   0.71038366  0.56696917  2.76008258  1.31165363 14.09090691 16.4190423
  47.62210415 45.51986689  1.43326422  1.55855369  6.36572721]
 [16.50456855 17.14601008  7.96429689 11.02149296  7.44296899  7.82882935
  11.8145035  13.12283311 16.36841991 13.34874686  8.20802235  7.22621763
  14.87417686 14.82630915 12.38018745 11.41359062  7.79747612 10.789746
   9.42086718 12.3819023   7.4095183   6.81725153 11.5057338   9.72918344
  12.25775166 13.74545027 19.21691168 14.8862999   7.57113355  7.18121923
  12.70774747 10.66546331  8.21474286  7.24524254  9.89703135]
 [ 9.63525072  8.24622235  8.12284597  6.14717923 12.90774693 15.04614892
  24.46403423 27.71784171 55.24847934 52.44263803  9.88525245  8.40093239
  15.05938295 18.02941284 26.00119681 29.77310634 12.76130906 21.08229428
  27.79060837 52.14410253 11.58896914  6.37877507 18.65904536 23.08969812
   9.47971914  7.29849928  9.23117663  8.73488961 13.73856719 11.57389166
  20.93184962 23.33486565  9.11989472  7.18725701 10.91405898]
 [12.22575773 23.72367519 18.86853461 19.62435864 26.41498641 24.0002942
  46.0076404  52.63270761 50.51419121 52.45094751 17.26790735 15.5038894
  27.98018786 38.63676946 46.59701453 50.15090242 22.26389181 30.10230587
  46.80693225 50.50274733 26.5026648  24.38335669 38.39888612 43.63350492
  11.32586704 15.88213621 23.63252289 16.71107949 23.03778735 23.10403631
  47.91600484 42.12463193 10.22579612  9.65394928 14.87338093]
 [ 2.97127312  3.01406833  3.43319452  5.1112318  15.66410728 16.86513891
  27.03856126 37.89778994 29.86842737 30.53403196  4.3948786   4.74748027
  13.11629529 26.05331145 29.77456389 36.5113895   5.02545133 18.74994513
  26.02805485 28.24678169  6.42395566  9.35158783 23.08493241 31.48582872
   3.15746426  3.32997961  3.0837451   3.74750902  7.18034091  7.92773288
  27.0599429  29.94697713  3.29715865  3.00828044  8.02335226]
 [ 6.51078916  3.91412644  4.15099781  4.44166784  8.45406403  8.92803076
  19.70656816 28.35841134 29.67311289 23.31583736  6.26110952  6.52419599
   9.63662486 11.07819197 18.66718777 17.26278229  7.01326757  4.40237453
  14.92096245 23.55151535  6.22278862  6.96490976 12.90801209 15.67943736
   2.89256569  2.80500674  6.75117795  6.56665686  7.60640644  8.95363798
  13.30484307 10.13868078  0.99180972  2.30607889  8.03353024]
 [ 1.55045763  4.26621472  2.06973071  1.06072711  9.61996953  9.76602259
  17.56303152 22.40098225 24.48175025 31.31547043  2.7775095   5.26609072
  10.26256177  3.48887376 21.07255034 25.05764307  3.69424587  2.50612612
  22.67264263 29.54461677  3.04254103  5.82213562 13.59362992 12.25800979
   1.31340919  1.86620316  1.21459345  2.96302122  7.00946507  8.73748914
  15.14853586 16.46285815  0.40748332  0.24298132  8.17056174]
 [ 7.07541862  5.12262861  7.68601389  5.22355229 10.82959013 11.58470676
  27.22570612 38.42030124 32.64995753 33.97092384  7.48612751  5.96640042
  11.24707069 15.27083447 30.05565929 32.10602338  6.9243934  10.06486104
  22.58466017 31.35447662  8.28970127  7.36024096 19.0994231  24.54940205
   5.73377527  5.20972369  5.6305045   5.09292835  8.50584509  7.42294914
  20.18509552 21.01127992  1.94611147  5.04520052  5.46914011]
 [18.85954892 19.91976439 17.70448022 14.76045496 25.89992939 29.81939698
  40.52210625 41.63414693 47.23217185 43.08389717 23.22607237 26.71567247
  25.26613673 28.66912661 35.3875534  43.20108995 24.06899477  5.39361405
  42.46843753 41.27766209 25.03761179 19.57905139 27.64633177 37.56228487
  18.46523265 12.45378766 23.8236982  27.73602216 19.60355662 26.46331493
  33.8403642  37.87262869  5.56003708  4.19672826 12.35588662]
 [ 5.15693286  8.49456593  1.70615864  0.82803086  3.12991912  3.63602182
  17.30238517  5.34494479 24.02117541 12.31808222  2.03777007  0.82094494
   4.38802874  5.19079754 37.12859336 28.72094022  9.35355518  0.48678662
   9.84944098  8.52501422  0.84730852  0.64232441  2.34687324  3.25271529
   2.61220146  0.57514338  8.57061043  2.32740344  8.25811399  1.49396073
  37.35029246 23.68302521  1.59603191  2.61064238  2.22257285]
 [16.18493238  8.8756029   4.61670991  6.12056818 24.59114836 27.20548392
  42.35479834 41.50998018 45.07234178 42.88867824 10.29016478  8.63979942
  24.40424266 23.58606834 34.27275004 37.84454692 10.01145095 29.73426173
  30.03293936 41.74188253 20.64644993 17.73507734 29.26983415 30.64230347
   6.95880858  5.56532325  9.76971898  6.87700802 13.75230309 15.57034971
  28.38362378 20.33873926  1.05764946  2.65116393  5.82368385]
 [ 8.14915405  5.75627357  2.73272309  2.69600115  6.40437644  9.32011523
  17.29181114 21.1262545  24.29272319 26.95307233  8.47685168  5.48928529
   8.77816898 11.75583398 15.72207844 17.15597775  8.59248413 12.74424374
  15.93778939 23.21201536  5.41555047  6.75458491  9.36672957 10.90035854
   9.63812545  5.06867324  6.05181112  8.34491374 10.87933721  7.11646281
  13.6729133  14.14637146  4.46270275  8.12075936  7.1938355 ]
 [ 6.32965311  5.58961103 11.63810892  6.28099309 17.48920267 27.46510932
  35.60066538 37.50607213 39.44533767 34.81375335 14.82069647  9.78834362
  22.9307448  25.97178654 37.74437029 40.40234085 10.72935546 22.29412547
  32.60198054 32.53838189 15.58159157 13.45795748 27.58955258 35.43908559
   8.70196034  6.4179114   6.16773612  7.77513555 16.75332837 14.88910456
  33.95427729 35.01022277  1.77664123  5.07251524 10.85426409]
 [14.84246535 12.93041928 19.90577543 16.94278146 21.9769724  21.97896277
  34.34112538 33.6755195  36.59883795 36.5297008  13.72688936 11.94247933
  28.34848933 22.81462375 34.25074275 37.71588357  9.81231985 18.89936203
  31.6290671  33.2687473  22.73467362 18.7640765  27.03146704 28.2153628
  13.388245   12.28263889 13.06673549  9.83020494 16.82244041 10.39620967
  29.16953128 39.63488701  3.23552094  4.62390321  4.83313742]
 [ 7.60731614 11.41077551 20.12446404 19.37606782 38.53982001 34.53057808
  52.15783802 48.10517222 58.16287768 56.3981554  25.70596767 20.81621882
  40.05212541 36.59276742 55.33054606 55.44534203 26.35087314 19.17553012
  58.3079407  56.79458726 32.07491461 31.53941148 47.81414886 43.77071732
   7.79826216  5.09445252  6.35732036  6.10446137 29.47062381 28.36140405
  54.94446287 53.87117643  0.80126307  3.54675801 18.5895477 ]
 [ 5.99044237  5.753873    9.52415005  9.57438396 16.15505071 20.59327258
  34.70014188 42.89136286 47.63811363 44.16779083  8.78891932  8.09225627
  15.62233223 17.65558233 26.50804138 28.93780139  8.54155256 17.95296156
  18.00079975 40.69365511  9.92480883  6.50709066 23.73401302 21.5921533
   6.86385174  6.5754213   5.91572101  6.6309676   9.64112678  9.01426919
  17.68154705 19.69930773  9.28130669  4.12805349 11.27161702]
 [ 9.11911841  9.12783753 11.15082956 10.25629842 15.77620668 13.36841136
  30.50173234 40.27522866 47.07699304 43.07352405 13.12859112  8.55592244
  11.75453509 12.2268637  32.69875061 34.14733459 10.40067751 16.59420167
  29.74356771 42.43054189 14.19631958 11.54766051 20.62137677 20.3981831
   5.14428804  6.95807597  1.41679906 10.36953836 11.80004605 11.16256744
  20.48913853 21.7951115   2.99398786  6.56701783  5.74494453]
 [26.17699086 26.10678437 13.02287192 12.6293488  16.58847701 18.96948575
  29.63582347 44.15784241 32.72678754 39.68055063 18.43992208 16.41230938
  29.6863584  41.30313825 31.1780719  42.1366098  18.46224307 29.58824009
  26.43631346 29.74140892 14.84250498 15.68071186 27.24947923 36.65445459
  21.96062132 21.74822921 26.05046359 22.32339574 19.05059466 18.34079477
  32.07806364 41.96306632 21.69538245 14.89720123 12.34333146]
 [ 7.77263102  4.81782012 16.75163624 11.54943445 27.57136799 17.75825577
  31.51183612 30.29782331 32.28717155 28.22583017 15.30994906  9.30920799
  24.544346   18.64094403 30.95270013 32.20415646 10.11036445 23.95681301
  35.89766536 30.48874444 22.55828082 14.08387838 30.59307353 22.7797715
  10.51541545  7.08921725  6.06867891  7.73712649 16.51442079 12.85426761
  27.76729062 30.45293667  4.01744233  3.34805765 10.77606536]
 [ 2.89054523  3.38157724  0.15212328  0.33751543  0.50137177  0.75596981
  10.75929474  4.71096077 28.5798804  20.61330158  4.05487047  0.86224842
   7.16872289 17.0194249  30.91167576 28.41153658  3.62234828  0.76409237
  24.39538476 19.14892205  0.28259931  0.7037957  16.55299489  4.7555235
   0.83932822  1.77610497  6.77633464  0.3981968   9.09786727  7.10280939
  30.13614102 35.10235706  1.36924853  0.70042219  9.8285623 ]]