[[ 1.00073717  0.52931198  0.29743553  0.23841476  1.95914161  0.30309935
   0.80673778  0.41391594  0.30311462  0.3813661   0.31208232  0.89824976
   6.52852874  3.7877481   1.11756267  0.7104869   0.80023607  0.94200417
   0.90765205  0.34355742  0.181256    1.57697174  1.83766182  1.84191297
   0.22430322  0.17561364  0.98309685  0.34251034  2.47725499  3.84350964
   1.71424314  1.39565175  0.38041479  0.36172485  2.43162518]
 [ 6.38252134  5.91562595  7.53829472  7.26075118  6.54279864 10.74999191
   1.36394967  1.65101844  1.31461104  2.2207496   8.89721954 12.43286108
   2.98037083  7.41559985  1.36253764  1.89478387  2.52709529  6.45614399
   1.23461293  1.74152919  7.24806668 11.34814622  2.80404494 12.60936576
   8.99783729  6.40160745  5.91376209  4.86247897  2.18328096  4.69091706
   1.46594255  1.73621931 21.07146219 22.63526229 13.34996758]
 [ 4.23305875  5.9342333   3.09235564 12.14127113  3.31230498  2.85619884
   2.36760084  2.03201056  1.26979006  1.62314192  4.05135798 10.85233284
   3.74824837  5.55421096  2.42877448  2.42845446  4.55009817  5.31241016
   2.20213238  1.49870865  4.11749353 20.1126199   2.64921822  2.88098526
   5.27299866  8.59839636  4.4794078   4.50529061  4.06291899  3.95508993
   3.1331701   3.01940346  4.28265041 10.90755559  8.17400406]
 [26.0716184  15.63626095 11.76529362  6.77479224 14.10373321 18.42786911
   5.43835201  3.65163809  3.42307171  4.15055838 18.12702369 25.95756506
   7.85713796  4.55912881  3.33342982  2.8509602  14.12313557 14.80455429
   3.55498671  4.21357775  9.44082125 13.79514897  6.28674215  6.85416341
  23.22970492 22.32490461 14.62278918 20.84329115 13.09267834 16.72776095
   3.52992902  3.78213291 19.33923514 13.79932551 11.52146283]
 [ 9.79427696 10.70334741  7.98935208 10.01631316  7.24678076  8.00234989
   4.30058192  3.0902268   5.10722066  3.92776476 10.9175869  11.21691362
   9.19048486  6.74963229  3.65413972  3.29161695  9.46196995  6.58957629
   4.49590112  4.7558486   8.78684581 12.74414301  3.74778733  4.10990131
  10.74070677 13.64320816 10.5387942   9.89894782  9.12208131  7.72344304
   4.22421336  4.62881502 13.06925947 10.27746118 21.65104711]
 [ 7.57392129 11.54388751  4.12092152 15.24395656  2.5576043   6.70975513
   2.04915087  1.94611068  2.21958719  3.47483543 10.50172077 11.91218591
   2.81564597  3.81297993  2.11368681  2.12171411  6.02181588 12.37446565
   2.09401481  2.7841608   5.70282323  4.7731576   2.19344073  2.20855537
   8.00487864  7.06839405  9.13816198  7.69358691  3.95952975  5.59378089
   2.74735751  2.33921731  4.67776015 22.63610477  8.2883102 ]
 [ 0.86110094  2.55343609  0.92120476  0.4816523  10.84248087  5.10279054
   6.85443324  8.58900661  2.80094497  3.13950801  0.92239638  2.04156868
   5.3176869   1.16462309  3.17775476  3.14205618  1.20673269  0.48621237
   1.56085461  3.52721783  1.12531344  2.4695869  10.13952914  6.17088593
   0.66718405  0.88561921  0.69288543  1.31929412  1.79727113  2.3008675
   2.19138601  2.39196931  0.28214691  0.18292486 10.79856081]
 [ 7.45135535 12.56687247  4.60969316  4.03208028  8.80960413 16.08271986
   8.6005142   3.53855726 13.66664467 11.97719012 12.6234767  17.9503211
   3.4376059   3.33468555  4.00253185  2.76998193  4.09438771 12.21799105
   3.18473413 11.68493761  6.63337873  5.28248474  4.83076838  4.58904515
  15.04989802 15.08492885  8.46256502  9.5805647   3.16769284  3.4595166
   3.13270735  2.67781942  2.62442356 12.06321443 11.20457484]
 [ 4.33036942  4.73390152  5.59955425  1.4338174   5.9726276   0.90656841
   0.8041758   0.83962253  0.97002742  2.15268992  3.27437724  2.30124821
   1.41909523  1.71385864  0.72347748  0.95459773  1.88592067  1.71750981
   0.73937647  1.62280519  2.13200361  1.39170975  0.82549502  0.94038347
   5.28255632  1.53878746  4.82552589  3.59049447  1.43933322  1.67655681
   1.0230037   1.06154233  3.69397334  4.54499317  3.94573813]
 [10.01115939  3.55278904  1.44287963  0.42513801  0.78374318  0.40243979
   1.23163265  0.15818885  0.63311655  0.1774927   1.55643034  0.20345004
   1.04065424  0.66355025  0.82588331  0.37579739  1.55149994  0.08605009
   0.15960785  0.22881007  0.42117119  0.18868634  0.26743924  0.15876941
   1.7183647   0.21234027  4.3213272   0.67227714  1.60110418  0.37253336
   1.33982722  0.67023752  2.37425492  1.26205001  2.4250192 ]
 [ 2.84209245 12.32409837  0.70855856  1.36194682  2.0846573   4.61735395
   1.71456874  5.5295163   4.29629834  5.69867022  4.15151936  9.73029983
   2.69369791  3.28816695  2.00289448  2.40068675  2.30761998  2.20367317
   2.18280324  4.72048373  3.32423211  7.13749055  1.80051016  2.31607091
   4.69451576 10.70984032  5.08245231  3.06147815  2.59739999  4.81164712
   2.27839022  2.268541    1.25796367  8.8362759   5.10815626]
 [ 5.26921727  4.36365611  1.36996153  1.22620093  6.07869887  9.14447531
   2.08158934  2.84594711  1.61439552  1.66433201  3.25467085  2.12432749
   4.24246054  5.20156002  2.02411072  2.37500396  2.26535533  1.8535711
   2.01109593  1.67484766  3.67911723  3.2261843   3.000099    6.75418364
   5.8156219   4.33530718  5.28071006  3.34679108  2.93591637  2.1233864
   2.41178859  2.44305695  2.68008653  5.6503722   3.63225526]
 [ 2.37480532  1.971065    2.61613425  1.53961901  2.04399041  3.41449259
   1.97809237  3.14894082  3.59058872  4.43657378  3.52633865  2.10978751
   2.65864819  3.24781721  2.22793965  2.97247218  2.27297702  3.25278047
   2.93997515  4.23382924  3.21088905  2.54578526  2.16222688  3.25919838
   3.03527831  1.87110802  2.11774991  2.25167133  3.34524173  2.5613357
   2.58180013  3.46993126  0.99765075  2.59048904  6.08453855]
 [ 0.7696461   1.19681613  0.63898229  0.86579317  0.46485556  0.88162735
   0.41065792  0.78082733  0.72687116  1.56479405  0.47838936  0.81336507
   0.85806983  1.20759493  0.47101675  0.8937663   0.36066581  0.51417018
   0.62133487  1.15418789  0.68223691  0.82398155  0.43015636  1.02037779
   0.63538755  1.78854364  0.95952499  0.39586639  0.70821365  0.66358368
   0.55916137  0.98582326  0.94739338  2.91310325  3.29551798]
 [ 2.05687551  2.72233448  1.34749408  1.3028457   1.98731557  1.42435132
   0.71097667  0.67417042  1.01966401  0.57233846  1.83494668  2.47368687
   1.62439938  1.89974306  0.81757345  0.58320587  1.93838954  1.77946575
   0.64960977  0.85528257  1.49749914  1.50449518  0.97486658  1.08185797
   1.17229307  1.11431493  1.60823226  0.83358037  1.61245984  1.88039747
   1.05172149  0.90637882  0.35755578  1.4617441   2.6058758 ]
 [ 1.57382806  1.52552928  2.02624147  2.87924779  1.49201825  1.86818818
   1.11902913  1.0633131   0.72275231  1.00645766  2.91303545  4.94839323
   2.53289739  3.265466    1.39850157  1.57888261  2.67597628  2.20704099
   1.29311541  0.94418019  2.76028833  2.38320198  1.56104699  1.49726989
   2.39909105  3.46442379  1.67045752  3.0857522   2.78528017  3.48588099
   1.92635435  2.35460616  2.75269835  0.52391375  3.2701467 ]
 [ 5.97902366  7.72707687  3.78876097  4.76750286  6.47581213  9.05574667
   3.75922217  3.23696415  3.59368792  4.03818076 10.78097196 16.28395032
   3.27453141  3.09127872  2.06838568  2.21748553  3.58048002  9.69043603
   1.71498521  4.33104447  5.73736893  5.21250074  4.21769113  4.11607244
  12.49684241 21.50613432  1.0207285   7.36174793  3.63136615  3.79418957
   2.02126455  1.8815707   6.48514595  6.99746216  3.73798169]
 [ 3.0603048   3.06082984  1.91882416  2.0856113   2.35098875  3.38584117
   1.79025324  2.52877826  1.7186594   2.55162839  2.95602699  3.24362302
   2.00347127  2.33728435  1.54074448  2.07152435  3.23769151  1.25393058
   1.89284839  2.58982216  2.84946003  2.5362832   2.13412128  2.96307075
   2.92730259  3.06825741  3.02193539  3.14923626  2.93587704  3.43115903
   1.84964359  2.07468798  2.67612198  2.01088633  3.04356235]
 [ 4.18477773  6.58011254  3.07737935  2.46209314  2.85222562  5.91455989
   1.11942182  2.16564197  1.73308694  3.15733006  2.6554149   4.78528433
   1.23763696  2.61107993  0.94907124  1.72023166  2.00162621  3.58025467
   1.25877296  2.66290919  3.2874477   3.26163257  0.7811762   1.64865744
   3.46423682  4.35461734  4.2571496   2.71754829  2.03224045  1.88945866
   1.14975423  1.58608197  5.94455752  4.62423773 11.11181648]
 [ 0.79161662  1.18783263  0.04330072  0.11892934  0.20360236  0.47499021
   0.46616963  0.24099078  1.24355924  0.74001302  1.36166138  0.44132387
   1.04218108  2.50961806  1.37922895  1.24486874  0.94609423  0.221303
   1.42795964  0.89446073  0.12222884  0.34651994  1.23763755  0.42287925
   0.21869262  0.54218307  1.99837069  0.12184834  2.61768108  3.17510128
   2.37358268  2.19387682  0.52246739  0.34014909  2.34448539]]