[[1.10962558e+01 1.16950631e+01 1.17683211e+01 1.17516012e+01
  1.18980206e+01 1.29505609e+01 1.54947319e+01 1.58643588e+01
  1.65479989e+01 1.46373457e+01 7.05676297e+00 6.58940262e+00
  4.64601465e+00 3.51834395e+00 8.99968887e+00 7.71950950e+00
  5.41523715e+00 1.51036930e-29 5.42465976e+00 1.46861302e+01
  9.05841396e+00 8.20074005e+00 9.90130426e+00 9.25558685e+00
  8.96221687e+00 9.97337723e+00 1.09694523e+01 7.07664379e+00
  2.98467603e+00 2.31788995e+00 3.05887761e+00 2.21537783e+00
  4.51190211e+00 2.37771253e+00 6.15671077e+00]
 [2.04115899e+01 1.74500607e+01 2.27578113e+01 2.04002415e+01
  1.97449957e+01 1.80050776e+01 2.00879160e+01 2.05204523e+01
  2.16877725e+01 1.81653290e+01 1.05824104e+01 1.19538104e+01
  5.55159200e+00 6.45318461e+00 9.97207517e+00 1.09102341e+01
  8.06689694e+00 2.26202776e-28 6.69696565e+00 1.90004187e+01
  1.43159297e+01 1.37915845e+01 1.21796454e+01 1.25015164e+01
  1.63043375e+01 1.70031246e+01 1.96840908e+01 1.44615807e+01
  5.21776277e+00 3.69817486e+00 3.75071127e+00 4.11553539e+00
  7.27648081e+00 5.39945749e+00 4.07191370e+00]
 [9.94572500e+00 8.99372722e+00 1.17503585e+01 9.57834012e+00
  9.81471815e+00 8.87200866e+00 1.34456307e+01 1.23129170e+01
  1.38972636e+01 1.17991284e+01 5.48035292e+00 3.81966922e+00
  2.37819151e+00 1.84631865e+00 5.59372300e+00 4.85880868e+00
  3.00754451e+00 4.62606035e-30 3.52681633e+00 1.21207668e+01
  6.00998244e+00 5.16090775e+00 6.85244259e+00 5.86042697e+00
  8.70125396e+00 7.45671869e+00 9.38554671e+00 6.26193433e+00
  1.50052917e+00 1.37893148e+00 1.85933496e+00 1.44710079e+00
  2.96684750e+00 3.57944873e+00 9.21397653e-01]
 [1.47284507e+01 1.63182376e+01 1.37966319e+01 1.47179606e+01
  1.13551820e+01 1.37542485e+01 1.40019892e+01 1.77322964e+01
  1.77685251e+01 1.76145587e+01 4.94833262e+00 7.55289308e+00
  2.16306101e+00 2.70727272e+00 6.12498130e+00 6.64102163e+00
  4.25922327e+00 3.83596855e-30 4.18261591e+00 1.57058435e+01
  6.27123919e+00 8.54140406e+00 7.39591327e+00 8.12387131e+00
  1.04066395e+01 1.13776885e+01 1.45125914e+01 9.12678165e+00
  1.88987631e+00 2.50675733e+00 1.89209073e+00 1.71887460e+00
  3.34623285e+00 3.91541534e+00 2.14124834e+00]
 [2.52759702e+01 2.61585334e+01 2.75872006e+01 2.49549445e+01
  2.27207597e+01 2.37341905e+01 2.85101954e+01 3.67601919e+01
  3.39099621e+01 3.79441933e+01 1.18799784e+01 1.38669509e+01
  6.79654802e+00 7.42592154e+00 1.69158532e+01 1.92471261e+01
  8.49770241e+00 1.03441741e-29 1.37128257e+01 3.55520766e+01
  1.47377521e+01 1.68662399e+01 1.72678851e+01 1.91729743e+01
  1.74495673e+01 1.80636766e+01 2.47305738e+01 1.44327288e+01
  4.45668332e+00 4.78351049e+00 5.08227903e+00 5.32843650e+00
  4.10765017e+00 4.86527656e+00 6.39875212e+00]
 [1.18223909e+01 1.31930646e+01 9.42997372e+00 8.12447043e+00
  5.83872100e+00 5.75404577e+00 7.24787680e+00 6.49660130e+00
  8.76192050e+00 7.21739384e+00 2.98178286e+00 3.77743176e+00
  1.84797015e+00 1.72049019e+00 3.61224570e+00 3.28023364e+00
  2.77859399e+00 9.61375534e-30 2.27306233e+00 7.69918826e+00
  4.60119230e+00 3.97191527e+00 3.94036556e+00 3.72434345e+00
  7.77996919e+00 6.31960064e+00 1.18631421e+01 4.95050818e+00
  1.35747623e+00 1.41259614e+00 1.35379045e+00 1.08939973e+00
  9.97599502e+00 7.91637030e+00 1.12770350e+01]
 [1.88077065e+01 1.85352626e+01 2.08416916e+01 2.06454704e+01
  2.16613837e+01 2.02562482e+01 2.97298512e+01 2.98973199e+01
  3.21855228e+01 3.46180871e+01 1.05254976e+01 1.09769365e+01
  7.43446496e+00 9.47762810e+00 1.61018305e+01 1.56093710e+01
  9.49345743e+00 2.28405592e-28 1.23289981e+01 3.08682443e+01
  1.40802455e+01 1.32388399e+01 1.80615308e+01 1.67479508e+01
  1.48301069e+01 1.53738626e+01 1.86871371e+01 1.34038068e+01
  5.97175100e+00 5.28372056e+00 5.21983517e+00 4.76066931e+00
  4.19896074e+00 4.63370061e+00 3.78991310e+00]
 [3.41972396e+01 3.00949012e+01 3.20879334e+01 2.80330939e+01
  3.05188598e+01 3.11631909e+01 4.69851838e+01 5.02123530e+01
  5.30119620e+01 4.69487465e+01 1.62820050e+01 1.76120272e+01
  1.22440567e+01 1.35182787e+01 2.91981120e+01 2.88654141e+01
  1.61687888e+01 2.52019044e-28 1.76573635e+01 4.76029959e+01
  2.04599717e+01 2.09852831e+01 2.56917249e+01 2.83445662e+01
  2.60314056e+01 2.32831463e+01 3.21310516e+01 2.40774419e+01
  7.57491603e+00 6.69173790e+00 9.82207603e+00 1.07351173e+01
  1.34903663e+02 3.36722729e+00 9.17188149e+00]
 [8.80147675e+00 9.00114933e+00 8.80926283e+00 7.89364976e+00
  9.24330733e+00 6.93750844e+00 1.05608013e+01 1.03354239e+01
  9.83394240e+00 9.34829556e+00 4.17113852e+00 4.36902358e+00
  2.89063663e+00 2.07465186e+00 5.26337666e+00 3.93340013e+00
  3.34342730e+00 6.24194352e-29 2.81190830e+00 9.21958493e+00
  5.72444368e+00 4.97759660e+00 6.63263247e+00 4.63166006e+00
  5.92256549e+00 6.30099467e+00 7.65247264e+00 5.06025990e+00
  1.78066123e+00 1.66912409e+00 2.01514939e+00 1.52798883e+00
  3.03333253e+00 3.72163596e+00 4.90755217e+00]
 [1.17545249e+01 9.76246281e+00 1.06279746e+01 1.50326675e+01
  1.05252325e+01 6.89353393e+00 1.27326712e+01 2.25546395e+01
  1.69118322e+01 2.77476844e+01 5.00323037e+00 2.84289490e+01
  2.94098938e+00 3.15122762e+00 7.63734052e+00 8.63708208e+00
  2.65313684e+00 6.15691912e-30 8.20789557e+00 2.54993645e+01
  1.31977797e+01 1.14605596e+01 1.57013311e+01 1.16940711e+01
  1.02959669e+01 2.43902953e+01 1.03621976e+01 5.03977125e+00
  1.43550753e+00 2.60130614e+00 2.83822985e+00 2.39506413e+00
  4.67796175e+00 2.21252269e+00 1.70413698e+01]
 [1.07992593e+01 1.20592478e+01 1.41286470e+01 1.49004700e+01
  1.41689630e+01 1.33441910e+01 1.89964774e+01 1.69527027e+01
  1.69028845e+01 1.54589264e+01 4.92600440e+00 5.85219399e+00
  3.14411954e+00 3.45422121e+00 6.39817931e+00 6.35712142e+00
  3.67467767e+00 1.40422032e-29 3.10241372e+00 1.39702935e+01
  8.14127838e+00 8.81776259e+00 7.82434599e+00 8.08476640e+00
  7.42056861e+00 9.97188870e+00 1.05050279e+01 5.78156915e+00
  1.82257527e+00 1.85921252e+00 1.85200751e+00 2.03015410e+00
  3.25394752e+00 4.27566033e+00 2.63412979e+00]
 [5.14318657e+01 5.15593210e+01 5.51504552e+01 5.27155600e+01
  4.91797918e+01 4.96473235e+01 5.93954147e+01 5.53485815e+01
  1.01165925e+02 9.19453944e+01 3.24498335e+01 3.23630186e+01
  1.52538219e+01 1.32044868e+01 3.37436756e+01 2.82442014e+01
  3.22377019e+01 8.25819744e-29 1.86415246e+01 9.15680012e+01
  3.99917044e+01 3.48805588e+01 3.66864764e+01 3.44908791e+01
  4.22193891e+01 4.02623724e+01 5.30456113e+01 3.95121584e+01
  1.77476517e+01 1.63987934e+01 9.75319710e+00 7.43772031e+00
  7.31491218e+00 5.36478874e+00 1.54013874e+01]
 [8.19594900e+00 8.73988515e+00 8.51192570e+00 8.21055666e+00
  8.59570078e+00 6.77248023e+00 9.70137603e+00 8.17061628e+00
  9.93961541e+00 9.42911365e+00 3.89048966e+00 4.27338752e+00
  2.81030495e+00 2.02455905e+00 5.22036290e+00 3.69457609e+00
  3.31443417e+00 1.87006934e-29 3.07825128e+00 9.72785348e+00
  4.78546772e+00 4.92880899e+00 6.14058273e+00 4.83541119e+00
  6.16035394e+00 5.72139538e+00 7.58782788e+00 4.78336613e+00
  1.75745969e+00 1.64355672e+00 2.05004929e+00 1.10932983e+00
  2.59976281e+00 4.22335663e+00 1.16436443e+01]
 [1.83544716e+02 2.09001490e+02 1.52151297e+02 1.69177150e+02
  1.54498617e+02 1.43990905e+02 1.52764294e+02 1.50948944e+02
  1.39078316e+02 1.44824250e+02 9.24014720e+01 1.16362975e+02
  3.66335643e+01 4.06238349e+01 9.94259631e+01 6.66833783e+01
  9.08998016e+01 2.05317003e-28 6.12981072e+01 1.32079353e+02
  9.94621250e+01 1.06040431e+02 1.09068265e+02 8.82510968e+01
  1.19420867e+02 1.53591483e+02 1.90500546e+02 1.31903293e+02
  3.81105780e+01 4.25870310e+01 3.63873747e+01 2.01296528e+01
  3.64972726e+01 3.03567947e+01 3.52503724e+00]
 [1.22678544e+01 1.24067074e+01 1.17817940e+01 1.12371246e+01
  1.25054288e+01 1.00557071e+01 1.63662448e+01 1.43868407e+01
  1.50838288e+01 1.44140240e+01 4.55441633e+00 5.31798797e+00
  3.77266563e+00 3.43899957e+00 9.34299915e+00 7.44509220e+00
  3.20325348e+00 3.48350523e-29 4.17463897e+00 1.32374289e+01
  7.35909903e+00 6.99600805e+00 1.01327937e+01 8.13765601e+00
  7.61555346e+00 9.81205507e+00 1.21503230e+01 7.77707484e+00
  2.25943952e+00 1.96723929e+00 3.17901964e+00 2.09244349e+00
  5.01272034e+00 7.39654400e+00 8.88104611e+01]
 [3.25744826e+01 3.94972889e+01 3.79805318e+01 3.46603408e+01
  2.86464618e+01 2.47045069e+01 2.94508240e+01 2.99453214e+01
  3.66546604e+01 3.69921969e+01 1.54048794e+01 2.08193437e+01
  7.26708509e+00 7.15812150e+00 1.40052748e+01 1.25678715e+01
  9.48003670e+00 5.16865144e-28 7.32208762e+00 3.61654097e+01
  1.78913052e+01 1.78834364e+01 1.79924427e+01 1.80649065e+01
  3.72763273e+01 5.44432743e+01 3.03107425e+01 2.46656234e+01
  4.90042463e+00 4.05159550e+00 4.29897211e+00 3.16087305e+00
  1.83011206e+01 1.08156943e+02 8.42025784e+01]
 [1.71639882e+01 1.66337425e+01 1.56293911e+01 1.46066542e+01
  1.47078788e+01 1.37121158e+01 1.74967467e+01 1.56441584e+01
  1.79558235e+01 1.68233865e+01 5.94517140e+00 6.89710392e+00
  5.23891503e+00 3.94745720e+00 1.17249808e+01 7.74325059e+00
  4.52161139e+00 1.00484411e-28 4.85436823e+00 1.72266377e+01
  1.02087620e+01 8.92670988e+00 1.18765572e+01 9.25823616e+00
  1.09296283e+01 1.08557096e+01 1.51400700e+01 7.35065545e+00
  2.68171072e+00 2.21860664e+00 3.73386451e+00 2.28400401e+00
  3.58916942e+00 2.79576659e+00 2.66096554e+00]
 [7.68246267e+01 7.50328237e+01 8.98567615e+01 7.66876688e+01
  1.02867890e+02 8.43734381e+01 1.06009230e+02 8.63736562e+01
  8.76046237e+01 8.37189210e+01 3.98572886e+01 3.74777986e+01
  2.80701245e+01 2.22472038e+01 5.31821067e+01 3.44565034e+01
  2.54592556e+01 2.01859921e-28 3.24113078e+01 7.84929080e+01
  6.20767877e+01 5.11188942e+01 6.96669109e+01 5.51599270e+01
  5.18139579e+01 4.95882607e+01 6.52392966e+01 4.49305208e+01
  1.60439040e+01 1.21867665e+01 1.95527275e+01 1.32557438e+01
  2.18619894e+01 1.56759920e+01 4.36261017e+00]
 [4.27252626e+01 4.69770019e+01 4.22673968e+01 4.27249499e+01
  5.11487663e+01 4.40805330e+01 5.43203135e+01 4.84681516e+01
  5.41532670e+01 4.96405077e+01 1.99019301e+01 2.23514893e+01
  1.40906434e+01 1.01336144e+01 3.02188359e+01 2.65396915e+01
  1.58369843e+01 3.42881259e-29 1.55912407e+01 5.14638892e+01
  3.08463450e+01 2.78998502e+01 3.90723630e+01 3.21014294e+01
  3.06806883e+01 3.45584211e+01 4.29213078e+01 2.71585943e+01
  7.29121608e+00 7.58120767e+00 1.04326375e+01 6.73819570e+00
  4.10887551e+00 3.59316011e+00 3.01584420e+01]
 [3.74322152e+01 4.16992791e+01 1.05301168e+02 4.44269975e+01
  4.81171623e+01 3.35064175e+01 3.95547839e+01 3.92088508e+01
  4.42716939e+01 5.04184716e+01 1.19058437e+01 1.71120292e+01
  6.03587182e+00 5.15812084e+00 1.77857602e+01 1.34809304e+01
  6.73894050e+00 2.95122819e-29 1.00890966e+01 4.65108019e+01
  3.21041861e+01 1.30028008e+01 1.77864555e+01 1.86166679e+01
  5.12577517e+01 3.15393532e+01 2.45681373e+01 3.28206804e+01
  3.57441002e+00 4.25094330e+00 5.02021807e+00 3.93107560e+00
  2.36707626e+01 2.26752248e+01 1.41955829e+01]]