[[5.01725239e+00 5.87368468e+00 5.20607368e+00 4.84278676e+00
  6.42422977e+00 5.91696307e+00 7.10380154e+00 7.05411587e+00
  8.39554272e+00 7.27230963e+00 3.07872030e+00 3.29792871e+00
  5.04083561e+00 2.10334840e+00 5.55861272e+00 4.74651527e+00
  2.02172042e+00 1.04070611e-29 3.61450708e+00 7.53537396e+00
  5.55143347e+00 4.12396770e+00 5.99149883e+00 5.29225763e+00
  3.78370728e+00 4.91935164e+00 4.94343092e+00 2.73411671e+00
  1.25836351e+00 1.06437957e+00 2.18306056e+00 1.54766836e+00
  5.34565948e+00 2.77319230e+00 3.92825046e+00]
 [5.49859017e+00 3.79692885e+00 5.13330456e+00 5.12401443e+00
  3.97345801e+00 4.35475257e+00 4.26957782e+00 5.67412336e+00
  5.52679655e+00 6.29102799e+00 2.56133807e+00 3.29460446e+00
  1.32784636e+00 1.60079379e+00 2.61997871e+00 2.71575729e+00
  1.48774087e+00 4.94847120e-29 1.59330615e+00 5.61646573e+00
  3.14138735e+00 3.50949734e+00 2.75742989e+00 3.31536228e+00
  4.01571523e+00 3.80596987e+00 4.62988430e+00 2.72985743e+00
  1.11631093e+00 9.93635449e-01 1.03914900e+00 9.34169780e-01
  8.19104502e+00 7.56241838e+00 3.11711724e+00]
 [1.42673500e+01 1.32180618e+01 1.54234681e+01 1.30803623e+01
  1.88404959e+01 1.41235300e+01 2.10897553e+01 2.27786243e+01
  2.91163360e+01 2.68918169e+01 7.69093106e+00 6.32482086e+00
  6.63926773e+00 5.46220002e+00 1.49708758e+01 1.32207283e+01
  4.24062222e+00 7.43040341e-30 9.10466551e+00 2.48134671e+01
  1.06033904e+01 9.20560846e+00 1.52600160e+01 1.35400517e+01
  1.11794369e+01 1.05949801e+01 1.37223498e+01 8.45850172e+00
  3.46569729e+00 3.20357569e+00 5.65901031e+00 4.26212359e+00
  2.85722901e+00 3.50004956e+00 1.15023567e+00]
 [8.72981965e+00 1.12510627e+01 8.21608398e+00 9.03784759e+00
  8.23729869e+00 1.84533894e+01 1.11804927e+01 1.48737125e+01
  1.78622164e+01 1.81983057e+01 3.62727514e+00 8.01689195e+00
  1.87168623e+00 2.57674127e+00 5.97245272e+00 6.81043734e+00
  2.24015427e+00 2.62967389e-30 3.65842646e+00 1.47005556e+01
  4.88981469e+00 7.01485207e+00 5.87455599e+00 7.83802437e+00
  8.23888779e+00 7.56281778e+00 7.48416816e+00 4.97314507e+00
  1.31151528e+00 1.88547373e+00 1.69290351e+00 1.73169930e+00
  2.82262182e+00 2.98494848e+00 3.10884033e+00]
 [1.36710138e+01 1.35521266e+01 1.54563444e+01 1.31602586e+01
  2.98488877e+01 1.42061840e+01 1.43390141e+01 1.54290274e+01
  2.00236907e+01 1.57867993e+01 8.27805289e+00 9.43667898e+00
  5.88397945e+00 6.05597564e+00 1.02254189e+01 1.00946376e+01
  5.58711448e+00 9.24106848e-30 6.44776535e+00 1.81590991e+01
  1.16440240e+01 1.02047941e+01 1.25875487e+01 1.10716699e+01
  1.04656988e+01 1.05962844e+01 1.26352240e+01 8.30026970e+00
  3.47597041e+00 3.95705733e+00 4.27537787e+00 3.70964731e+00
  2.20526079e+00 2.12462777e+00 7.89619719e+00]
 [4.94078369e+00 4.72469226e+00 4.86439346e+00 3.85227408e+00
  5.11649070e+00 3.33999962e+00 5.48639067e+00 1.04803385e+01
  1.44185621e+01 1.24374601e+01 2.29087897e+00 1.88847153e+00
  1.65750943e+00 1.21745464e+00 3.40378976e+00 3.56152710e+00
  1.17993799e+00 9.34593247e-30 2.04676932e+00 1.26606617e+01
  3.37060964e+00 3.37298680e+00 3.12184301e+00 3.31619666e+00
  4.10004759e+00 2.91695887e+00 4.34832868e+00 1.95431976e+00
  9.08022825e-01 7.50775665e-01 1.11513213e+00 8.26210097e-01
  3.06557178e+00 1.99952914e+00 1.53965245e+01]
 [1.28259434e+01 1.25354598e+01 1.26665726e+01 1.35601105e+01
  1.31996321e+01 1.42201915e+01 1.75902295e+01 1.82032561e+01
  2.31234027e+01 2.31778872e+01 7.57167353e+00 8.45654811e+00
  6.33879132e+00 6.69214079e+00 1.22790881e+01 1.21875731e+01
  5.04940551e+00 1.74670161e-28 9.46816994e+00 2.23832420e+01
  9.75155064e+00 1.01441038e+01 1.20574116e+01 1.22480154e+01
  9.75072223e+00 1.01206904e+01 1.25704709e+01 7.64083187e+00
  4.73574287e+00 4.56966892e+00 5.35449328e+00 4.51106718e+00
  2.42562497e+00 2.54324270e+00 3.36263477e+00]
 [5.69211639e+00 5.48378747e+00 6.31484505e+00 6.55094640e+00
  5.72798764e+00 6.05920298e+00 8.37604512e+00 1.00610654e+01
  1.46399608e+01 1.89099708e+01 3.75609297e+00 4.25816230e+00
  4.06186373e+00 3.86181646e+00 6.81574708e+00 7.27967425e+00
  2.74322712e+00 4.57336703e-29 4.42586482e+00 1.62530004e+01
  4.48186604e+00 5.77262431e+00 5.81753081e+00 5.89326880e+00
  5.04079692e+00 5.21221825e+00 5.15603223e+00 3.97652406e+00
  1.94283930e+00 1.94577023e+00 2.78814410e+00 2.68293241e+00
  2.96690073e+02 1.34265121e+00 4.40464592e+00]
 [5.79119129e+00 5.42314997e+00 4.75421959e+00 5.47213942e+00
  5.07557307e+00 4.45254819e+00 7.74729503e+00 6.86183781e+00
  8.25392435e+00 9.01779466e+00 3.00691530e+00 3.16659982e+00
  2.02578381e+00 1.75004261e+00 4.24618552e+00 3.57603706e+00
  1.98279969e+00 4.21578516e-29 2.65510838e+00 8.72940366e+00
  3.68220075e+00 3.71042080e+00 4.45037363e+00 3.60400387e+00
  3.94009850e+00 4.16280830e+00 4.82834603e+00 3.04492589e+00
  1.29533233e+00 1.41920143e+00 1.71500758e+00 1.31102295e+00
  1.96855988e+00 2.87816754e+00 4.38027678e+00]
 [5.68725895e+00 4.13733580e+00 5.55139035e+00 7.61904774e+00
  4.13251434e+00 2.64439517e+00 4.32359946e+00 1.23572809e+01
  6.40601988e+00 1.67286688e+01 2.29235177e+00 1.79235952e+01
  1.10663402e+00 1.47615480e+00 2.46494873e+00 3.45458994e+00
  1.19019539e+00 4.91781382e-30 3.50592820e+00 1.37327005e+01
  6.95458672e+00 6.78439985e+00 7.51491805e+00 6.10473130e+00
  5.91351353e+00 1.83504335e+01 4.69351910e+00 2.22301463e+00
  7.31649342e-01 1.82009771e+00 9.61657598e-01 1.17801185e+00
  3.50640980e+00 2.21512618e+00 1.65148323e+01]
 [9.41175978e+00 9.33114181e+00 1.07443157e+01 9.03394438e+00
  1.00172789e+01 9.98851641e+00 1.51379426e+01 1.18440901e+01
  2.16441236e+01 1.49145772e+01 4.77044164e+00 4.92080169e+00
  5.52269997e+00 4.35581236e+00 9.17052453e+00 7.27742578e+00
  3.06911516e+00 1.45198827e-29 4.68921044e+00 1.55221643e+01
  6.83400995e+00 6.40114190e+00 8.56262690e+00 7.23093849e+00
  6.42481918e+00 7.49478794e+00 8.83765689e+00 4.37878997e+00
  2.20099544e+00 1.94489697e+00 3.33713839e+00 2.84852740e+00
  2.42039889e+00 2.89443884e+00 3.40998367e+00]
 [1.07974409e+01 1.11026236e+01 1.10805388e+01 1.09373134e+01
  1.12122136e+01 1.18498308e+01 1.27725586e+01 1.32629099e+01
  1.71038617e+01 1.74718039e+01 7.32512958e+00 7.61407584e+00
  5.89309870e+00 5.71492265e+00 9.53272518e+00 9.24989274e+00
  6.21221653e+00 1.55891745e-29 6.08962020e+00 1.55041971e+01
  9.50442568e+00 9.37143571e+00 9.61884350e+00 1.07377173e+01
  9.01952262e+00 8.65959654e+00 1.10829386e+01 7.93442184e+00
  4.20505383e+00 4.29829549e+00 3.90581855e+00 3.45708201e+00
  4.36217923e+00 1.95564488e+00 9.01596525e+00]
 [1.62927966e+01 1.73091589e+01 1.58813093e+01 1.70316869e+01
  1.36068098e+01 1.22216393e+01 1.53963823e+01 1.36055662e+01
  2.16587121e+01 1.69303085e+01 1.08897999e+01 9.89429252e+00
  6.75252950e+00 4.97694451e+00 1.04358073e+01 8.03268534e+00
  6.47084798e+00 4.21331832e-29 6.27563388e+00 1.89571155e+01
  1.13671906e+01 1.12968400e+01 1.09484902e+01 9.48282918e+00
  1.35534719e+01 1.27442489e+01 1.49386651e+01 9.55393896e+00
  4.19073459e+00 3.53260355e+00 4.50473392e+00 2.64108313e+00
  3.47186201e+00 4.15031270e+00 2.23045444e+01]
 [2.11351432e+01 2.19745532e+01 2.27865864e+01 2.21914935e+01
  2.53578403e+01 2.40252401e+01 3.27884159e+01 3.07332554e+01
  3.54745268e+01 3.86204484e+01 1.38849140e+01 1.58726315e+01
  9.61471195e+00 9.11189700e+00 1.96273896e+01 1.71465310e+01
  9.17182942e+00 4.16456589e-29 1.25963302e+01 3.21506258e+01
  1.63063061e+01 1.72395209e+01 1.99849331e+01 1.89792538e+01
  1.68655969e+01 1.82861608e+01 1.95334439e+01 1.32714259e+01
  5.93495584e+00 6.47227677e+00 6.91445313e+00 5.71075688e+00
  5.18070510e+00 4.60788658e+00 2.26176997e+00]
 [7.43087839e+00 7.06845325e+00 6.33385498e+00 6.04148819e+00
  6.76933293e+00 6.04833914e+00 9.90409984e+00 9.59380651e+00
  1.22119689e+01 1.09868241e+01 3.49195625e+00 4.00467601e+00
  3.04367575e+00 2.85608080e+00 7.23557798e+00 5.91088095e+00
  2.81675539e+00 2.38561912e-29 3.62048399e+00 1.07159988e+01
  4.32813125e+00 4.15666174e+00 6.71536929e+00 5.62429184e+00
  5.25218403e+00 5.53988467e+00 6.88436683e+00 5.00556605e+00
  1.89459534e+00 1.85700605e+00 2.92908674e+00 1.95918242e+00
  3.43597493e+00 3.98939262e+00 5.09950762e+01]
 [1.07781569e+01 1.47825637e+01 1.25143078e+01 1.16576130e+01
  8.15719265e+00 7.05742171e+00 8.12900346e+00 7.17575760e+00
  9.52161434e+00 8.30801811e+00 4.96868500e+00 9.03516024e+00
  2.99925686e+00 2.88082669e+00 5.25094356e+00 4.53229111e+00
  2.53880406e+00 1.71339907e-28 2.80785010e+00 8.80895189e+00
  5.61284758e+00 5.92462508e+00 5.90997184e+00 5.82252237e+00
  1.74971955e+01 2.83207328e+01 9.58513665e+00 9.31945513e+00
  1.71351077e+00 1.29274898e+00 2.01626291e+00 1.74754260e+00
  1.30106770e+01 7.06737385e+01 8.37644950e+01]
 [6.02759478e+00 5.54296402e+00 5.67726112e+00 7.68051108e+00
  5.66893494e+00 5.35818913e+00 5.82022303e+00 6.39283333e+00
  1.08224930e+01 1.10383263e+01 2.37887552e+00 3.02572275e+00
  2.77708642e+00 2.55147224e+00 4.30773022e+00 3.79482351e+00
  1.36895277e+00 4.06960215e-29 2.30020690e+00 1.23362464e+01
  4.88546001e+00 5.61270555e+00 4.07654745e+00 4.36596487e+00
  3.65043389e+00 3.99498298e+00 4.76377641e+00 2.14492139e+00
  1.27460497e+00 1.26424049e+00 1.62372511e+00 1.27507940e+00
  2.33767357e+00 2.51315651e+00 2.23055848e+00]
 [1.86242789e+01 1.95852819e+01 1.81639623e+01 1.89110902e+01
  3.13825833e+01 2.86181845e+01 2.72024533e+01 3.76249419e+01
  3.97011120e+01 4.79952161e+01 9.15525382e+00 1.20391764e+01
  6.78371688e+00 8.21584388e+00 1.83322909e+01 1.98694496e+01
  6.78229345e+00 6.97259632e-29 1.30341535e+01 4.04372415e+01
  1.20184165e+01 1.35399548e+01 2.33799189e+01 2.38604388e+01
  1.27695347e+01 1.44439367e+01 1.66359349e+01 1.14920524e+01
  4.18159653e+00 4.39807706e+00 7.36959373e+00 6.95788330e+00
  6.04903443e+00 6.54251383e+00 2.98089176e+00]
 [9.28289000e+00 9.65390366e+00 8.94632812e+00 8.69937773e+00
  9.56960076e+00 9.34703869e+00 9.83619515e+00 1.07883190e+01
  1.21917756e+01 1.54446711e+01 5.53736147e+00 5.44203513e+00
  4.05242970e+00 3.60153835e+00 6.78696140e+00 6.93047520e+00
  4.05915195e+00 1.27643626e-29 4.12347979e+00 1.37462857e+01
  7.07210324e+00 6.70825353e+00 7.87564432e+00 7.39251560e+00
  7.49393394e+00 8.20924176e+00 8.96187255e+00 6.32791874e+00
  2.48516223e+00 2.49562397e+00 2.94076548e+00 2.14897164e+00
  1.28867008e+00 1.20380849e+00 1.87584854e+01]
 [2.40644513e+01 2.98219209e+01 1.15323920e+02 3.33419772e+01
  5.13658989e+01 2.67236674e+01 4.30231787e+01 3.90601312e+01
  3.78796287e+01 4.46987504e+01 7.20969276e+00 9.38808789e+00
  5.27197186e+00 5.36681597e+00 1.59130088e+01 1.21584208e+01
  4.04897635e+00 3.14578274e-29 7.59615788e+00 3.62089756e+01
  3.02407906e+01 2.09895394e+01 1.51616346e+01 1.64055684e+01
  5.10932475e+01 2.08410411e+01 1.27502090e+01 2.57456559e+01
  2.25601463e+00 2.89279908e+00 4.03831833e+00 2.91771896e+00
  1.69278142e+01 1.85235737e+01 2.35454186e+01]]