[[2.09206881e+00 2.15746572e+00 1.74679124e+00 1.69043685e+00
  2.07005243e+00 1.49844278e+00 1.63113038e+00 1.62587077e+00
  1.68155113e+00 1.61456410e+00 1.05322535e+00 1.30133407e+00
  2.68375308e+00 6.30149546e-01 1.02565235e+00 9.40281746e-01
  6.44873130e-01 3.59963650e-30 6.95437944e-01 1.61057213e+00
  2.89835525e+00 1.71833235e+00 1.47638260e+00 1.15971633e+00
  1.23286162e+00 1.81987909e+00 1.80499411e+00 8.40391425e-01
  4.06699853e-01 4.10006833e-01 4.48341653e-01 3.18609834e-01
  2.57333877e+00 1.81569776e+00 2.01022179e+00]
 [1.57833114e+00 1.02624352e+00 1.38409060e+00 1.23803126e+00
  9.02422183e-01 9.53482487e-01 8.49762506e-01 1.36179067e+00
  1.37923676e+00 2.53461654e+00 6.11444803e-01 7.89273259e-01
  3.05701387e-01 3.65112278e-01 5.28102801e-01 6.03791195e-01
  4.18937734e-01 1.19216577e-29 3.81629876e-01 1.95125320e+00
  7.91372704e-01 7.97274728e-01 5.51245150e-01 6.63237131e-01
  1.05842239e+00 1.04333478e+00 1.42659337e+00 7.58541566e-01
  2.66237483e-01 2.62020419e-01 2.46928867e-01 2.36167389e-01
  4.87726056e+00 3.14941768e+00 9.44226845e-01]
 [3.98071845e+00 3.44913784e+00 3.43544318e+00 2.62785117e+00
  5.45120117e+00 1.60508950e+00 1.55921206e+00 1.87982882e+00
  2.00748640e+00 1.94850619e+00 1.38114610e+00 1.08297695e+00
  1.30086591e+00 7.15767552e-01 1.52910219e+00 1.34524666e+00
  7.28688946e-01 1.60478035e-30 9.02447151e-01 1.82358416e+00
  2.07097682e+00 2.03741039e+00 2.56107540e+00 1.50000922e+00
  2.90723236e+00 2.37479701e+00 3.63876261e+00 2.17385633e+00
  3.84069160e-01 3.89420025e-01 6.20002142e-01 5.00219575e-01
  1.18656924e+00 8.66894185e-01 2.99849610e-01]
 [2.65540136e+00 4.16889138e+00 1.65036500e+00 1.51144784e+00
  1.03404167e+00 7.95628969e+00 1.40979675e+00 2.21346185e+00
  3.25626298e+00 4.29131814e+00 7.33387106e-01 3.41978756e+00
  2.60823575e-01 4.47393881e-01 6.03230422e-01 8.24574781e-01
  3.90187884e-01 4.53894278e-31 4.02942336e-01 3.44522152e+00
  8.32182905e-01 1.61248669e+00 6.35762485e-01 1.50624602e+00
  2.52655699e+00 2.29499444e+00 1.77372832e+00 1.12016734e+00
  2.14084595e-01 3.12096389e-01 1.78007541e-01 2.19095736e-01
  1.12111248e+00 1.30795947e+00 1.44137370e+00]
 [2.49624255e+00 2.29682659e+00 3.28320800e+00 2.16526605e+00
  2.06283813e+01 2.98103218e+00 2.62430081e+00 2.46150861e+00
  6.30597632e+00 2.83173431e+00 1.48134648e+00 1.59409578e+00
  1.27411576e+00 8.89724236e-01 1.73610463e+00 1.43567257e+00
  9.80028679e-01 3.67481244e-30 9.83173872e-01 4.85017877e+00
  3.84067843e+00 1.81329296e+00 4.69372741e+00 1.79993224e+00
  1.78328932e+00 1.72223579e+00 2.18114428e+00 1.39605825e+00
  5.88254520e-01 6.56907397e-01 6.35501634e-01 5.09747556e-01
  7.97567832e-01 4.79429543e-01 3.02885322e+00]
 [3.28317865e+00 2.73183507e+00 2.48237556e+00 1.79414604e+00
  2.48091719e+00 9.21158754e-01 9.10096076e-01 1.48841530e+00
  4.74763523e+00 5.78316730e+00 9.21873254e-01 7.42886196e-01
  7.24929759e-01 4.08073915e-01 6.47175569e-01 6.95116916e-01
  4.58850432e-01 2.60851385e-30 4.35996226e-01 6.27848593e+00
  1.76138764e+00 2.48113860e+00 1.06703209e+00 6.61552930e-01
  1.89042760e+00 1.23946782e+00 3.07121858e+00 9.39544709e-01
  2.78863834e-01 2.36202310e-01 2.64704596e-01 2.16546990e-01
  1.51890013e+00 7.17550899e-01 3.09706775e+00]
 [2.97326696e+00 2.58434654e+00 2.10530488e+00 2.20617702e+00
  1.34040055e+00 2.17797569e+00 1.72359939e+00 1.88704767e+00
  2.54164993e+00 2.15460811e+00 1.03374258e+00 1.15689630e+00
  7.32698971e-01 9.42742995e-01 1.12273428e+00 1.19581334e+00
  8.22740639e-01 1.74976891e-29 9.40978500e-01 2.19646644e+00
  1.29505527e+00 1.27599521e+00 1.14358833e+00 1.27462540e+00
  1.79711420e+00 1.78145096e+00 2.66278779e+00 1.28488288e+00
  6.08170366e-01 5.63378146e-01 5.32685146e-01 5.25509914e-01
  7.77360221e-01 6.31767183e-01 9.28808995e-01]
 [1.14571286e+00 1.13273734e+00 1.32350920e+00 1.43676624e+00
  9.41221919e-01 1.02136451e+00 1.12438364e+00 1.68298035e+00
  7.49330800e+00 1.26155561e+01 7.39026129e-01 8.51225502e-01
  5.69779589e-01 5.66794231e-01 9.84060381e-01 1.23605926e+00
  5.69265776e-01 1.13630969e-29 8.27049398e-01 9.98781763e+00
  7.76040443e-01 2.07593156e+00 8.02777430e-01 8.36519303e-01
  1.03951429e+00 1.08142812e+00 1.09330900e+00 8.01311637e-01
  3.50551334e-01 3.62866991e-01 3.92510311e-01 4.06847806e-01
  2.66650291e+02 4.61774388e-01 1.45501906e+00]
 [1.12031940e+00 8.90524546e-01 6.63939472e-01 6.90318722e-01
  5.22637870e-01 5.03918732e-01 1.11610856e+00 7.49579342e-01
  8.01735911e-01 1.24268955e+00 3.87488130e-01 4.19585366e-01
  2.68568827e-01 2.85679318e-01 4.02254474e-01 3.62939624e-01
  3.32737910e-01 5.62735197e-30 2.71716784e-01 9.55595471e-01
  4.73489962e-01 4.86637530e-01 4.61612483e-01 3.91146590e-01
  5.93282549e-01 6.08665154e-01 8.67868383e-01 4.07228481e-01
  2.11924788e-01 1.96186990e-01 2.01112211e-01 1.68021096e-01
  9.49177330e-01 1.19602544e+00 1.18531765e+00]
 [1.67335025e+00 1.20849159e+00 1.12630502e+00 2.40859526e+00
  7.29462289e-01 5.95300607e-01 6.50574943e-01 4.31608458e+00
  1.67678417e+00 6.22992523e+00 4.62122619e-01 7.11312834e+00
  1.78374337e-01 2.79958672e-01 5.30946783e-01 7.44501392e-01
  2.25351968e-01 1.58731521e-30 8.00252590e-01 4.18611115e+00
  2.13867079e+00 2.33377797e+00 1.93347749e+00 1.80507739e+00
  1.26480386e+00 7.04872555e+00 1.17466028e+00 4.29485452e-01
  1.32348013e-01 5.36397519e-01 1.63013998e-01 2.52664898e-01
  1.38391203e+00 6.55041258e-01 3.23733213e+00]
 [3.18799589e+00 3.69395097e+00 2.75155917e+00 2.48687915e+00
  1.40016626e+00 3.55506400e+00 1.60750828e+00 1.34380905e+00
  3.60494375e+00 1.93452920e+00 8.78445390e-01 1.11900207e+00
  5.46821375e-01 5.57612775e-01 9.56377329e-01 7.28049014e-01
  5.57694887e-01 2.85346472e-30 4.79512032e-01 2.42085638e+00
  1.27974427e+00 1.53055861e+00 9.37922987e-01 8.33162342e-01
  1.57826401e+00 2.35243015e+00 3.05676594e+00 1.00086302e+00
  2.98601383e-01 3.36823096e-01 3.33394217e-01 3.33658686e-01
  7.60653364e-01 1.23886925e+00 8.58335676e-01]
 [1.58500126e+00 1.67780790e+00 1.64787228e+00 1.61167381e+00
  1.54989756e+00 1.99219710e+00 1.79379542e+00 1.86306231e+00
  2.73357085e+00 3.26328933e+00 1.04326363e+00 1.25193306e+00
  8.62040676e-01 8.95886973e-01 1.39578293e+00 1.36822998e+00
  1.00905357e+00 2.93023982e-30 9.12252311e-01 2.77704796e+00
  1.49469287e+00 1.72816821e+00 1.26626679e+00 1.83116417e+00
  1.30232823e+00 1.23809035e+00 1.68574586e+00 1.14364544e+00
  6.25978279e-01 7.45323915e-01 5.97862508e-01 5.27143450e-01
  1.83998699e+00 1.00314571e+00 2.94309343e+00]
 [2.61462145e+00 2.60976427e+00 2.13645432e+00 2.24681130e+00
  1.71986852e+00 1.68311775e+00 2.35687917e+00 1.96711097e+00
  5.49054213e+00 3.34852866e+00 1.41567103e+00 1.50268693e+00
  8.14881997e-01 7.19324433e-01 1.53466627e+00 1.13916207e+00
  9.31925265e-01 6.06545891e-30 9.21174925e-01 4.30791606e+00
  1.39682359e+00 1.54143983e+00 1.41230836e+00 1.27657364e+00
  1.99117204e+00 1.88723836e+00 2.33771784e+00 1.45124806e+00
  5.56839800e-01 5.15200862e-01 6.33388116e-01 3.85962875e-01
  6.55776816e-01 7.12592184e-01 6.87509009e+00]
 [4.02889028e+00 4.22824697e+00 3.47801331e+00 3.75800605e+00
  2.89418714e+00 3.17054675e+00 3.42590908e+00 3.70179105e+00
  5.91485699e+00 7.72343059e+00 2.45133977e+00 3.18068011e+00
  1.23313868e+00 1.87459767e+00 2.17341010e+00 2.44518072e+00
  2.03600464e+00 4.48485487e-30 1.42379560e+00 6.25145331e+00
  2.64328721e+00 2.85624028e+00 2.28717497e+00 2.87898981e+00
  3.18868587e+00 3.76895626e+00 3.81441273e+00 2.66704674e+00
  1.15784782e+00 1.52329705e+00 6.03621576e-01 9.50435570e-01
  1.22920221e+00 8.84973667e-01 6.53528750e-01]
 [1.71570462e+00 1.65857827e+00 1.28863653e+00 1.14580989e+00
  1.04872789e+00 1.09378679e+00 1.54758752e+00 1.47516492e+00
  2.28788945e+00 1.55894170e+00 6.71950286e-01 7.87285460e-01
  5.18749411e-01 5.06402074e-01 1.03041460e+00 8.28806891e-01
  5.46781891e-01 3.18742505e-30 4.99222451e-01 1.67464075e+00
  8.48881635e-01 8.00739564e-01 1.01401486e+00 8.93561686e-01
  1.13734979e+00 1.20927003e+00 1.47053060e+00 1.11065616e+00
  3.59041635e-01 3.69786330e-01 4.27706922e-01 2.70559250e-01
  1.27476769e+00 8.62135135e-01 1.80789070e+01]
 [4.27972249e+00 5.58797559e+00 5.16433253e+00 3.82465683e+00
  2.44919162e+00 1.93772868e+00 2.27292032e+00 1.96017812e+00
  3.46027268e+00 2.61456694e+00 2.05825992e+00 3.88246472e+00
  1.03572574e+00 8.60293686e-01 1.59141351e+00 1.21786387e+00
  9.95716627e-01 4.73852806e-29 8.04179919e-01 3.00894306e+00
  2.06321713e+00 2.08991944e+00 1.66613338e+00 1.58745403e+00
  7.42958624e+00 1.08992311e+01 3.58304673e+00 3.84101354e+00
  6.12827241e-01 5.42971945e-01 5.80428716e-01 4.65195535e-01
  4.88797219e+00 2.55334246e+01 2.92511027e+01]
 [1.38589395e+00 1.35821144e+00 1.37419838e+00 3.80558899e+00
  1.78740710e+00 9.98337139e-01 1.31674896e+00 1.57767155e+00
  6.08310518e+00 5.54948718e+00 5.02552656e-01 8.03814182e-01
  1.19148615e+00 7.63874294e-01 9.62276958e-01 8.31975763e-01
  3.35136461e-01 9.47377280e-30 5.45233263e-01 7.39015540e+00
  2.18502675e+00 2.49669248e+00 8.29403239e-01 8.15781780e-01
  8.52616591e-01 1.03479757e+00 1.08165303e+00 5.18574022e-01
  2.59401326e-01 2.84956611e-01 3.73032627e-01 2.63445876e-01
  1.24984973e+00 1.21515749e+00 7.34892200e-01]
 [4.37316665e+00 5.88392964e+00 4.49599171e+00 4.42634227e+00
  2.13104689e+01 1.18040932e+01 3.48836231e+00 7.47718871e+00
  6.09972089e+00 1.26030626e+01 1.29214840e+00 2.09785258e+00
  1.67955042e+00 1.93227318e+00 2.38393660e+00 3.31035267e+00
  9.18061020e-01 9.82236741e-30 1.27482763e+00 9.45966382e+00
  2.90441544e+00 3.19029429e+00 1.41869836e+01 7.72615140e+00
  2.16658369e+00 2.85102284e+00 3.53542190e+00 1.82793496e+00
  5.62845377e-01 7.10196659e-01 8.33688790e-01 9.17363593e-01
  2.07654259e+00 3.85465370e+00 1.32874237e+00]
 [9.26362601e-01 1.17650926e+00 9.23260562e-01 8.01200429e-01
  1.06208954e+00 7.96358606e-01 1.15643337e+00 1.36215693e+00
  2.36163753e+00 4.32687015e+00 5.77130893e-01 5.73115436e-01
  3.82485083e-01 3.21461480e-01 6.48002222e-01 8.00088163e-01
  3.71523994e-01 2.66494667e-30 4.97230428e-01 3.47259170e+00
  8.22440893e-01 5.83398453e-01 6.69273679e-01 6.23216883e-01
  7.80970096e-01 1.05011496e+00 9.22693684e-01 6.00095127e-01
  2.28875173e-01 2.40065898e-01 2.97381869e-01 2.24314075e-01
  3.00185336e-01 2.13413398e-01 5.15453545e+00]
 [1.28161905e+01 1.72131064e+01 3.96983475e+01 1.74317029e+01
  2.10183619e+01 1.22050405e+01 1.03340283e+01 9.79917411e+00
  5.29246232e+00 6.33172199e+00 2.67976252e+00 4.00902142e+00
  1.48989429e+00 2.50252122e+00 2.84314829e+00 2.47327520e+00
  1.44317759e+00 8.67012157e-30 1.48012324e+00 5.88089268e+00
  1.33384235e+01 2.09287421e+01 3.11865390e+00 4.68944028e+00
  1.67955705e+01 1.02900405e+01 5.70842469e+00 1.17449713e+01
  7.98772444e-01 1.35755113e+00 9.28979732e-01 8.46533809e-01
  8.59141755e+00 1.15301797e+01 5.64405955e+00]]