[[9.67039546e+00 9.58524583e+00 1.06047631e+01 9.74660949e+00
  1.41646025e+01 1.51212482e+01 2.48191970e+01 2.91353308e+01
  3.69017843e+01 2.76382048e+01 4.98742473e+00 5.01790099e+00
  5.80067891e+00 5.62905376e+00 1.70228551e+01 1.69668404e+01
  3.03688797e+00 2.06787609e-29 1.22282969e+01 2.99237325e+01
  8.16165621e+00 8.20415582e+00 1.45217021e+01 1.58702880e+01
  7.10310624e+00 7.64003123e+00 9.81927812e+00 5.44192277e+00
  1.81759587e+00 1.56774700e+00 5.77591746e+00 4.83437911e+00
  3.03178525e+00 2.16215200e+00 4.32604171e+00]
 [5.82506292e+00 5.12575701e+00 4.96423552e+00 5.03349006e+00
  5.87577341e+00 4.84842116e+00 9.33656269e+00 1.07359614e+01
  1.80811666e+01 1.47345081e+01 2.75315145e+00 3.20448373e+00
  3.80219558e+00 2.89230846e+00 6.72787060e+00 6.09766803e+00
  2.02913750e+00 6.75267693e-29 3.57959586e+00 1.44765645e+01
  3.65759649e+00 3.58979355e+00 7.02644894e+00 5.06841925e+00
  4.37131782e+00 4.30978782e+00 5.39966905e+00 3.45368052e+00
  1.40026971e+00 1.18785940e+00 2.77744569e+00 1.96923826e+00
  3.11860568e+00 3.18790059e+00 3.00211455e+00]
 [1.32589488e+01 1.28544918e+01 1.50314782e+01 1.56354105e+01
  2.14101018e+01 2.42324634e+01 4.83260456e+01 6.26711449e+01
  1.28414808e+02 1.04105663e+02 7.73762215e+00 7.67563020e+00
  9.94778022e+00 8.71560850e+00 4.01230386e+01 3.57122437e+01
  5.65529811e+00 7.26105282e-30 2.67893020e+01 8.84125947e+01
  1.06711764e+01 1.12435576e+01 2.85086653e+01 3.09206992e+01
  1.07263619e+01 1.15796477e+01 1.27566065e+01 9.72238657e+00
  3.08858026e+00 3.85606019e+00 1.60469595e+01 8.91947709e+00
  2.50113403e+00 3.88512542e+00 1.23059874e+00]
 [1.96362668e+01 2.03924114e+01 2.12122368e+01 2.26314631e+01
  2.62537136e+01 3.35562185e+01 5.35093265e+01 8.57511361e+01
  9.08255962e+01 8.90021307e+01 8.63779477e+00 1.01160010e+01
  4.57109618e+00 7.46785969e+00 2.61003593e+01 3.60700982e+01
  6.41583224e+00 8.64637538e-30 1.76424229e+01 6.89037905e+01
  1.23243177e+01 1.53287464e+01 2.00323372e+01 2.93326875e+01
  1.46093455e+01 1.51338264e+01 1.90619442e+01 1.24677313e+01
  3.52912367e+00 3.86199743e+00 6.63571519e+00 6.55268571e+00
  3.34932536e+00 4.01368656e+00 4.47838555e+00]
 [1.17769583e+01 1.11608954e+01 1.19831229e+01 1.05713125e+01
  1.61560028e+01 1.20207236e+01 1.60985926e+01 1.97461800e+01
  1.73185948e+01 1.55560991e+01 5.17481929e+00 5.85094328e+00
  4.91712312e+00 5.06978492e+00 1.17929204e+01 1.10122661e+01
  4.46210189e+00 4.50277275e-30 6.86695781e+00 1.53398631e+01
  7.08051983e+00 7.24719824e+00 1.17078659e+01 1.11260060e+01
  8.06102909e+00 7.75873206e+00 1.10634730e+01 6.90726072e+00
  2.12428013e+00 2.26974419e+00 5.06929502e+00 3.52562490e+00
  2.15514303e+00 2.13642493e+00 4.83066303e+00]
 [4.87848529e+00 5.67633825e+00 6.09640839e+00 5.54458410e+00
  5.81990521e+00 9.22033722e+00 1.86425304e+01 4.49204357e+01
  4.76014711e+01 3.18040422e+01 2.72547215e+00 2.65383249e+00
  3.72307673e+00 4.75616484e+00 1.16031825e+01 1.51115238e+01
  2.03757484e+00 2.51644294e-29 6.36617211e+00 2.87598103e+01
  3.91534553e+00 4.92893931e+00 6.70424670e+00 1.35370708e+01
  5.12010307e+00 4.10108712e+00 4.79765859e+00 3.03965784e+00
  1.46548716e+00 1.08072252e+00 2.78422683e+00 2.66505580e+00
  2.69206349e+00 2.29865654e+00 1.10361714e+01]
 [1.50054876e+01 1.38019940e+01 1.76076994e+01 1.61107219e+01
  2.67172935e+01 2.50019944e+01 5.90455315e+01 6.49860557e+01
  1.10064036e+02 1.22760873e+02 9.09881181e+00 7.92111397e+00
  7.99574066e+00 9.35155985e+00 3.22743498e+01 4.20287965e+01
  6.37461108e+00 3.89026303e-28 3.30013694e+01 1.05703535e+02
  1.36126277e+01 1.15667514e+01 2.66246713e+01 2.78029646e+01
  1.21038895e+01 1.07455657e+01 1.45725152e+01 9.36321439e+00
  4.96362395e+00 3.57439495e+00 9.87063162e+00 1.15078502e+01
  2.65077957e+00 3.29985783e+00 4.25658541e+00]
 [1.46730550e+01 1.42974843e+01 1.26831945e+01 1.32470789e+01
  1.33799823e+01 1.27651668e+01 3.22197296e+01 3.75545697e+01
  4.83347777e+01 3.57764993e+01 7.13469822e+00 8.27422509e+00
  6.94045849e+00 5.62352724e+00 2.40590947e+01 1.97504205e+01
  6.66024813e+00 1.16465656e-28 1.12356583e+01 3.71114564e+01
  8.36094459e+00 8.38296436e+00 1.53186686e+01 1.26691294e+01
  1.18409731e+01 1.15374535e+01 1.44321702e+01 1.02438302e+01
  3.22526785e+00 2.81634838e+00 8.03794197e+00 5.72206553e+00
  1.17347625e+02 1.63337957e+00 4.66402280e+00]
 [1.34759976e+01 1.12674425e+01 1.58749818e+01 1.08494341e+01
  2.44421725e+01 2.12383566e+01 6.35422508e+01 8.80749384e+01
  1.16796182e+02 9.96037351e+01 6.92184860e+00 4.60336241e+00
  5.63683831e+00 4.28350774e+00 1.96357389e+01 2.21566290e+01
  4.69255937e+00 2.21381718e-28 1.18967006e+01 9.96614328e+01
  1.11414760e+01 7.02013561e+00 1.98673373e+01 2.01736412e+01
  9.29604410e+00 6.94147301e+00 1.12241062e+01 7.28619200e+00
  2.80906850e+00 1.79833972e+00 4.57314538e+00 4.87958747e+00
  5.05054387e+00 5.91637491e+00 1.03046907e+01]
 [4.56995181e+00 3.74691460e+00 4.89132509e+00 5.31767224e+00
  3.57449531e+00 2.40708614e+00 3.79536260e+00 8.31149542e+00
  4.92353601e+00 1.05205006e+01 1.89194173e+00 1.18421705e+01
  9.42954694e-01 1.37308858e+00 2.23345917e+00 3.19296004e+00
  1.09789335e+00 3.73684674e-30 2.78174916e+00 8.71742410e+00
  4.82184482e+00 4.66981726e+00 5.50728189e+00 4.26567306e+00
  4.91358454e+00 1.13585493e+01 3.78176999e+00 2.08447571e+00
  6.11644202e-01 1.37395092e+00 8.44939843e-01 1.02916989e+00
  2.09989723e+00 1.67853617e+00 1.24880374e+01]
 [2.49263128e+01 2.51286126e+01 3.37748739e+01 2.81150310e+01
  5.63962837e+01 3.87403612e+01 1.87106247e+02 1.28817365e+02
  2.54231643e+02 1.72300665e+02 1.00058346e+01 1.06309714e+01
  1.02345603e+01 7.58731346e+00 5.76381661e+01 5.12980530e+01
  7.29900194e+00 4.89887762e-29 2.53669503e+01 1.67881147e+02
  2.10881310e+01 1.82887355e+01 4.56785726e+01 3.49288848e+01
  1.61659578e+01 1.99527240e+01 2.36943161e+01 1.22864633e+01
  4.13322352e+00 3.80587897e+00 1.10577823e+01 8.10647640e+00
  6.64718519e+00 7.00953960e+00 4.31852919e+00]
 [1.27453379e+01 1.30681348e+01 1.40388104e+01 1.33420969e+01
  1.44816736e+01 1.31637723e+01 1.93208309e+01 1.70707521e+01
  3.17182033e+01 3.05924773e+01 7.57894324e+00 7.98159757e+00
  5.27367529e+00 4.94672300e+00 1.28889294e+01 1.09603133e+01
  5.96102863e+00 2.94426815e-29 7.87658229e+00 2.78028774e+01
  1.05736079e+01 9.84610594e+00 1.22832500e+01 1.16796310e+01
  1.00467516e+01 9.91196991e+00 1.33867182e+01 8.97080662e+00
  3.52649364e+00 3.62980566e+00 4.31841301e+00 3.54987221e+00
  2.38934249e+00 1.38842801e+00 6.85798441e+00]
 [7.34465060e+00 8.03536787e+00 7.56545105e+00 7.89254742e+00
  9.63894966e+00 7.67705482e+00 1.14739609e+01 1.07264524e+01
  1.23021143e+01 9.65449376e+00 4.77680099e+00 4.87346947e+00
  4.07286531e+00 3.35598015e+00 7.27011900e+00 5.31170687e+00
  3.38514870e+00 1.90106724e-29 3.56196173e+00 9.97589896e+00
  5.67901995e+00 5.79898410e+00 8.18283189e+00 6.54443573e+00
  5.89453578e+00 5.91168137e+00 7.27946066e+00 4.75407018e+00
  2.07476970e+00 2.03060470e+00 2.63672088e+00 1.51069293e+00
  1.67317522e+00 2.59541124e+00 1.32966010e+01]
 [4.78464021e+01 4.78122305e+01 4.37377428e+01 4.09667967e+01
  6.13445297e+01 5.29830722e+01 1.76307336e+02 1.61410024e+02
  1.53232386e+02 1.64970236e+02 2.34777726e+01 2.85668291e+01
  2.43488182e+01 1.84163082e+01 1.23698961e+02 7.21319091e+01
  2.38018061e+01 1.04645471e-28 5.27686215e+01 1.18892944e+02
  3.16645976e+01 3.08708460e+01 8.61969385e+01 5.78770389e+01
  3.46059268e+01 3.79785426e+01 4.77957438e+01 3.37942697e+01
  1.02082459e+01 1.25529115e+01 3.97545280e+01 2.12118579e+01
  1.15646378e+01 1.03699408e+01 2.22995905e+00]
 [1.61168747e+01 1.65295263e+01 1.44379018e+01 1.53440191e+01
  2.16981988e+01 1.58655475e+01 4.09986189e+01 3.68199736e+01
  4.70460512e+01 5.06505065e+01 7.44117707e+00 8.64853942e+00
  9.91428120e+00 6.39128943e+00 3.31149542e+01 2.83741984e+01
  7.79574669e+00 1.03755355e-28 1.78559324e+01 4.19831687e+01
  1.01416681e+01 9.11722119e+00 2.61996765e+01 1.86567802e+01
  1.19093904e+01 1.40732143e+01 1.70599857e+01 1.23427516e+01
  4.01052708e+00 3.76202258e+00 1.24970875e+01 7.50336738e+00
  3.98850187e+00 5.50582647e+00 4.87203308e+01]
 [7.97294094e+00 1.12861346e+01 8.21382879e+00 8.89266411e+00
  6.62018311e+00 6.57928103e+00 8.22848484e+00 8.35964295e+00
  1.21623390e+01 1.15495571e+01 3.40188805e+00 5.84723204e+00
  2.10143363e+00 2.45855715e+00 4.73830867e+00 4.98495364e+00
  1.81703803e+00 1.46917901e-28 2.65014160e+00 1.13145439e+01
  3.67247849e+00 4.50497871e+00 4.89333392e+00 6.16905105e+00
  1.15732761e+01 1.97978714e+01 7.30636470e+00 6.77901793e+00
  1.05384919e+00 8.37834281e-01 1.59287359e+00 1.62069593e+00
  9.42032455e+00 5.25779223e+01 5.49660295e+01]
 [6.21330043e+00 5.95956282e+00 6.29272123e+00 6.26450191e+00
  7.91530092e+00 8.09782199e+00 1.43286799e+01 1.42608197e+01
  2.26858127e+01 1.72160566e+01 2.06901186e+00 3.18162934e+00
  3.45880647e+00 3.80933489e+00 1.13836545e+01 7.48379110e+00
  1.60305174e+00 6.87542554e-29 4.52582772e+00 1.90959556e+01
  4.26408143e+00 4.67028363e+00 9.23473794e+00 7.81125041e+00
  4.06379471e+00 4.35759331e+00 5.57817468e+00 2.82941914e+00
  9.64741434e-01 1.16015097e+00 3.84293742e+00 2.33815013e+00
  2.09138612e+00 1.58202255e+00 1.61842096e+00]
 [4.58918820e+01 4.48229818e+01 5.20887225e+01 4.72711559e+01
  9.76595933e+01 1.01041725e+02 1.58939611e+02 1.79812919e+02
  1.46730120e+02 1.62782472e+02 1.87374269e+01 2.12818161e+01
  3.33702652e+01 3.71307882e+01 9.19318052e+01 8.25266859e+01
  1.56460176e+01 3.67106417e-28 4.81839918e+01 1.18449934e+02
  4.06432246e+01 4.04186470e+01 9.97005911e+01 9.88724343e+01
  2.84964826e+01 2.94618993e+01 3.85544930e+01 2.49636407e+01
  8.20181471e+00 7.35228392e+00 3.82732051e+01 3.26123699e+01
  1.09459444e+01 8.37459754e+00 2.38750788e+00]
 [1.43843821e+01 1.44005901e+01 1.39330686e+01 1.28869695e+01
  2.14858599e+01 1.77174852e+01 2.27967641e+01 1.95977011e+01
  1.75555372e+01 1.72800068e+01 7.94731420e+00 8.12909222e+00
  8.65121882e+00 6.30879614e+00 1.54155248e+01 1.21362301e+01
  6.09766136e+00 1.69483382e-29 7.13372288e+00 1.65973729e+01
  1.14874784e+01 1.00163077e+01 2.06178862e+01 1.50628284e+01
  1.14174681e+01 1.20317480e+01 1.42085029e+01 9.99542115e+00
  3.25424102e+00 3.17617825e+00 6.49692941e+00 3.97823290e+00
  1.41020316e+00 1.23714325e+00 1.75696684e+01]
 [2.55508595e+01 2.91403982e+01 1.09700958e+02 3.54053574e+01
  6.58004637e+01 3.32934145e+01 1.23717875e+02 9.79543544e+01
  1.85593991e+02 1.85718749e+02 8.53722552e+00 1.04937197e+01
  8.34763301e+00 5.26173908e+00 5.76871337e+01 4.17049680e+01
  5.44881378e+00 2.88366487e-29 2.97490420e+01 1.57985939e+02
  3.30838967e+01 1.03370573e+01 3.67220576e+01 2.76682782e+01
  4.42357472e+01 2.07098914e+01 1.67167789e+01 2.21658556e+01
  2.67102042e+00 3.45405031e+00 1.15333001e+01 5.57106970e+00
  1.41239467e+01 1.38081912e+01 1.78687446e+01]]