[[9.68658711e+01 1.26960937e+02 1.92246140e+02 1.31605306e+02
  4.72131527e+01 6.18537862e+01 3.19960673e+01 4.02762823e+01
  3.92318750e+01 3.49407662e+01 4.40740725e+01 4.23373654e+01
  1.50461577e+01 1.22112684e+01 1.69415036e+01 1.80318119e+01
  2.60152764e+01 6.12191118e-28 1.23447948e+01 3.47308789e+01
  6.02197617e+01 4.54141678e+01 2.47501475e+01 2.55160008e+01
  7.22515434e+01 1.23327503e+02 1.08353054e+02 3.81700343e+01
  1.11995069e+01 1.10490260e+01 6.20047257e+00 5.70539699e+00
  2.81931703e+02 2.73190008e+02 4.65384930e+01]
 [1.00222602e+02 5.76868380e+01 1.10418275e+02 9.29049433e+01
  7.24624750e+01 6.01682627e+01 6.08236299e+01 7.09622721e+01
  7.86829063e+01 7.45437817e+01 4.16643966e+01 4.23220328e+01
  1.74219070e+01 1.84943271e+01 3.73274240e+01 4.08049234e+01
  2.68013174e+01 9.73207742e-28 2.58230961e+01 7.56882306e+01
  4.88977941e+01 5.33313475e+01 4.35125254e+01 4.55288441e+01
  9.95796417e+01 1.63626347e+02 8.26446380e+01 1.22678792e+02
  1.50485969e+01 1.25659960e+01 1.45996718e+01 1.33011264e+01
  8.89976075e+01 7.68658774e+01 2.26572536e+01]
 [4.87097079e+01 4.79156756e+01 6.22580465e+01 5.30093521e+01
  2.57750317e+01 2.50084018e+01 2.27570713e+01 3.47618154e+01
  2.87721009e+01 2.49313356e+01 2.66073723e+01 1.37147585e+01
  5.74463671e+00 5.16085171e+00 1.16509557e+01 1.20813108e+01
  2.26354354e+01 2.15649880e-29 9.55766478e+00 2.38435088e+01
  1.61957157e+01 1.72618216e+01 1.34571135e+01 1.40405492e+01
  4.00564654e+01 4.11359195e+01 4.90980382e+01 3.72175508e+01
  5.87552568e+00 5.32559773e+00 4.56465216e+00 4.50434578e+00
  6.66636298e+01 3.43823717e+01 5.97630031e+00]
 [5.69607962e+01 6.24308427e+01 5.95767564e+01 6.44462358e+01
  2.57527287e+01 3.06840596e+01 2.72323183e+01 3.88691287e+01
  3.68864834e+01 3.68098701e+01 1.21029864e+01 2.60092902e+01
  5.60046550e+00 7.83138543e+00 1.24131192e+01 1.83805649e+01
  9.85373062e+00 9.75728188e-30 9.25680867e+00 3.03522237e+01
  1.69995195e+01 2.47582512e+01 1.44938987e+01 1.69988795e+01
  3.84799410e+01 3.88266467e+01 3.85383234e+01 2.30201697e+01
  3.96524942e+00 6.15737229e+00 4.26031036e+00 4.56408255e+00
  4.05892503e+01 4.31306201e+01 2.63775979e+01]
 [1.25871563e+02 1.52783793e+02 1.43921816e+02 1.36449091e+02
  5.65105526e+01 5.18558739e+01 5.56506970e+01 8.06874282e+01
  7.47551639e+01 8.77630411e+01 2.95352794e+01 3.63487758e+01
  1.48690151e+01 1.18699750e+01 3.23065239e+01 4.50721178e+01
  1.98166351e+01 4.76055386e-29 2.58688337e+01 7.53861449e+01
  4.03387597e+01 4.33522207e+01 3.25604331e+01 3.51865766e+01
  6.38841696e+01 7.42302966e+01 1.23911285e+02 4.56144400e+01
  8.31833729e+00 8.15792138e+00 8.53054664e+00 9.33940565e+00
  9.61193383e+01 7.22718651e+01 5.70125200e+01]
 [3.04239255e+02 3.11275682e+02 2.45583013e+02 1.10044091e+02
  4.64203176e+01 3.65503912e+01 2.49373213e+01 2.98923802e+01
  3.12980934e+01 3.14513576e+01 4.42073130e+01 3.25621864e+01
  9.59360180e+00 7.54402841e+00 1.34845303e+01 2.00421679e+01
  2.80535199e+01 7.63528011e-29 1.18559517e+01 3.15768555e+01
  6.13491345e+01 2.97686259e+01 1.81563192e+01 1.76593894e+01
  2.33577199e+02 1.56612558e+02 2.55685247e+02 8.51063087e+01
  9.76501608e+00 6.45434190e+00 5.89326086e+00 6.14919379e+00
  4.85723100e+02 4.02081586e+02 3.62026188e+01]
 [1.73833497e+02 1.74613366e+02 3.05200492e+02 3.33721759e+02
  8.90100789e+01 6.32480942e+01 6.80965849e+01 5.39638202e+01
  8.67956673e+01 7.36475260e+01 5.80045935e+01 6.15802942e+01
  2.85277168e+01 6.85797404e+01 3.54570423e+01 3.19979870e+01
  2.47736371e+01 4.42564466e-28 2.38768797e+01 6.79241976e+01
  1.03783876e+02 7.85847342e+01 5.39793225e+01 4.92139525e+01
  1.14265135e+02 1.24407780e+02 1.40879900e+02 5.98763182e+01
  2.24155321e+01 1.60549956e+01 1.51994260e+01 1.01436462e+01
  3.46867145e+02 2.57262785e+02 8.46404517e+01]
 [1.06032598e+02 1.06723657e+02 1.13112817e+02 9.16290038e+01
  5.13633887e+01 4.57274188e+01 5.72173230e+01 8.75608100e+01
  7.74316444e+01 7.15763180e+01 3.18504636e+01 3.60507173e+01
  3.08492482e+01 1.45170962e+01 3.62746146e+01 4.54299257e+01
  3.34717899e+01 4.52663168e-28 2.64308396e+01 6.67074537e+01
  3.84650574e+01 4.00449155e+01 3.14333009e+01 3.25665322e+01
  8.25669180e+01 1.01333964e+02 1.00981940e+02 1.17871949e+02
  2.34618559e+01 1.25332915e+01 1.10945475e+01 1.35364877e+01
  1.23322279e+04 9.17424128e+01 3.83074141e+01]
 [6.50690852e+01 5.71018492e+01 5.63068214e+01 1.79885063e+02
  3.14833850e+01 6.48324603e+01 2.84742240e+01 7.37074290e+01
  3.43023934e+01 4.47495841e+01 2.75795220e+01 2.27151705e+01
  9.25595372e+00 7.69240604e+00 1.58657564e+01 1.30016371e+01
  1.23120509e+01 1.20252251e-27 9.73810226e+00 3.92731115e+01
  2.47738426e+01 6.17536468e+01 2.26668166e+01 1.81829864e+01
  3.32729329e+01 2.68010098e+02 3.15951372e+01 2.56878733e+01
  9.05037625e+00 6.51227193e+00 7.07323874e+00 5.84592611e+00
  9.66438038e+01 2.66059689e+02 8.87291019e+01]
 [3.94857613e+02 2.64797062e+02 1.01017153e+02 2.33422706e+02
  7.65216312e+01 8.49269240e+01 7.21344429e+01 4.20659225e+02
  9.41268843e+01 3.46676231e+02 5.15797750e+01 1.11246891e+03
  1.89919110e+01 2.15112596e+01 5.30709601e+01 4.40801093e+01
  2.88428414e+01 9.94189724e-29 5.26639614e+01 4.36816587e+02
  1.75202056e+02 3.20443433e+02 1.77687668e+02 1.91715938e+02
  1.03676127e+02 1.03751576e+03 2.24517219e+02 6.00720103e+01
  1.41822241e+01 2.95425117e+01 1.06345908e+01 1.13685045e+01
  1.60504632e+02 8.15206935e+01 2.29997836e+02]
 [6.33316120e+01 5.99439739e+01 7.60402542e+01 6.18841855e+01
  8.08658007e+01 3.47776196e+01 4.90543040e+01 3.25795129e+01
  3.88559681e+01 3.07158172e+01 2.48558892e+01 2.55286139e+01
  1.06789138e+01 9.62805357e+00 2.11673495e+01 1.59600986e+01
  1.80375584e+01 8.37296889e-29 1.01582408e+01 2.95570674e+01
  4.27555724e+01 3.01356051e+01 2.74538458e+01 1.95312212e+01
  3.93014658e+01 4.59251448e+01 6.06155153e+01 2.92339979e+01
  8.80320899e+00 6.87568688e+00 6.96196131e+00 8.51427898e+00
  7.67208806e+01 5.85880192e+01 2.21519651e+01]
 [1.07564485e+02 1.16577302e+02 1.13892603e+02 1.09553929e+02
  9.69917514e+01 9.27608755e+01 1.01411131e+02 9.67060368e+01
  1.43347088e+02 1.39771933e+02 5.46675680e+01 5.83624059e+01
  3.10549754e+01 2.34708810e+01 6.22485786e+01 5.35618799e+01
  6.58904889e+01 1.26756014e-28 3.90715614e+01 1.32273669e+02
  7.51957049e+01 6.97849688e+01 7.13911425e+01 7.10096096e+01
  8.29544530e+01 8.02931989e+01 1.18488728e+02 7.48946643e+01
  2.34043518e+01 3.13982115e+01 2.03322633e+01 1.65264787e+01
  8.35010258e+01 2.82181794e+01 8.93312483e+01]
 [4.58684617e+01 4.49761678e+01 7.19489798e+01 6.80238710e+01
  3.67158554e+01 2.00894050e+01 1.89504763e+01 1.67976630e+01
  2.11801492e+01 1.68912257e+01 2.00405618e+01 1.44810396e+01
  1.09670176e+01 7.39772642e+00 1.23006396e+01 8.32805728e+00
  9.00681066e+00 7.40576956e-29 9.94494207e+00 1.96180496e+01
  2.55833366e+01 2.13963449e+01 1.84356442e+01 1.14901967e+01
  4.13755396e+01 2.33044568e+01 3.48679800e+01 1.37681178e+01
  7.54165092e+00 4.71977795e+00 6.55932853e+00 3.00636074e+00
  7.56342636e+01 1.03752427e+02 1.61692111e+02]
 [3.29244370e+02 3.56839583e+02 2.03635700e+02 2.76728444e+02
  1.55228225e+02 1.56236936e+02 1.28775238e+02 1.51660363e+02
  1.14186313e+02 1.32410471e+02 1.67367278e+02 1.93836302e+02
  3.99364645e+01 5.17138361e+01 7.46191026e+01 5.40829451e+01
  1.35235039e+02 2.71023564e-28 4.51892693e+01 1.15115489e+02
  1.18584991e+02 1.45902412e+02 1.12921935e+02 9.06696488e+01
  2.21904862e+02 2.79071488e+02 3.14631343e+02 2.09874082e+02
  5.57907253e+01 6.74327380e+01 2.40770701e+01 1.77878916e+01
  1.41021992e+02 1.03143457e+02 9.14119304e+00]
 [6.51868649e+01 6.43492091e+01 5.21916923e+01 4.36306942e+01
  3.30001265e+01 3.08955551e+01 4.20070951e+01 4.14451847e+01
  4.28368386e+01 4.24220608e+01 1.45088515e+01 1.69978787e+01
  9.78102599e+00 9.18439969e+00 2.12809831e+01 2.03327568e+01
  1.20618255e+01 9.09005603e-29 1.18287932e+01 4.06453008e+01
  2.43302577e+01 2.19858000e+01 2.45000819e+01 2.17801051e+01
  3.73017739e+01 4.20750940e+01 6.54043986e+01 4.72645886e+01
  9.83540898e+00 6.87741078e+00 7.34188504e+00 6.16110582e+00
  7.74742049e+01 9.11464912e+01 8.54560176e+02]
 [1.11142871e+02 1.29578226e+02 1.12367583e+02 9.69466894e+01
  7.01256828e+01 6.19267182e+01 6.79279428e+01 7.42096492e+01
  7.84274036e+01 8.26644906e+01 3.87923919e+01 7.98221314e+01
  1.78743624e+01 1.57874244e+01 2.84023294e+01 3.13131523e+01
  2.02243255e+01 4.19448239e-27 1.63634028e+01 7.41232787e+01
  3.95223722e+01 4.78192317e+01 3.77121101e+01 4.87029475e+01
  1.45461329e+02 2.53805910e+02 1.09916978e+02 7.78127052e+01
  1.16825634e+01 8.18640121e+00 9.32414886e+00 8.19891332e+00
  1.74413595e+02 5.24900875e+03 4.33237990e+02]
 [8.49385599e+01 9.41580336e+01 6.66153386e+01 5.85672982e+01
  3.37580617e+01 3.22583114e+01 4.19897275e+01 4.47532223e+01
  5.31484868e+01 4.68521907e+01 1.49855191e+01 2.75576090e+01
  1.35044643e+01 9.39717594e+00 2.70544726e+01 1.98546628e+01
  1.21323155e+01 2.57268673e-28 1.25423118e+01 5.18602345e+01
  2.65474573e+01 2.33538214e+01 2.53107962e+01 2.22560974e+01
  3.62568781e+01 4.32650497e+01 6.51019957e+01 2.34270834e+01
  6.85978466e+00 5.65313348e+00 8.68496489e+00 6.53453949e+00
  9.79128382e+01 4.32265606e+01 2.46157323e+01]
 [3.07486242e+02 1.86172297e+02 3.31511760e+02 3.98784004e+02
  8.94395485e+01 1.01582544e+02 5.32137985e+01 5.35078893e+01
  6.22674557e+01 6.14811183e+01 5.51578372e+01 6.20842933e+01
  2.13955303e+01 2.46839174e+01 3.11234775e+01 2.95365458e+01
  1.96592206e+01 1.45540147e-28 3.18990336e+01 5.82841097e+01
  8.64177941e+01 1.07607344e+02 3.71856272e+01 4.47664471e+01
  1.29127399e+02 9.85348889e+01 1.47374336e+02 5.37473755e+01
  1.58367910e+01 1.16672677e+01 1.14453372e+01 1.17623206e+01
  2.12953690e+02 6.77324166e+02 1.34125152e+01]
 [1.04248400e+02 1.06353099e+02 8.99409558e+01 9.35905090e+01
  9.35438647e+01 8.72607481e+01 1.03393624e+02 9.71655978e+01
  1.09880913e+02 1.03615299e+02 4.57040770e+01 4.93099095e+01
  2.47421768e+01 1.75144017e+01 5.31815510e+01 4.94555370e+01
  3.22297976e+01 7.67769480e-29 2.63069712e+01 1.05285716e+02
  5.99357876e+01 5.33892970e+01 6.74257022e+01 6.72506446e+01
  7.48610168e+01 7.80515286e+01 1.02418312e+02 6.29151496e+01
  1.56032955e+01 1.40777844e+01 1.66682551e+01 1.11391804e+01
  2.11062313e+01 1.98751825e+01 9.04511775e+01]
 [1.67340939e+03 1.40774828e+03 1.32446673e+04 2.14724017e+03
  3.30131845e+03 1.94250214e+03 2.20071792e+03 1.30629722e+03
  4.52743881e+02 6.66524017e+02 7.42554965e+02 4.16523284e+02
  1.47120083e+02 7.66531809e+01 4.57516916e+02 2.59407260e+02
  1.24433361e+02 2.95698651e-27 1.16078342e+02 5.56705456e+02
  2.81929354e+03 6.55828811e+02 3.76305841e+02 2.35282827e+02
  9.72146146e+03 3.45687758e+03 7.44906408e+02 1.94279187e+03
  1.11391117e+02 1.57544405e+02 8.86869003e+01 5.93055141e+01
  6.01666024e+03 1.49530414e+03 2.17589273e+02]]