[[ 7.75232687  6.13367815  4.78614571  6.10549268 17.32248064 15.53430521
  30.62399781 31.00956155 35.91108642 32.09893228  8.27785509  8.57117184
  17.46275124 23.36466642 34.35607427 35.05186408  8.17818811  3.123773
  35.64301362 33.81721397  9.5024942  12.12531846 25.63812976 27.79684339
   7.61046264  5.17336394  7.22589075 10.0287707  10.2881763   9.55416108
  32.69386654 33.06364978  1.01944938  0.76585487  6.87112628]
 [ 4.36216096  6.02421946  3.43171151  4.03645627  5.70689917  5.48898602
   9.79009378  9.82655319 14.42363797 12.67274569  4.73271739  5.20510863
  13.3836571   9.70386843 11.76706166  9.97453171  5.22919264  5.08353158
   9.40153397 12.40143994  5.16579903  4.78514741 10.64173379  7.55607823
   3.48786208  2.27083641  4.74550684  2.39701676  6.0751395   6.34957947
  12.39161804  9.57976034  2.77305527  3.31502961  8.88393391]
 [14.70562167 14.87253161 13.93109001 16.64557798 26.33742637 32.81686527
  45.08963979 46.62881376 63.50629616 61.35539893 15.82419161 23.53198895
  38.24489202 39.79594271 54.31743664 53.12872156 15.59325624 17.08994311
  53.70653749 58.54598954 23.42675183 25.03614202 42.78055116 46.94789561
  14.57965543 15.83172144 14.39776389 15.23067891 21.5767334  27.24440601
  55.81559074 45.43042772  3.2833877   8.40683493 12.84766821]
 [19.11802776 17.80041381 20.30810489 20.14461901 36.14572763 32.14067694
  49.85313569 53.7827887  54.51746433 53.6428267  28.74495559 18.35439721
  31.59642164 35.50940475 50.96318674 52.48338683 27.70325447 34.14409489
  50.20150343 51.76546831 29.82863148 26.77241848 41.36138045 45.97620909
  19.67287348 20.12584665 23.4260381  24.5873087  32.34805158 26.22980754
  45.26709063 44.31551238  6.53800631  7.25112171 11.92727082]
 [ 6.57593576  5.4191685   5.92544267  5.64402733 11.07602845 11.47037452
  13.73332884 12.73254316 11.37036936  9.72974571  9.18343809  8.7200687
  14.57323427 16.19150833 16.15981652 12.67791307 11.34137156  5.97435366
  12.74501548 10.27539293  9.11947669  9.11783681 14.85440644 14.19909313
   7.93066841  6.9045541   6.3393108   9.01134045 11.20192608 11.44881751
  21.48643657 15.73036459  2.04501954  2.60929034  6.10186556]
 [ 1.48208306  1.68137179  2.27091392  4.28618022  8.86149285 16.52806865
  32.57804463 48.15750051 44.5591162  35.85840055  5.13007646  6.3756029
  21.21763315 30.39818739 35.42856554 35.39780341  5.90456319 20.44468541
  27.70556837 33.06675457  5.22062292 11.07039559 20.32217641 34.80096214
   2.02802265  2.39563933  1.71488513  3.16662892 10.63884868 10.87832756
  24.3992534  24.34639921  0.53522742  0.55387487 14.3309374 ]
 [ 6.71549019  6.21514267  4.91256428  4.17112291 17.58540547 20.01688777
  33.51321885 38.46751365 43.21146236 47.88631646 10.55126533  8.79227069
  15.6688863   9.83920956 33.19209636 40.79691692 13.70475856 31.06831348
  41.45046907 46.14349823  9.55115582 10.07465261 23.80039193 25.91444701
   7.92414388  6.61553206  7.69514646 10.22530426 12.82761855 11.89634603
  27.28421981 36.59240148  0.74268198  1.22958646  4.38921005]
 [ 9.07196085  9.06438314  7.66252924  9.40196689 13.12645273 13.19583344
  22.08000354 20.074952   24.05772735 19.25257461 11.93846271 12.34105089
  12.69625328 14.76475312 24.7186809  19.25714978 11.17241609 13.26118621
  18.54779857 20.88871291 11.52536171 10.85008784 19.37502286 15.77527939
   9.35900238  8.0994022   9.38406113  6.52593569  8.82295139 11.56610532
  25.01287369 17.29585458  0.89252537  1.65745501  8.04100502]
 [14.29691649 13.46425478 18.3718599   5.29781825 34.53890416 21.67958114
  57.01890098 49.0042432  68.70841448 60.74802391 16.45437751 13.05039442
  28.07500602 26.6283176  43.23784823 51.49035077 20.70529178 14.43063934
  43.46059072 63.14114496 24.32878213  9.00612745 36.7377742  42.93777131
  17.53146157  2.42688448 19.98312227 17.56281102 18.54493408 15.50944772
  29.35708795 35.53301267  4.6918336   2.11471383  9.41008015]
 [ 1.0918723   1.32095352  3.96977552  2.01579164  3.74358027  2.4696361
   4.05328741  1.77520676  3.96915133  2.57916719  3.0899226   1.00546819
   3.9028187   4.94064454  3.38722867  5.31192857  3.22820377  3.22648554
   4.09322819  1.78287864  2.38333603  1.35086072  2.64335139  1.9786457
   3.89769063  1.03385127  1.54655044  2.98427029  3.57825336  3.82990691
   5.47154644  6.34373143  1.21964507  1.90133628  4.471521  ]
 [22.32401572 22.81164991 24.57433055 24.14955151 34.63113645 38.58380654
  68.81373334 67.2543907  75.83581151 73.21832366 22.02152284 22.12408152
  33.97125912 29.65762223 60.46135033 62.84928079 22.36347565 29.84681509
  57.92026837 73.19818096 26.32767012 28.06148249 50.49737875 49.46805369
  22.80393931 23.28287999 22.20455019 23.32207807 23.94876998 25.67636618
  46.96987951 37.12930389  7.40195799  9.47151537 12.94021069]
 [ 6.92214424  6.73666622  7.16959826  7.09080374  8.35086134  7.77017975
   9.9237047   9.26492683 10.71312463 10.80834793  7.35357542  7.4197013
   9.03992314 10.25591031 10.75783538 10.60150359  5.35531615 11.44293506
  10.85055118 10.30019292  7.73149857  7.838555    9.35895339  9.00171166
   6.9029702   7.06155651  6.77157959  6.77268464  7.12285835  6.42779886
  11.09916329 11.27004501  2.40358501  3.66048292  5.55079097]
 [ 9.14463716  9.83878293  7.13424849  7.63262057 13.71561734 15.84737599
  19.82402265 20.9225562  17.43221874 17.16242464 11.64694933 13.91430896
  16.02380007 18.16543813 19.77639703 20.03949772 14.64851039 11.88406907
  14.97757607 15.93929326 11.63451353 12.89740271 18.13576629 19.46043251
   8.54589274 11.9261613  10.86297756 13.85592391 12.86961841 16.32090111
  16.09305029 17.45773658  1.99104944  2.24839215  6.16119658]
 [ 8.1677093   7.47234108 10.27215543  7.9885039  15.36211745 13.92800709
  35.68532368 32.38210581 34.21233288 33.76739927  7.8368232   7.98358828
  21.78539649 15.12751478 38.71098858 33.94603418  9.11442052 16.68676587
  30.4534868  29.39330603 11.7860655  10.19144367 26.08398443 22.3760642
   8.73918071  7.70830167  8.29390539  8.63177429  9.17988303  9.61406088
  36.89958923 32.24147463  5.91560304  6.94277507 12.51977959]
 [15.69038235 16.20343628 16.78164674 19.8245354  28.92251913 24.80583413
  36.99446853 35.49906391 39.38009477 42.19737721 24.26337487 24.18741057
  36.67826574 28.56165005 45.98984354 45.11594139 29.50211785 40.44497772
  47.01519002 38.78118544 21.57432762 21.17505114 38.21315137 33.86452939
  18.83912777 19.35539478 16.5679821  16.79271372 21.84500427 25.36172481
  47.382707   41.71629455  4.37402063  5.05583727  4.59121183]
 [ 4.78142624  5.62248372  4.66057738  5.70108484  5.70711777  6.43729639
   7.09296037  6.87184974  8.67336575  8.12611851  5.26395346  4.89691956
   6.71859707  8.43554058  8.77655217  9.12725493  5.18325573  2.89379895
   8.84924373  8.48032405  5.34083755  5.75920801  7.17771364  7.67802178
   5.27887102  5.39059332  4.54652243  5.53760735  5.27896581  5.61869271
   8.94235475 10.66723106  4.28131009  0.95492903  8.01929524]
 [ 5.36882053  4.81960504  6.58310802  6.88978016 12.39912366 13.40149291
  17.70018976 17.25891708 20.49384784 17.66121685  7.99428704  7.67288527
  13.21630203 18.60997777 20.53583767 18.8468222   8.03089172 14.42365296
  18.27292168 17.69631353  8.86673239 10.36453964 17.99160375 17.55048057
   7.28887966  6.86147284  6.08534764  7.80084964  8.01264082 10.96438235
  21.04736016 18.4175645   1.95126724  3.0819023   5.07969878]
 [10.12618317 13.52137101 10.49927774  8.65644838 28.50042883 30.85997497
  45.56056656 49.29128216 42.85304341 44.16466529 15.08650058 15.76653458
  36.55045158 39.41277763 46.67688091 48.63106121 22.85262875 46.23187341
  37.99900031 38.82027938 19.91722899 18.72316011 40.84080704 42.91610272
  12.70044123 15.11796904 14.20895056 18.22675444 18.29661489 20.24608717
  49.40100189 49.78555953  4.31134156  1.17658442  9.75597332]
 [ 8.38410485  8.06479673  8.9308239   8.12017978 12.1519359  11.1289224
  11.90410845 11.04830771  8.95037068  9.08005201  9.97556457  9.47384353
  16.66292981 16.65477149 14.50860966 12.66010232 10.4064322  11.81540478
  13.29612526  8.70952084 10.42760087 10.15882513 15.19810857 12.30315305
   9.11690202  8.98555133  8.38592774  9.34176139 11.27486645 11.52005499
  17.63746016 16.41937426  4.99820972  4.7358921  10.83929802]
 [ 1.44088687  1.91006549  0.80575426  1.55433485  1.88668654  1.62547192
   5.11791789  6.56389862 25.57160126 19.47366712  1.10458839  2.29357818
   4.96099039  5.54203422 10.4553793  12.66762441  3.83413443  0.94377333
  18.03051341 19.66730977  1.12989103  1.43353826  8.17690841  9.14161896
   0.44751084  0.58498256  2.07752188  1.08908725  2.21310041  2.03779081
  10.46505674  7.6766197   0.23230274  0.88409694  6.40817218]]