[[ 1.67711872  1.38058017  0.78836249  1.05892719  2.53155309  1.53937473
   2.01262488  1.73046052  1.63640673  1.87515015  1.74808589  2.22283341
   8.07934952  2.61557885  2.07000459  1.94253186  1.73661123  0.54376794
   2.02706103  1.8201293   3.37451165  2.53960644  2.60656005  2.03124564
   1.32092172  1.23231131  1.32827384  1.54873438  2.30205177  2.49866293
   2.53778249  2.17906038  0.865295    0.64313747  3.19286976]
 [ 1.18195024  1.20612744  0.95680385  0.99280201  0.87648588  1.07945491
   0.89104041  1.24643784  1.10023939  2.17995407  1.05108473  1.28203274
   1.07606315  1.2249736   0.92365305  0.9876783   1.07962428  0.89748294
   1.0023216   1.67155331  1.11769364  1.06275669  0.83487466  0.98876423
   0.84451222  0.54973533  1.25376361  0.52646353  1.15508451  1.40060303
   1.10167706  1.14888434  4.33684618  3.27501205  2.79418015]
 [ 4.41505132  3.99062151  3.18394956  2.79763052  6.70574155  2.17369588
   1.45479129  1.39863709  0.9927829   1.14836572  2.82457841  3.32019664
   5.0012641   3.26823359  2.07005536  2.00130901  2.0092015   3.77708379
   1.80920398  1.2075603   4.5464772   4.53672209  3.84318999  2.27751242
   3.95161438  3.24682804  4.10689511  3.40547123  2.68309617  2.75138788
   2.15653226  2.54781631  1.55768016  1.87583039  3.1304829 ]
 [ 2.58532019  3.63900032  1.58002128  1.34536334  1.4236534   7.62066014
   1.31346801  1.38827491  1.95455035  2.58643736  2.44057429  6.20483719
   1.80286988  2.12734184  1.17785906  1.19978817  1.68481248  1.79240533
   1.14657217  2.58829745  2.01413804  2.81628825  1.31267829  2.36089796
   3.40224933  3.05201772  2.17981056  2.20905468  1.96230571  2.11968764
   1.21432027  1.4817344   2.18845281  2.36295813  3.83880625]
 [ 1.39383448  1.11522327  1.62348837  1.15603628 14.14214518  2.84455052
   2.23872899  1.58720647  4.14013267  1.77114163  2.6288558   2.37579208
   3.77618926  2.8415362   2.37898089  1.65282349  2.49094926  4.87580216
   1.82476237  3.24888771  4.94666751  2.28133807  5.95518735  2.29708716
   1.75445047  1.5326306   1.249784    1.82132349  3.1020314   3.31350684
   2.69360246  2.27435282  0.75681372  0.58554404  3.82590444]
 [ 0.99742916  0.80918899  0.92468563  1.38694501  3.77748935  1.65123843
   1.59040377  1.59567377  4.44419941  6.52040166  1.73521505  1.7847198
   4.13133942  2.60813234  1.97605286  1.62826809  1.32967453  2.11927098
   1.89745471  7.2187247   2.34858983  5.57263625  3.23442966  1.70071346
   0.74877985  0.72403189  1.0977828   0.9787909   2.02443952  2.3775632
   2.31970845  1.97824731  0.30198285  0.17289813  4.02167404]
 [ 1.33064287  1.16375086  0.58738199  0.57118704  0.8822558   1.74371269
   0.9782851   1.11700935  0.99785919  0.84046523  1.19876007  1.28413068
   1.43583657  0.9919036   1.15466012  1.16076361  1.7688078   1.39739572
   1.18189035  0.95883875  0.90866179  1.11139317  1.02227931  1.18804641
   1.1765302   1.09675435  1.40610881  1.40318461  1.57171001  1.8750422
   1.47243856  1.67100452  0.21779685  0.23540783  0.95774838]
 [ 0.70836388  0.71813789  0.79959571  1.01972886  0.92338724  1.05582294
   0.77053392  0.89964417  3.72965325  6.78886809  1.23660954  1.26960738
   1.04230376  1.48813663  1.01103865  1.20518844  0.95493051  1.29384188
   1.36529122  5.62178571  1.06975315  2.68688245  1.01535137  1.04161267
   0.82162307  0.75917284  0.71088952  0.51048369  0.9589583   1.4902126
   1.2214334   1.2297623   2.02809516  0.46858078  2.50852452]
 [ 1.18856603  1.06415004  0.76836642  0.33708515  0.73853252  0.51438759
   1.00152706  0.41706039  0.47164216  0.75791269  0.92112329  1.18951193
   1.33764196  1.77591826  0.88576335  0.84344458  1.46816161  0.36681569
   0.9926258   0.60542369  1.03392352  0.62430697  0.85359275  0.83252015
   1.11887488  0.2128021   1.54513149  0.98159325  1.399087    1.69197835
   1.29103021  1.22352469  0.88176288  0.42750021  1.08241328]
 [ 0.39980395  0.42604686  0.91410364  0.913036    0.76396817  0.61076995
   0.69478664  0.92184885  1.35175413  1.52730553  0.75473948  0.60394539
   0.73827799  1.00734673  0.80522545  1.23858056  0.66261634  1.37052706
   1.1775384   0.85613916  1.05709979  0.67510329  0.92801867  0.83729076
   1.00330301  0.64157259  0.48037596  0.61487916  0.77426504  1.4952154
   1.05562386  1.55740881  0.80379242  0.74198801  1.15917323]
 [ 2.8551704   3.35335332  2.00201264  2.13611773  0.85979688  3.54069754
   0.59120766  0.70159065  1.07533363  0.82206871  1.9333425   2.32875173
   1.81504726  2.17962117  1.0032218   0.89199013  1.70872623  1.73849686
   1.09486813  1.05552224  1.59770844  2.34842609  1.03686805  1.17996666
   2.22632256  2.74505621  2.86457361  1.89983112  1.73015948  2.27237734
   1.4161507   1.52822437  0.84702383  1.67399997  2.57195077]
 [ 0.86083299  0.86491546  0.84156577  0.85654172  0.89374888  1.17593417
   0.92134216  1.01115264  0.92328954  1.15292286  1.01224109  1.16379826
   1.47767563  1.85741883  1.16500002  1.32343799  0.90652154  1.13884138
   1.25669231  1.02881904  1.09293023  1.37580701  0.96480425  1.41131273
   0.89480992  0.88204918  0.85272298  0.86341733  1.26435918  1.31984813
   1.5366232   1.67356177  1.85095488  2.64471598  2.38211338]
 [ 3.25539848  3.19548583  2.01468438  2.17281661  2.44726441  3.47437924
   4.07207471  3.83696194  7.78015301  5.95255144  3.4517345   4.29034191
   3.20597546  3.89359976  4.17464548  4.29772129  4.03270821  3.79167718
   3.87341823  6.88310274  2.86164921  3.428285    3.13012593  3.79599956
   2.88679945  3.80729402  3.48852444  4.22971936  3.45402949  4.14090558
   3.86584218  4.46023019  0.78036302  0.61731515  3.18568494]
 [ 0.68775923  0.66081217  0.81683898  0.73280921  0.72477274  0.83346238
   0.69341797  0.74265394  1.32061545  1.58089223  0.81825124  0.88890651
   1.10331494  1.5398311   0.68015813  1.15072773  0.77964682  0.71515492
   0.82169174  1.54551544  0.98387343  0.94293535  0.69212013  1.1130573
   0.8052523   0.76496489  0.66190786  0.68122039  1.04120802  1.16666724
   0.56027299  1.44463745  0.62876784  0.59249838  3.66914178]
 [ 1.67030283  1.62585829  1.4978245   1.48039106  1.39789725  1.71013914
   1.39644162  1.42224366  1.91508747  1.29876788  2.19102187  2.20180492
   1.91913346  2.26302986  1.43103342  1.31783117  2.06923396  1.24249331
   1.31446725  1.54691882  1.80582232  1.85974442  1.47897641  1.62193292
   1.79914145  1.66315231  1.42812105  1.51108372  1.95566964  2.49291942
   1.62165079  1.50422188  1.39798359  0.79167314  1.7036849 ]
 [ 2.56657833  2.78379647  2.9302743   2.45198658  2.11139553  1.89591139
   1.9592591   1.61131876  2.46763476  1.83957537  3.18487389  3.25147306
   3.31136983  2.95174847  2.94770236  2.22986106  2.84036648  0.93333402
   2.68528447  2.25522233  3.00050974  2.67177307  2.44394282  1.97575064
   3.38882673  2.96765856  2.229618    3.13762628  3.06978842  3.64128394
   3.25851312  3.06186261  2.22146536  0.46374233  4.26760366]
 [ 1.19753036  1.09840988  1.43761277  4.18543595  2.79992914  1.65219834
   1.62657736  1.90935044  5.49533904  5.69298179  1.94177243  1.93849545
   4.55273834  3.73180202  1.73592438  2.09520804  1.67895057  1.98746114
   2.20136632  6.84849241  4.54354538  5.54079157  1.61588716  1.83291554
   1.52926518  1.62939377  1.17999796  1.42973443  2.15445256  2.69307472
   2.04306008  2.0751582   1.16611218  2.3672208   2.3065884 ]
 [ 0.96495251  1.77495545  0.90623581  0.81056625  6.21912792  3.6051841
   0.99995063  2.04968709  1.78144476  3.41934874  1.04037752  1.55418433
   1.83961158  2.05102711  1.21040509  1.95071402  1.34092318  1.23698858
   1.00535829  3.10027014  1.42330998  1.47784241  5.81147868  3.35357685
   0.96561282  1.46296321  1.30295152  1.33463392  1.25559592  1.95567848
   1.07608081  1.40043364  0.81789967  0.54155742  5.42958425]
 [ 0.53994125  0.65888328  0.59179193  0.50484263  0.60069479  0.50021846
   0.60387116  0.76792318  1.20403785  2.27362214  0.72442165  0.66792279
   0.73669644  0.84863536  0.60987942  0.83462475  0.6340528   1.85784726
   0.92675846  1.82225284  0.74655943  0.59169936  0.4933432   0.50903672
   0.6236083   0.78424697  0.54457831  0.56085135  0.79297661  0.87072328
   0.80731382  0.92581225  1.06395256  0.81696507  3.18000002]
 [ 0.72274206  1.12826737  0.29158462  0.76527129  0.60265625  0.59588213
   0.42749448  0.65664039  0.72920861  0.66391706  0.34672091  0.87623877
   0.88544277  2.63583162  0.51530024  0.75124195  1.0155122   0.28375799
   0.89708374  0.73209894  0.45553779  2.90238814  0.69443133  1.54939443
   0.16991235  0.29065793  0.70942956  0.57707217  0.66183081  0.80091631
   0.84293529  1.16647582  0.14130681  0.73824272  2.02409885]]