[[77.65307001 81.24335456 86.76460148 82.44048691 57.73892528 63.54340462
  39.47941967 42.86719324 38.17862155 40.58010628 73.15173763 72.31725661
  45.2959582  50.68564354 34.19188804 37.25199311 70.05784417 92.47875596
  35.98258125 39.24983501 70.1129674  67.11979376 43.69649555 44.69133017
  77.41228327 83.50987558 79.73573263 70.34251262 63.39280562 67.33495492
  35.09700822 39.02078089 94.80061286 96.766508   73.91788698]
 [75.05277206 67.79840937 76.33071865 74.50233081 70.37984784 68.11758752
  63.77818697 64.95129014 62.76662233 64.11305925 71.62185525 68.74454564
  61.32478583 62.04957718 65.28575316 66.74846853 69.06838565 73.26475621
  67.82238141 64.83879813 69.0607008  71.08998221 65.90081506 67.8751088
  79.45431334 86.21507194 72.63235787 85.1448529  65.28908337 67.17023109
  65.13666729 64.70603666 79.1364187  79.931181   67.04792232]
 [54.02438354 55.43800645 57.70040976 56.43416301 31.706902   33.86768155
  21.23302524 25.86361265 14.22896302 14.69345667 54.41467022 42.04678139
  22.08563174 23.56472975 15.77273488 17.97323637 62.41229679 50.75633339
  19.16097262 15.7889475  35.55493788 38.43707063 20.19395602 21.31821897
  54.44618291 56.24112555 55.4145775  58.30343837 41.04625436 37.62719966
  15.8770736  22.94241615 87.51331982 74.39835081 62.39363104]
 [55.45749078 54.49550874 57.0374087  57.36460157 35.45597902 29.38967773
  25.37158562 24.37857073 22.14086805 22.18582259 40.2764612  47.19106313
  38.71164865 37.23795657 24.23767825 26.74443233 42.547934   38.53100792
  26.34024327 22.8027669  41.14405458 43.24151776 29.92599672 26.64413344
  51.81690098 51.63394357 47.36139315 45.39751509 36.34559305 41.81947115
  29.06270838 30.86668054 79.23170965 77.91973053 70.2513775 ]
 [70.28328476 74.18411247 71.16679615 72.85021642 38.74179119 49.48173809
  47.47429432 52.02809661 49.07983797 54.89242942 52.41446996 54.17311485
  44.06837789 37.90945812 44.26956866 51.88944661 50.36815112 63.16381907
  48.01233608 50.49733857 51.95499588 54.54224662 41.31119301 44.90537565
  62.8510529  66.05810015 71.00050304 59.50944458 43.86493017 41.14937428
  36.15710833 41.66984871 91.20783287 88.26815149 72.01552465]
 [92.42783797 92.20207212 91.47974448 85.06838315 70.68041449 65.51901081
  43.57826699 32.04649053 29.29773702 35.46075603 83.21013144 78.22783494
  54.67346989 48.21632489 41.1729769  46.94753008 81.29457516 62.03236222
  51.59707819 36.30566812 81.80138772 66.86032121 55.03614939 45.39857641
  92.51763929 91.48481667 91.39267    88.66132719 70.89009784 64.96805974
  51.64491754 56.1754567  96.56990729 96.88393248 47.01063842]
 [77.79668182 78.6297243  85.15121728 86.40174415 58.58670997 50.63716055
  38.65043962 31.94306789 34.07623266 28.72827997 67.26393173 68.35283748
  55.9044584  72.15592352 36.46529119 31.06011413 53.26077324 35.34396387
  29.98990281 29.65142182 72.81885545 68.44738577 48.25332937 45.87109264
  74.80681067 76.59193386 74.39288636 65.38925052 57.929025   53.4344375
  42.01397588 32.25453632 97.18347833 95.86074736 87.27763806]
 [65.55714403 67.6611425  68.33690529 65.03266633 50.39013334 47.27015402
  39.2107168  46.80599645 38.54014605 38.51769824 53.29525656 53.76983726
  56.43285222 38.11510684 37.26909236 44.29530422 56.14817305 51.5418085
  43.63196838 37.54724245 53.02315969 51.83021569 39.75677909 40.55102196
  65.26017535 71.13740771 65.66030523 75.09151775 64.1815884  51.47139121
  34.52457312 40.91619042 93.79675352 93.09466375 66.04386854]
 [69.03290619 68.23499156 65.16297462 87.83853297 44.48874661 66.17934747
  25.55101431 41.0102674  20.17928177 27.29263921 65.56107956 64.39682724
  46.10048085 47.81964768 34.9363561  30.21483356 54.32528103 78.38573498
  35.57487842 24.88173362 54.09673015 79.22371364 41.91444357 38.70084251
  62.74961034 93.70194856 56.25120408 61.91866255 59.74885657 56.16388268
  45.40631765 42.56986227 89.77976595 95.09879149 81.02600848]
 [94.34105863 93.35270435 81.98502733 88.48449454 80.14134683 87.13381453
  77.03654716 89.84629863 75.8812055  84.98986829 84.2401802  94.45498962
  78.6060939  77.40177069 80.48657456 73.3333299  84.8083922  85.84079013
  77.49282891 89.33728051 86.59867518 92.69622798 85.28543707 88.92803371
  82.24086999 94.43432963 91.81605573 86.0029764  82.96913637 82.3501542
  68.8660357  70.07466864 93.22298301 92.3413239  82.35402602]
 [56.71981713 54.41689006 55.32628629 53.15574163 49.6570766  34.63707889
  18.04113891 17.00947143 11.5905079  13.05253605 54.70453523 53.12751895
  35.44618793 37.63455629 22.20415085 19.55397255 55.26543249 51.01300213
  23.19427547 12.88723369 53.37858566 46.23883122 30.35005628 27.66110356
  55.43922923 53.59015822 56.80435114 55.49176872 51.00765208 46.38682817
  29.57215786 38.9971223  85.43236261 79.16601604 66.3770193 ]
 [58.41954792 60.09598086 58.1647721  58.22363694 55.93032208 54.7539613
  52.08751754 52.48593331 48.41684143 49.3815412  53.04197058 54.25375245
  53.23319611 48.66155834 51.95621298 51.80841512 59.19521975 49.26388352
  53.82384911 49.00371609 54.98364305 55.55631026 54.3949178  54.72844413
  56.99674297 57.2030552  59.9367103  56.54318104 47.27241838 55.60115532
  52.2578805  52.4678488  83.99876326 74.39504476 72.30390977]
 [57.10965181 55.07037878 67.84815572 65.78362712 52.24434621 41.46959505
  32.7414984  32.76479805 30.01248276 30.02688644 48.86354038 41.34501314
  43.14733841 40.04282976 33.46057094 31.41929496 38.97505588 46.29540466
  41.81716076 31.34533013 52.41215527 47.58717603 40.85926961 34.16707059
  59.98622057 47.01415601 52.03271262 40.12771897 46.78021344 37.93501964
  40.03442479 34.7418413  90.00345951 89.88022364 74.92267249]
 [56.2042743  55.76872372 47.82545757 53.96190165 38.87280967 41.07102637
  26.06463326 30.42612716 25.49448107 27.10281165 55.8667892  54.17154352
  35.73198936 42.47875375 23.35168537 25.45200211 51.78552446 43.21741522
  26.07933991 28.45942473 44.13921459 48.16700564 34.17121361 35.05414099
  56.03857107 56.64164727 54.5973842  53.60629845 50.17045403 51.64558442
  22.34799508 27.0371345  72.13629542 69.05553623 51.32189415]
 [63.46185921 63.0797454  60.66411573 56.37103522 43.98737429 48.30529908
  37.90445137 39.95834648 35.85675565 35.34218756 47.30887318 47.53804666
  36.18528295 41.04361295 29.55489765 32.32977547 45.64660842 35.4340373
  31.145557   37.54535439 51.75765444 51.06275582 35.73423276 39.533778
  59.00662088 57.86738125 63.5181603  64.3050052  53.57264695 46.3641554
  27.83675698 34.25375462 84.96267046 83.69712145 80.5303808 ]
 [66.65312628 64.55278893 63.75806326 62.15249947 60.45384609 60.59030417
  58.55393985 61.00231333 55.92917247 58.16166275 60.02588636 66.84916117
  57.14700515 54.16813645 52.60833406 57.33315576 57.69161091 82.61749336
  54.64000085 55.555878   57.47687013 61.13256469 55.31744443 60.61585295
  66.34867977 69.10664352 68.39790074 63.56322    58.52056725 54.89972646
  52.34555171 53.9642886  79.26676844 95.33337586 63.20746435]
 [73.39414699 76.14728587 69.6894005  64.4130715  52.88117103 53.385902
  51.86982669 54.16183408 48.01313568 48.06366064 57.9013311  66.45851855
  51.60134874 45.90860094 48.80561473 50.00103483 60.779892   53.97126367
  50.63928519 48.05912772 55.20279185 51.82803157 49.31182876 50.00546444
  65.03084939 68.12521091 71.02113129 64.58963711 56.97380527 53.42676842
  47.56663037 51.47244441 91.35286477 84.20868401 77.26080451]
 [67.84777334 56.16102735 66.82125943 73.02662855 26.101537   31.02515065
  15.25391184 14.66786972 18.18542766 16.68049989 44.41051307 45.99486024
  23.43452435 26.20094516 15.80244018 17.40520112 28.7143273  18.32872795
  25.15630899 19.10178718 42.34907564 49.84703041 15.23251778 19.431113
  57.55008295 50.56182506 54.31363504 39.24268198 35.32872624 32.1283184
  14.77302788 17.95618388 83.87728461 95.16028155 54.8069984 ]
 [60.76239562 59.56117926 57.65039011 58.97210839 52.90637908 54.81128279
  53.99050957 54.77762012 56.02078076 54.44629246 57.36830836 57.46697836
  47.65538397 46.23677029 50.05281216 51.59033372 55.00423595 53.52446415
  49.03201179 55.24899285 54.40588869 54.14894892 49.70165864 54.92958904
  59.77687419 58.29045109 60.44778777 58.80075552 54.06024672 51.06037421
  45.24994287 45.97477731 74.80721481 76.08392929 55.80226365]
 [94.36839617 92.27366751 97.2821684  94.26624875 94.65819474 94.83805505
  91.03853128 87.53467461 62.38017679 69.88883411 96.0754282  91.0381387
  87.43332606 80.73652938 82.92166025 78.79334034 87.559284   96.77702309
  70.35359654 69.30299456 96.28534709 90.95003183 83.792102   77.73761463
  98.34714316 97.64479514 92.57521246 95.45626836 92.29421273 92.94668936
  80.47249606 81.71965202 98.95864787 95.73982523 78.03287572]]