[[ 8.89537582  7.48376767  5.31128317  7.36146401 14.55058359 13.30432265
  19.11869409 16.88488846 16.10373672 16.99977162 11.71242964 11.25548357
  13.98667282 14.60368584 18.1634619  15.94776587 14.58296406  2.28159263
  15.81178662 16.59699391 10.54657583 12.12027013 17.48079677 16.21118022
   9.60236472  6.75336378  8.07229036 13.04135337 16.89422477 14.12568095
  17.31439843 15.15157896  1.51714433  0.84220847  9.77880936]
 [15.28543841 20.50877456 15.73217925 16.35936133 19.17750934 20.38387674
  21.06370283 18.7822319  17.30068564 15.62350059 18.19135592 19.4168194
  19.54149965 21.65082159 17.44118315 17.84690066 20.78881201 17.02893487
  17.58906663 16.27682798 20.21907444 18.38400007 18.44637951 18.63745509
  13.00918458  8.95898267 17.29939125 10.03701733 22.63752233 19.76821097
  16.73385784 20.02085962  6.47022598  5.6147803  12.04971084]
 [11.03089477 10.40566164 10.89016661 10.19717439 12.0734791  12.01493668
  12.54517387  9.16110142  6.87275675  6.95389868 11.20785599 11.71036272
   9.14311288  8.43039142  7.57262425  7.22839752  8.29265076 10.88810538
   7.07047514  8.02625787 13.19389375 11.49184488 10.28288302  8.89807543
  11.82705613 10.19484328 10.59301195  9.80968103 10.48265389  9.74263035
   6.46726124  7.37065716  3.89475753  7.74539595  9.61955429]
 [14.33973842 14.24409186 13.20857634 13.1006867  15.63364798 13.17403683
  13.04525986 11.12162935 10.66543983 10.61654047 16.46711982 13.70391318
  14.95155317 12.87298461 11.95955053  9.66294313 18.39112083 15.14804394
  11.90163094 11.79935587 15.17832359 14.91798726 15.27056878 12.73339876
  14.01353007 15.13071505 17.83514398 17.99870344 17.32266194 17.02532521
  12.90734158 11.62466992  6.53196961  7.07358502  5.7027803 ]
 [14.11341974 12.70126589 13.64138349 13.32345342 15.5766116  22.64755961
  24.32137382 23.70335572 22.26328398 23.73264335 21.08267751 20.66688374
  20.14342211 23.71636519 23.1797617  22.15832699 21.59870009 13.724822
  25.45088824 23.81452524 18.98173997 21.21973458 21.90870533 24.46869501
  17.16737779 16.07500184 14.17048645 18.82920566 23.50134357 24.12850703
  21.54146988 23.77401208  3.89775749  5.94213208  8.0826017 ]
 [ 3.5916405   3.90787963  3.51266798  6.28053319  8.8901421  10.31451033
  12.66575134  6.96476059  8.20191949  8.13746246  5.61252262  9.07495292
  10.53149196 10.99620914 11.02944672  7.683743    8.05191715  7.81063622
   9.89236273  8.85218523  6.13511369  8.92092002 11.94419114  9.57450377
   3.08156955  3.69157821  4.24038636  5.15729835  9.85473266 14.2188982
  11.86378774  9.95212205  1.9833953   1.90749617 14.64370905]
 [ 8.41711857  8.34656944  5.81485107  5.34518532 14.25758996 16.21738816
  16.87414752 17.69726672 12.63613031 13.50375434 12.20569463 12.18416978
  14.56898006  9.97185181 16.55969871 15.15185455 20.4099576  18.24086573
  15.48550141 13.47512909  9.8792549  11.53104341 16.14560826 15.61034555
   9.70893699  9.46495361  9.86790921 14.63792207 15.43294671 17.58534494
  14.42857312 15.13786843  1.17644353  1.72660031  3.90799739]
 [21.14324659 19.07970032 19.38586745 19.89617658 29.9405754  32.21456341
  32.19868808 26.8412229  26.38570798 25.26474816 27.24461546 26.26843266
  22.39818095 35.49267906 29.99858558 28.14449462 27.12277871 28.69576806
  29.1487345  26.79402569 28.20358055 27.16129462 32.49484479 35.29393678
  20.57499706 16.3449904  20.89219763 15.33877798 20.72172575 27.48145295
  30.56483216 32.44860209  1.0260535   3.41685904 15.81277541]
 [ 9.33763733 10.75610259 10.19481754  3.85449798 13.06159288  7.08163441
   9.47661241  5.75055329  5.78507431  5.70149786  9.91548528 12.38605087
  14.39719154 12.89702082 11.58994234  9.14092808 14.75242663  4.06877481
  10.2723604   5.84112763 12.50002631  6.38575547 12.2647615   9.85806966
  11.1693994   2.20295982 13.62427381 12.19737119 11.75558555 14.39505145
  12.93615508 11.12676978  2.81789286  1.3302394   4.4814988 ]
 [ 2.80844104  3.44170097  8.62561224  5.6984944  11.02310938  7.07266764
  13.59795665  4.81732184 13.63362046  6.80252014  8.17128474  2.41378079
  12.17253428 11.33874084 11.58266924 14.36897504  7.80118249  5.31603566
  12.07757696  5.21510387  6.52338369  3.31525172  7.5362286   5.42433124
   8.16725417  2.21999633  4.23760868  7.21526258  8.39803536  7.25117631
  18.3794226  14.76300824  2.71701534  2.50620138  6.10190704]
 [ 9.67182092 10.94733501 10.27989155 12.79883583  8.70070261 13.29026547
   6.98650394  8.85085403  5.04203153  6.56919505 10.84148628 12.1789827
  10.43617865 13.50201071  6.71156956  7.78860963 11.25887695  8.55532789
   7.08373033  6.09121448 10.16405351 13.52961172  8.64976598 11.45005519
  10.46756389 11.63622011  9.84453053 10.97453381 10.56038606 12.54317904
   7.86672836  9.29851699  3.62342588  5.77740977  7.89301009]
 [27.93325657 26.57899867 28.16525022 28.01626246 28.35954142 29.30532527
  30.50710181 30.03971682 34.16975255 32.48438503 31.48490373 30.08469527
  26.14749115 27.37651415 28.16439565 27.31956595 28.96196221 32.09558784
  25.68002334 33.92339809 29.24222337 27.76866108 27.95245737 26.58277044
  29.0083001  28.68400739 26.83275863 29.83047115 35.84694094 29.03961143
  25.06761791 23.61308739  7.35851531 14.14385005 12.46574461]
 [10.20456707 10.70141831  8.02677761  7.94015675 12.23114    13.98010605
  16.76145666 15.93725226 14.08453425 16.76177504  9.48591663 12.20100683
  11.05653177 10.95864712 14.20058865 13.93854196 14.34250832 11.69029309
  12.94363786 15.54297111  9.80390796 10.96206393 13.60949055 14.37850367
   8.93127567 11.54228042 11.32314711 13.94130812 10.90137165 13.21001904
  12.5123393  12.81953966  3.09367257  3.65867334  5.39527216]
 [31.33234313 32.66382694 35.73393765 32.98945563 38.69009868 37.85183199
  30.92011603 30.2834023  31.05214103 29.64376114 30.84338595 32.52002817
  32.7768155  33.36921043 31.11487177 31.38189838 34.80824153 32.73984757
  35.37596862 32.65331588 37.02138067 35.00730369 33.0050577  34.11909533
  30.15785556 31.17364191 33.05720082 33.6909028  34.27137734 32.61668103
  33.77424533 30.59655087 18.66927276 20.32416595 19.7908071 ]
 [11.94321663 12.1619513  13.69436564 14.51841089 16.66905662 15.72213009
  14.76782744 13.87071546 12.62598228 12.00844865 14.85054175 14.87284177
  13.95712203 15.36833895 12.97549943 11.83795004 12.12234895 13.57908617
  10.99194596 12.22783319 15.65498029 16.24846269 14.77903672 14.77092442
  12.04682858 13.49487019 11.79991227 10.58096246 12.30697739 13.2621696
  12.05325292 11.63330871  5.49723752  6.79202714  8.36914761]
 [19.53513607 19.67660943 21.55038923 22.22073621 24.6954999  24.17136955
  25.38663334 24.61585381 26.13964927 26.02722965 23.83693025 17.43571161
  23.233956   24.56018745 25.94132911 23.01128069 27.04261207 10.18054162
  24.44961351 27.10620906 26.0190916  22.86235668 26.39194534 22.48364363
  17.00269842 14.82389416 18.86142783 20.14872048 24.54732066 27.17085062
  24.13432799 20.80449673  8.31741749  1.9643645  12.28477556]
 [14.83114707 13.45200507 16.35063209 16.06458704 23.0395294  22.69287007
  21.61369627 18.93307945 16.22088307 17.2583934  22.97106534 16.63320313
  20.01820108 19.28475518 21.15158202 19.50023259 22.65215181 21.08018281
  19.59939621 15.96400771 21.22810314 19.81062517 23.13853548 20.80159838
  19.60353593 17.09341639 16.5166196  20.26612358 22.27289511 20.96766044
  20.44997941 17.99105653  3.34870191  5.44636959  8.35190828]
 [16.95158727 22.63451934 18.11200295 14.04329625 30.02038888 25.76917784
  30.3878975  23.67721008 25.58523593 22.71385899 32.09122627 27.76525295
  30.74520738 23.61447568 27.00235085 20.30441799 37.18587892 25.42140881
  25.5603002  25.7249331  30.4207554  23.67984365 28.53797389 23.94245787
  23.09267904 25.44553496 24.04342188 32.80521374 35.79075404 33.55886956
  25.2376128  20.23602163  8.61090646  2.20238977 17.82675101]
 [24.90291759 26.3086421  27.09257305 26.92132356 28.9286318  27.68840069
  28.36520579 27.32417706 27.60905615 26.08438745 24.98114255 26.04897405
  27.13969055 26.75201869 28.44102301 27.68530327 27.02782162 23.90370569
  29.05959376 27.00582912 28.00034634 28.29682438 28.80149828 26.22009552
  24.49867399 25.80892379 25.33236527 25.38253307 25.26164686 27.497175
  28.32187579 27.81057819 14.56316517 13.7549298  18.60572056]
 [ 2.11091089  2.73326237  0.77343777  1.95039496  1.37965597  1.63587129
   1.6362885   2.62737602  6.09986398  5.28666351  1.54043684  3.74012054
   3.58711291  5.43289619  3.22354149  4.09474868  4.74195023  0.96588563
   6.11487228  5.79002382  1.09643166  1.80322231  3.96051385  6.15096041
   0.51854893  0.89087728  3.05327018  1.61259665  2.9616128   2.50793487
   4.55523282  5.41680037  0.38932341  1.45182642  5.09088586]]