[[3.09911929e+01 3.18740810e+01 4.19574204e+01 3.87914214e+01
  7.00231261e+01 8.77148382e+01 1.96158039e+02 2.93534576e+02
  3.35096190e+02 2.51809876e+02 1.25600092e+01 1.22924400e+01
  1.65048054e+01 1.24075692e+01 9.45390593e+01 9.66647174e+01
  5.45443416e+00 1.80362554e-28 4.65103511e+01 2.70751629e+02
  2.78605046e+01 3.02996210e+01 7.44241556e+01 8.71338870e+01
  1.89133142e+01 2.18396207e+01 2.78898282e+01 1.03608637e+01
  3.77197996e+00 3.05944294e+00 1.95202770e+01 1.39208734e+01
  1.66552801e+01 1.93981605e+01 1.44978055e+01]
 [4.56761784e+01 5.96539549e+01 6.56354549e+00 1.24228539e+01
  7.56833395e+00 4.67986096e+00 1.24485143e+01 8.76510760e+00
  1.78288812e+01 1.30792471e+01 4.51708524e+00 7.75444456e+00
  8.28537831e+00 4.83571282e+00 1.22208376e+01 5.41036799e+00
  3.90217361e+00 6.57269183e-29 4.36863729e+00 1.43489969e+01
  4.67420612e+00 5.30284601e+00 1.33720306e+01 5.39978331e+00
  1.46623215e+01 2.35796879e+01 4.65072434e+01 1.70795507e+01
  1.85163931e+00 1.74249246e+00 6.05903783e+00 2.36185342e+00
  3.30971476e+01 3.77857667e+01 1.55280066e+00]
 [2.40846268e+01 2.54330904e+01 9.99188254e+00 9.02354745e+00
  7.79271923e+00 1.17245747e+01 1.05589579e+01 1.80116611e+01
  2.37125932e+01 2.92860220e+01 5.81414711e+00 4.28372326e+00
  4.50477499e+00 6.35838338e+00 1.41033661e+01 1.66313510e+01
  4.41927495e+00 3.98297827e-26 1.05190058e+01 2.28223202e+01
  5.06396007e+00 6.12124331e+00 1.00858177e+01 1.81803917e+01
  1.36780832e+01 1.61280083e+01 2.21903390e+01 1.03445263e+01
  2.11203240e+00 2.16226112e+00 8.93905454e+00 5.18695198e+00
  1.18368265e+01 1.00023243e+01 1.21256212e+06]
 [1.55612555e+02 1.25585255e+02 3.81647778e+01 3.56779344e+01
  4.13929111e+01 5.30580072e+01 6.31394614e+01 8.92994654e+01
  9.24523324e+01 9.55258370e+01 2.17027741e+01 2.79239011e+01
  6.99141191e+00 9.31203848e+00 2.96120657e+01 3.86437006e+01
  1.63138417e+01 9.81756417e-30 2.14784516e+01 7.87363725e+01
  1.82651938e+01 2.71673512e+01 2.77413089e+01 3.59152997e+01
  8.06519657e+01 5.34214656e+01 9.15896093e+01 5.62967655e+01
  7.44382065e+00 8.18837050e+00 9.72364476e+00 7.23494436e+00
  9.88303022e+01 6.43466759e+01 5.82813805e+00]
 [5.05361260e+01 5.32516891e+01 1.31643304e+01 1.06820584e+01
  1.26392185e+01 1.22399165e+01 1.67636000e+01 1.92842268e+01
  2.17242894e+01 1.86925965e+01 7.08322750e+00 5.28832233e+00
  4.73209276e+00 4.73897164e+00 1.33893262e+01 1.23633358e+01
  6.03052702e+00 1.75870382e-29 8.54775427e+00 1.87454234e+01
  6.72008445e+00 6.41134440e+00 1.09826167e+01 1.04015796e+01
  1.71415662e+01 1.33485449e+01 4.02574750e+01 1.31908014e+01
  2.60376477e+00 2.11544247e+00 5.64519611e+00 3.86176091e+00
  3.75450114e+01 4.65846432e+01 2.65985851e+00]
 [3.63752338e+00 4.33916740e+00 5.09643910e+00 4.42731932e+00
  5.70888468e+00 5.41034479e+00 7.37667294e+00 8.32778149e+00
  9.68692424e+00 9.40588516e+00 2.34703256e+00 1.91575090e+00
  4.18982637e+00 4.06207788e+00 4.94597130e+00 5.64749010e+00
  1.51931897e+00 2.25399232e-30 3.27830841e+00 9.15414225e+00
  5.23845466e+00 3.82193988e+00 4.63242365e+00 6.53937713e+00
  3.51931082e+00 2.67607539e+00 4.34088803e+00 2.02281403e+00
  1.39514809e+00 9.19918630e-01 2.35431102e+00 1.71714543e+00
  1.65438665e+00 1.38644076e+00 4.04527818e+00]
 [1.95951163e+01 1.76919013e+01 1.92456774e+01 1.74830353e+01
  2.71975267e+01 2.57780324e+01 5.70708115e+01 6.15306733e+01
  1.18105464e+02 1.38966043e+02 8.64308858e+00 8.78359162e+00
  8.33783568e+00 6.79064521e+00 4.08859844e+01 4.64078288e+01
  6.29504242e+00 1.79240880e-28 4.85276836e+01 1.23726832e+02
  1.75751197e+01 1.17219087e+01 2.76560100e+01 2.52923981e+01
  1.69974187e+01 1.32652387e+01 1.85806143e+01 1.00631495e+01
  4.52744130e+00 3.77280400e+00 1.38104539e+01 1.22400864e+01
  1.44517711e+01 1.23051558e+01 2.24352932e+01]
 [5.81023862e+01 4.69010194e+01 1.37309321e+01 6.31881831e+00
  5.56983348e+00 8.53430733e+00 1.20501314e+01 1.99032718e+01
  1.75190762e+01 1.67292911e+01 6.76330939e+00 4.66034370e+00
  2.40576610e+00 2.17883295e+00 9.06571401e+00 9.90651271e+00
  4.70811891e+00 1.30955353e-29 5.96792605e+00 1.59969794e+01
  4.73229455e+00 2.91767238e+00 5.67269072e+00 6.47464257e+00
  2.51670252e+01 1.51730560e+01 3.87688396e+01 1.48141711e+01
  1.91350055e+00 1.26243056e+00 3.00846658e+00 3.03068785e+00
  5.91260666e+01 3.83527032e+01 1.07902842e+01]
 [7.94127981e+01 7.07178546e+01 1.36886792e+01 1.46988952e+01
  1.26851539e+01 1.04410760e+01 1.77322701e+01 2.81138450e+01
  2.49850135e+01 3.02153343e+01 8.52511385e+00 8.23796209e+00
  4.15733066e+00 2.63422738e+00 1.09596298e+01 1.21223173e+01
  7.44343606e+00 2.73911015e-29 9.74369406e+00 2.39438649e+01
  8.58291527e+00 7.70413421e+00 9.50392806e+00 8.73462779e+00
  1.96695680e+01 2.02570318e+01 6.23228668e+01 1.87488178e+01
  2.77181933e+00 2.32413978e+00 3.78170887e+00 3.44978242e+00
  3.34254076e+01 3.79279115e+01 2.57297144e+00]
 [6.32748275e+00 7.26611333e+00 7.46952948e+00 9.59648210e+00
  1.40921484e+01 7.58944844e+00 2.62464602e+01 2.71193568e+01
  4.08859204e+01 3.90295368e+01 4.77469611e+00 9.94192709e+00
  1.99329221e+00 2.28360911e+00 1.59040568e+01 1.29736532e+01
  2.43577091e+00 8.70064500e-29 1.00346665e+01 3.59760128e+01
  8.47647517e+00 1.18393021e+01 1.40377232e+01 1.09573885e+01
  6.10760961e+00 1.26167577e+01 5.81509246e+00 5.24700931e+00
  9.79957795e-01 1.79186498e+00 3.36779849e+00 2.46951198e+00
  1.51626558e+01 5.24387458e+00 8.44833394e+01]
 [1.53098145e+01 1.43679495e+01 2.50160570e+01 1.93061469e+01
  3.85539450e+01 2.59208063e+01 4.82561599e+01 3.22674007e+01
  2.42212162e+01 2.30613780e+01 7.11083626e+00 6.65043957e+00
  1.16123712e+01 6.92171369e+00 1.60499747e+01 1.50847253e+01
  4.06471482e+00 8.80547180e-30 8.32012660e+00 2.05819279e+01
  1.67697040e+01 1.27180259e+01 2.33319658e+01 1.58671848e+01
  1.01007299e+01 1.10974023e+01 1.34884756e+01 7.03597111e+00
  2.81475870e+00 2.40081587e+00 5.35145992e+00 4.50557704e+00
  5.25375758e+00 5.95098627e+00 3.57254082e+00]
 [1.93217295e+01 2.33282705e+01 9.20662095e+00 9.32731675e+00
  1.12546576e+01 1.04259695e+01 1.85940583e+01 1.85948216e+01
  4.24002324e+01 4.51950374e+01 4.89221910e+00 5.11876703e+00
  2.83623586e+00 3.58106281e+00 9.09917890e+00 1.00833495e+01
  4.68589465e+00 7.00665965e-30 5.81105088e+00 3.74101605e+01
  7.35985509e+00 6.48777010e+00 8.42119361e+00 9.01840514e+00
  8.51874543e+00 9.91014804e+00 1.98352081e+01 7.99228770e+00
  2.51706201e+00 2.10709318e+00 2.32101903e+00 2.49172008e+00
  3.52366609e+01 2.93992344e+01 7.81777688e+00]
 [4.87328755e+01 5.15975770e+01 1.38093178e+01 1.53661574e+01
  1.26605432e+01 9.96008536e+00 1.82858402e+01 1.76163464e+01
  2.21718161e+01 2.04007833e+01 7.98806522e+00 8.74113933e+00
  4.95318112e+00 3.79310243e+00 1.14649380e+01 1.02824467e+01
  6.93251261e+00 4.59381620e-29 7.47029387e+00 1.80893413e+01
  8.96111809e+00 7.82171150e+00 1.11236327e+01 9.51194538e+00
  1.74882924e+01 1.98842676e+01 4.07936988e+01 1.48419832e+01
  2.99826402e+00 2.85751387e+00 4.23786678e+00 2.91185965e+00
  1.98930790e+01 1.74881677e+01 1.01666877e+01]
 [1.23502661e+02 1.31598179e+02 4.66596466e+01 4.97272810e+01
  4.46568143e+01 4.52351980e+01 8.21560318e+01 7.82464047e+01
  5.71091323e+01 6.46778599e+01 2.78163693e+01 3.36452730e+01
  1.72842909e+01 1.86167904e+01 6.37444479e+01 3.86340894e+01
  2.63874885e+01 1.38327498e-28 2.62875665e+01 4.42543833e+01
  3.04884779e+01 3.16163627e+01 4.91630341e+01 4.12258262e+01
  5.14061663e+01 6.05553947e+01 1.07005106e+02 4.59447748e+01
  9.79675707e+00 1.19984358e+01 2.40588923e+01 1.43602684e+01
  1.21544729e+02 6.85917021e+01 1.01405830e+01]
 [7.33823936e+01 8.59031169e+01 3.40543963e+01 3.53756313e+01
  3.62754461e+01 2.65977687e+01 1.11399218e+02 1.13843082e+02
  1.70203578e+02 1.61680190e+02 1.95922842e+01 2.31160417e+01
  1.84807874e+01 1.07916066e+01 8.98567225e+01 7.82812600e+01
  2.39174117e+01 1.72342875e-29 5.89798842e+01 1.39984582e+02
  1.97824450e+01 1.81820169e+01 5.30882339e+01 3.70205834e+01
  4.11395884e+01 5.78172443e+01 7.76642348e+01 3.95984426e+01
  9.74235007e+00 1.00986814e+01 3.43467805e+01 1.86149464e+01
  2.45769851e+01 2.12044149e+01 3.89154893e+01]
 [1.87583261e+01 2.60580236e+01 6.85874607e+00 6.93161033e+00
  6.75306362e+00 6.07103478e+00 9.50123743e+00 1.15840976e+01
  2.87492566e+01 2.38215573e+01 4.02934231e+00 4.47181705e+00
  1.74343924e+00 2.12623409e+00 6.40853603e+00 6.88874372e+00
  3.01591495e+00 9.41166407e-30 4.11903788e+00 2.39516256e+01
  4.58398895e+00 5.81841016e+00 4.99039070e+00 5.48034472e+00
  8.32809318e+00 1.22255522e+01 1.99821581e+01 8.40210920e+00
  1.38647762e+00 1.07906889e+00 1.71976530e+00 1.72899011e+00
  1.17031119e+01 2.08286878e+01 5.66743188e+00]
 [1.20097986e+01 1.29089114e+01 7.69233032e+00 8.80862395e+00
  1.00110242e+01 9.93316784e+00 1.66890271e+01 1.35034917e+01
  2.56582386e+01 2.01163603e+01 2.45608561e+00 3.87754962e+00
  3.62570853e+00 3.67114774e+00 1.29140188e+01 8.20940680e+00
  1.87415536e+00 7.06567618e-30 6.32496562e+00 2.41905987e+01
  5.11895375e+00 5.88517475e+00 1.02988597e+01 8.20646838e+00
  7.15026987e+00 7.88502108e+00 9.78495586e+00 3.49013491e+00
  1.04483508e+00 1.22261472e+00 4.09404194e+00 2.61579841e+00
  3.10191669e+00 3.25387492e+00 1.78476567e+00]
 [4.61210051e+01 6.04671261e+01 1.63424317e+01 1.76807728e+01
  2.02847109e+01 2.26808151e+01 3.36183926e+01 3.93448946e+01
  5.03602459e+01 5.14617104e+01 8.03232778e+00 1.18222857e+01
  7.75843650e+00 1.01439488e+01 2.73662782e+01 2.73341891e+01
  8.75139175e+00 2.53035677e-29 2.10791857e+01 4.32215720e+01
  1.04396983e+01 1.22307799e+01 2.15166592e+01 2.33394603e+01
  1.74368215e+01 2.26186032e+01 4.03233939e+01 1.79590921e+01
  3.76438986e+00 4.22186481e+00 1.24909332e+01 1.15010838e+01
  3.38933317e+01 2.58206656e+01 8.25069672e+00]
 [1.62490852e+01 1.74332046e+01 1.07430018e+01 7.83010248e+00
  1.89869625e+01 9.95868813e+00 2.11306011e+01 1.47575399e+01
  2.88069281e+01 2.41414118e+01 4.47391397e+00 4.89826514e+00
  4.16401725e+00 2.54283052e+00 1.67247607e+01 1.29591372e+01
  3.65140152e+00 2.13805160e-29 1.51825709e+01 2.87750325e+01
  8.45290821e+00 4.78699768e+00 1.62842833e+01 8.21791568e+00
  7.54217719e+00 8.71148536e+00 1.47343454e+01 6.92093047e+00
  1.73390762e+00 2.18704850e+00 7.28000824e+00 4.10384057e+00
  5.73109605e+00 5.88358535e+00 3.47817507e+01]
 [4.95849880e+00 4.31985950e+00 5.44786827e+00 4.87236999e+00
  1.14148145e+01 9.92425369e+00 1.20427247e+01 1.04643181e+01
  1.71623037e+01 1.72748312e+01 2.47374111e+00 2.60562111e+00
  4.30321583e+00 7.05200461e+00 9.23756404e+00 7.22153505e+00
  1.54131759e+00 1.70514220e-29 5.46801720e+00 1.78711558e+01
  5.19477135e+00 4.37011896e+00 8.99425112e+00 8.13458458e+00
  2.53824573e+00 2.21251965e+00 2.67868342e+00 1.69341292e+00
  1.28765695e+00 1.20853515e+00 3.85348588e+00 3.07593294e+00
  6.93953497e+00 3.36916692e+00 2.31726014e+01]]