[[7.04920172e+00 1.01250648e+01 7.02973941e+00 6.23835808e+00
  1.09046018e+01 1.09759182e+01 1.27996848e+01 1.56391509e+01
  1.64213460e+01 1.28595501e+01 3.13475419e+00 3.18467293e+00
  4.63520027e+00 2.56162718e+00 7.87647362e+00 7.26042629e+00
  1.63409030e+00 3.95015735e-29 4.69122560e+00 1.31081605e+01
  6.02528286e+00 5.19147506e+00 7.68896568e+00 7.65987430e+00
  5.58050725e+00 6.38723624e+00 6.60023641e+00 2.37848854e+00
  1.14557588e+00 1.08687967e+00 2.52940054e+00 1.82249884e+00
  5.39868442e+00 6.73253724e+00 6.32545624e+00]
 [7.36412152e+01 8.86954143e+01 1.30599195e+01 2.08801424e+01
  6.87629230e+00 8.17094173e+00 5.68252324e+00 5.79899789e+00
  8.03022115e+00 1.09201335e+01 1.10855841e+01 2.39714912e+01
  1.61462666e+00 2.16605058e+00 3.58011041e+00 3.38284317e+00
  5.49064469e+00 9.26469722e-29 2.28831248e+00 9.66866564e+00
  6.98269925e+00 1.18537340e+01 3.63483633e+00 4.16649510e+00
  3.97954102e+01 5.20361905e+01 8.29759164e+01 3.22250162e+01
  2.06603521e+00 2.72774686e+00 1.38926589e+00 1.10166342e+00
  5.27393379e+01 5.06868804e+01 3.07171939e+00]
 [3.73968634e+01 5.87714418e+01 1.33422041e+01 3.33396811e+01
  1.14151077e+01 1.15843885e+01 1.17974938e+01 1.25719974e+01
  1.48494838e+01 1.41564268e+01 7.64779669e+00 7.58225205e+00
  4.07631046e+00 4.87640318e+00 1.02195056e+01 9.00148978e+00
  5.39914255e+00 3.43506585e-26 6.93053592e+00 1.37923139e+01
  7.08690868e+00 3.00172250e+01 9.23537519e+00 9.77405866e+00
  3.18097548e+01 5.79400120e+01 3.97695309e+01 2.29378389e+01
  2.54693140e+00 3.21510324e+00 4.54570096e+00 3.15941352e+00
  2.39958616e+01 4.01811314e+01 1.04560824e+06]
 [8.85423686e+02 4.06550801e+02 8.73304270e+01 5.55518213e+01
  7.71688500e+01 1.56592046e+02 3.00885666e+01 2.71580798e+01
  3.16626640e+01 3.02430323e+01 7.80807440e+01 1.10168793e+02
  6.60813476e+00 5.10571126e+00 1.07184088e+01 1.19360356e+01
  2.95574132e+01 1.33287519e-29 8.70866401e+00 2.77660686e+01
  1.65088196e+01 5.88796452e+01 1.51885428e+01 1.83628519e+01
  4.93441981e+02 1.68913667e+02 2.25392264e+02 2.34319983e+02
  1.73991843e+01 1.95622087e+01 3.37360566e+00 3.62178286e+00
  5.44213560e+02 3.22409865e+02 5.39353938e+00]
 [5.36629558e+01 6.32900630e+01 1.47091015e+01 9.17363151e+00
  5.00837549e+01 1.21760492e+01 1.57661911e+01 1.62439727e+01
  2.40674151e+01 1.89558029e+01 8.06108027e+00 4.41913000e+00
  6.72076208e+00 3.29572592e+00 9.77856876e+00 9.08640201e+00
  4.87189349e+00 1.78886145e-29 5.40644522e+00 1.95197822e+01
  9.47427329e+00 5.32054013e+00 1.65918848e+01 8.37644564e+00
  1.84103650e+01 1.37375248e+01 4.29104580e+01 1.24883930e+01
  2.73032107e+00 1.66197325e+00 3.47786197e+00 2.47281648e+00
  3.98852931e+01 5.61900887e+01 3.42335688e+00]
 [3.01547036e+00 6.26366267e+00 6.93277005e+00 8.35664801e+00
  7.41061239e+00 3.12815089e+00 3.89847828e+00 4.36149366e+00
  5.08298731e+00 5.52234566e+00 2.94446905e+00 2.11249838e+00
  2.35306201e+00 1.42416811e+00 2.54607327e+00 2.50200669e+00
  1.06585917e+00 1.80111358e-30 1.69543563e+00 5.12518155e+00
  2.01958712e+01 2.39698032e+00 3.33100872e+00 2.67967808e+00
  8.73657656e+00 3.16781105e+00 3.75812966e+00 1.52037230e+00
  1.07729142e+00 7.78371289e-01 1.23555504e+00 9.14873801e-01
  7.16340072e+00 6.81106982e+00 5.25852006e+00]
 [1.10323061e+01 1.37003205e+01 1.44160649e+01 1.37812937e+01
  2.10236587e+01 2.03803811e+01 2.08230521e+01 1.99130677e+01
  2.73339045e+01 2.69217288e+01 7.81080540e+00 9.20790855e+00
  7.72017847e+00 6.50717938e+00 1.36457979e+01 1.16703664e+01
  5.54459515e+00 5.83377431e-29 1.01577705e+01 2.64599667e+01
  1.45326434e+01 1.22337768e+01 1.37275519e+01 1.24275341e+01
  1.24941613e+01 1.15101071e+01 1.19080731e+01 7.68937376e+00
  5.07264703e+00 4.88291202e+00 5.54987359e+00 4.21430489e+00
  2.27447771e+01 2.14763890e+01 3.37605136e+01]
 [9.33616655e+01 7.79139730e+01 2.00593852e+01 7.26438443e+00
  6.42146679e+00 2.01389879e+01 1.23322311e+01 1.86959193e+01
  1.51560291e+01 1.72867385e+01 1.02982620e+01 6.49086501e+00
  2.03167619e+00 1.99628615e+00 5.14224036e+00 7.00604596e+00
  4.88802208e+00 2.46820812e-29 3.58765958e+00 1.48956646e+01
  5.75465514e+00 3.18695553e+00 4.06702078e+00 7.28070181e+00
  3.93573616e+01 2.67559714e+01 6.09368554e+01 1.92610546e+01
  1.74237689e+00 1.34434733e+00 1.69222078e+00 1.82944273e+00
  8.51322188e+01 6.53516495e+01 3.32791723e+01]
 [5.20936321e+01 5.14008397e+01 8.74667478e+00 1.02542105e+01
  5.62466199e+00 6.07617321e+00 7.34283171e+00 7.74753896e+00
  9.80608880e+00 1.08157498e+01 4.65834852e+00 5.64011471e+00
  2.12860156e+00 1.98051079e+00 4.59225901e+00 4.34515873e+00
  3.88866201e+00 1.66613002e-29 3.12572499e+00 1.02078569e+01
  4.21561220e+00 5.48667840e+00 4.52060187e+00 3.93776394e+00
  1.54631469e+01 1.31437415e+01 4.15821237e+01 1.04763895e+01
  1.50479208e+00 1.79517570e+00 1.80081098e+00 1.44142105e+00
  2.48948719e+01 2.68859793e+01 1.89219125e+00]
 [1.82402731e+01 9.18488721e+00 1.42265453e+01 1.48785916e+01
  1.28619919e+01 6.24391161e+00 9.85655711e+00 1.21701768e+01
  7.88004003e+00 1.01419617e+01 7.35561778e+00 1.27714390e+01
  1.45488293e+00 1.84619209e+00 3.24819556e+00 2.76882406e+00
  2.40203868e+00 4.87141554e-29 2.21887304e+00 1.10412379e+01
  1.00742333e+01 1.54239875e+01 8.41084530e+00 7.60439966e+00
  1.79409967e+01 1.61637454e+01 7.63614846e+00 6.31154595e+00
  1.08771616e+00 2.13370650e+00 1.21748803e+00 9.88057901e-01
  3.09867222e+01 8.37103145e+00 1.02342517e+02]
 [7.30396328e+00 7.16347460e+00 9.90689665e+00 9.07637096e+00
  9.23998143e+00 8.11490937e+00 1.03395315e+01 1.18265997e+01
  1.29285683e+01 1.20218880e+01 4.88151158e+00 6.01180584e+00
  6.69114876e+00 4.53682438e+00 6.70273574e+00 6.35230429e+00
  2.93356992e+00 4.03453943e-30 3.87650616e+00 1.14976425e+01
  6.76790127e+00 6.72230938e+00 7.21259077e+00 6.60960404e+00
  5.90354548e+00 8.80329845e+00 8.06235712e+00 4.76157361e+00
  2.02796428e+00 1.89142422e+00 2.99949762e+00 2.78838438e+00
  5.96843655e+00 5.76771896e+00 2.98078723e+00]
 [2.51867647e+01 3.82681927e+01 9.70681960e+00 1.15159962e+01
  2.23398934e+01 2.64670345e+01 1.19201265e+01 1.30060008e+01
  1.91688175e+01 1.86259513e+01 5.31445455e+00 6.09074283e+00
  3.96244655e+00 4.05182814e+00 7.24734061e+00 7.69027279e+00
  4.29560954e+00 6.61415032e-30 4.98048568e+00 1.73059526e+01
  8.33172897e+00 8.05619108e+00 8.07005738e+00 1.34556750e+01
  1.19056798e+01 1.75218138e+01 2.92569654e+01 8.70061613e+00
  2.44790867e+00 2.21356007e+00 2.67760454e+00 2.41728795e+00
  4.39627988e+01 4.18141862e+01 1.41580859e+01]
 [6.14051944e+01 5.76263553e+01 1.90796113e+01 2.42888562e+01
  1.38010130e+01 1.30083839e+01 1.68561376e+01 1.53702794e+01
  2.22728219e+01 2.00832428e+01 1.26907125e+01 1.47514528e+01
  6.21850803e+00 5.23626689e+00 1.13104578e+01 9.38143499e+00
  9.94626986e+00 6.02130024e-29 7.98860985e+00 2.06192912e+01
  1.24713496e+01 1.36148619e+01 1.14411598e+01 1.04123931e+01
  2.41730944e+01 2.62330058e+01 4.76962385e+01 1.90127724e+01
  4.63099592e+00 4.71733837e+00 4.92150237e+00 3.21965015e+00
  3.62530482e+01 2.12104028e+01 1.31271648e+01]
 [9.78619266e+01 1.06572848e+02 1.84907743e+01 2.26225627e+01
  1.68397475e+01 1.69708759e+01 2.15081204e+01 2.25279495e+01
  2.17816145e+01 2.54631168e+01 1.18332574e+01 1.39320489e+01
  5.94041584e+00 6.30883612e+00 1.38221877e+01 1.20476555e+01
  9.49929363e+00 4.86588129e-29 8.08317523e+00 1.95190123e+01
  1.13968859e+01 1.19842285e+01 1.32990155e+01 1.30011657e+01
  2.82769236e+01 3.44411885e+01 7.85047604e+01 2.09824171e+01
  4.62339307e+00 4.97627119e+00 4.94392118e+00 4.07370156e+00
  1.37812677e+02 7.28278891e+01 9.47151467e+00]
 [2.72197723e+01 3.05977683e+01 9.20810711e+00 8.49296032e+00
  8.73233788e+00 7.35822273e+00 1.52786249e+01 1.53141834e+01
  2.05764923e+01 1.94203763e+01 5.14406872e+00 5.92357189e+00
  3.79433234e+00 2.83663216e+00 1.05771039e+01 8.53851999e+00
  4.54686304e+00 1.67377939e-29 5.30365058e+00 1.79118058e+01
  5.40938488e+00 4.83203828e+00 8.93226247e+00 7.09229889e+00
  1.16791948e+01 1.79728115e+01 2.61508474e+01 9.52110849e+00
  2.29580552e+00 2.32726670e+00 4.10626096e+00 2.29680799e+00
  1.85026644e+01 1.60821352e+01 2.43026216e+01]
 [1.31329492e+01 2.27417360e+01 8.64315367e+00 1.27547934e+01
  1.42197796e+01 2.62734656e+01 7.11945056e+00 8.09740030e+00
  1.24845467e+01 1.17430439e+01 5.25287994e+00 7.40229408e+00
  4.23275934e+00 8.30183889e+00 3.79500195e+00 3.82944084e+00
  2.68373995e+00 1.05603576e-29 2.06751600e+00 1.12050461e+01
  6.46379287e+00 2.68288182e+01 5.75099383e+00 9.01661080e+00
  7.40718499e+00 1.32450746e+01 1.64644115e+01 8.33316239e+00
  1.64929783e+00 1.52854764e+00 1.29002681e+00 1.26664893e+00
  1.05552018e+01 2.04333953e+01 8.87797691e+00]
 [1.20205301e+01 1.62365864e+01 7.23242372e+00 6.97156904e+00
  1.59019127e+01 1.82734438e+01 9.35436261e+00 7.75352085e+00
  1.10367515e+01 1.26600098e+01 4.67031987e+00 6.00548426e+00
  3.29600908e+00 3.26274881e+00 4.46597655e+00 4.73304960e+00
  1.50110995e+00 5.18501301e-30 2.28293238e+00 1.21608236e+01
  1.00461272e+01 7.46456146e+00 6.89970237e+00 7.62812683e+00
  2.42524904e+01 1.59080968e+01 1.03404466e+01 3.02287816e+00
  1.18312414e+00 1.01935940e+00 1.63728907e+00 1.43297137e+00
  7.24758986e+00 6.71638938e+00 3.09616086e+00]
 [3.40611176e+01 5.00830762e+01 1.12438806e+01 1.39558817e+01
  1.11359386e+01 1.62487590e+01 1.61503172e+01 2.04595259e+01
  2.67978283e+01 2.95108568e+01 6.36369341e+00 9.93589412e+00
  4.04439580e+00 5.51654019e+00 1.16798596e+01 1.20583890e+01
  5.66005399e+00 1.52304936e-29 8.19484619e+00 2.59294045e+01
  7.48502355e+00 8.84600703e+00 1.02122787e+01 1.23251586e+01
  1.25283342e+01 1.72911691e+01 3.12188411e+01 1.27584452e+01
  3.01545431e+00 3.61386904e+00 4.78073791e+00 4.49880881e+00
  3.55840496e+01 2.40339243e+01 1.03261612e+01]
 [1.48100721e+01 1.85567089e+01 6.44928519e+00 6.68582987e+00
  6.31849962e+00 8.69897037e+00 6.19603039e+00 6.13466758e+00
  6.51313464e+00 6.78639521e+00 3.37173146e+00 3.84464177e+00
  1.49697033e+00 1.48882762e+00 3.37184652e+00 3.40344908e+00
  2.43080972e+00 1.08145176e-29 2.70433296e+00 6.54343102e+00
  3.85736262e+00 3.94012439e+00 3.93571792e+00 3.58642095e+00
  6.16270213e+00 8.02866964e+00 1.39672466e+01 5.33319108e+00
  1.17118223e+00 1.26887225e+00 1.58957221e+00 1.31460741e+00
  6.10819255e+00 7.39109001e+00 4.77970548e+01]
 [4.81705996e+00 5.86373526e+00 6.06347645e+00 5.79610412e+00
  2.76770293e+01 2.70987741e+01 1.54108754e+01 1.38492662e+01
  1.52395939e+01 1.37162052e+01 2.60563276e+00 3.35042967e+00
  3.22968722e+00 4.62790430e+00 6.43540386e+00 6.23832640e+00
  1.58648219e+00 1.49600971e-29 3.38510544e+00 1.40653815e+01
  6.49651478e+00 5.91394565e+00 7.55516570e+00 9.16294319e+00
  2.73657613e+00 2.92768943e+00 3.39789034e+00 2.32105694e+00
  1.22632522e+00 1.42353065e+00 2.33727279e+00 1.98590845e+00
  6.56752239e+00 5.21344912e+00 2.29176027e+01]]