[[1.04702716e+01 1.40833326e+01 1.50131528e+01 1.44775379e+01
  1.31128418e+01 1.61907561e+01 2.28089660e+01 2.71026077e+01
  2.59930148e+01 2.06576870e+01 4.98508053e+00 5.34785158e+00
  4.24047250e+00 2.88861747e+00 1.01135425e+01 9.18923720e+00
  3.34860695e+00 6.20718131e-29 5.86803982e+00 2.03206800e+01
  8.96081075e+00 7.82682910e+00 1.04612464e+01 1.03417516e+01
  1.16398018e+01 1.23990338e+01 1.01730045e+01 3.88394471e+00
  2.08312217e+00 1.81358768e+00 2.99211000e+00 1.99383281e+00
  1.72413574e+01 3.71291640e+01 9.28217809e+00]
 [9.77146971e+01 1.12842625e+02 2.39718109e+01 3.37243047e+01
  1.35794968e+01 1.58587981e+01 1.36682249e+01 1.64102127e+01
  1.78026436e+01 2.11711002e+01 1.11787519e+01 1.39276767e+01
  4.85714952e+00 5.50606748e+00 8.01708124e+00 1.01016163e+01
  9.19924055e+00 1.72379882e-28 6.03016934e+00 2.04376863e+01
  1.13196603e+01 1.40726462e+01 9.76675965e+00 1.06900429e+01
  3.21834960e+01 4.48765931e+01 9.53381589e+01 3.54683129e+01
  4.33040151e+00 3.46199876e+00 3.19117658e+00 3.74292740e+00
  4.87635535e+01 6.28806153e+01 1.50363188e+00]
 [2.52037946e+01 2.98519173e+01 1.19828476e+01 8.40912305e+00
  6.06829178e+00 5.44705223e+00 6.77303310e+00 6.37019792e+00
  6.68465255e+00 6.37501673e+00 4.80706027e+00 3.55932863e+00
  1.74453550e+00 1.46316790e+00 3.48355120e+00 3.46601713e+00
  3.53811449e+00 1.04200079e-25 2.34939149e+00 6.42742315e+00
  4.76248853e+00 4.38374037e+00 4.15748303e+00 4.00374482e+00
  1.33394529e+01 1.74093016e+01 2.39162366e+01 1.07566427e+01
  1.34987000e+00 1.34028107e+00 1.32165508e+00 1.12698507e+00
  9.63037907e+00 1.44835049e+01 3.18283224e+06]
 [5.67475576e+01 3.65760034e+01 1.74669872e+01 1.59345261e+01
  1.19768898e+01 1.54224175e+01 1.50262991e+01 1.75295706e+01
  1.88691696e+01 1.81922581e+01 9.06696976e+00 8.06027711e+00
  2.30098896e+00 3.18978762e+00 6.43774893e+00 7.75398399e+00
  5.58546818e+00 2.90315852e-30 4.96496197e+00 1.64236115e+01
  7.19251041e+00 9.89441349e+00 7.70050939e+00 9.58939679e+00
  3.15644610e+01 1.36727404e+01 3.31927249e+01 2.05837250e+01
  3.20373334e+00 2.63283298e+00 2.08672355e+00 2.05487593e+00
  5.87868024e+01 3.36058876e+01 2.54521981e+00]
 [1.87538013e+02 1.68444443e+02 2.85865003e+01 1.51054725e+01
  9.76664385e+00 1.11131797e+01 1.16430190e+01 1.36725014e+01
  1.35978032e+01 1.39499017e+01 1.51823712e+01 7.84270728e+00
  3.26472342e+00 2.46999622e+00 5.69676223e+00 7.08091636e+00
  1.10626250e+01 2.05606525e-29 4.37363267e+00 1.35381331e+01
  1.06049159e+01 6.02422443e+00 6.15803541e+00 6.95113135e+00
  5.02697555e+01 3.11785358e+01 1.33197255e+02 3.39585981e+01
  4.31981333e+00 2.14845036e+00 1.87052593e+00 2.02251762e+00
  1.57217729e+02 1.82608629e+02 1.42404419e+00]
 [4.10696815e+00 5.31894323e+00 6.72224412e+00 5.43983219e+00
  6.93573168e+00 4.72115535e+00 6.77511496e+00 5.92927492e+00
  6.55644978e+00 6.31239142e+00 3.03834891e+00 2.60045443e+00
  2.24322200e+00 1.54684642e+00 3.60234582e+00 3.44488399e+00
  2.60732796e+00 1.37351976e-30 2.15275208e+00 6.12693133e+00
  5.54269236e+00 3.18729926e+00 4.55198406e+00 3.60255313e+00
  3.62093796e+00 3.53250825e+00 4.82767115e+00 2.71894624e+00
  1.94469396e+00 1.03872530e+00 1.56616718e+00 1.16589952e+00
  3.16811630e+00 2.22418046e+00 4.25411247e+00]
 [1.43209306e+01 1.95277829e+01 2.25416057e+01 2.37069515e+01
  2.29895286e+01 2.08205152e+01 2.67196213e+01 2.34788683e+01
  2.92193298e+01 2.90175736e+01 1.09288549e+01 1.18795972e+01
  8.41103440e+00 5.83226558e+00 1.52990292e+01 1.32626034e+01
  1.05617478e+01 6.27810835e-29 1.60930255e+01 2.71725197e+01
  2.74585603e+01 1.36892452e+01 1.73004773e+01 1.41494852e+01
  2.33493074e+01 1.71696062e+01 1.69109299e+01 1.38321091e+01
  6.96692557e+00 5.34971779e+00 5.33227530e+00 4.55061060e+00
  3.80018085e+01 2.53984284e+01 3.02566877e+01]
 [1.08404484e+02 8.32483528e+01 3.06282713e+01 1.49867972e+01
  1.03279849e+01 1.22445922e+01 1.34090321e+01 1.58233616e+01
  1.45995575e+01 1.37986593e+01 1.22426406e+01 6.85957264e+00
  3.81498300e+00 3.20759847e+00 7.51035126e+00 7.84041506e+00
  8.07040915e+00 1.88392623e-29 5.12272649e+00 1.39614652e+01
  1.00957720e+01 6.53810160e+00 7.51477576e+00 8.00724013e+00
  4.49678091e+01 2.34138552e+01 6.98775164e+01 2.53680914e+01
  3.11035588e+00 2.11771261e+00 2.45096345e+00 2.69980475e+00
  9.49986551e+01 6.67267729e+01 1.13730752e+01]
 [1.17241028e+02 1.08857921e+02 1.23240201e+01 1.62312908e+01
  8.97904168e+00 6.40273278e+00 1.21655039e+01 1.15041521e+01
  1.39729185e+01 1.28059097e+01 7.39669631e+00 8.50252629e+00
  2.65119332e+00 1.69653332e+00 5.48972930e+00 4.30387029e+00
  7.06076614e+00 3.03276016e-29 3.41959482e+00 1.36001248e+01
  6.57625930e+00 9.67086146e+00 6.66163015e+00 4.35721457e+00
  2.24929517e+01 2.55299306e+01 9.36252115e+01 2.17402319e+01
  2.13722399e+00 2.12600688e+00 2.01019261e+00 1.38351348e+00
  5.75928327e+01 8.47586414e+01 2.25593835e+00]
 [7.76026735e+00 9.18913103e+00 9.14222467e+00 1.07690057e+01
  1.16765900e+01 7.13585564e+00 9.32259507e+00 1.18841584e+01
  8.79654950e+00 1.02502651e+01 4.97149513e+00 1.09677342e+01
  1.89896874e+00 2.52719721e+00 4.27574197e+00 3.92835333e+00
  2.33080983e+00 4.09449891e-29 2.99645315e+00 1.06419544e+01
  8.68162928e+00 1.26099491e+01 7.69451468e+00 7.64512719e+00
  5.99921160e+00 1.29824982e+01 6.89606520e+00 5.26376606e+00
  1.07538111e+00 1.99110797e+00 1.63546875e+00 1.30531248e+00
  1.57248095e+01 5.84096431e+00 4.88830115e+01]
 [1.36208732e+01 1.21409049e+01 1.92385038e+01 1.67158006e+01
  1.66409361e+01 1.36476841e+01 1.24041615e+01 1.08490001e+01
  1.23286959e+01 1.13894914e+01 5.41769226e+00 5.88320520e+00
  2.74380703e+00 3.45048213e+00 5.63800042e+00 5.57767247e+00
  6.34716680e+00 6.87040619e-30 3.38977881e+00 1.15588885e+01
  8.87804310e+00 9.47704581e+00 7.49513839e+00 7.32677244e+00
  1.00650542e+01 9.52738685e+00 1.34950684e+01 1.13135445e+01
  2.57491045e+00 1.88022144e+00 1.89606797e+00 2.11541991e+00
  6.31329946e+00 9.36135869e+00 2.40886642e+00]
 [2.79630380e+01 3.87318314e+01 1.86438673e+01 2.68100380e+01
  2.07712036e+01 2.13863004e+01 2.16908815e+01 2.10974827e+01
  2.86214924e+01 2.95155779e+01 8.75075145e+00 1.10983236e+01
  5.74890246e+00 5.54606435e+00 1.32887048e+01 1.24002180e+01
  9.66504460e+00 1.21055470e-29 9.09290997e+00 2.84023329e+01
  1.32615996e+01 1.32533640e+01 1.51886543e+01 1.51076735e+01
  1.20157543e+01 1.95188459e+01 3.25483333e+01 1.43917924e+01
  5.45843653e+00 5.19859613e+00 4.69219807e+00 4.09190587e+00
  5.92973040e+01 5.38908358e+01 7.91478100e+00]
 [7.54217050e+01 7.58931766e+01 1.09836313e+01 1.32788039e+01
  6.74155303e+00 6.47943691e+00 7.67648347e+00 7.64316109e+00
  8.83033105e+00 8.39031518e+00 5.90482489e+00 6.86162740e+00
  2.19265058e+00 1.62936256e+00 4.21476520e+00 3.61824165e+00
  6.31967300e+00 3.04313768e-29 2.90349728e+00 8.38453383e+00
  4.52023736e+00 4.84457242e+00 4.55363189e+00 4.44492817e+00
  2.05643221e+01 2.18395193e+01 5.85502710e+01 1.66586488e+01
  1.88448776e+00 1.80964423e+00 1.75454453e+00 1.16606505e+00
  1.59958112e+01 4.17998627e+01 5.70085983e+00]
 [2.56336689e+02 2.50494098e+02 7.85592818e+01 7.47879280e+01
  6.10068287e+01 5.48130308e+01 5.55531617e+01 7.04009914e+01
  5.07181630e+01 5.74796779e+01 4.76463544e+01 4.62940026e+01
  1.16216078e+01 1.40355559e+01 3.58337857e+01 2.75988115e+01
  4.43400749e+01 1.87435626e-28 2.39483375e+01 5.13066604e+01
  4.23222502e+01 3.90366530e+01 3.73016926e+01 3.57804086e+01
  9.52416846e+01 9.75295082e+01 2.09559323e+02 8.03911860e+01
  1.62074380e+01 1.59931060e+01 1.33898781e+01 8.86126303e+00
  3.22629522e+02 2.05991468e+02 1.16802676e+01]
 [5.19772997e+01 4.11570615e+01 1.48646367e+01 1.21840664e+01
  1.28842040e+01 1.07498098e+01 2.06122645e+01 2.20102875e+01
  2.05329331e+01 2.20872248e+01 5.85112406e+00 6.12802438e+00
  3.27014726e+00 2.94588184e+00 9.52285991e+00 9.92124612e+00
  5.28622815e+00 2.55880635e-29 4.93598378e+00 1.87481306e+01
  7.32210264e+00 6.50053974e+00 1.05355599e+01 8.84015125e+00
  1.82626196e+01 2.22541626e+01 4.22180610e+01 1.18594611e+01
  2.37157468e+00 2.32617300e+00 3.20290364e+00 2.05601060e+00
  4.38103817e+01 2.13110574e+01 2.25642578e+01]
 [2.26147512e+01 4.22125320e+01 1.45196074e+01 1.66288394e+01
  1.20696704e+01 9.77636004e+00 9.90852615e+00 9.84265137e+00
  1.17081619e+01 1.07148097e+01 6.76900028e+00 7.69227309e+00
  3.08862642e+00 2.94159745e+00 5.47980001e+00 4.80750693e+00
  5.28998814e+00 1.50840293e-29 3.09478789e+00 1.01287125e+01
  9.09882523e+00 1.12531764e+01 6.88098213e+00 7.60423984e+00
  1.26701800e+01 2.18394773e+01 2.96718514e+01 1.42560165e+01
  2.25052746e+00 1.99442542e+00 1.91550542e+00 1.59955498e+00
  1.68273646e+01 2.48027457e+01 7.83685298e+00]
 [1.25754882e+01 1.25191856e+01 1.20570336e+01 1.07740487e+01
  9.22533114e+00 8.62745307e+00 1.09810370e+01 1.06514941e+01
  1.23499248e+01 1.30511978e+01 3.39944010e+00 4.41967473e+00
  3.00274073e+00 2.71169257e+00 6.34027014e+00 5.58525319e+00
  2.86729648e+00 5.61163293e-30 3.51707321e+00 1.25947051e+01
  6.83649021e+00 5.79356536e+00 6.42874129e+00 6.09984687e+00
  7.98393521e+00 8.00365997e+00 9.46136095e+00 3.89938298e+00
  1.68507484e+00 1.35695821e+00 2.05287428e+00 1.75535458e+00
  3.53504471e+00 5.99803768e+00 2.41194669e+00]
 [7.04381534e+01 1.02388154e+02 3.34713654e+01 3.69763168e+01
  3.00892032e+01 2.80318731e+01 3.06014620e+01 2.48442890e+01
  3.29756140e+01 3.20129898e+01 1.25206056e+01 1.50605146e+01
  8.71085131e+00 7.71800089e+00 1.96958671e+01 1.24501549e+01
  9.30999087e+00 3.43870010e-29 1.27106745e+01 3.08661338e+01
  1.89077051e+01 1.67684910e+01 2.05776723e+01 1.60166282e+01
  2.62445723e+01 3.30424125e+01 6.23557415e+01 2.33336096e+01
  4.81067383e+00 4.07390096e+00 8.18465499e+00 5.04201899e+00
  5.45566909e+01 5.57153784e+01 1.10703874e+01]
 [2.75796781e+01 3.30479715e+01 2.04057295e+01 1.45585315e+01
  2.51802943e+01 1.63975357e+01 2.95474106e+01 2.12702479e+01
  2.15990738e+01 1.96605556e+01 8.51074552e+00 8.03161027e+00
  5.94482439e+00 3.23318771e+00 1.23897552e+01 1.03816663e+01
  9.90438313e+00 1.69949537e-29 6.75623265e+00 1.98777827e+01
  1.39281746e+01 8.16701303e+00 1.88904602e+01 1.17311414e+01
  1.37792968e+01 1.55224699e+01 2.63153860e+01 1.57581890e+01
  3.37700779e+00 3.44677501e+00 4.47251996e+00 3.10203500e+00
  1.27239898e+01 1.67638095e+01 4.94915873e+01]
 [6.95513689e+00 3.47912475e+00 9.59706749e+00 8.03290281e+00
  1.12238360e+01 1.15498919e+01 9.88763781e+00 1.04677474e+01
  1.11161687e+01 1.10541157e+01 4.36548850e+00 4.78787505e+00
  3.44388706e+00 3.48008497e+00 5.77267889e+00 5.68652063e+00
  2.92479529e+00 1.05545052e-29 4.68332442e+00 1.10826368e+01
  6.40938792e+00 6.53093694e+00 6.73467642e+00 7.77279929e+00
  4.38790561e+00 2.72992879e+00 2.11669780e+00 3.23128072e+00
  2.04031113e+00 1.90429604e+00 2.74167988e+00 2.21935780e+00
  1.13858232e+01 7.01281533e+00 7.64032677e+00]]