[[1.70452916e+00 4.35359866e+00 2.14878564e+00 2.42453506e+00
  3.78056613e+00 3.36732042e+00 1.70574010e+00 2.03985121e+00
  1.63725280e+00 1.74322809e+00 1.15390397e+00 1.18657801e+00
  2.62223184e+00 5.60935124e-01 9.94550055e-01 8.29923680e-01
  4.55044557e-01 1.08201823e-29 5.27789400e-01 1.58147065e+00
  3.36093213e+00 1.94879838e+00 1.65866741e+00 1.33112849e+00
  1.56494823e+00 2.50866541e+00 1.79893658e+00 6.27936216e-01
  3.38060786e-01 3.43731258e-01 3.75782186e-01 2.48573908e-01
  2.66404916e+00 2.65478225e+00 3.09913693e+00]
 [5.46947635e+01 6.40716536e+01 7.20548934e+00 1.28248886e+01
  3.82875491e+00 5.16078367e+00 1.76355730e+00 2.14974240e+00
  3.00237332e+00 6.72496806e+00 7.35616842e+00 1.66226475e+01
  4.56381943e-01 7.52005183e-01 9.75968359e-01 1.17699053e+00
  3.69417408e+00 6.08428107e-29 8.17850498e-01 5.10739137e+00
  3.42070140e+00 6.91787295e+00 1.01686764e+00 2.02647146e+00
  2.77382252e+01 3.58111472e+01 6.16366696e+01 2.19609161e+01
  9.65862472e-01 1.46624294e+00 4.01411135e-01 3.68085489e-01
  3.84008829e+01 3.44345724e+01 2.06687898e+00]
 [1.64562988e+01 2.86755321e+01 4.29329233e+00 1.50986549e+01
  3.15995537e+00 2.72754268e+00 1.46840270e+00 1.85964220e+00
  1.82818808e+00 1.83975062e+00 2.66734875e+00 2.20226940e+00
  5.22789426e-01 8.16925457e-01 1.11342669e+00 1.08681146e+00
  1.89196624e+00 7.49050123e-27 7.71380796e-01 1.81108118e+00
  1.40338053e+00 1.27086013e+01 1.07821317e+00 1.30035083e+00
  1.40937185e+01 2.36687032e+01 1.72188979e+01 1.08533947e+01
  4.83502080e-01 5.70805656e-01 4.69600526e-01 4.16091006e-01
  1.30045688e+01 1.82165023e+01 2.27759078e+05]
 [6.82865332e+02 3.01926026e+02 5.18788900e+01 3.04523949e+01
  4.54429170e+01 9.68543400e+01 1.76341186e+01 1.22510006e+01
  1.26603905e+01 1.14128128e+01 5.27801334e+01 8.98355246e+01
  3.56340275e+00 2.44074655e+00 4.39822921e+00 4.58765071e+00
  2.04440570e+01 1.00420430e-29 3.75252928e+00 1.15100572e+01
  1.00449441e+01 3.35773071e+01 8.65105106e+00 1.24866061e+01
  3.23994021e+02 1.19424892e+02 1.55682691e+02 1.62386578e+02
  1.08591304e+01 1.32793967e+01 1.40051785e+00 1.59000925e+00
  4.47283079e+02 2.85416880e+02 3.26600227e+00]
 [2.19369737e+01 2.62580673e+01 6.36777782e+00 3.00232924e+00
  4.10917609e+01 3.85138323e+00 3.57651321e+00 3.06356857e+00
  1.03709304e+01 6.93221151e+00 2.64078268e+00 1.50280815e+00
  4.29224879e+00 8.18403841e-01 2.31496668e+00 1.77859772e+00
  1.48298529e+00 5.68628609e-30 1.10526379e+00 8.04219710e+00
  5.00224135e+00 1.42282421e+00 1.05232666e+01 2.61624185e+00
  7.05632595e+00 5.57772877e+00 1.72625138e+01 4.48233500e+00
  7.55557700e-01 4.82913097e-01 8.40869717e-01 5.08593541e-01
  1.78198170e+01 2.45403802e+01 1.31422540e+00]
 [2.18716828e+00 4.47000696e+00 6.84133037e+00 6.79936141e+00
  5.82647532e+00 9.51675593e-01 1.05187384e+00 1.10993269e+00
  1.68121300e+00 2.34688231e+00 2.13713312e+00 9.49640945e-01
  1.37254341e+00 4.04648486e-01 6.21684736e-01 5.88059891e-01
  4.36859450e-01 1.03472650e-30 3.73179600e-01 1.91476710e+00
  2.47331997e+01 7.84662369e-01 1.67848788e+00 6.18950288e-01
  8.41031956e+00 1.76368835e+00 2.06431658e+00 7.63234653e-01
  4.22952681e-01 2.58615965e-01 3.68573414e-01 2.35773519e-01
  9.41374113e+00 8.23155752e+00 3.12686493e+00]
 [3.90638028e+00 4.85571824e+00 4.98734403e+00 4.02771899e+00
  7.48342496e+00 9.22218997e+00 3.77516655e+00 3.91636933e+00
  5.02995606e+00 4.40697017e+00 1.77364488e+00 1.97217591e+00
  2.01803049e+00 1.80608323e+00 1.67706651e+00 1.64249877e+00
  1.05784383e+00 8.53334738e-30 1.18792100e+00 4.75096007e+00
  3.82040043e+00 3.99874120e+00 2.69085203e+00 2.97161119e+00
  3.34764027e+00 3.47895890e+00 4.29034798e+00 1.73444433e+00
  7.87895312e-01 7.28069702e-01 7.05595749e-01 6.04975912e-01
  1.58431971e+01 1.01616779e+01 1.32591759e+01]
 [6.20244777e+01 5.03608237e+01 1.21764476e+01 3.58428926e+00
  3.34631278e+00 1.82029968e+01 5.47452156e+00 6.65715965e+00
  6.59139582e+00 9.29904592e+00 6.26227194e+00 4.25372791e+00
  6.69054023e-01 7.04863705e-01 1.12643695e+00 1.90822254e+00
  2.76396118e+00 1.69816721e-29 8.43240904e-01 7.33205667e+00
  3.04139304e+00 1.33445921e+00 1.39445178e+00 3.49522904e+00
  2.52955624e+01 1.79396559e+01 3.94138000e+01 1.24803990e+01
  7.68646323e-01 5.33213562e-01 3.76818967e-01 5.21711616e-01
  5.30325450e+01 4.45005248e+01 2.65441428e+01]
 [2.69412855e+01 2.40430026e+01 3.74356692e+00 2.74775257e+00
  8.89070820e-01 1.67442950e+00 1.18731035e+00 1.18141943e+00
  1.91977290e+00 2.14095558e+00 1.64574491e+00 1.43253034e+00
  3.14325860e-01 3.22276213e-01 5.97355339e-01 5.32444223e-01
  1.38701026e+00 5.69205652e-30 4.35619721e-01 2.14255820e+00
  9.58054233e-01 9.99846038e-01 6.25156738e-01 5.15001891e-01
  8.13580666e+00 4.88624128e+00 2.11227648e+01 4.83663285e+00
  3.61565139e-01 3.51553689e-01 2.59117461e-01 2.12461806e-01
  1.33589958e+01 1.75404035e+01 7.22395508e-01]
 [1.30425306e+01 4.05992076e+00 6.33870850e+00 8.23985916e+00
  2.98554129e+00 1.81201003e+00 2.54505853e+00 3.47846986e+00
  2.84986622e+00 2.72604981e+00 2.71483870e+00 3.53698520e+00
  3.07059339e-01 5.34544425e-01 7.69524256e-01 6.22713770e-01
  7.38171546e-01 2.04380112e-29 4.99464642e-01 3.11453636e+00
  2.65429121e+00 4.13813964e+00 1.90380380e+00 2.10380988e+00
  1.23452116e+01 4.91712309e+00 4.05467872e+00 2.27984433e+00
  3.38683578e-01 5.15491854e-01 2.34482636e-01 2.09887796e-01
  1.40936858e+01 2.52879638e+00 5.81813882e+00]
 [1.92631902e+00 1.79053568e+00 2.23082863e+00 2.34266368e+00
  1.53463006e+00 1.70403220e+00 1.97197741e+00 4.94771301e+00
  5.28362720e+00 4.85106747e+00 1.07377122e+00 1.57313017e+00
  6.38850532e-01 7.04179553e-01 1.03081584e+00 1.02657943e+00
  6.04224586e-01 1.26932808e-30 5.66399622e-01 4.43656500e+00
  1.26331805e+00 1.46051583e+00 1.01182476e+00 1.06695336e+00
  1.59769967e+00 3.38181825e+00 2.77556204e+00 1.14916026e+00
  3.34717048e-01 4.10125519e-01 3.97566618e-01 4.19613274e-01
  2.74540635e+00 3.04224925e+00 1.20563055e+00]
 [1.50595492e+01 2.07378071e+01 4.07616484e+00 4.90844338e+00
  1.31094614e+01 1.55097683e+01 4.24579916e+00 4.38739121e+00
  4.80764098e+00 3.99644853e+00 2.14401352e+00 2.34984464e+00
  1.47014602e+00 1.04542297e+00 1.52752129e+00 1.62659562e+00
  1.54991593e+00 2.62867365e-30 8.87424846e-01 4.19496629e+00
  4.91064513e+00 3.41989945e+00 3.00743024e+00 8.54289550e+00
  6.39747212e+00 9.16339716e+00 1.77903969e+01 4.10702888e+00
  7.20106698e-01 6.03596444e-01 5.19148062e-01 4.63715613e-01
  2.36634838e+01 2.31050805e+01 6.24419986e+00]
 [1.53631547e+01 1.27300676e+01 3.99020495e+00 3.88802286e+00
  2.17423465e+00 1.86089054e+00 2.57225183e+00 2.58192342e+00
  5.76654730e+00 5.60156103e+00 2.29425608e+00 2.78468047e+00
  9.65974039e-01 7.18618574e-01 1.75420353e+00 1.31621346e+00
  1.76426824e+00 1.16821807e-29 1.08457818e+00 5.56093579e+00
  3.03431678e+00 2.00669616e+00 1.66783337e+00 1.42222061e+00
  5.55697659e+00 5.98487812e+00 1.12689810e+01 3.94872371e+00
  7.36894952e-01 7.62313964e-01 7.56312053e-01 4.43558699e-01
  1.05105318e+01 6.60145448e+00 4.87051217e+00]
 [2.81769473e+01 3.15859939e+01 3.33280456e+00 4.83818369e+00
  2.38822396e+00 3.10656705e+00 2.35932014e+00 2.98238687e+00
  2.77814705e+00 4.67721568e+00 2.31794777e+00 3.39123906e+00
  9.74286177e-01 1.45379656e+00 1.64977496e+00 1.84836861e+00
  2.32971305e+00 1.13882566e-29 1.16385191e+00 3.13275977e+00
  2.15843646e+00 2.45780073e+00 1.68683252e+00 2.31878430e+00
  7.01865411e+00 9.34080743e+00 2.25056193e+01 5.34004721e+00
  9.24717668e-01 1.24760445e+00 5.54191905e-01 7.37233039e-01
  5.11904261e+01 2.66226991e+01 2.90518379e+00]
 [6.84906559e+00 7.98675783e+00 1.46318494e+00 1.59674276e+00
  1.05619449e+00 1.15219706e+00 1.55268301e+00 1.66738414e+00
  3.44280921e+00 2.11243895e+00 7.54000807e-01 1.29817218e+00
  5.35836552e-01 4.06374954e-01 1.13190911e+00 8.26569560e-01
  7.37626353e-01 6.24029167e-30 5.43324265e-01 2.47482328e+00
  7.39669054e-01 7.36354132e-01 1.00881323e+00 8.96879901e-01
  2.18393538e+00 4.72677006e+00 6.73107136e+00 1.93164762e+00
  3.24173444e-01 3.80492635e-01 4.90877260e-01 2.88061177e-01
  5.95201017e+00 5.04279808e+00 8.45341795e+00]
 [4.81332496e+00 1.03439350e+01 8.98345503e+00 1.23676659e+01
  1.63912503e+01 1.91603066e+01 3.13919538e+00 2.74096872e+00
  2.01460202e+00 2.11416596e+00 4.69215536e+00 7.54109633e+00
  4.56468558e+00 7.74501050e+00 1.25743565e+00 1.13165578e+00
  1.13461675e+00 8.63841297e-30 6.12939568e-01 2.02015933e+00
  7.28800233e+00 3.90966866e+01 4.88579875e+00 6.71102653e+00
  3.43246888e+00 7.15116825e+00 7.04865647e+00 3.80979009e+00
  1.20904728e+00 1.19672349e+00 5.15592958e-01 4.92759164e-01
  4.95788606e+00 1.17350708e+01 6.09329263e+00]
 [6.98322421e+00 8.15656981e+00 3.80998795e+00 3.77474854e+00
  9.34256526e+00 6.47828329e+00 3.86561995e+00 2.63134102e+00
  5.84373582e+00 6.44805160e+00 2.32223343e+00 3.59152960e+00
  2.05306903e+00 9.15893925e-01 1.20246647e+00 1.03235280e+00
  6.84311199e-01 2.21036545e-30 5.74930724e-01 6.52157549e+00
  6.36211540e+00 5.24154921e+00 3.13592877e+00 1.97629927e+00
  1.32194680e+01 1.04062983e+01 6.21163654e+00 1.66173583e+00
  4.32637424e-01 4.01763179e-01 4.31203961e-01 3.09003154e-01
  4.12563017e+00 4.22721712e+00 1.40967673e+00]
 [1.10426470e+01 1.68373592e+01 2.43907058e+00 3.15859671e+00
  2.46150505e+00 6.06914875e+00 2.72003674e+00 4.08180648e+00
  5.09643016e+00 5.20866137e+00 1.30616543e+00 1.82244312e+00
  7.85157346e-01 1.17261666e+00 1.59413734e+00 1.98780558e+00
  1.16424384e+00 3.03932221e-30 9.79452976e-01 5.17855855e+00
  1.81565015e+00 1.97238538e+00 1.77851890e+00 4.35172478e+00
  3.49300631e+00 4.46194477e+00 1.00858777e+01 3.38679413e+00
  5.55829369e-01 6.39082797e-01 6.26229088e-01 7.03377058e-01
  1.23838219e+01 8.68916108e+00 4.98782542e+00]
 [4.95065397e+00 6.69912195e+00 1.33395628e+00 1.12113549e+00
  1.24823573e+00 3.44888096e+00 1.03423471e+00 1.53980416e+00
  1.51177833e+00 2.06622402e+00 6.47846268e-01 7.45933837e-01
  2.35966781e-01 3.06998128e-01 4.76445753e-01 6.24026152e-01
  4.30993142e-01 2.82823463e-30 3.45289366e-01 1.75824300e+00
  6.27151975e-01 5.82957345e-01 5.35364637e-01 6.19781715e-01
  1.68633155e+00 2.09274702e+00 4.69111129e+00 1.19550843e+00
  2.14544532e-01 2.26758034e-01 2.10780387e-01 1.87396004e-01
  2.93940770e+00 3.63061204e+00 1.50651547e+01]
 [1.91608987e+00 2.68024977e+00 2.33069062e+00 2.53831592e+00
  1.29098511e+01 2.05148190e+01 6.00854510e+00 5.29043338e+00
  5.74168008e+00 3.02294211e+00 1.03188991e+00 1.41290161e+00
  1.20593052e+00 1.54748511e+00 1.85361960e+00 1.69844966e+00
  6.76451282e-01 5.50280292e-30 8.37613672e-01 4.20864810e+00
  2.66809223e+00 2.70034769e+00 2.49119218e+00 5.42132645e+00
  1.14270324e+00 1.34773388e+00 1.61724084e+00 1.01392009e+00
  4.90805869e-01 5.62924167e-01 6.92329344e-01 5.95682578e-01
  2.30497631e+00 2.73383533e+00 1.09552008e+01]]