[[ 4.55458171  1.81404917 12.92171594 11.17855604 18.15174834 11.61701196
  65.15602692 73.51086097 74.99633942 74.54426115 17.95828991 19.58173972
  32.23014685 40.75504782 68.50649755 70.4993801  12.00838428  4.98291723
  61.04474052 75.20579818 11.78464886 26.68779172 58.32156241 63.22511661
   2.10210976  1.87039114  4.19366177 16.14510135 23.35240086 19.02679758
  59.27608047 58.26814277  1.12519004  0.95623161 10.57645947]
 [ 4.70828589  4.48039252  2.12327621  2.55982589  6.5609022   5.19468029
  12.8989246   9.02426404 12.37992124  8.50801708  4.92943424  4.7529564
  24.89072184 16.73543419 19.76800958  9.63676271  5.30103685  2.8758689
  10.88777151  9.34344752  4.39316762  4.29452489 18.83717407 10.07679466
   4.5400904   3.65499666  4.17240794  4.473503    7.21492888  6.60753425
  25.17162759 13.29846291  2.71777064  6.02514598  9.40107659]
 [11.46267447  9.33991421 11.4512695   9.10731522 16.30689685 22.75617203
  21.6912923  28.81431604 33.06175855 37.39261142 14.67435219 13.57725091
  28.31057889 35.87636326 35.37284171 38.73589615 14.68434843  2.45907496
  34.84016263 32.44389403 14.80248539  9.03755913 28.01755201 39.95993882
  10.7892175   9.00928272 10.98828014  9.92207346 17.73171933 17.24084069
  45.51884037 36.89270133 10.83029323  6.71156534  2.45670017]
 [ 7.26494993 10.49100439 10.63162214 11.30502533 19.6105399  14.52965734
  37.81331669 44.21168307 42.16214087 45.5488469  10.43942023 10.51175101
  26.9225503  33.79491402 41.1332643  42.7521869  16.02451368 21.45508491
  38.06868059 42.87603776 22.03542427 17.26831608 35.71911728 35.50010789
   6.1917419  11.55793753  9.24133422  8.11270173 14.46032089 16.60948247
  43.2254692  33.71730763  4.23823673  3.66461515 19.7341783 ]
 [ 0.81757933  0.96847751  1.5392209   3.52562944  7.76674224  9.59598987
  17.39195134 14.59254114 14.93432614 12.78627261  2.29777497  3.35632169
  12.28353166 20.06603483 23.04660053 16.6916415   2.49303629  5.10795839
  18.50511826 13.70869954  3.93699495  8.671851   16.11152126 14.76885137
   1.09997327  1.4004578   0.91359245  1.35004169  4.37343511  6.791277
  30.57895408 17.72248337  0.82834136  0.83868553  7.57421715]
 [12.69206915  7.6907298   8.62378424  7.49884388 11.16399139 17.79664948
  18.93308843 22.13142337 20.08403418 21.33509647 11.68155482 11.28441515
  25.55058551 34.05717794 20.86299845 24.67963865 10.13285846 20.73912769
  21.01174808 20.95934625  6.86473358 17.28232491 16.87536457 27.72209178
   8.40761538  5.55181568  9.43797709 10.83633424 12.78358068 14.27787161
  21.7511861  21.20211471  2.40200394  4.211339   13.25350635]
 [14.91230768  5.91492783  5.12804573  3.33909905 13.70667196 13.19467158
  29.57328847 38.05908841 42.53424722 51.49224579 11.34994853  6.95921081
  14.29892929 13.43761297 35.58249137 44.31440323 13.82868175 34.55887021
  42.49135421 48.30043742  1.52046506  4.75419515 22.8086837  19.92379968
   5.20451815  5.54285959  9.48270767  9.7183698  13.40601689 11.94061279
  32.74792595 35.56377423  1.62009287  2.07464829  7.20276048]
 [ 5.56088255  6.34646087  5.2407105   6.02773155 10.27242241  7.66973451
  16.23398113 18.24075615 17.76270532 16.10109133  6.24115924  8.70420855
  10.13590903 12.48632238 21.81387316 17.22530541  8.72618633  4.78241188
  16.78364467 16.22560976  8.1891522   7.83141123 15.87607918 13.55051235
   6.08203793  5.72700559  6.36511688  4.83821097  9.56844067  9.19674107
  20.44999437 17.03098694  6.48826743  3.71938167  4.29389313]
 [ 2.67997514  2.835168   11.04327482  5.71600544 16.74162148 21.43613001
  15.70916161 23.51522702 16.68700076 20.08840251  7.68836283  5.80929703
  21.73974203 19.5971349  18.7364593  22.88675217  5.39419094  4.71497031
  22.09638443 16.29094199 15.75876631  6.46063451 16.33449948 21.27206781
   3.85906713  3.87871221  2.93414365  3.8826401  10.286394    8.21834514
  18.87454907 21.59126898  1.71414999  1.39404984  9.01349111]
 [ 2.7587066   1.92686568  3.2474759   3.89660071  4.53712698  7.06511523
  12.91517868  8.92932528 16.14528758  9.82131546  2.94368059  1.75142985
   9.63447262  7.91496833 25.19339079 22.33760302  5.06943032  2.50997843
  28.11545674  8.68750481  2.6778251   2.75680079  4.28512119  6.5654792
   4.30291193  2.64011422  4.41319586  3.2940307   7.20976259  4.16274203
  20.15478391 19.40950221  1.71266542  2.04777455 11.05600045]
 [17.54520972 18.63725213 21.9110889  19.44772286 34.1192794  30.51673859
  45.23345386 37.26764597 28.02688572 28.87023877 19.0466071  16.45365158
  39.99374652 27.89203545 33.77478039 35.69301843 13.91791308 18.29672322
  31.35717754 26.20689916 27.11753879 22.46604391 39.07969817 31.82245048
  17.55425358 17.876277   16.34526336 14.90913128 19.16949667 18.06556558
  32.81210135 27.26961155 10.42621989  7.09921604 16.69568173]
 [ 6.81343824  6.14124274  3.32155674  3.47137505  5.82670904  7.07877015
  16.04730419 17.18175054 22.30983962 27.6863959   8.59830038  7.38661819
   8.43602211 13.39852041 14.83500115 18.60352039  9.38624511 10.80008794
  16.51650107 25.65555572  6.30424826  7.49519978  9.75215215  9.88540184
   7.82386076  5.75921704  6.06573113  7.74160784 12.12405783  9.51059992
  12.97908872 15.15009263  3.5210791   3.99265876  8.43009044]
 [ 5.62725385  6.40290866  7.94517268  9.58136869  5.35207497 16.06422502
  24.24305963 24.94444736 25.98497421 25.21814297  9.13554975 11.04646662
  20.94328099 20.78971653 22.2812371  27.56963037 10.60514229  8.59930121
  25.85438546 22.16089152 15.25178986 14.23189679 25.435197   22.21502922
   3.97604181  8.59752821  5.97375566  7.68247116 12.77187024 15.43110505
  25.26833237 24.63995473  2.11153556  0.99973821  5.92522183]
 [ 4.14151191  4.20707508  6.81826337  6.72072209 18.49770006 16.57497705
  34.78055665 30.39941121 29.79230483 29.85362945 11.69761466 14.25454596
  28.22955395 25.37745444 40.29408387 33.52541074 13.2407519  11.4859586
  30.852229   25.3517175  13.20802616 14.00062307 31.74497353 27.19182134
   6.67712306  7.81709964  4.39057113  8.83419274 16.00601277 19.91102073
  40.96844825 35.9840773   2.42178101  1.7024113  17.22850768]
 [13.23681221 21.20641507 19.27071025 22.1897517  37.19009952 32.08828935
  52.81522855 53.71096739 56.88080018 57.25253939 31.95324712 34.58671297
  49.70382402 41.4568346  59.55267847 59.8421566  38.61265719  7.54242527
  62.28696699 55.84399295 29.33805875 30.62310632 50.49149965 46.89251125
  19.96887947 23.36114884 17.66090028 27.68424389 38.86977114 40.52413251
  61.27246193 59.3080765   5.25988289  5.67004998 21.60410791]
 [ 7.47523526  5.62204339  5.96013726  4.98914867  5.87774184  5.80160031
  15.31675245 16.60311073 28.26867522 24.93786962  7.36895376  6.88673468
   8.29604406  7.17520441 17.59503961 19.55688066  8.05902671  9.2230331
  17.97035934 26.6187219   5.66633531  3.28594939 11.70591095  3.85143602
   8.20776858  5.64681212  6.42962585  6.38253014  9.09314173  8.35789695
  13.92293708 15.21973495  5.77575365  5.13160424  6.57876934]
 [11.14681822 10.97253352 10.25261615 10.15318722 15.29765587 15.39532469
  27.2307041  22.61777746 31.68492393 24.93494923  9.93533089 10.29265523
  17.63227943 18.37287353 33.04490005 26.54947669  9.3014334  19.83336787
  28.34656551 29.48248717 11.11421598 13.59855557 24.12459325 21.28560346
   8.60004522  8.54059714 11.14469431 12.39701554 10.61374672 14.056019
  29.22494569 23.91461409  9.10254388  3.26922222  5.07981785]
 [ 8.57871653  7.57662933  7.05078566  7.16450881 16.87896285 11.87786689
  28.14933864 29.22985566 28.25896253 26.94350117 11.5017444  13.43766103
  22.144012   25.90915614 30.33404809 32.90995445 16.22773222 17.22372313
  30.31111502 25.24193613 12.13861644 13.60963688 25.95849546 27.27343487
   9.86599707  9.55468367  8.72513588 11.46969423 15.97202698 18.48587824
  32.1728433  35.16071688  5.47733861  3.46191342  4.49978209]
 [ 5.00567131  4.26964682  9.20659379  8.11281228 22.03570505 12.4185991
  23.96688066 18.65944508 30.87932891 26.71680552  9.73087951  9.08960207
  21.66380807 17.68784799 34.41820909 28.68408107 10.26553405 12.58416699
  40.61542479 30.22451084 15.4250362  12.19011717 27.74585593 17.20322028
   6.37048954  6.64454706  5.20251982  7.06051199 11.42001564 14.1867859
  37.70307283 20.61452785  3.47028502  2.06144005  4.56446508]
 [ 1.97808375  1.50864872  0.33847012  0.28775693  0.64442798  1.19962813
   8.48694351  3.25875123 13.20239308 10.82419717  4.90602595  3.78766817
   5.23548038 22.15528342 16.9641299  18.76096873  2.57857642 14.83006493
  14.95431347 11.3682882   0.39599322  0.71328474  8.72293554  2.22078564
   2.38810906  3.00453761  7.93923085  0.40167158  6.26272625  6.96530217
  17.92135566 20.12101277  6.98258858  2.87364873 24.73206386]]