[[ 1.03597707  0.57624768  2.16496379  1.79771282  2.82674595  1.45365796
   4.25155456  3.91656568  3.67518602  3.80686285  4.48206873  5.07315361
   9.05149632  8.41415725  5.70758399  5.29516422  3.59758384  1.09131894
   6.15722398  3.64101105  2.54862013  4.57263163  6.02536217  5.55807232
   0.62024237  0.54701637  0.99244638  3.70634531  7.09228243  6.75934795
   7.68088226  7.62837356  0.36472193  0.33188018  4.61455572]
 [ 7.59091294  6.66159136  4.22482277  4.3025161   5.96097921  9.06980578
   5.88812744  5.97045587  5.57598115  7.10351917 12.09754852 14.69292242
   4.85062017  7.49626751  5.79106432  6.02540473  7.45894794  4.05375077
   5.70306523  6.2958178   6.56286168  9.5997801   5.12039247  7.77529638
  12.32238426  8.0659296   7.44420324  8.44042737  8.0503244  10.34362056
   5.77155722  6.20293794  4.33068813  8.08229873 18.59702273]
 [17.79841037 21.58291482 15.29092989 33.64918137 23.8870385  22.48408517
  24.23561962 20.11216542 20.7041905  18.07503139 19.30230868 24.03193025
  25.61786309 27.51447991 25.63167902 20.96527053 17.94024841  2.12079601
  22.9547358  19.60696225 20.71577595 44.31819362 25.65509425 21.48307867
  25.09140776 32.36592757 19.69319831 22.00109666 21.38294502 25.63570245
  23.14730661 22.47163645 21.95539632 26.96156227  2.11844482]
 [41.33701649 33.96199844 24.32777429 17.60232918 36.55995123 42.88191153
  18.01961041 13.44581863 14.43950267 14.42055145 37.55822622 41.4722469
  25.44662548 18.52946304 14.88863185 13.2050403  29.03320879 29.12835588
  15.43534677 15.12006415 19.91650611 37.42552292 19.55644354 18.15057175
  37.88209451 36.54511514 22.7419383  33.7669157  33.79955003 39.68044225
  14.99701926 16.87874304 23.33804359 18.3616023  18.26261952]
 [ 0.86816555  1.15104335  1.7198411   3.02777087 30.77623955  9.54591848
  16.35715647 12.29195459 16.54510391 12.96631333  2.61498709  2.80467433
  17.44570491 13.95495817 16.83152421 12.26747918  2.01405403  5.19554785
  11.70446703 14.27499519  5.5505502   7.19645184 24.34032907 11.89343214
   1.18139201  1.44126749  0.97379854  1.27815215  4.58600645  5.33548931
  18.83891709 11.34830713  0.87997411  1.01161694  9.74835626]
 [10.5215979  11.10170056 11.73107576 14.15420807 14.49179965 10.28965935
  10.0058976  11.59084961 10.53862799 12.52617646 14.65509139 12.4433238
  14.3495474  11.9404768  10.73979598 10.93381659  7.10857979 16.57216143
  10.86660004 11.73462808 26.465682   10.83883945 12.13446583 11.35984058
  20.87163632  6.57197593  8.1709414   8.14472423  9.87109672 12.08094387
  11.41513902 11.29622389 10.4005414  20.68874837 17.22843918]
 [ 8.39582377  4.58042388  3.84118669  2.63210043 10.59524259 10.43184491
  10.7902115  12.31699836  9.84397346  9.97553246 10.25700922  7.29539572
  13.23968118 12.87667894 11.8757441  11.14392406 12.18013107 11.24791674
   8.89425151 10.32943253  1.25725326  4.96179967 11.32149539  9.78964903
   3.82564498  4.80948053  6.07734354  7.42592346 15.02040277 15.45401291
  13.1600924  12.24473282  2.54976715  3.62091747 10.83867687]
 [ 8.93548941 10.54301136  7.65610305  6.9297386  11.84308643 18.09879638
  16.61402688 17.13425351 15.36679653 16.63760608  9.50320163 12.12310642
   8.55980348 11.44019432 12.37323158 12.18201449  9.05962494  9.01374981
  10.08960285 15.10855485  9.95832915  8.55420213 11.38231346 15.23748049
   9.51137308 10.09892786 10.0046896   6.2905339   8.71273848  9.79350055
  11.50283857 10.2805755   9.34208268  6.33769478 13.24313675]
 [ 1.75802442  2.06072451  7.05633697  3.98758697  7.42332042 12.47473333
   6.50507404  6.48026399  6.54929449  7.19075726  4.20112555  3.97733095
  11.13100026 14.73385986  7.85087409  8.20359413  2.81807826  2.86799476
   7.08840205  6.94522817  7.74012623  4.60109116  7.76960521  9.58991997
   3.03378916  2.51669599  1.95767509  2.16952613  5.58437706  6.34788565
   8.98786667  9.02147027  1.27667985  0.98820087  6.62861965]
 [ 7.95254033  2.43569611  6.18517715  6.04137331  4.14106413  5.81253768
   4.85014724  4.00715504  3.11171941  2.55210317  4.53486228  2.24989374
   7.03209978  6.39888491  5.14542051  4.76726884  4.99922537  1.40531512
   6.21691101  2.66624343  3.182577    3.59150063  2.56747415  4.55642583
  12.63972875  3.38233762  5.79523353  3.96233834  8.00256434  4.9568856
   7.28612722  7.76579023  3.50003906  3.26895407 13.39316038]
 [ 8.37041934  9.29203446  8.6772625   9.14292985  8.17715302  9.55373706
   9.69187602 13.65928219 14.95992207 15.0500451  13.07528816 14.87362717
  23.0447427  18.28178284 14.1049087  15.03062933 10.04478124  8.38329313
  14.60990892 14.63990924 10.94407064 11.87477513 12.08067389 13.2558989
  10.25988573 14.18081439  9.76992167 10.08971256 13.81114994 14.23251518
  18.39120936 16.87645296 11.84451906  6.88058771 13.93021873]
 [ 8.88163068 10.07422564  3.50201797  4.28594235 11.5657058  17.96994071
  10.28747423 12.01763948 10.08610612 11.41022311  9.34039864  8.78922435
  11.78579228 15.1598855  11.81582508 14.1883554   8.60447088 10.19507278
  14.15582116 11.86826859  7.13672854  9.30716729  9.34551931 14.74925474
  10.93451869 10.18268633  8.94696365  8.42771939 11.79096349  9.9911501
  14.97310726 14.69753228  4.39305224  5.6787117  15.266993  ]
 [ 7.09054439  7.15103908 10.97742905 15.14500211  5.8341933  20.98070437
  22.34758394 21.76405471 26.10335119 24.82561983 14.51373169 18.64189835
  26.29339772 28.69959523 21.98101653 25.15380857 15.21549444 11.27145104
  27.64825615 25.26028265 21.226191   24.77275068 26.16125165 24.31801364
   5.49586156 11.34258564  6.98455113  9.84134489 19.72690817 25.4745024
  29.34451791 27.2444566   3.8480519   1.21252555  7.65061011]
 [ 3.28168099  3.40703782  2.70201294  3.05747578  6.97534303  6.21842927
   9.10541057  8.75230501 11.36288493 11.75311697  4.9762384   5.90261317
   9.70217931  8.59988205  8.73726901 10.45456502  4.7665692   4.04036159
   9.48676527 11.18172819  4.93728706  5.30695666  8.58728318  8.57533753
   3.67287647  4.44601514  3.22116156  4.03446785  7.55373314  8.25796297
   8.41870757 10.20791447  2.74592017  1.80755132 16.09178325]
 [ 4.90993816  7.55349746  5.21068595  5.32730227  8.9525161   8.87716496
   7.2437139   7.22520498  6.87651436  6.87694552  8.38951176  8.86297418
  10.20480475 10.89715321  7.00999156  6.52727678  7.3405294   7.32513948
   5.60103352  7.14554948  8.02230721  8.13837228  8.49535376  8.98353496
   5.66900258  7.26194287  5.94672063  6.65644082  9.15974426  9.33888896
   7.3253072   7.31773604  3.9598774   4.30035494 13.49170905]
 [ 5.23350988  4.90655117  7.51075805  9.18048729 12.37663353 25.10744072
  11.47712208 11.60574077 12.27585115 12.2933398   9.60658747 11.39975871
  20.14131446 28.01544346 10.41941706 10.87163645  7.17139985 10.34870421
   9.0200689  12.45276672  7.98998824 15.15158547 13.49005032  6.33662686
   7.30016571  6.11771532  5.29772638  6.33015578 10.81683443 11.83932162
  10.44384495 11.14989668  5.20923372  5.03421524 10.30557817]
 [11.15677858 13.80104668  9.63963599  8.03572114 24.29941074 28.32184098
  15.26307551 12.98681948 13.62909733 15.69253568 18.8923273  15.94109297
  16.02890931 16.32897271 11.42771671 15.3068295   7.45000894 14.55434242
  10.23140618 14.82110182 21.81204069 17.24795918 16.16222754 19.78552471
  29.16987998 17.23072703 11.77737723 10.73731202 12.01852826 11.71925617
  11.687639   13.10076387 21.26798086  6.74806806  8.81232392]
 [ 6.33552265  6.27549098  4.85106461  5.65512823  9.26624469  8.50942063
  13.52297697 15.1996592  15.03723447 15.4508235   9.11237403 11.29351634
  11.54345328 14.09006526 12.9464964  14.51811976 10.49545525 10.36714698
  11.78389568 15.14309503  8.70310875  9.84327606 12.32047167 14.4026214
   7.08870645  7.30423757  6.75510179  8.14826632 12.79434899 15.82370491
  12.3137262  13.7536032   5.75056741  3.22235554  5.63170321]
 [ 4.56237088  4.54480946  5.52694211  6.92722514  7.33306311 10.84771651
   7.02769978  7.7566785   6.98169641  7.51036447  7.33360383  7.13441654
   7.7881709  10.35623746  6.93898828  7.53328003  6.83396767  6.36522036
   7.23445542  6.87304181  7.03899257 10.03354946  6.70584391  7.50774187
   5.20531783  6.12374021  4.93166646  5.44075102  7.71374393  8.23082749
   8.23237484  6.60357305  3.69862395  2.58962658  6.27248438]
 [ 1.92165984  2.0478251   0.37671719  0.34231167  1.56251791  3.27565704
  10.86060109  4.31287667 11.72331595  8.59440581  5.16759894  4.87036114
   3.92937857 14.53948729 11.81816187 16.20667153  2.65413539 13.01118535
   9.25782162  8.94734022  0.49522407  0.96526599  7.32726077  2.50153311
   2.57470826  3.97571746 10.07085628  0.55054653  5.96442951  8.20441272
  10.86992353 12.99068934  6.60826799  4.44668424 24.45990432]]