[[1.57668317e+01 1.81975590e+01 1.42800993e+01 1.54602949e+01
  1.47592005e+01 1.93152951e+01 2.81952230e+01 3.87782335e+01
  3.70003417e+01 2.98877714e+01 7.83937975e+00 7.36990492e+00
  4.95259892e+00 3.61283795e+00 1.24117432e+01 1.32392345e+01
  5.45598690e+00 2.10759089e-29 7.59063888e+00 2.96353032e+01
  1.01724271e+01 9.41330906e+00 1.24885462e+01 1.33554513e+01
  1.01159160e+01 1.52726328e+01 1.49285054e+01 8.50177644e+00
  3.04338535e+00 2.31781685e+00 3.42656173e+00 2.61366769e+00
  5.29021659e+00 5.49957123e+00 6.86871194e+00]
 [1.65045923e+01 1.50963452e+01 2.05383946e+01 2.01868412e+01
  1.83918554e+01 1.86297105e+01 1.74993665e+01 1.97654614e+01
  1.72447085e+01 1.75281486e+01 1.07983292e+01 1.18415409e+01
  5.55144946e+00 7.22583167e+00 9.11100262e+00 1.08992017e+01
  8.10446369e+00 2.20096738e-28 6.31785222e+00 1.72919742e+01
  1.40784738e+01 1.46346661e+01 1.19744235e+01 1.38711366e+01
  1.41614343e+01 1.44815813e+01 1.58908074e+01 1.22466912e+01
  5.37572839e+00 3.81574580e+00 3.88238885e+00 4.15330341e+00
  7.11490914e+00 7.16380240e+00 3.94825896e+00]
 [8.44532618e+00 8.29207723e+00 9.63027643e+00 8.62584080e+00
  8.56859657e+00 7.67773611e+00 1.13073317e+01 1.04271385e+01
  1.13207906e+01 9.66444279e+00 3.64487630e+00 3.33503439e+00
  1.97696221e+00 1.90908980e+00 4.59091874e+00 4.20443862e+00
  2.36253531e+00 3.95897776e-30 2.95236211e+00 9.69163553e+00
  5.21113429e+00 4.66542068e+00 5.50084617e+00 5.16595971e+00
  7.16914667e+00 6.58480456e+00 8.10049675e+00 5.02151083e+00
  1.14716325e+00 1.33379936e+00 1.57133783e+00 1.38922142e+00
  2.79899696e+00 2.95563103e+00 7.29436268e-01]
 [1.11920161e+01 1.25696034e+01 1.07632232e+01 1.25222309e+01
  8.27862359e+00 1.08377754e+01 1.01350882e+01 1.22394198e+01
  1.31095181e+01 1.20660389e+01 3.66125485e+00 6.03215181e+00
  1.61535114e+00 2.42581235e+00 5.11420708e+00 5.43754277e+00
  2.95561312e+00 2.84082971e-30 3.85860196e+00 1.11081711e+01
  4.81364878e+00 7.16086619e+00 5.32704663e+00 6.55285674e+00
  7.69973815e+00 9.18484442e+00 1.03677611e+01 5.99256837e+00
  1.39289453e+00 1.94067835e+00 1.76750777e+00 1.53092924e+00
  3.88552027e+00 4.84571322e+00 2.19599541e+00]
 [1.69276731e+01 1.62413106e+01 2.00386141e+01 1.70973081e+01
  1.71110538e+01 1.69849440e+01 2.28682318e+01 2.68522554e+01
  2.55927190e+01 2.61082682e+01 7.83632576e+00 8.48811868e+00
  5.02990350e+00 4.51519038e+00 1.28492036e+01 1.29197449e+01
  5.13158558e+00 6.65525961e-30 7.67366356e+00 2.51243366e+01
  1.11999861e+01 1.08498815e+01 1.27367863e+01 1.29503777e+01
  1.20237345e+01 1.10158556e+01 1.51634549e+01 9.03316243e+00
  2.87679654e+00 2.85984963e+00 3.27908958e+00 2.95877889e+00
  3.85266943e+00 2.82147330e+00 4.96702728e+00]
 [1.23503268e+01 1.31320564e+01 1.07289266e+01 7.56941189e+00
  8.41999097e+00 5.59651064e+00 7.83131988e+00 6.75600116e+00
  8.50263120e+00 7.35484849e+00 3.60864960e+00 3.80734451e+00
  2.52983518e+00 1.75892434e+00 4.02361434e+00 3.28268976e+00
  2.82101992e+00 1.04784139e-29 2.20162869e+00 7.66748737e+00
  5.75803578e+00 4.08659729e+00 5.19425102e+00 3.97064272e+00
  8.35592869e+00 6.40605439e+00 1.19180125e+01 4.89742830e+00
  1.59192874e+00 1.30318676e+00 1.46858418e+00 1.04503708e+00
  1.24475518e+01 1.18470525e+01 1.34378732e+01]
 [1.85057538e+01 1.70754636e+01 1.84746037e+01 1.70350170e+01
  1.76210700e+01 1.60045993e+01 2.69761999e+01 2.87586533e+01
  3.27187057e+01 3.70501324e+01 8.75206370e+00 9.36643278e+00
  5.87443203e+00 5.54248865e+00 1.37752808e+01 1.38847712e+01
  7.49383960e+00 1.84373127e-28 1.43636622e+01 3.14316920e+01
  1.24169211e+01 1.08094762e+01 1.44563608e+01 1.32862285e+01
  1.30142615e+01 1.27454103e+01 1.66194321e+01 1.08053258e+01
  4.43292131e+00 4.36989427e+00 4.69715851e+00 4.17122882e+00
  1.10551262e+01 1.09135409e+01 3.44273318e+00]
 [2.25672797e+01 2.16602697e+01 2.20004946e+01 2.07868904e+01
  1.93815846e+01 2.07567339e+01 3.40065781e+01 4.11132947e+01
  3.57977547e+01 2.86547923e+01 1.07605542e+01 1.19442731e+01
  7.10302848e+00 6.11287905e+00 1.92627560e+01 1.76941520e+01
  9.80417120e+00 1.56246202e-28 9.04452116e+00 2.80466076e+01
  1.36961237e+01 1.31960101e+01 1.50494866e+01 1.72259018e+01
  1.75490405e+01 1.70448024e+01 2.15697441e+01 1.55777222e+01
  4.49401864e+00 3.87820400e+00 5.11544793e+00 4.95482837e+00
  3.06829415e+01 3.03743067e+00 6.65528100e+00]
 [9.31277396e+00 8.95845271e+00 8.57247111e+00 8.57847307e+00
  8.69879184e+00 7.73560735e+00 9.90217451e+00 1.06305498e+01
  9.12749486e+00 9.25134494e+00 3.95601741e+00 4.22244583e+00
  2.76775163e+00 2.27203696e+00 4.82427501e+00 4.31480024e+00
  3.01784993e+00 6.52408710e-29 2.90179896e+00 9.21933421e+00
  5.57279142e+00 5.25795635e+00 6.12927447e+00 5.16097129e+00
  5.51194211e+00 5.90310470e+00 7.76406450e+00 4.58435621e+00
  1.78177936e+00 1.65797631e+00 1.99828114e+00 1.40564171e+00
  3.63424680e+00 4.30826846e+00 4.52191606e+00]
 [1.25966419e+01 9.59592952e+00 1.08161270e+01 1.37265786e+01
  1.09295645e+01 7.43593048e+00 1.39223509e+01 2.46796278e+01
  1.68775597e+01 3.00413768e+01 4.88606851e+00 2.92388648e+01
  2.78009231e+00 3.06659529e+00 7.72179160e+00 8.51161405e+00
  2.58996409e+00 7.06653310e-30 8.37700577e+00 2.83046099e+01
  1.40937081e+01 1.07726849e+01 1.82548504e+01 1.20492124e+01
  9.69847807e+00 2.24439328e+01 1.03512181e+01 4.70955792e+00
  1.65008099e+00 2.94992392e+00 2.98866727e+00 2.43408571e+00
  4.83658459e+00 3.77627222e+00 2.11549211e+01]
 [1.11439033e+01 1.12464854e+01 1.36013282e+01 1.28589229e+01
  1.43965629e+01 1.16905966e+01 1.92080929e+01 1.59538086e+01
  1.62774143e+01 1.50862747e+01 5.08345159e+00 5.29728465e+00
  3.01947589e+00 3.19487742e+00 6.27008461e+00 6.26027641e+00
  3.43210584e+00 1.45557460e-29 3.09267671e+00 1.38235355e+01
  8.23312704e+00 7.68634007e+00 8.02866700e+00 7.53681836e+00
  8.26983467e+00 9.07135579e+00 1.01645164e+01 5.63343025e+00
  1.82629636e+00 1.73110763e+00 1.92472599e+00 2.06693463e+00
  3.73840206e+00 4.15475178e+00 2.59605324e+00]
 [2.62770590e+01 2.72547174e+01 3.24895392e+01 3.01711378e+01
  2.90265389e+01 2.68806000e+01 3.00642200e+01 2.84987221e+01
  4.69351523e+01 4.29387126e+01 1.56167924e+01 1.56747810e+01
  9.52623001e+00 8.30611607e+00 1.76791048e+01 1.60626748e+01
  1.53023222e+01 4.22220237e-29 1.05351566e+01 4.15475223e+01
  2.31685435e+01 2.01212209e+01 2.08516289e+01 2.03504877e+01
  1.99680500e+01 1.88866861e+01 2.77699967e+01 1.66349400e+01
  8.45462669e+00 9.08817368e+00 5.64175913e+00 4.81437850e+00
  5.13075346e+00 3.81423948e+00 1.32663423e+01]
 [6.54582649e+00 6.76085950e+00 7.59290165e+00 6.11718834e+00
  7.22214375e+00 5.47288708e+00 7.63362356e+00 7.19298605e+00
  7.73200410e+00 7.37574586e+00 3.04803609e+00 2.86284999e+00
  2.34182672e+00 1.57466195e+00 4.03998307e+00 3.46189941e+00
  1.97231656e+00 1.35464822e-29 2.48269067e+00 7.04222966e+00
  4.00611400e+00 3.43702490e+00 4.86849937e+00 4.04856671e+00
  5.15931431e+00 4.02702723e+00 6.43725946e+00 3.30344840e+00
  1.38286357e+00 9.77302922e-01 1.56639302e+00 1.04780353e+00
  2.44937055e+00 3.58098474e+00 1.15739458e+01]
 [1.21942539e+02 1.29173152e+02 1.14306867e+02 1.18681650e+02
  1.06975393e+02 1.04759844e+02 1.30386870e+02 1.53322603e+02
  1.22414483e+02 1.40650768e+02 6.99883109e+01 7.65438512e+01
  2.94642592e+01 3.05152418e+01 8.84973099e+01 5.80557877e+01
  6.44643463e+01 1.47037528e-28 6.27480904e+01 1.13838745e+02
  7.51770998e+01 7.69443929e+01 8.02787259e+01 7.20624731e+01
  8.76169965e+01 9.82903051e+01 1.20635332e+02 8.44026698e+01
  3.23152340e+01 3.14704376e+01 3.76719847e+01 1.99394028e+01
  2.19019940e+01 1.59214812e+01 3.29074878e+00]
 [1.01601394e+01 9.48246953e+00 9.09873373e+00 8.88906719e+00
  9.93516923e+00 7.94417591e+00 1.49764312e+01 1.54141555e+01
  1.50492647e+01 1.51827044e+01 3.24793718e+00 4.14066605e+00
  2.94571598e+00 2.69266350e+00 8.28491309e+00 7.00419195e+00
  2.82996067e+00 3.02457172e-29 3.38721132e+00 1.25075068e+01
  5.27563178e+00 5.37283997e+00 8.44416288e+00 6.49584463e+00
  6.46875512e+00 7.63030191e+00 9.91423176e+00 7.44155360e+00
  1.57832520e+00 1.70134582e+00 2.69061165e+00 1.70423854e+00
  8.57718681e+00 8.56898091e+00 9.23440817e+01]
 [2.09703703e+01 2.69873185e+01 2.56352728e+01 2.44119972e+01
  1.87023522e+01 1.57726110e+01 1.97435333e+01 1.91367988e+01
  2.41271453e+01 2.38900737e+01 9.37004171e+00 1.40101396e+01
  4.14303488e+00 4.30915041e+00 9.53651276e+00 8.06389220e+00
  5.20344166e+00 2.79154177e-28 5.62316496e+00 2.22655399e+01
  1.08314028e+01 1.10054302e+01 1.14277248e+01 1.14922259e+01
  2.75248944e+01 4.21652696e+01 1.88504314e+01 1.66470995e+01
  3.03460219e+00 2.15018107e+00 2.98623332e+00 2.47779774e+00
  1.86155352e+01 8.96417588e+01 7.58811571e+01]
 [9.72476861e+00 9.63982686e+00 9.71539915e+00 8.62310553e+00
  9.81364236e+00 7.80441919e+00 1.09110189e+01 8.74750247e+00
  1.12669471e+01 9.26278917e+00 3.48990682e+00 4.28815375e+00
  3.57727798e+00 2.81604342e+00 6.87538394e+00 4.20463757e+00
  2.53428264e+00 5.45323832e-29 2.87635220e+00 9.97924791e+00
  6.80012653e+00 5.64765784e+00 7.09178298e+00 5.25411713e+00
  6.13250768e+00 6.42448560e+00 8.59068959e+00 4.16549529e+00
  1.61610538e+00 1.40858182e+00 2.21950053e+00 1.33478505e+00
  3.03147470e+00 2.63293398e+00 2.00667843e+00]
 [7.78561961e+01 7.14987505e+01 9.34068975e+01 6.80530656e+01
  9.32907589e+01 7.81050186e+01 8.37369341e+01 9.64815230e+01
  7.89518577e+01 7.74893121e+01 3.15825121e+01 3.20951820e+01
  2.07057049e+01 2.17599865e+01 4.40954892e+01 3.59124916e+01
  1.87726316e+01 1.68639717e-28 2.63300813e+01 6.66652171e+01
  5.22183934e+01 4.43960688e+01 5.28032572e+01 5.32266741e+01
  4.81730492e+01 4.45122566e+01 6.22937376e+01 3.70019517e+01
  1.12461860e+01 1.01988757e+01 1.71304987e+01 1.25027851e+01
  1.98025563e+01 1.55445084e+01 3.89629975e+00]
 [3.89022554e+01 3.38138481e+01 4.14115576e+01 3.24475557e+01
  6.50616400e+01 5.42701864e+01 7.58821138e+01 6.68395745e+01
  6.63427519e+01 6.04474027e+01 2.59324415e+01 2.02157971e+01
  1.73572041e+01 1.09753593e+01 3.97141270e+01 3.29776862e+01
  1.98255858e+01 5.20652001e-29 2.00666275e+01 6.14007629e+01
  3.24881400e+01 2.35196905e+01 5.58961831e+01 4.35490264e+01
  3.15300207e+01 2.68173775e+01 3.41461990e+01 2.62876056e+01
  1.21606190e+01 9.36471430e+00 1.35495994e+01 9.11479048e+00
  9.63377820e+00 8.49407448e+00 4.69156139e+01]
 [2.94400450e+01 3.52152507e+01 7.23831553e+01 3.90797017e+01
  4.26473145e+01 3.15633978e+01 3.49651242e+01 4.09923737e+01
  4.07717804e+01 4.91528767e+01 1.14103470e+01 1.12212770e+01
  6.45950504e+00 5.58975570e+00 1.66807489e+01 1.42047539e+01
  6.88593081e+00 2.59745603e-29 9.62945186e+00 4.40573289e+01
  2.78635791e+01 1.27998450e+01 1.67505546e+01 2.09013805e+01
  3.60586524e+01 2.58976225e+01 2.10364877e+01 2.74194307e+01
  3.76505079e+00 3.52593452e+00 4.43484331e+00 3.44246369e+00
  1.44090016e+01 1.39552035e+01 1.03713491e+01]]