[[6.25232732e+00 7.75344551e+00 6.19532979e+00 6.16017643e+00
  8.11657747e+00 9.38581454e+00 1.25625502e+01 1.77652873e+01
  1.96777308e+01 1.50504618e+01 3.48491234e+00 3.74185970e+00
  5.21989206e+00 3.26703953e+00 9.19888130e+00 9.00234021e+00
  2.34705777e+00 1.51147224e-29 5.51057625e+00 1.52848515e+01
  6.08021656e+00 5.78217914e+00 8.17657055e+00 9.39526853e+00
  4.44851321e+00 6.37666184e+00 6.10135804e+00 3.24454655e+00
  1.32595360e+00 1.19989687e+00 2.77524165e+00 2.20322814e+00
  6.01671633e+00 3.86326753e+00 4.84632027e+00]
 [5.25760222e+00 3.95557926e+00 5.23241129e+00 5.52693289e+00
  3.66242933e+00 4.62236057e+00 3.88734733e+00 5.99031133e+00
  5.06183624e+00 5.85910813e+00 2.47989031e+00 3.23295366e+00
  1.31540981e+00 1.68069372e+00 2.54563074e+00 3.08190973e+00
  1.45306612e+00 5.15483744e-29 1.56298115e+00 5.23111177e+00
  3.20464340e+00 3.56613434e+00 2.67063291e+00 3.57348911e+00
  3.53653822e+00 3.72576069e+00 4.36772939e+00 2.37411948e+00
  1.12891191e+00 1.01915466e+00 9.87780828e-01 1.01918213e+00
  8.48000664e+00 7.62152298e+00 3.00869903e+00]
 [1.37912948e+01 1.24542061e+01 1.34530965e+01 1.29334297e+01
  1.66071026e+01 1.33164761e+01 1.80590198e+01 2.13885661e+01
  2.55651872e+01 2.36862694e+01 6.40913320e+00 5.65307835e+00
  5.40093570e+00 5.00426336e+00 1.20624071e+01 1.17264937e+01
  3.64636983e+00 6.53125384e-30 7.83060328e+00 2.16065744e+01
  8.91962754e+00 8.56631371e+00 1.22399262e+01 1.23632886e+01
  1.02718301e+01 1.01323524e+01 1.32074740e+01 7.44472805e+00
  2.95728110e+00 2.61532256e+00 4.72296126e+00 3.64105448e+00
  2.57753211e+00 3.25051785e+00 1.04706879e+00]
 [1.45321469e+01 1.55387052e+01 1.11005278e+01 1.18101532e+01
  1.14285261e+01 3.65080257e+01 1.33935640e+01 1.89513811e+01
  2.20200689e+01 2.23674245e+01 4.94738302e+00 8.41512486e+00
  2.15665601e+00 2.81521395e+00 6.72100040e+00 8.22070381e+00
  2.67421804e+00 3.57269155e-30 4.14075626e+00 1.83978198e+01
  6.59652521e+00 8.25853617e+00 6.95132964e+00 9.63470266e+00
  1.19946838e+01 9.67524208e+00 1.11311460e+01 6.89593177e+00
  1.57154488e+00 1.92511312e+00 1.82199599e+00 1.88307769e+00
  4.24835385e+00 3.96624734e+00 4.47783901e+00]
 [1.27103803e+01 1.24253973e+01 1.43575395e+01 1.19213300e+01
  3.29863174e+01 1.72536723e+01 1.71174329e+01 1.83148554e+01
  1.79725152e+01 1.55815435e+01 7.24057220e+00 7.27020240e+00
  5.33638735e+00 4.47376144e+00 1.00563407e+01 9.41566321e+00
  4.81016650e+00 8.28495517e-30 5.62414828e+00 1.57417476e+01
  1.04420489e+01 8.30424580e+00 1.28008349e+01 9.97622213e+00
  9.31287719e+00 9.02577205e+00 1.15590685e+01 7.38088374e+00
  3.10826825e+00 3.00104974e+00 3.71269705e+00 2.91323934e+00
  2.34239764e+00 1.44927445e+00 6.74764567e+00]
 [6.13021212e+00 5.98958566e+00 8.27078673e+00 7.63783275e+00
  1.20572101e+01 6.71328832e+00 5.97332196e+00 1.05026631e+01
  1.29504323e+01 1.21842851e+01 2.77366011e+00 2.36068698e+00
  6.16949629e+00 1.85483015e+00 4.04233147e+00 3.63937519e+00
  1.33023836e+00 1.14911834e-29 1.97454849e+00 1.18822482e+01
  1.46898585e+01 9.04417713e+00 7.40426387e+00 4.74434948e+00
  5.13267431e+00 3.63456733e+00 5.47041778e+00 2.39872127e+00
  1.05352459e+00 8.60310400e-01 1.34627714e+00 9.10000345e-01
  4.89696055e+00 2.98957417e+00 1.78335464e+01]
 [1.43436203e+01 1.28229829e+01 1.35492517e+01 1.29839750e+01
  1.44625967e+01 1.43351107e+01 1.95614118e+01 2.02077212e+01
  2.76555338e+01 2.90237682e+01 7.67981677e+00 7.63542363e+00
  5.99058797e+00 5.67176356e+00 1.24551089e+01 1.29114892e+01
  4.86817556e+00 1.73642413e-28 1.00432884e+01 2.73550850e+01
  1.02320469e+01 9.19133973e+00 1.20095890e+01 1.16234274e+01
  1.03430213e+01 9.75700327e+00 1.35043188e+01 7.60516724e+00
  4.81689380e+00 3.87053712e+00 4.97188348e+00 4.51853623e+00
  2.58228927e+00 2.71518356e+00 4.51591474e+00]
 [4.77979909e+00 4.79740051e+00 5.64611329e+00 5.66701027e+00
  6.67942270e+00 6.68539644e+00 8.92573369e+00 1.40107448e+01
  1.11427912e+01 1.46283954e+01 2.85934398e+00 3.41482462e+00
  3.03866571e+00 2.61696828e+00 6.35065659e+00 7.62974006e+00
  2.04260087e+00 4.12445545e-29 3.72699808e+00 1.16992322e+01
  3.62189968e+00 5.53642970e+00 4.92462256e+00 6.72749281e+00
  4.00670955e+00 4.50955368e+00 4.29246743e+00 3.02485101e+00
  1.32299110e+00 1.40610708e+00 2.24813940e+00 2.02445897e+00
  6.60020019e+01 2.68491025e+00 4.13155871e+00]
 [5.89422384e+00 5.66962060e+00 4.61499130e+00 5.63440244e+00
  5.04872118e+00 4.71537340e+00 7.53004045e+00 6.36459992e+00
  7.88162700e+00 8.46330136e+00 2.70656788e+00 3.09266953e+00
  1.95363899e+00 1.82759958e+00 4.12784480e+00 3.53148567e+00
  1.93971943e+00 4.26932606e-29 2.66032502e+00 8.38219227e+00
  3.37676159e+00 3.71478250e+00 4.31077540e+00 3.62524509e+00
  3.73708768e+00 3.97688506e+00 4.82410811e+00 2.87579256e+00
  1.21548818e+00 1.38215044e+00 1.64749613e+00 1.28787050e+00
  2.03474762e+00 2.80114094e+00 4.43354122e+00]
 [7.21339767e+00 5.36934675e+00 6.43157521e+00 7.78422090e+00
  5.03288270e+00 3.94826781e+00 6.24315686e+00 1.42977487e+01
  7.99542555e+00 1.72660939e+01 2.45317252e+00 1.92118214e+01
  1.34576895e+00 1.76466625e+00 3.61478543e+00 4.30640096e+00
  1.45514732e+00 6.15159479e-30 4.33735620e+00 1.57003066e+01
  7.88108235e+00 7.18801026e+00 9.62998791e+00 6.71092190e+00
  6.34885765e+00 1.83497643e+01 5.70323381e+00 2.49501214e+00
  9.32542066e-01 2.26106409e+00 1.47518364e+00 1.42373750e+00
  4.01065671e+00 2.72610170e+00 1.99740413e+01]
 [9.53919131e+00 9.62547148e+00 1.00555987e+01 9.35790264e+00
  9.16389820e+00 9.80125192e+00 1.49174470e+01 1.19689074e+01
  2.17071168e+01 1.42800407e+01 4.49436604e+00 5.30221245e+00
  5.52481934e+00 4.44678203e+00 9.33044145e+00 7.81375908e+00
  2.92114128e+00 1.45640605e-29 4.79662085e+00 1.51613556e+01
  6.33448974e+00 6.52084690e+00 8.47829844e+00 7.39582728e+00
  6.41000222e+00 7.53337859e+00 8.89018364e+00 4.49348753e+00
  1.82826982e+00 1.92379832e+00 3.50801109e+00 2.80362828e+00
  2.06899905e+00 2.70358674e+00 3.40922304e+00]
 [8.85973214e+00 9.51680666e+00 9.98695450e+00 1.05439536e+01
  1.20964661e+01 1.34133408e+01 1.21157507e+01 1.19822953e+01
  1.88422354e+01 1.80802758e+01 5.91600516e+00 6.09011455e+00
  4.67522396e+00 5.72031882e+00 9.11600508e+00 8.45938165e+00
  4.67954211e+00 1.87720914e-29 5.61222302e+00 1.56889922e+01
  1.14884531e+01 1.25703617e+01 9.42304272e+00 1.18206932e+01
  7.14068675e+00 8.39206273e+00 9.23800083e+00 5.93001048e+00
  3.12634291e+00 3.30918706e+00 3.28883729e+00 2.73273222e+00
  4.90699468e+00 2.85597840e+00 1.81214273e+01]
 [1.73541789e+01 1.74781655e+01 1.63055532e+01 1.65626070e+01
  1.36914955e+01 1.30614636e+01 1.80334947e+01 1.62993224e+01
  2.23375938e+01 1.89690432e+01 9.75897377e+00 9.73568053e+00
  6.21815860e+00 4.90705020e+00 1.11091232e+01 8.51069206e+00
  5.86536963e+00 4.12893159e-29 5.84470406e+00 1.91867200e+01
  1.06103268e+01 1.10613924e+01 1.14847670e+01 1.02965663e+01
  1.32127210e+01 1.24474064e+01 1.56191867e+01 9.17489340e+00
  3.49900246e+00 3.44372548e+00 4.29762051e+00 2.56359988e+00
  3.58191309e+00 4.54865865e+00 2.14118885e+01]
 [1.92221554e+01 2.02483992e+01 1.89468510e+01 1.98677640e+01
  2.28336235e+01 2.14589598e+01 3.37411901e+01 3.18962920e+01
  3.82826649e+01 4.16757766e+01 1.17328837e+01 1.42360389e+01
  8.93301784e+00 8.32422594e+00 2.22248709e+01 1.87736505e+01
  9.07826502e+00 3.79931726e-29 1.38696650e+01 3.34665796e+01
  1.37757143e+01 1.48435315e+01 2.02722038e+01 1.82079753e+01
  1.45787951e+01 1.66699007e+01 1.80754682e+01 1.22100510e+01
  5.80024103e+00 5.72136501e+00 7.91608087e+00 6.50275756e+00
  6.23821838e+00 4.31816355e+00 1.91381965e+00]
 [7.04164217e+00 7.27156187e+00 6.48950362e+00 6.20731965e+00
  7.87413392e+00 6.67109127e+00 1.42899711e+01 1.36746304e+01
  1.81038142e+01 1.79201828e+01 3.13364261e+00 3.86976208e+00
  3.81117198e+00 2.90618266e+00 9.83437824e+00 7.91290055e+00
  2.66494165e+00 3.30606809e-29 4.26942667e+00 1.56496373e+01
  4.44958150e+00 4.42813306e+00 8.70061426e+00 6.62442496e+00
  5.08681175e+00 6.01217793e+00 6.88719768e+00 5.15032641e+00
  1.63484034e+00 1.67924690e+00 3.71063857e+00 2.09678025e+00
  5.20344179e+00 4.50029425e+00 5.11050438e+01]
 [7.80245726e+00 1.16141494e+01 9.53000198e+00 8.83713786e+00
  5.38246185e+00 5.59086683e+00 5.28621781e+00 5.34828590e+00
  5.93705575e+00 6.17273619e+00 3.13155033e+00 7.28166071e+00
  1.80810751e+00 1.79877640e+00 3.11005726e+00 3.03575748e+00
  1.43666080e+00 1.25264116e-28 1.65067727e+00 5.65534189e+00
  3.93894441e+00 4.10042372e+00 3.51686512e+00 4.20811755e+00
  1.47402259e+01 2.53220311e+01 6.46670465e+00 7.25573657e+00
  9.34718681e-01 8.27239167e-01 1.19357371e+00 1.04325375e+00
  1.40871490e+01 7.08311291e+01 9.09912703e+01]
 [6.67079559e+00 5.90884124e+00 5.87304804e+00 7.68358101e+00
  6.14022311e+00 5.48212668e+00 6.60810452e+00 6.09641696e+00
  9.46846533e+00 8.15425606e+00 2.10577124e+00 2.87024410e+00
  2.80013001e+00 2.90661859e+00 4.49247557e+00 3.51496647e+00
  1.32665612e+00 3.51654473e-29 2.11467031e+00 8.83740843e+00
  5.12282174e+00 6.19274627e+00 4.27348932e+00 5.68577194e+00
  3.83526472e+00 4.10399371e+00 5.42149439e+00 2.19091777e+00
  9.70127834e-01 1.16010865e+00 1.74667692e+00 1.19106487e+00
  2.99996857e+00 2.58696498e+00 2.26163956e+00]
 [1.69568764e+01 1.79446914e+01 1.69031105e+01 1.72517077e+01
  1.79847706e+01 2.19780552e+01 2.73662956e+01 3.89919401e+01
  3.97540275e+01 4.73155471e+01 7.20171596e+00 1.10190353e+01
  6.73330240e+00 7.16813011e+00 1.89523427e+01 1.83973452e+01
  5.05488922e+00 7.03382413e-29 1.24049554e+01 4.01069316e+01
  1.07128276e+01 1.20724727e+01 1.68550900e+01 1.85510729e+01
  1.08948816e+01 1.32296022e+01 1.46042757e+01 9.41624004e+00
  3.26858722e+00 3.62068400e+00 7.88534378e+00 6.41529033e+00
  4.87442945e+00 4.97820262e+00 2.95714433e+00]
 [9.31723533e+00 9.34909719e+00 8.85175947e+00 8.37411118e+00
  1.01217175e+01 8.73567977e+00 1.13553710e+01 1.04486960e+01
  1.20785055e+01 1.26949463e+01 5.00992855e+00 5.13372457e+00
  3.95687011e+00 3.32884194e+00 7.11584516e+00 6.98053204e+00
  3.44503733e+00 1.33205101e-29 4.30126497e+00 1.18557656e+01
  6.70538756e+00 6.15133299e+00 8.62513276e+00 7.18732416e+00
  6.82808700e+00 7.43475710e+00 8.81363653e+00 5.55216124e+00
  2.18519543e+00 2.09306113e+00 2.98092296e+00 2.32259015e+00
  1.42254716e+00 1.32115475e+00 2.02096196e+01]
 [2.33361278e+01 2.94353330e+01 9.88521044e+01 3.36144428e+01
  4.34897239e+01 2.47418633e+01 2.93149089e+01 2.64736018e+01
  1.94022101e+01 2.29433563e+01 7.98519257e+00 9.36361210e+00
  5.80721383e+00 5.29722189e+00 1.12720395e+01 7.92942400e+00
  4.45599877e+00 2.87503162e-29 5.75451775e+00 2.05383113e+01
  2.88915566e+01 1.99798563e+01 1.25588801e+01 1.48977132e+01
  4.32417797e+01 2.08438830e+01 1.33596182e+01 2.42646388e+01
  2.79692775e+00 3.03029303e+00 3.57468510e+00 2.54434877e+00
  1.50607976e+01 1.63747297e+01 2.04409448e+01]]