[[3.03779543e+02 7.13746426e+02 3.52659007e+02 4.24996617e+02
  7.72575048e+01 7.07451923e+02 6.66920353e+01 9.76139090e+01
  8.66902467e+01 4.88962881e+01 1.22627395e+02 1.03512167e+02
  2.06145964e+01 1.09427694e+01 2.62264845e+01 2.21868412e+01
  6.26766356e+01 1.60178882e-27 1.39095112e+01 6.02037681e+01
  8.63472829e+02 1.05181808e+02 3.78855516e+01 3.81944495e+01
  6.30300282e+02 7.23115730e+02 2.87510732e+02 1.34717633e+02
  8.57130623e+00 9.13962405e+00 7.11357798e+00 5.00826395e+00
  1.13603613e+03 6.99781556e+02 6.02367600e+01]
 [6.36777933e+01 4.82505452e+01 9.76137664e+01 9.34903128e+01
  6.14473095e+01 5.70470105e+01 5.63792710e+01 6.14692342e+01
  6.60390907e+01 6.22572360e+01 3.93581099e+01 4.59002881e+01
  1.76222280e+01 2.02126170e+01 3.07992735e+01 3.30381758e+01
  2.72892257e+01 8.26953173e-28 2.02142575e+01 6.22594829e+01
  4.67665641e+01 4.90673905e+01 3.83261986e+01 3.91310958e+01
  5.11207207e+01 6.75044909e+01 6.42383869e+01 6.46442307e+01
  1.67324988e+01 1.44988494e+01 1.25321261e+01 1.17214143e+01
  7.12717426e+01 1.07430805e+02 2.36289632e+01]
 [5.20564512e+01 5.82533407e+01 6.85695910e+01 5.84679513e+01
  3.09057889e+01 2.43332059e+01 2.11285764e+01 4.58388587e+01
  2.54511646e+01 2.23521290e+01 2.96613666e+01 1.49236111e+01
  6.30962661e+00 5.25822983e+00 9.95738532e+00 1.03376059e+01
  2.05874249e+01 2.69636569e-29 7.94371196e+00 2.13525349e+01
  2.22036462e+01 1.93314165e+01 1.21562383e+01 1.22084567e+01
  3.31700314e+01 5.34405417e+01 4.97195144e+01 4.33828008e+01
  5.10530288e+00 4.88078904e+00 3.97819917e+00 3.95361848e+00
  1.39609158e+02 4.14749715e+01 5.77660122e+00]
 [9.84433861e+01 1.08135137e+02 2.36438020e+02 2.74544578e+02
  5.21388901e+01 5.50406059e+01 2.44640149e+01 3.50886118e+01
  2.98153467e+01 3.06650321e+01 3.15099182e+01 9.06980843e+01
  9.98542555e+00 1.44257418e+01 1.17075350e+01 1.63901055e+01
  9.00161881e+00 1.75297324e-29 7.76929137e+00 2.46446910e+01
  5.57248071e+01 6.62793754e+01 1.91361245e+01 2.33103179e+01
  8.28954669e+01 9.91374474e+01 6.29174887e+01 2.60986122e+01
  6.08420419e+00 8.27381654e+00 4.21537580e+00 4.92285546e+00
  1.30149651e+02 3.74258423e+02 2.71786559e+01]
 [1.07472440e+02 1.54355790e+02 2.85022388e+02 2.54912845e+02
  6.30952352e+01 5.84614329e+01 3.86065054e+01 4.02261145e+01
  3.34585587e+01 3.85072519e+01 3.82296095e+01 4.24291189e+01
  1.90313194e+01 1.36068712e+01 1.74672942e+01 2.02886050e+01
  1.43821626e+01 3.28603292e-29 1.21826064e+01 3.28979571e+01
  6.89264232e+01 6.08991096e+01 2.91460643e+01 2.70872680e+01
  8.11081659e+01 7.80170097e+01 7.82712141e+01 2.86607028e+01
  9.34994597e+00 8.42518960e+00 5.51698542e+00 5.23632968e+00
  1.22068101e+02 1.04171904e+02 5.09901133e+01]
 [2.87809660e+02 3.03977833e+02 1.55413784e+02 7.33873325e+01
  6.83792542e+01 2.73891955e+01 2.64338838e+01 3.00313843e+01
  4.04649864e+01 3.62852939e+01 4.29764318e+01 2.34900096e+01
  8.44196691e+00 4.76480946e+00 1.43975774e+01 1.77194106e+01
  2.58194945e+01 7.25049206e-29 1.19258217e+01 3.65808875e+01
  3.83577651e+01 1.88488001e+01 1.36051220e+01 1.48240391e+01
  1.71545341e+02 1.00626012e+02 2.54300489e+02 7.34994444e+01
  9.60065190e+00 5.11272879e+00 5.75721093e+00 5.38391628e+00
  3.36839043e+02 3.53520986e+02 8.48308009e+01]
 [2.41771352e+02 2.93887725e+02 1.96700464e+02 3.19974142e+02
  5.88891532e+01 7.15257175e+01 6.72006305e+01 5.47788243e+01
  7.03484753e+01 8.16803472e+01 5.25163967e+01 7.66554384e+01
  2.37278312e+01 2.87985038e+01 3.37604537e+01 3.71373606e+01
  3.82212310e+01 4.65148575e-28 2.72128126e+01 6.04018487e+01
  8.97759857e+01 8.04689963e+01 4.39751814e+01 4.92556762e+01
  1.23171328e+02 1.73745213e+02 2.34673178e+02 9.20611163e+01
  2.25839055e+01 1.48901419e+01 1.48403771e+01 1.24108715e+01
  4.61404442e+02 3.35842044e+02 8.21094147e+01]
 [7.61877219e+01 6.59102705e+01 8.15626714e+01 8.01071889e+01
  3.55320968e+01 3.55663578e+01 3.99556344e+01 6.50942993e+01
  4.65718089e+01 4.68594219e+01 2.13530161e+01 2.60646700e+01
  2.32548549e+01 1.03804185e+01 2.46102841e+01 3.37319147e+01
  1.89300147e+01 2.70605221e-28 1.86239733e+01 4.16702624e+01
  3.01131104e+01 3.46404973e+01 2.50284021e+01 2.77320360e+01
  4.49315545e+01 4.93244533e+01 5.75503516e+01 3.14169633e+01
  9.18976806e+00 8.04229322e+00 8.32936794e+00 9.56924804e+00
  3.83165676e+02 3.55340762e+01 2.40730301e+01]
 [5.64923417e+01 5.97689945e+01 5.69424644e+01 6.93258982e+01
  3.12553678e+01 3.12023361e+01 2.91703850e+01 3.20069005e+01
  3.13745974e+01 2.98919435e+01 1.98640751e+01 1.88362384e+01
  1.04183702e+01 7.96383742e+00 1.63364285e+01 1.46132206e+01
  1.37098259e+01 5.02008191e-28 9.95111549e+00 3.08238274e+01
  2.46848938e+01 2.04180373e+01 2.07812030e+01 1.74978988e+01
  3.79150072e+01 7.57726154e+01 4.51529317e+01 1.94626987e+01
  9.78972448e+00 7.67329948e+00 7.11919199e+00 6.22865839e+00
  9.86387772e+01 1.75286906e+02 3.60263509e+01]
 [5.63265175e+02 3.55456074e+02 1.83813216e+02 3.95809469e+02
  7.81105595e+01 1.03753334e+02 1.23906687e+02 8.22672653e+02
  1.48337582e+02 8.71929679e+02 8.23684171e+01 1.50689874e+03
  2.21978036e+01 3.35967430e+01 6.15359773e+01 6.23734574e+01
  2.99550745e+01 2.35847790e-28 1.00816633e+02 8.64922987e+02
  4.10892716e+02 5.59490979e+02 3.37601617e+02 3.04439961e+02
  9.55123916e+01 1.18524497e+03 3.45204167e+02 9.15637043e+01
  1.44527841e+01 7.86076117e+01 1.08641426e+01 1.36545428e+01
  2.36922116e+02 1.99591480e+02 2.61080609e+02]
 [6.10015284e+01 6.92923559e+01 7.05324435e+01 7.64268269e+01
  6.35438041e+01 3.71354496e+01 4.54411989e+01 2.97090870e+01
  3.49695328e+01 3.01878967e+01 2.56232526e+01 2.96346359e+01
  8.91716985e+00 1.00375708e+01 1.81259247e+01 1.35585936e+01
  2.15702225e+01 8.50158491e-29 8.83632182e+00 2.82546497e+01
  3.82191739e+01 3.41045450e+01 2.33967565e+01 1.88279620e+01
  4.30544642e+01 6.49264595e+01 5.85266284e+01 3.30998130e+01
  1.02858371e+01 9.42576080e+00 6.01824600e+00 5.98857924e+00
  1.01875851e+02 8.35788381e+01 2.22769271e+01]
 [7.41460896e+01 9.00822861e+01 8.73591697e+01 1.14976502e+02
  5.75019653e+01 6.50862060e+01 4.40573561e+01 4.50946420e+01
  5.70912353e+01 6.51086829e+01 3.07512119e+01 3.98320018e+01
  1.99236900e+01 1.35391391e+01 3.07764172e+01 2.43578268e+01
  5.39054495e+01 7.03881589e-29 1.65697684e+01 5.05964534e+01
  4.51469419e+01 4.44769554e+01 3.83806031e+01 4.91763828e+01
  4.60041768e+01 5.66654699e+01 8.27154542e+01 4.09000220e+01
  1.25842465e+01 2.62381389e+01 9.43214568e+00 8.98979642e+00
  8.19807803e+01 3.26735235e+01 8.17362837e+01]
 [4.48575021e+01 6.06499722e+01 7.89643247e+01 8.43449275e+01
  3.88392465e+01 2.03562020e+01 2.10656573e+01 1.46826492e+01
  1.88480526e+01 1.59653844e+01 1.51959782e+01 1.58618625e+01
  1.10238267e+01 8.15254891e+00 1.04461449e+01 8.12089692e+00
  7.34064215e+00 7.60757532e-29 7.19887500e+00 1.75974099e+01
  2.54625734e+01 2.55553075e+01 1.65633898e+01 1.19331758e+01
  3.46095989e+01 3.05564181e+01 3.98283865e+01 1.30749887e+01
  8.52701813e+00 4.69971592e+00 5.56449757e+00 3.26443681e+00
  1.28439849e+02 8.81251040e+01 1.89343448e+02]
 [1.30033929e+02 1.30442111e+02 9.40441133e+01 1.16655251e+02
  6.11457279e+01 6.80731945e+01 7.69139926e+01 8.30779523e+01
  6.95483431e+01 7.37713590e+01 4.65323530e+01 6.78681125e+01
  1.26973673e+01 1.95490926e+01 5.12158282e+01 3.30521713e+01
  4.80350425e+01 1.35858359e-28 3.39887860e+01 5.86540904e+01
  4.60409645e+01 5.93097632e+01 4.06040787e+01 4.54185359e+01
  7.94394420e+01 1.01160659e+02 1.21017417e+02 7.63629679e+01
  1.62420602e+01 2.63393400e+01 1.85492180e+01 1.06379014e+01
  1.79755739e+02 6.57082369e+01 8.27586119e+00]
 [8.41882425e+01 8.44940562e+01 4.31480460e+01 4.09660785e+01
  2.59037064e+01 2.20165368e+01 3.91299381e+01 4.49352642e+01
  4.09877794e+01 4.14086005e+01 1.08083005e+01 1.37188869e+01
  1.00351871e+01 7.68409763e+00 2.32288081e+01 2.11049272e+01
  9.69106339e+00 1.41379852e-28 1.26051787e+01 3.69257330e+01
  1.86090389e+01 1.74296006e+01 2.17976360e+01 1.81457952e+01
  8.05503448e+01 1.08638835e+02 7.75315639e+01 4.97336898e+01
  5.86254298e+00 5.78235191e+00 9.16288151e+00 6.20956958e+00
  5.91333093e+02 2.20028929e+02 6.86528023e+02]
 [1.21340217e+02 2.58387994e+02 1.36821047e+02 1.74537250e+02
  6.43648011e+01 5.00333429e+01 4.72175297e+01 4.79055586e+01
  5.10870612e+01 5.36629031e+01 3.44141071e+01 7.83447383e+01
  1.48587961e+01 1.28123592e+01 2.15185179e+01 1.84799133e+01
  1.63039311e+01 9.29587380e-28 1.35407562e+01 4.61757842e+01
  3.95491532e+01 4.70818147e+01 2.87590815e+01 3.68358412e+01
  1.89015053e+02 3.82754763e+02 1.59175764e+02 1.26328135e+02
  7.45199847e+00 7.11656252e+00 6.89161813e+00 6.32620707e+00
  1.98207550e+02 8.03713725e+02 4.13343193e+02]
 [1.68672799e+02 1.53247843e+02 5.49296310e+01 5.57265726e+01
  2.35367849e+01 2.39186254e+01 2.87247034e+01 2.91521510e+01
  3.75619582e+01 3.24479981e+01 1.03795072e+01 1.92659440e+01
  8.14950971e+00 8.07762199e+00 2.01521689e+01 1.43510830e+01
  1.20763866e+01 1.80741725e-28 1.08103039e+01 3.45071740e+01
  1.76131437e+01 1.83890573e+01 1.85164299e+01 1.77011476e+01
  4.25145958e+01 4.91404980e+01 1.16580298e+02 2.72796008e+01
  4.53118742e+00 4.16002500e+00 6.18025981e+00 4.84257157e+00
  1.80693410e+02 1.08926061e+02 2.30670216e+01]
 [2.32515543e+02 2.11563362e+02 1.71446646e+02 1.87457643e+02
  6.11677091e+01 6.16963525e+01 5.10718711e+01 4.99503944e+01
  6.59286990e+01 5.62420579e+01 3.34495338e+01 4.41286397e+01
  1.69600824e+01 1.51519664e+01 4.04389835e+01 2.77746235e+01
  1.99674937e+01 1.76881430e-28 3.71427139e+01 5.67911792e+01
  4.82165758e+01 5.55706614e+01 3.57349832e+01 3.04757716e+01
  9.05234371e+01 7.79138734e+01 1.42592453e+02 5.14586229e+01
  1.19303032e+01 9.93840652e+00 1.74127627e+01 1.35918068e+01
  2.05178987e+02 4.05674836e+02 1.28547914e+01]
 [8.11760868e+01 8.05910462e+01 6.10276448e+01 6.52015274e+01
  5.15550217e+01 5.82910170e+01 5.56603422e+01 5.68692089e+01
  6.23944054e+01 6.27523753e+01 3.78464660e+01 3.94771837e+01
  1.51526102e+01 1.23557973e+01 2.70963683e+01 2.66748308e+01
  2.40299623e+01 7.79156965e-29 1.52087058e+01 5.81689244e+01
  3.43791795e+01 3.68889396e+01 3.21373012e+01 4.19521137e+01
  5.67298407e+01 5.86731855e+01 7.70020970e+01 5.33788630e+01
  1.74715238e+01 9.68081760e+00 9.28483570e+00 7.42887918e+00
  3.33105380e+01 1.88742389e+01 8.79122552e+01]
 [1.73604121e+02 2.02458709e+02 6.11315769e+02 2.47010043e+02
  5.05859573e+02 1.44037565e+02 1.22274800e+02 1.09184485e+02
  9.31025488e+01 9.04208297e+01 3.78110235e+01 5.38556775e+01
  1.94116310e+01 1.74866704e+01 4.69261063e+01 3.39520976e+01
  3.01145049e+01 1.10125756e-28 2.45280121e+01 9.87016183e+01
  3.12157063e+02 7.06269534e+01 7.81586626e+01 6.49608133e+01
  1.78725326e+02 1.30908689e+02 1.47586697e+02 1.42790798e+02
  1.11461421e+01 1.75363149e+01 1.40949654e+01 1.12284218e+01
  1.40608972e+02 7.59353327e+01 4.39862472e+01]]