[[2.28054128e+00 2.48316507e+00 1.51769187e+00 1.45062235e+00
  2.14600575e+00 2.12103105e+00 1.40872301e+00 1.60179471e+00
  1.66668984e+00 1.51370099e+00 9.79625363e-01 1.33559917e+00
  2.79680459e+00 7.30760823e-01 1.11596790e+00 9.19016652e-01
  6.70474476e-01 3.14089860e-30 6.47284195e-01 1.47215487e+00
  2.50888655e+00 1.72919792e+00 1.33978290e+00 1.41886653e+00
  1.14079494e+00 2.03399154e+00 1.78305269e+00 8.02609755e-01
  3.54464432e-01 4.33653883e-01 4.36508991e-01 2.87972497e-01
  2.47037700e+00 1.84717951e+00 2.20410537e+00]
 [1.77405453e+00 1.35368497e+00 1.47005230e+00 1.39533205e+00
  8.27456685e-01 1.37304605e+00 7.73342755e-01 1.44910330e+00
  1.22141395e+00 2.28887547e+00 5.64064672e-01 6.89608411e-01
  2.96909738e-01 3.74208176e-01 4.73241612e-01 5.83544092e-01
  3.85292445e-01 1.27678218e-29 3.31380792e-01 1.76884099e+00
  8.04820654e-01 7.60725958e-01 5.04780077e-01 6.67334883e-01
  9.68593196e-01 9.85658646e-01 1.64427111e+00 7.06454029e-01
  2.59609887e-01 2.30159706e-01 2.16797528e-01 2.29605264e-01
  4.90360544e+00 3.67139955e+00 1.03974203e+00]
 [6.76845350e+00 5.25157313e+00 4.79404805e+00 3.13608297e+00
  6.35478919e+00 1.47126669e+00 1.40401639e+00 1.79340361e+00
  1.90014593e+00 1.88980838e+00 1.57199086e+00 1.04534806e+00
  1.19857281e+00 6.86679927e-01 1.15743107e+00 1.25618718e+00
  8.27412785e-01 2.39915966e-30 7.66717312e-01 1.76347258e+00
  2.58350539e+00 1.73968392e+00 2.47009821e+00 1.39031985e+00
  3.98585540e+00 3.27844532e+00 6.07810508e+00 2.49323138e+00
  3.98601569e-01 3.31015794e-01 4.65597094e-01 4.79885260e-01
  1.32045923e+00 1.00803646e+00 2.80613387e-01]
 [6.93776410e+00 7.66650091e+00 2.68951240e+00 2.90005352e+00
  2.80074508e+00 1.77757118e+01 1.56215499e+00 2.06300255e+00
  3.39872160e+00 4.20969165e+00 1.28245573e+00 4.04898276e+00
  2.98728968e-01 5.11342601e-01 6.32974212e-01 7.63514236e-01
  6.45942439e-01 7.10741170e-31 4.11132258e-01 3.57456071e+00
  1.75836038e+00 1.89419327e+00 9.19296126e-01 1.68475943e+00
  4.74188868e+00 4.15731589e+00 5.26819525e+00 2.34323194e+00
  2.61021767e-01 3.50403301e-01 1.85116113e-01 2.01243820e-01
  2.25515873e+00 2.05038932e+00 2.10236230e+00]
 [3.01215997e+00 2.83390553e+00 3.19245786e+00 2.48462248e+00
  2.34444962e+01 6.30310075e+00 2.48338256e+00 2.48525594e+00
  4.07486406e+00 2.61502757e+00 1.39705498e+00 1.43234103e+00
  1.05299026e+00 7.43926488e-01 1.63121059e+00 1.36205478e+00
  8.63121229e-01 4.05030497e-30 8.50459611e-01 3.48502423e+00
  3.88547159e+00 1.51518165e+00 4.65772991e+00 2.03027603e+00
  1.88857093e+00 1.80629291e+00 2.53139585e+00 1.35816270e+00
  5.22105755e-01 5.56824587e-01 5.68409613e-01 4.45092723e-01
  1.12528374e+00 4.31466516e-01 2.36830329e+00]
 [4.48600091e+00 4.02417658e+00 6.56594790e+00 8.50925252e+00
  1.22865911e+01 5.32413105e+00 2.10167312e+00 2.02545579e+00
  4.40189889e+00 6.13738539e+00 1.36026397e+00 1.30467384e+00
  8.14988353e+00 1.47339157e+00 1.92410137e+00 9.78651288e-01
  6.17786734e-01 6.72203466e-30 4.72177576e-01 6.13214298e+00
  1.97593541e+01 1.12732715e+01 9.29990124e+00 3.06849436e+00
  3.02811329e+00 1.78332033e+00 4.10550101e+00 1.30531340e+00
  5.06307720e-01 4.11921516e-01 6.34965032e-01 3.28896243e-01
  3.22527165e+00 1.84884056e+00 6.48463760e+00]
 [4.40279251e+00 3.76208000e+00 2.99256247e+00 3.04987417e+00
  3.49794645e+00 3.21557422e+00 1.64649796e+00 1.91737778e+00
  2.13419330e+00 2.11625495e+00 1.26408066e+00 1.30498538e+00
  1.00251080e+00 9.67689822e-01 1.12532612e+00 1.15098056e+00
  9.30785941e-01 1.81748714e-29 9.33377644e-01 2.03507095e+00
  1.90465261e+00 1.47642369e+00 1.30414805e+00 1.30676044e+00
  2.40851550e+00 2.38785060e+00 3.92275429e+00 1.65754932e+00
  6.71040039e-01 5.59825875e-01 5.44394516e-01 5.07629269e-01
  1.00662339e+00 6.91435959e-01 2.67228392e+00]
 [1.34232348e+00 1.34474114e+00 1.83203347e+00 1.58231652e+00
  2.65283983e+00 2.02640153e+00 1.17050010e+00 1.69136275e+00
  3.48147852e+00 7.61708238e+00 6.50311511e-01 8.42359640e-01
  5.10876179e-01 5.95696880e-01 7.06211705e-01 1.00833458e+00
  4.51905291e-01 8.98586969e-30 6.08773681e-01 5.20489273e+00
  8.25542089e-01 2.96352976e+00 7.11421959e-01 1.48076593e+00
  1.03212722e+00 1.24136964e+00 1.26993325e+00 7.26505565e-01
  3.14268297e-01 3.20212000e-01 3.07865633e-01 3.35716214e-01
  4.87259732e+01 2.43678254e+00 1.69467613e+00]
 [1.19194943e+00 1.02438055e+00 7.70416471e-01 7.62752363e-01
  6.14657225e-01 5.91415108e-01 1.11481373e+00 6.94750726e-01
  6.90281581e-01 8.54852888e-01 4.06377176e-01 4.30302196e-01
  2.83843533e-01 3.14700030e-01 4.05407431e-01 3.81451432e-01
  3.23891294e-01 5.87032240e-30 2.69684456e-01 7.77337187e-01
  5.26345405e-01 5.23909899e-01 5.03122845e-01 4.26948120e-01
  6.49932584e-01 6.56066576e-01 1.01129280e+00 4.32396857e-01
  2.15634766e-01 2.04815951e-01 2.07439459e-01 1.83329261e-01
  1.08235728e+00 1.38653676e+00 1.13988960e+00]
 [2.22874670e+00 1.56443480e+00 1.27730727e+00 2.64631705e+00
  8.13378691e-01 6.65952357e-01 8.66833872e-01 5.02350305e+00
  1.98057516e+00 5.59772091e+00 5.28952196e-01 8.05756321e+00
  2.14133944e-01 3.34732671e-01 6.16620948e-01 7.39863585e-01
  2.70564747e-01 1.76966243e-30 9.67618577e-01 4.56395265e+00
  2.50096645e+00 2.66661549e+00 2.37698138e+00 2.11868610e+00
  1.37533640e+00 7.17196183e+00 1.55479930e+00 5.18158444e-01
  1.60880601e-01 6.37548547e-01 1.99826744e-01 2.90003812e-01
  1.52384042e+00 6.62396152e-01 3.26613526e+00]
 [4.24481714e+00 3.93771867e+00 4.36864383e+00 3.13487761e+00
  2.26505167e+00 3.68786594e+00 2.17400624e+00 1.29859195e+00
  4.87788198e+00 2.38462650e+00 1.00993650e+00 1.20989799e+00
  5.95895922e-01 5.55140271e-01 1.08706933e+00 7.87368032e-01
  6.09234624e-01 3.83160859e-30 4.83629623e-01 3.08991135e+00
  1.68490195e+00 1.73029524e+00 1.16978186e+00 9.34438984e-01
  2.03027761e+00 2.44235196e+00 3.66129169e+00 1.14279340e+00
  3.29672884e-01 3.31724047e-01 3.42773694e-01 3.31414387e-01
  7.23744808e-01 1.26472357e+00 8.81305915e-01]
 [2.39460602e+00 2.97629599e+00 2.92256609e+00 3.46761097e+00
  3.90098941e+00 6.20338084e+00 2.16720177e+00 2.31047813e+00
  2.68066009e+00 2.56174648e+00 1.22475983e+00 1.63452164e+00
  1.26758084e+00 2.37766066e+00 1.44488896e+00 1.47724770e+00
  9.86259333e-01 3.23737173e-30 8.52605703e-01 2.29017867e+00
  5.28077631e+00 7.87791488e+00 2.71970094e+00 5.04673444e+00
  1.64151629e+00 2.95690730e+00 2.41905261e+00 1.22716332e+00
  6.18036029e-01 8.48693431e-01 5.58000637e-01 5.56808755e-01
  3.15262354e+00 2.37818845e+00 1.03598314e+01]
 [2.94640073e+00 2.93657876e+00 2.39173470e+00 2.44893557e+00
  1.67537431e+00 1.61401932e+00 2.09647512e+00 1.86771167e+00
  4.81791204e+00 3.36559936e+00 1.51799948e+00 1.42987387e+00
  8.54399504e-01 6.83170579e-01 1.41107922e+00 1.05440031e+00
  8.79216621e-01 6.33810691e-30 7.69157224e-01 4.03063022e+00
  1.53122255e+00 1.56334537e+00 1.33821915e+00 1.20278742e+00
  2.11744869e+00 1.84994341e+00 2.65140626e+00 1.43712355e+00
  5.84634876e-01 5.04732221e-01 5.48047559e-01 3.38499651e-01
  6.05652822e-01 8.31993632e-01 6.30447977e+00]
 [3.49460752e+00 3.61488693e+00 2.94901991e+00 3.20381435e+00
  2.65415013e+00 2.86260299e+00 2.90585220e+00 3.21859264e+00
  4.54251090e+00 5.99889704e+00 2.13836899e+00 2.72422208e+00
  1.15421676e+00 1.67347278e+00 1.84061886e+00 2.17842678e+00
  1.77509465e+00 3.91055134e-30 1.18104797e+00 4.53998608e+00
  2.27132327e+00 2.47028614e+00 1.99848937e+00 2.55043343e+00
  2.82689491e+00 3.32343278e+00 3.17023796e+00 2.32926984e+00
  1.02652981e+00 1.33287171e+00 5.67275870e-01 8.22824016e-01
  1.16594150e+00 8.01647575e-01 6.41554848e-01]
 [1.72373668e+00 1.63065717e+00 1.10968324e+00 1.05836720e+00
  9.29173283e-01 9.53355200e-01 1.71364861e+00 1.39986623e+00
  2.29797219e+00 1.54416796e+00 5.08529724e-01 6.49766011e-01
  5.47736977e-01 4.44622096e-01 1.14871518e+00 7.88014892e-01
  4.45289780e-01 4.12717487e-30 4.77221079e-01 1.64438735e+00
  6.71852787e-01 6.72255869e-01 1.07455423e+00 7.98021104e-01
  1.02195667e+00 1.20199407e+00 1.45380927e+00 1.03297303e+00
  2.84606235e-01 2.95168362e-01 4.90555538e-01 2.48717658e-01
  1.80765849e+00 1.15673688e+00 1.58441406e+01]
 [4.58059487e+00 6.28459781e+00 5.88226655e+00 4.42465933e+00
  2.83363530e+00 3.46989668e+00 2.29894919e+00 1.94743049e+00
  2.23014792e+00 2.12210768e+00 1.91046440e+00 4.46443755e+00
  1.03754258e+00 8.65650381e-01 1.35527548e+00 1.20500977e+00
  9.62037645e-01 4.70782075e-29 7.47342040e-01 2.10667683e+00
  2.70791760e+00 2.59395119e+00 1.58528550e+00 1.92514190e+00
  8.24093389e+00 1.32370632e+01 3.84603515e+00 4.02974323e+00
  6.16141960e-01 5.32495336e-01 5.12377209e-01 4.54612829e-01
  6.94842544e+00 3.37242053e+01 3.60250044e+01]
 [2.15680463e+00 1.87325625e+00 1.84887774e+00 4.42514983e+00
  2.32540211e+00 1.58976633e+00 1.33454031e+00 1.27858593e+00
  3.36675338e+00 2.67023679e+00 5.46466198e-01 9.16533924e-01
  1.36259932e+00 9.21097915e-01 8.07129179e-01 7.01067486e-01
  3.65597818e-01 8.12560017e-30 4.25461659e-01 3.43971062e+00
  2.69592781e+00 2.84471686e+00 9.15402752e-01 2.31486873e+00
  1.02886560e+00 1.31023411e+00 1.60502378e+00 6.09694276e-01
  2.48163657e-01 2.98979656e-01 3.31627494e-01 2.46437407e-01
  1.72230841e+00 1.52553725e+00 1.07300706e+00]
 [3.97253368e+00 4.97883787e+00 2.93067971e+00 3.42056372e+00
  2.66543881e+00 6.10650759e+00 3.10100871e+00 9.43279169e+00
  6.06114096e+00 1.12741299e+01 1.28984236e+00 1.79063682e+00
  8.82381365e-01 1.11218623e+00 1.80074690e+00 2.81862819e+00
  8.82500863e-01 9.76044705e-30 1.32720124e+00 8.71582310e+00
  1.59147370e+00 2.00253404e+00 1.79248046e+00 3.59298613e+00
  2.06447836e+00 2.60364517e+00 3.41863830e+00 1.75415681e+00
  6.01924807e-01 6.20461799e-01 8.23818963e-01 8.11728028e-01
  1.53563894e+00 2.17852041e+00 9.40697723e-01]
 [8.12788604e-01 8.62560734e-01 8.30801117e-01 7.36508181e-01
  9.25463192e-01 7.38204496e-01 1.11587913e+00 1.00961839e+00
  2.28340325e+00 3.43359923e+00 5.04818235e-01 5.65487958e-01
  3.08252640e-01 2.98208956e-01 5.72413453e-01 6.77309586e-01
  3.15813049e-01 2.52948401e-30 4.15623058e-01 2.90123566e+00
  6.89350719e-01 5.80847032e-01 5.87295881e-01 5.42359924e-01
  7.00011411e-01 8.46918584e-01 7.37179954e-01 4.99690747e-01
  1.99144253e-01 2.23738730e-01 2.43042109e-01 2.08226409e-01
  3.45771118e-01 2.35289892e-01 4.95225409e+00]
 [1.11955673e+01 1.43174314e+01 3.64407110e+01 1.48525176e+01
  1.81042759e+01 9.48982802e+00 9.72837375e+00 8.51033200e+00
  3.76128397e+00 4.64862630e+00 3.00651070e+00 3.82731264e+00
  1.81713246e+00 2.53506890e+00 2.77700246e+00 2.42486148e+00
  1.56655322e+00 8.86323201e-30 1.40495280e+00 4.36994655e+00
  1.32150299e+01 1.66868089e+01 3.13539611e+00 4.57492313e+00
  1.43675028e+01 8.94900756e+00 4.93292163e+00 1.03290310e+01
  9.70184131e-01 1.38910065e+00 8.82514333e-01 8.78781993e-01
  7.44786714e+00 9.22774773e+00 5.11015021e+00]]