[[2.28155035e+01 2.46740980e+01 2.98080454e+01 3.59351564e+01
  5.44678689e+01 8.84576904e+01 2.05200260e+02 4.18126841e+02
  4.15047685e+02 3.16763691e+02 1.15812427e+01 1.44871566e+01
  1.51484331e+01 1.25117030e+01 1.06813829e+02 1.10420690e+02
  6.81572269e+00 1.17225845e-28 4.86867244e+01 3.11929750e+02
  2.25832298e+01 3.07256445e+01 7.11930866e+01 1.01022941e+02
  1.61162970e+01 2.25998974e+01 2.27811768e+01 1.11348513e+01
  4.06559705e+00 3.89061910e+00 2.01328204e+01 1.24671841e+01
  8.37673580e+00 9.48489913e+00 1.27055434e+01]
 [6.66308190e+00 6.12562166e+00 5.49128536e+00 5.94293790e+00
  6.72147882e+00 5.68142244e+00 9.84013828e+00 1.05189844e+01
  1.48646415e+01 1.15464300e+01 3.35282104e+00 3.63977417e+00
  7.11950014e+00 7.41146213e+00 8.86865655e+00 6.57275933e+00
  2.61011643e+00 7.37236604e-29 4.18345804e+00 1.17784488e+01
  4.23295560e+00 4.27907485e+00 9.96410943e+00 7.06560800e+00
  4.60788251e+00 4.85015130e+00 6.12207791e+00 3.97691135e+00
  1.83442322e+00 1.59639520e+00 4.55185900e+00 3.04832480e+00
  3.26255761e+00 3.60151809e+00 2.84277438e+00]
 [1.48269992e+01 1.43444373e+01 1.68217103e+01 1.47944567e+01
  2.07960845e+01 1.91099195e+01 3.98738385e+01 4.41365795e+01
  9.81550292e+01 8.25788692e+01 8.40377820e+00 6.50475088e+00
  8.19991715e+00 7.11105852e+00 2.99526137e+01 2.78023037e+01
  5.58175708e+00 8.66720218e-30 2.17810384e+01 6.93368568e+01
  1.15407325e+01 9.09903330e+00 2.33139666e+01 2.29173094e+01
  1.19649947e+01 1.20835031e+01 1.42709811e+01 9.09775400e+00
  3.40627641e+00 2.96045318e+00 1.23298818e+01 7.56373002e+00
  2.28227609e+00 3.39065479e+00 1.31257816e+00]
 [2.44993657e+01 2.53750363e+01 2.49014700e+01 2.75253167e+01
  2.91922200e+01 4.11654480e+01 5.99042312e+01 9.03322783e+01
  1.06786535e+02 1.06921091e+02 1.08403773e+01 1.46170156e+01
  5.70916086e+00 9.47559259e+00 3.15494050e+01 3.90644157e+01
  8.74658092e+00 9.20158196e-30 2.12782608e+01 8.18025715e+01
  1.43281524e+01 1.93860971e+01 2.40863899e+01 3.40322650e+01
  1.85372613e+01 1.99729603e+01 2.37984524e+01 1.59502139e+01
  4.48881074e+00 5.39519788e+00 9.10948768e+00 7.56331400e+00
  3.55949293e+00 4.51915050e+00 6.64503235e+00]
 [1.41537315e+01 1.35114825e+01 1.53404739e+01 1.39686094e+01
  1.94970228e+01 1.77028960e+01 3.26158135e+01 4.30587586e+01
  4.11998848e+01 3.72831401e+01 7.09174817e+00 6.84492929e+00
  6.72761663e+00 6.55191519e+00 2.20552748e+01 2.12504993e+01
  6.04371900e+00 5.53846502e-30 1.19852660e+01 3.40653057e+01
  8.82731904e+00 9.36627297e+00 1.86573769e+01 1.75727596e+01
  1.02371163e+01 9.54669310e+00 1.29771250e+01 8.59661555e+00
  3.02166607e+00 2.70083487e+00 7.50782831e+00 5.13689397e+00
  2.36230130e+00 1.85321801e+00 6.97118874e+00]
 [5.68302966e+00 5.89509973e+00 6.82568907e+00 5.87331833e+00
  7.73271587e+00 9.31413976e+00 1.65514272e+01 3.46965118e+01
  4.02712388e+01 2.79275299e+01 3.06946529e+00 2.70511603e+00
  4.12199309e+00 4.62324956e+00 1.00181972e+01 1.10718545e+01
  2.06025526e+00 2.01261579e-29 4.95473679e+00 2.73660876e+01
  4.66530428e+00 5.09116861e+00 7.28156220e+00 1.18400561e+01
  5.03725067e+00 4.15225486e+00 5.55295623e+00 3.07765078e+00
  1.50193577e+00 1.02715485e+00 2.65164114e+00 2.20923531e+00
  3.15932427e+00 3.10229245e+00 1.19258301e+01]
 [1.84869410e+01 1.69795029e+01 2.11501759e+01 1.93736270e+01
  3.17772495e+01 2.88565039e+01 7.98970229e+01 9.61432239e+01
  1.74357442e+02 2.01902362e+02 9.91816253e+00 1.01883676e+01
  8.59646272e+00 8.39097800e+00 4.86064624e+01 6.42408158e+01
  7.27523095e+00 5.52178836e-28 6.56595567e+01 1.74322300e+02
  1.51109030e+01 1.38915669e+01 3.25271901e+01 3.27805043e+01
  1.41122387e+01 1.34197913e+01 1.73635943e+01 1.06748159e+01
  5.75757582e+00 4.48324289e+00 1.65164733e+01 1.70913200e+01
  4.88423074e+00 5.32628596e+00 5.12759674e+00]
 [1.74355754e+01 1.61427213e+01 1.81061289e+01 1.60785589e+01
  2.21518997e+01 2.14384289e+01 6.66359246e+01 9.03824176e+01
  1.03993507e+02 7.80476927e+01 9.35603487e+00 8.79392555e+00
  9.57604014e+00 7.69056752e+00 4.94520228e+01 4.74080361e+01
  7.50055558e+00 2.26812658e-28 2.68574841e+01 7.69100515e+01
  1.30078689e+01 1.06406218e+01 2.73235593e+01 2.63545437e+01
  1.40801688e+01 1.26250361e+01 1.62580844e+01 1.12066356e+01
  4.14347364e+00 3.19705865e+00 1.35223974e+01 1.18646260e+01
  2.70945916e+01 2.25748911e+00 5.64352751e+00]
 [1.53494949e+01 1.39807406e+01 1.78734231e+01 1.35424775e+01
  2.56341770e+01 2.38997886e+01 6.44026567e+01 8.77603640e+01
  1.07527324e+02 9.04306761e+01 7.90217682e+00 5.82413577e+00
  5.91916856e+00 4.57778182e+00 1.83864228e+01 2.11761827e+01
  5.26803407e+00 2.38893662e-28 1.03767342e+01 8.75033469e+01
  1.22508691e+01 8.54665542e+00 1.97904900e+01 2.06288547e+01
  1.05398754e+01 8.77425073e+00 1.33095921e+01 8.59482501e+00
  2.91428283e+00 2.16255773e+00 4.45887042e+00 4.55415517e+00
  5.71461671e+00 6.12583179e+00 9.57637257e+00]
 [1.04628672e+01 1.02717702e+01 6.95471266e+00 1.15647838e+01
  8.92699464e+00 9.05188161e+00 2.57247205e+01 2.41341789e+01
  3.85437035e+01 2.76529745e+01 3.55787596e+00 2.57760963e+01
  2.21043758e+00 2.17591387e+00 2.20792668e+01 1.50416610e+01
  3.33943049e+00 1.52561962e-29 1.26945343e+01 2.24553718e+01
  8.98246167e+00 9.71533199e+00 1.09623165e+01 7.88277626e+00
  6.37912227e+00 2.06602701e+01 9.36571317e+00 4.82126239e+00
  1.84469725e+00 4.97068611e+00 5.49984282e+00 3.27742104e+00
  6.72903631e+00 3.24165339e+00 2.31576310e+01]
 [2.68101817e+01 2.73079997e+01 3.39328615e+01 3.02323988e+01
  5.18837925e+01 4.14487836e+01 1.74998592e+02 1.45635505e+02
  2.18608109e+02 1.60287317e+02 1.10450336e+01 1.08385067e+01
  1.22135358e+01 9.00441658e+00 5.69362885e+01 6.52645694e+01
  7.28531146e+00 5.64163130e-29 2.67519674e+01 1.42104659e+02
  2.14696022e+01 1.96869651e+01 4.47020568e+01 4.20404941e+01
  1.80529621e+01 2.16616466e+01 2.57108147e+01 1.27868040e+01
  4.43048532e+00 3.77745152e+00 1.16085873e+01 1.03887006e+01
  6.05143129e+00 7.12928400e+00 4.47631986e+00]
 [1.20868088e+01 1.26890406e+01 1.47347990e+01 1.40696079e+01
  1.77792289e+01 1.51272938e+01 3.97400219e+01 2.81366887e+01
  1.00926508e+02 8.72052678e+01 6.72815552e+00 6.66674717e+00
  4.54722303e+00 4.39093768e+00 2.16363801e+01 1.61698592e+01
  5.27103484e+00 9.33698587e-29 1.26887504e+01 8.26005588e+01
  1.07545820e+01 9.92172578e+00 1.53351479e+01 1.23765041e+01
  9.07153675e+00 8.94309260e+00 1.26432785e+01 7.21967080e+00
  3.21732527e+00 3.42782859e+00 4.58367321e+00 3.63020875e+00
  3.01818482e+00 2.26583849e+00 9.84619326e+00]
 [1.04156084e+01 1.11441989e+01 9.31406838e+00 9.60826368e+00
  1.31189706e+01 1.20225437e+01 4.24705131e+01 3.41078714e+01
  5.69034788e+01 4.12199649e+01 5.03720153e+00 5.92848569e+00
  4.69429899e+00 4.19694894e+00 2.33964303e+01 1.68663770e+01
  4.22222610e+00 2.30806018e-29 1.11704811e+01 3.65882192e+01
  6.14486867e+00 6.66315926e+00 1.60474744e+01 1.38275526e+01
  7.60842588e+00 7.90929604e+00 1.04575237e+01 6.36922995e+00
  2.08743364e+00 2.26348728e+00 6.62947219e+00 3.86170961e+00
  2.09098283e+00 2.80479914e+00 2.17030357e+01]
 [6.41680869e+01 6.43496491e+01 5.04767404e+01 4.92287070e+01
  5.72327402e+01 5.02734121e+01 1.92261563e+02 1.70385232e+02
  1.95793773e+02 2.01381138e+02 3.15634560e+01 3.18589448e+01
  2.76697010e+01 1.73439873e+01 1.38840541e+02 8.26354502e+01
  2.98994703e+01 1.03586469e-28 6.34417759e+01 1.43669871e+02
  3.50767702e+01 3.12884360e+01 8.64975929e+01 5.36269806e+01
  4.90082456e+01 4.85546286e+01 6.44120460e+01 4.46048585e+01
  1.42360799e+01 1.32284306e+01 4.25525006e+01 2.60204125e+01
  1.11912851e+01 9.14176143e+00 2.41404588e+00]
 [2.69048666e+01 2.73608342e+01 2.73463090e+01 2.42688903e+01
  3.99530819e+01 3.02820425e+01 1.30208278e+02 1.29427111e+02
  2.10785439e+02 2.10302808e+02 1.35514935e+01 1.39897012e+01
  1.76829724e+01 1.10237018e+01 7.57032396e+01 7.19808077e+01
  1.32219120e+01 2.36233404e-28 3.93085256e+01 1.75463764e+02
  1.95377464e+01 1.56828466e+01 5.48761189e+01 4.05383479e+01
  2.15388141e+01 2.28941986e+01 2.77741396e+01 2.03514030e+01
  6.94195168e+00 6.26735425e+00 2.47295151e+01 1.47291456e+01
  6.28641650e+00 7.76794119e+00 5.79059308e+01]
 [7.23278750e+00 9.97663341e+00 7.91860989e+00 7.77415223e+00
  5.70411177e+00 6.27643734e+00 8.83532883e+00 1.42857543e+01
  1.42801008e+01 1.59395759e+01 2.94749034e+00 4.89698995e+00
  1.97950708e+00 2.35500025e+00 4.85820992e+00 5.59830473e+00
  1.49296496e+00 1.48997769e-28 2.14438852e+00 1.21698054e+01
  2.83701264e+00 3.64763764e+00 4.60040098e+00 6.52230038e+00
  1.22185154e+01 1.86907376e+01 6.15683866e+00 6.46156125e+00
  7.55153389e-01 7.32761215e-01 1.51679453e+00 1.34814333e+00
  1.07810301e+01 5.03612275e+01 5.80733496e+01]
 [7.58526370e+00 6.89717126e+00 7.38833913e+00 6.53813093e+00
  1.05148870e+01 1.01768349e+01 2.79629260e+01 3.27161357e+01
  5.43409826e+01 3.82141838e+01 2.28534035e+00 2.88432417e+00
  3.85689536e+00 3.45231383e+00 1.99539773e+01 1.36264829e+01
  1.80193615e+00 1.22227667e-28 9.07956613e+00 4.16765297e+01
  5.06926093e+00 4.62731645e+00 1.24491373e+01 1.04587350e+01
  4.66952628e+00 4.27544709e+00 6.36237076e+00 2.94722591e+00
  1.09084691e+00 1.17769639e+00 5.57018112e+00 3.16063094e+00
  2.42282392e+00 1.83566048e+00 1.97884921e+00]
 [5.38236113e+01 5.55812877e+01 5.57633856e+01 5.82624975e+01
  7.42732934e+01 8.52196939e+01 1.22940148e+02 1.67985020e+02
  1.39018510e+02 1.66980630e+02 2.05527470e+01 2.86913394e+01
  2.75033273e+01 3.43380609e+01 7.77828941e+01 7.96450295e+01
  1.62250613e+01 3.12674208e-28 4.96371503e+01 1.20568478e+02
  3.71312957e+01 4.36551427e+01 7.64567526e+01 8.52933146e+01
  3.29384665e+01 3.84566314e+01 4.71858501e+01 2.89454950e+01
  8.42618105e+00 8.93197939e+00 3.50965959e+01 3.06365541e+01
  1.23124055e+01 9.09089677e+00 2.63994965e+00]
 [1.33456105e+01 1.33380070e+01 1.82798523e+01 1.38338229e+01
  4.40081179e+01 3.30838484e+01 5.32893997e+01 4.39794298e+01
  4.38807882e+01 3.72455668e+01 7.20244457e+00 5.45888719e+00
  1.05506622e+01 6.52123429e+00 2.52846676e+01 2.11531026e+01
  3.88089239e+00 2.12732114e-29 1.33289778e+01 3.78586450e+01
  1.66817723e+01 1.01521681e+01 3.80865715e+01 2.66727341e+01
  9.89200860e+00 9.18295224e+00 1.26771968e+01 6.79923623e+00
  2.67103028e+00 2.20645978e+00 8.61125188e+00 5.90086272e+00
  2.95508899e+00 3.00376600e+00 2.67824050e+01]
 [1.82990957e+01 2.29792043e+01 7.77084956e+01 2.53876467e+01
  4.36164152e+01 2.47526016e+01 6.82924012e+01 6.47407835e+01
  8.49996071e+01 8.63261040e+01 6.52613271e+00 7.16897486e+00
  6.78397525e+00 4.63538518e+00 3.87701606e+01 2.33587034e+01
  4.76423900e+00 2.19453648e-29 2.24928709e+01 7.50816619e+01
  2.33636432e+01 7.92528505e+00 2.67850329e+01 2.37967793e+01
  3.27590829e+01 1.52497235e+01 1.23581803e+01 1.66263066e+01
  2.17251372e+00 2.78016402e+00 1.01990188e+01 4.42393450e+00
  1.20309558e+01 1.06805196e+01 1.45713268e+01]]