[[ 1.78182415  1.01107101  1.53175274  1.27275618  5.17813376  1.1352914
   4.00006322  3.09561225  3.5133617   3.65203269  2.3785759   2.8684973
  10.71135443 10.51674838  5.90554279  5.77932126  3.01036536  0.85959877
   7.21801741  3.65206887  0.67198258  3.78335289  6.23767918  5.75031665
   0.67185723  0.82878488  1.83166306  2.04830652  7.63767065  7.06586014
   8.19024743  9.75729524  0.51949295  0.53621009  5.57936895]
 [ 5.60051478  5.28949626  4.01425046  4.36765446  4.02241409  5.29155434
   4.39847344  6.03904067  4.84703082  5.88974669  4.38505627  4.95060865
   4.12283126  4.55413155  4.91455331  5.68874229  3.64705617  4.34974428
   4.7929608   5.31996266  4.63853138  4.93186749  4.20968919  5.55677706
   4.75372026  4.06975055  4.73398489  2.82806973  4.4566114   4.81635151
   4.45529273  5.05250211  8.92323989  5.88584371  8.72885235]
 [14.38263314 12.63159993 11.87715041 13.20306788 19.95269898 20.20445778
  19.67796905 17.306829   15.74285508 16.89806149 12.8979382  17.96805734
  23.39483806 25.05975665 20.89786747 21.19487322 11.04776427 13.4608824
  18.97204321 17.45970651 17.67710447 19.73720044 21.98220143 22.87577407
  15.43200622 11.84798199 14.45389537 11.03903512 22.72275269 21.57611241
  20.47410235 21.38336467  1.73467897  6.24141629 11.44800669]
 [ 9.33914517  9.17902164  3.88275941  3.58641652 11.00600502 22.62975041
  12.23614093 11.94354352 12.57354254 12.69222958  9.47023634  6.79673085
  10.91131199  9.49363363 12.06098826 11.76465543 11.13145608 10.55274165
  11.05438502 13.18577224  7.92646815  8.01962605 12.32064272 12.80956625
   9.52949503  6.80742359  9.80864248 12.0388697  11.38926403 10.76371599
  10.65526923 11.69510306  2.94823567  1.01792632 10.51138757]
 [ 8.23870762  6.23239657  4.24840269  3.9686873  21.12691079 14.78387191
  15.05605347 13.98750687 14.69560872 12.97432322 11.71702535 10.93843991
  14.35353216 14.96658513 15.69848081 14.4331065  15.40201801 14.4364074
  14.67827322 14.14170281 10.11030468  9.13209871 16.41158084 14.33017218
   8.1285148   8.2493722   9.59240821 13.41258796 16.46434685 17.10609199
  18.03592543 17.45464911  1.77790076  1.30886779  9.36597025]
 [ 1.9371254   1.7985731   4.4039194   7.41701717 11.07428306 12.35485129
  10.14290549 12.501382   12.14962759 13.5547605   5.15660711  7.01169905
  20.97528162 12.81384369 11.74897523  9.91872082  4.07438734  9.4715848
   9.17161245 13.25716859 17.64964848 18.70795632 17.30570647 12.33978643
   2.65804904  3.11706559  1.94436424  2.81610927  7.39089951  9.87126285
  11.35267429  9.21324785  1.35812343  0.80083154 13.2578916 ]
 [ 4.82121546  3.72190129  5.35825103  3.48641112 11.45570219 10.70283533
  10.01701924 10.01344914  9.0020319   8.25071264  9.5841344   7.26141378
  13.25591079 11.48794813 11.35144925  9.98372127  8.2807222  12.46072425
   8.49594725  9.25577923  7.90482593  7.93466339 11.51750706 10.73731966
   6.34349071  4.60116052  4.7204153   6.19293249 12.58912612 13.73814969
  11.96018563 11.67592919  0.53693359  0.76378944  4.61429411]
 [ 3.90785185  4.36701371  4.37183518  4.5620034   7.73100625  7.73116674
   5.92307041  6.59974798  5.54402639  8.32069451  6.35702752  6.68785954
   6.98809464  9.55218877  6.32649374  7.09927001  5.27405256  5.85947953
   6.33178263  7.15413523  5.91190173  8.26615461  6.74259533  8.46004802
   4.91020731  5.32130773  4.25246951  4.88251861  6.79693678  8.34788364
   7.61481819  7.04187135 11.87788817  5.84302504  9.79087046]
 [ 6.67970476  6.34170222  5.19859806  5.75855672  7.0857539   6.91966627
   6.71605041  4.63024239  5.03292484  6.09343528  7.76963175  9.54357036
   9.15363246 10.77851111  9.36435878  8.02297838  7.99576977  4.99507963
  10.16957104  6.13154502  7.27567489  9.65848397  8.36802219  7.65790317
   6.40418413  4.18254399  6.69438653  7.99940755  7.6364584  10.56625318
  10.67634198  9.42827983  1.83137778  1.4749936   7.9599548 ]
 [ 1.21077531  1.40464111  3.07300153  1.8038598   4.84800967  3.16227322
   3.65816225  1.60503198  3.74081517  1.8127364   2.61547626  1.20891177
   4.68122263  4.31051391  3.78240489  4.73371342  3.86902502  2.31183198
   3.41005493  1.67747776  1.77361669  1.21865048  2.54206263  2.01407279
   5.32112557  1.46344926  1.53238947  2.39656842  4.8975516   2.52839553
   7.01544261  6.75403996  1.5788605   1.29815663  6.07791086]
 [ 8.46125892  7.92806936  7.58965376  7.08873327  6.48757272  9.44571997
   5.81034725  5.85088102  7.32259913  6.42590458  9.51066998 10.14145963
  18.25125757 16.32518369 10.16943969  8.34049766  8.15550841  8.35173859
  10.9110285   7.48952611  8.34129805  9.35170103  9.88428216  9.6380728
   8.23722023  7.13150459  8.31220022  7.86174983  9.77655039 11.19148322
  14.98999878 12.99223723  1.80764237  2.7355604  10.13448383]
 [ 7.15855255  6.6775636   6.77113665  6.08672047 10.05481659 10.58578945
   9.45475298 10.32753268  8.31975696  8.37458123  9.82122706  8.71283882
  11.70563362 16.66071566 11.30277624 12.71571377  5.83887329  8.23375245
  12.13230546  8.1406655  11.98720516 13.23639333 10.86729247 11.96780116
   8.51846634  8.75594047  6.8538392   8.24622652 11.16528016  7.71156177
  13.99242295 13.18636438  4.99748225  6.4926649  13.59140228]
 [21.1328313  17.66010437 14.23213317 13.90858221 18.36620276 24.86613525
  19.75196206 21.98139388 20.18961255 21.82965893 28.23925102 27.18040084
  24.74149409 25.14581583 22.0407038  22.38815327 28.92226746 25.75266569
  21.27985006 22.72091005 22.21820422 22.91081155 22.83147229 24.92593343
  21.07039695 21.91827153 20.82731434 27.50293859 21.75867643 28.96573271
  23.09799734 23.14543541  2.6113373   4.55359748  8.55323257]
 [ 5.67257293  5.82137943  6.74929062  6.45818025  9.10280446  8.67280933
   7.73508888  7.2179777   8.89091622  8.99196556  7.24451651  7.36736155
  11.17765085 10.75397739  7.34417156  9.642571    5.92374133  8.86890921
   7.91514879  9.44931765  7.9932486   8.02976296  8.82739279  9.48992396
   6.24438761  6.22013711  5.52242235  5.55229919  8.33126825  7.32640016
   7.38047535 10.17275038  2.83229438  4.50318639 11.5736341 ]
 [ 5.41587179  5.58321973  7.44275061  7.62666272  9.3080079   9.82962477
   7.13363358  6.67540243  6.30302386  6.25795467 10.02768734 10.64034
  10.88197879 11.74155076  8.32011314  7.27349875  9.23621871  7.42858475
   7.11007479  6.46169156  9.16610729 10.15960622  9.16886003  9.12424641
   4.43617242  4.10730996  5.57392778  6.15258599 10.02830096 10.67851832
   9.09822518  8.39099711  0.84856093  1.8594499   5.65491917]
 [ 4.81852     3.70762129  5.12952565  4.01715115  5.54965279  6.8901275
   6.3397925   6.03481706  6.07921759  6.06434235  6.04854032  6.68054733
   7.58848537  8.12421092  7.70224651  8.34391805  5.65635953  8.18676026
   6.96302356  6.39938942  6.57977428  5.99220842  7.04932928  6.90040551
   5.85534598  5.25168265  3.32485612  4.5144561   7.3067055   7.28252258
   9.11083457  8.95495647  5.66568798  6.75694152 13.49390251]
 [ 3.42424969  3.32766971  7.36383464  9.25771245 11.73344711 11.19446245
   8.74767196  7.81684196  8.1621108   8.98545921 11.19674674  9.49619559
  14.18044937 15.99354711  8.59291899  9.65696892  7.32762453  8.77397132
   8.35628194  8.97745031 13.73363499 16.42573145  9.88175872 13.72889367
   6.59198112  6.28919652  3.91274482  5.89068279 11.4720715  14.1383705
  10.88391177 11.05346377  1.57173406  2.20153821  7.44273861]
 [ 4.4029567   4.96303448  4.96492135  5.15830196  7.21173651  8.68335302
   9.49505622 10.74626851 12.0571159  13.16875207  7.65518205  9.3599923
   9.25097349  9.01307728 10.35248563 11.18052603  8.29995954  9.52713109
   9.77984056 13.69549475  7.14805306  7.65549245  9.1782045   9.70549882
   5.90206785  7.48636319  5.40708942  7.32345529  9.21424864 10.86952783
  10.06438087 10.03044786  2.00014325  1.13796081 12.69766504]
 [ 6.4904056   6.77693963  6.78807502  6.94408025  5.8959643   5.63160114
   5.75529258  5.83248593  6.45978977  7.18959426  6.5492602   7.24579574
   8.3609509   9.94294339  7.13129     7.89086471  6.68974477  7.97138424
   8.06670713  6.88546777  7.37310882  7.9584629   6.37329079  5.99425426
   6.46109863  7.22135236  6.60809748  6.00119742  6.29966018  8.8806468
   8.59807579  9.29953035  2.98429852  4.13785099 10.82046751]
 [ 9.12012966  9.6697634  11.02398555  9.3387888   6.65268056 10.54706666
  11.07997412 10.59361138  8.01620234  9.05092669 11.96477003 10.95968737
  14.41730891 14.90323734  9.68171534  9.68540303  9.32466493 14.69407617
   9.01823429  8.46072387  7.12508188 15.60697674  9.14114184 11.53684467
  14.17055469 10.32647704  6.70414835 10.95814311 13.41399502 10.72221962
  10.7716573  11.29920212  7.94523568 12.97794337 21.63520413]]