[[ 4.49332226  2.37301266  3.53065649  3.19425689  9.41592866  2.33634368
   8.97768945  6.75713104  6.60622835  7.25234347  5.35065389  5.64974481
  10.16286195 11.62988919  7.96815157  8.49932211  6.99791638  1.19862112
   9.94258332  7.08087798  1.12425169  6.15924709  9.52716594  8.17412228
   1.52780288  1.98500837  4.4816239   5.3672351  17.530308   13.64898113
  10.1124125  11.57498257  0.4567658   0.76332419  7.90766519]
 [17.58105867 20.18719797 15.75683859 15.9526357  20.19961385 21.32679264
  19.80026282 19.92624738 16.51290748 17.61980717 19.0941031  18.13290293
  17.3996645  19.57964594 17.58955351 20.11828871 20.34142424 18.5721575
  19.37401366 17.58567992 20.37775643 20.23934802 18.87515169 21.56962319
  19.03542189 15.81862826 17.22332939 14.58835456 21.22179087 18.0325654
  17.51115058 20.58962141  7.48679144  5.53236163 11.45470823]
 [ 8.80744196  8.410187    8.50214979  8.80567366 10.29478965 11.64906492
  12.3210078   8.43725111  6.97125993  6.89472645  7.33506198 10.60025801
   8.56346256  9.56011353  7.95367051  7.59924885  7.15800491  8.15943391
   7.15300464  7.83155669 10.32753495 10.74935453  9.87920244  9.55856742
  10.77065282  7.69975647  8.86496028  7.44589111  8.8144163  11.00369235
   6.81177123  8.15868818  1.88372481  5.67519532  7.97520792]
 [ 7.19259612  7.42511428  3.76477651  3.80265478  7.97255675  6.71786949
   9.25925074  7.71352982  7.48558433  6.84678451  7.0083413   4.87205039
   8.17265257  8.18047016  9.17756107  7.78167156 12.30276556  8.3910244
  10.30113077  7.9612593   5.78414128  6.95371042  9.44173872  8.71217883
   6.11726143  6.46238369  9.13595615 10.46178417 10.09455333 10.85074447
  10.33661507  9.50803853  2.69643958  1.24363879  5.15493272]
 [10.97230346  8.14640259  5.92943535  5.69180362 10.95920178 14.55361103
  20.11430819 20.50772984 20.92643024 21.73963773 12.68110102 12.77086539
  13.52916812 15.10518207 20.05828791 19.8044524  16.43119287 11.59668786
  20.02723342 22.57061362 10.84416215 11.93150968 16.32946605 18.6023467
  10.49461966 10.06826813 12.58354415 16.41511911 15.23825242 16.30124621
  15.92950202 17.72749893  2.92421055  2.54812712  6.89440911]
 [ 3.9026597   3.94333842  5.7127973   7.35057441  7.73357706 10.29958099
  13.29784965  8.04170817  7.9768613   8.18211398  6.70896486 11.30855301
   8.6010272  12.15129133 11.69457416  8.94661351  8.64050246  8.6368116
  10.22638095  8.55470873  6.91819511  8.4531608  12.14032686 10.32741863
   4.32727013  5.49393914  4.23604893  5.74960225 11.16802155 14.95285776
  12.38404594 10.58041978  3.45220501  3.17352665  9.99004136]
 [ 6.22020275  4.95619392  7.30605398  4.57418261 13.95750253 11.9493037
  13.81398829 14.25065745 10.65012288 10.53240203 10.92225992  8.90763203
  12.99888213 11.22610657 12.55463943 10.73630493 12.74695278 13.23076922
  12.15069319 10.63512695  9.59276283  9.33156187 13.86402463 12.27335781
   7.98179221  6.01041908  5.8092987   8.79884049 11.58560014 15.51057636
  11.29931703 10.77848441  2.29868461  3.07001246  3.51773325]
 [18.4504796  19.71707271 17.03517647 16.73366732 22.43294949 24.0036282
  22.56658818 19.36637822 17.81095002 16.29896965 23.92336836 23.39259831
  16.33501013 22.31260311 19.18946544 16.46393737 25.3146441  22.19738904
  15.36570203 17.15063178 22.35570962 19.70227482 20.6051523  21.66214974
  21.50628242 20.11299681 21.36875374 25.14455026 23.08825855 23.02441698
  17.32686414 17.23485848  5.5217802   6.61019617 15.77152806]
 [10.55382053 10.02039527  9.65653646  8.76750006 12.20853679 11.35176721
   8.8317591   7.73371822  5.82849145  6.66081346 11.35637453 13.02991103
  12.96809765 13.39963955 10.94426856  9.80254552 12.43996059  7.63313322
  11.09264862  6.7439115  12.00730863 13.67075654 11.89806937 10.90194385
   9.44572224  6.20837533 10.77414678 12.75200936 11.19425443 12.67488474
  12.94954958 10.29046274  3.27100952  2.26860003  8.11862247]
 [ 2.11435772  2.5103309   5.16793692  3.18089937 10.52808851  5.95563548
   8.15776695  2.77047757  7.89649421  3.15399057  5.20933447  1.83986761
   9.67047953  7.49070918  8.07985506  9.35619835  6.88633773  2.65567511
   6.58605117  3.02416728  3.17175165  1.82639384  4.81879866  3.6161933
   8.1285205   1.78997159  2.78124626  4.52373661  8.66594343  3.29870104
  14.21302623 11.54701073  1.9040005   1.79824282  6.43724133]
 [ 9.88463781  9.26322588 10.2658603   9.74080179 10.19203257 11.26653029
   7.48155428  7.79886021  5.49096319  6.78870347 10.75725252 10.1320343
   9.97484782 11.72914715  6.83389394  6.68229213  9.58206581  8.34697064
   7.03501169  6.82865916 10.84143622 11.0231624   9.36008688  9.82180915
  10.62721153  8.58743719  9.50368394  9.85617942  9.76599743 10.07052653
   8.22450087  9.57834006  3.26616582  4.20388748  7.71720103]
 [21.23153443 19.12354798 22.02784735 17.41692817 24.12742062 21.21413128
  23.46117717 24.56303037 20.7241366  19.8887307  25.92561366 22.42516769
  23.85138318 24.19197993 21.92001472 24.14459873 19.09338953 18.51928396
  22.77452926 21.55807572 24.17436715 21.18732946 24.04751381 20.60374849
  23.82084078 19.70560808 20.60306076 23.13241847 30.1944727  21.17861924
  24.0029752  23.23101721  5.22536726  8.67113659  9.94999967]
 [ 7.9710972   6.83123662  6.62738551  5.13695801  9.68801079 10.41916543
   8.3610551   9.70051732  6.98849521  8.48804102  8.82001102  7.99260103
   9.31791803  8.06923872  8.01540038  9.1068428   9.72553664  8.44911136
   9.03917198  8.339407    8.3888706   7.11890756  9.67847307  9.80077256
   8.22758614  7.09107372  8.58372649  9.90251708  8.59938832  8.22025314
   8.41873815  9.46008351  1.785675    3.58487289  4.62334977]
 [35.98597206 37.13705577 40.7186536  38.57844738 42.64658572 42.33952427
  29.89088492 34.69616879 28.43001968 30.3468097  43.21456571 39.61257979
  36.86785446 39.42231065 29.24378855 29.81876402 42.0642173  34.32360076
  35.80911811 32.14246811 43.62091398 41.62387065 34.95682328 37.55867298
  37.52810046 36.67563396 36.85654193 38.38058297 46.4164991  40.29895295
  35.12308156 31.1927002   9.94400815 16.60367804 19.90047619]
 [ 7.81437215  7.28078945 10.43525206 10.92160887 11.74435621 11.70547144
   7.47631829  7.52456832  5.2395519   5.30199254 10.39343109 11.38522051
   8.41085603 10.87889129  7.00922952  6.43821833  9.80814557  6.79607521
   5.64088055  5.16431467 10.86776518 12.32707725  8.89860706  8.94714445
   5.64135543  5.21275574  8.02375863  8.8896887   9.68163049 10.81904783
   6.59719081  6.82010461  1.39874066  3.54056643 10.21813658]
 [12.95055458  8.61524621 13.79819119 11.09710907 19.28328779 19.43800565
  23.67853706 21.59328845 24.70486584 23.47056165 18.09808851 12.85357889
  17.38799235 19.46236725 23.61775558 22.16397589 20.48676818 18.2443974
  23.7201001  25.1949154  18.09321939 16.08293088 22.9061373  18.84477279
  10.93387449  8.7448994   9.6919491  10.35768032 23.72151638 18.92891777
  22.79463557 21.26862326  7.48695237  8.55138312 11.25308981]
 [ 4.9919137   5.42884104 12.18150988 10.3897169  18.75304066 15.93656671
  14.44378097 11.21607082  9.71245788 10.20699051 18.55643289 14.18734619
  18.11609073 15.49516101 13.15079321 11.55176149 13.99780354 13.60612771
  11.36612638 10.13738394 18.2302763  14.97993086 16.39861083 12.68661779
  10.54043928  9.84525204  6.19998358 11.19969532 19.11096232 17.16654001
  13.83017524 12.38723318  1.58824065  2.24065838  6.60369728]
 [20.21583762 19.77469305 27.43624615 20.34802982 37.40878243 30.85866531
  29.05350829 26.59053003 23.9455411  21.56664358 33.57114908 27.26288171
  28.44784264 27.36061379 24.08662223 21.82491787 30.82403509 22.84180921
  20.75815591 22.76447221 34.84232741 28.1527884  28.75327823 27.84698357
  26.09671367 25.18858189 23.06364356 28.77816813 31.7033468  30.61768519
  21.86434323 19.54838015  8.12565855  3.55329881 16.7302991 ]
 [27.09939241 24.51085946 31.75693603 26.90654875 37.89881581 34.98617755
  38.45966513 37.3100028  35.48122987 34.23348867 33.90034512 28.53279996
  36.67614221 32.78238434 39.80032596 37.2783133  38.49830826 31.15734414
  37.63348885 35.65969388 35.72330304 30.4292719  41.30285745 36.32004502
  29.83538051 26.04762056 25.60139742 28.4136401  35.05762756 39.73353613
  39.0820173  36.49514769 20.21027544 26.60340475 25.11917033]
 [11.5056375  11.56851671  8.07216865 10.85715097  6.52381608 13.45497937
  13.21555092 16.40340747 16.84523766 19.39032269 17.09691745 13.13400064
  16.03672299 15.72625378 14.32733292 17.35041112 14.40956357 13.27540765
  15.09086542 18.14934481  6.87156754  9.99841443 12.19210589 16.18610702
  11.81660674 12.83020082 10.55656923 12.38287732 18.05708871 12.47596978
  13.36358616 15.28764197  7.60138452 11.06032555 10.97729374]]