[[ 6.50209321  3.21757149  7.36983452  7.4245751  34.7488719  10.69968462
  65.33816773 72.8588593  74.10471512 76.86351226  7.90460766 11.10580649
  31.08497925 40.27573939 68.57286439 70.88786084  8.74193033  6.66682395
  63.7722096  74.53058557  2.49588758 20.10417752 54.31123371 61.83047323
   2.4340381   2.93734459  6.83904137  7.02951494 23.41838458 22.91077778
  59.41564785 55.21261928  0.72326082  1.3164759  14.62736889]
 [ 7.09766299  8.19132944  4.2128559   4.6964021   7.38214136  6.50393996
  11.13396442 10.60455311 14.23384163 11.60680883  5.9286126   5.57357124
  22.31433697 20.08264392 17.12168412 12.1323261   6.55114115  6.22093468
  12.82878583 11.97850679  6.12695235  5.91784497 15.70631578 10.98702339
   6.19379267  5.29795323  6.63544414  4.73732796  7.24176207  7.54429208
  20.53073286 15.11179112  3.43308508  2.78133028  8.24747096]
 [15.46274621 14.54875497 14.85115216 15.1028938  24.98557541 28.99457465
  43.44843568 35.71367194 60.44314823 58.91273056 16.91202361 20.67506047
  35.51898124 35.60991566 51.89227553 50.25085239 16.91159682 17.86306155
  52.77126004 56.02929692 22.87166505 20.96461212 41.87053941 42.40386287
  17.97575221 14.12950538 15.61776816 13.49014029 26.17268154 24.42340064
  53.45020816 44.42064734  1.53597169  6.51049742 14.35092304]
 [15.74462022 14.9895377   8.71007389  8.35867651 28.11296198 25.51668561
  54.72752536 56.92922817 60.97551466 60.67158192 20.75055332 11.80587605
  28.88473411 31.9541627  56.61612578 55.90511486 36.40771993 27.17892545
  56.80558647 58.62814671 17.21688921 18.82527923 42.69108498 45.24670542
  14.72741942 14.05281647 20.97093244 27.84577253 32.53120638 30.16569628
  53.27346733 46.97296202  2.47018596  1.15982738 15.59870962]
 [ 9.17426964  6.77716093  4.53925344  4.65023975 12.48735517 15.16879087
  28.68803024 32.88503609 33.68796079 31.0446466  11.47619149 10.29859194
  18.09558704 21.91887023 34.42945303 32.57452104 19.35181844  9.65069041
  31.2799379  30.6027922   8.54687481 10.29999972 23.92008437 25.24208733
   8.93521403  8.72548346 10.76919652 15.62182339 16.0056193  15.39485638
  36.47230835 30.7776572   1.79300782  1.67367704  9.67625592]
 [ 1.79581732  1.77020054  3.63445286  5.70351621  7.10232995 17.14134806
  28.10489083 41.29946333 37.78102086 31.06878859  5.70654872  8.03472026
  14.01410452 31.93909541 29.1177384  30.17513386  6.31035625 16.58894513
  23.0143376  30.53267615  5.60529433 10.53112501 17.01892049 30.79532077
   2.60863216  3.56104306  1.97370109  3.61317549 10.53668464 11.78564792
  22.36034273 22.36727998  0.87620725  0.83102592  8.86595179]
 [ 6.21387935  4.92834111  8.36414839  5.20213792 25.17049421 21.54475234
  40.91371446 47.6414571  56.75432861 57.39566131 12.3775092   9.6893056
  19.02216333 16.99561679 44.29939524 49.67377418 12.37510146 39.62481333
  55.54357359 58.98313702 11.67401383 11.9922569  31.19441816 30.28149464
   8.65519389  6.3284404   6.06941953  8.69256544 15.04763259 15.91289787
  39.73143918 44.16409029  1.01557466  1.49830054  5.23930163]
 [14.25491833 14.69451738 14.01973488 12.94341055 25.63941271 24.79195813
  44.21925268 42.57455149 51.74132198 44.39386481 20.80077511 17.22271143
  22.02225615 28.07131948 49.26386868 44.11191549 19.36664419 32.22253568
  45.62807583 47.03085633 21.23229508 15.88695775 37.41031954 33.14172325
  17.25519324 14.89763883 16.10658895 18.08902535 21.28731504 18.98054133
  45.80258587 41.26987552  4.87601164  4.91285152 13.37389849]
 [17.39501201 15.63802943 20.13367665 13.84088652 35.9769263  35.07220887
  57.44079225 63.84560897 68.66309992 65.10857269 22.68445008 17.97251498
  27.73383092 26.9980759  41.7111273  48.10894659 21.71550535 27.95038014
  39.66693354 64.00839947 26.39610118 22.22141791 38.41704667 43.57602544
  18.06200673  9.22799857 18.46964296 23.90767297 18.30935086 16.53230495
  28.89501497 33.34019169  5.1434497   3.22567229 17.19336507]
 [ 1.75620171  2.68713333  3.32295619  2.67994047  8.59907908  7.24989393
  15.07333609  2.70924674 18.0334205   2.90323648  3.79326771  1.62197148
   7.68895019  5.31506001 23.10309377 16.53420407  8.87905985  5.73343392
   9.98051745  2.39921346  2.02147919  1.64713093  2.89376222  2.36576813
   5.34649105  1.64771909  2.51645307  4.63103364  9.68803477  5.55838317
  26.15527363 15.54769238  2.64899502  1.54365988  7.04664694]
 [23.78062057 22.49237518 25.61147046 22.9014363  36.73107992 39.94526472
  68.16197085 71.19246418 73.74445702 72.12801591 23.37274452 20.73064395
  40.34745278 33.05733307 62.05602978 69.66416331 20.33979635 32.35184983
  60.85356498 70.19798105 28.27131436 28.23354314 52.11514384 54.78620951
  23.19909095 20.506089   24.03926035 22.37163306 23.69172346 21.97490502
  49.60437835 48.14206775  5.2870124   7.21359767 13.30660702]
 [ 9.76599006  8.9033936   9.99016642  8.1219791  14.77843901 11.93843877
  31.0118704  24.25099409 44.56392779 40.3925032  11.16948706  9.53779983
  11.38515013 12.78882638 26.82657159 24.3057129   6.57690514 40.95357763
  27.43009243 42.85957382 11.22147423 10.44742137 17.68553342 12.53052909
  10.82186955  9.33086286  9.38027606 10.03961815 11.49021046  7.98803798
  19.50132782 17.51699455  3.07384174  5.15106489  7.38482525]
 [12.68347499 11.26020432  8.12968806  8.06861655 17.59819982 22.8882617
  46.51765937 45.99814253 51.43164485 47.43611826 14.57599966 16.55134604
  18.67819371 21.50695443 46.4189461  44.36854602 20.81989036 14.39566169
  40.67035067 43.32776201 12.86745913 13.80100995 31.90203735 33.47374706
  12.13319747 13.92724659 13.94452459 19.09259678 12.98078343 19.03855806
  35.63077073 34.8654059   1.52439808  2.80784452  8.66953477]
 [18.93638593 18.50041182 17.98093997 16.00219645 22.8162842  20.31839947
  44.07551353 38.55735981 45.4719136  43.4499943  19.48898362 16.48747709
  34.62237095 22.40650942 45.87962537 42.44343394 19.50997546 24.18063381
  36.20499098 40.56531215 20.35301685 16.92580532 37.66478646 27.95016796
  20.99120532 18.11747134 19.67918715 20.28325024 20.44821931 16.9394499
  39.6733796  40.70567885  5.08110038  9.53346375 14.59870251]
 [20.69308618 21.00807944 31.36322433 29.81812628 47.22850859 44.61955371
  65.000701   63.18108951 73.38705719 73.44040235 43.36491309 38.46623491
  50.48991009 44.53792807 64.0467046  66.16439968 45.82481974 53.08057237
  65.46231581 72.4484987  40.24762325 35.98165271 57.82941735 55.83607295
  18.78384692 15.6405168  22.47808985 24.31181005 42.58273969 39.85480464
  60.63503428 58.94381057  1.02516904  3.20958958  6.40745676]
 [ 4.46671222  3.18487193  4.26219351  3.53394335  5.88129385  7.73501765
  10.59626248 16.11954096 14.62203553 15.65967542  5.69303134  4.49273516
   8.30783589 10.63640752 12.03165322 15.38719615  5.87803786  9.73789661
   9.04563723 13.77093111  4.73906226  5.33052349  9.22120703 10.6951664
   4.85363219  3.87638028  3.16553852  4.02032713  5.90304177  6.45079477
  11.57805662 11.57203116  4.33600531  4.80421353  8.61221209]
 [ 3.89366404  3.88426545  9.26376001  7.87759458 20.09305984 20.78102213
  37.01674256 41.9487158  46.84361245 42.10954217 12.15154648  9.54277946
  19.53213215 18.99621232 38.16668744 37.43720539  9.95277629 30.49647103
  35.87860211 42.33695629 13.59004527 12.27356232 28.78663363 25.25371439
   8.02589426  6.55194157  4.59178437  7.92415544 12.89961315 14.35271414
  34.70897171 29.33166834  1.26935826  1.56216908  6.51211524]
 [13.97562995 15.37233723 16.37928263 17.42062648 29.78294428 33.66961638
  42.6555215  46.29705855 42.16333275 46.47365731 21.84687944 24.37152691
  37.78718625 43.17605728 42.48795552 48.40227313 26.64100961 42.35090489
  39.13302405 41.17106167 24.77557581 27.68294641 41.63345964 44.62351951
  17.843706   21.76182659 17.47009681 22.51228065 23.75366547 26.81438055
  44.79519447 47.90092779  5.05219638  2.07807618 11.33566463]
 [ 9.29658013  9.66840608 14.01811802 11.47144747 25.63500633 21.32805268
  27.00890057 24.54941796 23.4681904  21.09347353  9.41544036  7.70473386
  22.29377408 19.47832444 25.33954758 23.91168318  7.53610981 12.73051416
  24.99752067 21.9871485  18.34294015 13.13465764 28.14296336 22.24515646
   9.36034401  8.9193679   9.50483399  7.34913076  7.70026463  9.36178578
  24.83801067 23.62674784  6.19934995  9.40778221 14.33961399]
 [ 7.15157744  7.54886884  8.66605054  7.05321435  6.6720607  10.55164421
  25.81205487 25.90651272 35.11837279 34.05479245  9.77855904  8.39096305
  16.8422706  13.04122177 33.30024341 28.53151206  9.96969133 11.21611533
  35.24986598 30.92976822  5.7618173   6.19072216 19.49582953 18.42831466
  10.73532078  7.55501842  6.20160493  7.50859921 10.41932105  9.83717709
  30.73287089 19.6462571   6.34686034  8.46494452 15.42265452]]