[[ 0.64992175  0.32381168  0.37523889  0.29971359  1.36908751  0.25655614
   0.44855392  0.27911371  0.29757924  0.36730338  0.66862895  1.02386592
   5.73911585  2.35235223  0.71643453  0.5899902   0.85995887  0.178628
   0.84784392  0.35174768  0.27728092  1.13143605  1.02208326  0.86840858
   0.17229382  0.26436111  0.53528276  0.50669355  2.04176269  2.55366755
   1.28821814  1.27532534  0.21329632  0.25638304  2.53749574]
 [ 1.88976233  1.81018028  1.12780854  1.10266008  0.90878844  1.57182627
   0.87502538  1.46089131  1.16958171  2.3008445   0.99740514  1.05599453
   0.93059116  1.01398205  0.91363256  1.07713471  0.96704697  1.0773717
   1.01619597  1.79888491  1.1649302   1.05206346  0.79567927  1.03770602
   1.30195712  1.07666196  1.7821513   0.84153358  1.0248633   1.08769561
   0.97784491  1.13824707  5.15990724  2.83529735  3.01650467]
 [ 7.05866892  5.3263749   4.23245531  3.20146451  7.63499804  2.23228318
   1.5298832   1.45115523  1.17009595  1.34821139  3.16352311  3.32259217
   5.19177014  3.43867431  2.00522508  2.27047647  2.50689366  4.9446564
   1.85760834  1.42501598  5.12004503  4.00831576  4.43615391  2.57250671
   5.9881973   3.83355805  6.6517106   3.69696093  3.06272031  2.73084249
   2.01836984  2.81829386  0.88866899  1.93556088  3.06805434]
 [ 4.45858322  4.52875429  0.94074172  0.88066595  2.69719947 11.01839701
   1.42715923  1.30014592  1.94068287  2.38875838  2.45486529  3.27028374
   1.51137917  1.72438024  1.13588664  1.0926658   2.68874108  2.09933263
   1.09758073  2.56189831  2.11286808  1.8393964   1.62937448  2.23992771
   3.76731937  2.92505449  4.64227526  4.09079801  1.89167097  1.95917921
   1.08258307  1.24985136  1.56501545  0.5262267   4.93513611]
 [ 1.95244397  1.42144535  0.94464978  0.82714678 15.01561309  5.40083481
   2.1843194   1.89805127  3.33189914  2.17746162  2.26077831  2.15503991
   2.83227746  2.48874225  2.54640619  2.0878701   2.76368993  7.05759433
   2.2195856   3.13079452  3.76203002  1.6662306   5.97154107  2.91635498
   1.64839248  1.65091501  2.10070408  2.46806173  2.76556898  3.17392027
   2.76127927  2.66676933  0.85410042  0.38966576  3.28728852]
 [ 1.41756046  1.20839339  3.49614931  8.26324353 11.28496449  9.79830514
   3.56871301  2.41091201  4.12970245  6.82771194  2.52891363  3.87513481
  27.70827538 10.17872673  5.59237149  2.66720753  1.89221911  5.54062355
   2.19322531  6.84170636 23.74057274 23.31885668 21.73630815  7.98098143
   1.56816372  1.52940527  1.45922847  1.53244365  3.55195267  4.72641684
   5.35443335  3.32989171  0.8944971   0.49525777  4.82083712]
 [ 1.47987822  1.09195267  1.18345288  0.81894144  2.7706942   2.40080193
   0.84313964  0.95011034  0.69469193  0.60159698  1.57752708  1.24106261
   2.21834549  1.96002008  1.02560985  0.8899879   1.58325839  1.30424392
   0.78957478  0.68858011  1.47145018  1.2745612   1.25071177  1.20714004
   1.4771695   1.12605106  1.37119314  1.34975218  1.75378741  1.9870554
   1.30957604  1.31171758  0.20930649  0.19450305  2.73049972]
 [ 1.09745225  1.22410105  1.41855963  1.27378159  3.07049309  2.34338356
   0.77673777  0.79671481  1.73218797  4.33262937  1.44580302  1.64974298
   1.17487457  2.17435156  0.70352472  0.93822848  1.16683209  1.27659324
   1.03424325  3.18281626  1.34750383  4.42469182  0.97405036  1.86211286
   1.26486799  1.46482564  1.25809981  1.17267823  1.61457     1.90105899
   1.04279157  1.16775416  8.76885009  5.3030381   4.01600356]
 [ 1.35079198  1.14581149  0.8678425   0.77955964  0.86265604  0.86788358
   0.99430345  0.50543071  0.44078911  0.61547977  1.16657004  1.32785583
   1.32992809  1.8559852   0.91970043  0.86659748  1.33512104  0.68682334
   1.03091736  0.5686195   1.13408008  1.36217271  0.97665565  0.90187761
   1.11377851  0.68999412  1.40336509  1.20277058  1.35475272  1.56577543
   1.34427909  1.34212219  0.97417736  0.73010708  2.04655133]
 [ 0.37409715  0.40926197  0.6102964   0.61323863  0.78350083  0.53337904
   0.50791915  0.56392676  0.92665057  0.58769473  0.56394807  0.50702548
   0.74485941  0.8176446   0.64521398  0.81327824  0.7193923   0.66505717
   0.76074741  0.48762927  0.56283587  0.45209622  0.62746034  0.6358572
   1.15270149  0.57198567  0.41775564  0.49771388  0.84491743  0.71292756
   0.9503041   1.3757433   0.59988466  0.31542989  0.99385391]
 [ 3.76515112  3.24332235  3.29731674  2.37471067  1.6035411   3.55409179
   0.84677567  0.63480372  1.64548681  1.07306293  2.13715853  2.31415314
   1.968544    2.03805062  1.18481918  0.84044583  1.70091673  2.19723018
   1.10012794  1.5263788   2.21869005  2.4814574   1.36377058  1.21773949
   2.6090231   2.31206277  3.4232577   1.9994171   1.76290366  1.92976783
   1.46469812  1.53580073  0.63232111  1.27968068  2.61982875]
 [ 1.93481166  2.08834817  1.9814944   2.00175186  3.24257786  4.89569933
   1.69121649  1.99139963  1.1836409   1.18657227  2.03323765  2.33843279
   3.1737168   6.92505599  1.7914927   2.22052388  1.23059974  1.41996525
   1.84313289  1.18832225  5.5100324   8.2953206   3.13654372  5.10954081
   1.9582432   3.08511806  1.7947387   1.70648378  2.20722602  1.97775215
   2.37402469  2.68679203  3.21075958  5.40647672  7.77006325]
 [ 3.58794212  2.96714705  2.08760084  2.0565133   2.2473998   3.07273547
   2.2962547   2.51881058  4.354622    3.87314666  4.39258978  3.99197004
   3.39957882  3.50085711  2.79960701  2.77369639  4.33543662  3.95315701
   2.80040704  4.77307152  3.20640596  3.23806533  2.66035118  2.91170845
   3.37670676  3.2575109   3.53550238  4.30796512  3.63557363  4.24538444
   2.9455372   3.05614065  0.44154165  0.83289699  2.51839915]
 [ 1.03127956  1.03927368  1.05050662  1.04142623  1.05809792  1.15694377
   0.66615982  0.72835206  1.05497054  1.29432203  1.32034458  1.40982538
   1.44424115  2.16194137  0.60822943  1.1188892   1.15828316  0.91285677
   0.67400117  1.28186899  1.31791725  1.33632702  0.87022856  1.32927571
   1.21081526  1.24009183  0.96857203  1.05919321  1.47447238  1.70678701
   0.52889373  1.2872052   0.52936421  0.83599623  3.87973918]
 [ 1.32576133  1.25204426  1.27268526  1.30036959  1.09837505  1.40473627
   0.85546298  0.68335817  0.80006199  0.539243    1.62730014  1.78660371
   1.56394469  1.7963609   0.97183981  0.72433936  1.543296    0.92735744
   0.79473846  0.67896295  1.38401212  1.54237798  1.13238411  1.09916577
   0.89124116  0.82116036  1.1765929   1.23399079  1.74580778  1.87700854
   1.20280773  0.99533041  0.29478726  0.47794526  1.75319945]
 [ 2.82881242  2.00625184  3.16613126  2.01134413  2.92165416  4.27626543
   2.75714345  2.19741184  2.28354845  2.08484326  3.69003201  4.09589069
   4.35448482  3.90972791  3.3564224   3.31202437  3.78769351  3.07684283
   3.15250008  2.38384269  4.52341661  3.79070486  3.17760252  3.15681765
   3.27359428  2.74531119  1.97743893  2.50727114  4.81638801  4.68777285
   3.9110982   3.90225111  2.79457614  3.2171234   5.34246742]
 [ 1.10712995  1.05495778  2.31818807  5.33172809  4.44364678  3.24629119
   1.76663684  1.63940626  2.90224584  2.94242707  2.90565447  3.03235024
   6.90049054  5.06830271  1.5438249   1.92610285  2.01933531  2.02738166
   1.68124438  3.49421795  7.22744035  7.54536892  2.11672206  5.58949374
   1.76839491  2.00787827  1.15836115  1.63927448  2.93461451  3.64369763
   2.06644076  2.28701814  0.90234638  1.29825049  3.53111577]
 [ 1.03149267  1.37701694  0.86082347  1.02275676  1.06881777  2.41263209
   1.07593123  2.59969912  1.83830127  3.1377894   1.37105908  1.52103577
   1.21231546  1.39844287  0.98363599  1.71295073  1.44903699  1.32202706
   1.04634125  2.97623141  1.06189877  1.26986282  0.97607027  1.87976851
   1.11838676  1.47334992  1.2657172   1.36429073  1.69684468  1.8626665
   1.05147322  1.26915467  0.63012459  0.49798512  4.03925654]
 [ 0.56619024  0.62524989  0.63710953  0.61073609  0.53908815  0.4758958
   0.56556592  0.56357129  1.22120282  1.94456792  0.65992677  0.79813597
   0.6513444   0.89072261  0.57365587  0.76563767  0.61326148  1.51371748
   0.77947057  1.68494935  0.75799614  0.75148745  0.4339652   0.45233013
   0.66238798  0.82260892  0.55270682  0.5401037   0.57410935  0.94930081
   0.70102264  0.83372773  0.72537787  0.73692693  2.65149496]
 [ 4.37540562  4.70340097  4.06386768  4.12633719  2.76943501  4.04536422
   3.67697303  3.40547353  1.55400921  1.833837    4.50486432  4.47969753
   4.51131313  7.13217878  2.38520698  2.96184953  3.278184    4.52993301
   2.20178199  1.80019236  3.25902032 13.03466021  2.28213825  3.54283754
   4.70830493  4.43351756  2.47544787  4.66468926  4.65297864  4.91511617
   2.65929493  3.90258422  3.92907875  7.31353675  5.40871003]]