[[86.57283863 93.07453315 87.19251737 87.80869824 49.28797818 85.57212415
  21.23552568 17.0092837  15.47811559 11.86480821 83.6975336  79.35208548
  42.30168852 35.22527082 16.83700673 14.24350559 80.38982906 91.09632816
  18.21934574 14.3847199  95.43059723 68.82178645 28.90183791 23.37667926
  95.19400797 93.98450105 86.31238891 85.0482499  49.37187407 53.8207134
  20.99347408 22.17977757 98.08718411 97.12760677 69.34810123]
 [67.83100123 64.52179606 74.88824651 73.88064767 67.48704227 65.30588679
  63.79227394 61.96926752 63.23663836 62.58279281 69.59482289 70.28692265
  55.23257611 54.76959654 59.4605765  60.98350819 68.49333148 69.77979183
  61.98804373 63.31696573 67.69182964 67.85887605 60.41316407 60.84887034
  68.71510807 73.737006   69.62509028 77.00471418 66.05497236 68.5190954
  56.52497892 58.10783827 74.99697635 82.96516704 68.55246378]
 [54.28850977 59.08308319 60.53709235 59.68690015 37.13193791 36.91961947
  23.02270427 37.09109271 15.67264081 15.9462701  59.6914531  47.43403201
  27.330948   26.33153985 17.25096141 18.68454907 62.37574034 55.57196575
  19.24608377 17.25442391 44.0036505  44.54051716 21.83190281 22.58928893
  49.83339145 62.4891981  54.41166559 64.32797256 39.22742916 40.26595211
  17.24554841 23.21900595 93.95695555 79.63733009 63.15780801]
 [63.26505528 63.87757209 82.70164848 83.37158625 50.21127678 34.11729748
  22.34992373 22.11355257 17.02467559 17.40064561 60.31600374 73.25505896
  50.51992216 48.64735327 21.00943825 23.45589236 37.46931735 51.77797586
  20.741317   17.66292344 66.95963327 64.3619879  33.91715909 30.9916218
  65.85850475 69.75232176 55.44219368 45.56277559 44.09330528 46.26066406
  24.65206529 30.57404503 90.32012333 96.05238081 63.79983398]
 [69.66227532 77.42259457 84.33825875 84.86212255 40.41091917 50.09289139
  33.9572887  30.72167593 27.35810111 32.06393083 61.86490383 63.83706286
  51.18943522 45.52062032 27.26737206 31.10004997 46.05128075 57.25862
  31.79496986 29.55409686 66.73662834 66.97016129 37.36732768 38.90903881
  70.79325902 71.3059612  64.95414704 52.08240781 49.52621244 48.02388515
  26.80098493 31.37342543 92.65078046 94.07966229 70.7760762 ]
 [90.94683712 91.27949455 82.75268113 71.26564868 62.80484545 50.40591451
  44.88564102 35.74653448 37.9627878  40.36662499 79.89896568 69.76989287
  28.70131128 32.91704283 41.84634071 48.29232427 79.08253485 59.76203492
  55.39444368 40.81374017 46.08628934 38.98890119 31.79873803 38.55649274
  88.83788495 86.29854695 90.38665728 86.28866934 67.35244162 58.66381463
  48.54850368 54.50916069 93.41896721 94.69935812 63.06527813]
 [81.26482422 85.30161101 77.78809373 85.9183269  46.64560687 53.4023067
  34.41213837 27.14432597 22.89882468 23.21962703 65.53856938 72.90058598
  52.50469827 58.33030842 30.76890622 28.71621172 65.01396517 33.37944929
  23.02021118 20.43737669 69.35694722 69.46695665 42.17333838 45.50068786
  75.54235369 81.93392894 82.02967333 74.9659094  59.02385374 52.85132069
  35.69948212 32.06977854 95.93950065 94.47339451 83.89817129]
 [62.28929797 59.99729515 63.15469385 64.48713714 41.12613846 41.12986337
  26.51435096 30.6626075  23.17151365 26.65384166 47.47302599 51.04708774
  53.47976451 37.88953708 24.51664741 31.38664865 48.87782706 38.4440025
  31.64019626 25.4815604  49.15258974 51.71992099 34.26788247 34.87396612
  55.06344904 58.20323099 57.01408799 50.71122755 47.21291963 47.74609906
  28.21294023 33.28564049 68.9554699  77.33088917 57.04769943]
 [64.02067072 66.8540616  64.14334633 70.85349706 43.86612697 45.78847407
  26.01709478 23.28499971 20.03469469 21.5216988  57.02297359 58.1261478
  48.81451088 46.96778825 37.06054492 33.19893203 56.51364325 58.73458367
  38.03992944 22.54752452 53.18683523 53.08716886 40.34020612 36.96224993
  64.9743084  79.69108799 62.65845863 54.13813954 61.50518359 58.6607817
  46.13481438 45.59894356 88.77998564 92.300627   64.68150632]
 [94.54456812 92.9886327  87.82580895 91.72206173 75.24132191 83.09881833
  72.60281556 92.35131695 69.40261955 91.54234182 87.81797349 94.82222365
  77.21448823 82.0660723  64.3894323  68.56260592 79.64618511 88.63400182
  79.26262904 92.41151223 92.4703166  94.85572854 89.11791615 91.36810858
  80.0511614  94.5268744  92.75215557 87.95094745 75.90355277 87.90159269
  51.66595343 64.77551363 93.26825932 95.04451078 79.44434696]
 [54.10833157 57.07300724 53.23569873 57.89431797 44.98577369 35.78839323
  17.69935195 14.52299087 11.79649386 13.5843131  54.22217445 56.68170897
  29.45789784 36.85028548 19.75581741 14.47260108 60.2217127  48.75221076
  20.10026688 13.95745488 50.32726132 48.91013603 27.27671654 24.53616905
  55.32745419 61.46290645 54.72159779 57.91102061 55.00282505 54.83331739
  25.71642388 27.75155424 89.00685829 84.56727377 66.22187937]
 [59.9091113  63.20714665 59.22935518 66.3726204  47.79674592 51.36594117
  34.38098296 38.86704322 25.20853776 30.15761259 51.05043457 56.98576088
  49.88411626 39.43342204 38.15914475 36.61345072 67.26023229 30.87342072
  35.81993996 26.25336272 47.10692107 46.83353524 44.26311659 49.78838046
  54.88058013 59.12247052 61.36808528 56.87525307 44.94281066 61.14402886
  40.12924935 43.37883183 83.49254917 74.27865689 61.30370956]
 [54.62465438 61.28130764 68.92319242 70.82932993 52.10018683 38.75370216
  23.07306878 19.8011357  17.03562539 18.37303514 43.97214852 44.28368205
  43.86281535 41.77713391 20.72534271 21.36276153 36.19686892 47.44940426
  26.21022024 20.83884942 53.31906009 52.93120561 32.92766611 28.88783851
  55.19211268 53.80589726 53.10893221 39.19398243 53.02557818 39.53007165
  29.90695658 29.47293453 93.63704797 88.22078813 75.63548374]
 [38.37378951 37.5018793  33.50060919 37.91974968 24.37622769 27.51232316
  17.63235286 18.80014164 16.15217995 15.91690841 28.73158958 35.12275618
  15.88788259 25.25526117 16.92418508 16.97634183 31.34378274 31.71399945
  19.39674094 16.56103309 26.71490331 32.08423405 17.68076892 23.67195938
  34.02549136 37.74666575 36.97327654 34.72467439 23.32954096 33.72840997
  17.29416976 16.64166538 81.61323287 68.52367558 50.04744802]
 [64.75090855 64.87586713 49.48608773 50.33323254 30.62075225 32.44061381
  19.53388415 21.93558157 14.27030506 14.46040744 34.58666834 37.72160087
  28.6533104  31.04526897 19.65211294 19.39954388 33.58751999 31.76741023
  20.99199039 15.24653213 38.33449216 39.98928585 22.97073146 24.99337041
  70.24738406 74.21825714 62.74763085 59.41192446 35.96152108 36.77062067
  22.46674199 24.84975731 96.4327421  90.91244884 75.96628804]
 [74.93540078 82.48600873 73.64395839 79.34045231 66.3641114  61.66058377
  56.62826452 54.05494168 52.31033258 52.72057732 66.47030782 71.87724793
  62.36120157 57.86728639 53.29192229 50.79288554 64.19114092 60.7541029
  57.11873903 52.25092138 66.06452745 68.80363235 57.64572386 60.40283765
  75.08355306 79.38172649 81.84021733 78.60026531 58.25234835 62.64999203
  52.60537504 54.302138   79.71677821 76.67033842 61.29832816]
 [86.58304262 86.30426602 68.87270739 67.14324797 44.97680561 48.84165751
  38.02516767 37.37896516 32.37957303 35.75558104 55.18961942 63.74132852
  41.27083721 44.44677685 38.54577546 39.42796136 66.70246033 45.09604829
  42.71774519 35.05399151 47.21860309 48.77540644 42.81627476 42.74128042
  73.07329043 75.3057316  84.13712608 73.34619197 53.58273851 50.69867771
  38.51050052 44.94061657 94.66832066 92.69738384 75.91033309]
 [60.37408305 58.51291831 50.35872639 56.05028497 24.52771901 24.3757332
  17.71998276 13.76644379 19.99570899 15.65315764 35.55573036 37.48456332
  23.30168215 19.05180878 22.08930063 16.87933223 32.78595877 23.95812775
  29.28263823 19.39273996 32.17214494 35.23890993 19.45898736 15.94422959
  49.03912571 44.0898784  52.793453   40.0218052  33.63189441 29.83573994
  22.22460821 21.25108954 84.19187722 92.73267908 55.19711468]
 [56.54743162 58.41854494 46.79976141 54.06718745 30.03112541 37.57827284
  28.2105758  31.74452202 33.36958715 35.53887562 49.47502755 55.71853447
  32.01778841 36.90562522 27.1551806  30.15350113 46.66257568 46.62703998
  28.52281278 33.78274051 37.80265186 47.72612011 23.7469232  34.98821412
  53.68078886 56.98905026 57.7329643  57.69592802 50.36833828 41.07473048
  26.7808736  29.74484639 69.88069823 59.11403512 47.06925322]
 [67.84724978 66.50945008 68.17392757 68.6245087  77.38200765 61.40094553
  46.21544706 43.6909949  38.466178   35.67012116 56.65488917 63.03565141
  48.19238437 49.19710833 40.30550135 41.47082427 63.01789616 56.28446785
  38.43925232 40.65997075 76.98251297 55.16922645 56.88878449 50.30589612
  58.56921286 64.85478616 74.06222963 64.4856911  53.45661659 62.04951735
  42.47259072 49.86431459 74.17744071 60.1832498  46.55613758]]