[[1.45206097e+01 1.93058071e+01 1.01259655e+01 8.79968371e+00
  1.08159659e+01 1.12689425e+01 1.54383650e+01 1.98002790e+01
  2.17769279e+01 1.49799419e+01 3.81586413e+00 4.06215439e+00
  3.55260199e+00 3.19941802e+00 8.54364419e+00 8.46766839e+00
  2.25877981e+00 5.67206271e-29 5.07389792e+00 1.61355263e+01
  6.75984533e+00 5.89196272e+00 7.96008896e+00 9.24620482e+00
  7.70142030e+00 1.00929798e+01 1.43049825e+01 4.26513138e+00
  1.30012837e+00 1.25750626e+00 2.38907052e+00 2.21265476e+00
  9.51065717e+00 4.69531790e+00 5.75728830e+00]
 [5.24699300e+01 7.28269400e+01 1.30386609e+01 1.46409054e+01
  6.57199163e+00 1.87088579e+01 4.41059740e+00 6.88033447e+00
  6.83525739e+00 7.61109197e+00 1.37998062e+01 3.11205911e+01
  1.39744168e+00 3.11288974e+00 2.41616779e+00 2.81247187e+00
  4.03812780e+00 1.49253880e-29 1.58811355e+00 7.03709278e+00
  6.48150766e+00 1.22746104e+01 2.57677368e+00 3.39223640e+00
  3.67618827e+01 4.20269275e+01 5.62917067e+01 2.55467206e+01
  1.94594832e+00 2.87473258e+00 9.15620957e-01 9.60838527e-01
  5.22718170e+01 6.44444698e+01 1.50149595e+00]
 [7.43141931e+01 6.76909778e+01 1.49454038e+01 1.45141062e+01
  2.38258013e+01 1.10250281e+01 1.13698238e+01 1.25134356e+01
  1.48696229e+01 1.34903058e+01 1.63493014e+01 6.82053246e+00
  3.92485461e+00 3.56292284e+00 8.09864891e+00 6.70160302e+00
  4.46519442e+00 6.45847185e-29 5.63066980e+00 1.34013397e+01
  6.77226901e+00 8.19775956e+00 7.47615988e+00 6.98451146e+00
  2.71024630e+01 3.63037930e+01 6.13537751e+01 1.87580748e+01
  2.35379000e+00 2.18450797e+00 3.86759968e+00 2.37611485e+00
  7.35238184e+01 4.49004710e+01 3.25097432e+01]
 [7.97908962e+01 5.21072897e+01 1.36904956e+01 1.30142913e+01
  1.99631860e+01 4.79987011e+01 1.52214076e+01 2.03828339e+01
  2.55533404e+01 2.60005297e+01 1.27076262e+01 1.49871908e+01
  2.65870342e+00 3.00147352e+00 7.15177157e+00 9.18822745e+00
  3.51670128e+00 1.35162094e-29 4.74872902e+00 2.12576385e+01
  6.96752165e+00 7.66041611e+00 8.45591784e+00 9.98608832e+00
  5.21499203e+01 1.42662342e+01 3.33078597e+01 1.82162409e+01
  2.43824973e+00 2.19196779e+00 2.07880015e+00 2.12517899e+00
  4.59635371e+01 2.58669467e+01 5.64952731e+00]
 [1.25947821e+02 1.71410140e+02 1.80810249e+01 1.57402033e+01
  4.91956503e+01 2.12731193e+01 1.58358330e+01 2.08547575e+01
  2.41754571e+01 1.87772084e+01 9.35605504e+00 1.00427091e+01
  5.63526849e+00 3.73906132e+00 1.01381829e+01 1.17114065e+01
  8.09435196e+00 2.72420312e-29 5.52516542e+00 1.99214077e+01
  9.99388829e+00 6.80856131e+00 1.61913907e+01 1.07929451e+01
  3.38858607e+01 3.49765520e+01 1.14315382e+02 2.64549448e+01
  2.81234932e+00 2.68943176e+00 3.41369755e+00 2.60415312e+00
  9.10881603e+01 1.48237274e+02 5.77391196e+00]
 [4.16892970e+01 6.28440682e+01 1.96240968e+01 3.15580241e+01
  5.13961889e+00 5.16374307e+00 5.95990893e+00 6.70253544e+00
  1.11209738e+01 7.61236865e+00 1.67155016e+01 7.35062843e+00
  2.23919046e+00 1.72245586e+00 3.75855720e+00 3.13771725e+00
  4.11446761e+00 7.62588490e-29 2.33209015e+00 8.52345217e+00
  9.10055947e+00 4.05512108e+00 3.49827455e+00 3.22691274e+00
  5.40704771e+01 1.88076985e+01 2.90202229e+01 1.21727172e+01
  1.84195712e+00 1.44885436e+00 1.65594378e+00 9.91412510e-01
  5.75443171e+01 5.24381198e+01 3.69171012e+00]
 [1.89836330e+01 2.09830957e+01 9.05549010e+00 1.20164182e+01
  1.36517050e+01 1.16464731e+01 1.62308528e+01 1.28321690e+01
  2.09662818e+01 1.89656779e+01 6.16158561e+00 8.02765892e+00
  5.30299921e+00 4.45922431e+00 1.07948027e+01 9.06091254e+00
  4.62624039e+00 1.66660130e-29 8.39047769e+00 1.89760396e+01
  8.33455256e+00 8.06098618e+00 1.04281552e+01 8.11341271e+00
  7.95056578e+00 1.21300582e+01 1.78393993e+01 7.66630708e+00
  4.22475618e+00 3.98297172e+00 4.71750217e+00 3.38370018e+00
  2.73394322e+01 2.85510548e+01 1.47564830e+01]
 [2.57725280e+01 4.32372383e+01 1.16448850e+01 1.20426418e+01
  1.15987502e+01 1.74720545e+01 1.40772620e+01 2.00316590e+01
  3.03969870e+01 2.65983148e+01 8.53029633e+00 1.01453463e+01
  6.89111230e+00 6.16577236e+00 9.92402854e+00 1.10877116e+01
  6.98584060e+00 2.25195820e-29 7.86691199e+00 2.53278239e+01
  7.70504000e+00 7.86859361e+00 8.88602073e+00 9.72601056e+00
  1.93585106e+01 1.95602676e+01 2.89774555e+01 1.16289077e+01
  5.33633362e+00 5.36570723e+00 6.13206866e+00 5.97013172e+00
  1.68940941e+02 1.93996502e+01 1.72686920e+01]
 [4.24557374e+01 3.96781787e+01 1.85991009e+01 1.03950268e+01
  5.33087323e+01 3.65457117e+01 7.79271640e+00 8.50231581e+00
  8.72680789e+00 1.06279594e+01 6.43823500e+00 5.56586182e+00
  3.03622757e+00 2.47564226e+00 4.73839973e+00 3.92675849e+00
  3.67480562e+00 6.85255330e-30 2.96541558e+00 9.52228100e+00
  5.67489774e+00 6.07706948e+00 5.22012074e+00 5.31108295e+00
  1.71444613e+01 1.16473410e+01 3.07669334e+01 9.87057232e+00
  1.66255729e+00 1.83799970e+00 2.04083479e+00 1.35319690e+00
  2.60250909e+01 4.12008691e+01 3.11393128e+00]
 [1.97860633e+01 1.21029821e+01 9.61408761e+00 3.60815994e+00
  4.27953729e+00 3.53949686e+00 6.75434580e+00 6.47352239e+00
  1.07392115e+01 8.81573953e+00 7.90597177e+00 3.66213160e+00
  1.61897845e+00 1.45395929e+00 3.84512798e+00 3.38395689e+00
  2.47238258e+00 1.06514945e-29 2.51694652e+00 8.97115363e+00
  4.29155795e+00 2.09339993e+00 3.33107822e+00 2.99170891e+00
  3.07623339e+01 5.42710532e+00 6.71193789e+00 6.39003470e+00
  1.44038447e+00 9.89765891e-01 1.23472706e+00 1.06213309e+00
  7.10863528e+00 8.27932770e+00 1.61634655e+01]
 [8.89436784e+00 4.75184917e+01 9.42173723e+00 1.29862685e+01
  8.47568221e+00 8.59688429e+00 1.15415523e+01 1.60095833e+01
  1.66627248e+01 1.53359686e+01 6.10228511e+00 1.48715312e+01
  3.97884364e+00 4.45875982e+00 8.08388550e+00 6.66899730e+00
  3.46275253e+00 2.40322029e-30 4.59089659e+00 1.43222823e+01
  6.78537738e+00 1.60643723e+01 7.66702891e+00 6.98950742e+00
  1.06143855e+01 4.95599228e+01 1.58473943e+01 8.57203101e+00
  1.92603753e+00 2.38894458e+00 3.16353798e+00 2.70265769e+00
  7.35435884e+00 3.45064411e+01 5.85357088e+00]
 [8.30636112e+01 6.91573432e+01 1.76310722e+01 2.06353721e+01
  3.51446368e+01 2.67326388e+01 1.73132610e+01 1.62397724e+01
  2.87526911e+01 2.64103763e+01 8.79225233e+00 1.02340876e+01
  6.83628815e+00 5.17787066e+00 1.16618909e+01 9.83428357e+00
  6.72526030e+00 2.59995065e-29 6.68889777e+00 2.38569169e+01
  1.15045110e+01 1.08394532e+01 1.26217357e+01 1.49158336e+01
  2.83013706e+01 2.86828848e+01 7.90616281e+01 1.81295051e+01
  3.39573402e+00 3.27529332e+00 4.58062388e+00 2.88202439e+00
  6.21069772e+01 5.49452031e+01 9.28591724e+00]
 [6.29451616e+00 1.11308388e+01 1.05768530e+01 1.16473384e+01
  1.13848730e+01 9.48838593e+00 1.68148320e+01 1.50562152e+01
  1.97589130e+01 1.84779254e+01 5.82863526e+00 6.16472211e+00
  4.66649771e+00 2.83379911e+00 9.76910233e+00 6.95831853e+00
  3.50684126e+00 1.61129780e-28 5.10256655e+00 1.69562287e+01
  7.36598470e+00 7.05486435e+00 9.77029738e+00 7.49532846e+00
  6.01240000e+00 7.69965859e+00 7.94557133e+00 4.98286952e+00
  2.33733021e+00 2.03862022e+00 3.73742509e+00 2.01434153e+00
  1.04114890e+01 1.20415721e+01 1.71629209e+01]
 [1.19718209e+01 1.15352764e+01 1.13421302e+01 1.21960127e+01
  1.23448457e+01 1.29067342e+01 1.88919785e+01 2.39311447e+01
  2.44241877e+01 3.21863014e+01 6.49658796e+00 7.51359577e+00
  4.63326099e+00 4.24096834e+00 1.09899859e+01 1.11860663e+01
  4.17255189e+00 2.17296068e-29 5.74473770e+00 2.23516759e+01
  8.17184661e+00 8.07016521e+00 1.03773877e+01 1.05688420e+01
  8.68262910e+00 1.06563607e+01 1.22481516e+01 6.14131906e+00
  2.60999515e+00 2.80713066e+00 3.47821671e+00 3.26047839e+00
  9.68909856e+00 4.93592489e+00 2.26136919e+01]
 [4.00154487e+01 3.79559345e+01 1.21396675e+01 9.74941450e+00
  1.90346515e+01 7.97300551e+00 1.55524725e+01 1.49856163e+01
  2.26810035e+01 1.94133215e+01 4.77057269e+00 5.08802677e+00
  3.42240948e+00 2.50788833e+00 9.03515216e+00 6.11034470e+00
  4.27953491e+00 2.12303319e-29 4.18153672e+00 1.95737100e+01
  5.70122685e+00 5.24993806e+00 8.41700536e+00 6.03504335e+00
  1.56408496e+01 1.90831924e+01 3.62778934e+01 1.09897361e+01
  2.11503029e+00 1.92786577e+00 3.40135308e+00 1.61846612e+00
  2.87986099e+01 1.38716551e+01 2.11155179e+01]
 [1.32136170e+01 2.84912682e+01 4.24425522e+00 5.73839415e+00
  5.30857564e+00 6.77093882e+00 6.92193469e+00 7.02533535e+00
  9.17339292e+00 8.40637437e+00 4.10530684e+00 4.53961606e+00
  1.35492212e+00 1.29378665e+00 3.10412064e+00 2.97026059e+00
  2.30031331e+00 3.10066668e-29 1.53406968e+00 7.59182792e+00
  3.84858433e+00 3.92630737e+00 3.99933778e+00 3.54905739e+00
  7.66236944e+00 1.72432149e+01 1.76560539e+01 9.08050015e+00
  1.02570672e+00 8.40803172e-01 9.63059911e-01 9.00193359e-01
  1.33335381e+01 2.01102882e+01 2.66239951e+01]
 [6.20184226e+00 6.69329224e+00 4.49039452e+00 3.95352726e+00
  5.98624833e+00 1.86455543e+01 7.92600107e+00 6.79840232e+00
  1.11566565e+01 1.09759936e+01 2.57516106e+00 2.11004399e+00
  2.25959831e+00 1.80835015e+00 3.43804914e+00 2.89760795e+00
  9.78964519e-01 3.69643215e-30 1.67461914e+00 1.14247917e+01
  3.52942817e+00 3.98297596e+00 4.58196453e+00 4.99006639e+00
  1.43442454e+01 6.09280310e+00 6.07586738e+00 1.79573755e+00
  7.99994738e-01 7.50302596e-01 1.11983854e+00 9.09545408e-01
  5.15202666e+00 4.64125712e+00 3.50543573e+00]
 [3.86833706e+02 4.04180030e+02 2.39556354e+01 3.96641783e+01
  1.28044727e+01 1.46842243e+01 1.36942142e+01 1.76047188e+01
  2.36076689e+01 3.05516306e+01 1.40422146e+01 2.71977970e+01
  4.39121348e+00 5.17522037e+00 1.06956933e+01 1.04591169e+01
  1.53602060e+01 2.13551937e-29 7.42780898e+00 2.48524048e+01
  8.49476379e+00 1.16309594e+01 9.16912684e+00 1.07309899e+01
  6.97196792e+01 9.39915629e+01 2.39450280e+02 6.70329563e+01
  4.34743692e+00 4.63619821e+00 5.07114663e+00 4.09599132e+00
  2.96019325e+02 1.76689516e+02 7.49090311e+00]
 [1.94093607e+01 4.22918050e+01 4.25639167e+00 6.10617390e+00
  6.14050286e+00 9.26791725e+00 7.92467422e+00 7.61001556e+00
  8.75302173e+00 1.04972996e+01 2.63700560e+00 3.83399761e+00
  1.57966242e+00 1.25965651e+00 3.35562960e+00 3.31540122e+00
  2.00578612e+00 9.30621447e-30 2.19533645e+00 8.70193895e+00
  2.98354232e+00 3.19692219e+00 3.56249498e+00 2.93650745e+00
  5.81405382e+00 1.11896105e+01 1.93045026e+01 5.02838007e+00
  9.04925408e-01 9.33904919e-01 1.39960072e+00 1.04772705e+00
  1.07899492e+01 1.47942616e+01 2.55345224e+01]
 [3.98954213e+01 8.31824673e+01 1.13644617e+01 1.60065957e+01
  1.64766537e+01 3.59299301e+01 1.96490660e+01 2.39573372e+01
  2.43857546e+01 3.19677583e+01 4.89397607e+00 9.20856003e+00
  4.56062684e+00 5.95228445e+00 9.58919929e+00 1.04854838e+01
  4.34060684e+00 1.29405081e-28 5.15427895e+00 2.41714409e+01
  8.93994305e+00 1.03340249e+01 9.96596740e+00 1.32119065e+01
  1.25837729e+01 2.78014666e+01 5.10381387e+01 1.26412853e+01
  1.81686492e+00 2.42046950e+00 3.19481233e+00 2.60620867e+00
  1.87333400e+01 1.94855293e+01 1.99782591e+01]]