[[5.73655059e+00 8.93228230e+00 4.03047181e+00 3.98356533e+00
  3.71837417e+00 3.04867519e+00 1.67326709e+00 1.86089877e+00
  1.79694827e+00 1.72987222e+00 1.22852620e+00 1.74967493e+00
  1.69448473e+00 9.01703991e-01 9.27102284e-01 8.44791565e-01
  7.31208950e-01 1.49825796e-29 5.69117226e-01 1.68470574e+00
  3.88513053e+00 2.35899300e+00 1.57406056e+00 1.53612068e+00
  2.60935118e+00 4.69164652e+00 6.03270418e+00 1.39539776e+00
  3.69213586e-01 4.49037091e-01 3.36944619e-01 2.64451076e-01
  5.10083656e+00 2.95217389e+00 2.23237248e+00]
 [4.90127636e+01 6.20977678e+01 8.08292577e+00 8.79296579e+00
  4.21856127e+00 1.33964818e+01 1.19949604e+00 2.49207169e+00
  2.01436188e+00 3.88108439e+00 1.10300611e+01 2.15565254e+01
  5.15077196e-01 1.64710124e+00 6.76193906e-01 9.20876995e-01
  2.77232575e+00 8.83308601e-30 5.68289204e-01 3.11612500e+00
  3.81469308e+00 6.74853594e+00 7.37306801e-01 1.17327076e+00
  2.84396717e+01 3.15298784e+01 4.94893178e+01 2.01427807e+01
  1.04324969e+00 1.57732520e+00 3.09735172e-01 3.37361347e-01
  5.47163701e+01 7.06820547e+01 9.63772896e-01]
 [1.85130728e+01 1.57667576e+01 3.71636163e+00 4.50794910e+00
  1.25159590e+01 3.51167142e+00 1.78533117e+00 2.29341749e+00
  2.29638212e+00 1.91532210e+00 2.85096448e+00 2.19158706e+00
  6.66689386e-01 6.42459244e-01 1.00202030e+00 9.50328794e-01
  1.00964253e+00 1.21641723e-29 6.83027893e-01 2.09686676e+00
  1.49055148e+00 2.59044173e+00 9.34935840e-01 1.16059022e+00
  6.33382532e+00 8.76260118e+00 1.41167704e+01 4.20868395e+00
  3.93310399e-01 3.34074203e-01 4.88333067e-01 3.60463508e-01
  1.62924347e+01 1.04911152e+01 4.73049368e+00]
 [5.61953692e+01 3.07916933e+01 4.31197648e+00 4.10897721e+00
  9.65170697e+00 2.83347913e+01 3.14412438e+00 3.01917260e+00
  6.18978467e+00 5.73263910e+00 5.86423199e+00 9.53153050e+00
  5.00008925e-01 6.58471663e-01 9.94003637e-01 1.12166188e+00
  1.27931534e+00 7.82701722e-30 6.49789365e-01 5.57331427e+00
  1.83048485e+00 1.98312119e+00 2.04601229e+00 2.40297198e+00
  3.08570278e+01 6.39145271e+00 2.28772744e+01 1.22968460e+01
  6.82225860e-01 5.65924000e-01 2.87736581e-01 2.99104117e-01
  3.08236681e+01 1.92435292e+01 2.88790717e+00]
 [5.02062686e+01 6.76407281e+01 7.31848333e+00 5.39624635e+00
  4.66090901e+01 1.35934799e+01 2.96939494e+00 2.78086725e+00
  7.67457158e+00 3.82274379e+00 3.60612571e+00 3.06633404e+00
  3.48762847e+00 7.92605629e-01 1.96075978e+00 1.49194790e+00
  2.75844438e+00 1.31511044e-29 9.45366985e-01 6.14096598e+00
  6.66507789e+00 2.02372318e+00 1.14558376e+01 3.04796344e+00
  1.31623582e+01 1.27877198e+01 4.43918408e+01 9.81431279e+00
  9.74371212e-01 7.64746009e-01 7.56951640e-01 4.42591193e-01
  4.08576137e+01 5.83464307e+01 3.28523978e+00]
 [6.28674649e+01 9.46111508e+01 2.85227391e+01 4.58443319e+01
  2.66986506e+00 2.58438309e+00 1.94777689e+00 1.41728375e+00
  4.68634287e+00 3.05552651e+00 2.86046038e+01 9.37689268e+00
  6.35385470e-01 4.18252479e-01 1.03974585e+00 9.58469611e-01
  4.89182417e+00 6.14846063e-29 8.95180813e-01 3.84774060e+00
  7.93787370e+00 2.26374979e+00 9.67447672e-01 7.02827584e-01
  8.39695932e+01 2.43725726e+01 3.49584345e+01 1.66579013e+01
  1.73165385e+00 8.42980910e-01 4.48562767e-01 3.51689317e-01
  1.22972175e+02 1.02679339e+02 3.58934628e+00]
 [6.58396824e+00 7.24189355e+00 2.49116063e+00 3.39083290e+00
  4.06173037e+00 4.32038685e+00 2.86828848e+00 1.83042303e+00
  4.07333420e+00 2.78977748e+00 1.10320825e+00 1.57262149e+00
  1.23701719e+00 9.13200031e-01 1.29453340e+00 1.02799502e+00
  1.01268870e+00 2.86703989e-30 8.68782214e-01 3.29939073e+00
  2.28590316e+00 1.85740930e+00 1.51302266e+00 1.33234840e+00
  2.36626889e+00 3.37366585e+00 6.06623987e+00 2.21801582e+00
  6.10380694e-01 6.25248650e-01 6.06290046e-01 4.56837225e-01
  1.07840827e+01 1.02066560e+01 7.67376701e+00]
 [1.63259403e+01 2.71250728e+01 6.96181334e+00 7.05560567e+00
  6.78940511e+00 1.19281146e+01 7.03931910e+00 6.82589341e+00
  1.83075760e+01 1.86630403e+01 5.06453148e+00 6.45062675e+00
  3.45026582e+00 3.25709766e+00 4.17174566e+00 4.14219474e+00
  3.98999661e+00 1.32867049e-29 3.55304596e+00 1.52437632e+01
  4.43174885e+00 4.49655353e+00 4.15828346e+00 4.58934865e+00
  1.15745923e+01 1.28174208e+01 1.81878347e+01 6.50392372e+00
  3.18032824e+00 3.17924669e+00 3.07788837e+00 3.00708498e+00
  1.15088854e+02 1.25729456e+01 1.09259000e+01]
 [2.16096519e+01 2.10046232e+01 9.28994712e+00 2.93834065e+00
  3.69878900e+01 1.90836657e+01 1.65235105e+00 1.78489356e+00
  1.57762532e+00 2.00193779e+00 2.31399936e+00 1.47253037e+00
  5.75660596e-01 5.69375450e-01 6.00213273e-01 5.07550965e-01
  1.29988159e+00 2.28443103e-30 3.69170468e-01 1.77889873e+00
  1.71686998e+00 1.36557103e+00 9.06639022e-01 1.42279643e+00
  8.51501615e+00 4.77451016e+00 1.67422476e+01 4.72460675e+00
  4.03641254e-01 3.71746026e-01 2.79362876e-01 2.00667928e-01
  1.48660091e+01 2.80453436e+01 1.20346634e+00]
 [9.96149195e+00 6.21817823e+00 4.16726007e+00 1.31628099e+00
  1.81645782e+00 1.04928091e+00 1.48060337e+00 1.38815779e+00
  2.84524999e+00 1.73958956e+00 3.90475277e+00 8.79176321e-01
  5.13918190e-01 4.98681669e-01 7.26684761e-01 6.79772155e-01
  1.05507641e+00 3.04879976e-30 6.00104354e-01 2.10220991e+00
  1.63249403e+00 6.53362985e-01 8.61456598e-01 7.91596991e-01
  1.82342573e+01 2.38020951e+00 3.08988334e+00 3.07082392e+00
  4.98946599e-01 2.65643407e-01 2.86375091e-01 2.66994403e-01
  3.59413886e+00 4.75552330e+00 7.97710558e+00]
 [2.58529316e+00 2.39917860e+01 2.51747450e+00 4.33569083e+00
  1.50523098e+00 2.23706726e+00 2.17615213e+00 7.32952011e+00
  3.57797694e+00 4.34588035e+00 1.91076475e+00 7.18799412e+00
  5.93082479e-01 8.53092425e-01 9.72003830e-01 1.13479002e+00
  8.77785229e-01 9.94633292e-31 5.33210422e-01 3.22883275e+00
  1.67773092e+00 6.34269131e+00 1.04613412e+00 1.37055904e+00
  5.11954757e+00 2.50573269e+01 6.58238827e+00 3.62271157e+00
  3.78711415e-01 7.13189904e-01 3.73250212e-01 4.02504661e-01
  3.84277164e+00 1.82383264e+01 2.62614871e+00]
 [4.92972993e+01 3.93307943e+01 7.44322943e+00 9.48916430e+00
  1.95634578e+01 1.49761586e+01 3.27077475e+00 3.59057381e+00
  3.94215882e+00 4.31977131e+00 3.51084045e+00 4.34376198e+00
  1.83335662e+00 1.78892040e+00 1.63793019e+00 1.59002131e+00
  2.62514714e+00 9.12795596e-30 9.44498341e-01 3.87818878e+00
  6.41200811e+00 4.72671594e+00 4.27378523e+00 7.11922691e+00
  1.38469256e+01 1.42401612e+01 4.59120743e+01 8.43722188e+00
  9.22725877e-01 8.59266597e-01 6.47474686e-01 5.09815696e-01
  3.03871897e+01 3.37807572e+01 3.75177052e+00]
 [1.57563564e+00 2.75627879e+00 2.55431354e+00 2.98054792e+00
  2.81241747e+00 2.79129548e+00 3.50511951e+00 3.80181368e+00
  5.46636261e+00 5.83110591e+00 1.38275172e+00 1.89269839e+00
  1.11340920e+00 7.83788852e-01 2.25189434e+00 1.81511303e+00
  8.43038285e-01 4.75741280e-29 1.42387710e+00 5.38346063e+00
  1.83926147e+00 1.96356315e+00 2.29748600e+00 2.08761527e+00
  1.51973319e+00 2.10978058e+00 2.17351413e+00 1.23799006e+00
  5.35842589e-01 6.39028463e-01 9.77205197e-01 5.72358033e-01
  3.49127236e+00 3.80126019e+00 5.93014513e+00]
 [3.36476563e+00 2.68776663e+00 2.03952768e+00 2.66001726e+00
  1.75726558e+00 2.34591723e+00 2.16008411e+00 1.84841894e+00
  5.52936820e+00 5.25245600e+00 1.00748732e+00 1.94773715e+00
  5.94837877e-01 6.90890188e-01 1.23088276e+00 1.07755597e+00
  8.56746813e-01 4.21919417e-30 7.32532870e-01 4.67926890e+00
  1.41023306e+00 1.37423312e+00 1.10966237e+00 1.23692779e+00
  2.16629632e+00 2.80891840e+00 3.60475465e+00 1.38634033e+00
  4.96608589e-01 5.85827069e-01 4.18679982e-01 3.74898636e-01
  3.79993023e+00 2.43658979e+00 9.16914225e+00]
 [1.56368924e+01 1.49286732e+01 4.94275778e+00 3.56743309e+00
  1.24304211e+01 1.88968485e+00 1.97227760e+00 2.39282132e+00
  4.20661747e+00 2.23612263e+00 1.21538041e+00 1.35790165e+00
  4.90379690e-01 4.46068404e-01 9.78195573e-01 7.00726532e-01
  1.04769180e+00 4.98748050e-30 4.38495448e-01 2.82069805e+00
  1.77422793e+00 1.27901069e+00 1.19219470e+00 1.00284681e+00
  5.94473308e+00 7.20655766e+00 1.43174415e+01 3.66901446e+00
  4.18156745e-01 3.95356190e-01 3.53381525e-01 2.16135106e-01
  1.09412706e+01 5.68423058e+00 6.89480671e+00]
 [6.50215776e+00 1.44641557e+01 2.04851732e+00 2.52574137e+00
  2.49759844e+00 3.69881566e+00 2.79266598e+00 1.44163841e+00
  1.19103265e+00 1.18764099e+00 2.17059774e+00 2.48991104e+00
  4.61251228e-01 4.16595876e-01 6.43593262e-01 5.82285379e-01
  1.09786180e+00 6.73552612e-30 3.31916150e-01 1.14022095e+00
  1.64510663e+00 1.85471131e+00 1.52123131e+00 8.29562173e-01
  4.30646238e+00 8.95259184e+00 8.90315251e+00 4.59530772e+00
  3.96204805e-01 3.49988965e-01 2.39613634e-01 2.33925800e-01
  6.88515501e+00 1.02946548e+01 1.04482589e+01]
 [3.20432978e+00 3.49038514e+00 2.13473632e+00 1.81220320e+00
  3.07630330e+00 6.54377148e+00 3.17166391e+00 2.53642616e+00
  5.02784221e+00 4.54319609e+00 1.32464980e+00 1.06768615e+00
  1.29243750e+00 7.35864477e-01 1.00940347e+00 8.97619643e-01
  4.07601813e-01 1.92466488e-30 4.84846781e-01 5.26704558e+00
  2.15132802e+00 1.63872175e+00 1.86016518e+00 1.96496329e+00
  7.35804408e+00 3.42662413e+00 3.19579318e+00 9.78084536e-01
  3.50917201e-01 2.93588356e-01 3.62920423e-01 2.99896318e-01
  2.91295802e+00 2.80667710e+00 1.62665957e+00]
 [1.54304017e+02 1.64867893e+02 9.19997670e+00 1.40221912e+01
  4.96797301e+00 9.23335229e+00 3.14059794e+00 4.19806152e+00
  4.70604083e+00 7.58235855e+00 4.11465385e+00 9.86917450e+00
  8.12940035e-01 1.67401823e+00 1.65722182e+00 2.25701610e+00
  5.18657500e+00 5.30377162e-30 1.23519417e+00 6.27897682e+00
  2.60107661e+00 5.58979887e+00 2.05531333e+00 4.94114911e+00
  2.53552191e+01 3.59208098e+01 9.45116210e+01 2.50300975e+01
  1.10623236e+00 1.47734928e+00 7.20963653e-01 7.55513071e-01
  1.34657700e+02 7.71098222e+01 2.68031204e+00]
 [9.96777259e+00 2.33366968e+01 1.15084766e+00 1.64913090e+00
  2.39352368e+00 4.85131968e+00 2.33483733e+00 2.51819601e+00
  2.03690685e+00 3.51933422e+00 8.14747557e-01 1.34249105e+00
  2.83107932e-01 2.88435303e-01 5.17237798e-01 7.23950723e-01
  6.54093774e-01 3.18580814e-30 3.55298543e-01 2.62165398e+00
  7.23181518e-01 7.19363579e-01 6.35882859e-01 6.78164549e-01
  2.69970857e+00 4.49881430e+00 9.51272565e+00 2.10875811e+00
  2.24101648e-01 2.48321363e-01 2.06266961e-01 1.75709951e-01
  5.33669270e+00 7.54860425e+00 1.13014244e+01]
 [2.06078479e+01 4.37584160e+01 7.05980676e+00 6.71781212e+00
  6.33831652e+00 2.74810365e+01 4.19769358e+00 5.28151006e+00
  5.10196219e+00 5.84880768e+00 2.20930689e+00 4.32997111e+00
  1.71234431e+00 2.08570081e+00 1.72530446e+00 1.93362788e+00
  1.88470820e+00 5.37785937e-29 1.01873048e+00 5.07060192e+00
  7.41808718e+00 4.89245156e+00 2.36803346e+00 5.27621581e+00
  5.99243836e+00 1.43042540e+01 2.73165360e+01 6.31682406e+00
  7.14109630e-01 1.11339295e+00 7.27448326e-01 6.00660640e-01
  1.22013376e+01 1.08092152e+01 7.06909678e+00]]