[[4.73166547e+01 5.41722508e+01 4.29224508e+01 3.95945330e+01
  6.38344649e+01 9.22844287e+01 2.27806045e+02 3.86492174e+02
  4.08015453e+02 3.17906829e+02 1.22913376e+01 1.17057943e+01
  1.34891971e+01 1.38917518e+01 9.60406988e+01 1.10754825e+02
  5.45465233e+00 5.01666752e-28 4.57556506e+01 3.30348521e+02
  2.78129943e+01 2.95881943e+01 7.24949034e+01 9.85778714e+01
  2.54044494e+01 3.00247149e+01 4.41944808e+01 1.29471355e+01
  3.28493471e+00 2.79084534e+00 1.61876033e+01 1.43296490e+01
  2.98761073e+01 1.93348148e+01 1.12991134e+01]
 [1.70542549e+01 1.63803290e+01 7.06920257e+00 6.24320374e+00
  5.61641192e+00 6.58848939e+00 1.06176328e+01 1.82049773e+01
  3.09376832e+01 2.28576100e+01 4.59883250e+00 5.71557477e+00
  2.06969973e+00 3.36737942e+00 5.00419457e+00 5.90839535e+00
  2.21385342e+00 1.11630445e-29 2.69046512e+00 2.26819308e+01
  4.24226374e+00 4.60731395e+00 4.31246505e+00 5.70346114e+00
  9.56286220e+00 9.00758802e+00 1.53368425e+01 7.69011637e+00
  1.46675769e+00 1.44202317e+00 1.50511850e+00 1.55582706e+00
  7.02250861e+00 1.13157891e+01 9.97415515e-01]
 [5.03133735e+01 4.81455597e+01 9.64290366e+00 1.03135218e+01
  6.59969180e+00 6.05419053e+00 1.01631408e+01 1.34093282e+01
  3.80774971e+01 2.78562604e+01 1.02536846e+01 3.86313279e+00
  1.47591334e+00 2.16296018e+00 6.04956778e+00 6.20286437e+00
  3.21171654e+00 5.82588959e-29 4.17837281e+00 2.75883314e+01
  3.33573889e+00 4.07404417e+00 4.36974498e+00 5.42353673e+00
  1.92322740e+01 2.71792028e+01 4.38199647e+01 1.40780231e+01
  9.93120729e-01 1.00416617e+00 1.69365813e+00 1.61335964e+00
  4.44860181e+01 2.76672213e+01 1.99124971e+01]
 [4.48568648e+01 5.16399735e+01 2.78517212e+01 3.58200763e+01
  2.84503626e+01 4.52203938e+01 5.64130302e+01 1.02010488e+02
  1.03129294e+02 1.20156546e+02 1.29388111e+01 1.78925734e+01
  5.03318060e+00 9.08396487e+00 2.59711338e+01 4.12719080e+01
  1.07562349e+01 2.37454289e-29 2.12121571e+01 9.06596438e+01
  1.54608854e+01 2.28194116e+01 2.06577957e+01 3.59318004e+01
  2.70009694e+01 2.94908363e+01 4.03957919e+01 2.28242311e+01
  5.38938118e+00 6.32354109e+00 8.14209959e+00 7.56713396e+00
  2.15548002e+01 1.69429682e+01 6.19300870e+00]
 [1.39908604e+02 1.92235898e+02 1.82404990e+01 1.78952421e+01
  1.17749781e+01 1.29343475e+01 1.97241481e+01 4.60013036e+01
  2.77979151e+01 2.80983261e+01 8.86559788e+00 1.02266728e+01
  3.16942113e+00 4.72019952e+00 1.19523458e+01 2.25122740e+01
  8.93783561e+00 2.43747529e-29 7.20355519e+00 2.29314722e+01
  6.76747114e+00 7.08724734e+00 9.16321180e+00 1.55677822e+01
  3.51833712e+01 3.88352501e+01 1.29533198e+02 2.93154791e+01
  2.59036948e+00 2.39231986e+00 3.16723430e+00 4.12240655e+00
  9.29191125e+01 1.63860558e+02 4.19776694e+00]
 [1.34849255e+01 1.72539425e+01 5.62151873e+00 6.86032641e+00
  4.63343963e+00 4.81308635e+00 1.14481993e+01 2.19813637e+01
  3.03251452e+01 1.76130288e+01 2.93119905e+00 2.89104294e+00
  1.54491432e+00 1.96100874e+00 7.08440648e+00 6.57347176e+00
  2.20482531e+00 6.49445436e-29 4.11684454e+00 1.79686640e+01
  4.98293700e+00 3.23469994e+00 4.34190716e+00 5.64401663e+00
  8.47390085e+00 6.54288931e+00 1.69144730e+01 4.88474562e+00
  1.08564772e+00 9.95511526e-01 1.94763914e+00 1.24073962e+00
  8.44748878e+00 6.65561253e+00 2.32998675e+00]
 [2.33474838e+01 2.42696643e+01 1.19565148e+01 1.35908675e+01
  1.59797510e+01 1.27417032e+01 3.28476128e+01 3.34066733e+01
  6.64836815e+01 7.30781475e+01 5.03592321e+00 6.48156827e+00
  4.72244724e+00 4.04245270e+00 2.00911034e+01 2.33340532e+01
  4.26693295e+00 2.12263615e-29 1.95947366e+01 6.32998798e+01
  9.20616915e+00 7.05552854e+00 1.51434123e+01 1.31042011e+01
  9.72991308e+00 1.33140660e+01 2.14066854e+01 8.71797316e+00
  2.63388862e+00 2.49990422e+00 5.84937784e+00 5.80546771e+00
  2.27489664e+01 2.11866635e+01 1.70657265e+01]
 [1.65274693e+01 2.00161690e+01 8.38470026e+00 8.06490832e+00
  7.97805822e+00 1.10680980e+01 1.98184270e+01 5.21341668e+01
  3.38498319e+01 3.95623667e+01 4.49760038e+00 5.12845270e+00
  4.20159540e+00 4.29974282e+00 1.05050812e+01 1.90123072e+01
  3.95639878e+00 2.78019799e-29 6.80924527e+00 3.19399510e+01
  5.13380146e+00 5.24329881e+00 8.03934432e+00 1.34572182e+01
  8.98520150e+00 1.03843808e+01 1.61607892e+01 7.78831419e+00
  2.71223932e+00 2.49133837e+00 3.91783025e+00 4.61885314e+00
  6.62513240e+01 1.07271657e+01 8.17103690e+00]
 [4.09288803e+01 3.58632164e+01 1.61022485e+01 1.32502056e+01
  1.84583759e+01 1.95414335e+01 3.42000199e+01 5.43715403e+01
  5.79776476e+01 5.22743758e+01 7.75343019e+00 6.41619794e+00
  4.29980075e+00 3.60334581e+00 1.43187763e+01 1.53806542e+01
  5.38771675e+00 2.25394101e-29 8.93778976e+00 4.90528838e+01
  9.34082467e+00 7.68278918e+00 1.25820450e+01 1.39988299e+01
  1.38620515e+01 1.24006133e+01 3.10271404e+01 1.17815702e+01
  2.54865179e+00 2.17699978e+00 4.08072722e+00 3.63035725e+00
  1.72581320e+01 2.64435810e+01 5.81051901e+00]
 [5.58500745e+00 5.57744569e+00 4.72166965e+00 5.32994163e+00
  7.58877775e+00 1.16498875e+01 4.59814297e+01 6.35049932e+01
  1.10679543e+02 1.02039452e+02 2.42878961e+00 4.07554320e+00
  1.99644207e+00 3.92887189e+00 3.36433182e+01 3.96243887e+01
  1.98143321e+00 6.52210842e-29 2.19299044e+01 8.26338025e+01
  2.88038978e+00 3.93049462e+00 1.30338609e+01 1.95771427e+01
  4.11852496e+00 3.92399569e+00 5.10964743e+00 2.84539081e+00
  1.20673182e+00 1.01896007e+00 5.60786724e+00 5.81405145e+00
  1.71795421e+00 1.87715736e+00 7.90866000e+00]
 [1.14569384e+01 1.34984291e+01 1.42427034e+01 1.31581441e+01
  1.86513169e+01 1.44709094e+01 3.86146308e+01 3.35633362e+01
  4.85769684e+01 4.60949922e+01 5.00954351e+00 5.46596472e+00
  3.93202953e+00 4.32826040e+00 1.25796130e+01 1.32352787e+01
  3.20260122e+00 3.14207529e-30 6.68875647e+00 4.00192547e+01
  9.06142694e+00 8.58718443e+00 1.24638134e+01 1.07568155e+01
  7.70111717e+00 1.10369737e+01 1.05495747e+01 5.45255308e+00
  1.93667708e+00 1.69027489e+00 3.22023010e+00 3.18291690e+00
  2.58449266e+00 4.67627528e+00 3.15471990e+00]
 [7.99074417e+01 7.50165861e+01 2.13121347e+01 2.32981717e+01
  2.30938440e+01 2.08088711e+01 5.16778984e+01 4.67977261e+01
  1.05069157e+02 1.09916790e+02 1.07801813e+01 1.13739139e+01
  5.11274427e+00 4.65180889e+00 2.12853035e+01 1.73554733e+01
  8.79285893e+00 6.12910239e-29 1.05223282e+01 8.56012073e+01
  1.27359592e+01 1.16560349e+01 1.85214646e+01 1.67689856e+01
  3.21396099e+01 2.71031739e+01 6.55295857e+01 2.10324880e+01
  4.09604770e+00 3.26557354e+00 4.65862299e+00 3.65111823e+00
  1.14443227e+02 8.21195396e+01 4.50987197e+00]
 [3.82757646e+00 5.87003834e+00 5.89114610e+00 5.46544203e+00
  9.60982055e+00 8.61688825e+00 2.96003180e+01 2.73047580e+01
  3.84364608e+01 3.59436951e+01 2.56221933e+00 2.72540818e+00
  2.96757528e+00 2.15490338e+00 1.28445306e+01 1.02599084e+01
  1.97784483e+00 1.93191038e-28 4.71446411e+00 2.55599113e+01
  4.03194210e+00 3.63298376e+00 1.00171257e+01 8.91755331e+00
  3.03329195e+00 3.86864238e+00 5.11074616e+00 3.17624789e+00
  1.20733435e+00 1.03101920e+00 2.91601990e+00 1.68151734e+00
  6.91456448e+00 6.81330397e+00 1.25883604e+01]
 [4.78542036e+01 4.59820207e+01 5.87926290e+01 4.80035144e+01
  6.03815992e+01 4.52697221e+01 9.55400168e+01 8.47976221e+01
  9.84925305e+01 1.08672490e+02 2.78580201e+01 2.64424971e+01
  1.39863454e+01 1.28096980e+01 4.18693773e+01 4.35949831e+01
  1.99606903e+01 8.10655824e-29 2.11676013e+01 8.17681089e+01
  3.97817660e+01 3.15157799e+01 4.26050993e+01 3.40354157e+01
  3.71829230e+01 3.53925987e+01 4.37079799e+01 2.86815659e+01
  1.13452087e+01 8.11036869e+00 1.00559249e+01 1.61751796e+01
  1.28478616e+01 5.79455292e+00 2.00246874e+01]
 [4.93202554e+01 4.33640055e+01 1.68250475e+01 1.39103762e+01
  1.77804150e+01 1.29821359e+01 3.59355325e+01 4.23742089e+01
  5.10454949e+01 5.72739156e+01 7.16003204e+00 6.35895013e+00
  4.35252002e+00 3.69563984e+00 1.64782281e+01 1.92125137e+01
  5.89817211e+00 3.93532188e-29 1.05464387e+01 4.28977977e+01
  1.00494773e+01 7.26326899e+00 1.38812520e+01 1.27396482e+01
  1.88888305e+01 2.20637224e+01 4.70714545e+01 1.46643357e+01
  3.20046589e+00 2.34061966e+00 5.23713956e+00 4.59751853e+00
  3.70569908e+01 1.68194072e+01 2.03335427e+01]
 [1.29923936e+01 2.68604313e+01 4.92513680e+00 6.71442727e+00
  6.70084665e+00 5.99588214e+00 1.69384566e+01 1.88724874e+01
  3.69398831e+01 2.33729588e+01 2.67818743e+00 3.74559261e+00
  1.65175668e+00 1.48580590e+00 7.15716442e+00 5.99187469e+00
  2.31782450e+00 9.05173070e-29 2.74045137e+00 2.33969304e+01
  3.40184476e+00 3.58164307e+00 6.70102463e+00 5.85444697e+00
  5.26322595e+00 1.27853666e+01 1.66208596e+01 6.25485218e+00
  9.15316919e-01 7.86637263e-01 1.47653318e+00 1.30856532e+00
  1.05455675e+01 1.74993715e+01 1.84656483e+01]
 [4.94403453e+00 3.75451418e+00 4.68448615e+00 4.20754252e+00
  5.69202663e+00 5.76364440e+00 2.14676071e+01 3.25583503e+01
  5.94100471e+01 4.66895876e+01 1.81529272e+00 1.91189759e+00
  1.76192988e+00 1.77833209e+00 1.35818550e+01 1.12093673e+01
  1.24816614e+00 4.36279205e-30 5.43731940e+00 4.65685945e+01
  3.07084944e+00 2.74402412e+00 6.53791214e+00 6.75835680e+00
  3.68662912e+00 3.27169390e+00 3.48477470e+00 1.63506902e+00
  8.53930587e-01 7.18432426e-01 2.35565317e+00 2.08033886e+00
  2.21836314e+00 2.74406838e+00 2.15482726e+00]
 [5.22656778e+02 5.69999403e+02 2.41114044e+01 4.73078903e+01
  8.43891367e+00 1.31108369e+01 1.78702651e+01 4.53384879e+01
  3.76775307e+01 5.17174486e+01 1.49029124e+01 2.71452402e+01
  5.55876275e+00 1.33756990e+01 1.49521764e+01 2.51754115e+01
  1.73172258e+01 3.00671652e-29 1.13264124e+01 3.26972787e+01
  7.04830499e+00 1.12169426e+01 1.08888559e+01 2.08156997e+01
  8.64214892e+01 1.18299988e+02 3.22901861e+02 8.44707839e+01
  4.53127594e+00 4.23745982e+00 7.08720764e+00 1.16039928e+01
  4.13457007e+02 2.43300226e+02 9.11398890e+00]
 [9.55070463e+00 1.38645535e+01 4.59663421e+00 4.88423557e+00
  6.87232775e+00 5.02114185e+00 9.83477116e+00 9.37142526e+00
  1.26899282e+01 1.34148402e+01 2.31738681e+00 2.49580829e+00
  2.07388055e+00 1.59141912e+00 6.02978587e+00 6.16558690e+00
  1.62771389e+00 8.15310182e-30 4.11290370e+00 1.26311071e+01
  3.51694827e+00 3.04136952e+00 5.84312157e+00 4.54976625e+00
  3.87044389e+00 5.67285266e+00 9.01616262e+00 3.24997269e+00
  8.00052459e-01 8.35518109e-01 2.27524125e+00 1.86230201e+00
  4.04029598e+00 5.69554401e+00 1.26784046e+01]
 [4.69562820e+01 8.54570514e+01 1.38831608e+01 2.19820004e+01
  1.98520569e+01 2.16663945e+01 5.37790469e+01 5.76731035e+01
  8.91461317e+01 1.06431851e+02 4.67447122e+00 9.44485447e+00
  7.10587903e+00 1.28650756e+01 2.65239675e+01 2.48632076e+01
  4.49061347e+00 2.23125346e-28 1.12103247e+01 7.18180447e+01
  9.17916198e+00 1.13043713e+01 2.31449773e+01 2.27899459e+01
  1.48504215e+01 3.07619787e+01 5.69425337e+01 1.37376311e+01
  1.81994968e+00 2.31458909e+00 6.66918900e+00 6.21588833e+00
  1.39844573e+01 1.60249793e+01 1.15058432e+01]]