[[6.77207636e+02 2.28966388e+03 3.19986069e+02 5.68525682e+02
  7.20803821e+01 1.20448921e+03 9.07967642e+01 1.80037487e+02
  1.44238737e+02 9.44885787e+01 1.53996042e+02 1.05503450e+02
  5.91145657e+01 1.24354631e+01 3.89369462e+01 3.79323807e+01
  9.59787629e+01 2.79144057e-27 2.22603639e+01 1.08508941e+02
  9.00978816e+02 1.05302661e+02 5.90837418e+01 6.46652565e+01
  1.03412154e+03 1.71205718e+03 9.59316822e+02 1.52426136e+02
  1.00247712e+01 1.10417392e+01 8.47829410e+00 6.92740613e+00
  1.41660263e+03 1.41088533e+03 7.74545956e+01]
 [1.43961618e+02 1.64563196e+02 9.99494089e+01 7.96945391e+01
  5.12514491e+01 4.60396705e+01 4.69926986e+01 5.51033472e+01
  6.29376202e+01 6.51355949e+01 3.27211776e+01 3.55269899e+01
  1.30459810e+01 1.39630558e+01 2.44291405e+01 3.32218210e+01
  2.29400129e+01 4.47161989e-29 2.10612872e+01 6.55549735e+01
  4.21826109e+01 3.97190504e+01 2.90061248e+01 3.33005660e+01
  9.01052459e+01 7.80334875e+01 1.55598485e+02 7.22213373e+01
  1.37920770e+01 9.48839250e+00 9.67250825e+00 1.11328796e+01
  3.46853379e+01 1.05818729e+02 7.26942975e+00]
 [2.46726170e+02 2.13586574e+02 4.98597788e+02 2.68424722e+02
  4.40300719e+01 4.31395049e+01 3.04487645e+01 8.40507299e+01
  4.22916286e+01 4.27683564e+01 4.06952140e+02 3.53571069e+01
  8.73197991e+00 7.68083585e+00 1.53868522e+01 1.68821047e+01
  1.39858384e+01 5.94853933e-28 1.29574884e+01 4.15234989e+01
  4.76996479e+01 3.18175969e+01 1.88696711e+01 2.15309490e+01
  1.93759330e+02 3.61620642e+02 1.90764665e+02 3.98409009e+02
  6.17468782e+00 5.93086992e+00 5.37322120e+00 5.53647103e+00
  2.89131060e+02 5.13045032e+02 1.78312288e+02]
 [2.14280288e+02 1.48248603e+02 2.31206849e+02 2.61216768e+02
  5.19149654e+01 6.38981414e+01 2.94653200e+01 4.47370297e+01
  3.92829926e+01 3.99486880e+01 3.72200846e+01 3.82965768e+01
  9.77705590e+00 1.16452115e+01 1.33284286e+01 1.69356594e+01
  1.07548986e+01 6.47214728e-29 9.35173823e+00 3.37081552e+01
  5.35299724e+01 6.42699220e+01 2.05789034e+01 2.52593667e+01
  1.09495677e+02 5.59572810e+01 1.42973179e+02 3.55412504e+01
  7.77718538e+00 7.32433959e+00 4.30934666e+00 4.77100271e+00
  5.26604303e+02 1.36442853e+03 2.00413137e+01]
 [3.38829758e+03 4.60280532e+03 3.17272678e+02 2.55348925e+02
  2.85371524e+01 3.37667718e+01 4.28882283e+01 6.70956700e+01
  6.05513754e+01 6.73149623e+01 1.55934339e+02 1.62830251e+02
  9.95601762e+00 6.91042407e+00 2.41700272e+01 3.31979046e+01
  1.61678084e+02 6.40896597e-29 2.32936079e+01 6.28155214e+01
  5.44028358e+01 4.03197622e+01 2.00515201e+01 2.37727469e+01
  8.09679345e+02 8.50680982e+02 2.99822175e+03 6.40051836e+02
  2.90936260e+01 2.71446554e+01 7.42240048e+00 8.64344270e+00
  2.29522310e+03 4.32996852e+03 2.93086531e+01]
 [2.25212463e+02 3.36904853e+02 1.09363416e+02 1.14249663e+02
  5.98133889e+01 3.40418302e+01 3.99679411e+01 2.91449686e+01
  4.70345533e+01 3.89522554e+01 1.26434262e+02 4.84269454e+01
  1.44019095e+01 1.08071444e+01 2.32641069e+01 2.17703081e+01
  3.79805232e+01 6.66414329e-28 1.96590248e+01 4.27915487e+01
  6.63788298e+02 3.76616769e+01 2.74524917e+01 1.75260475e+01
  9.20102231e+02 1.82731959e+02 4.59715004e+02 7.69343439e+01
  1.78970124e+01 1.59677595e+01 9.54797280e+00 9.88606009e+00
  7.37095798e+02 1.00194111e+02 2.01390074e+01]
 [8.55151528e+02 1.06345667e+03 6.04603279e+01 7.16291057e+02
  7.85881415e+01 6.46793488e+01 8.41295897e+01 4.49863637e+01
  8.58948916e+01 9.39513020e+01 4.14880986e+01 1.77773842e+02
  2.03380104e+01 2.77765188e+01 3.96798032e+01 2.67632346e+01
  8.14029239e+01 1.16066407e-28 3.04876749e+01 7.50474744e+01
  2.37099842e+02 1.18747302e+02 5.34266423e+01 2.99053360e+01
  2.04954506e+02 5.43882128e+02 8.49386406e+02 2.66282364e+02
  2.14081580e+01 2.79001056e+01 1.54900734e+01 1.12534507e+01
  1.55376714e+03 4.13408409e+02 1.23289638e+02]
 [1.64217700e+02 2.46531810e+02 9.27453179e+01 1.01929193e+02
  3.86093810e+01 3.68083042e+01 3.50147506e+01 4.00496088e+01
  4.10318907e+01 4.30302926e+01 3.64833917e+01 3.33832456e+01
  2.04337195e+01 1.36385759e+01 2.48615287e+01 2.95554317e+01
  3.04935345e+01 6.40733970e-29 2.38772247e+01 4.42586549e+01
  2.55060890e+01 3.79987907e+01 2.38733818e+01 2.18795008e+01
  1.14802166e+02 1.32424057e+02 1.77543285e+02 1.17932284e+02
  1.23870168e+01 1.27651257e+01 1.37567516e+01 1.35495840e+01
  3.50084008e+02 1.77281908e+02 7.23707500e+01]
 [1.95956637e+02 1.71856261e+02 4.14550646e+01 4.80965744e+01
  2.79006470e+01 2.38982274e+01 4.06585238e+01 5.27943770e+01
  5.20626424e+01 4.95105129e+01 2.61962400e+01 2.71349521e+01
  9.08432259e+00 7.49167349e+00 2.26230428e+01 2.06742668e+01
  2.12835917e+01 2.68726526e-29 1.48937428e+01 4.65867559e+01
  2.11661200e+01 3.25593064e+01 2.48170127e+01 2.00131365e+01
  5.59928721e+01 4.50723898e+01 1.36601205e+02 4.30635286e+01
  6.73383038e+00 6.76051302e+00 7.42977329e+00 6.44749863e+00
  1.43396508e+02 2.47524130e+02 1.70484397e+01]
 [2.22881647e+02 1.42515256e+02 7.68853043e+01 4.57384624e+02
  9.92250354e+01 9.25988417e+01 4.42769705e+01 4.05247306e+02
  9.12830747e+01 2.51547512e+02 5.72634937e+01 1.29217296e+03
  1.61718744e+01 2.20270841e+01 2.61739409e+01 3.88156329e+01
  2.16540166e+01 1.61807825e-28 4.36524107e+01 3.27155546e+02
  2.41351711e+02 4.96892387e+02 1.65768380e+02 2.83838344e+02
  7.28142400e+01 9.86865234e+02 1.00653530e+02 8.44236904e+01
  8.78424537e+00 6.70798137e+01 1.00025574e+01 9.12348475e+00
  2.52544192e+02 1.89488584e+02 1.77735843e+02]
 [4.73104518e+01 5.90347699e+01 7.05600828e+01 7.26733938e+01
  5.45088337e+01 3.68740761e+01 3.64823273e+01 3.29576611e+01
  4.22125515e+01 3.69573194e+01 2.53036840e+01 2.78988871e+01
  9.62946540e+00 1.03044023e+01 1.92554669e+01 1.68023853e+01
  1.96544992e+01 7.82608933e-30 1.12538021e+01 4.02637808e+01
  3.23550037e+01 2.69738646e+01 2.41913069e+01 2.23086148e+01
  3.82109459e+01 4.85571599e+01 5.75890290e+01 3.28776990e+01
  9.07982798e+00 8.21665762e+00 5.73269192e+00 7.82720683e+00
  1.88508759e+01 2.47064411e+01 1.46188960e+01]
 [3.88905162e+02 3.71357507e+02 2.08861428e+02 2.87500550e+02
  7.14493210e+01 7.99548020e+01 5.20112130e+01 5.43172394e+01
  8.85970650e+01 8.02386832e+01 4.91689251e+01 6.35236963e+01
  1.64215463e+01 1.58603757e+01 2.95844894e+01 2.65155852e+01
  3.64442228e+01 1.96213918e-28 1.81827378e+01 7.32995544e+01
  6.63152921e+01 7.23147052e+01 4.03242488e+01 5.24509227e+01
  1.52654204e+02 1.58807219e+02 3.43143234e+02 9.25557395e+01
  1.24677505e+01 1.94347429e+01 9.41810307e+00 8.13825938e+00
  3.22495555e+02 4.11239881e+02 3.27846801e+01]
 [1.08330375e+01 2.49714050e+01 2.24982928e+01 2.52319952e+01
  1.64704324e+01 1.21414727e+01 1.28566167e+01 1.17772757e+01
  1.11504478e+01 1.16212771e+01 7.89671406e+00 1.17229525e+01
  6.70951292e+00 4.01130006e+00 7.13875186e+00 6.58695520e+00
  4.48624515e+00 1.60533653e-28 6.68929021e+00 1.15582865e+01
  9.28617797e+00 1.16474810e+01 9.63409875e+00 8.71478036e+00
  1.22016520e+01 1.62048325e+01 1.79373968e+01 8.72195615e+00
  7.38439440e+00 3.19998612e+00 3.27011468e+00 2.03689316e+00
  4.46513989e+01 2.42908435e+01 1.13331593e+02]
 [5.01274785e+01 7.16104878e+01 5.48451453e+01 1.72992020e+02
  4.22459177e+01 4.62442351e+01 2.57230073e+01 3.34447260e+01
  2.46762652e+01 3.04618173e+01 1.26101527e+01 3.67999023e+01
  6.03350211e+00 1.08174599e+01 1.55110411e+01 1.43245436e+01
  1.15848949e+01 5.01958366e-29 1.19069504e+01 2.45386214e+01
  2.39101194e+01 4.37824372e+01 1.68787873e+01 2.51335343e+01
  2.23852041e+01 6.48777577e+01 4.94407436e+01 1.98966211e+01
  6.89553951e+00 7.67260252e+00 5.76855449e+00 5.05361760e+00
  2.34683518e+02 3.25250938e+01 8.31520553e+01]
 [5.08348529e+03 2.74163143e+03 2.88481464e+02 7.46375356e+01
  6.15923159e+01 1.19891437e+02 1.07141899e+02 1.35217646e+02
  1.41425542e+02 1.57042190e+02 1.49821613e+02 7.58678917e+01
  9.73435103e+00 1.33784349e+01 4.98101997e+01 5.98054653e+01
  2.15979145e+02 6.55320659e-28 3.93382667e+01 1.43121430e+02
  4.70345589e+01 3.15268806e+01 4.77464856e+01 6.94065884e+01
  1.29769133e+03 9.24592862e+02 4.12882672e+03 8.79010911e+02
  4.53890016e+01 2.28813510e+01 1.80738463e+01 1.78670896e+01
  5.93599156e+03 3.20463384e+03 1.13188690e+02]
 [7.74892545e+01 1.76129319e+02 3.21948831e+01 5.25942033e+01
  2.92779754e+01 2.22927325e+01 2.39387260e+01 2.30906364e+01
  3.01474606e+01 2.80990548e+01 1.65307626e+01 2.48234750e+01
  6.24747587e+00 6.01247939e+00 1.26788584e+01 1.21859847e+01
  1.37207016e+01 1.60924551e-28 1.02091327e+01 2.74456757e+01
  2.18615134e+01 3.43566222e+01 1.61226140e+01 3.73026391e+01
  3.76836350e+01 8.95352848e+01 1.15121220e+02 4.07899958e+01
  5.35696332e+00 5.71480750e+00 5.00521667e+00 5.44477854e+00
  1.96932228e+02 1.56397132e+02 2.23097863e+02]
 [6.61157464e+01 4.54274179e+01 3.77139406e+01 2.40022422e+01
  1.85759196e+01 1.60071367e+01 2.59897474e+01 2.37127353e+01
  3.55134410e+01 3.26780870e+01 9.06005837e+00 1.50381657e+01
  9.57024409e+00 1.03498990e+01 1.78601939e+01 1.38417290e+01
  1.00562007e+01 2.45857776e-29 1.24356100e+01 3.60000289e+01
  1.40311299e+01 1.20002572e+01 1.65050919e+01 1.30066048e+01
  1.71938577e+01 2.64261166e+01 8.48381311e+01 1.10095516e+01
  6.54378901e+00 4.68012314e+00 9.18011784e+00 7.95377172e+00
  2.18315858e+01 3.79327708e+01 2.97946690e+01]
 [2.98051314e+03 2.90368414e+03 2.66016366e+02 3.52995516e+02
  5.65382490e+01 6.70291056e+01 3.59221793e+01 3.44809694e+01
  4.76007668e+01 4.90325444e+01 9.93500814e+01 1.49586148e+02
  1.22328492e+01 1.19869575e+01 2.05109405e+01 1.69570887e+01
  9.60952901e+01 7.37330262e-29 1.64932241e+01 5.20902618e+01
  5.77786603e+01 7.51677861e+01 2.37285049e+01 2.19986616e+01
  5.14910469e+02 5.92619883e+02 1.72762794e+03 4.62519657e+02
  2.34729788e+01 1.83632863e+01 9.08802954e+00 7.01276258e+00
  2.48273517e+03 2.13087418e+03 6.10094440e+01]
 [1.53292102e+02 2.81655771e+02 3.34793210e+01 5.12611044e+01
  3.18810876e+01 2.61385626e+01 3.17333639e+01 2.73091324e+01
  3.59769503e+01 3.19417323e+01 1.82487891e+01 3.36122966e+01
  6.99895138e+00 5.74747180e+00 1.48821030e+01 1.35733252e+01
  1.83962786e+01 3.85144451e-29 9.39201911e+00 3.42122501e+01
  1.89205794e+01 2.03478106e+01 2.00325924e+01 1.99766929e+01
  4.41279998e+01 9.67449018e+01 1.66851696e+02 4.98947286e+01
  5.57241810e+00 6.71689723e+00 5.73838097e+00 4.09442342e+00
  1.00233482e+02 1.44856049e+02 1.48257863e+02]
 [4.69576840e+02 9.07298254e+02 4.80918937e+03 2.17927934e+03
  2.79896817e+03 1.67688675e+03 2.01119542e+02 7.84378071e+02
  1.32707138e+02 2.17724514e+02 6.04322201e+01 1.99715662e+02
  3.71135010e+01 3.06618033e+01 4.12111595e+01 3.91203962e+01
  6.84340390e+01 1.21518079e-26 3.15611144e+01 2.48726053e+02
  1.72367710e+03 8.66918248e+02 7.90826393e+01 2.35684430e+02
  3.58830181e+02 5.34673313e+02 4.26169100e+02 9.11489537e+02
  1.25071778e+01 1.49401300e+01 1.53374910e+01 7.91600686e+00
  3.55415203e+02 6.00688466e+02 1.24852672e+02]]