[[88.80663963 95.59032341 81.34094219 89.44771736 42.70856791 90.76983967
  24.26881439 28.2313181  23.25044682 20.53487333 86.68659893 81.805573
  71.36468888 36.7458003  24.27334396 22.08508968 85.18230638 80.28214113
  27.32298385 22.20742161 94.46157327 69.45809588 37.53109476 34.36904096
  95.72937157 96.6476484  92.0540046  84.32886617 53.584546   62.42654539
  27.06945815 26.11028056 96.35227346 97.61421974 74.18974139]
 [48.68009435 46.57810492 65.47914452 59.47401761 58.63193018 44.28170051
  57.55830807 52.63280251 51.9696124  55.62376498 45.17155867 33.29845827
  58.62731073 49.24784834 57.91590782 61.4474783  55.49921007 46.25928591
  65.47549376 56.82437433 59.30893605 50.35675767 59.94488563 58.59652495
  48.94406177 42.49747371 50.13345774 49.63098425 60.44607628 49.12581598
  60.37862066 62.10621279 22.38088221 39.85358808 59.03698216]
 [54.43553119 52.69708239 91.0805316  83.96665906 45.81138403 57.68043809
  47.77966361 66.79260455 38.46428603 43.59199105 90.32663017 65.59813829
  51.19680498 46.56901822 42.50980798 46.80255376 53.46229409 73.31545894
  46.75308773 43.17421802 71.82936608 58.91787323 50.43711332 51.92695501
  71.57183755 76.61097935 52.43892262 88.2307409  53.11893086 53.87998368
  40.40311766 47.09884271 58.5630436  79.94831221 70.07669831]
 [51.27060309 48.7211054  77.97964532 77.89443154 42.53395155 32.29624992
  25.36519995 24.19049773 20.6973786  19.242218   50.118964   43.67300528
  47.99489937 42.79210755 24.99331916 22.30481688 34.91551459 53.90739525
  22.86032573 20.38864903 62.52355639 60.5957345  34.92753723 31.05071037
  47.10678339 48.03585628 55.0932802  36.99842764 42.04471522 39.0980786
  25.54492138 28.20220691 82.08967301 93.80924187 53.49716288]
 [82.41225349 81.91329707 79.28937382 74.57019461 19.33237819 36.20949016
  43.88523047 42.80315818 43.37718111 49.54293093 79.09561358 77.24341893
  39.70180526 36.91930277 43.18055896 42.74843258 79.41785579 42.15786816
  55.33561004 48.44706288 61.93217746 61.01863291 30.92816152 38.80763903
  82.00067928 80.8904577  81.98020695 81.23794085 72.60804048 72.16774235
  43.80262845 48.07798278 81.58121841 83.17399219 63.52876927]
 [62.32557223 62.94082061 62.89389571 54.61586753 72.12499655 63.00891
  55.34953707 41.84893312 43.99015288 49.64933966 70.64112956 66.80006698
  65.61880609 64.08411934 55.85180171 58.44906455 72.19090028 68.7292825
  63.50283815 50.554582   93.78942153 72.26234538 62.76655416 54.54533028
  85.43020807 75.74928095 81.62390701 65.8670755  73.59711203 76.72720678
  59.34041772 70.50626678 78.33448658 36.9999733  62.3430447 ]
 [89.30426342 89.65208606 59.61177787 90.32962469 60.28960576 60.30872087
  54.37297862 41.8228879  43.70469556 45.39019317 69.29882519 85.02190204
  54.87763706 65.69149004 48.41216263 39.15820486 79.84169293 64.73264363
  45.51695092 42.25900587 86.54941395 79.35977927 57.23064464 48.33955204
  85.55520198 88.91211348 89.64273012 87.47069734 66.13452064 70.74178282
  50.94040121 47.39611949 90.8298558  78.95761084 70.1429248 ]
 [60.39077565 63.50788934 65.09495934 68.26940883 47.83007942 40.8076638
  36.05653952 28.12738468 28.34052424 29.00500026 51.53196406 48.60287109
  49.68530413 41.86716355 40.19810453 38.29516849 35.66357899 37.94555759
  45.66141473 32.36384202 47.22567246 58.11865475 41.75286705 35.75346192
  60.07951463 65.82313667 58.84480289 56.90112727 35.94198115 41.91075495
  42.62078958 40.90721912 44.40182955 74.092365   60.42195551]
 [57.27415383 56.02700479 39.98333509 54.06926707 18.61169484 22.11320755
  40.5936782  39.34398716 38.62874678 38.51004259 52.26226258 58.28978184
  43.90864389 45.84006726 45.65675104 45.16399882 57.52508139 39.91757547
  47.69512789 38.6424511  45.08972535 59.75166989 47.34727335 42.73676636
  51.05370607 51.80475587 55.49519071 53.74630943 50.06253022 51.95824914
  45.68521077 48.626162   65.65083941 64.6715435  55.44390704]
 [83.92033924 83.08426567 75.51867317 96.91454964 84.32848722 81.49512883
  42.13412795 83.57736716 40.65030774 67.42690268 77.11352798 98.88974338
  74.09052355 73.61164809 38.54765269 44.75099001 74.37120601 63.72780231
  61.26116984 76.16419927 95.19580794 98.05730805 88.80401114 91.19240525
  55.81737434 98.46975005 82.47981401 84.09062013 67.89998314 95.36567632
  54.71788344 51.96532483 94.4331335  91.67414088 82.50622   ]
 [58.666173   37.94540598 63.79365457 62.5293215  56.80660149 51.17090771
  36.2732807  32.91911981 34.3831801  32.57817849 56.79176868 45.01100874
  44.18629541 44.18707728 40.59485368 38.71749291 59.24941651 48.64479248
  41.93394381 37.25119717 55.87768821 40.92286139 45.21950735 46.45361169
  54.05638017 33.55526183 56.85818249 54.49292675 57.45478347 53.89728213
  38.15125342 47.39168646 53.36761263 28.2223619  50.29700674]
 [58.4864128  60.2363257  70.88214866 75.64410634 39.93726343 47.37274173
  33.71241194 36.63389474 33.82043525 31.47344558 55.33621747 59.41601513
  42.2553902  46.11317286 36.20251942 37.50408208 50.55781    60.21778648
  38.00254621 33.40202236 55.72941406 61.7398678  41.35950937 47.48425718
  58.9177458  61.05668859 57.77707914 55.06019714 42.32983385 57.10797059
  36.40757232 40.07676284 57.26598501 67.27680743 55.86089137]
 [41.90025159 47.31982325 43.47329809 47.16065333 32.40567879 30.44383609
  17.72569818 17.91838939 13.32614732 14.46922517 38.43809676 41.94812315
  36.73464851 35.27873424 19.38771739 22.62545417 27.2540121  24.00823432
  32.44513066 17.05040135 32.85639461 40.79206557 25.0114666  27.50989445
  46.6060524  43.40354611 44.52440246 33.74368769 55.72550082 35.90057385
  25.85798838 27.57429511 59.17884245 44.69124905 71.11810753]
 [33.32539168 42.03913969 31.76509935 61.08906362 26.47739737 31.40837831
  14.05751744 18.07605193 13.09368156 14.22321538 18.23802303 38.35353407
  17.24622314 27.04313693 16.9381148  16.11471155 19.69593092 23.73725131
  22.66726953 14.72572908 23.88974034 38.66120091 17.08752896 26.22734533
  22.5559062  44.75165703 34.13776535 23.31593783 23.01125553 28.17884264
  20.87000339 16.21243131 81.79529384 61.79844715 51.17320714]
 [95.67852073 93.58720045 84.85143504 62.81293244 50.68292882 78.49702634
  61.75704175 65.1631665  60.79190105 62.72556615 88.4398591  79.31520698
  46.6972876  58.90179916 60.13304474 65.40175254 92.1112516  88.29977858
  67.87353447 64.65200184 65.6901428  60.08599695 60.80728426 72.66242564
  94.57703318 91.44890708 95.20392391 94.04274144 84.85892062 76.97846394
  61.06229284 68.81480967 96.77099171 97.10230985 65.48010255]
 [57.0084318  58.22916799 57.4658157  61.77061993 51.65486461 44.57170854
  38.98013464 36.6758954  34.00406907 38.82547175 52.6950669  54.79437152
  48.23967906 46.13051074 43.04904189 44.42288331 55.75513009 44.42531591
  56.84901007 39.27330047 57.10811552 64.61415835 44.25090221 66.17719641
  57.25142388 57.9234182  59.95841139 55.45872833 54.0957364  58.75665119
  50.87365555 55.62778363 77.2355213  65.49779457 72.046683  ]
 [74.01137168 68.55652376 64.28203497 54.58702904 44.92504418 28.8103018
  38.44228516 31.89283078 29.48686781 31.48315684 50.65735886 63.46319806
  54.73712229 58.87977268 43.41395732 41.75175959 66.51980263 65.99555966
  54.60407846 33.2614549  49.59070022 45.50756765 47.24407581 40.28840045
  34.98980619 57.47124279 81.44405058 57.84300978 64.93504059 61.00635185
  62.00590988 62.43682478 60.98355726 71.46389409 73.95494291]
 [58.907969   58.14221903 70.57068999 69.02027235 58.45633585 56.06066295
  40.78464998 28.39888026 35.85896112 30.88381057 61.26452479 58.75127042
  45.02468757 31.85656214 35.52760432 25.97110113 58.20550749 47.36608697
  38.20006124 38.80125104 65.53793144 64.9969169  42.27328014 31.21979538
  59.26001801 57.80810939 58.38314084 58.45962719 56.80100179 53.93039155
  34.65756222 25.09306661 59.4369472  66.77538845 69.1802008 ]
 [69.41599527 69.30472078 58.66374637 63.68036527 51.43061095 44.89501923
  46.35835611 44.92405943 48.75703349 44.01720359 60.70592318 67.57333684
  48.80515464 48.23279885 45.61857691 44.20115254 61.79385257 53.15159505
  46.27243163 47.97377061 53.93721837 56.73277083 49.77745118 54.2820536
  65.30250377 70.73073162 71.44730182 68.38585434 57.11044049 57.95322562
  46.14373436 44.12173132 74.73847569 75.51721909 67.28408817]
 [77.15994227 74.88830347 98.9625979  96.74827691 98.04155797 94.39156138
  68.86403899 88.5187081  50.17582129 57.66785724 76.2710947  84.19639052
  67.89835546 54.6828145  47.57193875 46.6789887  77.19769238 95.56179328
  58.25238655 68.42746834 98.07341873 95.82545641 64.10380088 81.93987794
  88.71407915 83.00120382 69.65598906 94.74127477 61.17562442 61.04983565
  52.49416735 39.8974433  86.12584994 89.87771811 71.35590309]]