[[ 6.20494052  2.2616171  10.91095186  6.22951735 37.82275427  6.95451875
  60.88964376 60.60506447 65.76972188 69.08958264  6.91897168  9.07647295
  16.28452043 41.04901724 59.8718991  64.48396339  4.84106954 14.42799154
  56.16174603 67.60907292  2.91600551 19.51650231 46.05011472 52.39331109
   2.35170808  1.69493059  4.24080851  7.16292683 17.55867846 15.77856805
  51.68370478 54.01028168  2.03206659  1.33770819 10.8228349 ]
 [ 5.76683389  4.63630205  4.63119634  4.65914495  6.4252051   6.33691577
  13.00484966 17.38876169 25.54623767 19.51968548  6.34868447  5.35704907
   9.30101991 11.87678349 11.86380138 10.92823886  5.35601773 11.54826398
   8.36413895 19.66115546  5.96464144  5.84126231  8.91226338 10.03595562
   5.19442917  4.90558281  4.94149379  5.28469922  6.42831003  7.46602385
   9.39538914  8.67938303  4.53130768  4.26176731  8.10027801]
 [11.10070818 11.87869857  1.76150158  3.22620049  6.86669367  8.09486254
  15.94782104 10.65599263 34.63152843 28.39271731  2.27589608  7.16728097
   8.65348387 13.11405869 16.71335774 17.19630923 12.2771141   7.18038068
  15.07636543 28.68507389  5.02318194  7.54406497 11.67997691 13.08013634
   7.10411823  5.75803785 12.04558371  3.11768656  8.54351068  9.12251618
  12.73520409 13.72487485  9.01057333  4.31141032  7.82560791]
 [10.73285153 16.97119936  9.39361162 10.68149074 23.30939321 22.85589386
  48.56311735 55.15977478 54.3366457  57.87620479 17.42284613 20.40449873
  24.70753964 33.38041573 48.7007773  54.3564515  34.91985266 19.77789082
  51.8531218  54.83621541 18.05847254 21.51486987 35.06143713 44.17006724
  11.61624693 25.31605444 15.56611309 23.76001556 29.13586161 33.75571319
  48.26469307 44.73061336  3.36006845  1.16488842 16.53127137]
 [ 3.40294295  3.42110412  4.55846923  5.22599295  7.97691114 13.87002971
  20.18266597 29.34617204 19.91358893 20.68000012  4.49695628  4.85132933
  12.63876233 25.21791333 21.35326396 28.9887099   4.39035224 16.03359455
  17.11255391 17.68611402  7.70408779 10.72561247 14.13365637 25.41350704
   3.56321346  3.69280756  3.54181888  3.72083795  6.46470303  6.36030632
  18.69114816 22.93032974  3.30270919  3.14758334  9.09898406]
 [ 3.73183477  3.22339466  3.23288378  3.27950794  5.58715738  8.90866686
  15.85401991 31.56279338 28.36229286 22.4499259   1.6377144   3.98790096
   7.03902723 11.62837411 17.00804024 17.64849968  4.19078808  6.69792304
  13.29828488 21.22845104  0.70405998  6.20649487  9.92720639 17.56555497
   0.78678987  2.7122741   3.00322016  4.18205827  4.46446229  4.78356519
  12.1045297   8.84881519  0.89775264  2.457804    7.21279182]
 [ 2.43819928  2.04599407 11.78870724  1.71390938 12.25901099 11.88069815
  21.22942184 31.0574902  33.82796121 35.30585696  8.41165477  3.09986698
  12.74248273  9.560404   24.51256521 34.1408522   4.18509721 11.83838227
  29.25420402 35.6439709   3.36056127  4.71526661 16.2216304  21.18187914
   4.06160711  2.17654099  2.25922349  2.86375402  8.13666273  6.33860259
  19.23616805 24.45086836  1.32985522  4.04647873  9.70916932]
 [ 6.07794832  5.15627028  5.88495176  5.40165685  9.88337934 12.27068811
  20.40808186 36.61453408 23.37991175 26.66741009  6.35275863  7.4665456
  10.21632629 13.19918131 16.985454   24.6343723   4.62718877 16.46489305
  13.02160434 23.35587314  9.5054646   8.01955714 14.06024823 21.99054465
   4.70223311  5.16169445  5.35631889  3.75778237  7.86979273  8.17961957
  12.13811398 13.944667    8.40278314  4.48326105  6.82195539]
 [11.96268223 11.69179743 15.5305896  14.8956327  12.31303564 18.08183369
  34.14547487 40.51933756 43.01748365 40.65981785 15.46831926 13.7829165
  20.78288371 22.04815978 28.89747452 33.5998298  14.56186765 33.48082583
  28.62202149 40.68803733 19.89855577 14.09917882 24.00472339 29.89360126
  12.63927135 14.25286632 12.6049918  14.70422741 18.94790189 16.7314369
  25.09213614 27.37966303  7.90124437  6.90901207 18.89661937]
 [ 2.1028906   3.25156754  4.63774229  1.12935343  6.44948268 10.25292608
  43.75609754 13.0971386  49.28797054 27.3515098   3.27071444  0.31190052
   9.14658587 13.12977849 49.54817268 45.68341392  6.80527684 25.68723949
  30.77611462 19.23775241  1.13610561  0.77564827  6.98238789  6.28980111
   3.15714686  0.39153763  4.18706397  2.83416511  9.32773017  1.44862978
  30.67721726 33.11553432  0.64238975  0.90816441  3.67125521]
 [14.20689732  8.67629995 12.87688539 11.32147242 19.43754529 20.08157627
  38.39336596 33.52408655 39.56715704 40.63311156 11.24345514  8.81858064
  18.04272732 18.56033674 26.52065264 30.49786091  9.65439271 19.53026527
  24.92365998 37.0249668  15.64925145 13.02787579 23.2979352  22.39910154
  10.89464047  7.62706347 10.41569297  9.03729836 12.25478749 11.08738212
  21.43073731 19.27172787  7.31680606  5.34174602 10.85396378]
 [12.01706759 12.16812216  7.23278545  6.12996871 12.90851921 12.32913163
  33.49636548 31.56240987 40.10837866 43.11461731 12.13234686 10.63843383
  13.1559477  13.52487934 26.04681126 24.54786838 12.19802912 18.81013246
  21.99202708 39.00778753 10.70292422  9.9515313  18.99697361 15.18110232
  12.40446264 10.4203704  11.03360837 12.51195164 13.90668019  9.59571622
  18.00884448 17.97988889 20.32184316 13.4343499   7.68424359]
 [14.80438116 11.12349012 11.38342154 10.21535613 18.90738209 21.60620378
  40.81060477 41.54248389 45.93626604 44.75217432 12.47187549  9.75230072
  16.24750354 18.95202612 34.88370727 35.24163741 12.01543944 28.89223293
  22.86661204 37.70513444 14.26583479 12.72351603 26.00585805 28.1499866
  11.58611666 10.3618965  12.68594997 12.28833476  9.11101273 11.56698172
  23.05803192 22.7634204   9.16423521 12.53538456  7.89947752]
 [31.8140893  26.99387548 34.0513949  16.95158973 37.84383636 30.74650395
  52.21222521 45.83102936 52.26195378 50.74130088 40.29096436 27.5588561
  39.97871053 32.02363763 45.72151644 49.04313865 33.93594685 38.3353328
  40.2967768  49.06938343 39.74785924 27.8293758  43.13200091 35.51663639
  37.46646747 24.41325802 30.17941588 33.61061173 37.86034378 29.78660794
  36.38124378 51.89133975  4.47792254 11.00978754 12.32353753]
 [ 0.9282783   1.48025581  4.94877349 11.70659656 14.63110279  8.49984856
  20.7133922  20.42069    21.94195354 22.87626515  4.22657461  6.64789062
  20.87975652 16.27094931 19.89323535 21.01032167  2.51546517  5.30256517
  18.19663471 19.37814965 14.03545844 13.84281444 17.67839505 13.33726032
   1.37663674  2.18226139  1.08538998  1.5688933   5.98356586  7.87441729
  17.69361899 17.70726908  0.6041184   0.50963803 11.76303447]
 [ 9.55843479  8.88018289  8.79105548  7.88593245 11.82224254 11.9880643
  27.58138924 29.97601986 41.66541098 32.29525538  8.53725077  8.2678752
  12.75398474 11.39978709 24.30101057 21.8428265   9.4186588  24.9884802
  15.26005698 33.47976157  8.88652766  6.73596057 18.39195472 10.38615221
   7.99623444  8.2712881   8.65661728  8.50419671  9.24306175  8.08779147
  15.0076701  13.36924688  4.13590202  7.32858858  5.96325169]
 [ 5.53445732  5.66610326  7.98453564  9.56899126 13.76591593 10.37364382
  31.75343962 43.78988516 49.32825872 44.98230302 10.14981701  8.06847977
  10.07737841 10.11679332 33.01431524 33.81158591  8.25637513 11.71103504
  23.87496995 43.02605451 10.85340776 10.40593227 18.71408041 20.93423994
   7.50235582  7.11524576  3.34536091  8.59047821  8.47368661  9.36491201
  15.91095245 16.330586    6.19669486  5.16972022  5.34861208]
 [10.32998274 11.41344189  6.39644273  9.24998567  8.7252078  10.96541869
  20.28920629 37.34124388 28.38351562 32.57493375  9.18992548 10.66153096
  20.45979243 35.54728424 25.8991053  38.55810217 10.48915005 19.31514325
  26.23317586 24.35571015  7.99484319  9.69919062 19.39893221 29.54097369
   9.94607667 11.53977248 10.91208608 10.67658522 10.9649915  12.44482408
  27.02734831 41.52140618  9.89820523  7.62432022 10.33458988]
 [ 4.32489122  3.41153674  8.05439823  6.06756153 11.08644784  8.62420261
  14.36733355 15.41617872 17.1977682  18.48627829  7.70895563  5.01751179
  14.46160365 13.35519351 18.48329165 20.07806067  5.46755755 11.25163207
  20.26338031 17.71183804 10.0258244   8.47979781 14.51912428 12.36293997
   5.72764862  4.14745389  3.86079678  4.45442164  8.19955493  7.20882988
  18.29577514 20.06826859  3.0126217   2.96923496  5.75385936]
 [ 7.71576386  7.05361613  0.28568508  0.97588254  0.69537289  1.21959626
  18.41413489  6.50853052 33.70565015 28.19019617  5.89961839  3.98177412
  13.00005354 22.94380857 30.61783687 29.6671174   5.0656808   1.75465728
  20.69090974 19.75799049  0.52227404  1.24953713 18.76114693  7.92332947
   3.67149014  4.77540435  9.3070767   1.42790524  8.90181302  9.45810266
  22.82599691 31.32868082  3.38877814  2.39772969  6.57582905]]