[[ 2.33196674  0.96915803  4.1495182   2.31154138 10.85689147  1.19667147
  10.26782133  7.76697149  7.17985935  6.74405839  3.55486913  4.61156085
   6.0163669  10.08669447  9.95068102  8.00902219  7.32297309  3.22767514
   9.58887787  6.53641977  1.50636704  5.58303535 10.36252093  7.50693246
   0.96444485  0.82281141  1.75362568  5.37655242 19.93378581 12.14662338
  12.54322854 10.54290875  0.6218381   0.51896887  7.33454188]
 [11.23707017 10.59639057 16.05242446 18.37873243 22.59841483 18.50194811
  22.56540274 21.02623911 15.17673536 15.04258964 14.20214553 11.97169837
  23.47700418 22.08682871 22.88900813 20.71903602 22.66811226 17.61410784
  19.45652559 14.71345608 20.24991906 19.68398221 24.29387766 23.33393665
  10.44482637 12.53749558 10.84265673 13.68618676 20.02495518 20.35778877
  22.57695947 21.97222782  4.05316444  4.99311612 12.84163253]
 [13.98315445 14.8331347   3.74895949  6.85680017  9.50989368 14.78814816
  15.62967847 10.78483892 11.29168374 12.31298157  3.13580477 10.51437047
  13.22885415 14.81963102 15.63408927 14.78755278 13.33246907 10.04489679
  15.38952225 12.02638816 10.70473627 13.56113274 15.40072733 15.34907739
   8.97317268  8.08346202 14.76954418  3.56540708 14.70510284 14.11701745
  14.10790601 15.89616902 14.23424159  7.1085521   7.46228716]
 [ 5.4592648   7.06339063  6.55500947  6.31794584  9.89316177  6.26636555
  10.26172741  7.99564227  8.24119396  7.5965558   7.45012496  7.96160927
  11.7916579  10.37844939 11.03103769  9.76027046 14.59448246  8.53765007
  12.08987333  8.54621776  9.14180931  8.79716075 12.18662808  9.54965915
   5.56605905  8.9147459   7.690229    7.47744542 11.94963016 12.42429796
  12.16204215 12.73683076  2.5802907   1.92436645  7.18221519]
 [ 9.90027566 10.41135745  9.80458515 14.0312814   7.78817775 12.53160008
  16.68971942 12.77250773 13.89282897 13.14380007  9.83253684 11.68658348
  11.27987863 13.65211571 13.85101289 11.26110051 10.86079228 15.23812805
  12.18062953 13.76597182 11.39917098 14.88925899 12.29413629 13.18436859
   9.67127543 10.87487488 10.13845161 10.43778186 11.47685804 12.28855195
  12.89351254 12.04458371 10.42620282  9.71017589  7.73583557]
 [ 5.00742699  4.41988105  6.18441753  5.10323044 12.87090759 13.74121466
  17.84549739 14.92911629 12.86339605 14.30321758  2.39998615  6.13811068
  14.24485897 11.5935512  15.62052945 12.90496669  6.49973992 10.36690415
  12.77410424 13.60145296  3.09908709  9.40699357 17.09594601 15.65880535
   0.96617417  3.63859592  4.01325234  5.26763075  7.24281947  7.47665498
  15.4755958  11.06606711  1.58346099  3.25999541  7.9046602 ]
 [ 5.5874891   5.92248191 17.21491936  6.01349709 13.86236063 12.92266203
  12.05381894 13.48811462  9.72678584  8.79335232 10.15491525  7.28681252
  14.73308783 12.04231789 12.32542825 11.93951687 10.44243008 12.53498513
  11.40511859  9.5537958   6.21320136  9.29641046 13.75632957 15.21026149
   6.07658214  6.37684623  5.57508777  6.41866213 10.79201267 11.23529591
  12.31569495 11.97783399  5.61167102  9.59350599  7.38670901]
 [18.04963695 13.21013942 15.96064502 13.53744618 19.5069238  14.32704094
  21.79051892 16.3956571  14.63956291 13.81871931 22.91289107 19.76840485
  14.9529467  16.00769958 20.02526838 17.33696875 46.87249017 24.38434429
  19.47811802 14.61258614 20.7970518  14.94945686 21.37331341 18.86315395
  19.0300053  12.92140876 20.16645258 30.59218364 31.47640845 21.8546358
  16.70706078 18.0452176  11.17134078  8.061898    9.21657367]
 [12.038149   12.4979463  17.58713882 16.04597862  8.8410684   8.33068224
  15.83084327 12.47033169 10.70822331 11.0064102  14.80845546 12.80782239
  17.85058164 13.47991228 14.67163911 11.54919439 14.46751549 13.02920351
  13.00430524 11.29548936 19.26519677 12.49068469 16.95903118 12.98986589
  12.91098354 15.06763002 12.59888193 13.33365419 15.62845525 14.3272065
  14.95590291 12.27513675  7.72685341 10.32723068 11.61869352]
 [ 2.77609497  2.98320393  6.3071994   0.91266445  4.04122021  4.21341686
   6.27336661  1.70411757  4.01227014  2.39224867  3.71091876  0.4508107
   6.99114582  6.7331015   5.17104069  4.88047608  6.70838008  5.18911506
   3.58829085  2.02008846  1.33147606  0.62499437  1.96761227  1.30228216
   3.46605257  0.35969578  5.30108987  3.65168135  7.78175062  1.40091023
   6.28387827  7.34872844  0.92241878  1.1114638   2.61630306]
 [12.89185578  7.41408477 12.5351707  11.24512209 13.35420416 13.71302042
  11.69425242 10.2449834   9.5631045   9.43899961 13.98022997 10.58040726
  16.79198522 14.47443557 13.79264284 12.80249214 18.0114346  10.70483036
  14.0489367   9.48591613 13.85711621 12.05483265 15.19551102 13.73897685
  12.79044981  7.25367558 10.58099216 16.25767873 15.70657877 14.66684065
  16.8805674  14.53564124  7.61603988  6.18512942  9.67415114]
 [ 9.59111437  9.99815165 13.37549861 10.2998753  16.57461833 15.58591375
  19.4491478  18.42925254 13.59047857 13.35810483 18.68515744 16.31036009
  22.28021338 20.10638469 21.47568736 21.78932383 24.272664   10.19151025
  24.0513668  14.95152362 18.51114785 15.01872824 22.31423062 17.3861167
  12.4104203  12.0202967  10.14674257 16.62365331 29.1016839  21.14712618
  25.37331628 25.24027158  5.98785374  4.77371506 14.24031673]
 [12.85502768 15.24114892 19.77001647 15.28328009 20.75368116 17.15957604
  13.4481361  11.84781349 10.59030072 10.51231866 13.98783353 19.46778931
  15.37280143 13.95313956 13.08145568 11.99715259 34.30495964 15.88730883
  13.03298295 12.28969446 20.3077292  14.89988223 17.65302334 14.08969844
  13.03771076 19.96063914 17.67194305 29.90058499 13.48141149 22.49196278
  13.80368001 14.64502466 13.230863   13.62510057  6.49099983]
 [24.66455926 22.61730712 26.43314444 16.71320313 26.8403453  27.48574978
  22.22539192 22.15969852 18.75045529 17.55459922 30.61789282 24.2268349
  27.83101592 28.60381293 23.99513457 21.04591715 37.81761564 25.6564139
  24.70516934 19.9835047  26.78848775 25.16973722 28.15135858 25.93646163
  29.04597065 21.54694719 24.73672947 34.25213161 28.7612855  29.57337712
  28.65020399 20.23363296  9.02539221 13.18381314 16.94355175]
 [ 2.34574369  3.12729656  5.17531511 14.27337203  8.79406916  6.54568425
   7.42822631  6.04124525  5.70847647  5.75097882  3.80005174  7.29808133
  13.65266079 11.82174167  7.88516996  6.13950962  3.1013161   2.86499327
   5.95851081  5.85366039  9.83391193 13.62788986  9.27657479  6.63227906
   2.47315138  3.76858551  2.54404126  2.82006949  4.42148695  7.33123161
   8.55875818  6.41198396  1.9770339   1.79549716  6.55277995]
 [18.92834289 18.68938719 22.51093065 20.63742031 22.75053121 22.50717894
  17.61990491 19.89960983 12.6402271  15.62287778 18.76199843 21.42104903
  24.98281354 29.34685977 19.92518254 20.78381155 21.0174642  20.16698052
  17.50029055 14.75184098 19.65436785 17.77757664 22.20512345 15.66870857
  16.56851562 16.85833615 17.55217986 17.44322863 22.3024418  20.91245759
  21.89454826 19.41599037 10.69893858 14.44028424 10.01804148]
 [ 9.92470211 10.40873544 16.44113572 22.73128408 19.3916576  15.47927171
  13.38935608 11.76225397  7.74685783  8.58283617 17.38787428 15.05784904
  14.86958921 16.52959437 12.76100952 12.98884839 16.05195684  7.2047044
  12.03885569  8.29042542 19.47820194 22.76780787 15.6019304  17.23391875
  13.34329287 14.71076041  6.30985506 18.99314668 15.17059384 16.02140641
  12.06803541 11.73851475 10.29131317  9.33476155  7.95779655]
 [20.06680126 19.04994925 14.23711363 11.23258926 14.44307206 12.97014262
  19.81255056 16.30288228 14.42803036 12.5220474  18.34906248 16.02882073
  15.36091572 14.39360352 17.17644215 15.99504931 18.86003102 16.19305374
  15.50232617 13.65374175 13.88129098 10.41325575 18.33099872 16.99783368
  19.85192507 17.97959588 19.41892603 19.22758636 19.03696507 15.67015441
  16.22664649 16.02587453 20.35439325 17.64695956  8.951803  ]
 [12.95612583 11.1350764  23.80708389 20.61785543 23.71583878 22.22988793
  24.28648582 22.99865478 19.42236608 18.18094008 20.10261348 17.0024655
  23.74375372 25.42041697 24.02650962 22.56675058 23.80394448 18.35724302
  20.89776524 18.43600135 25.4701364  23.86823481 25.2711977  23.53296931
  16.37081743 13.65192053 12.3521215  17.3775425  23.11886413 24.63772496
  22.6473131  22.62617582 10.2241718   9.86562994 10.24473954]
 [ 5.18251574  7.5803931   0.37258587  1.26699911  0.46391206  0.81945395
   4.55661172  1.67309623  4.96938896  4.12561777  8.86428171  6.11424366
   7.6253246   8.03828863  8.74937178  8.83524096 10.71409882  1.24299337
   9.66317285  3.76971058  0.47357146  1.2419365   7.13720256  3.70906848
   3.02180846  5.68701642  8.23011094  1.86029221 17.54295529 15.05164372
  11.2554884  12.61094313  2.98913829  3.19171586  6.61014051]]