[[ 0.75227117  0.37291052  1.02455203  0.62674535  2.20318527  0.22974698
   0.4472429   0.29180381  0.28965763  0.3759471   0.69155517  1.35666805
   2.04562741  2.66446328  0.57795679  0.49185675  0.64895674  0.43090065
   0.69855016  0.34479159  0.40732982  1.55600209  0.99987262  0.81643524
   0.24154951  0.26484898  0.57888548  0.77199563  1.97352557  2.53871549
   1.07579522  0.99674996  0.34694077  0.20425058  2.13827386]
 [16.57348671 17.57620429  5.29530961  6.56196784  4.82605652 12.88495315
   1.46918489  2.38034029  1.66332324  3.31432493 15.22699024 20.20433094
   2.31470449  5.80934381  1.60310118  1.70326513  6.70714046  9.13790218
   1.76670191  2.70112005  5.36347521  8.55595451  1.52373928  2.06451714
  15.44808    17.17134812 15.94533919 13.84225313  4.57221567  8.16654532
   1.93345738  1.88201402 35.30600271 26.62036795  7.82705731]
 [ 4.08456448  3.89004846  0.67888025  1.41014368 13.02231364  4.69534239
   2.80151015  1.82251038  2.08856224  1.95220744  0.6327968   4.06605753
   3.90889201  3.89523964  2.76831739  2.63461312  3.85946157  1.49922834
   2.46449481  2.1802253   2.24457355  4.79682101  2.49900831  2.79903669
   2.33962161  1.85639695  3.88053118  0.93204545  3.3835278   3.03495319
   3.67194605  3.06646851  3.30000715  1.6348408   1.85908319]
 [13.44580271 10.11952428  1.45430984  1.22529058  7.90764731 14.32134768
   2.70661726  1.63254665  3.26126673  2.76125942  7.8965224  10.86965511
   2.45450965  2.41965465  1.86394442  1.47726535  4.15326586  6.51922913
   1.58841022  3.371064    2.13802507  1.86974998  3.47259371  2.95391361
  13.27518463  5.48666587  8.81552815 12.80101184  3.68822275  3.02096056
   1.70564332  1.76805521  4.80494523  1.32306005  7.70881804]
 [ 1.22114768  1.20376046  1.8289566   1.57587952 31.57513908 14.57684434
   3.03842304  1.77403252  5.49783187  2.81348938  1.82915917  1.45460763
  13.90768395  4.23453711  3.50296267  1.92115843  1.35497485  8.65073289
   2.24578601  4.73627789  7.58752334  3.06263766 17.66988206  4.97562462
   1.33302439  1.21597229  1.21380358  1.24567186  2.43170736  2.03318083
   4.46708198  2.46185374  1.45223961  1.12077156  7.12101097]
 [17.39801903 17.6753271  16.4031652  21.91540774  3.21941311  4.78350196
   2.6973756   2.03506182  4.38301047  3.89463644 15.98191411 12.93447386
   2.89497972  2.48015024  2.49619208  2.57330544  9.29806018  6.34108946
   2.89162473  4.54577886  1.12157534  4.34350998  2.21194336  2.18737069
   7.79645955 10.10334949  6.20698471 14.26160526  7.12100541  4.05063531
   2.78780664  2.50820859 13.06880632 37.91772557 11.11131103]
 [ 0.68756988  0.61050994  2.45619763  0.42760922  3.1159933   4.02844199
   1.85377569  1.70170627  2.07257763  1.34781036  1.84272209  0.75212005
   3.33781815  2.15971884  1.57942218  1.50409471  0.99326629  1.59900764
   1.29705914  1.85787694  0.83443151  1.24132161  1.62075059  2.15363321
   0.98776366  0.55151612  0.64022016  0.72859271  1.88560056  1.58534182
   1.9938355   1.92405977  0.63041408  1.94938747  4.36582078]
 [ 6.00383638  6.98756124  4.88627314  4.7256533   8.41085191 13.22414877
   7.24875895  4.79391773 12.64495232 12.58000947  7.15353596  9.39150687
   8.38944211  9.99851021  6.74521144  5.36706915  4.66648296  7.86865457
   6.7946383  11.14689878  8.20558258  6.87741997  7.27254554  7.49949021
   6.0573412   6.37106928  6.02816123  3.13807703  9.22799247 10.43817601
   9.53582912  9.07861701 14.59694126  5.25467762  9.12197599]
 [ 6.31606332  6.84773495  8.96013724  3.30322746 24.67352541 17.65825774
   1.64971575  1.33015737  1.17054545  1.55713817  4.61649618  3.16320714
   2.78242829  3.48389568  1.21132193  1.10877118  3.51330712  3.39337353
   1.18221679  1.47554827  3.6574108   2.50604691  1.72973621  3.03829031
   7.76390128  5.48766849  6.80165466  5.89664118  3.00086301  2.85707202
   1.71778483  1.51341035  6.80606513  7.32751051  3.91384063]
 [ 3.75074304  3.62510504  4.0931873   0.27890483  1.54375495  0.92345953
   1.40894761  0.2862908   1.26705074  0.46629416  5.25831106  0.06728319
   2.35448698  1.66652923  1.07022446  0.78371714  3.6236836   1.20076583
   0.84217788  0.48940981  0.64390092  0.12893539  0.46149212  0.25432657
  13.97787528  0.23749812  2.53198276  3.05870883  3.85673034  0.37765852
   1.56658325  1.5207403   1.34394615  2.30071123  3.70302813]
 [ 3.20582979 15.42104866  2.27605882  3.73049601  1.56868255  3.10442387
   2.16368261  7.32094883  2.9143518   3.83092897  4.28853402 11.59683771
   2.72145093  3.65820936  2.04920262  2.6148802   2.64612505  6.18236364
   1.98684992  2.98724767  2.89747224  9.62268777  1.95548217  2.85393862
   7.24253754 17.31578138  6.49885299  6.00443955  2.39638706  4.67817928
   2.48399245  2.43706026 10.87904612 20.83378365  9.03538946]
 [ 7.41368971  6.37968127  2.52603891  2.49668863 10.93517697  8.87328437
   2.12003719  2.42163822  1.50485264  1.69442072  3.9512076   4.06287799
   4.71753379  5.20118799  2.00433405  2.24895243  3.64177584  2.80135736
   1.97403396  1.7672597   5.38846236  4.0355114   4.38350783  6.44509542
   5.34429859  5.47492169  7.73049062  5.01919279  3.13278912  2.52490973
   2.50294367  2.51058141  5.39589562  5.52636455  6.39253592]
 [ 6.09427686  5.22303912  4.93568267  5.57088673  5.53344898  6.99896497
   4.83258482  5.78422208  6.53297109  7.26009575  6.73069129  6.77262363
   6.09592618  6.89329598  6.11578773  6.23471017  5.12147127  7.11483723
   6.9062452   7.9415028   6.50768281  6.87683427  5.96459471  6.58996251
   5.80485041  5.65090436  5.39512052  4.78956201  4.04367576  7.16924625
   7.72711759  7.74825582  4.62716649  6.99370798  3.72129862]
 [ 2.23693942  1.57786101  1.18124948  0.93933792  1.10135657  1.59331116
   1.18047706  0.99902498  2.93398478  2.45247394  1.45712565  2.02996742
   1.70029057  1.72719272  1.34412857  1.21222038  1.45658862  1.99522668
   1.39452332  2.8080488   1.40903109  1.21348893  1.12338568  1.29075886
   2.18281577  1.93754774  2.48900521  1.62458866  1.65724337  2.15154229
   1.51473869  1.20270643  1.32440664  4.6295782   5.64284808]
 [ 0.29430885  0.50959903  1.45381989  3.00225525 10.22871344  1.23724133
   1.13682911  1.15313215  1.80821844  0.89314889  0.71744036  1.41960253
   2.35243226  1.96392417  1.18092034  0.76629691  0.44682186  0.67202738
   0.75657212  1.27418916  2.47795003  2.43762246  1.51831325  1.04988998
   0.43325805  0.71278056  0.33013655  0.39253686  0.78178256  1.33007497
   1.19389563  0.8324409   0.17836912  0.17223556  3.98867282]
 [ 4.78360283  4.78191681  3.65647293  2.96642215  4.40649011  7.39534884
   4.54738051  2.28981908  1.34339528  1.64100615  6.9192085   5.49613262
   3.56153616  3.19631541  2.1852183   2.12266764  4.46124618  1.85942961
   1.84825734  1.63159547  4.29745818  3.48813715  4.17524468  1.47169477
   6.54265713  5.79173588  4.63701551  6.24785361  4.00095902  3.59840284
   2.43546329  2.38995466  2.70031239  4.31131424  3.37413541]
 [ 3.58699486  5.26749445  3.63858013  4.12139782  7.43990415 11.77774857
   4.6913118   3.41140781  4.17462557  4.37706636  7.40649318  4.50578741
   7.39211128  4.18627592  2.45362394  2.70755189  2.69620636  5.16637457
   2.12893551  4.86637385  7.60351189  6.21438691  5.32452564  6.08654058
  14.97375056  7.45218641  3.06794054  5.1387518   3.48220621  3.82698362
   2.45129871  2.35417541  8.13695092  5.28767266  4.03761879]
 [ 3.04972192  3.30124928  2.44063444  2.74172167  5.13651384  7.7224341
   3.56571317  3.45756654  3.54518943  4.77585098  2.5373136   3.87620477
   2.99213784  4.44887418  2.87052275  3.45679582  3.14154033  3.40714224
   2.86084109  4.67711521  2.95038306  4.83344942  3.66162287  7.01232041
   2.91808155  3.50395618  3.19390833  3.16364969  2.67691232  4.33876725
   2.74942357  2.70337682  3.22371983  2.41639716  3.03927578]
 [ 4.5137541   5.7422692   2.01655927  2.04867334  3.86123544  8.33251979
   3.41089651  4.14248193  2.76047676  4.84980744  2.71031696  2.69891108
   1.97417093  2.42054984  1.58550524  2.35752521  2.19712775  4.39655261
   1.7504785   3.67618693  2.06158588  2.00569436  1.58005651  1.84275568
   3.99514436  3.28910796  4.07342925  2.89026975  2.29676661  2.14251067
   1.65864342  1.89346007  3.9792719   3.93528337  5.12894236]
 [ 3.38624102  3.6118151   0.14527538  0.29823471  0.22201697  1.54690109
   1.43730505  0.59602947  1.92902316  1.54915126  2.78835122  1.82543489
   3.13269725  3.71967655  1.99159838  2.30723108  2.12606366  0.42291476
   1.88027206  1.39498235  0.42207277  0.54079079  1.91951036  1.83437014
   1.48151877  2.22055276  4.46480125  0.65657799  3.49288252  4.54965631
   2.48976798  3.02738796  2.95668436  1.61732354  4.04013607]]