[[ 1.90418194  0.80599094  2.57403572  1.38447857  6.40860108  0.84922314
   4.12647761  3.10484213  3.51031432  3.25553854  2.14800511  3.14972513
   4.28879638  9.45402472  5.32611913  4.93006799  2.00469425  1.63129154
   6.22784209  3.30229411  0.70872435  3.88636437  5.05639697  4.91428024
   0.71292599  0.56976062  1.37267574  2.35965894  6.94946416  7.10954769
   7.62781331  8.33977905  0.64688108  0.32485262  5.51460797]
 [17.74251488 20.61299818  8.54192507 10.92613718  7.51839337 17.99448246
   5.40225464  6.57185641  5.64409133  6.49963498 19.05062109 29.16846335
   6.27996068 10.97919564  5.7281815   5.20198169  9.76951947 15.44044009
   4.93713979  6.09989408  9.11302823 15.5620433   5.32523405  5.96906564
  19.96860268 22.88809977 18.13705254 17.55587664  8.52844284 14.88382608
   5.71557335  5.36016233 33.72864297 24.27116054 12.19404999]
 [16.39604171 16.70103588  2.73012708  4.54019659 24.78971498 14.74120882
  17.84132673  9.94405352 13.52393956 13.75010262  3.62887218 12.65415275
  23.011965   21.60205243 22.37442762 18.57897112 17.06866118  7.96003525
  20.31652977 13.93409464 10.19814216 15.18010805 19.98317413 16.84479458
  10.01124992  7.69112382 16.8654183   4.15412001 20.24892783 19.8455295
  29.08182618 20.21364492 14.89213434  6.99688458 12.77632343]
 [19.09147787 17.12478033  4.61742374  3.8808413  16.35584616 24.26014298
  13.10333804 11.02153856 13.46351501 12.52376198 17.11154251 17.0912316
  13.05139344 11.02937267 13.41092144 12.10119581 11.41688443 11.25783472
  11.60826892 12.8578538   8.13813669  7.2224849  14.35180385 12.27564964
  22.43572601 12.2466775  12.83484955 18.96309954 13.18157028 11.70094969
  12.32270008 12.56229376  7.1650226   1.77844321 15.08053251]
 [ 3.06338021  3.0504809   4.51861519  4.59665152 33.32739384 22.81203571
  16.2039611  13.30412953 17.31856911 13.81977951  4.74573413  4.76406063
  22.47186983 19.97613108 18.11220152 15.08059858  3.97602483 17.91967636
  13.12542051 15.3645734  11.37704043 10.30385797 24.97416376 17.61886072
   3.43180744  3.32588757  3.12571899  3.35776748  7.01869109  7.15021855
  20.14562888 14.48525003  3.23762997  2.84747702 12.51540013]
 [11.53714699 11.74057658 11.28563778 15.08598634  6.19752536  9.55770652
   8.25357002  9.62409538 10.40114774  9.70288042  9.33925578 10.13944752
  10.20232798 10.2138051   9.02343652  8.42416365  7.82051155  7.86480084
   7.533148   10.06973514  1.28585606  7.7806562   7.99835007 10.04293871
   5.02036834  7.79649954  5.15263577 10.42163022  7.5746008   6.96193774
  10.29165015  7.07064233  6.11549347 19.36450172 11.42819225]
 [ 1.98247832  1.76892803  8.9283979   1.51535962 10.47302932 10.85947696
  10.49000492 11.92980101 10.66797975  9.16278718 10.2918827   3.83929842
  14.30897422 10.54606922 13.17042173 13.25733136  4.53751348  9.29498133
  12.52666733 10.68535049  3.04239191  5.38722205 11.17064481 13.11467412
   3.31884512  1.98298318  1.88273846  2.5182938  13.05120341 10.09897685
  15.51390028 14.2511184   1.59820388  5.45301698  8.39537608]
 [ 9.4778027  11.13813972  8.17317073  8.06583484 14.36876553 19.37045838
  14.49610075 14.0685064  20.99504878 17.92886086 12.04885028 14.77067159
  16.75598077 18.92744535 16.04596165 14.36642132  8.17025911 13.33655049
  15.04422461 18.52079993 14.26622855 12.03491128 15.54102577 15.89334926
  10.13090576  9.72269083  9.6042644   5.61082969 15.4838252  17.61681366
  18.99820654 18.02427926 21.42710526  8.10779833 14.41753944]
 [12.40895163 12.93551652 17.93879925 11.68589416 35.5606757  33.81601877
   7.78028792  6.33618622  6.47500082  8.26659119 12.84446652 11.95627214
  14.67546247 15.147965    9.56281341  8.57820581  9.93222835 10.17902167
   9.4963286   7.89847395 12.08911132 11.15241969  9.95923587 11.34147618
  15.63213776 13.3870793  12.49928091 12.31916778 12.36024963 14.12603543
  12.54896534 10.20562786 11.91499768 10.76470324 10.12693944]
 [ 7.44993215  7.05585782  9.44319784  0.76452766  3.63705494  3.1150687
   6.42746029  1.33508588  4.78240084  2.36304469 10.64652777  0.28026221
   7.41725778  4.85894269  5.66290948  3.90140285  8.49145347  4.1950773
   3.5322468   2.08855005  1.69270947  0.41311392  1.78449658  0.9611849
  23.58155095  0.54151842  5.5000494   6.36482459 11.13380572  1.40712516
   6.75443777  6.04967211  2.65811183  4.00551969  7.50319359]
 [11.02924412 30.54316064  8.51823052 11.17358797  8.8329665  11.93007173
  11.47541831 15.99086142 13.57220655 13.51878136 13.69601219 23.99316565
  18.25754112 19.11994106 17.04264822 15.36727384 10.43863113 14.93774825
  17.1066096  13.25067224 11.71847189 24.3717424  14.33156426 14.55437131
  15.01599201 34.24821774 15.64627939 14.2076566  12.18746321 15.67031582
  21.05344943 16.36388417 20.82049532 39.41697901 20.13948888]
 [12.49171552 11.21771922  5.98352837  5.42936102 19.64442205 15.83892852
  11.22203759 10.95280464 10.97585488 10.35941155  9.89507063  9.57231296
  17.59091492 15.05437512 14.27064791 13.90977329  9.32972104  7.97921345
  13.98002595 10.87140679  9.66805151  9.25436125 12.94577858 13.50342838
  10.92307267 11.02772262 13.3120793  10.78500512 11.52901295  9.62427728
  17.70732324 14.19249528 11.02842246  8.98876305 15.82201238]
 [24.34606271 21.09249858 20.43758122 21.76982372 22.39980898 23.79141913
  23.18297612 22.90709115 23.61431483 23.0061861  28.37150293 22.05916319
  25.54912034 24.92280411 26.53133193 23.90104566 21.30411755 24.09738669
  24.74902915 25.01326696 26.06235858 24.7077019  25.3650573  23.66045801
  22.96526975 20.62301389 19.72258399 19.27783056 17.63839921 22.8712354
  29.5531821  27.26900401 13.79889285 22.15455785 10.7701165 ]
 [ 7.95902034  6.77181669  6.56911182  4.3068056   7.7370644   8.76605681
  10.32438837 12.9341952  12.9599246  15.02841057  9.39599414  7.83080751
  13.24375984 10.6022198  12.00110562 12.58401227  7.09391797 10.27577531
  10.93626102 13.413334    8.16488158  7.12619714 10.50572588 11.02879778
   8.74883991  7.35059001  8.45708409  7.19673017  8.70987182 10.30963002
  12.58381015 10.45988955  3.37698476  9.37837398 13.9168555 ]
 [ 0.75314843  1.29564814  3.57065647  8.20484371 15.66318579  5.22019952
   8.96451062  7.22176611  9.7494505   7.75404099  2.81607419  5.31921855
  16.41786284 11.04158569 10.90762961  6.68211926  1.82514528  2.8606356
   7.21474789  8.84199896  7.96253681 10.00567629 10.71943265  6.31814499
   1.13992066  1.88746545  0.8365083   1.17575891  3.954244    6.4858122
  11.49143435  6.23349638  0.46948686  0.42031939 12.21541021]
 [ 9.72118768  9.41934513  7.57572524  6.73960516  9.36587153 13.53769939
  11.2711907  11.15865583 10.34689756 11.61538894 13.08647541 10.02057163
  10.46198649  9.92652699 10.53954669 10.82781099  9.34750074  8.55979375
   8.54238506 10.86350151 10.0535308   7.38416729 10.97677494  6.29624804
  11.64116893 11.15522167  9.19577597 12.34599272 10.35780104  8.64469691
   9.7886628   9.19702446  5.22932571  8.42201838  8.59788843]
 [ 6.94247403 10.10114309  7.65371354  8.9912978  14.47747815 33.5590341
  11.72360735  9.14362229  9.26339007 10.57463761 14.39845667  8.90468573
  12.92379881 10.28756371  8.35709397  8.74025423  6.47565903  9.92232633
   7.35316038 10.55569133 12.47417819 15.1043053  13.11538773 15.45690028
  29.19079457 13.25056463  5.83279292  9.43461352  7.93847275  9.78034612
   7.56380354  7.13989907 14.39148379  8.74395147  8.70102966]
 [ 7.64552509  8.09314055  6.35511921  7.75543105 13.23887045 12.28134165
  15.54788    14.49942703 17.78430348 19.2433573   8.65917364 10.68217312
  16.16246644 13.75367593 18.52632548 16.01895157  9.30377111 13.7185738
  17.20359565 18.51218184  9.63555132 10.05718731 16.33516606 15.22907684
   8.0238987   9.16856607  8.09193871  8.47255154 10.52012932 13.61586271
  19.33901941 14.65627586  7.08673449  5.53693462  8.49413055]
 [ 8.78923358 10.40639688  7.45821224  7.58554443  9.90586699 15.91837045
  11.57692802 12.51862515 11.86235547 14.46577059  8.77219075  7.70777479
  11.01531705 10.57104082 10.28611658 10.79651101  6.73751765 12.84297725
  10.81594432 12.20220306  8.50523495  8.91350218  8.85217033  7.97928144
   8.60388583  8.180786    8.26635065  6.89191178  9.27437385  8.05770888
  11.25453398 11.29036419  8.0454589   7.71263265 11.58837057]
 [ 6.55553712  6.86587219  0.23385576  0.71060672  0.57714011  2.02248732
   6.72790935  2.70363568  9.22011644  8.46717756  6.17665397  3.88215681
   8.34356915 10.61541175 11.06925423 12.51142185  4.89646434  1.01764131
   9.51325881  6.64984824  0.50866301  1.14227917  8.07833926  4.59335396
   3.11110347  4.31582265  8.34202204  1.31394979  8.88672475  9.89076166
  10.93457936 13.1355448   4.53954928  2.9155128  11.41799127]]