[[3.03761334e+02 7.13739805e+02 3.52645930e+02 4.24969507e+02
  7.72587598e+01 7.07376121e+02 6.66897901e+01 9.75600490e+01
  8.66861420e+01 4.88846211e+01 1.22611073e+02 1.03509835e+02
  2.06130993e+01 1.09531194e+01 2.62298268e+01 2.21735890e+01
  6.26782303e+01 1.86138723e-27 1.39091941e+01 6.02053195e+01
  8.63462920e+02 1.05165564e+02 3.78811311e+01 3.81792887e+01
  6.30288418e+02 7.23115945e+02 2.87506379e+02 1.34714674e+02
  8.57151266e+00 9.13711299e+00 7.11900960e+00 5.01081996e+00
  1.13602034e+03 6.99805050e+02 6.14515367e+01]
 [3.96498452e+02 4.29403084e+02 1.34546065e+02 1.50187963e+02
  5.30111869e+01 5.60179791e+01 4.66075834e+01 6.14666272e+01
  8.40146456e+01 8.81018845e+01 4.71425592e+01 6.06002577e+01
  1.50406062e+01 1.57459293e+01 2.96159979e+01 4.00413623e+01
  3.92089793e+01 1.31646029e-28 2.83359716e+01 8.69936388e+01
  5.78300653e+01 6.09908333e+01 3.18741661e+01 3.36866224e+01
  1.47057468e+02 2.21061325e+02 4.00921471e+02 1.59148349e+02
  1.59657900e+01 1.32609281e+01 1.21139630e+01 1.31674904e+01
  2.84193872e+02 3.66703594e+02 8.84255149e+00]
 [3.69512604e+01 6.26744920e+01 4.61022554e+01 3.45164423e+01
  2.18756479e+01 2.27676585e+01 1.77481791e+01 2.87641628e+01
  2.74076721e+01 2.93547582e+01 1.71971207e+01 1.12351701e+01
  5.19778271e+00 4.30383052e+00 1.08928071e+01 1.22398860e+01
  1.04809095e+01 3.93949537e-29 1.12429256e+01 2.88971624e+01
  1.50715288e+01 1.34996968e+01 1.18776218e+01 1.30699172e+01
  2.61046928e+01 4.09907197e+01 3.93880996e+01 2.63443962e+01
  5.06633965e+00 5.33977999e+00 4.62064728e+00 4.61678161e+00
  2.12115609e+01 4.95427943e+01 1.00990202e+01]
 [5.44022738e+02 1.79798065e+02 1.57891570e+03 8.11430060e+02
  1.41560475e+02 2.02017230e+02 3.00340471e+01 4.99911450e+01
  3.49956534e+01 3.62922880e+01 9.90503585e+01 6.63130931e+01
  2.24109492e+01 2.66172958e+01 1.47709684e+01 2.10720745e+01
  2.16718372e+01 6.86626977e-28 1.10465769e+01 3.12729555e+01
  1.58245375e+02 1.75122667e+02 3.52817422e+01 4.99141798e+01
  3.29515605e+02 1.14839342e+02 2.45255492e+02 8.00561220e+01
  1.86276540e+01 1.22348910e+01 5.68466425e+00 6.84237827e+00
  3.92872736e+02 2.33406076e+03 1.09798794e+01]
 [1.86876444e+02 4.18625098e+02 1.78167019e+02 1.44777216e+02
  4.90984025e+01 4.02397217e+01 2.89164195e+01 3.75167983e+01
  3.48176519e+01 4.20779369e+01 3.28169716e+01 2.87990670e+01
  1.42910561e+01 9.08825591e+00 1.51190955e+01 2.06166265e+01
  1.85891749e+01 6.43029624e-29 1.22640488e+01 3.42753263e+01
  5.21150882e+01 3.82251732e+01 2.08243460e+01 2.05506205e+01
  8.43123039e+01 8.43625834e+01 1.83082733e+02 4.93990859e+01
  8.04975589e+00 6.68764850e+00 4.43409734e+00 5.25440081e+00
  1.18563400e+02 4.69177930e+02 2.93300388e+01]
 [4.70548818e+01 2.69213059e+01 9.88551750e+01 4.83199975e+01
  2.59170030e+01 2.29027661e+01 1.88835349e+01 2.03974181e+01
  2.45554193e+01 2.15763154e+01 2.00900342e+01 9.65819489e+00
  7.50101869e+00 5.43227012e+00 9.89636563e+00 1.21478620e+01
  7.99144489e+00 5.83879585e-29 7.71352927e+00 2.16461839e+01
  4.30751023e+01 1.60278308e+01 1.28069315e+01 1.18623773e+01
  4.28468970e+01 2.89934368e+01 3.34246118e+01 1.14334577e+01
  5.92172162e+00 3.49480350e+00 4.60447922e+00 4.29287884e+00
  3.12369053e+01 1.22760544e+02 1.18401015e+01]
 [2.69002078e+02 2.55540606e+02 3.71189648e+02 2.76226795e+02
  8.71903825e+01 9.18578069e+01 8.77707796e+01 6.32170073e+01
  1.91530611e+02 1.20741668e+02 6.68543806e+01 5.75822196e+01
  2.83074335e+01 7.50076907e+01 7.69291932e+01 3.43696535e+01
  4.92657783e+01 4.90710954e-28 2.92670234e+01 8.31929352e+01
  8.21262645e+02 6.77566804e+01 4.93856297e+01 4.98638008e+01
  3.68049737e+02 3.72861745e+02 2.79578474e+02 1.13872926e+02
  2.50975011e+01 2.04456473e+01 2.12646813e+01 1.27079470e+01
  7.10531437e+02 1.23278672e+03 1.73509864e+02]
 [1.18418484e+02 1.05925019e+02 1.07056677e+02 3.52976075e+01
  2.53921210e+01 2.49547907e+01 2.34680313e+01 2.79232107e+01
  2.71642485e+01 2.91309690e+01 3.75351277e+01 1.76963509e+01
  9.49022570e+00 7.97968406e+00 1.54635108e+01 2.05802951e+01
  1.82354634e+01 1.35684779e-28 1.44239652e+01 2.66826909e+01
  2.22742999e+01 1.84058167e+01 1.74883776e+01 1.59375557e+01
  1.09452304e+02 5.49155001e+01 1.13000072e+02 6.55847227e+01
  9.21078116e+00 6.90570348e+00 6.03385417e+00 7.47403579e+00
  1.28247730e+02 9.72853003e+01 1.00414387e+02]
 [1.08124374e+03 1.02883864e+03 9.04840464e+01 1.00343998e+02
  2.69485749e+01 1.81600525e+01 4.46487351e+01 4.32898112e+01
  8.51588144e+01 7.65877909e+01 5.54972104e+01 5.61610915e+01
  8.49525863e+00 5.61350977e+00 2.50579242e+01 2.29763033e+01
  5.62058796e+01 6.90502830e-29 1.95049841e+01 7.08658199e+01
  3.18210831e+01 2.95793957e+01 1.96579448e+01 1.74411863e+01
  2.21524986e+02 2.19774515e+02 8.50616061e+02 1.91896690e+02
  1.40134313e+01 1.17279063e+01 8.88420845e+00 7.58485524e+00
  5.59827689e+02 8.65844162e+02 3.04254240e+01]
 [2.80872335e+02 2.51915131e+02 1.04856021e+02 2.12801834e+02
  5.62749936e+01 6.43239923e+01 5.33895089e+01 3.29299638e+02
  5.71834083e+01 1.87181505e+02 2.88286103e+01 7.43667182e+02
  1.35326603e+01 1.77705462e+01 3.28157741e+01 2.84833281e+01
  1.70280154e+01 6.00373236e-28 3.39225695e+01 2.20679694e+02
  1.82654937e+02 1.95610735e+02 1.23687712e+02 1.65260933e+02
  9.46554653e+01 5.55155689e+02 1.68160485e+02 5.89615964e+01
  7.26682239e+00 5.97934387e+01 6.76132868e+00 7.02108907e+00
  1.33094451e+02 8.29225757e+01 9.59736801e+01]
 [2.83477363e+01 4.63905864e+01 4.59918615e+01 4.27803005e+01
  4.47607259e+01 3.22078491e+01 3.50594994e+01 2.72737591e+01
  3.39078651e+01 3.20704168e+01 1.66966196e+01 1.78428478e+01
  9.12286878e+00 7.55679284e+00 1.90720913e+01 1.34306151e+01
  1.39346985e+01 1.11961210e-28 9.44565327e+00 3.31278783e+01
  2.53618593e+01 2.28462046e+01 2.44121919e+01 1.63243020e+01
  2.28722610e+01 2.91790775e+01 3.67102402e+01 2.15817000e+01
  6.34972908e+00 5.99510471e+00 5.62448104e+00 5.53296608e+00
  3.63363052e+01 1.89693698e+01 1.46965206e+01]
 [6.60074235e+01 4.78170926e+01 5.36246418e+01 4.12754480e+01
  3.87198570e+01 3.09070445e+01 2.94031688e+01 2.42363188e+01
  4.21546542e+01 3.84649978e+01 2.05747342e+01 1.81977723e+01
  1.07122801e+01 7.48008188e+00 1.95471996e+01 1.52352063e+01
  2.06885884e+01 1.09033122e-28 1.12359776e+01 3.61659368e+01
  2.89241615e+01 2.16871320e+01 2.43362645e+01 2.65199393e+01
  3.16336662e+01 3.32085683e+01 6.26801786e+01 2.92858958e+01
  7.39468682e+00 8.76546018e+00 5.77784005e+00 5.00284664e+00
  1.16793987e+02 3.53516691e+01 2.28550849e+01]
 [5.16345680e+01 3.88387366e+01 5.30449651e+01 5.42085271e+01
  7.98364256e+01 2.15304437e+01 2.26421346e+01 2.14129891e+01
  2.37981863e+01 2.22570862e+01 2.63629028e+01 1.48541993e+01
  8.96212315e+00 5.56203938e+00 1.39934488e+01 9.50159562e+00
  8.62638480e+00 2.04379698e-28 9.03290855e+00 2.05058650e+01
  1.96488192e+01 1.81855414e+01 1.42636941e+01 1.26170690e+01
  9.24628367e+01 2.24471148e+01 3.42826093e+01 1.70439219e+01
  5.88287676e+00 4.44380448e+00 6.49854526e+00 2.78264096e+00
  1.99014415e+02 1.41339030e+02 9.49331736e+01]
 [9.71870889e+02 1.43560892e+03 2.94227881e+02 5.12956328e+02
  1.72203533e+02 2.20101607e+02 1.41593727e+02 1.66609692e+02
  1.38120807e+02 1.53013039e+02 1.67277173e+02 3.48202638e+02
  4.23102488e+01 6.89825103e+01 8.36838109e+01 6.11498286e+01
  2.11541431e+02 5.27114021e-28 5.41975519e+01 1.39177274e+02
  1.30439224e+02 2.18503318e+02 1.08727179e+02 1.11686265e+02
  3.47977342e+02 6.42677373e+02 1.00517659e+03 4.15324528e+02
  5.09220181e+01 1.08105425e+02 3.10900721e+01 2.08807127e+01
  6.55257842e+02 7.81663356e+02 2.34567068e+01]
 [5.85505748e+02 4.37247687e+02 8.12979236e+01 8.52087207e+01
  3.69655982e+01 3.48816165e+01 5.47950691e+01 7.26947823e+01
  8.31447000e+01 8.78004844e+01 2.91371709e+01 3.22098758e+01
  7.78143095e+00 9.81228947e+00 3.45226784e+01 3.25627666e+01
  3.13079734e+01 2.42158737e-27 2.15286016e+01 7.53618947e+01
  2.51890022e+01 2.42610296e+01 2.52582815e+01 2.73493234e+01
  1.58466181e+02 2.05740697e+02 4.48581101e+02 1.22433679e+02
  1.02500900e+01 1.05828909e+01 1.17611298e+01 7.00021807e+00
  5.42213898e+02 2.49820624e+02 7.09414327e+01]
 [4.96551963e+02 7.18041731e+02 1.14926554e+02 8.64909679e+01
  4.30612584e+01 3.16758692e+01 3.81215660e+01 3.89506202e+01
  5.51683666e+01 5.96006490e+01 6.57383329e+01 5.11656814e+01
  8.46858312e+00 8.41249606e+00 2.29457154e+01 2.41637584e+01
  4.72364845e+01 1.89173587e-29 1.77190768e+01 5.84178052e+01
  5.03054124e+01 4.61297778e+01 2.26978990e+01 8.98842927e+01
  1.92790832e+02 2.46909994e+02 5.33843415e+02 1.65255987e+02
  1.30849406e+01 9.37926720e+00 8.37305268e+00 8.18977820e+00
  1.67812794e+02 6.67177091e+02 8.60798016e+01]
 [5.38813872e+01 6.02502492e+01 3.21661282e+01 4.14833470e+01
  2.74209416e+01 2.10877355e+01 3.01118128e+01 3.34734998e+01
  3.64716745e+01 3.75750779e+01 1.00337604e+01 1.48681603e+01
  1.01097978e+01 1.28332127e+01 1.98965983e+01 1.58906315e+01
  1.45650046e+01 1.15144310e-29 1.31078269e+01 3.42352421e+01
  1.71583041e+01 1.64493904e+01 1.84889623e+01 1.90094615e+01
  2.28476784e+01 4.00322086e+01 4.27320092e+01 1.40356081e+01
  6.30062341e+00 5.20801271e+00 7.37208251e+00 6.98143352e+00
  2.16528088e+01 3.66903195e+01 3.26253506e+01]
 [1.56130085e+03 1.87273101e+03 1.36590029e+02 3.08472658e+02
  6.93758992e+01 6.50040292e+01 4.81834629e+01 5.10072253e+01
  8.16082662e+01 8.78237532e+01 4.91425996e+01 1.25169776e+02
  1.20979279e+01 1.58775915e+01 3.50362947e+01 3.05954982e+01
  6.23946615e+01 3.92873716e-28 3.40381643e+01 8.34906851e+01
  4.48529219e+01 8.73227677e+01 3.02545916e+01 2.90741666e+01
  2.68385060e+02 4.72187721e+02 1.04313650e+03 2.90996467e+02
  1.43199562e+01 1.92058823e+01 1.37664405e+01 1.19022049e+01
  1.28087418e+03 5.97497118e+02 7.49675579e+01]
 [6.72566742e+02 7.47126284e+02 1.35629504e+02 6.93588464e+01
  3.72070874e+01 5.42251827e+01 5.89833350e+01 7.26293732e+01
  8.32067052e+01 8.51073092e+01 6.50724112e+01 5.34682867e+01
  8.36315168e+00 8.25886517e+00 2.86167094e+01 3.41881525e+01
  4.29045487e+01 3.42477288e-28 2.31341908e+01 8.06781002e+01
  3.41696400e+01 2.52201080e+01 2.59643912e+01 3.99790748e+01
  2.24126586e+02 1.82985782e+02 5.55903493e+02 1.49172268e+02
  1.59136584e+01 1.20325491e+01 1.02590688e+01 1.75025800e+01
  2.59120679e+02 5.65006973e+02 5.07435263e+01]
 [1.05407625e+03 2.01701558e+03 2.43554069e+03 1.69041732e+03
  2.31471756e+03 9.24250606e+02 1.83139430e+02 3.58254988e+02
  3.45375191e+02 2.14516004e+02 1.37994306e+02 2.00969448e+02
  2.70229929e+02 5.54212075e+01 1.34116950e+02 1.69835461e+02
  3.26624326e+02 2.89990931e-26 3.15146373e+01 2.73674161e+02
  1.54390248e+03 5.20874548e+02 3.95980747e+02 3.76412732e+02
  7.79174527e+02 9.21233498e+02 1.16244722e+03 3.67643912e+02
  8.78322252e+01 1.16704785e+02 1.86240427e+01 2.78135993e+01
  1.34518090e+03 7.80262998e+02 1.72446522e+02]]