[[1.57582394e+01 1.81954797e+01 1.42644270e+01 1.54571084e+01
  1.47493150e+01 1.93089521e+01 2.81906302e+01 3.87686887e+01
  3.69969317e+01 2.98829347e+01 7.83320519e+00 7.36942480e+00
  4.94854894e+00 3.60830316e+00 1.24053529e+01 1.32326707e+01
  5.45673803e+00 5.39296531e-29 7.58513654e+00 2.96265611e+01
  1.01662176e+01 9.40751601e+00 1.24802954e+01 1.33437630e+01
  1.01090577e+01 1.52748216e+01 1.49239875e+01 8.50035635e+00
  3.04152235e+00 2.31852695e+00 3.42173225e+00 2.61154095e+00
  5.29286567e+00 5.50035646e+00 7.04480972e+00]
 [5.77632744e+01 6.21021028e+01 1.77912658e+01 1.87768027e+01
  1.61423652e+01 1.32143123e+01 1.63868247e+01 1.66201060e+01
  1.85928170e+01 1.79800736e+01 9.50149353e+00 9.38847684e+00
  5.21481885e+00 5.26982436e+00 9.59058170e+00 9.70021778e+00
  6.84012724e+00 3.75276093e-29 6.72470282e+00 1.81096950e+01
  1.17397352e+01 1.02543925e+01 1.14282587e+01 9.88869929e+00
  2.08203985e+01 2.42912099e+01 5.83760939e+01 2.08576888e+01
  4.32917430e+00 2.99116095e+00 3.99908876e+00 3.88703599e+00
  4.27285201e+01 3.74313655e+01 1.62825897e+00]
 [8.01516903e+00 1.32330173e+01 9.79204742e+00 1.02388424e+01
  9.11150743e+00 7.23381688e+00 9.89486826e+00 7.32835758e+00
  8.53763681e+00 7.91766729e+00 3.40214405e+00 3.75542723e+00
  2.17431901e+00 1.62124710e+00 4.37952865e+00 3.67232813e+00
  2.21380971e+00 1.73684399e-29 2.73011343e+00 8.15914541e+00
  5.16030893e+00 4.92398015e+00 5.73854695e+00 4.42059788e+00
  5.65688284e+00 1.02551564e+01 9.67373383e+00 5.20892295e+00
  1.15123647e+00 1.40749356e+00 1.61434647e+00 1.17516193e+00
  4.33501614e+00 7.27565320e+00 1.15586412e+00]
 [7.32089931e+01 4.33478262e+01 9.81820468e+01 5.05585315e+01
  2.46503057e+01 3.24308654e+01 1.95508573e+01 2.41010674e+01
  2.22548819e+01 2.24897500e+01 1.50342241e+01 1.58341884e+01
  4.59133057e+00 6.09163079e+00 8.96134391e+00 9.36504015e+00
  9.08313811e+00 3.13052752e-29 8.03206988e+00 2.13496548e+01
  1.77756913e+01 2.42695639e+01 1.23356935e+01 1.61237238e+01
  3.72654954e+01 2.38629513e+01 4.83493231e+01 2.18389948e+01
  4.60437052e+00 5.34413349e+00 3.98568413e+00 2.95258875e+00
  3.16993558e+01 1.05509243e+02 2.84420693e+00]
 [3.12989873e+01 6.54529204e+01 1.47748504e+01 1.89623587e+01
  1.16085390e+01 1.27226963e+01 1.44666144e+01 1.67450715e+01
  1.41293162e+01 1.42371167e+01 5.70198119e+00 8.69717820e+00
  3.12326504e+00 3.12797379e+00 6.91877180e+00 8.05481575e+00
  5.62661236e+00 1.98993415e-29 4.64726161e+00 1.32420545e+01
  7.51563126e+00 8.99520751e+00 7.68473107e+00 8.57791850e+00
  1.04782929e+01 1.82409747e+01 3.65899770e+01 1.19590566e+01
  2.56532628e+00 2.67956692e+00 2.09665955e+00 2.12829120e+00
  1.80620577e+01 5.10415379e+01 2.36646499e+00]
 [9.28630972e+00 6.66466535e+00 1.30535817e+01 7.26413087e+00
  8.09239746e+00 6.09939096e+00 7.39621423e+00 7.07531572e+00
  8.47677237e+00 7.47466473e+00 4.06495907e+00 3.04068858e+00
  2.33044957e+00 1.86862166e+00 4.15029506e+00 3.68522754e+00
  2.46835396e+00 7.96682951e-30 2.49493430e+00 7.44257082e+00
  6.81437479e+00 4.00717253e+00 4.89791020e+00 4.42405905e+00
  6.37941661e+00 4.33738996e+00 8.55108149e+00 3.15588586e+00
  1.80824710e+00 1.31916730e+00 1.70720176e+00 1.27543416e+00
  4.20281944e+00 7.00808038e+00 3.79793562e+00]
 [3.00239337e+01 2.62508925e+01 2.23558079e+01 1.98967856e+01
  1.56332736e+01 1.45780395e+01 2.06827763e+01 1.96420020e+01
  2.86564457e+01 2.85319420e+01 9.97890031e+00 8.77466590e+00
  5.89487979e+00 4.91175669e+00 1.33376582e+01 1.16061792e+01
  8.30583029e+00 5.41642341e-29 1.13061039e+01 2.67516281e+01
  2.91665303e+01 9.95889266e+00 1.33502513e+01 1.13780182e+01
  3.50294566e+01 1.68208673e+01 2.73899875e+01 1.35215698e+01
  5.23651244e+00 4.04250002e+00 4.85712736e+00 4.05478579e+00
  4.44690163e+01 2.15951621e+01 6.18144720e+00]
 [3.35705226e+01 2.43651380e+01 2.16445971e+01 9.67314876e+00
  9.53516518e+00 9.19359872e+00 9.76566211e+00 1.14159497e+01
  1.04605529e+01 1.05642468e+01 1.00707994e+01 6.60930629e+00
  3.55448898e+00 2.98814664e+00 5.84902249e+00 6.58601910e+00
  6.11592483e+00 4.29345124e-29 4.26332496e+00 1.01761052e+01
  8.65458607e+00 6.31780221e+00 6.88905909e+00 6.38700369e+00
  2.16471586e+01 1.21406699e+01 2.51468928e+01 1.57450974e+01
  2.56721995e+00 2.34731960e+00 2.13255960e+00 2.16071757e+00
  2.37997151e+01 2.12189024e+01 8.42036094e+00]
 [1.43970032e+02 1.41389238e+02 1.28659955e+01 1.52161761e+01
  7.58335482e+00 6.08152482e+00 1.09408487e+01 1.28684024e+01
  1.38199850e+01 1.40306246e+01 8.47723818e+00 8.67506995e+00
  2.40595787e+00 1.68667810e+00 4.92620841e+00 4.65898837e+00
  8.16161632e+00 2.17162487e-29 3.36914169e+00 1.29048472e+01
  6.97192465e+00 5.49252214e+00 5.73378810e+00 4.73239407e+00
  2.80893825e+01 3.13795380e+01 1.14925903e+02 2.72314842e+01
  2.42644681e+00 2.00982258e+00 1.93290736e+00 1.46994977e+00
  6.96914058e+01 1.40578311e+02 3.26479527e+00]
 [9.54839755e+00 8.94898387e+00 5.56109526e+00 5.76184553e+00
  4.96133305e+00 4.32279768e+00 5.75210745e+00 5.72348647e+00
  6.40631017e+00 5.91670691e+00 2.46795143e+00 8.42609704e+00
  1.75502710e+00 1.97198580e+00 3.32690279e+00 3.37422028e+00
  1.68543122e+00 2.13950898e-29 2.42650135e+00 6.28834655e+00
  3.63118681e+00 3.44527855e+00 3.71978827e+00 3.55376701e+00
  4.86505188e+00 5.18924132e+00 8.16382193e+00 3.42550118e+00
  1.03973823e+00 1.06825332e+00 1.38833772e+00 1.23188701e+00
  3.50778503e+00 1.59185355e+00 4.44872979e+00]
 [7.81033775e+00 1.19819662e+01 1.17909330e+01 1.43990170e+01
  1.11557833e+01 1.12153236e+01 1.00470054e+01 9.75210319e+00
  1.03742872e+01 9.69914669e+00 4.54147491e+00 5.44180328e+00
  2.87711129e+00 3.10862604e+00 5.46018757e+00 5.01556948e+00
  4.70283805e+00 3.44365950e-29 3.13512684e+00 9.74223302e+00
  6.99908436e+00 8.34500046e+00 6.95283061e+00 6.44586048e+00
  6.67823157e+00 9.18691245e+00 9.62961472e+00 7.40583037e+00
  2.17813665e+00 1.81508402e+00 1.90155587e+00 1.93955527e+00
  7.27429687e+00 3.72360782e+00 1.93255160e+00]
 [1.50784416e+01 1.32562527e+01 1.54751923e+01 1.43654659e+01
  1.75048746e+01 1.66336329e+01 1.85199282e+01 1.81097298e+01
  2.15826022e+01 2.00245455e+01 8.69077866e+00 7.10797803e+00
  5.22606392e+00 4.99134140e+00 1.10767525e+01 1.02732511e+01
  7.74195141e+00 6.44549882e-29 7.88836568e+00 1.94774792e+01
  1.26549112e+01 1.09209267e+01 1.32357821e+01 1.26958178e+01
  1.07212159e+01 8.83346256e+00 1.54504235e+01 9.96982556e+00
  5.63514459e+00 4.05333168e+00 4.25097186e+00 3.85827744e+00
  1.73046487e+01 8.10630550e+00 5.50742745e+00]
 [1.39324782e+01 1.10201951e+01 1.02688284e+01 7.07916448e+00
  1.07412324e+01 6.21075294e+00 8.70736823e+00 7.54654216e+00
  8.85366257e+00 8.35656112e+00 4.81240849e+00 3.74956229e+00
  2.84325685e+00 1.56830797e+00 4.80968593e+00 3.44468031e+00
  3.18720716e+00 1.34867225e-29 2.78761454e+00 8.42720945e+00
  5.67305107e+00 3.81790474e+00 5.78568216e+00 4.09555378e+00
  8.09723459e+00 5.23395466e+00 1.00235721e+01 5.08527413e+00
  1.65489379e+00 1.44317042e+00 1.80585924e+00 1.00249573e+00
  1.12787643e+01 5.78053247e+00 7.84784816e+00]
 [3.34829794e+02 4.21298311e+02 1.81572638e+02 2.03946829e+02
  1.63440985e+02 1.26483446e+02 1.54320456e+02 1.40174869e+02
  1.52372834e+02 1.59330194e+02 1.13970440e+02 1.53512926e+02
  3.66616099e+01 3.98150598e+01 9.37650777e+01 6.58944330e+01
  1.13755773e+02 3.34928848e-28 7.91047610e+01 1.49799681e+02
  1.09950289e+02 1.07190660e+02 1.08251241e+02 8.01082556e+01
  1.69622174e+02 2.40924071e+02 3.45371647e+02 1.87485439e+02
  4.11034558e+01 5.67366853e+01 3.58080602e+01 2.27583074e+01
  1.43070488e+02 1.03009591e+02 8.80264258e+00]
 [6.46038020e+01 7.31302776e+01 1.70843937e+01 1.56644669e+01
  1.53847716e+01 1.07428570e+01 1.89149251e+01 1.73148718e+01
  1.82072011e+01 1.78102270e+01 7.30918892e+00 6.95722958e+00
  4.36400935e+00 3.27367436e+00 1.02784717e+01 9.04069987e+00
  5.94410549e+00 3.15197247e-28 5.18048999e+00 1.54607767e+01
  9.06676582e+00 6.87374115e+00 1.21516580e+01 8.12181613e+00
  2.34904154e+01 3.81141748e+01 5.97973607e+01 1.87288062e+01
  3.03811924e+00 2.47624359e+00 3.55908247e+00 2.48591297e+00
  5.80107205e+01 4.47379385e+01 1.16815712e+01]
 [4.21498155e+01 5.14745939e+01 1.74602308e+01 1.58472041e+01
  1.06832728e+01 9.50803805e+00 1.03249784e+01 1.07104635e+01
  1.12690086e+01 1.17395409e+01 8.83202272e+00 9.14993555e+00
  3.34607206e+00 3.10368906e+00 5.82044013e+00 5.67634202e+00
  6.82796720e+00 4.24053739e-30 3.71722293e+00 1.11004225e+01
  9.28864197e+00 9.32479017e+00 7.39286844e+00 7.58471642e+00
  1.95837630e+01 2.52352945e+01 4.38955264e+01 1.77777715e+01
  2.66860468e+00 2.08883356e+00 2.09080546e+00 2.09760872e+00
  1.35466751e+01 3.79760515e+01 1.16720863e+01]
 [1.38887262e+01 1.35596628e+01 1.15988966e+01 1.30099649e+01
  1.26345071e+01 1.28083819e+01 1.55762011e+01 1.43416173e+01
  1.51958837e+01 1.36968578e+01 3.69987938e+00 4.98354781e+00
  3.88167991e+00 4.42252708e+00 9.36724175e+00 6.88459143e+00
  2.68138341e+00 4.40077365e-30 4.24191272e+00 1.37003475e+01
  7.30651785e+00 7.69717141e+00 9.69121571e+00 9.01514369e+00
  7.63528235e+00 8.96608761e+00 1.15731368e+01 4.53689622e+00
  1.83442198e+00 1.85721761e+00 2.83485025e+00 2.09152542e+00
  3.86381568e+00 4.09795817e+00 4.46871428e+00]
 [2.41254711e+02 2.67641782e+02 3.78213776e+01 5.56733287e+01
  2.67930039e+01 2.45648079e+01 2.50884022e+01 2.16522332e+01
  3.11899854e+01 2.80118936e+01 1.60438655e+01 2.83666777e+01
  7.79711957e+00 6.93391273e+00 1.75700573e+01 1.20859515e+01
  1.51987619e+01 2.18290603e-28 1.61862389e+01 2.92363459e+01
  1.78509358e+01 2.10617085e+01 1.74379010e+01 1.45302001e+01
  5.17418637e+01 7.59173163e+01 1.64929338e+02 5.35859800e+01
  5.50630214e+00 6.40364439e+00 7.67205341e+00 4.93611244e+00
  1.41032947e+02 6.69617967e+01 1.74196327e+01]
 [6.22109064e+01 7.20145062e+01 2.51276130e+01 2.61191689e+01
  3.90884791e+01 2.80199062e+01 5.14238678e+01 3.76517629e+01
  3.81363578e+01 3.17647717e+01 1.33009417e+01 1.51782708e+01
  7.41641409e+00 5.68263713e+00 2.28654174e+01 1.70171895e+01
  1.58238107e+01 3.14211678e-28 1.10655390e+01 3.27538005e+01
  1.75836540e+01 1.61489221e+01 3.23522325e+01 2.09461657e+01
  2.57799979e+01 3.24352632e+01 5.56331893e+01 2.77121217e+01
  5.46977552e+00 5.47491934e+00 7.04298993e+00 4.75257777e+00
  2.91295509e+01 2.86012833e+01 5.67895125e+00]
 [1.58889274e+02 3.81321489e+02 1.69982177e+01 5.15029651e+01
  1.21826176e+01 1.29276377e+01 1.19618318e+01 1.30955179e+01
  1.34523555e+01 1.49613521e+01 8.09480204e+00 2.05438404e+01
  3.79946315e+00 4.31023646e+00 7.28562708e+00 7.43134122e+00
  1.46577385e+01 3.04498878e-28 5.23892639e+00 1.42766716e+01
  7.49752047e+00 1.09521689e+01 7.86460106e+00 8.93968939e+00
  4.45285381e+01 1.15723822e+02 2.23415902e+02 5.58298059e+01
  3.41927932e+00 4.20152083e+00 3.42113631e+00 2.69941799e+00
  6.68922859e+01 8.90410656e+01 1.05891125e+01]]