[[2.27979126e+00 2.48227458e+00 1.51776645e+00 1.44979921e+00
  2.14630786e+00 2.11881519e+00 1.40876854e+00 1.60050953e+00
  1.66682427e+00 1.51373638e+00 9.79169103e-01 1.33538607e+00
  2.79587241e+00 7.29458540e-01 1.11602162e+00 9.18469256e-01
  6.70557936e-01 4.33800838e-30 6.46936848e-01 1.47217304e+00
  2.50805078e+00 1.72925934e+00 1.33996512e+00 1.41691280e+00
  1.14044846e+00 2.03383291e+00 1.78210943e+00 8.02554363e-01
  3.54372482e-01 4.33870158e-01 4.36183769e-01 2.87612378e-01
  2.47160423e+00 1.84693870e+00 2.13742928e+00]
 [3.84723087e+01 4.55834978e+01 7.21471784e+00 8.71419126e+00
  3.34089839e+00 9.37593639e+00 1.49470825e+00 2.13986876e+00
  1.91590318e+00 3.64014404e+00 1.25836266e+01 1.39363073e+01
  1.34126192e+00 1.83903171e+00 9.17296823e-01 8.57834424e-01
  3.03639073e+00 6.75005120e-30 5.78264955e-01 2.90885309e+00
  6.85391742e+00 7.21107991e+00 1.17353545e+00 1.04678681e+00
  3.55457747e+01 2.56582024e+01 4.24276240e+01 2.24963504e+01
  1.44824603e+00 1.50769967e+00 4.34617622e-01 3.35505228e-01
  3.04607016e+01 3.44080506e+01 2.04831196e+00]
 [4.18288037e+00 8.06093182e+00 2.92354755e+00 8.54784816e+00
  6.53092909e+00 2.24386555e+00 1.47077026e+00 1.94882936e+00
  1.91761164e+00 2.24103175e+00 1.26115958e+00 3.35970036e+00
  9.44794291e-01 7.57548890e-01 1.17857997e+00 1.16813977e+00
  7.72302816e-01 4.09129618e-30 7.33693125e-01 2.02923083e+00
  2.60066339e+00 7.97892496e+00 3.28449670e+00 1.57043231e+00
  4.73369343e+00 1.10533737e+01 4.55541634e+00 3.15902763e+00
  3.48105648e-01 4.41311222e-01 4.82829946e-01 4.26876305e-01
  3.29227172e+00 8.79385985e+00 2.25286916e+00]
 [8.67250518e+01 4.06932655e+01 2.47555785e+01 3.11354120e+01
  3.95087133e+01 7.48273828e+01 5.51717442e+00 5.49378819e+00
  9.47292896e+00 6.42549385e+00 9.93199930e+00 1.44201206e+01
  4.19534190e+00 9.81567105e+00 2.32020689e+00 2.27101856e+00
  3.27502359e+00 1.09482633e-29 9.89140276e-01 7.52753609e+00
  2.68884942e+01 4.79973926e+01 1.48485819e+01 2.43303081e+01
  4.35231860e+01 1.92058772e+01 4.01827879e+01 2.07741975e+01
  1.65127628e+00 2.45003724e+00 8.03272729e-01 7.48387502e-01
  7.88307202e+01 4.37064086e+01 1.80479945e+00]
 [3.16696489e+01 6.51879863e+01 2.12262652e+01 1.13195284e+01
  2.86050127e+01 1.65321125e+01 6.17323850e+00 5.06180180e+00
  4.85054288e+00 5.81619566e+00 7.29157661e+00 8.77440982e+00
  2.64373908e+00 2.00909851e+00 1.86625160e+00 1.84566518e+00
  2.96941063e+00 1.09273856e-29 1.08019637e+00 4.75318745e+00
  9.25938492e+00 9.54432464e+00 5.19011220e+00 3.55802744e+00
  2.83272812e+01 3.59999746e+01 3.86438947e+01 1.02100558e+01
  1.19725294e+00 1.50486746e+00 6.65451368e-01 5.37982051e-01
  2.08547722e+01 6.24791155e+01 4.16256316e+00]
 [2.10975252e+00 4.97329966e+00 6.32230398e+00 6.19701591e+00
  2.58118267e+00 8.10047587e-01 7.94946313e-01 8.23232938e-01
  1.32704688e+00 1.12992320e+00 1.68777272e+00 7.56651310e-01
  7.19711453e-01 3.35124670e-01 5.34131275e-01 4.97550779e-01
  3.23143337e-01 4.59068694e-30 3.15557039e-01 1.31954232e+00
  4.61160744e+00 6.82223065e-01 1.09725561e+00 5.32813588e-01
  6.02207777e+00 1.33885870e+00 1.87259472e+00 5.98166407e-01
  2.95673712e-01 2.12715345e-01 3.30606974e-01 2.13746857e-01
  8.39926966e+00 7.84233142e+00 9.40556477e-01]
 [5.95780529e+00 6.08525044e+00 4.49570944e+00 3.27130860e+00
  3.96361102e+00 2.39917759e+00 2.77748486e+00 2.14380675e+00
  4.03431315e+00 3.29062601e+00 1.68973803e+00 1.49195891e+00
  1.45771141e+00 9.67119368e-01 1.45687181e+00 1.30362905e+00
  1.22790976e+00 1.09111703e-29 1.00812117e+00 3.76058682e+00
  3.49141275e+00 1.49765010e+00 2.20814688e+00 1.49821114e+00
  3.68246339e+00 3.52634694e+00 6.04970701e+00 2.30834977e+00
  8.99884435e-01 6.65180044e-01 6.51936828e-01 5.65092393e-01
  1.32105914e+01 6.51709097e+00 7.12684084e+00]
 [1.27345986e+01 1.15082266e+01 5.56418847e+00 1.68977183e+00
  4.30322190e+00 3.12386196e+00 2.32896763e+00 3.34858884e+00
  8.22077845e+00 2.15721048e+00 3.00678221e+00 4.11099680e+00
  5.72194538e-01 7.33135274e-01 9.79843189e-01 1.07550559e+00
  1.22108188e+00 7.69235679e-30 6.35617906e-01 4.57173945e+00
  2.48710440e+00 3.09701716e+00 9.45723884e-01 2.31726607e+00
  8.87182099e+00 8.49173641e+00 9.56998979e+00 4.30778456e+00
  4.47838080e-01 4.07041002e-01 3.40557366e-01 3.38584963e-01
  1.37880998e+01 1.05023962e+01 6.24554057e+00]
 [3.17772218e+01 3.09575231e+01 5.67454062e+00 3.08392795e+00
  2.98452082e+00 6.98076994e-01 1.29317086e+00 1.12728788e+00
  1.88345751e+00 1.61042983e+00 1.95543004e+00 1.81265347e+00
  1.48215528e+00 3.28226865e-01 5.94852320e-01 5.86048542e-01
  1.75319383e+00 2.21164880e-30 4.33477468e-01 1.69004130e+00
  5.10755175e+00 9.71411451e-01 1.04915579e+00 5.25749766e-01
  9.89134091e+00 6.78986759e+00 2.75016064e+01 6.32006853e+00
  4.95545117e-01 4.11733194e-01 2.62988898e-01 2.33723445e-01
  2.06667721e+01 8.62255963e+00 2.12365945e+00]
 [1.88992332e+01 2.72401709e+00 5.28825866e+00 4.86591160e+00
  1.61870798e+00 1.06433756e+00 1.42645739e+00 1.06521617e+00
  2.62768754e+00 1.29120901e+00 2.76221539e+00 7.91932900e-01
  9.78419824e-01 4.19028790e-01 6.84985196e-01 5.64658739e-01
  5.97676322e-01 1.18018813e-29 4.58991342e-01 1.53063386e+00
  3.68946445e+00 1.27431107e+00 7.00706643e-01 6.08505755e-01
  9.25364012e+00 1.36279574e+00 3.37906456e+00 1.49835462e+00
  4.17589469e-01 2.72222396e-01 2.50447160e-01 2.48826583e-01
  9.41252865e+00 1.30025558e+00 6.81180066e+00]
 [1.05358129e+00 2.34646298e+00 1.82152550e+00 1.95629319e+00
  1.35464740e+00 1.75332747e+00 1.80654828e+00 4.21524015e+00
  4.27741254e+00 4.37125638e+00 7.95282044e-01 1.20081077e+00
  5.46115929e-01 6.22595625e-01 9.12508970e-01 9.90757749e-01
  5.71877564e-01 4.75890323e-30 5.40215148e-01 3.53549896e+00
  1.10985657e+00 1.17345343e+00 9.26858173e-01 1.03987323e+00
  9.88639375e-01 1.70066829e+00 2.28524131e+00 8.66234921e-01
  2.94261389e-01 3.77068401e-01 3.56815772e-01 3.91692640e-01
  2.46914461e+00 1.28411116e+00 8.67292470e-01]
 [6.72341259e+00 5.54882074e+00 3.18560272e+00 2.78000623e+00
  1.15510253e+01 1.65765136e+01 2.96322475e+00 3.89066062e+00
  2.38622053e+00 2.39725598e+00 1.70570861e+00 1.63517348e+00
  2.25686900e+00 2.34363509e+00 1.37411909e+00 1.51691051e+00
  9.95410603e-01 8.50380021e-30 7.09235051e-01 2.15289668e+00
  8.28662294e+00 7.62538876e+00 3.36069314e+00 1.01003858e+01
  3.33115614e+00 3.77292999e+00 6.43081479e+00 1.78818843e+00
  6.58736529e-01 7.06048455e-01 5.56756632e-01 4.87483997e-01
  1.05708395e+01 4.48192562e+00 3.96326515e+00]
 [7.40970346e+00 8.20600978e+00 3.62663944e+00 2.87650164e+00
  2.28228731e+00 1.78222708e+00 2.58127397e+00 2.59027937e+00
  5.68844176e+00 5.80273123e+00 2.12039630e+00 2.15407351e+00
  9.26116339e-01 7.03099931e-01 1.73328395e+00 1.44844762e+00
  1.24102642e+00 9.51491692e-30 1.08284666e+00 5.41594894e+00
  3.08031622e+00 1.79047598e+00 1.64702321e+00 1.44638736e+00
  3.77960753e+00 2.54652908e+00 6.17197562e+00 2.66024605e+00
  6.79653011e-01 6.42130890e-01 7.09567976e-01 4.64814041e-01
  7.69300847e+00 4.73703574e+00 7.48071777e+00]
 [5.50491118e+01 9.71828366e+01 6.08996189e+00 1.01636101e+01
  2.69631682e+00 2.91474778e+00 2.64913062e+00 3.05113931e+00
  3.36990655e+00 3.80443947e+00 6.26359499e+00 5.61223959e+00
  1.01931707e+00 1.39862494e+00 1.80493280e+00 1.91952231e+00
  3.94015284e+00 1.79874946e-29 1.32694477e+00 3.47558388e+00
  3.27230511e+00 2.74007108e+00 1.76851191e+00 2.69083247e+00
  1.75115571e+01 2.98123936e+01 5.13343559e+01 1.06835342e+01
  1.38802239e+00 1.44427474e+00 6.09054615e-01 7.62242150e-01
  7.27200383e+01 6.37194237e+01 2.35916949e+00]
 [1.51087356e+01 2.17251959e+01 1.97932129e+00 2.82045203e+00
  1.32650493e+00 1.13589926e+00 1.65173102e+00 1.67140902e+00
  2.09728521e+00 2.18184483e+00 1.04826861e+00 1.86303749e+00
  5.89626022e-01 4.28490159e-01 1.28486476e+00 8.11581795e-01
  1.21526408e+00 7.85786590e-29 6.00780356e-01 1.89530846e+00
  8.04710515e-01 9.22652464e-01 1.16326950e+00 8.95684695e-01
  4.62052278e+00 1.13233249e+01 1.59436393e+01 4.52320055e+00
  4.28719038e-01 5.43536359e-01 6.12978330e-01 2.56743394e-01
  1.49086584e+01 1.37664534e+01 3.82851454e+00]
 [1.22258575e+01 1.50904093e+01 1.26500206e+01 3.28990210e+00
  2.25929796e+00 2.24650065e+00 1.62275454e+00 1.30751965e+00
  1.41261642e+00 1.40775306e+00 4.61934776e+00 2.68388819e+00
  5.89742446e-01 7.65941611e-01 7.87283423e-01 7.23205301e-01
  1.57941981e+00 6.57315666e-31 4.56643707e-01 1.35751595e+00
  2.97437002e+00 2.57398319e+00 1.30359241e+00 1.02785156e+00
  5.78864125e+00 6.47525373e+00 1.24148067e+01 4.18764915e+00
  7.68857956e-01 6.26406166e-01 3.12477103e-01 2.85821779e-01
  4.09658204e+00 1.08971602e+01 7.54954041e+00]
 [5.26815325e+00 5.20154795e+00 3.59142449e+00 2.87184478e+00
  8.23503238e+00 6.84315919e+00 2.04913734e+00 2.24678485e+00
  4.30740331e+00 5.00926964e+00 3.36046062e+00 4.49240972e+00
  1.80356971e+00 1.26956894e+00 9.72057619e-01 1.06910411e+00
  6.20823460e-01 1.94225218e-30 5.32387132e-01 5.09121382e+00
  5.59671550e+00 3.11106654e+00 2.32956536e+00 5.47588855e+00
  2.73857039e+01 1.12040360e+01 8.20395226e+00 1.74396600e+00
  5.23842243e-01 3.25825958e-01 3.88149201e-01 3.27439385e-01
  7.41253596e+00 2.38667071e+00 5.72921334e+00]
 [4.96259061e+01 5.09672826e+01 4.46726716e+00 6.50134331e+00
  7.11152647e+00 1.17033683e+01 3.63173481e+00 4.10452056e+00
  3.73445150e+00 4.70070749e+00 2.25578408e+00 4.25200108e+00
  1.22788335e+00 2.06350033e+00 1.81581199e+00 2.29889127e+00
  2.16223838e+00 2.87985760e-29 1.27222387e+00 4.20186436e+00
  4.42161532e+00 3.81189404e+00 2.88791807e+00 7.32146850e+00
  9.33683923e+00 1.20117338e+01 3.06830430e+01 9.02780787e+00
  7.47741070e-01 9.47985311e-01 8.29166290e-01 8.64827256e-01
  2.71175938e+01 1.81911127e+01 6.98144718e+00]
 [1.06778412e+01 1.45266043e+01 2.37854287e+00 1.53941177e+00
  1.91417985e+00 1.45557593e+00 1.29055239e+00 1.39488645e+00
  1.08087698e+00 1.30651268e+00 1.06152922e+00 1.16459959e+00
  2.84440258e-01 3.07385351e-01 4.87634903e-01 5.34864500e-01
  7.53673858e-01 6.15293033e-30 3.55732469e-01 1.18529712e+00
  1.56746903e+00 8.11625807e-01 4.99525041e-01 5.82249011e-01
  3.41942245e+00 4.32335304e+00 1.11878518e+01 2.37021553e+00
  2.98465000e-01 3.16810735e-01 2.27423553e-01 1.85792329e-01
  6.46133197e+00 8.09555614e+00 1.72171157e+00]
 [2.90203313e+01 5.21452893e+01 4.12874540e+00 5.96615185e+00
  9.19403680e+00 7.28210525e+00 6.64510816e+00 4.19582554e+00
  4.80577065e+00 4.52516764e+00 1.90004038e+00 5.41630449e+00
  1.56604323e+00 2.11819999e+00 2.03544155e+00 1.70046255e+00
  2.44768939e+00 8.03076166e-29 1.08676273e+00 4.37269786e+00
  5.04301895e+00 2.28888903e+01 3.11768323e+00 2.50677738e+00
  7.89851794e+00 1.44374552e+01 3.40348643e+01 8.29016926e+00
  8.18398734e-01 1.74335883e+00 8.60511715e-01 5.63750697e-01
  1.91252332e+01 1.16194446e+01 1.20394689e+01]]