[[6.24896434e+00 7.74995290e+00 6.19881077e+00 6.16019882e+00
  8.11886686e+00 9.39028857e+00 1.25629090e+01 1.77799292e+01
  1.96768924e+01 1.50592347e+01 3.48256233e+00 3.74172032e+00
  5.21914185e+00 3.26957615e+00 9.19848393e+00 9.01315648e+00
  2.34719398e+00 2.80949193e-29 5.51092103e+00 1.52892882e+01
  6.07469064e+00 5.78621186e+00 8.17720593e+00 9.40804487e+00
  4.44668312e+00 6.37640988e+00 6.09919615e+00 3.24462593e+00
  1.32612831e+00 1.20001918e+00 2.77497536e+00 2.20541756e+00
  6.03215112e+00 3.86499846e+00 4.85815936e+00]
 [6.66212720e+01 7.71839824e+01 1.26177122e+01 1.69783094e+01
  6.43399336e+00 1.36072880e+01 5.49856095e+00 6.90477855e+00
  7.02690954e+00 8.73017760e+00 1.84188016e+01 2.30900263e+01
  2.70196784e+00 3.36932013e+00 3.55108222e+00 3.45305074e+00
  5.21160829e+00 1.44998747e-29 2.15311120e+00 7.94583242e+00
  1.05150648e+01 1.36699087e+01 3.88480339e+00 3.94668669e+00
  5.42838204e+01 4.41191590e+01 7.22629758e+01 3.52651830e+01
  2.98370458e+00 2.91041063e+00 1.43681010e+00 1.16274991e+00
  5.07792352e+01 5.53650820e+01 3.47806822e+00]
 [1.06611478e+01 1.88352994e+01 8.88078813e+00 2.02241035e+01
  1.31136470e+01 9.86719779e+00 1.07455421e+01 1.16897603e+01
  1.35513100e+01 1.35057049e+01 5.30275964e+00 8.96585732e+00
  4.54029772e+00 4.35510310e+00 9.01912009e+00 8.69720599e+00
  3.31920757e+00 2.28248175e-29 6.58644784e+00 1.28893759e+01
  7.67154163e+00 1.76061473e+01 1.00951462e+01 9.34973872e+00
  1.15884864e+01 2.56194868e+01 1.18499313e+01 8.26625229e+00
  2.64217338e+00 2.58241989e+00 4.05844013e+00 3.17111690e+00
  7.40821277e+00 1.75789633e+01 3.43473988e+00]
 [1.55938166e+02 8.30630364e+01 4.98236118e+01 5.88555689e+01
  4.84988406e+01 9.11597464e+01 2.01825643e+01 2.45413656e+01
  3.24672873e+01 2.80659194e+01 2.07667600e+01 2.28797835e+01
  6.40424370e+00 1.34641451e+01 1.02420053e+01 1.19210571e+01
  8.69099954e+00 1.79087278e-29 7.06812168e+00 2.68252826e+01
  3.19616920e+01 5.36203430e+01 2.20876440e+01 3.48894000e+01
  8.36500288e+01 3.52300983e+01 7.78712443e+01 4.12252482e+01
  4.50757916e+00 5.42065656e+00 3.33115351e+00 3.22248316e+00
  1.24833871e+02 6.06788995e+01 3.65613000e+00]
 [5.64732172e+01 1.13196602e+02 3.79285260e+01 2.52460655e+01
  3.40775057e+01 3.15555688e+01 1.74920955e+01 1.89336632e+01
  1.74059528e+01 1.82365014e+01 1.47808652e+01 1.69925614e+01
  6.89384240e+00 5.83112290e+00 9.68609975e+00 1.02956842e+01
  7.42613710e+00 2.62617853e-29 6.12210161e+00 1.63831217e+01
  1.60830141e+01 1.65721781e+01 1.26025057e+01 1.16271586e+01
  4.88791707e+01 5.99348696e+01 6.70720290e+01 1.95848061e+01
  3.36553915e+00 4.39444426e+00 3.74054911e+00 2.97756639e+00
  3.51507161e+01 9.66601612e+01 6.20299773e+00]
 [3.83873562e+00 5.83681952e+00 6.80082172e+00 8.38925907e+00
  4.31974555e+00 2.72390492e+00 3.04647393e+00 3.85113764e+00
  4.57964128e+00 3.95386670e+00 2.93335846e+00 1.84339605e+00
  1.60054331e+00 1.06306247e+00 2.15689050e+00 2.11237100e+00
  9.58250588e-01 5.90222645e-30 1.32230589e+00 4.13821545e+00
  6.16526155e+00 1.97786193e+00 2.55731285e+00 2.19999143e+00
  6.86827713e+00 2.89804185e+00 3.57161465e+00 1.39711902e+00
  9.20384948e-01 6.94715817e-01 1.11603371e+00 7.52570084e-01
  6.39071045e+00 7.06729270e+00 2.72010509e+00]
 [2.27574793e+01 2.15908764e+01 1.50866921e+01 1.41758297e+01
  1.48785804e+01 1.43309091e+01 1.85860291e+01 1.76378178e+01
  2.61970745e+01 2.67514416e+01 1.02041169e+01 9.34725193e+00
  6.58862430e+00 6.47356113e+00 1.34471125e+01 1.25465787e+01
  7.11092146e+00 6.22904449e-29 1.08682671e+01 2.60025311e+01
  1.42882241e+01 9.63508216e+00 1.28319719e+01 1.16075208e+01
  1.90099900e+01 1.40818703e+01 2.17427419e+01 1.07691139e+01
  6.58343460e+00 5.14086155e+00 5.50978998e+00 4.73310842e+00
  3.83795277e+01 1.91220934e+01 9.07210049e+00]
 [2.12190973e+01 1.92781916e+01 9.62018814e+00 3.89948142e+00
  7.11649423e+00 6.19358634e+00 6.47906605e+00 9.87009649e+00
  1.33857091e+01 7.11609663e+00 5.44206475e+00 6.29658796e+00
  2.01408320e+00 2.08462593e+00 3.75828779e+00 4.65441550e+00
  2.63197006e+00 2.21234968e-29 2.64779449e+00 9.44503437e+00
  4.22336202e+00 4.31749605e+00 3.08489751e+00 5.19973744e+00
  1.61473235e+01 1.45017297e+01 1.69967468e+01 8.58836647e+00
  1.20296504e+00 1.08343884e+00 1.41554299e+00 1.43718484e+00
  2.09836443e+01 2.29155454e+01 1.18830708e+01]
 [9.34204792e+01 8.78506251e+01 1.20763196e+01 1.15003630e+01
  6.52851499e+00 4.66300879e+00 7.58241435e+00 7.56311784e+00
  1.04167553e+01 1.03065143e+01 5.92884949e+00 6.76666855e+00
  3.01889641e+00 1.85485910e+00 4.39021675e+00 3.87859638e+00
  5.40388457e+00 1.27116806e-29 2.95740942e+00 1.00530164e+01
  8.10751230e+00 4.76177078e+00 4.60593485e+00 3.70682607e+00
  2.33268887e+01 2.13030939e+01 7.37975385e+01 1.76885344e+01
  1.85119289e+00 1.82549873e+00 1.70062554e+00 1.28614083e+00
  5.24000550e+01 2.56827657e+01 3.95371831e+00]
 [2.86021707e+01 7.65416641e+00 1.03346044e+01 8.16950439e+00
  4.25028881e+00 3.80682625e+00 5.69659374e+00 6.14774638e+00
  8.53215762e+00 6.96533175e+00 4.38590967e+00 3.19662087e+00
  2.00148027e+00 1.82751707e+00 3.40638942e+00 3.39453729e+00
  1.54957320e+00 2.65059564e-29 2.43401598e+00 7.32299615e+00
  6.16242281e+00 3.54598585e+00 3.19728258e+00 3.29424332e+00
  1.40266463e+01 4.52104050e+00 8.09304977e+00 3.65416483e+00
  1.08919066e+00 1.19551159e+00 1.41708840e+00 1.15759681e+00
  1.38975885e+01 2.86722304e+00 1.13394872e+01]
 [4.68423734e+00 8.00151224e+00 7.77119814e+00 8.50844500e+00
  8.14785349e+00 7.91913122e+00 9.44497599e+00 1.09468727e+01
  1.17826031e+01 1.16370022e+01 3.76396719e+00 5.15261177e+00
  5.41688110e+00 4.10411135e+00 6.03629443e+00 5.98786072e+00
  2.59089283e+00 2.93668754e-29 3.72880020e+00 1.06918420e+01
  5.69212167e+00 5.92859405e+00 6.39161881e+00 6.42294575e+00
  4.29442913e+00 6.79125452e+00 6.72350322e+00 4.00041231e+00
  1.58887069e+00 1.76714009e+00 2.70896712e+00 2.59815111e+00
  5.34545129e+00 3.69269332e+00 2.30726337e+00]
 [1.16026017e+01 9.83521097e+00 8.17981536e+00 6.80415734e+00
  1.75124959e+01 2.16269534e+01 9.20193562e+00 1.00792792e+01
  1.14553418e+01 1.11500676e+01 4.36507180e+00 4.13795826e+00
  4.30653345e+00 4.65324679e+00 6.44215423e+00 6.26651972e+00
  3.01653510e+00 2.90455596e-29 3.98779714e+00 1.00191004e+01
  1.07193604e+01 9.03962345e+00 7.55636905e+00 1.26262586e+01
  6.54227029e+00 7.78708724e+00 1.11096886e+01 4.34256813e+00
  2.25831366e+00 2.18533122e+00 2.67365181e+00 2.15555708e+00
  1.63280867e+01 7.38530754e+00 6.71855035e+00]
 [3.03461570e+01 2.85534432e+01 1.90636406e+01 1.92055125e+01
  1.58559760e+01 1.41705412e+01 1.85965193e+01 1.73795215e+01
  2.38492848e+01 2.30220265e+01 1.21714750e+01 1.10372552e+01
  6.85886519e+00 4.97885885e+00 1.21470560e+01 9.81570777e+00
  7.69176613e+00 2.66407567e-29 7.80529315e+00 2.24595671e+01
  1.30862998e+01 1.22004434e+01 1.24410732e+01 1.10961374e+01
  1.84927213e+01 1.45816149e+01 2.37278054e+01 1.22875122e+01
  4.51349822e+00 3.82502779e+00 5.11132428e+00 3.18586572e+00
  2.37148005e+01 1.39307757e+01 2.01500571e+01]
 [9.27056680e+01 1.43374455e+02 2.48015535e+01 3.07248217e+01
  2.32384268e+01 2.25280449e+01 2.82836896e+01 2.87169470e+01
  2.81628991e+01 3.03746058e+01 2.20090824e+01 1.99120012e+01
  7.49439068e+00 8.81378062e+00 1.65166703e+01 1.66651524e+01
  1.42458437e+01 5.11980235e-29 1.24081852e+01 2.63605150e+01
  1.69515826e+01 1.64862058e+01 1.74598857e+01 1.86151436e+01
  3.78330045e+01 5.71087115e+01 8.80510704e+01 2.69519688e+01
  7.41065933e+00 6.99092095e+00 5.88012795e+00 5.68308346e+00
  1.14373402e+02 9.06504632e+01 5.16012648e+00]
 [5.75733845e+01 8.06405908e+01 1.01828206e+01 1.28942076e+01
  9.37334668e+00 8.65561748e+00 1.70487036e+01 1.61855051e+01
  2.17321508e+01 2.13990191e+01 6.14393430e+00 7.66556961e+00
  4.42458212e+00 3.07510023e+00 1.23883329e+01 8.89448967e+00
  6.20825343e+00 3.36480106e-28 5.98721331e+00 1.92918551e+01
  5.38941519e+00 5.74109304e+00 1.03925791e+01 7.78966302e+00
  2.05294897e+01 4.22413137e+01 6.01081275e+01 1.84351024e+01
  2.75646905e+00 2.76127826e+00 4.96922150e+00 2.33338914e+00
  5.22079481e+01 4.72053248e+01 1.21955764e+01]
 [2.41915810e+01 2.94602140e+01 1.31503107e+01 6.22255438e+00
  4.68402909e+00 4.43285387e+00 5.61195591e+00 5.59283532e+00
  9.92509360e+00 8.15143634e+00 6.17168720e+00 4.53582420e+00
  1.25194152e+00 1.37119348e+00 3.20784376e+00 2.86577305e+00
  3.20832337e+00 2.26995109e-30 1.79861798e+00 8.20379677e+00
  4.67872764e+00 4.72429655e+00 3.37794958e+00 3.42190621e+00
  1.08298724e+01 1.29688672e+01 2.49935762e+01 8.97981053e+00
  1.36925222e+00 1.10754687e+00 1.06493292e+00 9.13511734e-01
  1.01734579e+01 2.42261068e+01 1.32264239e+01]
 [1.05293988e+01 1.19343001e+01 8.44943873e+00 7.58425973e+00
  1.58282447e+01 2.15534525e+01 8.51634780e+00 9.73748371e+00
  1.15923256e+01 1.37234981e+01 7.66219897e+00 7.98190068e+00
  3.63856753e+00 4.93675708e+00 6.17506334e+00 6.59592513e+00
  1.73260267e+00 4.61172146e-30 3.15819367e+00 1.30120149e+01
  9.35429516e+00 8.60966399e+00 7.81468576e+00 1.36106606e+01
  5.16747704e+01 1.83481504e+01 1.50135654e+01 3.89106204e+00
  1.44597859e+00 1.36632429e+00 2.44391556e+00 2.03338993e+00
  1.06876518e+01 4.23617506e+00 9.40518307e+00]
 [1.40090770e+02 1.48972279e+02 1.51157928e+01 2.22852248e+01
  1.63084792e+01 2.03178983e+01 1.66639869e+01 1.99898392e+01
  2.53475533e+01 3.00647116e+01 6.90430224e+00 1.49093773e+01
  4.61115728e+00 5.37110371e+00 1.18460015e+01 1.14083409e+01
  7.59458179e+00 1.31969230e-28 7.89066466e+00 2.50697385e+01
  8.15630218e+00 1.04306194e+01 1.13680077e+01 1.49876258e+01
  2.66121557e+01 3.92504069e+01 9.03949967e+01 2.78563856e+01
  2.73249335e+00 3.71805883e+00 4.97982982e+00 4.02151569e+00
  7.46288657e+01 4.85608088e+01 1.69649373e+01]
 [3.37810546e+01 3.83028598e+01 9.26547346e+00 8.84955146e+00
  7.77633654e+00 6.84532900e+00 9.07549346e+00 8.30007481e+00
  8.76724729e+00 8.34288852e+00 5.07391524e+00 5.67698752e+00
  1.83106381e+00 1.94167721e+00 4.63780897e+00 4.33300709e+00
  3.97915306e+00 6.74393246e-29 3.37034201e+00 7.90747524e+00
  5.35009158e+00 5.00603508e+00 4.96815412e+00 4.34328196e+00
  1.25781218e+01 1.48157103e+01 3.01062129e+01 9.68996551e+00
  1.63668328e+00 1.74318506e+00 2.01045299e+00 1.64572663e+00
  1.41074533e+01 1.60684316e+01 3.88796508e+00]
 [7.92664013e+01 1.58899954e+02 1.15689407e+01 1.84427429e+01
  2.24240234e+01 1.61468685e+01 1.90948791e+01 1.40869684e+01
  1.82440184e+01 1.90851872e+01 5.51611284e+00 1.06932351e+01
  4.03947054e+00 5.25969925e+00 7.75252762e+00 7.51329846e+00
  7.04952738e+00 2.37703939e-28 4.35247541e+00 1.82247383e+01
  9.39118956e+00 2.15508491e+01 9.56641105e+00 8.81983766e+00
  2.21832229e+01 4.53379951e+01 1.00060999e+02 2.49843554e+01
  2.29655213e+00 3.17019854e+00 2.72482431e+00 2.22890854e+00
  4.44773187e+01 3.52777370e+01 2.33441601e+01]]