[[ 6.50083808  3.21679005  7.36979392  7.42440004 34.75380326 10.70213353
  65.34444111 72.86902889 74.11009146 76.86924585  7.90264357 11.10560253
  31.09095538 40.27512496 68.58306231 70.90292196  8.74291243 19.39956163
  63.79298177 74.53615833  2.49533549 20.10618451 54.32268044 61.84640298
   2.43342713  2.93726174  6.83784179  7.02962613 23.41873206 22.91475233
  59.43182772 55.23612677  0.7244688   1.3168634  15.51768387]
 [ 8.13095792  8.29931368  3.10394419  5.76764802  9.07158563  6.48115377
  13.44006839 10.31595309 12.48217519 10.55392087  5.54807865  6.06141281
  30.07173042 22.29326051 20.45920787 10.14435208  7.27223181  7.14751089
  10.05972114 10.67377639  5.12889071  6.18611758 21.61959781 12.05383524
   5.01656093  6.42036858  8.28381677  6.95450959  7.44455965  9.05502434
  24.13131595 12.66320582  9.45065471  5.90203093  5.78448547]
 [13.50170841  9.32014349  8.93376659  8.79771736 12.33485549 17.88393015
  20.59787263 21.32768685 30.79347963 32.49747345 12.76074032 11.35015395
  21.94657597 33.65129039 33.56812319 35.53703543 16.00352953 17.62291457
  31.69201974 29.19950426 11.78685739 10.44087324 23.04167862 34.15749839
  11.93597476  8.10204556 12.18642183 11.21374368 16.36229284 15.10238354
  40.93398296 35.10946611 10.72302241  5.16305056 10.06463316]
 [12.57891893 26.44060132  4.68000367  7.25409599 18.58661603 16.37490461
  44.79564703 47.52846023 46.30845721 48.9636718  18.8059635  24.76322778
  19.07554146 21.08403588 45.12344604 45.70652936 38.46423111  2.17298119
  47.89487198 46.47630659 13.16810365 14.32917334 27.6401755  28.62522235
  12.33162011 26.01262893 20.40421855 26.60541632 30.00076818 35.29210129
  49.39027583 37.7625445   9.35171164  1.95309053 22.0395482 ]
 [ 7.74809347  5.3484897   4.36419116  5.53290343  9.95412827 12.73606352
  22.87963471 23.93417011 23.58580478 20.75908506  8.68462402  9.65582345
  20.4657613  24.43698418 33.07799015 26.00619998 14.41337631 12.51309121
  27.05951049 22.04684466  6.58491286 10.06247185 22.75921199 21.38772208
   6.30440016  6.86029101  7.36407751  9.88825307 14.11868066 15.11459205
  41.88015908 28.03842668  6.53732001  3.75867541  4.72778048]
 [ 6.57821996  8.49293572  4.05733387  5.55374803  9.89390389 12.11093539
  15.897311   17.56721819 17.32643855 16.54112743  7.14123367 11.40813824
  18.06769414 24.00717829 19.06018891 18.75981798 10.5727651   7.29135062
  18.20905105 16.82829358  5.88803006 12.26278599 14.65301766 20.06559812
   5.02481001  6.85815918  8.42753402 10.44133298 11.29383012 12.77439792
  18.90415408 17.48025272  4.2166986   1.55505565 13.13676021]
 [10.24069533 10.14716756  4.16170614  6.97086215 13.72262774 14.2333145
  25.80497072 33.0360065  27.28173972 37.71848096 10.09523191 11.80060239
  12.25762951  6.4884519  21.77839651 37.02072602 11.36468471 14.9027478
  39.56847751 40.88476401  1.76231679 11.02310928 19.72762084 21.05334606
   5.30302213  5.19970964  9.59383092 10.17062151 12.3552279  10.90046333
  23.50295836 31.54877956  3.78716547  1.2922673   2.77032849]
 [ 7.3049966   6.24635268  5.15669042  8.79610792 10.63351369 11.78181215
  17.31779536 17.13698039 17.11445536 16.52911819  7.54999829  8.84689798
  18.47803329 16.29735477 24.73030506 16.92564391  9.23870244 13.46027399
  17.93147717 17.36571674  9.78729862 10.20970852 18.78135989 14.60824109
   5.50544932  6.23746109  6.19422079  6.47483969 10.39750603 11.00286373
  28.92805267 16.83673307  6.95644459  7.85766214  4.59172455]
 [ 7.13792384  6.7420738  10.5632037   8.31144247 20.9422391  24.70079815
  22.26847513 33.63667289 19.43329266 24.2176713  11.47884205  9.61892275
  18.96238275 20.21025487 21.59991062 27.99055702 10.05496967 25.06996381
  25.41589825 21.08161601 14.1834401  11.80807924 20.9586803  26.11218051
   7.95387621  7.88123021  6.94343909  8.25094264 13.60237584 11.80541448
  20.34002642 23.35221824  7.24399074  4.92544051  9.35911969]
 [ 3.1661986   3.5492816   4.25743251  2.78596198  7.93548313  8.31452335
  24.1039957   6.81290553 37.96215147 15.86717999  5.72210605  0.6200737
   9.72409095  9.19205983 26.07834667 27.84122795  8.5627388   4.75781271
  18.79563074 12.65463174  1.91335724  1.84879211  5.3030406   4.58927213
   4.99620942  0.98174933  4.69742699  5.52351958  8.60038564  1.58059907
  23.76868376 19.59223142  1.56125346  1.37845181  7.9867925 ]
 [17.6835431  12.90018972 19.6014758  15.08755363 28.6121835  23.78335011
  39.21757552 32.22987259 26.21416447 26.69167824 17.61921664 14.33979977
  32.29855214 30.2642951  28.97331766 31.81868891 13.73827648 28.16710844
  30.63310621 24.8074501  22.78453231 17.91637372 31.14617775 29.19952996
  16.60091709 14.28269799 14.16025588 13.41982013 18.83077351 18.8964306
  28.62820406 26.78115055 10.06599751 12.13435054 15.03731112]
 [ 7.25357922  8.92730876  8.48875289 10.04894871  9.19911723 10.40666351
  14.04513879 15.90864473 17.16336516 18.6642214   9.89985985  9.80894357
  10.31880577 11.58773139 12.76915032 14.42721605  9.93240792 14.61480616
  12.85579921 17.58113378  9.54455606 10.88960951 11.21728821  9.87086276
   8.45672931  7.90063322  7.49149303  8.98451461 12.03540559 10.75776397
  12.82642375 12.59684643  6.20748243 11.25667847  8.44351925]
 [14.3833401  16.44526057 10.67015315 11.13234276 10.46477277 19.81603664
  30.10058615 26.06183582 30.50004501 24.31794564 12.59641561 16.27032818
  20.19153278 26.11949843 27.81356511 26.47174524 18.48543903  5.98440417
  19.94103378 24.95525679 14.75619839 16.96673911 25.67799872 25.51368687
   7.6045948  16.64906894 16.38248858 17.55233522 17.59855656 19.06925469
  20.89632759 23.85010055  3.89390143  3.41637569  7.92437034]
 [ 6.30744342  5.25577394  8.38043079  6.48945482 11.00507711 11.04223202
  22.37440303 22.644253   22.63996249 22.75777183  8.6452788   6.15407166
  17.35197001 11.81987322 25.83089865 23.17400035  7.5109537   8.44792268
  22.54443421 20.21550602 10.31824373  8.7007788  17.29876878 15.88087022
   7.58745202  5.4943514   5.71797184  6.32052874 10.74323998  7.53855315
  25.18915547 22.13842529  6.15736755  3.74834353 10.02002615]
 [11.55094474 16.72037187 24.66346239 24.93709733 40.94927351 34.98248263
  53.69751854 50.66502522 55.29923707 54.19168442 29.3910859  30.99202144
  55.94424194 38.85598856 59.26610024 60.22354537 31.90907555 23.11185614
  59.64706579 53.52382331 35.14823287 33.19211139 54.05903517 47.82777548
  17.61323651 19.95885001 14.36304922 20.04632018 33.8860347  36.19763922
  61.50118584 58.39596075  7.33660465 11.61554559 15.77349581]
 [ 5.32229218  4.29078245  4.84407365  6.28679768  8.47499772  9.85401204
  16.59967192 19.48620759 29.01341351 22.9543805   5.5107401   7.04096829
  10.47718343 11.03365733 17.04121461 15.68867763  6.70661242 15.55907432
  13.72041878 23.30597761  5.36002486  6.96478833 12.87332166  4.82497356
   5.55614705  5.12939866  4.89881169  5.51579728  7.38036246  8.31893989
  13.06341304 11.39510435  7.4863242   3.2211285   7.32139231]
 [13.8269832  12.19066745 16.78614098 15.86514599 20.88152182 18.54650781
  33.51927773 27.48534931 39.28289417 33.77317095 11.39628503 13.81397759
  24.17299873 17.30738624 39.32731276 31.64965696 11.67435698 21.08286285
  33.61545502 38.65639385 16.57004366 17.88426094 33.47187401 20.8313774
   7.50578317  9.69668734 12.34562472 15.43147438 13.40054922 16.26518574
  37.02785477 27.26072626  6.31767463  4.84490047  9.82428092]
 [ 6.44404676  5.85499232  9.9261004   6.45244802 16.33704223 17.61771925
  27.91931856 31.1945334  27.81906389 26.3271135  12.71854009  8.73162392
  32.09928873 30.50686509 33.44702569 35.33906251 12.1285965  28.88067606
  28.16308876 24.03430815 13.36881154  9.76622683 30.61733007 29.63988061
   8.28063873  6.473017    6.62072102  8.18258517 17.03774922 13.67433415
  37.36895997 39.46794845  4.41909571  5.15913377 11.30485657]
 [ 6.79062365  5.89773759  9.85471604 12.61007316 25.60962823 18.67202629
  25.67974728 23.35611812 23.93970311 22.38976474  9.82019825 10.35835951
  23.63679971 18.40230461 28.13134097 25.61335652  9.73869796 25.15736713
  29.84731034 23.6029349  18.32037199 15.79187134 29.09841125 20.72332331
   7.432769    8.28760198  6.42915971  7.69772042 11.29014604 13.23959557
  27.01304191 18.67364571  5.72695148  2.55397388  5.6010179 ]
 [ 7.0359804   7.64485522  0.48934496  1.34145675  0.55252023  1.04044912
   6.84934157  3.48741283  5.5594739   8.38053489  3.38104001  3.7201433
   1.768638   12.03596151  7.25482379  5.31150957  1.99797359  0.7606848
  13.44554589  6.76123234  0.43981713  0.95201551  2.72488358  2.69723026
   2.90079559  5.2245133   7.95006522  6.27709467  2.08419489  1.51266436
  15.48097032 11.92605221  2.78759696  5.02252208  3.98789912]]