[[ 0.64977795  0.32370388  0.37528273  0.29956487  1.36925761  0.25630882
   0.44851374  0.27887488  0.29755832  0.36725058  0.66845714  1.02373284
   5.73794065  2.3472924   0.71628615  0.58945783  0.86002565  0.17951247
   0.84708139  0.35168408  0.27719719  1.1316141   1.02216848  0.86707371
   0.17224814  0.26434002  0.53502712  0.50667295  2.04146545  2.55509483
   1.28674416  1.27277771  0.21339903  0.25633932  2.39197705]
 [ 6.31872818  6.80485762  4.06039771  4.21848489  3.84883546  9.50845144
   1.84863749  2.20255996  1.50313998  2.74875766 13.56070084 12.23338958
   3.85997192  5.44938159  1.67058008  1.42604537  5.18550175  3.29139442
   1.37619713  2.24078389  7.47927136  7.34318029  1.90200016  1.89547393
  13.10113373  7.61935046  6.77940762  8.803488    5.42093706  6.63359397
   1.83346241  1.57938318  6.75759713  6.55532423 12.063541  ]
 [ 6.04931012  7.1102874   3.93267087 10.60264607 11.30782666  4.37535769
   2.92985858  3.08295781  2.5812159   2.85321946  4.05043194 10.90332513
   5.73565515  4.5536893   3.07401527  2.92121338  3.86451945  4.02761758
   2.35366889  2.76422866  7.52073069 16.23735198  8.15495189  3.63951759
   8.66962436 11.55365138  6.11035029  6.52599765  3.1619479   3.83443383
   2.64644985  2.94999126  8.10890749 10.02488403 11.95884273]
 [ 8.81688838  8.62886487  1.34711008  3.03334442 12.6526596  15.62661484
   4.04560653  2.76841272  5.12765719  3.51583016  5.56983354  9.08287057
   9.0289609  13.83515877  3.50810378  2.76279894  4.71737792  1.43418772
   1.89930182  4.63236041  9.94067568 13.66059854 12.70720579 13.86399044
   7.72461559  7.35738376  7.76949269  9.30301504  3.93278702  6.22941125
   2.94488047  3.38357425 11.3744868   1.68449433  7.29597434]
 [ 9.53774397  9.31394661  8.0524313   5.33846922 20.87506747 14.27665314
   7.10058162  4.92005197  5.20550984  5.73464682 10.98890468 12.53045411
   7.801593    7.56931232  3.71814513  3.34620041  7.34273413  7.87537335
   3.26745174  5.39702907 10.17929275 11.70479198  8.65817886  6.31191897
  15.4313206  16.88855718 11.00165299 10.09342444  6.77444419  8.36740978
   3.53632492  3.55231975 10.11853461  8.85110096  9.42836816]
 [ 3.1641973  10.25072359  4.8513922   8.34090868  5.68512406  2.18816341
   2.21960581  2.11096404  2.81753589  2.76264103  5.44633773  4.38155771
   4.8526138   2.92755929  2.58294328  2.19167657  2.46123334  5.53817978
   2.17870997  3.17683547  7.15400694  2.63741433  4.38436524  2.23931831
   9.20764095  3.3194386   3.61616341  3.23015886  2.93181335  3.24295062
   3.45575415  2.69920971 16.01661367  5.33624017  4.23343482]
 [ 1.63167861  1.76683098  1.0429244   0.97052116  2.81073079  1.67066903
   1.58743046  1.39864551  1.17151209  1.14292955  1.7121651   1.70461828
   3.02738803  1.0352186   1.08355941  1.37233905  1.65127359  1.50225766
   1.16154166  1.59123661  0.39505277  1.49981757  2.27902186  1.59088975
   0.81902625  0.82078625  1.6337954   1.47614959  2.08555604  1.95638952
   1.54478863  1.75338291  1.57580375  0.50255991  3.53739088]
 [ 6.34837317  6.69829377  3.6676767   3.04813566  8.29749071  6.34018474
   4.58031083  5.27940556 11.50377971  3.67714299  4.9590249  10.79501912
   2.98422664  4.45141291  2.83111774  2.71602309  3.9294159   3.19377257
   2.37426284  7.42561535  5.96100603  8.65271425  2.70382465  6.63086669
   5.36988353  8.84186544  5.45018624  4.27574518  2.98815949  3.3718503
   2.43930871  2.46770733  6.86703457  6.36981095  4.69329308]
 [ 2.18518493  2.23968481  4.19082537  2.17266946  5.35701483  1.77567269
   1.55929387  1.15361862  1.36363512  1.19024425  2.40885048  2.2315398
   7.79822365  2.76161359  1.33364426  1.3146764   2.20471179  1.56797372
   1.23093516  1.39639961  8.42777871  2.09950819  2.67101909  1.47111543
   3.21907587  2.23986011  2.39886229  2.38491411  2.27895862  2.27309719
   1.6391621   1.69408453  2.72844536  0.78770458  4.84038204]
 [ 5.41569906  0.96862992  4.01707033  2.04247307  2.22077118  1.32735328
   1.63378797  0.29004656  2.18082988  0.53951076  6.77377999  0.10409222
   4.83521641  1.73045644  1.25851701  1.13759868  2.6197537   1.70288984
   0.9497994   0.56692745  1.84506399  0.61348555  0.50534664  0.33614425
   7.15899947  0.23831649  1.7148013   2.09594424  3.88934995  0.42984457
   1.94474116  2.07130789  5.7941585   1.44599075  5.28595835]
 [ 2.0700616   2.97402372  2.17360795  2.45570197  1.47824493  2.51683129
   1.94837162  5.47381578  5.23037982  5.54623656  2.53963968  3.47059299
   2.05828015  2.82073738  2.05877562  2.65690012  2.26286467  1.89363502
   2.22394669  4.65595523  2.18824566  2.51535993  1.6497403   2.4352052
   2.3670166   3.11103693  3.54416429  2.21534772  2.29420558  3.07216927
   2.40436326  2.74118559  4.31811771  4.0777069   3.72090913]
 [ 6.27261507  6.60951315  3.62291138  3.83387024 12.29762904 17.32065984
   4.23882441  5.80955664  2.54794391  2.70670685  4.34919938  4.74528083
   8.9947999  10.64325291  3.1182329   3.89903561  2.76348235  3.44061473
   2.59454883  2.61650406 12.37219547 13.79052203  6.15337046 14.69654123
   5.8386905   6.48267139  6.21823143  3.58593232  3.6336566   4.01073551
   3.66043141  3.70367063  6.15826498  7.18914547  9.29360625]
 [ 6.13991691  7.91576767  3.76688141  3.06619724  1.87962453  3.27061257
   3.43496717  3.91422677  6.35711762  7.38853306  4.07613198  5.67256977
   3.77287195  4.05433456  3.82822176  4.39900572  4.87611342  3.52154637
   4.18624731  7.15452529  6.32893334  4.13034254  3.58579742  3.68263608
   2.84304767  4.73687337  6.95476785  5.91556341  4.39908359  5.01907099
   3.97368167  4.76014205  3.05892432  2.75967988  5.28166789]
 [ 3.54613266  4.38982997  1.10118108  1.25417692  0.66364013  0.6969625
   0.62916393  0.69715349  0.80954872  0.84803604  1.84869616  0.9989493
   0.96295367  1.03630745  0.68381216  1.0126368   1.06095721  1.76840883
   0.69900058  0.86978151  1.12605901  0.72528752  0.61919514  1.06217719
   2.82451232  2.90301301  3.24840448  1.56270578  1.22877678  0.77067064
   0.62086875  1.18498851  6.92519694  5.90264413  5.3364816 ]
 [ 1.84887768  2.95272899  1.34891621  1.81589524  1.24236011  1.33270829
   0.82760405  0.764453    0.74891554  0.77363122  1.69613991  2.64015957
   1.51380848  1.57928338  0.89505149  0.62915878  1.85220705  1.91689958
   0.72808926  0.78641925  1.29016158  1.63076409  1.09140943  1.05827854
   1.83803849  3.04731841  2.33623209  2.20353882  1.72061142  2.11922578
   1.12900553  0.88450887  2.07013572  3.42232527  3.26884838]
 [ 2.01265429  1.77416767  7.60949729  2.75641957  3.40730843  4.23107438
   2.43058927  1.86122149  1.289318    1.3406927   5.11330413  3.694239
   3.86599983  4.99094892  1.99357507  1.82399269  2.50372012  2.12781279
   1.66299836  1.31656505  4.18596619  3.81609886  3.26632537  0.95984089
   2.38741501  2.10676792  1.91931725  2.01663728  3.98014288  4.35004904
   2.29415401  2.20473799  1.93728372  1.42462309  5.90309265]
 [ 5.43239608  5.02216325  5.35528243  3.72016031 10.16151245  8.94806218
   2.42168278  2.72452328  3.87070539  4.73893935 12.0272134  11.97743929
   7.03725392  4.47462618  1.61976906  2.40055938  2.79771181  6.82165497
   1.67974046  4.72923992 11.8463495   7.12257635  4.04393806  9.20203633
  23.12342345 12.88039912  9.27615585  6.09251003  4.48936676  3.11542657
   1.8745757   2.08309814 15.92100776  4.79009719  9.8918467 ]
 [ 2.33040388  2.05028838  2.07420438  1.54780953  4.97513812  7.92951186
   2.79774149  2.9188869   1.89988524  2.29955005  2.6482483   2.24712279
   3.2398332   4.74107629  1.82361603  2.63614008  2.175139    2.65325822
   1.53892576  2.24789158  5.0882141   2.8049419   3.23448881  7.81538991
   2.40501782  1.87434559  2.15564354  2.17295536  2.66167384  2.70301966
   1.9059204   2.40969329  1.7011243   2.35945749  5.3228009 ]
 [ 1.27724364  1.56769835  1.24369497  1.27073695  1.65604184  1.30739126
   0.79416743  0.8910901   0.62665661  0.8014351   1.13276366  1.38295382
   1.21378506  1.54916993  0.61909858  0.70955047  1.07195575  0.63058106
   0.65801082  0.73906111  2.18217866  1.44840609  0.55526387  0.70096015
   1.19037816  1.6904199   1.60356524  1.15788612  1.13543724  1.40471075
   0.84948866  0.62730998  1.97244804  1.2769751   2.62005764]
 [ 2.04188613  1.84560374  0.16645655  0.33324018  0.38766874  0.75018577
   2.80290119  1.0393105   1.18849554  1.63814133  1.19591944  2.19457459
   0.55012646  2.77644538  1.24860575  0.86343708  0.68384461  0.26904934
   2.22938867  1.31285536  0.32064946  3.9341149   0.72809499  0.61489607
   0.89828233  1.24763013  2.06117867  1.70110944  0.84918068  1.36463958
   2.83761817  1.4907894   1.25990408  1.20452307  5.29227451]]