[[ 1.78105747  1.01064154  1.53271713  1.27285156  5.17950869  1.13592434
   3.99968987  3.09799818  3.51268165  3.65355077  2.37746847  2.86847532
  10.71119199 10.52102458  5.90378048  5.7844894   3.01039912  1.16260456
   7.21584904  3.65242339  0.67139276  3.78645285  6.23783561  5.75721272
   0.67160676  0.82875062  1.83110829  2.04841475  7.63954671  7.0670055
   8.1861903   9.75968539  0.52081768  0.53642879  5.43672055]
 [10.9419404  11.52228407  7.1011689   8.21909224  7.41219243 13.79960693
   6.80055516  7.10706614  5.51302842  6.59236072 19.84895664 20.26858914
   7.77590107  9.98390132  6.46722748  5.74027679  8.90030509  7.07028809
   5.12413111  6.12093245 11.47446321 13.92032891  6.29627055  7.14648071
  20.00742976 13.10143749 11.54672646 13.80031026 11.16831972 12.80525743
   6.06127589  5.47361856 11.26519077 10.54799842 20.48409587]
 [15.41822459 16.61400877 11.9461771  25.08573005 22.70532187 19.24024357
  21.4057353  18.4926595  18.24084504 17.19508884 17.03072898 29.09713575
  27.56322961 26.17888651 23.52399808 21.74944736 16.60895434 22.46956275
  21.12915724 17.55797407 22.18495435 35.82903873 25.06485441 21.66826187
  21.22398198 26.77902941 15.89475596 17.07662906 23.9996525  22.43794787
  22.24480562 21.91446803 18.24652312 20.03978593 18.23253426]
 [15.85342848 17.61322683  2.71122283  5.73396016 15.53174653 19.03739237
  14.79937153 12.36680893 17.57440808 15.35679718 11.6459328  14.41139908
  13.78282564 18.9776719  15.48569561 14.50251636 12.51860581  2.34598646
  13.57188326 16.50797494 11.81623676 15.26095355 18.90229248 19.88081309
  14.84643877 13.49593929 15.05669702 18.46131978 10.73554377 13.78244314
  12.2123515  14.56933876 18.01228266  2.33863328 14.78005251]
 [17.00767471 16.17333456 14.38862879 11.90644514 24.86872632 27.25047444
  20.1197559  18.4034482  18.67973558 17.98080755 22.27577484 24.26653359
  20.34351767 21.96885328 19.29767918 18.6661281  18.3632906  18.92688443
  18.51855107 18.6022926  17.68084059 20.32348069 21.02358174 20.62650848
  26.62698723 28.11706073 19.09494872 19.36108529 19.04330853 24.43412247
  19.87793198 19.66100522 17.05478894 13.6933572  14.05003218]
 [ 5.75731833 12.03056878  5.2185807  11.29157078  9.51435543  7.3580234
   8.50619863  9.87522811  9.72332168  9.66712993  9.46576556 10.67459481
  10.79157286  9.28662877 10.4302558   9.30484732  7.29855152  7.12041391
   9.12963642  9.9628708   9.56419741  7.64624017 10.2183971   9.24616264
  10.50146348  7.18512862  6.89713692  7.54458345  9.12626579 10.59128617
  11.6656284   9.50350573 12.18648102  4.8088724  12.24316443]
 [ 6.23264613  6.26883474  3.49984346  4.20563892 10.55090519  9.97933878
  10.62257046 11.5071261   7.60728982  9.2915491  10.33955121 10.67958133
  13.68331361  6.92939374 10.00139149 13.20786752  9.56265454  8.57619259
  12.52224969 11.00258588  1.61671019  9.6490265  13.24384025 12.32555632
   4.22806126  3.27767113  5.87188629  6.8866613  15.25765003 15.1200081
  13.0556529  14.68600803  4.57803907  1.47458393  4.50291599]
 [10.57801282 11.22075491  6.3412194   7.03417357 13.72205435 12.57049195
  12.74218502 15.56125422 18.7313464  12.12997301  8.97548699 16.53413777
  10.50426096 12.6573241  10.85903883 11.75400672  8.46962451  9.18540561
   9.89047036 15.34103004 10.12240838 12.06259367  8.81972221 14.87907072
   9.77355683 15.09966116  9.67978415  8.52449003  8.02667654  8.97500143
  10.13910342 10.4746281  10.4507084  13.89851319  8.92968887]
 [ 6.42413061  6.35573169  8.91873896  8.10216317 11.71824683 11.86112341
   9.14280748  7.73977409  7.54179662  7.61738837  7.30361692  8.33037888
  15.88364575 15.60629137  9.8427579   8.70081359  6.7956023   9.0120914
   8.3980818   8.30632257 13.3779006  10.29159861 11.7261326  10.37217585
   7.59159199  7.02752295  6.43708336  6.67486991  8.51343671 10.0782159
  10.59969057  9.32226236  6.91790119  2.34622121  9.01157059]
 [ 8.19613934  2.72173571  7.85037861  3.42916067  5.83114374  4.74755705
   6.52457365  1.67396322  7.08120123  2.91035098 10.75556498  0.42016609
   9.89104065  7.54706776  6.258528    6.83885838  6.79213811  3.82453632
   5.03675498  2.71234528  3.08176555  1.7071272   2.30586657  1.8197707
  10.85159487  0.79060894  4.10704561  5.11155745 10.14451746  1.88773654
  11.00379865  9.63618667  8.55506883  3.18858697  8.79944382]
 [ 9.20352322 10.14151404  9.27329211 10.68050803  8.89126065 11.36759535
  10.18645523 14.21536195 14.40765625 14.76499241 12.01978655 14.89212023
  20.41591944 18.59412407 13.61890812 16.05755586 10.25191442 11.68549575
  15.35064849 14.0802581  11.2228561  12.7082571  11.37661771 15.04144005
  10.28179262 12.42325961 10.42743271 10.23083241 12.38761235 14.39779488
  18.25407269 18.1826607   9.34829323 11.72618188  9.89875691]
 [10.82465989 11.71527416  9.30271246  9.38352439 18.64442098 22.59782201
  13.1631559  15.05043722 12.23171455 12.58937909 11.13001804 12.00837361
  17.16378163 21.13199384 14.61892018 16.10733354  8.37457577 11.75175542
  14.58830098 12.17662556 16.00435105 16.34816667 13.8355798  18.37180616
  11.46697715 13.37982091 10.74243575  8.70834143 12.45708411 12.4138584
  17.57809158 16.37689341  9.51227051 11.84625867 15.75457588]
 [25.14579477 27.5435234  19.80083066 20.47205139 13.05851432 26.00473907
  24.74686299 26.26256799 26.65276629 29.31361063 23.3977669  29.06567477
  27.94208352 28.7099438  26.82862437 29.8107808  30.22169664  9.85995579
  30.17499024 29.6693234  26.88760286 28.14447714 27.08593779 28.25179283
  13.91035652 27.12368914 26.73720512 27.32362213 29.21381302 29.89746532
  28.6241435  32.62632364  9.42957235  8.11572542 14.22669763]
 [ 5.97187832  6.47634399  4.48459319  3.79140502  5.71963667  5.38681342
   6.71732729  6.56152273  6.7655404   6.77071108  6.49596698  3.5442321
   7.07998646  6.53054744  6.25746291  8.7916387   3.83595033  5.03344343
   6.53631476  6.59684515  5.8333443   4.36384274  6.11309216  7.34812779
   6.10224361  5.56102053  5.57181418  3.94232812  6.56044613  3.73038271
   5.99418767  8.83497271 10.89188554  8.39739899 11.67229406]
 [ 7.04533779 10.96007655  6.93963723  8.30169415  8.77876268 10.1553136
   8.5422965   7.40277085  7.76029194  7.58759243  9.9411278  10.86308088
  11.3596919  11.3338768   8.62985445  6.89523388  9.46211688  8.20831739
   7.25593915  8.00475838  8.6406432  10.14723176  9.75058565  9.20372233
   8.16660668 11.36792715  8.80768397  8.98091148 11.06275137 10.76610973
   9.15249084  8.03877895  7.24931348 11.7351922  10.41278277]
 [ 3.98248462  3.46361443  7.91044193  5.21352008  7.0641111   8.34886668
   8.40568276  7.9612611   9.05879451  7.76313079  6.83163843  6.24333708
   8.20698213  8.93482812  8.12296712  7.22775274  5.08588263  7.3481148
   6.5501806   7.95632055  6.58458617  7.00407943  8.46390507  3.19548621
   4.46657491  4.21950933  3.86398299  4.32438822  7.08820066  7.69130869
   7.81855725  7.04653798  4.81105327  3.16716195 10.34192836]
 [10.85766912 11.52272436 12.59921541  9.82457766 19.53105923 28.18312828
  10.06467087 11.80798469 10.41705962 12.98289565 27.42329476 21.28094651
  14.19713552 17.3997188  10.2896951  14.81044714  7.80789267 16.19747065
   9.96445136 12.08688976 19.7998719  19.71124316 13.56566583 22.87223204
  43.6321667  21.09342561 16.97574143 13.59334671 12.39214342 13.06428442
  11.80294769 12.93598445 22.95546193  8.50209045 16.23863933]
 [ 6.57858161  5.99278825  7.01843935  5.3055625  11.40921532 13.7662092
  12.837261   14.21556522 12.89545261 14.70742634  8.10552162  7.87939627
  12.16677498 12.34059046 11.89691355 13.0819518   7.63989353 12.15853325
   9.54481945 13.41167854  9.38593903  7.67526094 12.73224957 15.99872206
   6.85485818  6.12474669  6.35071924  6.70491478  9.72663718 10.60141545
  11.44662942 11.20526591  4.68157234  6.29852424 12.93442198]
 [ 4.04076407  4.13361092  4.84474041  7.3050319   6.72765344  6.1484414
   5.58478781  5.30230578  5.08295904  5.11765694  5.41440282  6.74138273
   7.81365447  9.78572317  5.88813666  5.7481609   5.65957804  6.91149719
   6.23423976  4.9305      7.44822097  8.93363865  5.52251894  5.22880677
   4.37872819  5.79290455  4.31515159  4.73369467  6.22636201  7.72912825
   7.50958722  5.55663816  4.30657623  2.53459883  5.9166081 ]
 [ 5.57722665  5.62402382  0.46641917  1.03012178  0.94551425  1.66341333
   8.05420442  3.48935721  4.51185378  6.90896702  3.4719402   4.33267778
   1.41900272  6.89418739  4.75565145  3.81499754  1.9695233   0.79636391
   8.92868254  5.47178108  0.59711848  3.70413398  2.23411278  2.16344841
   2.52285269  3.9179376   6.05977431  5.12668941  2.38293099  2.4815192
   8.98536397  5.89415363  2.93001161  3.65704643 10.2615576 ]]