[[86.57696945 93.07606203 87.19518589 87.8093573  49.28796401 85.56986816
  21.23222238 16.99899089 15.47504624 11.85999479 83.70387445 79.35264543
  42.30405508 35.24555878 16.8348546  14.23062947 80.38811069 77.02664165
  18.21231779 14.38231222 95.43247414 68.8195419  28.89694481 23.36365203
  95.19589193 93.98435837 86.31552462 85.04879532 49.37868431 53.80916325
  21.00111165 22.17449753 98.08432693 97.12696598 68.76983808]
 [65.12127896 64.1027342  75.72167698 72.7050434  61.0707995  56.80971069
  57.64370802 63.26739973 65.91448576 66.52778781 50.80301285 53.19533678
  43.28484733 46.65801953 53.93662651 66.56389373 66.96049644 64.19195818
  67.43601227 67.01402176 63.10650175 62.1081296  51.6598534  60.99820331
  54.20108514 65.64542927 64.06227404 62.27946099 59.76162931 58.34558063
  51.10353244 61.98565953 63.04738883 69.8633288  52.07824031]
 [53.43916477 55.28314354 62.01540893 42.81377188 37.87608643 44.39510639
  35.3553892  45.50357351 36.89230775 37.37366389 55.2315252  36.46179706
  31.55468809 25.87068278 28.41101703 30.60876749 52.44533324 38.78179465
  36.06701965 39.3638632  43.58461368 27.47228852 29.49049519 30.28987195
  47.8099995  42.84596706 52.83273097 54.42290735 46.01908101 46.39590394
  25.32633157 31.90494585 52.24434659 56.47813095 53.60834846]
 [55.30798376 38.1255518  85.91894745 79.05297198 45.3347211  42.18837177
  22.02321841 25.1913829  18.94300217 19.85800994 55.54712521 41.76894629
  48.23148826 37.51699821 22.33339198 25.63515158 31.21633889 89.94595301
  21.21113054 19.24502243 58.50331128 49.84188333 30.19361465 28.44229133
  58.4833422  43.9926332  47.42106886 35.85040072 44.36483267 31.10816705
  20.84056407 30.93543763 56.68761797 89.95733653 44.38660408]
 [56.28037366 59.81242919 67.58973689 68.27923289 35.83051953 34.7498572
  33.26024036 36.46618435 37.36563794 41.48796243 49.45742079 41.12702674
  42.17246862 34.24015651 30.12187174 37.37804935 45.96715831 46.34318364
  37.0971324  38.91808062 57.29265437 46.87787958 34.73930916 36.45667538
  45.9292293  39.57675882 52.12240413 48.83479114 45.54812119 37.18486631
  23.56356855 34.69504557 57.52582001 66.46606937 66.43368354]
 [70.57269906 55.48888753 75.8560846  65.03657441 57.08289419 61.86672952
  52.72557789 52.3038061  52.13514042 52.75368654 64.82929261 55.92792568
  50.57519469 47.45485568 47.85668305 53.51048716 60.86713957 70.43891586
  53.2567525  52.11380032 66.82259595 61.96218317 51.17336798 49.85540782
  65.5120804  71.88356255 64.54619166 61.74182316 58.71804566 53.28000752
  48.12949938 54.21076328 59.56582713 83.53124983 53.29217224]
 [73.6722523  74.19531277 86.10937735 81.95006433 61.82965258 63.96524947
  50.16409298 41.24354172 55.61799911 41.93707204 67.74170637 65.78981741
  58.78913001 80.28932014 57.21666852 36.18116472 66.25183816 67.56143182
  33.72101274 35.20185829 92.92573218 67.85474102 50.97076216 52.94835106
  81.85889793 86.78663777 75.5034952  72.81975856 58.16551865 60.13356908
  50.38745563 39.43053804 84.75457799 95.06529635 86.1212177 ]
 [59.03324863 61.65301728 70.5672144  63.67244028 48.96119531 50.64819937
  46.15387378 44.02390402 38.01240137 49.6561367  61.90592467 46.46864388
  49.49537705 48.45063371 44.6796185  51.97235334 58.68133917 56.33466273
  53.87872848 43.33917122 53.38627365 51.42376165 49.99927282 45.60538336
  66.24864573 57.17976151 64.35445089 65.09693269 61.45811265 57.20553513
  43.21866014 54.47298293 63.87258622 59.0045319  75.45770323]
 [74.35255143 74.43341845 66.82529266 70.69372055 48.37088562 46.19305546
  53.83704588 44.30095707 61.65551923 56.60487433 68.36577068 69.13936556
  44.69702184 47.23057898 56.17924922 51.54249443 70.68115529 48.95398815
  55.38781713 58.55300901 52.50677039 63.92984499 50.04666245 48.80268129
  72.09393972 72.4998188  74.19605849 72.41331662 64.4462613  64.74744112
  55.3736599  54.97688046 73.90894222 79.09825452 69.34759504]
 [80.48580715 89.57819451 79.65079591 89.32386172 77.20594778 80.21953263
  61.14948661 89.66464273 47.45894759 78.21075818 70.69639241 97.7481359
  66.87654908 73.38673804 60.29212036 57.3843886  74.6377341  86.62767018
  70.19661006 81.7369714  91.34389329 94.17195098 89.20305074 91.29167891
  73.22939049 97.08186588 85.33776517 82.477283   67.68182013 94.41502664
  52.50222897 58.44567318 81.9301991  92.2166989  74.47559034]
 [55.69723103 58.79773345 54.88162304 53.70139226 48.84467807 46.23307596
  37.81185063 35.41708843 41.46221859 40.69084552 53.31869109 51.56954315
  34.38357806 34.23687414 43.02988567 36.01667803 55.13826533 44.55095177
  38.88567246 43.62663378 50.00464044 48.97205632 43.45193023 38.22872236
  54.76114219 53.37736255 56.93364703 55.19399968 49.50559081 48.8451867
  37.89993791 38.72139875 63.54607255 60.23740954 63.0518764 ]
 [61.58169734 56.95763418 60.98604948 56.92243054 41.22252573 32.29451125
  42.06055228 36.18980951 45.01163791 43.43026955 52.46125901 52.81001756
  42.69402262 33.96962411 44.35766998 39.16026125 57.43614616 44.11450854
  41.10385177 43.95395343 43.18470662 39.22119661 44.55927551 38.58777172
  55.4459708  57.05916509 60.60816074 58.72828524 40.78983233 49.79253501
  37.98677199 38.0092399  68.04079484 56.70515598 53.5937294 ]
 [42.7860519  37.4650316  55.09621131 57.78339706 65.75092605 39.51109293
  30.13046652 32.35762756 26.5956612  28.33962325 50.67857894 39.11727321
  36.51047024 32.07277869 30.90666436 28.85680697 33.89390424 75.6425505
  34.92090841 27.08846253 40.37120169 41.95114384 31.05403551 32.12422528
  69.55120355 41.75453612 38.63067574 37.90040434 38.07717501 34.73399353
  36.39277846 28.49691501 79.13289522 82.34062374 67.0263884 ]
 [62.6056078  64.8476552  53.20200412 63.29817666 42.38417909 52.62979073
  33.62826486 38.06857604 33.18060027 34.10767165 49.37175356 61.97824881
  39.97069295 51.1124086  31.70423182 32.25936292 56.96134531 51.82228582
  28.54988473 34.82977963 44.8864819  57.83708689 38.06779014 44.0869522
  56.12672169 62.58138157 63.60691746 60.75049944 45.07981565 57.68547673
  31.69314147 32.46134387 62.40081419 72.40932747 53.0594706 ]
 [71.64917971 59.42749262 55.40489431 54.86003955 34.6207417  40.92530145
  27.45520937 33.2484412  29.68998102 31.13200135 47.14509069 45.64546458
  19.97808058 36.16509109 24.04889281 25.24348223 47.71707651 59.07379759
  26.0906394  31.26986781 40.38456355 42.88073511 23.69797094 32.31405238
  63.03765891 55.36866751 65.73088762 59.64523619 41.13748254 41.26225393
  21.66207172 24.11651132 75.28889107 62.10513428 60.57095639]
 [81.74375031 84.4196075  69.13295456 72.4658027  64.94184982 59.65854433
  57.09912832 55.44523304 50.35306638 56.76148521 72.76786825 70.4270231
  55.51498133 54.81663033 58.10360652 60.94330141 74.87998817 61.23784965
  64.52907423 56.65557026 70.79709452 68.39042048 56.87262591 83.93684692
  79.5129124  80.33384909 82.53168166 79.58197366 67.7367424  65.13389307
  61.47353585 63.1733354  79.35908285 87.22234712 67.30701699]
 [55.56122288 58.17241142 47.96389327 53.73713174 33.83571875 27.57416034
  35.58632086 40.59103818 32.77406295 35.54730098 35.91120106 39.64074936
  39.44688887 45.23096598 33.1543044  35.68071996 65.63650996 40.44144015
  41.35664798 31.80119305 36.31831344 37.6597664  32.09535124 31.94472526
  19.29169117 46.02188209 48.31680692 49.0331135  53.99680855 49.79707961
  35.60364588 44.4143614  46.50696314 73.63822559 56.32971715]
 [73.31778588 75.33536069 63.42034796 73.43973324 48.53454209 44.0428951
  37.11858942 36.27325515 41.51783482 42.96270656 57.69249221 66.1504667
  31.92100319 36.4801844  35.18687445 35.08387729 62.76692836 36.19607498
  41.17373458 44.6654132  51.61490841 64.25553495 33.88535818 31.03556999
  69.13162333 73.68153375 73.28577138 70.04162484 50.97359817 54.7623226
  31.64351965 33.16345895 80.35101511 77.49768115 57.15682934]
 [80.44993146 80.62921101 70.91809615 57.25358933 32.1895006  48.70479681
  36.29658401 46.39755105 48.24048653 52.20614067 69.43912736 63.49321418
  35.68787562 41.62327689 36.33161615 45.35395334 61.02344841 35.09867321
  42.79212375 50.30472574 47.56984541 45.0071419  28.861593   48.13016036
  78.02352528 71.54696923 79.67816651 72.87290833 60.53962891 53.35125772
  38.32040455 59.09578308 79.10165871 89.12294909 77.22023026]
 [74.16537198 71.38921917 98.19247071 94.41847657 97.60061383 95.21417622
  77.24806196 88.74014562 85.41332962 77.656246   86.856087   81.42866497
  94.92754094 72.6437333  82.27167946 86.23667338 91.25352476 97.15375933
  64.64923184 82.16771457 98.1657013  89.52729001 92.47623181 92.33157799
  88.61392958 79.60950514 70.39873564 75.4390545  91.13580678 91.35237507
  61.41452935 73.55063005 88.61585539 80.88551729 75.80353766]]