[[1.91568794e+01 2.23403716e+01 2.45530425e+01 2.28899545e+01
  1.32890733e+01 1.48412431e+01 1.68110756e+01 2.27960881e+01
  2.09236711e+01 1.72233203e+01 7.47039434e+00 7.74709956e+00
  4.48605394e+00 3.54733688e+00 7.69429688e+00 8.08463345e+00
  6.52077164e+00 1.10846022e-29 4.88490573e+00 1.77897305e+01
  1.09578759e+01 1.06567868e+01 9.43145487e+00 1.00611159e+01
  1.20140978e+01 1.86794289e+01 2.03509517e+01 1.04874655e+01
  3.28117781e+00 1.99232945e+00 2.57095131e+00 2.15639420e+00
  2.65135034e+01 4.05697986e+01 1.65682151e+01]
 [5.55412848e+01 7.99991126e+01 2.80196614e+01 3.82601923e+01
  2.04458763e+01 2.05760358e+01 2.02131299e+01 2.62949131e+01
  2.30800286e+01 2.09865704e+01 1.16565514e+01 2.19965534e+01
  5.06852500e+00 6.70279116e+00 1.11448320e+01 1.17653400e+01
  1.20398736e+01 8.31767067e-29 7.35936388e+00 2.04138673e+01
  1.64959837e+01 2.31551773e+01 1.27962347e+01 1.46581352e+01
  2.61490733e+01 3.91245257e+01 6.07341966e+01 2.84829944e+01
  4.49809514e+00 4.98638984e+00 4.00686137e+00 3.99898362e+00
  1.72839135e+01 2.87079918e+01 1.19434961e+01]
 [4.02613378e+01 3.98285050e+01 1.22587666e+01 1.25205703e+01
  7.75846845e+00 7.30465766e+00 7.09056933e+00 8.51098952e+00
  7.81209773e+00 7.83616096e+00 5.34298229e+00 5.08626274e+00
  1.88785273e+00 2.09769073e+00 3.67289571e+00 3.82343261e+00
  3.14108428e+00 2.28863887e-29 2.44793592e+00 7.16102998e+00
  5.32833965e+00 5.85571804e+00 4.63158773e+00 5.00372066e+00
  1.53705390e+01 2.46246761e+01 3.45597738e+01 1.03804390e+01
  1.06277986e+00 1.49246995e+00 1.30083612e+00 1.20756569e+00
  2.77864287e+01 1.44316363e+01 1.69052465e+00]
 [1.63771913e+01 2.86978783e+01 1.42069076e+01 2.02959262e+01
  1.10473299e+01 1.08901483e+01 1.05845967e+01 1.30772240e+01
  1.36958957e+01 1.39902982e+01 4.19067344e+00 8.30139393e+00
  1.78859139e+00 2.20878220e+00 4.77507920e+00 5.33805301e+00
  8.03090237e+00 4.12666341e-30 3.57414578e+00 1.27292827e+01
  6.11580607e+00 8.86761509e+00 6.20701542e+00 6.25328324e+00
  8.92397901e+00 1.59765268e+01 1.64689844e+01 1.43435686e+01
  1.95156060e+00 2.54047048e+00 1.68057892e+00 1.50570370e+00
  1.50108126e+01 2.06835374e+01 3.24606149e+00]
 [2.93218553e+02 4.05940577e+02 4.49431466e+01 4.87555704e+01
  1.16056266e+01 1.37448669e+01 1.49784519e+01 2.27559667e+01
  1.83261419e+01 1.85037242e+01 1.84745897e+01 2.16123409e+01
  3.29157367e+00 3.15956648e+00 7.05753158e+00 9.56176421e+00
  1.78057145e+01 9.09306415e-29 5.22426674e+00 1.69160867e+01
  1.25450248e+01 1.25927402e+01 7.48401461e+00 9.31080858e+00
  7.59855135e+01 8.55089743e+01 2.70929020e+02 6.19902492e+01
  4.41882529e+00 4.25332533e+00 1.99811074e+00 2.19856775e+00
  1.77325774e+02 3.32494507e+02 5.37893603e+00]
 [8.68254387e+00 7.61089313e+00 1.11223878e+01 7.79704745e+00
  9.67450228e+00 7.49623108e+00 1.01052461e+01 9.12340825e+00
  1.23839897e+01 1.02469365e+01 4.51795527e+00 3.30317152e+00
  2.96391062e+00 1.88535622e+00 5.32919858e+00 4.27482373e+00
  3.12254345e+00 6.54436512e-29 3.08938915e+00 1.07461924e+01
  1.71639907e+01 4.90163190e+00 6.35556518e+00 4.86213695e+00
  6.12015128e+00 4.93026994e+00 7.30778317e+00 4.22936221e+00
  2.20763579e+00 1.27309610e+00 2.02810172e+00 1.37082277e+00
  9.12371957e+00 6.00858432e+00 5.68463465e+00]
 [3.78193315e+01 5.13866327e+01 2.04203853e+01 4.67314757e+01
  1.75331164e+01 1.21535851e+01 1.64078731e+01 1.24184010e+01
  1.61194333e+01 1.51241453e+01 6.93305162e+00 1.28774401e+01
  5.84823481e+00 4.03939714e+00 9.82781819e+00 7.57385501e+00
  1.05972922e+01 1.55644389e-29 6.64358582e+00 1.50546132e+01
  1.38449436e+01 1.15966946e+01 1.21149664e+01 8.16642136e+00
  1.59607311e+01 4.06965468e+01 3.81168539e+01 1.80824169e+01
  3.67712089e+00 3.81543667e+00 3.87711891e+00 2.63879008e+00
  7.86986659e+01 6.60114754e+01 2.20134228e+01]
 [4.92232437e+01 6.02000834e+01 2.20324535e+01 2.57208653e+01
  1.68966091e+01 1.36835735e+01 2.09999449e+01 1.99141388e+01
  2.15989531e+01 1.79596662e+01 1.67546124e+01 1.49933700e+01
  4.52432560e+00 4.45862234e+00 1.23552681e+01 1.09599450e+01
  4.47325118e+01 2.21058017e-29 8.09931945e+00 1.91280785e+01
  1.12608307e+01 1.13518693e+01 1.22607565e+01 1.11492647e+01
  3.72183784e+01 3.15848307e+01 6.24623642e+01 7.12236014e+01
  1.03327316e+01 5.52318623e+00 4.04179886e+00 4.37062330e+00
  3.66629937e+01 2.44979389e+01 2.07787930e+01]
 [1.08955948e+01 1.33985211e+01 1.33988171e+01 1.13106210e+01
  1.09042732e+01 8.72140260e+00 1.39623274e+01 1.43557524e+01
  1.38575358e+01 1.33094271e+01 4.59881172e+00 4.13931485e+00
  3.46794053e+00 2.47240045e+00 6.75934541e+00 5.50109003e+00
  3.37172754e+00 1.29724815e-29 4.13718206e+00 1.35673012e+01
  7.36762185e+00 5.41664695e+00 7.66101911e+00 6.25942341e+00
  6.10937525e+00 6.42560748e+00 9.46179764e+00 4.69509155e+00
  1.91995649e+00 1.61369767e+00 2.66064186e+00 1.85059849e+00
  7.78501411e+00 1.16349034e+01 4.09935826e+00]
 [5.80099478e+00 7.59404730e+00 5.08719943e+00 5.21976087e+00
  3.67858169e+00 3.92730203e+00 6.34509958e+00 4.70523394e+00
  5.41078332e+00 5.35566545e+00 3.26403213e+00 8.25289127e+00
  1.30432378e+00 1.91622546e+00 2.50036106e+00 2.68992738e+00
  1.50250721e+00 8.54462078e-30 1.76709602e+00 5.08623767e+00
  2.72318922e+00 3.29398614e+00 2.90946029e+00 3.03965547e+00
  3.32784819e+00 4.67273469e+00 5.01729779e+00 2.90005112e+00
  9.08762240e-01 1.01305095e+00 1.03445088e+00 9.75491511e-01
  2.56754076e+00 2.74183539e+00 6.11322347e+00]
 [1.03568559e+01 1.44972963e+01 1.88955862e+01 1.49082109e+01
  1.68805964e+01 1.14928172e+01 1.37217143e+01 1.16162534e+01
  1.30961370e+01 1.19184845e+01 6.09117517e+00 6.68064282e+00
  3.98249620e+00 3.38298464e+00 7.23616912e+00 5.86951237e+00
  4.18801943e+00 4.21477212e-30 3.96764922e+00 1.15253139e+01
  1.08404968e+01 9.37481198e+00 9.32785300e+00 7.34412949e+00
  8.17887368e+00 1.11280552e+01 1.14929789e+01 6.90254139e+00
  2.10543086e+00 1.82877522e+00 2.62410822e+00 2.28525882e+00
  5.91372025e+00 5.97956166e+00 3.86367228e+00]
 [4.09063065e+01 4.38687573e+01 2.56757168e+01 2.94933842e+01
  2.66181185e+01 2.72803795e+01 2.78960167e+01 2.69914290e+01
  3.22906488e+01 3.15481136e+01 1.27140633e+01 1.45077383e+01
  7.95928959e+00 7.01096680e+00 1.71231875e+01 1.55975992e+01
  1.69553761e+01 4.58810731e-29 1.16224799e+01 3.15871444e+01
  1.81203028e+01 1.76881279e+01 1.99560975e+01 1.85116589e+01
  2.18377105e+01 2.36984230e+01 4.16678454e+01 2.26181662e+01
  8.05666209e+00 8.05581750e+00 6.63328424e+00 5.38814753e+00
  2.12964921e+01 2.33287031e+01 1.38309299e+01]
 [5.58713082e+00 5.11883947e+00 9.88061442e+00 6.97101822e+00
  8.50969921e+00 5.59701378e+00 7.86355812e+00 6.33675292e+00
  7.54331704e+00 7.08287809e+00 2.71332541e+00 2.72981859e+00
  2.15691808e+00 1.22977427e+00 3.96159782e+00 2.71146574e+00
  3.34988606e+00 2.68537795e-29 2.17727165e+00 7.00563497e+00
  4.55149452e+00 3.22698318e+00 5.17087540e+00 3.48094297e+00
  4.65804740e+00 3.19600756e+00 5.00996365e+00 4.01172626e+00
  1.41892998e+00 1.16221651e+00 1.50957915e+00 8.67965341e-01
  1.01776188e+01 1.91365774e+01 1.22465009e+01]
 [2.72731524e+01 2.69297279e+01 3.16860166e+01 3.10740181e+01
  3.27034140e+01 3.24210389e+01 3.17802350e+01 3.20010460e+01
  2.91591247e+01 3.19744539e+01 1.77707115e+01 1.85263360e+01
  6.30159105e+00 8.50369133e+00 1.75336528e+01 1.47761138e+01
  2.90827212e+01 5.30124476e-29 1.04540007e+01 2.84739621e+01
  1.79763245e+01 2.08718330e+01 2.07048723e+01 1.98875611e+01
  2.29815626e+01 2.17898362e+01 2.98907760e+01 3.40035452e+01
  9.91033562e+00 8.92798499e+00 6.84283383e+00 5.04587217e+00
  2.16090618e+01 1.14316966e+01 1.79004552e+01]
 [4.73068015e+01 3.16315598e+01 1.45701482e+01 1.40823562e+01
  9.06369682e+00 8.84241382e+00 1.30506596e+01 1.49886788e+01
  1.36284209e+01 1.45052553e+01 4.55865100e+00 5.23985402e+00
  2.66745452e+00 2.54564478e+00 6.47497992e+00 6.72994377e+00
  3.93368950e+00 2.14800942e-29 3.39964851e+00 1.22645845e+01
  6.27816038e+00 6.32616896e+00 7.03510076e+00 6.78323179e+00
  1.60421598e+01 1.78758776e+01 3.59883510e+01 1.23364847e+01
  1.79811889e+00 1.72961298e+00 2.33154052e+00 1.72154744e+00
  2.67402095e+01 1.62127913e+01 1.65214835e+01]
 [1.62327214e+01 3.72144482e+01 1.13564177e+01 1.64518329e+01
  1.01373193e+01 1.05806456e+01 1.12509143e+01 1.18899271e+01
  1.23310021e+01 1.11631031e+01 4.69353579e+00 7.70055641e+00
  2.50277787e+00 3.10834440e+00 6.18075757e+00 5.21529489e+00
  4.81358533e+00 1.08498564e-28 3.48045010e+00 1.08597636e+01
  6.14517578e+00 8.05092197e+00 7.12354082e+00 7.93602991e+00
  8.33252728e+00 1.87646065e+01 2.30852572e+01 1.03670934e+01
  1.64687503e+00 1.64316420e+00 2.13822477e+00 1.85808622e+00
  9.58208017e+00 2.14701312e+01 7.59335949e+00]
 [2.81203515e+01 1.34057496e+01 1.99021164e+01 1.01539091e+01
  1.12999577e+01 9.34120413e+00 9.82680209e+00 9.44012495e+00
  1.04294540e+01 9.51729616e+00 4.56459229e+00 3.00241103e+00
  3.12062645e+00 2.64056716e+00 5.78955077e+00 4.87092571e+00
  3.21798430e+00 1.56708296e-29 3.21765192e+00 9.62819017e+00
  9.97236623e+00 6.11194288e+00 6.54344299e+00 6.20253637e+00
  1.27375461e+01 6.10940228e+00 1.68627449e+01 5.85552215e+00
  1.62742910e+00 1.02268450e+00 1.96656671e+00 1.70756602e+00
  1.42868520e+01 6.67534098e+00 2.92274873e+00]
 [5.75302481e+02 6.27163930e+02 4.81432219e+01 4.56996960e+01
  2.03265036e+01 1.91481679e+01 2.10610190e+01 2.29392516e+01
  2.30550110e+01 2.40233383e+01 2.41024465e+01 3.20785801e+01
  5.36938440e+00 5.20188614e+00 1.23060168e+01 1.11569900e+01
  2.84286817e+01 5.51090106e-29 8.15644931e+00 2.21696454e+01
  1.40954089e+01 1.25704520e+01 1.34066712e+01 1.29787894e+01
  1.06829495e+02 1.28141183e+02 3.44139152e+02 1.06548926e+02
  7.86910633e+00 6.05478301e+00 5.23346109e+00 4.34341095e+00
  5.41527781e+02 4.05527673e+02 4.63845326e+00]
 [3.33895866e+01 3.93196411e+01 1.94082065e+01 1.80425117e+01
  2.12047941e+01 2.01718035e+01 3.02023071e+01 2.71217279e+01
  2.80249833e+01 2.66221295e+01 1.01154279e+01 1.04445442e+01
  5.54107906e+00 4.06312002e+00 1.32929641e+01 1.14633940e+01
  1.27217347e+01 7.56137723e-29 7.17472303e+00 2.60783163e+01
  1.23505129e+01 1.08042618e+01 1.66735413e+01 1.31671133e+01
  1.76233080e+01 1.97443641e+01 3.22310824e+01 2.02522792e+01
  4.05683120e+00 3.98253596e+00 4.65337257e+00 3.27297092e+00
  1.17312870e+01 1.73867118e+01 4.81011530e+01]
 [4.34272993e+01 1.05247599e+02 1.34617487e+01 2.13645597e+01
  9.52680165e+00 1.02889758e+01 1.14708525e+01 1.12316678e+01
  1.20666742e+01 1.20605517e+01 6.15703954e+00 9.46538979e+00
  3.48435934e+00 3.92180021e+00 6.98129180e+00 5.89916844e+00
  7.27699428e+00 9.19194201e-29 4.87307994e+00 1.19001081e+01
  6.70811515e+00 8.38806692e+00 7.44906036e+00 8.29836427e+00
  1.53941410e+01 3.52476985e+01 6.24183225e+01 1.88902266e+01
  2.74863385e+00 2.79938208e+00 3.26833575e+00 2.26168872e+00
  2.04215702e+01 2.61735441e+01 1.75923810e+01]]