[[3.81376719e+00 4.33353764e+00 2.61935676e+00 2.49175211e+00
  4.15234158e+00 3.25425004e+00 1.92138198e+00 1.53100690e+00
  1.55831346e+00 1.51696894e+00 8.74696891e-01 1.15633559e+00
  5.92942994e-01 4.25310238e-01 7.49187731e-01 6.72244353e-01
  5.71661986e-01 1.26403061e-30 4.41014686e-01 1.43771239e+00
  1.46113998e+00 1.30520385e+00 1.94711816e+00 9.32895848e-01
  1.92544074e+00 2.78069927e+00 4.33048396e+00 1.06365980e+00
  2.54128701e-01 2.94357260e-01 2.73697212e-01 1.98253664e-01
  3.50157776e+00 2.21774279e+00 3.01662550e+00]
 [2.67402253e+01 6.32003282e+01 1.23640090e+01 1.50751816e+01
  7.00536073e+00 3.12334233e+01 1.48337836e+00 5.09471413e+00
  2.09845133e+00 5.05173381e+00 2.27333811e+01 2.44408462e+01
  8.06300373e-01 1.47487875e+00 8.28988017e-01 9.38300845e-01
  4.54972338e+00 5.45792167e-29 6.78100613e-01 3.64095576e+00
  1.14449158e+01 1.16719858e+01 9.13938581e-01 1.73838950e+00
  4.56948513e+01 4.12826950e+01 3.24750219e+01 2.22252944e+01
  2.19547634e+00 2.82279069e+00 3.85413693e-01 3.62167178e-01
  2.83020062e+01 4.59850131e+01 4.83209498e+00]
 [2.59688973e+01 2.48361362e+01 4.41739075e+00 6.41076274e+00
  3.29313631e+00 9.71597692e+00 1.31401262e+00 2.09059768e+00
  2.05409663e+00 1.76892401e+00 2.53903120e+00 2.81573549e+00
  4.94926812e-01 6.47183028e-01 8.32243425e-01 9.78832688e-01
  1.77771511e+00 5.98651305e-30 5.89277151e-01 1.82876396e+00
  1.39539029e+00 3.80160654e+00 8.64071258e-01 1.61659782e+00
  1.24800139e+01 1.61365699e+01 2.21142310e+01 6.75741217e+00
  4.68222403e-01 3.46907334e-01 4.19999403e-01 3.48004599e-01
  1.98570336e+01 1.23385785e+01 1.19251364e+00]
 [3.02972475e+01 4.32295611e+01 4.31719339e+00 1.12088046e+01
  1.00826925e+01 1.13890030e+01 2.53228525e+00 3.75171603e+00
  5.97035575e+00 5.83227506e+00 2.48660591e+00 8.29354538e+00
  7.74344875e-01 2.28751262e+00 1.09222920e+00 1.05344413e+00
  1.57226059e+00 2.11546821e-30 6.53330662e-01 5.58769059e+00
  3.72510275e+00 5.46628043e+00 4.00995163e+00 2.70265173e+00
  1.71834106e+01 2.03979699e+01 2.13264277e+01 1.17095376e+01
  4.88090460e-01 9.92270074e-01 3.61478369e-01 2.91065910e-01
  2.35617282e+01 3.14914739e+01 5.45727611e+00]
 [5.44563247e+01 6.47442501e+01 8.54886428e+00 5.16776372e+00
  5.58003373e+01 3.57270145e+01 3.83483846e+00 2.99911139e+00
  6.33357583e+00 3.69074840e+00 3.99837439e+00 3.20994897e+00
  3.57211192e+00 8.69279020e-01 1.96843052e+00 1.60794394e+00
  3.09516313e+00 1.97073765e-29 8.89775981e-01 5.15654735e+00
  6.55146269e+00 1.80564081e+00 1.31984549e+01 6.33941962e+00
  1.42969273e+01 1.32435317e+01 4.77853956e+01 1.04944196e+01
  1.05625723e+00 8.06854714e-01 7.07204324e-01 4.61717156e-01
  4.14388442e+01 5.73796093e+01 3.12160824e+00]
 [4.15730946e+00 4.32455448e+00 4.12919771e+00 4.16014737e+00
  9.03687902e+00 2.45799263e+00 1.69669399e+00 1.29054577e+00
  2.17194618e+00 1.83007530e+00 1.56834710e+00 8.58798840e-01
  3.37520358e+00 8.58931812e-01 1.05008267e+00 6.84942944e-01
  5.32817694e-01 1.96601058e-29 4.42655579e-01 1.99694071e+00
  8.36283616e+00 6.61477945e+00 3.82464758e+00 1.59566033e+00
  4.14395608e+00 1.53132874e+00 3.91558706e+00 1.20387533e+00
  5.45555472e-01 3.06183657e-01 3.85455105e-01 2.66596179e-01
  7.01021404e+00 4.15552586e+00 5.14079380e+00]
 [1.00442261e+01 8.53805452e+00 3.66833086e+00 5.02230699e+00
  1.92813403e+01 7.29520684e+00 3.21823345e+00 2.11081425e+00
  3.95684891e+00 3.38583866e+00 1.62220517e+00 1.88463330e+00
  1.27647095e+00 1.00001203e+00 1.22786938e+00 1.10463812e+00
  1.33801395e+00 3.07685464e-30 8.71540786e-01 3.74254863e+00
  2.81645229e+00 2.31137576e+00 1.71160847e+00 1.21925830e+00
  4.71764604e+00 5.06139750e+00 7.88422234e+00 2.71572811e+00
  6.51641609e-01 6.25791697e-01 5.79575862e-01 4.49025503e-01
  2.43342892e+01 2.14575966e+01 6.10757376e+00]
 [1.51249018e+01 2.63397997e+01 3.25176208e+00 4.76793750e+00
  2.45399389e+00 4.12282257e+00 3.51612189e+00 3.80270024e+00
  1.73319240e+01 2.09555102e+01 2.62036536e+00 5.18598653e+00
  6.63855834e-01 6.19269847e-01 1.58735507e+00 1.62892849e+00
  1.43174813e+00 8.83427408e-30 1.13634798e+00 1.77075906e+01
  1.84671415e+00 2.21761614e+00 1.40947285e+00 1.66640302e+00
  8.47845562e+00 1.68563205e+01 1.55586783e+01 8.28040611e+00
  4.51469202e-01 4.69074782e-01 4.91329536e-01 4.63309483e-01
  2.17082058e+01 1.28316174e+01 1.69835485e+01]
 [1.70942903e+01 2.77182183e+01 1.13268417e+01 4.38241203e+00
  1.07751944e+00 5.06792668e+00 1.10926236e+00 2.15107003e+00
  1.98888553e+00 4.89932692e+00 3.30221289e+00 1.69968716e+00
  4.10363591e-01 5.29948692e-01 5.80250052e-01 7.44935081e-01
  1.57506121e+00 2.75076047e-30 4.59267501e-01 3.26400520e+00
  1.71560205e+00 1.36706105e+00 6.31991367e-01 1.07305094e+00
  1.10268713e+01 6.42163403e+00 1.80007873e+01 6.02854614e+00
  5.30446947e-01 4.15602331e-01 2.71665118e-01 2.61210942e-01
  1.24881327e+01 2.06010228e+01 2.56216638e+00]
 [1.15164720e+01 4.38490686e+00 3.76921045e+00 1.48281283e+00
  4.03439657e+00 1.05673130e+00 8.34939459e+00 1.37184964e+00
  2.50162812e+00 2.32229439e+00 2.51708358e+00 1.26668862e+00
  7.16614323e-01 4.22591654e-01 1.63282241e+00 6.18269155e-01
  7.53556326e-01 2.76740513e-30 4.39613739e-01 2.04114514e+00
  2.00815853e+00 9.08094429e-01 1.82049899e+00 7.08677358e-01
  1.66277915e+01 1.99011654e+00 2.38029087e+00 2.23115215e+00
  3.41729936e-01 2.70553688e-01 3.18179969e-01 2.36452513e-01
  4.28533560e+00 5.52280258e+00 5.30470086e+00]
 [2.15683052e+00 2.56788615e+01 2.54103747e+00 6.22519039e+00
  1.80169966e+00 4.12838734e+00 2.91586143e+00 7.69249643e+00
  7.60767968e+00 5.90183518e+00 2.95286143e+00 1.07578538e+01
  5.96992325e-01 1.09405602e+00 1.24107812e+00 1.24351966e+00
  1.03932842e+00 5.86741239e-30 6.52399154e-01 5.22799377e+00
  2.20006370e+00 9.51981099e+00 1.13258918e+00 1.45927331e+00
  5.94282381e+00 3.19603772e+01 6.19130185e+00 4.36274428e+00
  4.14924820e-01 9.95704381e-01 4.12671611e-01 4.18884985e-01
  8.71804629e+00 2.42579475e+01 4.65112449e+00]
 [1.50717226e+01 2.14659907e+01 4.09076975e+00 4.69470688e+00
  6.64821507e+00 8.38360692e+00 1.95569005e+00 2.87861416e+00
  2.40380720e+00 2.24835814e+00 2.22299075e+00 2.94945576e+00
  9.77485987e-01 7.76766505e-01 1.34411065e+00 1.23226583e+00
  1.60727843e+00 5.11818009e-30 8.38023268e-01 2.05637162e+00
  2.05497832e+00 1.76622941e+00 1.29850109e+00 1.77086630e+00
  7.57716085e+00 8.27830988e+00 1.60672863e+01 3.92337724e+00
  6.92518298e-01 7.36837961e-01 5.83633454e-01 4.47982749e-01
  9.00088810e+00 1.16080109e+01 1.46380626e+01]
 [2.41747619e+00 2.92555056e+00 2.80016101e+00 2.79199393e+00
  2.42291230e+00 2.71819178e+00 2.95252573e+00 4.54056432e+00
  5.67055561e+00 6.64470864e+00 1.42162228e+00 1.71178040e+00
  1.02677641e+00 7.34976815e-01 1.93689073e+00 1.74636538e+00
  8.30154156e-01 1.27911390e-29 1.20523557e+00 5.76179080e+00
  1.71867296e+00 1.88247764e+00 1.91212661e+00 2.05924611e+00
  1.94664108e+00 1.91016128e+00 2.57229870e+00 1.32326207e+00
  5.11306445e-01 5.65115144e-01 8.02760821e-01 5.19481638e-01
  2.77679685e+00 3.63820531e+00 6.11494327e+00]
 [3.41906992e+00 2.45301877e+00 2.12552266e+00 2.24706798e+00
  1.33250450e+00 1.58085099e+00 1.44098600e+00 1.77177918e+00
  1.97179531e+00 4.09918398e+00 1.19701344e+00 1.89164860e+00
  6.54808213e-01 7.76389533e-01 1.09645593e+00 1.10260768e+00
  9.28232944e-01 3.33921289e-30 7.44698269e-01 2.35547442e+00
  1.50476202e+00 1.47148336e+00 1.02353411e+00 1.32613063e+00
  2.66311460e+00 2.15841472e+00 3.95605703e+00 1.31376212e+00
  5.74672421e-01 6.80736910e-01 4.28154899e-01 4.15156494e-01
  3.18391137e+00 1.36166962e+00 5.79019335e+00]
 [7.07468090e+00 5.58819521e+00 2.63629569e+00 2.04717452e+00
  1.41261771e+00 1.13592807e+00 1.64741832e+00 1.46750939e+00
  2.75927445e+00 2.43278845e+00 7.21560057e-01 8.80980500e-01
  4.16987440e-01 3.60266149e-01 8.91459622e-01 6.51434334e-01
  5.92466538e-01 2.76934298e-30 3.98846438e-01 2.10023760e+00
  1.04850173e+00 8.74158401e-01 8.97140580e-01 7.39171667e-01
  2.89268334e+00 3.06254790e+00 6.28216564e+00 1.86825712e+00
  2.92898265e-01 2.93499597e-01 3.41792663e-01 1.99751648e-01
  4.05084829e+00 2.63815927e+00 4.67894296e+00]
 [2.18769662e+00 5.49896647e+00 1.76975504e+00 1.72921793e+00
  9.57828498e-01 9.35608880e-01 1.23589752e+00 1.16266272e+00
  1.01875358e+00 1.55412075e+00 8.04398889e-01 1.43807369e+00
  3.52100275e-01 3.71011530e-01 5.70544378e-01 5.46439311e-01
  6.05448953e-01 9.04931953e-30 2.98242783e-01 1.27923293e+00
  1.26201966e+00 1.20729782e+00 6.52161537e-01 7.43764704e-01
  1.35012274e+00 2.96783421e+00 3.34070004e+00 1.46913297e+00
  2.80866965e-01 2.80550618e-01 2.29006554e-01 2.01568331e-01
  1.89905273e+00 4.31530822e+00 1.97719448e+00]
 [8.59625685e+00 5.09511480e+00 3.65450404e+00 2.38423400e+00
  5.05787034e+00 8.49797380e+00 4.61651587e+00 5.17816139e+00
  8.60067464e+00 1.02796714e+01 1.34978259e+00 1.36617582e+00
  2.10956050e+00 1.32945174e+00 1.50555824e+00 1.56230430e+00
  5.70220841e-01 1.12075309e-29 6.94053907e-01 1.06207496e+01
  3.62530192e+00 4.59886900e+00 2.31018333e+00 3.89956172e+00
  4.63099648e+00 3.55141117e+00 5.26105093e+00 1.37602449e+00
  4.58623541e-01 3.88713020e-01 4.35442608e-01 3.72921721e-01
  7.59641029e+00 3.71226759e+00 1.89608747e+00]
 [1.22460285e+02 1.46202191e+02 1.83861263e+01 1.28369019e+01
  6.65038157e+01 1.93902645e+01 6.91706622e+00 6.32789542e+00
  7.13444295e+00 9.16035531e+00 8.41502943e+00 9.98158670e+00
  6.43689559e+00 3.39139368e+00 2.98098109e+00 3.05319327e+00
  5.03917703e+00 2.01477676e-29 1.99440141e+00 8.61293564e+00
  2.71589093e+01 5.99841121e+00 1.25260148e+01 7.59674971e+00
  2.58841422e+01 3.35225044e+01 7.54074107e+01 2.16449549e+01
  2.15019008e+00 1.77275874e+00 1.20145309e+00 1.09615522e+00
  1.66074622e+02 1.03029071e+02 2.46663592e+00]
 [8.68515080e+00 1.92194547e+01 2.05166220e+00 1.22399500e+00
  1.30008447e+00 2.30697366e+00 1.00380741e+00 1.36691234e+00
  1.54140064e+00 3.23079899e+00 8.83236425e-01 1.93306867e+00
  2.77854243e-01 3.06287096e-01 4.69235466e-01 7.00186376e-01
  6.16165660e-01 4.44311043e-30 3.74216732e-01 2.33160509e+00
  6.83660893e-01 7.75152086e-01 4.96536840e-01 5.76697331e-01
  2.67487779e+00 4.60280792e+00 7.55055866e+00 1.92584430e+00
  2.62050719e-01 2.62044318e-01 2.11032188e-01 1.96656898e-01
  3.87845681e+00 6.64899152e+00 1.97515515e+01]
 [1.68423451e+01 3.59811518e+01 2.75511743e+00 5.36033271e+00
  4.43161995e+00 3.35402063e+00 3.71802057e+00 4.05341753e+00
  4.26321096e+00 4.16522514e+00 1.63789550e+00 2.58527811e+00
  8.81728629e-01 1.15103290e+00 1.41920694e+00 1.36710120e+00
  1.72467307e+00 1.72224701e-29 8.53655566e-01 3.91764993e+00
  1.74380794e+00 1.75776665e+00 1.79498183e+00 1.77108507e+00
  6.20046023e+00 1.11604421e+01 2.33742423e+01 6.31562020e+00
  6.47798500e-01 7.63311234e-01 6.30921225e-01 4.75633290e-01
  9.37456381e+00 1.02927174e+01 5.90983359e+00]]