[[7.69592294e+01 1.82366762e+02 2.43576756e+02 2.83003663e+02
  5.92837167e+01 1.16042351e+02 5.47596463e+01 8.94441308e+01
  7.47785924e+01 5.50986363e+01 3.89111109e+01 5.53202334e+01
  1.78501220e+01 1.43465872e+01 2.53908265e+01 2.48355099e+01
  1.76398168e+01 8.73900981e-29 1.62463557e+01 5.83301811e+01
  8.87427457e+01 8.38011201e+01 3.41404958e+01 3.69748687e+01
  8.29030434e+01 2.91611693e+02 1.07219949e+02 3.54314749e+01
  1.14097312e+01 1.02912589e+01 7.75805064e+00 6.79703117e+00
  6.03318435e+02 7.92910367e+02 1.65890290e+02]
 [2.87452943e+02 3.83512376e+02 7.64230800e+01 1.62370129e+02
  4.71150897e+01 5.27203847e+01 4.22209366e+01 6.04224887e+01
  6.63856578e+01 7.02376814e+01 4.11759853e+01 9.09996532e+01
  1.21819386e+01 1.43566194e+01 2.37411583e+01 2.72485989e+01
  4.04038991e+01 2.82041448e-28 2.00951474e+01 7.06219084e+01
  5.05393971e+01 7.51568401e+01 2.72543232e+01 3.05304143e+01
  1.24865572e+02 2.04699081e+02 3.11908873e+02 1.33821667e+02
  1.34944712e+01 1.46705673e+01 8.82987919e+00 8.88449093e+00
  2.26613048e+02 9.41933771e+01 6.48406997e+01]
 [4.35967902e+02 3.32344397e+02 3.42352100e+02 1.68104125e+02
  3.95882384e+01 3.04650104e+01 2.77027888e+01 3.21049266e+01
  3.12737519e+01 2.69978527e+01 8.83796761e+01 2.31360733e+01
  1.05586372e+01 7.00580802e+00 1.51272981e+01 1.24213453e+01
  2.02392023e+01 1.50623025e-28 9.80221913e+00 2.60530752e+01
  3.54248843e+01 2.03677186e+01 1.90209850e+01 1.44529243e+01
  2.97116488e+02 1.98944985e+02 3.20498213e+02 5.17151532e+02
  7.40387505e+00 8.56792153e+00 6.34863205e+00 4.97695709e+00
  4.01185238e+02 2.20774384e+02 1.07275909e+01]
 [5.97978696e+01 1.45194132e+02 1.95635379e+02 3.52347701e+02
  5.38811071e+01 5.88575895e+01 2.39765953e+01 3.25332262e+01
  3.14391506e+01 3.10031915e+01 2.15188513e+01 5.02950081e+01
  8.87293627e+00 1.13831747e+01 1.00844320e+01 1.15830566e+01
  1.06310046e+01 1.63408423e-29 6.91088886e+00 2.85339913e+01
  4.57219733e+01 7.62924384e+01 1.86256841e+01 2.01653670e+01
  5.13977847e+01 1.30739609e+02 7.12415751e+01 3.28347950e+01
  5.47296524e+00 8.69349040e+00 3.58232118e+00 3.13572476e+00
  3.75009585e+02 5.87110338e+02 1.90905508e+01]
 [4.39783803e+03 4.35506491e+03 8.77229758e+02 1.84118733e+02
  4.88765161e+01 7.31444940e+01 3.77227121e+01 8.60364247e+01
  6.33131785e+01 7.99444838e+01 2.67692032e+02 1.20186947e+02
  2.58921664e+01 1.13350905e+01 2.36535212e+01 4.94505958e+01
  1.83721969e+02 9.43819482e-28 2.71871354e+01 6.95573137e+01
  1.68322726e+02 4.22797265e+01 2.12973344e+01 4.36035735e+01
  1.25006958e+03 7.09198386e+02 3.40693361e+03 7.24169067e+02
  4.95655471e+01 2.18516447e+01 6.56679854e+00 1.37945765e+01
  2.14872949e+03 5.27450193e+03 3.44524753e+01]
 [4.46152621e+01 9.02040959e+01 7.34924505e+01 6.23455078e+01
  9.19139611e+01 2.62999097e+01 2.51807000e+01 3.24351966e+01
  4.01702349e+01 3.80404837e+01 1.87256674e+01 1.41803054e+01
  9.41843991e+00 6.72958565e+00 1.55878372e+01 1.76091713e+01
  9.89675127e+00 2.20380125e-28 1.25256539e+01 3.85881254e+01
  8.37452416e+01 1.81126272e+01 1.81297347e+01 1.57651612e+01
  6.66259830e+01 6.93311709e+01 3.44243939e+01 2.21948213e+01
  6.59804085e+00 4.83681637e+00 7.21301150e+00 5.56995979e+00
  1.21559214e+02 5.88941494e+01 1.92614970e+01]
 [1.74128043e+03 7.24408932e+02 6.40757289e+02 9.53335644e+02
  6.77949471e+01 5.92437509e+01 8.17860523e+01 5.51827643e+01
  6.69889121e+01 7.44993336e+01 7.54144643e+01 1.15315968e+02
  1.88204639e+01 2.50197616e+01 3.95776953e+01 3.01735917e+01
  1.07909062e+02 1.74156237e-27 2.66481698e+01 8.29309601e+01
  1.54709554e+02 7.39590893e+01 4.99543853e+01 3.23283169e+01
  6.13992706e+02 6.85313140e+02 1.27721183e+03 3.30405078e+02
  2.25245269e+01 6.42027540e+01 1.64726284e+01 1.28059756e+01
  5.33554030e+03 9.06368458e+03 3.56495170e+02]
 [3.01989715e+02 2.91932337e+02 6.84185683e+01 8.22859760e+01
  3.38474401e+01 3.60211945e+01 3.61829058e+01 3.61727385e+01
  4.20598083e+01 4.24247902e+01 3.57344575e+01 3.71229833e+01
  1.35818916e+01 1.00212170e+01 2.26908515e+01 2.38286522e+01
  2.96429256e+01 5.81404859e-29 1.89328959e+01 4.06926940e+01
  2.34087731e+01 3.07175765e+01 2.34288431e+01 2.01734368e+01
  8.35055833e+01 1.11852184e+02 2.10709194e+02 9.95298379e+01
  1.10379033e+01 9.85830326e+00 9.67911134e+00 1.04905125e+01
  9.21480208e+02 3.48399519e+02 1.38022090e+02]
 [1.10679483e+02 1.24619403e+02 3.58764959e+01 5.63220972e+01
  2.77934662e+01 2.52252685e+01 3.26357728e+01 3.66643050e+01
  4.42405774e+01 4.95688815e+01 1.88274440e+01 1.68441333e+01
  9.83166228e+00 7.25842332e+00 1.85184039e+01 1.86748348e+01
  1.53785921e+01 3.69638136e-29 1.35552378e+01 4.51973359e+01
  2.37398012e+01 1.76677676e+01 1.96708969e+01 1.94242590e+01
  3.23066625e+01 3.81332010e+01 8.85204676e+01 2.73085400e+01
  8.72428045e+00 6.55442628e+00 6.67832483e+00 6.12802904e+00
  2.13276075e+02 2.46064366e+02 2.07750999e+01]
 [1.25685923e+02 2.34254533e+02 5.61863033e+01 1.20938457e+02
  5.61779165e+01 4.88034590e+01 8.13738754e+01 1.73606655e+02
  4.81916934e+01 1.13714131e+02 3.90812542e+01 7.86774811e+02
  1.03286747e+01 1.75730297e+01 2.20014971e+01 2.17571152e+01
  1.96117770e+01 1.01324010e-27 2.41358466e+01 1.38836749e+02
  2.14103054e+02 3.26205727e+02 6.30205455e+01 1.29459874e+02
  4.20624243e+01 5.78115286e+02 6.26765502e+01 5.83718123e+01
  8.50005441e+00 2.57314820e+01 9.59986742e+00 8.72204429e+00
  3.50795867e+02 2.22520193e+02 1.00634473e+02]
 [5.22766103e+01 8.69087975e+01 2.47727363e+02 2.37342152e+02
  6.42111307e+01 4.36590348e+01 4.58210800e+01 3.77810738e+01
  5.03688804e+01 4.16563838e+01 3.88426204e+01 6.65615626e+01
  9.46861434e+00 1.04463993e+01 2.04814611e+01 1.66865037e+01
  2.59539880e+01 5.60001782e-29 1.13880908e+01 4.47542859e+01
  3.95321899e+01 3.85516023e+01 2.53991019e+01 2.27407965e+01
  1.11839451e+02 1.36451825e+02 7.12335519e+01 5.36075734e+01
  9.63964237e+00 8.49915383e+00 6.16660854e+00 9.05256474e+00
  1.14185854e+02 7.87599400e+01 2.36967527e+01]
 [2.01949269e+02 2.32858261e+02 6.84992674e+01 6.95731562e+01
  4.76726579e+01 3.93406677e+01 4.00460018e+01 3.50934111e+01
  5.42579179e+01 4.81710036e+01 3.25663096e+01 3.39880615e+01
  1.75603065e+01 9.52938410e+00 2.66971626e+01 1.94890304e+01
  3.43781958e+01 7.60904060e-29 1.55881273e+01 4.50476778e+01
  3.57130701e+01 3.10917564e+01 3.42442147e+01 4.42723273e+01
  8.52400726e+01 7.98660222e+01 1.99625406e+02 6.53713236e+01
  1.02804762e+01 1.60468972e+01 7.97072414e+00 7.78354047e+00
  7.93760332e+01 2.17460725e+02 8.49603224e+01]
 [2.06693634e+01 2.27804840e+01 2.38369896e+01 2.19137081e+01
  2.03756260e+01 1.09752359e+01 1.09269007e+01 1.18644800e+01
  1.15051896e+01 1.26547153e+01 9.01011654e+00 7.43447359e+00
  4.48648649e+00 3.30352454e+00 6.45915642e+00 5.23983577e+00
  4.76688428e+00 1.33150929e-28 5.76173108e+00 1.23061440e+01
  8.59042647e+00 8.93355462e+00 8.71442215e+00 7.11382894e+00
  1.75628141e+01 9.81561452e+00 2.03216898e+01 8.34879061e+00
  5.26863572e+00 2.53248281e+00 3.05234974e+00 1.79540605e+00
  2.22640562e+02 7.93023029e+02 1.45802549e+02]
 [4.43097579e+01 3.99117744e+01 4.05449322e+01 4.45296839e+01
  4.11413825e+01 3.23322020e+01 2.60713644e+01 2.68793837e+01
  2.49875092e+01 2.50679356e+01 1.11274457e+01 1.68901877e+01
  5.34940795e+00 6.46631666e+00 1.41311629e+01 1.07318484e+01
  1.02213938e+01 4.51966352e-29 9.37630308e+00 2.16443281e+01
  1.96559119e+01 2.00927698e+01 1.57158964e+01 1.68053744e+01
  2.43618835e+01 2.75989865e+01 3.44104159e+01 1.62166816e+01
  1.12219047e+01 5.10033511e+00 4.41795871e+00 3.70355522e+00
  7.02039032e+01 3.46064496e+01 7.83897760e+01]
 [3.88242450e+02 1.75589967e+02 1.01436522e+02 9.11341603e+01
  2.94546238e+01 3.40507998e+01 3.50189809e+01 4.26025841e+01
  4.46272827e+01 4.58396402e+01 2.56407625e+01 2.38590695e+01
  9.85369891e+00 8.92551596e+00 2.07966708e+01 2.06710773e+01
  2.24737007e+01 7.27955878e-29 1.59361430e+01 4.18684968e+01
  3.13944001e+01 2.94909182e+01 2.03280060e+01 2.01373599e+01
  1.18496165e+02 9.37724321e+01 2.42930368e+02 7.88676433e+01
  9.92076414e+00 8.07572322e+00 8.56845883e+00 6.34150573e+00
  3.13446228e+02 2.42528473e+02 1.50686892e+02]
 [6.17656696e+01 1.76048987e+02 3.27939085e+01 4.89904937e+01
  2.75180576e+01 2.20521727e+01 2.71756349e+01 2.57488062e+01
  3.11605220e+01 3.15410892e+01 1.59044105e+01 2.64991938e+01
  7.18213204e+00 6.70882125e+00 1.49618402e+01 1.24740255e+01
  1.45391045e+01 2.59018242e-28 1.18961724e+01 3.16110420e+01
  2.13528023e+01 2.81002128e+01 1.65500466e+01 2.32999693e+01
  3.32197013e+01 7.40751678e+01 1.03501023e+02 3.72280730e+01
  4.84898177e+00 4.79380391e+00 5.24251903e+00 4.84806222e+00
  4.80065380e+01 1.33708419e+02 3.63246793e+01]
 [7.54518580e+01 4.01886949e+01 4.80496062e+01 2.24292550e+01
  1.98666628e+01 1.79555286e+01 2.22642454e+01 1.98882729e+01
  2.87725211e+01 2.66205596e+01 7.74967015e+00 9.63231037e+00
  8.64875408e+00 5.75426912e+00 1.34087955e+01 9.42457910e+00
  9.64693974e+00 3.07476664e-29 8.93350676e+00 3.00130737e+01
  1.57486420e+01 1.40092025e+01 1.58080147e+01 1.26420380e+01
  2.64324184e+01 2.45944547e+01 5.39456666e+01 1.58372666e+01
  3.83038438e+00 2.94396428e+00 6.54784282e+00 4.65516567e+00
  7.07643641e+01 2.24517416e+01 1.52701141e+01]
 [3.51501535e+03 3.78857604e+03 4.46284135e+02 5.07037527e+02
  1.42057471e+02 1.22538670e+02 4.75063823e+01 6.28983579e+01
  7.05389299e+01 7.19669617e+01 1.41361839e+02 1.62672320e+02
  1.92190868e+01 1.74747528e+01 2.61186843e+01 3.22668813e+01
  1.15138997e+02 3.05405481e-28 2.49840122e+01 7.03509713e+01
  1.33254273e+02 8.96722063e+01 3.04465586e+01 4.01215269e+01
  6.56870751e+02 6.79353080e+02 2.03941705e+03 5.61655088e+02
  3.31010776e+01 2.08037986e+01 1.16047995e+01 1.26279823e+01
  3.65022904e+03 3.38254245e+03 2.32742276e+01]
 [1.32295320e+02 2.02849551e+02 4.29190745e+01 4.57520758e+01
  3.96251789e+01 3.23160579e+01 4.12596404e+01 3.45826406e+01
  4.78352951e+01 4.35837243e+01 1.92439167e+01 2.65529462e+01
  7.67097404e+00 5.55003823e+00 1.79203355e+01 1.57693527e+01
  1.60452836e+01 1.02932042e-28 1.02324721e+01 4.63211386e+01
  2.33712646e+01 2.09859861e+01 2.39735201e+01 2.31622875e+01
  4.61488201e+01 6.87382175e+01 1.34066341e+02 4.25878590e+01
  5.42772324e+00 6.50150689e+00 5.80835212e+00 4.20823856e+00
  6.01693288e+01 1.07345950e+02 1.76072917e+02]
 [4.28986748e+02 9.10589428e+02 2.24761428e+03 7.37138364e+02
  1.32658869e+03 6.05981659e+02 1.60714427e+02 3.79027256e+02
  1.08612680e+02 1.50080017e+02 4.78770598e+01 8.93137378e+01
  3.15170945e+01 2.02919902e+01 3.02904338e+01 2.32406054e+01
  7.10837863e+01 5.87946534e-27 2.31630656e+01 1.47108919e+02
  1.11559160e+03 4.19356725e+02 7.37669264e+01 1.27168635e+02
  1.88057628e+02 2.93407358e+02 4.93930319e+02 4.11008761e+02
  1.49142555e+01 1.31671937e+01 1.19619894e+01 6.62378693e+00
  1.44324194e+02 3.16320685e+02 1.40645032e+02]]