[[9.45462805e+00 1.08068675e+01 6.81327880e+00 5.78580722e+00
  9.07350024e+00 8.31132204e+00 9.89027770e+00 1.28285536e+01
  1.37069654e+01 1.05492671e+01 2.65238872e+00 2.97728446e+00
  1.94075310e+00 1.81944108e+00 4.85677818e+00 5.08121000e+00
  1.77428439e+00 7.38457709e-30 2.90373503e+00 1.11424275e+01
  3.88756826e+00 3.69349062e+00 5.70840056e+00 5.38122995e+00
  5.41874329e+00 7.11285547e+00 1.00228668e+01 3.19705366e+00
  9.10386414e-01 8.94803876e-01 1.45888376e+00 1.25050381e+00
  7.79077380e+00 4.29669115e+00 1.01579538e+01]
 [4.37429646e+01 1.05502594e+02 2.02266089e+01 2.60086797e+01
  1.09918387e+01 3.96782115e+01 5.26318161e+00 1.07375292e+01
  7.29246237e+00 8.71880975e+00 3.05400598e+01 3.85211714e+01
  2.62338707e+00 3.48206033e+00 2.95745590e+00 3.03572979e+00
  7.55649832e+00 9.03047811e-29 1.94852597e+00 7.68742878e+00
  2.09364490e+01 1.91932241e+01 3.28078629e+00 4.10239904e+00
  6.86948734e+01 6.12733700e+01 5.38304201e+01 3.42773198e+01
  3.91202178e+00 5.51567319e+00 1.12258707e+00 1.02695370e+00
  3.15356803e+01 6.69451955e+01 6.25540693e+01]
 [7.06557363e+01 6.69512413e+01 1.48697672e+01 1.74820182e+01
  1.02225308e+01 1.87291884e+01 9.59197506e+00 1.17575537e+01
  1.37993094e+01 1.34387890e+01 8.61964004e+00 8.26233950e+00
  3.78668810e+00 3.93646299e+00 6.84315898e+00 7.18389349e+00
  5.23212423e+00 2.94672618e-29 4.75304175e+00 1.21155475e+01
  6.98551539e+00 1.04208413e+01 6.85474016e+00 8.10008962e+00
  3.14772052e+01 4.12026288e+01 5.98103993e+01 1.84412598e+01
  2.29022435e+00 2.40041914e+00 3.20971828e+00 2.37617648e+00
  5.30546840e+01 2.78568524e+01 3.38464526e+00]
 [6.19124199e+01 5.78372607e+01 1.18525194e+01 1.57914134e+01
  1.94957507e+01 1.85532713e+01 1.32960446e+01 1.91018888e+01
  2.38749038e+01 2.40386591e+01 7.10163938e+00 1.23379121e+01
  2.38531279e+00 3.05839200e+00 6.59841445e+00 7.72470518e+00
  3.81035886e+00 5.07345689e-30 3.91681283e+00 1.98899110e+01
  8.00893969e+00 9.99533445e+00 8.77815356e+00 8.06663538e+00
  3.12165685e+01 2.72434741e+01 3.19641173e+01 1.75852211e+01
  1.80676946e+00 2.18191008e+00 1.83589236e+00 1.69967608e+00
  4.30737432e+01 3.54672046e+01 8.86261387e+00]
 [1.14921076e+02 1.38420618e+02 1.97956264e+01 1.27367611e+01
  4.96442060e+01 3.81903857e+01 1.75712764e+01 2.11771836e+01
  2.24496589e+01 1.92141570e+01 9.88152475e+00 8.90433736e+00
  5.55936280e+00 3.51872581e+00 9.63663078e+00 1.19024815e+01
  8.08080232e+00 3.92601280e-29 5.55699782e+00 1.88077595e+01
  1.04891872e+01 5.99846125e+00 1.63383206e+01 1.29504578e+01
  3.22424105e+01 3.06068495e+01 1.00584455e+02 2.46520690e+01
  3.01177461e+00 2.43692258e+00 2.93842823e+00 2.73839613e+00
  7.82333434e+01 1.19914343e+02 6.04508813e+00]
 [7.31440144e+00 6.83015936e+00 7.48033142e+00 6.17501611e+00
  1.23156021e+01 4.22302821e+00 5.98691238e+00 6.96155914e+00
  8.86057463e+00 6.75384560e+00 2.84525072e+00 2.22841739e+00
  3.48655166e+00 1.43695129e+00 3.43567419e+00 2.66624444e+00
  1.29867154e+00 3.71566280e-29 1.82736248e+00 7.03543850e+00
  7.56416813e+00 7.58705578e+00 5.34088554e+00 3.01890962e+00
  6.33750353e+00 3.39503140e+00 6.55744850e+00 2.44898221e+00
  1.14830880e+00 8.10864473e-01 1.33404996e+00 7.92750975e-01
  8.28393989e+00 5.46784061e+00 7.07603954e+00]
 [2.28916737e+01 2.32191190e+01 1.18195539e+01 1.61663702e+01
  2.62886407e+01 1.38644773e+01 1.51573760e+01 1.25461122e+01
  1.82914630e+01 1.73322692e+01 7.27438599e+00 7.91008881e+00
  5.19147297e+00 4.64931780e+00 9.53934206e+00 8.40797892e+00
  5.15203988e+00 6.94558075e-30 6.89365983e+00 1.71135549e+01
  8.96515662e+00 9.10717877e+00 9.63463266e+00 7.88759261e+00
  1.31098604e+01 1.55169864e+01 2.15851812e+01 9.39318177e+00
  3.98416657e+00 3.35640463e+00 4.15845179e+00 3.15483034e+00
  2.90039734e+01 2.98035259e+01 1.83561603e+01]
 [2.52547425e+01 4.68548227e+01 6.66685622e+00 8.07564952e+00
  5.43739178e+00 7.74956443e+00 9.40476974e+00 1.47179594e+01
  2.41899350e+01 2.66298485e+01 5.15702696e+00 7.96768211e+00
  2.72933427e+00 2.01148791e+00 6.08425750e+00 6.59562693e+00
  3.12483594e+00 1.63895905e-29 3.75336155e+00 2.33816888e+01
  3.92830505e+00 4.25857553e+00 4.74882665e+00 5.35530011e+00
  1.40844552e+01 2.48606242e+01 2.68228210e+01 1.18734843e+01
  1.39275090e+00 1.26267023e+00 2.19868342e+00 1.84049308e+00
  3.34448788e+01 2.01597663e+01 2.93788401e+01]
 [3.03110910e+01 3.93963728e+01 1.97656736e+01 1.05575386e+01
  5.96401410e+00 1.07863136e+01 7.69116768e+00 9.19757444e+00
  1.00742308e+01 1.47889400e+01 7.25211751e+00 4.58335979e+00
  2.75918317e+00 2.19649149e+00 4.81055179e+00 4.62034111e+00
  3.56640947e+00 9.71084191e-30 3.22361416e+00 1.19263338e+01
  5.42805693e+00 5.16484916e+00 4.80439985e+00 4.73758380e+00
  1.65434837e+01 1.08888568e+01 2.58254337e+01 9.34728818e+00
  1.76311879e+00 1.78017341e+00 2.14344674e+00 1.52868672e+00
  1.99082378e+01 3.22125980e+01 4.98501351e+00]
 [2.01539074e+01 9.76982428e+00 8.41448098e+00 3.57553885e+00
  6.73169896e+00 3.46113635e+00 1.40023083e+01 5.72865657e+00
  8.17399246e+00 7.63377614e+00 6.04542009e+00 3.97228732e+00
  1.84118195e+00 1.47843504e+00 4.24005412e+00 2.79967706e+00
  1.78738651e+00 8.37597753e-30 1.91173235e+00 7.14674596e+00
  4.65036477e+00 2.42916668e+00 4.37463755e+00 2.73097767e+00
  2.79247199e+01 4.76690551e+00 5.66002344e+00 4.77689411e+00
  1.04039634e+00 9.53304373e-01 1.34195096e+00 9.38172493e-01
  8.73999151e+00 7.72273463e+00 1.04010070e+01]
 [7.65141564e+00 4.79429501e+01 1.02555973e+01 1.38764153e+01
  8.98885710e+00 9.97469786e+00 1.19084154e+01 1.49849171e+01
  1.99362986e+01 1.57506511e+01 7.37167177e+00 2.02557250e+01
  3.93841402e+00 4.87902909e+00 7.77105543e+00 6.49575223e+00
  3.78282066e+00 1.01873240e-29 4.47921307e+00 1.55158297e+01
  7.42142043e+00 1.81960488e+01 7.33864794e+00 6.89373614e+00
  1.24805320e+01 5.10876305e+01 1.44335036e+01 8.92843577e+00
  2.13171152e+00 2.82282979e+00 2.95913516e+00 2.70898338e+00
  1.41466915e+01 3.73770473e+01 8.91734217e+00]
 [2.72146384e+01 3.87290088e+01 1.08764394e+01 1.24572704e+01
  1.54079286e+01 1.63135149e+01 1.26346820e+01 1.38374577e+01
  1.92450209e+01 1.86745229e+01 6.27909532e+00 6.87034890e+00
  6.53635909e+00 4.20520302e+00 9.39099696e+00 8.73314887e+00
  4.71208818e+00 2.09900738e-29 5.73764243e+00 1.60940826e+01
  7.74356770e+00 6.82229699e+00 8.88954501e+00 9.05648793e+00
  1.36240811e+01 1.64757469e+01 2.85297427e+01 9.37956054e+00
  3.28537820e+00 2.75945401e+00 3.85807918e+00 2.96680150e+00
  2.05583239e+01 2.12297944e+01 2.31761194e+01]
 [7.39225782e+00 8.22548871e+00 1.12639326e+01 1.14856727e+01
  1.10148235e+01 1.03406973e+01 1.58898396e+01 1.59322985e+01
  1.94588282e+01 1.78169103e+01 6.39946914e+00 6.52420736e+00
  4.50073156e+00 3.21256548e+00 9.12411283e+00 6.84605327e+00
  3.43829849e+00 4.68084907e-29 4.85693197e+00 1.64732499e+01
  7.52771237e+00 7.87694795e+00 9.14321290e+00 8.09982089e+00
  7.29311971e+00 6.58890053e+00 7.22192770e+00 4.63120968e+00
  2.45596396e+00 2.21584020e+00 3.46217630e+00 2.01697337e+00
  9.04417125e+00 1.14415392e+01 1.87600183e+01]
 [1.19947005e+01 9.91032130e+00 9.93119417e+00 9.09046400e+00
  1.07626602e+01 9.32504140e+00 1.53458605e+01 1.82363784e+01
  1.60907668e+01 2.48806529e+01 5.86927862e+00 6.47447483e+00
  4.49896343e+00 3.58436966e+00 9.49060143e+00 8.96044978e+00
  3.80467551e+00 2.18633938e-29 4.84647189e+00 1.54907261e+01
  7.17174754e+00 6.56132092e+00 9.53108179e+00 8.12946872e+00
  8.23955085e+00 8.10294415e+00 1.19689098e+01 5.61952026e+00
  2.62316528e+00 2.51287157e+00 3.14286398e+00 2.89971797e+00
  9.39505229e+00 4.21899426e+00 1.50456436e+01]
 [2.16651362e+01 1.71376993e+01 8.89252991e+00 7.34339184e+00
  7.71992203e+00 6.36106701e+00 1.46294404e+01 1.34660556e+01
  1.92138823e+01 1.87706757e+01 3.54623810e+00 3.93661501e+00
  3.24879354e+00 2.35496720e+00 7.98378593e+00 6.15292660e+00
  2.79863606e+00 1.56189176e-29 3.50479938e+00 1.66009578e+01
  4.83034298e+00 4.28322251e+00 7.50460816e+00 5.49148612e+00
  9.25691732e+00 1.01588989e+01 1.82235518e+01 6.59010520e+00
  1.69855788e+00 1.65679725e+00 2.88590967e+00 1.57836955e+00
  1.20444289e+01 7.02971197e+00 1.72396753e+01]
 [5.96755426e+00 1.41649927e+01 3.92112906e+00 4.50853132e+00
  3.64366016e+00 3.67407132e+00 5.85021503e+00 6.33297800e+00
  9.42732509e+00 8.47252399e+00 2.22648679e+00 3.05986184e+00
  1.19153992e+00 1.20640157e+00 3.13367907e+00 2.78084168e+00
  1.62706198e+00 5.18446165e-29 1.45224792e+00 7.59411279e+00
  2.98965426e+00 2.93085701e+00 3.18936223e+00 3.16756272e+00
  3.53548541e+00 7.62836511e+00 8.76022668e+00 3.68388246e+00
  8.17167857e-01 7.04026120e-01 9.53309365e-01 7.91466609e-01
  4.82278826e+00 1.09189662e+01 5.25341983e+00]
 [1.40863891e+01 8.41119707e+00 5.91352949e+00 4.04089332e+00
  7.57938924e+00 2.15641721e+01 1.04282294e+01 9.98591695e+00
  1.49865729e+01 1.71997781e+01 2.29605838e+00 2.44487121e+00
  2.75954407e+00 2.33288796e+00 4.18105309e+00 3.53899094e+00
  1.17552833e+00 1.91532518e-29 1.83131774e+00 1.70622966e+01
  4.43598757e+00 6.19721095e+00 5.35811891e+00 7.23761411e+00
  7.62221523e+00 5.42057000e+00 8.65176974e+00 2.40927758e+00
  8.34493150e-01 8.06205633e-01 1.17868140e+00 9.15633317e-01
  1.26016932e+01 5.57128141e+00 3.39367575e+00]
 [3.57820962e+02 4.29485818e+02 2.82222549e+01 4.10070827e+01
  6.01776950e+01 3.22246931e+01 1.90884074e+01 2.13651374e+01
  2.73258104e+01 3.06051655e+01 1.84375768e+01 2.90913443e+01
  8.79492611e+00 7.64915309e+00 1.43097719e+01 1.11273169e+01
  1.66536313e+01 4.55882314e-29 8.76344690e+00 2.64523346e+01
  2.51044608e+01 1.45844274e+01 2.15897121e+01 1.67220224e+01
  7.09499844e+01 9.75987584e+01 2.28323622e+02 6.66204059e+01
  5.70994060e+00 5.95394503e+00 6.76050364e+00 4.57065277e+00
  3.35631265e+02 2.13749648e+02 5.93183107e+00]
 [2.04684542e+01 4.27049105e+01 7.56666969e+00 7.18825258e+00
  7.58080815e+00 7.86421529e+00 1.12757492e+01 1.06343317e+01
  1.19624733e+01 1.37964607e+01 3.96495222e+00 5.79564338e+00
  2.61951041e+00 1.71078109e+00 5.77997245e+00 4.72842049e+00
  2.81411103e+00 2.74079174e-29 3.33892006e+00 1.13284075e+01
  4.48095716e+00 4.94668535e+00 6.08821105e+00 4.57348413e+00
  8.08398214e+00 1.26663410e+01 1.85434455e+01 6.20380099e+00
  1.40869545e+00 1.37463185e+00 2.51571846e+00 1.56532101e+00
  8.08853758e+00 1.32281535e+01 5.14661551e+01]
 [4.59331648e+01 9.66116605e+01 7.98959613e+00 1.40108521e+01
  1.28645773e+01 1.15609830e+01 2.00105541e+01 2.23335834e+01
  2.40646450e+01 2.99183910e+01 4.25013725e+00 6.66313864e+00
  3.52953651e+00 4.19925846e+00 8.79537734e+00 9.33457040e+00
  4.26619472e+00 8.73848143e-29 4.56301432e+00 2.25129912e+01
  4.87436431e+00 5.39779531e+00 8.86311296e+00 8.87679540e+00
  1.58701177e+01 2.99155260e+01 6.25583927e+01 1.59666620e+01
  1.70437943e+00 1.90888484e+00 2.97231069e+00 2.14283535e+00
  2.35586461e+01 2.48762246e+01 2.02276778e+01]]