[[61.9543001  77.12225784 82.54907589 85.76414081 53.34873747 65.46089875
  31.60651981 29.73805469 24.51705644 21.77288289 70.79599788 76.1614827
  58.36158435 58.21412123 34.09709723 32.57110161 60.31030753 46.33376221
  41.05239805 21.80686474 76.59505614 75.75060682 43.07094032 41.22452215
  74.7956321  87.95890541 68.55630475 64.2833885  65.759977   68.68188153
  43.18190813 47.20469437 91.78020286 92.81851878 79.10713922]
 [66.85523885 58.34788299 53.03091222 64.6353702  50.75820883 34.95607147
  51.64880722 49.79274301 50.85226408 55.0857646  37.29799524 49.60988056
  51.7832708  49.09434829 53.23224905 56.04348889 60.2377708  52.43275974
  61.39546443 56.79950338 48.3003101  55.39121999 54.15064187 53.8226583
  45.45052792 57.03107895 65.46406336 59.11991641 52.55723126 49.43798675
  54.54534536 56.51340816 72.98314916 37.74874624 38.64017521]
 [69.56727918 64.89923721 89.40296254 78.88323147 58.72988755 40.06099006
  46.66044573 40.99218714 27.09870736 26.74251254 80.1283406  54.12019854
  56.69745722 42.04694595 43.38452338 34.4606611  59.92969301 62.35626628
  41.43417062 27.81407971 66.87661691 45.74568624 50.68661232 36.24380372
  79.00962063 64.82572548 66.62509353 91.47882328 60.72692277 61.10708334
  47.07113572 43.95952729 72.99966117 74.35930205 57.46432961]
 [31.08986031 48.24578936 80.19782734 83.98747704 47.28038244 47.94867123
  27.336384   23.12113071 20.88448247 19.36388503 51.74365328 56.85995391
  52.66518542 45.32264773 26.62656701 22.30909762 36.40616984 45.28147993
  25.52288845 21.81126823 62.9421171  67.43379163 36.42446223 34.07220462
  42.20622676 62.53123931 44.11678523 37.50054301 44.77006613 48.81996531
  30.71923209 28.34840554 80.33845505 85.64526609 44.96564389]
 [87.88586324 84.569855   90.29963787 68.59150397 27.33639963 40.59277172
  37.84367198 45.38781892 42.41229978 49.88542757 86.12424795 73.15688162
  62.0069856  47.21518901 40.93599843 49.42505996 82.51530662 82.79819508
  54.70666229 48.68119995 81.60806738 59.84125415 30.71027266 47.36638819
  88.58991763 80.86927483 86.13586335 84.99868721 80.72581344 68.41674551
  41.32489011 56.65799717 84.67867159 88.69833277 63.70238875]
 [61.33384803 76.88117365 72.81709057 74.03235588 71.42896528 58.87365178
  47.33309483 47.49381354 45.29452938 52.22968254 62.99876475 62.79658044
  45.34753596 55.21329106 49.3013342  57.38638345 60.3224865  59.05986479
  58.33806146 51.68798022 68.18152705 44.84951563 48.11469565 53.01159913
  76.20381878 83.74707635 57.63417707 67.3859794  57.80393575 60.34334188
  57.62577263 61.72806961 79.10968049 74.274784   45.60909632]
 [95.33328257 87.92793734 93.52021578 92.19495414 47.96072309 58.39919385
  61.54272294 55.53278886 49.1784807  51.11670534 79.22238762 80.54382215
  55.57742826 65.53433404 57.56664182 52.74325368 84.25920825 98.11731282
  55.03358583 55.82230354 83.114391   71.88113517 61.621701   56.48698625
  93.71558755 90.41265785 93.94257661 90.16224896 68.78180461 86.84927615
  59.19561112 59.16156086 97.28282937 98.51938715 86.03903786]
 [74.02502933 65.66191962 64.32006182 64.24862059 51.78848594 51.17995919
  40.15472312 28.25637076 28.87521824 28.15217668 56.79640614 53.54651552
  56.08107119 50.47860996 42.08076448 39.05578736 36.32176846 41.76088783
  49.51929691 29.57257894 53.0901696  58.49305537 47.79214589 40.07678706
  55.37761602 57.5605551  63.68956808 50.40294205 45.33361237 54.19365723
  50.35262447 51.10676306 89.33029501 83.89171453 62.83810002]
 [57.18030339 54.21212777 37.32690443 58.46383891 42.88676558 38.8236674
  32.23117762 29.82393751 29.70006337 32.50286368 46.23736036 51.10493878
  45.92853702 46.79204881 39.22674157 41.59034315 53.95727628 36.46888779
  42.77197465 32.11070266 49.53692861 48.04171399 40.62490898 43.45873859
  42.11690415 52.72091158 54.49931077 48.41873168 57.08069651 53.52123457
  42.04124325 46.51280664 82.20354983 77.24873502 57.81335676]
 [73.86258997 88.68388952 72.92410591 89.22559146 74.4810795  78.94717354
  62.34605699 84.62692203 44.05500629 68.5427344  73.37025546 97.53885346
  66.44208741 75.91604979 50.33565958 54.28431712 78.46900564 95.60199118
  67.63710567 74.98098899 94.80323307 97.22195378 80.44254207 90.89534207
  44.96187822 97.39303559 76.85463608 82.29931093 73.77336156 89.50811481
  65.65573485 68.43328472 95.11086266 92.38079141 79.08595023]
 [62.78467408 46.36296765 83.97463577 83.32408571 58.4591371  52.42529532
  42.42075222 36.35585569 34.61188026 34.06841335 64.08337982 60.24823335
  42.46736183 43.27035083 40.92739958 36.77314802 67.98499363 70.32289336
  40.51929726 37.05782714 56.66360476 45.63553667 46.20277674 45.82351281
  76.60072117 56.4700794  62.91251339 67.81337543 58.87509562 53.23926177
  39.62353756 50.23873607 77.48003513 51.68202231 52.10558318]
 [65.94097612 64.79545153 57.03602303 53.86074657 43.30363009 37.49221533
  37.24931542 33.45832107 35.36881729 30.7983038  54.60135131 52.08623723
  46.99711203 37.49684553 40.61272193 34.87224188 54.27291674 44.66185858
  39.09585255 33.30087677 49.70535882 47.13973318 45.74482191 52.37173849
  61.36776429 57.04281833 65.26045543 59.18487922 40.55260404 52.9212486
  35.78970936 40.27086134 52.34294313 74.82441902 58.55424254]
 [49.81496776 50.6602488  43.106377   43.90794091 36.98882587 28.63429216
  13.75544151 18.17540221 11.36403057 14.97500639 39.41002698 33.94733639
  27.50750451 30.93259704 15.76865215 19.47953655 32.35258784 47.22273293
  28.25950792 16.15266929 31.08594526 33.84439192 22.34430569 24.32815914
  48.88705419 38.13386039 50.0765447  38.46071283 47.85848822 32.47150413
  22.69963995 25.39682528 88.06011955 94.64135572 74.78280407]
 [39.4008487  38.77820962 36.15998955 39.69825343 36.22886139 32.85213768
  21.4615418  22.23209047 19.54733416 16.47226777 22.3793017  29.35050283
  22.43444601 23.47571941 20.21609895 16.60903276 18.63550255 25.25528331
  22.63333585 18.43355784 30.69985065 30.94903991 22.41711282 25.80545785
  31.45370938 35.3730927  33.19018432 22.35877527 36.44430571 23.21199288
  18.85428203 15.36755927 60.86108483 61.32399365 61.71635374]
 [78.35822032 68.01160263 69.98287007 69.78231803 45.40581012 51.93441757
  28.846006   30.76514955 24.76336741 24.75492812 61.5635448  57.26845293
  47.73308946 46.91988219 32.66373    31.25912596 61.52281055 42.27344625
  39.43519568 27.01030207 59.03415296 59.23761651 37.00356399 39.14741377
  72.769484   65.06407783 73.09731177 70.14616039 57.81529221 54.23591687
  39.16349065 39.3320965  84.84855282 87.83612606 72.63146504]
 [65.71578571 70.06718409 59.50125185 62.78611608 56.03069227 49.48575522
  40.45733376 34.40584698 28.58906245 34.71213838 62.00563678 63.13783742
  56.07406466 50.84385194 43.93126901 42.64857019 62.14672062 37.85612412
  58.45890089 36.19013324 60.78916451 64.13772874 47.18521004 53.81803418
  65.63903232 65.97815598 69.1344095  65.17083183 57.85937707 58.76675044
  51.47016599 53.59619335 69.62536151 73.44449877 64.58654679]
 [55.56481649 55.37595489 57.40987991 51.55018307 39.5705757  27.86472912
  33.94251054 25.65952681 25.46076582 24.79922835 43.1507474  52.6719086
  46.53228353 41.44178518 36.93740847 31.51005523 60.66463989 26.93567733
  45.87099505 27.60498391 42.02297296 40.69665688 43.8162965  33.41766862
  47.07568282 57.44164951 59.4124275  57.2812989  50.23704925 50.84409467
  54.06453788 48.81279276 63.38874775 54.32584602 61.01953851]
 [70.21786748 68.55156029 78.99647331 77.62375175 46.40527701 58.33485328
  38.91715458 38.73341919 40.82147996 39.58508423 68.40232257 61.7715818
  39.87609317 35.84393228 32.96699624 37.62881183 62.62690694 66.63894105
  43.04380278 43.66733819 63.92448569 66.11132178 31.44468892 39.05394785
  70.06439523 64.4806526  68.67601225 67.22855082 61.76948553 51.44320423
  32.10168072 36.10291415 72.12443587 77.9040037  57.12442611]
 [62.6048905  62.96396145 52.83444803 57.52769675 47.05670557 45.19750169
  37.75902953 36.9539303  40.23307934 37.6615379  49.79116059 54.17650515
  38.23775862 39.36774474 35.43048748 35.24831982 45.23927924 39.62792594
  32.69071646 40.79630451 48.8995804  50.08502278 39.5256956  46.96942652
  56.05905845 60.28215662 64.89609926 55.29145475 42.41143816 47.50050049
  31.95906411 32.50961967 68.16862977 71.19278695 53.13155618]
 [73.93631392 73.66459182 98.52633101 92.84424215 97.11026627 94.61598058
  71.06395197 85.58686879 55.84700778 61.74361665 75.80819756 78.19397179
  70.42765583 55.24791662 48.09642427 45.44044347 80.99367733 94.6427393
  58.78343394 68.02319682 98.28940784 95.05129712 69.30996159 80.67816596
  78.750434   73.64156852 70.65729832 88.22669386 69.89793741 64.49052387
  50.75357997 43.96584601 67.09531927 79.53489982 71.5386105 ]]