[[15.42181577  9.44766407  8.32111815  6.93679109 11.95868479  8.37212539
   9.70312321  7.57915929  6.86007598  6.8060003  13.591851   10.66572848
  14.66730676 14.3940225  10.33259743 10.60277878 22.29443464  5.87699674
  12.34351249  6.65072935  9.45788995  9.63302237 11.89852756 11.21747581
  10.83919237  5.63428065 13.01237375 19.02742744 18.91106585 13.29642342
  14.31011322 14.97593976  4.03338365  4.74912268  7.90078854]
 [12.91768256 12.17112966 19.44318659 15.23039799 22.02682978 13.64287042
  24.72669084 21.66901562 17.67959751 16.45927448 10.55872728 11.99176422
  21.54540518 22.92107587 24.98885974 24.19833419 17.9501277  15.46291974
  22.48461059 16.41838278 15.76514908 17.06555941 25.42438197 25.84111034
   9.51814957 10.90045888 12.74701566 12.58325565 17.51883589 16.80351347
  24.75182642 25.43715736  5.56646869 11.5049564   7.11742445]
 [ 6.42449068  7.77759342  3.20129496  5.87530522 11.50983216  9.60550527
  11.94280936 10.86699494  6.76918301  7.76204814  4.84414883 11.89785085
  10.13733569 12.58976675 10.53372708 10.60738693  9.30097019  9.47471179
  10.34747267  7.64506521 10.05906827 13.15188241 12.34213115 12.54790142
   4.08735462  8.02388908  7.18427768  1.83619363  8.71696913 10.64441186
   9.64488616 10.66595831  5.05601825  4.86073782  9.05560868]
 [ 8.51476139  9.53586605  5.82391142  4.83784522  9.6939727   8.87172147
  12.0677935   9.29388939  9.09794594  8.73802058 10.07678105  9.3849647
  10.61615843  8.79437069 12.60794528 10.2811503  27.50204764 11.43523832
  13.1998251   9.73021249  8.41918565  7.83795775 12.13846417 10.56579563
   7.32808785  7.64138753 10.19852025 16.38175626 15.96419738 14.26649998
  14.41135264 13.61225947  3.21577245  3.01723024  7.6457325 ]
 [ 5.8596441   7.88285283  4.62632489 18.16337669  6.49097097  7.62794591
  15.02648109 12.00472591 12.27633551 11.54634004  5.94380837 13.1552677
   7.88271472 13.16085906 12.21412656  9.5568266   7.99710562  7.97704766
  10.51240564 11.83909148  6.08221631 17.82332647 10.79177916 10.11429428
   5.38494056  9.75051393  6.84976805  7.27604925  7.19679873 13.31701484
  12.57411908  9.03010293  6.9881812   5.59137314  9.94561554]
 [11.93613578  6.48678301 11.02017846  9.25862683  7.51833214 16.78068496
  18.99520552 13.35911281 13.96374672 14.06907036 15.19975739 14.62788501
  14.27052091 15.46851877 16.85523124 13.9311879  19.03246629 17.53830205
  14.38878764 14.39429809 13.97413245 12.13715794 16.86710199 16.34931938
   6.99995523  5.95541208 12.23487248 12.84082042 19.34059522 15.88294192
  16.20279246 15.19189481  5.93763746  7.57776973 13.46058667]
 [ 2.07056885  6.2372514   2.98040908  4.51929631 12.40359314 11.98032806
  12.34666741 12.49717095 11.83373804 10.37722678  7.28312411  8.99440262
  17.27002334 10.58040464 14.29478107 13.23905221  8.2747401   0.87687983
  13.72027997 10.13352774  7.4378991  11.27087392 14.9445305  14.26911684
   2.43613527  5.36905356  2.80360343  4.9344017  11.22860478  5.16127257
  13.93271422 12.19078848  1.43491164  0.71752388  5.31287344]
 [12.06581508 13.54030556 20.71263413 20.08276736 25.85276172 19.44201865
  23.30512028 15.55594935 14.82827688 11.91764751 26.62980871 21.62656791
  18.6814204  22.45885474 22.91316074 17.96363796 54.81118693 15.87805626
  21.1839017  13.90093787 25.53911758 21.61646832 25.01053352 22.14926052
  24.6817636  16.25395526 18.88005417 36.06837032 42.43741183 30.36239132
  21.02622577 21.29242107  3.55419033  5.89890049  9.46007897]
 [ 5.62898741  5.82864562 13.94050204 11.74072628 16.82586132 13.42292288
  13.78923239 11.67743567  9.30299096  8.72713849 11.29398737 12.55864153
  16.20045832 15.93854164 14.31803177 12.25136526 11.83003181 12.79878689
  13.05439625  9.63896576 15.37373266 14.72879934 15.82175969 14.00447995
   7.96454825  8.88369912  5.82533581  8.32451598 12.56177567 13.17691099
  16.74921399 14.04636453  3.00059815  3.6526279  11.40777484]
 [ 3.40910493  2.87494822  6.60266735  3.85101863  4.87708966  6.3530209
   4.86141207  2.29363019  4.94633154  3.22819998  6.12781949  1.0231359
   8.3904274   8.27815525  5.72039813  6.71140772  6.01170648  0.80620848
   4.95202271  2.74690334  1.20580784  0.98173558  3.71377906  2.13417885
   3.55724397  0.78719907  6.1522626   4.08882643  7.88729602  3.52394318
   7.07485114  7.6537204   0.69613425  1.13829185  4.80421939]
 [12.4386761   7.73382785  6.40522688  5.23384925 15.36844297 13.80045025
  12.7034422  11.17805269  8.99924559  9.74745812 10.04935011  6.04698736
  17.86175898 14.01276447 14.45978799 12.93503126 10.9702784   5.29275048
  14.11705975  9.54328916 15.53826458 11.09745251 16.96802946 14.79868182
   5.60184817  4.6053042  10.1504441   8.73168848 12.859133   11.45556893
  16.86120499 12.68242954  4.01271468  3.92376936  8.49563229]
 [13.3568286  12.20697915 21.37892611 22.83259494 24.17866354 25.99858932
  25.94784693 25.73383061 21.0491317  20.17039954 21.31666263 22.23290961
  21.30165695 27.58721198 26.04843306 27.9092003  26.76748139 26.93025451
  29.14979792 23.35036243 25.21979072 26.81783614 26.65817081 21.89827871
  15.7218481  16.92615707 13.62182611 20.47768593 31.78049539 26.56737413
  29.78440992 27.87746051 14.04354725  8.0269973   9.53220984]
 [13.46547238 11.38350181 17.86792278 13.96765236 15.4480546  14.60255882
   9.89912118  9.70738148  7.45076685  8.38155126 11.86801826 12.46491345
  13.22447619 11.51500812  9.67139576 10.08010525 22.73549694  9.52384539
  10.67884368  9.19538278 16.47037083 12.22528862 13.2584374  11.90426918
  12.96592989 12.41655381 12.34551219 18.48098232 12.88907554 14.9019445
  11.22640129 12.27775975  4.02551232  2.28380711  6.28128718]
 [24.25166373 26.16487609 28.25916743 27.70251527 28.7984355  32.94240322
  26.1609953  26.46824638 22.81072317 21.01057604 35.74010834 32.19367876
  26.42772914 30.87233154 25.08371484 22.8680976  53.02321143 29.62265613
  25.23477614 24.25006792 28.07656445 32.14903657 29.53337476 30.53830329
  29.67157242 27.92761587 28.83081592 46.88244135 32.1848484  40.63190351
  29.20278964 20.93737911 18.73330237 20.25741722 14.09304739]
 [ 9.54783994 12.25191342 10.05220569 10.78299793 13.97215252 13.48648531
  10.75015306 10.82396654  7.56231557  7.83331958 10.94533421 12.57711804
  12.92162936 13.38201103 10.16975254 10.17712609 10.76865964 12.47380006
   8.41268831  7.91215731 11.80547736 12.70720596 12.80616508 13.18673264
   9.8516242  12.4031921  10.82883023 10.97226942 10.47890742 11.61594365
  10.65667319 10.67760135  7.23846032  5.87175915  7.96339704]
 [17.27085695 14.81128431 20.60507877 21.08463523 20.64102881 23.74329488
  16.74963606 15.88745548 11.31341085 12.28540896 18.29842581 18.34759511
  19.5402879  23.55707458 18.14807006 17.83104185 20.5754448  15.85731984
  17.10325643 12.43287996 17.49466402 18.37594087 20.30965699 18.3305619
  16.46429695 16.71348408 15.41999847 18.14845748 19.65096342 20.1433814
  20.99272949 20.5414749  13.89718617 11.79329647 13.50125802]
 [20.70859769 18.47176638 23.77913585 23.337194   22.50734493 14.49637759
  14.98125481 12.17949596  9.22901008  8.86613973 25.41599386 16.41794264
  16.78968709 19.01715309 15.9485617  16.28541036 20.23624733 13.72801449
  16.52171977  8.85567527 26.60981674 17.75516069 18.1369668  16.39564006
  22.68535062 14.26883211 18.5715864  21.17864919 21.34439459 17.66239755
  16.23764092 17.9050698  12.79776439 16.15213436 11.67933509]
 [11.49255676 11.34808051  8.52180134  6.99629054  6.63996781  9.11553525
  17.25315401 14.12621377 13.34213136 13.21392274 11.66271839 12.18120353
  11.14049148 10.67002527 15.53265103 13.01099638 15.46305289 12.02468957
  14.05237047 13.76085339  6.76182264  9.2676341  13.84618247 12.63344149
  11.39485042 12.16249308 11.58865699 12.75360995 14.68443581 14.97214262
  14.47701851 12.41764433 10.69998218  9.339788   11.38465193]
 [15.80064516 12.20471211 23.8919849  22.68627435 25.18165931 28.21244857
  27.63983867 28.98143188 23.57111782 23.00469624 26.17236947 21.31021157
  27.6208005  28.82067924 26.28166184 25.62346015 35.86861545 29.11063375
  22.92181537 22.96789247 25.84091658 25.78538353 27.49005216 26.70080664
  21.40782908 17.31544533 15.60176488 26.29336158 31.69948762 29.09670862
  25.60406621 25.28446008 13.29092046 11.53102157 14.51494729]
 [ 7.48474038  8.51428882  0.59010868  2.69091456  0.69739042  1.6064868
   5.07212781  2.53618511  6.20450258  4.96176705  9.74901282  8.28692697
   7.78610035 10.67767572 11.08518861 11.53415866  8.29149033  1.47964232
  12.36694565  5.50261263  0.59101975  1.90123728  6.99899146  5.26463785
   6.44640314  8.84673043  8.92901259  4.05495549 12.88189254 13.71086515
  13.86723688 15.01211602  9.49384672  6.58101197  8.94830392]]