[[6.31631883e+00 6.68355707e+00 5.95887855e+00 5.99528198e+00
  7.44391289e+00 7.71666116e+00 9.48320257e+00 1.15666151e+01
  1.30696873e+01 1.06647395e+01 3.28306415e+00 3.72800017e+00
  5.56803722e+00 2.37724312e+00 7.21763594e+00 6.77022561e+00
  2.22508902e+00 1.21823809e-29 4.83343037e+00 1.07912698e+01
  6.41265634e+00 4.93732811e+00 6.59981931e+00 6.48862840e+00
  4.82161130e+00 5.85189289e+00 5.57436522e+00 3.05216730e+00
  1.33154071e+00 1.28733654e+00 2.48268417e+00 1.72314385e+00
  8.60858927e+00 3.08171017e+00 4.55128694e+00]
 [5.15138140e+00 3.55310406e+00 5.09116849e+00 5.09235379e+00
  3.56283034e+00 3.85344775e+00 3.89380509e+00 5.14748276e+00
  5.79534196e+00 6.37368196e+00 2.45858043e+00 3.09719890e+00
  1.38617956e+00 1.52706811e+00 2.62687773e+00 2.72619035e+00
  1.37634005e+00 4.85630223e-29 1.52733082e+00 5.78921316e+00
  3.21904129e+00 3.33150286e+00 2.67628399e+00 3.11487870e+00
  3.59723933e+00 3.65297517e+00 4.19052198e+00 2.33484346e+00
  1.11458490e+00 9.36992680e-01 1.00970194e+00 9.46784314e-01
  7.52942938e+00 7.14751164e+00 2.93432369e+00]
 [1.16524749e+01 1.13865326e+01 1.27707487e+01 1.24513110e+01
  1.76164939e+01 1.32111943e+01 2.11732920e+01 2.21304608e+01
  2.64800742e+01 2.52661642e+01 6.52415836e+00 5.95075432e+00
  5.90300124e+00 5.02819969e+00 1.34082142e+01 1.30979730e+01
  3.37083283e+00 6.09874382e-30 8.62778931e+00 2.23917906e+01
  8.98713610e+00 9.12133654e+00 1.35454460e+01 1.28486964e+01
  9.38922174e+00 9.34365371e+00 1.11524571e+01 7.38673941e+00
  3.01153302e+00 2.73343799e+00 5.13189863e+00 4.04789814e+00
  2.77331852e+00 3.12054524e+00 1.14535797e+00]
 [8.86822957e+00 1.08013159e+01 7.86936609e+00 8.16817640e+00
  7.45645712e+00 3.51020734e+01 1.10827968e+01 1.21394957e+01
  1.81503945e+01 1.62656281e+01 3.38147268e+00 7.55379460e+00
  1.52774994e+00 2.16160394e+00 5.49214729e+00 5.81448889e+00
  1.98947171e+00 2.45203896e-30 3.44637490e+00 1.42100281e+01
  4.46365048e+00 6.27421687e+00 5.11962744e+00 6.72810227e+00
  7.56963050e+00 6.92345918e+00 7.61870480e+00 4.54430980e+00
  1.20120239e+00 1.62785057e+00 1.48429324e+00 1.45438497e+00
  3.39415615e+00 3.25194469e+00 2.86877674e+00]
 [1.40293830e+01 1.36136820e+01 1.60207508e+01 1.31631319e+01
  3.32361658e+01 1.82579966e+01 1.65475737e+01 1.92892327e+01
  2.10206579e+01 1.65767404e+01 8.46969359e+00 9.15375772e+00
  5.69113699e+00 5.95668030e+00 1.02226370e+01 1.07971374e+01
  5.78634398e+00 9.33037513e-30 6.16976471e+00 1.81561335e+01
  1.13292082e+01 1.00334361e+01 1.26036054e+01 1.24555617e+01
  1.07208763e+01 1.04697261e+01 1.27704357e+01 8.63487009e+00
  3.75321696e+00 3.89179870e+00 3.90754536e+00 3.58258687e+00
  2.58328365e+00 1.63667512e+00 7.30127983e+00]
 [5.77646358e+00 5.35847403e+00 6.43726565e+00 5.23291777e+00
  6.51634919e+00 3.78217230e+00 5.23453966e+00 9.08953399e+00
  1.31337532e+01 1.20821440e+01 2.52023656e+00 2.20304021e+00
  2.17042297e+00 1.45076366e+00 3.24136975e+00 3.28354489e+00
  1.23068315e+00 9.57255181e-30 1.94061266e+00 1.22018339e+01
  1.58970922e+01 5.08457460e+00 3.51372955e+00 3.24457932e+00
  4.64502351e+00 3.34307458e+00 5.21978777e+00 2.21392459e+00
  9.92989057e-01 8.10496299e-01 1.09138037e+00 8.51048688e-01
  3.57729494e+00 2.87057735e+00 1.43205514e+01]
 [1.49971474e+01 1.33983290e+01 1.43236016e+01 1.63736698e+01
  1.41636838e+01 2.33416822e+01 2.13156661e+01 2.69291458e+01
  3.26258315e+01 3.30657859e+01 7.58195947e+00 7.95087002e+00
  5.76864056e+00 9.89063006e+00 1.25664859e+01 1.57075682e+01
  4.78479255e+00 1.78662773e-28 9.37334345e+00 3.06374156e+01
  1.00746062e+01 1.32746222e+01 1.21824087e+01 2.10144793e+01
  1.05841651e+01 1.02198969e+01 1.40988462e+01 7.84422305e+00
  4.27633914e+00 3.81245078e+00 4.45613435e+00 4.85007411e+00
  5.61151456e+00 7.23604887e+00 6.98979156e+00]
 [3.33059676e+01 3.36353191e+01 3.34894785e+01 3.48369912e+01
  3.38372285e+01 3.44823884e+01 3.56681439e+01 3.72993675e+01
  3.77718954e+01 4.14496856e+01 3.14845490e+01 3.24310579e+01
  3.22044624e+01 3.20133741e+01 3.40516076e+01 3.46684805e+01
  3.07454613e+01 4.15369784e-28 3.24706775e+01 3.90602583e+01
  3.23388766e+01 3.44462956e+01 3.37066044e+01 3.41031628e+01
  3.22325213e+01 3.30448833e+01 3.27733105e+01 3.18378793e+01
  3.00897563e+01 3.01407495e+01 3.10031627e+01 3.10141519e+01
  6.55883856e+02 1.73119026e+00 3.61694819e+00]
 [6.24634849e+00 5.82933540e+00 4.89137932e+00 5.91773099e+00
  5.02491502e+00 4.97767268e+00 7.24152159e+00 6.56370920e+00
  7.95598882e+00 8.33952234e+00 3.03307578e+00 3.30327552e+00
  2.12700358e+00 1.99449754e+00 4.20533940e+00 3.80012712e+00
  2.10517219e+00 4.37184766e-29 2.76888863e+00 8.28519751e+00
  3.56975943e+00 4.18889509e+00 4.25080074e+00 3.92023160e+00
  3.88484439e+00 4.23261354e+00 5.25712032e+00 3.20669796e+00
  1.38286096e+00 1.56003329e+00 1.68126100e+00 1.40363741e+00
  1.99329566e+00 3.20948425e+00 4.82394130e+00]
 [5.69559877e+00 3.82550047e+00 5.42483299e+00 6.63846158e+00
  3.71934091e+00 2.55819693e+00 4.24040117e+00 1.31721957e+01
  6.65254528e+00 1.76472838e+01 2.23055930e+00 1.79632389e+01
  1.10899894e+00 1.76413902e+00 2.34237328e+00 3.49955037e+00
  1.43934842e+00 6.24588518e-30 4.71079451e+00 1.52834082e+01
  7.01351168e+00 6.61470074e+00 8.10290959e+00 6.67325712e+00
  5.50316282e+00 1.49254028e+01 4.25262522e+00 3.36330502e+00
  9.40459222e-01 3.19364935e+00 1.25553721e+00 1.59607888e+00
  3.63168426e+00 2.29974273e+00 2.06210530e+01]
 [8.69995586e+00 8.78902252e+00 9.88981828e+00 9.22735691e+00
  9.52703745e+00 1.02893023e+01 1.55456929e+01 1.28097941e+01
  2.24987853e+01 1.65992772e+01 4.43835901e+00 5.06227237e+00
  6.04570845e+00 4.59258691e+00 9.21818995e+00 8.46879745e+00
  2.98058404e+00 1.48377511e-29 4.79157322e+00 1.68429236e+01
  6.48555437e+00 6.51381580e+00 8.30681621e+00 7.86162844e+00
  6.09444088e+00 6.98563457e+00 8.18150717e+00 4.44546816e+00
  1.93660893e+00 1.90997385e+00 3.40249072e+00 3.06013512e+00
  2.21330597e+00 2.67591333e+00 3.40555498e+00]
 [1.04995973e+01 1.05715113e+01 1.10214435e+01 1.02209548e+01
  1.09877156e+01 1.09567160e+01 1.20849566e+01 1.27874036e+01
  1.87377490e+01 1.83820777e+01 6.21346042e+00 6.54448017e+00
  5.21660794e+00 5.97061924e+00 9.20174363e+00 9.42980514e+00
  5.11940158e+00 1.91275704e-29 5.85928980e+00 1.63186397e+01
  9.15981758e+00 8.78816970e+00 8.43224681e+00 1.04588017e+01
  8.08383046e+00 9.39714519e+00 1.06054007e+01 6.89441879e+00
  3.41516244e+00 3.64635430e+00 3.58882531e+00 3.34117113e+00
  5.71424323e+00 2.70340889e+00 1.46329401e+01]
 [1.57719975e+01 1.73156547e+01 1.50443673e+01 1.66955148e+01
  1.24229267e+01 1.12919293e+01 1.64494043e+01 1.46781468e+01
  2.04150317e+01 1.71815242e+01 9.35815567e+00 9.20367419e+00
  4.88372704e+00 3.90441112e+00 9.34061860e+00 7.62905958e+00
  5.25042476e+00 3.53060156e-29 5.73374075e+00 1.71567253e+01
  9.46535975e+00 1.00621000e+01 9.82979082e+00 8.79548581e+00
  1.24033331e+01 1.22598692e+01 1.41085302e+01 8.33236672e+00
  3.26108242e+00 2.92629212e+00 3.50803203e+00 2.36747706e+00
  4.24124689e+00 5.36749210e+00 2.30391270e+01]
 [1.93585269e+01 1.96332807e+01 2.02669646e+01 2.07891612e+01
  2.22963343e+01 2.20965855e+01 3.42187982e+01 3.17635541e+01
  3.93788822e+01 4.24907517e+01 1.18870766e+01 1.41895776e+01
  8.46742330e+00 8.60345608e+00 2.11023379e+01 1.75246470e+01
  8.44187379e+00 3.68866092e-29 1.23912658e+01 3.46879247e+01
  1.39225794e+01 1.57726554e+01 1.96178599e+01 1.82245697e+01
  1.52309337e+01 1.67132760e+01 1.77035744e+01 1.16461140e+01
  5.47938882e+00 5.72150533e+00 7.10646567e+00 5.72297467e+00
  5.77715920e+00 4.45051079e+00 2.14223675e+00]
 [7.80977305e+00 7.62909863e+00 6.68826445e+00 6.05477754e+00
  7.55316200e+00 6.15477743e+00 1.21530602e+01 1.14305803e+01
  1.57111543e+01 1.47889961e+01 3.23793824e+00 3.52207207e+00
  3.36069264e+00 2.62953882e+00 8.49085225e+00 6.50872852e+00
  2.54485495e+00 2.79350712e-29 3.73583959e+00 1.36661846e+01
  4.51455874e+00 4.03508786e+00 7.80884239e+00 5.72652894e+00
  5.23014717e+00 6.09215161e+00 7.10423916e+00 5.17381294e+00
  1.68955143e+00 1.45872928e+00 3.24399598e+00 1.80196243e+00
  5.47686663e+00 4.47753912e+00 5.24725571e+01]
 [8.79836581e+00 1.26628909e+01 1.05165404e+01 9.43654061e+00
  6.31488340e+00 5.69673140e+00 6.32381906e+00 6.21646744e+00
  7.45690313e+00 7.13744255e+00 3.82564946e+00 7.59821387e+00
  2.31524265e+00 2.46489843e+00 4.11279397e+00 3.90544569e+00
  1.96718969e+00 1.54975564e-28 2.33005488e+00 7.15338674e+00
  4.36897297e+00 4.70304126e+00 4.54184375e+00 5.00962679e+00
  1.51435388e+01 2.53002247e+01 7.86506856e+00 7.83285978e+00
  1.19484463e+00 1.02989086e+00 1.59440901e+00 1.54087729e+00
  1.36736148e+01 6.97768737e+01 8.50616615e+01]
 [5.33179093e+00 4.86451383e+00 5.36590919e+00 7.21236027e+00
  5.75453157e+00 5.29088340e+00 5.69099580e+00 5.46253187e+00
  7.51054606e+00 6.78727428e+00 2.04048692e+00 3.02415962e+00
  2.85923307e+00 3.08023248e+00 3.98102661e+00 3.58728750e+00
  1.39279875e+00 3.51218192e-29 2.01113992e+00 7.44822579e+00
  4.74726842e+00 5.88123075e+00 4.15082481e+00 5.17883731e+00
  3.24375316e+00 3.87483093e+00 4.18711016e+00 2.06491043e+00
  1.04511611e+00 1.30854665e+00 1.62608927e+00 1.28340163e+00
  2.86989781e+00 2.66421872e+00 2.31834426e+00]
 [1.95707368e+01 2.10973601e+01 2.99903556e+01 2.43499261e+01
  4.63918799e+01 4.53983894e+01 2.75598366e+01 4.31051648e+01
  3.82760065e+01 4.78697535e+01 1.02303571e+01 1.28769187e+01
  8.35907292e+00 1.15214493e+01 1.84699204e+01 2.14881767e+01
  6.48640702e+00 6.94458983e-29 1.35347856e+01 4.01853609e+01
  2.19053743e+01 1.84386445e+01 2.55539812e+01 3.08142718e+01
  1.29007121e+01 1.52020141e+01 1.67273490e+01 1.05721445e+01
  4.69100755e+00 4.89716088e+00 7.48871211e+00 7.39969961e+00
  1.34556452e+01 1.12749708e+01 4.04131563e+00]
 [1.07040797e+01 1.11401110e+01 9.77878450e+00 1.06966837e+01
  1.06432738e+01 1.11164485e+01 1.16635008e+01 1.24506436e+01
  1.38724347e+01 1.62994676e+01 5.77157653e+00 6.20974174e+00
  3.74578084e+00 3.43657335e+00 7.00291858e+00 7.20228435e+00
  4.42842271e+00 1.38744733e-29 4.38512904e+00 1.44893583e+01
  7.17902750e+00 7.71937251e+00 8.25499299e+00 7.89838508e+00
  8.26517723e+00 8.70116646e+00 1.04976726e+01 6.96973061e+00
  2.57624101e+00 2.64869945e+00 2.88392094e+00 2.24734563e+00
  1.61382630e+00 1.33906468e+00 2.04064735e+01]
 [2.48050824e+01 3.17675323e+01 1.06229308e+02 3.66916978e+01
  4.70632794e+01 2.69480666e+01 3.14794601e+01 2.92766533e+01
  1.94323720e+01 2.45614195e+01 7.40689431e+00 9.46471732e+00
  5.17582903e+00 5.75329870e+00 1.15574245e+01 7.99828852e+00
  4.29579522e+00 2.96933251e-29 5.90950771e+00 2.13186976e+01
  3.02804749e+01 2.28894312e+01 1.26617768e+01 1.57856148e+01
  4.65011405e+01 2.28141787e+01 1.32954661e+01 2.60708505e+01
  2.51746898e+00 2.80566773e+00 3.47598751e+00 2.65333103e+00
  1.70232707e+01 1.82608709e+01 2.17745597e+01]]