[[2.24188257e+00 2.16581666e+00 1.74366516e+00 1.56545672e+00
  2.69274090e+00 1.44158400e+00 1.56504715e+00 1.33967053e+00
  1.56407525e+00 1.43355476e+00 1.03652520e+00 1.20816521e+00
  4.44662131e+00 6.14526544e-01 1.07316727e+00 8.33079061e-01
  6.42414518e-01 3.07309919e-30 6.46085827e-01 1.43181561e+00
  3.14551997e+00 1.49212227e+00 1.56963977e+00 9.56838996e-01
  1.35622998e+00 1.85490028e+00 1.71102754e+00 8.35303831e-01
  4.08406660e-01 4.30583140e-01 4.70757407e-01 2.82670667e-01
  3.64400057e+00 1.54592785e+00 2.10193498e+00]
 [1.52225540e+00 9.95344878e-01 1.37250711e+00 1.35951010e+00
  9.40078032e-01 9.84445993e-01 8.15086299e-01 1.28278857e+00
  1.36625000e+00 2.50527163e+00 6.17183789e-01 7.49801014e-01
  3.44072985e-01 4.02378898e-01 5.42683920e-01 6.30629967e-01
  4.36978301e-01 1.32112826e-29 3.74905685e-01 1.94667908e+00
  8.22181698e-01 8.31739586e-01 5.87031338e-01 7.20881141e-01
  9.32661021e-01 1.03592308e+00 1.31234551e+00 6.78083850e-01
  3.05148937e-01 2.77054236e-01 2.51311023e-01 2.52464702e-01
  4.89196862e+00 3.28210560e+00 9.46042106e-01]
 [3.67435326e+00 3.14866152e+00 3.36772855e+00 2.74773530e+00
  6.06009688e+00 1.47984137e+00 1.38325154e+00 1.71032106e+00
  1.75129588e+00 1.73187913e+00 1.31298666e+00 1.04533101e+00
  1.25645652e+00 6.71574669e-01 1.15380514e+00 1.13836057e+00
  6.60135029e-01 1.58964244e-30 7.08917742e-01 1.59953857e+00
  2.17615578e+00 2.22838813e+00 2.47659652e+00 1.31725102e+00
  2.80788528e+00 2.19791718e+00 3.34950719e+00 1.96082085e+00
  3.61447946e-01 3.54911397e-01 4.82802951e-01 4.40038298e-01
  1.14735833e+00 8.19282801e-01 3.23254906e-01]
 [3.17641457e+00 4.54751997e+00 1.69989999e+00 1.80854612e+00
  1.12197923e+00 2.20242127e+01 1.35639622e+00 1.83943572e+00
  2.84232945e+00 3.28652162e+00 6.47570697e-01 3.80626380e+00
  2.25249538e-01 4.94527234e-01 5.45680671e-01 6.85314767e-01
  4.00257030e-01 5.03100886e-31 3.59354050e-01 2.78280423e+00
  7.27842058e-01 1.67102051e+00 5.43991659e-01 1.77417653e+00
  2.79775125e+00 2.54844541e+00 2.76230389e+00 1.33843719e+00
  1.76967216e-01 2.95133315e-01 1.69830147e-01 1.90948419e-01
  1.72781688e+00 1.62757254e+00 1.26016302e+00]
 [2.49455684e+00 2.26049642e+00 3.13903323e+00 2.13170209e+00
  2.28316774e+01 6.13174180e+00 2.44488117e+00 2.55304215e+00
  5.32864762e+00 2.63821590e+00 1.37764106e+00 1.38405035e+00
  1.08503947e+00 7.34117915e-01 1.64142690e+00 1.33608374e+00
  8.24031326e-01 3.73223063e-30 9.05993995e-01 4.17270773e+00
  4.18317699e+00 1.46352586e+00 4.49025618e+00 1.96121599e+00
  1.62713183e+00 1.61071532e+00 2.11721547e+00 1.24267286e+00
  5.28514814e-01 5.46823532e-01 6.03385887e-01 4.52834571e-01
  1.13594687e+00 4.57152263e-01 2.42284304e+00]
 [4.01057742e+00 3.34622550e+00 3.89817723e+00 3.92446543e+00
  4.11637848e+00 1.25723050e+00 1.03659604e+00 1.52389702e+00
  5.43708920e+00 6.54197678e+00 1.07470191e+00 8.74417160e-01
  1.57322519e+00 6.35519136e-01 7.31183246e-01 7.58234646e-01
  5.25844937e-01 3.27233632e-30 4.95265782e-01 7.10366949e+00
  2.10496358e+01 5.34198725e+00 1.58292122e+00 7.81741417e-01
  2.41773361e+00 1.46032051e+00 3.68215994e+00 1.12796206e+00
  4.33356626e-01 2.83399875e-01 3.14598655e-01 2.46424960e-01
  2.26278729e+00 1.87628986e+00 3.64550489e+00]
 [5.26345340e+00 4.31165974e+00 3.99544176e+00 5.24454471e+00
  2.93058057e+00 7.74844456e+00 2.30284562e+00 6.69078510e+00
  3.24796114e+00 2.99441301e+00 1.35266631e+00 1.79952035e+00
  9.70762340e-01 2.67192430e+00 1.23107728e+00 2.36542168e+00
  9.14601504e-01 2.03970268e-29 8.88129744e-01 2.91363892e+00
  2.00927470e+00 4.60458264e+00 1.63236579e+00 6.89496413e+00
  2.76282209e+00 2.79999655e+00 4.61500677e+00 1.81349615e+00
  5.98286367e-01 6.88747986e-01 4.88993554e-01 6.68773663e-01
  3.92541986e+00 3.28253623e+00 5.35095710e+00]
 [1.99483733e+01 2.00270686e+01 2.00234729e+01 2.05138545e+01
  2.01955288e+01 1.98195843e+01 2.01718897e+01 2.05179102e+01
  2.28224858e+01 2.73623181e+01 1.94734432e+01 1.96584404e+01
  1.94351792e+01 1.94897171e+01 1.99330142e+01 2.00502905e+01
  1.91886034e+01 2.58294506e-28 1.97321041e+01 2.48083777e+01
  1.96062011e+01 2.08572117e+01 1.98594717e+01 1.97390240e+01
  1.97781448e+01 2.00735539e+01 1.99392399e+01 1.95145470e+01
  1.92284744e+01 1.92239170e+01 1.93117215e+01 1.92412585e+01
  4.80757117e+02 7.16476866e-01 1.37629137e+00]
 [1.27591535e+00 1.14415469e+00 8.41576352e-01 8.01145691e-01
  5.92672561e-01 5.08344078e-01 1.06474356e+00 7.10003627e-01
  7.09639024e-01 1.15518734e+00 4.51178802e-01 4.52328617e-01
  3.01593530e-01 2.80603326e-01 3.84603179e-01 3.73728769e-01
  3.50340147e-01 5.90976586e-30 2.62628984e-01 8.65043812e-01
  5.59357315e-01 5.32272532e-01 4.86090647e-01 3.90501274e-01
  6.79191642e-01 7.06338706e-01 1.07214155e+00 4.76849107e-01
  2.29942434e-01 2.26420330e-01 1.98399948e-01 1.71181091e-01
  1.06521384e+00 1.19427216e+00 1.15708884e+00]
 [2.02252271e+00 1.34564677e+00 1.10858074e+00 2.49899619e+00
  7.12069015e-01 7.17210460e-01 1.00541737e+00 5.75851512e+00
  2.46174392e+00 7.82609398e+00 7.84473117e-01 8.00828442e+00
  3.06476931e-01 6.41308995e-01 6.35895951e-01 1.12223007e+00
  5.50809416e-01 2.58698834e-30 1.92276231e+00 6.39175903e+00
  2.85561280e+00 2.68130637e+00 2.90188375e+00 2.79239039e+00
  1.09779669e+00 5.28393913e+00 1.29406797e+00 7.45498242e-01
  3.65820477e-01 1.61541668e+00 4.44857764e-01 6.46760704e-01
  1.58296207e+00 7.50250453e-01 4.67873326e+00]
 [2.57859148e+00 2.51490464e+00 2.68325215e+00 2.44182465e+00
  1.45427029e+00 3.46187302e+00 1.92290509e+00 1.21206458e+00
  4.20208425e+00 2.13659848e+00 8.15776797e-01 1.05834197e+00
  5.63481009e-01 5.92968325e-01 1.01040291e+00 7.80145692e-01
  5.35782933e-01 2.71394767e-30 4.67229338e-01 2.73066737e+00
  1.22191912e+00 1.53086945e+00 9.76786986e-01 8.42283254e-01
  1.37869728e+00 1.72569825e+00 2.34507175e+00 8.68131288e-01
  3.01414492e-01 3.39863904e-01 3.30757924e-01 3.35955038e-01
  6.66469135e-01 8.58328935e-01 7.77510921e-01]
 [2.14245040e+00 2.35837240e+00 2.01314718e+00 2.26918325e+00
  2.53060994e+00 3.07614301e+00 1.91694464e+00 1.93417329e+00
  2.82775467e+00 3.22705907e+00 1.13913422e+00 1.38100966e+00
  9.72492411e-01 1.08281463e+00 1.45408644e+00 1.37959523e+00
  1.03564181e+00 3.45121724e-30 9.38118455e-01 2.78689495e+00
  2.26074868e+00 2.36781063e+00 1.39528370e+00 2.30349192e+00
  1.58250365e+00 2.69082338e+00 2.16089156e+00 1.25089876e+00
  6.36344862e-01 7.87945842e-01 5.86528160e-01 5.08115206e-01
  2.65549831e+00 1.77100939e+00 6.66393716e+00]
 [3.58706811e+00 3.52227481e+00 2.60744223e+00 2.71748873e+00
  1.79780381e+00 1.73932984e+00 2.09174182e+00 1.89053268e+00
  4.99401556e+00 3.26054098e+00 1.64426152e+00 1.47719748e+00
  8.42882408e-01 7.07465239e-01 1.40790328e+00 1.08317918e+00
  9.57351190e-01 7.12263972e-30 8.36734246e-01 4.09174201e+00
  1.60403184e+00 1.61672731e+00 1.36768339e+00 1.28555922e+00
  2.42726854e+00 2.08564218e+00 3.10369997e+00 1.62927090e+00
  5.98484843e-01 4.84090983e-01 5.69118486e-01 3.72049058e-01
  7.21767801e-01 7.42152509e-01 6.49580983e+00]
 [3.24192720e+00 3.39672299e+00 2.91830112e+00 3.11766272e+00
  2.54703244e+00 2.60968730e+00 2.93948981e+00 3.15922794e+00
  4.84061875e+00 6.01398371e+00 1.97294216e+00 2.60976303e+00
  1.05955560e+00 1.53698312e+00 1.90163151e+00 2.02402794e+00
  1.62572440e+00 4.18624729e-30 1.22952269e+00 4.70283329e+00
  2.18398465e+00 2.27660233e+00 1.98393706e+00 2.40123883e+00
  2.65193643e+00 3.19829593e+00 2.96012287e+00 2.13338414e+00
  9.16206628e-01 1.21656127e+00 5.67240072e-01 7.82561362e-01
  1.14120486e+00 8.02789288e-01 6.62680456e-01]
 [1.69924335e+00 1.70030734e+00 1.14702422e+00 1.07720993e+00
  9.95265759e-01 9.73809875e-01 1.57887786e+00 1.41264989e+00
  2.32524693e+00 1.50196044e+00 5.30531210e-01 6.58099052e-01
  4.82318251e-01 4.79405961e-01 1.03894563e+00 7.62809723e-01
  4.43227559e-01 3.91757446e-30 4.34401963e-01 1.59907825e+00
  6.98450871e-01 6.75647951e-01 9.42395605e-01 7.96717453e-01
  1.00748828e+00 1.31043040e+00 1.45612213e+00 9.70251909e-01
  2.96300737e-01 2.98259229e-01 3.94910132e-01 2.38871616e-01
  2.28640275e+00 1.15414071e+00 1.91015951e+01]
 [4.24669482e+00 5.40064292e+00 4.98164400e+00 3.80044677e+00
  2.30527399e+00 1.90748627e+00 2.01417588e+00 1.90006256e+00
  2.48556901e+00 2.19333757e+00 2.02955597e+00 3.83720131e+00
  1.01511715e+00 9.30127308e-01 1.40778090e+00 1.25391462e+00
  1.06452125e+00 4.44062875e-29 7.29881011e-01 2.26807366e+00
  2.22611477e+00 2.15386662e+00 1.54680217e+00 1.57559089e+00
  7.13709048e+00 1.07251939e+01 3.54276775e+00 3.73144411e+00
  6.68556158e-01 5.86400877e-01 5.36724965e-01 5.27685982e-01
  5.12965875e+00 2.48470994e+01 2.66648346e+01]
 [1.42172255e+00 1.31576531e+00 1.48581398e+00 3.91538839e+00
  2.18273322e+00 1.24381193e+00 1.31610269e+00 1.15613121e+00
  3.09043423e+00 2.40262831e+00 4.84329233e-01 8.96236099e-01
  1.39431586e+00 8.87550008e-01 7.82596566e-01 6.47748178e-01
  3.34211214e-01 7.54645458e-30 4.10688870e-01 3.20755081e+00
  2.48396943e+00 2.87741716e+00 8.95230557e-01 1.25510748e+00
  8.49136683e-01 1.10242662e+00 1.03483970e+00 5.37124355e-01
  2.71722808e-01 3.02220519e-01 3.27032544e-01 2.35124426e-01
  1.77304477e+00 1.45243362e+00 9.38556048e-01]
 [6.09294652e+00 6.72116051e+00 2.38102014e+01 1.52571412e+01
  3.06284202e+01 4.05888830e+01 5.30205588e+00 1.12925735e+01
  6.59349753e+00 1.14226263e+01 4.26378111e+00 4.65047131e+00
  4.56586581e+00 4.55474414e+00 2.50574871e+00 4.14646486e+00
  1.17260473e+00 1.28010884e-29 1.33259257e+00 9.16298870e+00
  2.37515924e+01 7.44162024e+00 9.89029945e+00 1.80684185e+01
  5.00473108e+00 5.78278217e+00 4.59637436e+00 2.36984253e+00
  1.17430053e+00 1.07022443e+00 1.01578859e+00 1.09509823e+00
  2.11379948e+01 1.69165125e+01 2.77252503e+00]
 [8.61182584e-01 7.97253674e-01 1.00061062e+00 7.58118690e-01
  9.93707967e-01 7.69938342e-01 1.17537296e+00 1.54309348e+00
  2.93405234e+00 5.66405072e+00 5.64594668e-01 4.44184847e-01
  3.44795448e-01 2.99553607e-01 6.41611596e-01 9.35768261e-01
  3.42695851e-01 2.68843782e-30 5.31476293e-01 4.47893716e+00
  7.26888036e-01 5.49941443e-01 6.00614311e-01 6.28369172e-01
  7.13063512e-01 7.00073665e-01 7.70572711e-01 5.40524155e-01
  2.29943953e-01 2.18574767e-01 2.71726482e-01 2.39530406e-01
  3.91603672e-01 2.20925616e-01 5.38297612e+00]
 [1.12171826e+01 1.57114103e+01 3.73970572e+01 1.62260964e+01
  1.88802987e+01 9.79662993e+00 9.79839626e+00 9.33927146e+00
  4.57976063e+00 5.14794025e+00 3.18719477e+00 4.03079811e+00
  1.85985162e+00 2.65982365e+00 3.03137986e+00 2.54982788e+00
  1.58332976e+00 9.68544141e-30 1.47400385e+00 5.03782482e+00
  1.40801130e+01 1.87887950e+01 3.31228225e+00 5.05374291e+00
  1.53105291e+01 9.78665480e+00 5.29866560e+00 1.10828186e+01
  1.01306201e+00 1.37202390e+00 9.73856852e-01 8.76165165e-01
  8.49211351e+00 1.05461802e+01 5.52449191e+00]]