[[3.03656924e+02 7.10093329e+02 3.87858340e+02 4.50828644e+02
  7.81767015e+01 6.88542087e+02 6.21549131e+01 8.71988947e+01
  7.65106238e+01 4.90809963e+01 1.48089813e+02 1.22306380e+02
  2.45703914e+01 1.92034655e+01 2.87175847e+01 2.14986457e+01
  6.97489036e+01 1.76144953e-27 1.34890584e+01 5.84369543e+01
  8.67346634e+02 1.20271903e+02 4.36658377e+01 3.56244015e+01
  6.88805951e+02 8.53793313e+02 3.28048298e+02 1.58674241e+02
  1.04513191e+01 1.00848351e+01 8.25441856e+00 5.20888442e+00
  1.52358199e+03 7.12736006e+02 5.98730025e+01]
 [6.51077874e+01 4.40412282e+01 1.17139951e+02 9.64112458e+01
  7.75446639e+01 5.35992141e+01 5.51771659e+01 6.44873355e+01
  7.04239500e+01 6.77996317e+01 3.23716472e+01 3.46514465e+01
  1.40701234e+01 1.55596683e+01 3.13248119e+01 3.39070286e+01
  1.89146722e+01 8.96811467e-28 2.24305713e+01 6.77986283e+01
  4.19574611e+01 4.63688939e+01 3.43082521e+01 3.69162748e+01
  6.94189010e+01 8.08944031e+01 6.05260667e+01 4.87745597e+01
  1.24542996e+01 1.01652202e+01 1.25890576e+01 1.18522707e+01
  8.81958875e+01 1.23139171e+02 1.68717951e+01]
 [4.82703879e+01 5.11048334e+01 5.16851750e+01 5.51748445e+01
  2.57883426e+01 2.22388937e+01 2.01558450e+01 4.03318880e+01
  2.57414852e+01 2.37480483e+01 2.25035152e+01 1.27882035e+01
  5.27933283e+00 5.18303428e+00 1.04151681e+01 1.19456146e+01
  2.10333051e+01 2.08314601e-29 9.12693886e+00 2.20052382e+01
  1.75702268e+01 1.60727062e+01 1.20461638e+01 1.29862887e+01
  3.60230153e+01 4.19148288e+01 4.30681087e+01 3.58607429e+01
  4.73503800e+00 4.85651731e+00 4.27628069e+00 4.28306175e+00
  9.72995098e+01 3.35136841e+01 5.46575338e+00]
 [5.84834307e+01 7.07942003e+01 9.07582285e+01 1.08496126e+02
  2.94176458e+01 3.29242419e+01 1.89221569e+01 2.74309872e+01
  2.05205138e+01 2.33372859e+01 1.64421284e+01 2.97838455e+01
  6.60302945e+00 9.21973193e+00 9.38984839e+00 1.38693130e+01
  1.01860059e+01 1.00787703e-29 7.25167612e+00 1.86879111e+01
  2.60126607e+01 3.24242409e+01 1.39937768e+01 1.63996917e+01
  4.31108546e+01 4.85199638e+01 5.21203808e+01 2.32869242e+01
  4.84283884e+00 6.57172232e+00 3.97281136e+00 4.36411904e+00
  7.05825599e+01 1.28814963e+02 2.71289448e+01]
 [1.04445158e+02 1.41127601e+02 1.40250574e+02 1.37537092e+02
  4.21263900e+01 4.26256991e+01 4.12935034e+01 4.64132760e+01
  4.80261887e+01 5.32047074e+01 2.32556297e+01 3.75258342e+01
  1.39875180e+01 1.07292695e+01 2.27944380e+01 2.35908287e+01
  1.78526706e+01 3.73004940e-29 1.57814532e+01 4.67340793e+01
  3.35192685e+01 4.43811214e+01 2.54900165e+01 2.19866460e+01
  4.94871582e+01 7.14463182e+01 1.13916761e+02 4.27841591e+01
  7.42430912e+00 8.36503482e+00 6.99555446e+00 5.29485765e+00
  9.10201701e+01 5.81908367e+01 5.38700000e+01]
 [4.05303634e+02 3.93268089e+02 2.51951573e+02 9.51099984e+01
  4.53460509e+01 3.48139903e+01 2.82728505e+01 3.51369632e+01
  4.73462375e+01 4.57995633e+01 6.06944378e+01 2.69081026e+01
  1.10133813e+01 7.27340432e+00 1.74436304e+01 1.86824743e+01
  3.09116268e+01 8.85213554e-29 1.38230955e+01 4.53544445e+01
  7.08269550e+01 2.45786620e+01 2.00725751e+01 1.75495591e+01
  3.08626159e+02 1.83600950e+02 3.38537286e+02 1.07216563e+02
  1.28926191e+01 6.62271873e+00 6.74788417e+00 6.96648566e+00
  4.82727792e+02 5.49753571e+02 8.29381118e+01]
 [4.91557186e+02 4.43295810e+02 2.51192731e+02 3.18646402e+02
  6.49042467e+01 7.30570958e+01 6.62325179e+01 5.95620975e+01
  8.69565336e+01 7.70647028e+01 6.37618126e+01 7.93134019e+01
  1.99113403e+01 3.60259775e+01 3.39324780e+01 3.29824770e+01
  4.85140902e+01 3.69995950e-28 2.44288973e+01 6.67207153e+01
  8.22036428e+01 9.28311223e+01 3.96935306e+01 5.66824469e+01
  1.92364602e+02 2.02574160e+02 4.12047091e+02 1.29657418e+02
  2.26688542e+01 1.78564724e+01 1.54787267e+01 1.02259288e+01
  7.13873981e+02 6.61498493e+02 6.46774442e+01]
 [1.13894370e+02 1.09947998e+02 1.78793037e+02 1.32148492e+02
  6.84537411e+01 6.10596722e+01 5.48683894e+01 6.05505692e+01
  5.51004952e+01 5.67088405e+01 4.75058948e+01 4.34409120e+01
  4.09687710e+01 2.40032665e+01 3.62852630e+01 3.90638685e+01
  3.22311882e+01 4.82846401e-28 2.63675123e+01 5.15005411e+01
  6.85660553e+01 5.49234763e+01 4.40938095e+01 3.97478563e+01
  6.75011919e+01 7.66800748e+01 1.08320848e+02 7.63081286e+01
  2.12286019e+01 1.95192337e+01 1.82603907e+01 1.81214865e+01
  5.22890019e+02 5.86715248e+01 4.04346972e+01]
 [6.76578270e+01 6.66044410e+01 6.55241697e+01 9.29471133e+01
  3.10986195e+01 3.59208449e+01 3.23595829e+01 4.15222107e+01
  3.34680781e+01 3.77852496e+01 1.66139941e+01 1.80928577e+01
  9.86292818e+00 8.36857103e+00 1.54958891e+01 1.34862855e+01
  1.73903748e+01 3.87569920e-28 9.46873517e+00 3.68587223e+01
  2.68156225e+01 3.09123245e+01 2.23824860e+01 1.74544754e+01
  2.87175905e+01 7.87550022e+01 4.72698547e+01 1.74490893e+01
  9.88261272e+00 9.56514806e+00 6.10425960e+00 5.28461612e+00
  1.14707646e+02 2.10038903e+02 5.16827610e+01]
 [2.94935244e+02 1.75587421e+02 9.68275686e+01 1.48325244e+02
  5.43630547e+01 4.77089313e+01 6.46342800e+01 2.51076441e+02
  8.34707101e+01 2.84916877e+02 4.13987562e+01 5.12165338e+02
  1.62739844e+01 1.64920758e+01 3.61107999e+01 3.78855537e+01
  2.35331880e+01 1.03093972e-28 5.25429519e+01 3.21176986e+02
  1.11183859e+02 1.55210897e+02 1.11504001e+02 1.15147860e+02
  8.01959101e+01 3.99929485e+02 1.50801068e+02 1.59104565e+02
  1.19563148e+01 3.47645257e+01 1.12519714e+01 1.03402078e+01
  8.53162233e+01 9.57632906e+01 2.26522247e+02]
 [5.49941215e+01 6.41444769e+01 7.37743578e+01 7.95458034e+01
  6.29001629e+01 3.71551934e+01 6.00264034e+01 3.32151830e+01
  4.39604090e+01 3.56336055e+01 2.35595127e+01 2.70708177e+01
  1.01504471e+01 1.00608005e+01 2.15183017e+01 1.59499334e+01
  1.97350551e+01 8.45967331e-29 1.13120506e+01 3.48605879e+01
  3.16652479e+01 3.28910706e+01 2.60114137e+01 1.93769649e+01
  3.33805304e+01 5.41663782e+01 5.87867260e+01 2.99739378e+01
  9.03761428e+00 8.78745098e+00 7.65562668e+00 9.29125562e+00
  9.72177169e+01 9.65464075e+01 2.31064779e+01]
 [4.39090102e+02 4.46918604e+02 1.32328685e+02 1.50497314e+02
  6.43048678e+01 6.15482025e+01 6.55379505e+01 5.52591301e+01
  9.74572896e+01 1.09000312e+02 6.66985469e+01 7.29197163e+01
  2.11185290e+01 1.59108841e+01 4.31108120e+01 3.24615898e+01
  7.21838985e+01 1.62085486e-28 2.40031648e+01 9.18468378e+01
  6.34020327e+01 4.98913158e+01 4.40687111e+01 4.57221114e+01
  1.87264697e+02 1.70230905e+02 3.97418491e+02 1.27044972e+02
  2.07910787e+01 2.78848315e+01 1.14569733e+01 1.09955350e+01
  6.93338379e+02 3.90481982e+02 9.25065167e+01]
 [4.88104628e+01 7.03585779e+01 9.17768415e+01 7.81757367e+01
  4.10180713e+01 1.57655736e+01 1.74207858e+01 1.06966089e+01
  1.32991051e+01 1.05727753e+01 1.46163592e+01 1.57991218e+01
  1.05834358e+01 5.50129803e+00 9.12088415e+00 5.30658230e+00
  6.07785501e+00 1.15428966e-28 5.81815942e+00 1.75531599e+01
  2.50948091e+01 2.11485201e+01 1.74054109e+01 8.13938393e+00
  3.51449816e+01 3.29544566e+01 4.03393333e+01 1.28210151e+01
  7.32932056e+00 3.55030760e+00 5.36116587e+00 1.92387143e+00
  2.76043014e+02 1.18099176e+02 1.94034456e+02]
 [1.17657007e+02 1.57107326e+02 8.06916084e+01 1.57928161e+02
  5.88526394e+01 8.12478714e+01 6.84615022e+01 9.89556941e+01
  6.29562070e+01 7.51793100e+01 3.56258820e+01 5.54904386e+01
  1.24026359e+01 1.98696170e+01 4.24270785e+01 3.74476582e+01
  3.32258142e+01 1.04391478e-28 3.26630375e+01 5.75440505e+01
  4.16007536e+01 6.05933070e+01 3.68827006e+01 5.23200407e+01
  6.35572157e+01 9.33433112e+01 1.13168488e+02 5.51442309e+01
  1.41302858e+01 1.74821027e+01 1.67405151e+01 1.41312441e+01
  2.84058974e+02 1.53898018e+02 9.98000148e+00]
 [6.45060875e+01 8.29290694e+01 5.79249008e+01 6.29062976e+01
  2.68147431e+01 2.87819451e+01 3.00709617e+01 3.59631566e+01
  2.95351448e+01 3.08156566e+01 1.37835379e+01 1.54019964e+01
  8.18830409e+00 7.23785409e+00 1.68301871e+01 1.55787761e+01
  1.09643375e+01 1.10783331e-28 8.59883162e+00 2.72928170e+01
  2.19078141e+01 2.27468066e+01 2.01642688e+01 1.71640677e+01
  3.98688759e+01 6.33774507e+01 7.07448617e+01 5.05620405e+01
  6.65419279e+00 5.37499583e+00 6.21102257e+00 4.33841621e+00
  3.11645635e+02 1.74627915e+02 7.16645928e+02]
 [1.25123473e+02 1.17897365e+02 1.14558686e+02 9.67171821e+01
  5.50934786e+01 4.64925525e+01 5.22546008e+01 5.46663974e+01
  6.08219596e+01 6.29010028e+01 3.82248485e+01 6.57619361e+01
  1.47831635e+01 1.22125137e+01 2.54512400e+01 2.41898320e+01
  2.00488220e+01 1.36040147e-27 1.69817590e+01 5.70059722e+01
  4.10959001e+01 4.16189626e+01 3.03578710e+01 4.01471152e+01
  1.52720398e+02 2.00387935e+02 1.21538767e+02 7.93444506e+01
  9.78761145e+00 7.50711894e+00 8.69518269e+00 7.44467727e+00
  1.92322078e+02 1.19274565e+03 5.23203859e+02]
 [8.86730455e+01 9.01544755e+01 7.03187980e+01 6.13332305e+01
  3.52340928e+01 3.55429847e+01 3.74289085e+01 3.66697645e+01
  4.15828680e+01 3.99059820e+01 1.17748751e+01 1.93083344e+01
  1.36395269e+01 1.03287152e+01 2.22892109e+01 1.66464229e+01
  1.12006758e+01 2.47655294e-28 1.13159204e+01 4.28254316e+01
  2.59608508e+01 2.47466706e+01 2.39176979e+01 2.18377347e+01
  3.01750623e+01 4.12720383e+01 6.84094838e+01 2.02199984e+01
  5.43428574e+00 4.81749857e+00 7.72603866e+00 5.65958400e+00
  7.63010227e+01 6.15087603e+01 2.48139419e+01]
 [3.11878799e+02 1.55911750e+02 4.82274475e+02 4.44755645e+02
  1.36972981e+02 1.11976805e+02 6.03866850e+01 6.18850559e+01
  6.97614746e+01 6.41589384e+01 6.39390286e+01 6.67681949e+01
  2.52945930e+01 2.32689657e+01 4.13244171e+01 3.15426280e+01
  1.80266132e+01 1.78014813e-28 4.07922792e+01 6.17210230e+01
  1.09239099e+02 1.15283434e+02 4.64563389e+01 4.39262967e+01
  1.68816529e+02 8.44999210e+01 1.39619905e+02 4.56621211e+01
  1.62487395e+01 1.28192357e+01 1.80403644e+01 1.43738026e+01
  2.44622523e+02 8.48077195e+02 1.81865210e+01]
 [5.61212393e+01 5.88321850e+01 5.40655737e+01 5.96437318e+01
  5.43392341e+01 5.55742295e+01 6.23859558e+01 6.19905897e+01
  7.30352488e+01 7.15824958e+01 2.63544702e+01 3.58873682e+01
  1.44647475e+01 1.27034263e+01 3.23940350e+01 3.14365812e+01
  1.96218475e+01 6.76046802e-29 1.68874782e+01 7.12749869e+01
  3.42740475e+01 3.41976010e+01 3.88606817e+01 4.58128340e+01
  4.29249357e+01 5.51892909e+01 5.43462080e+01 4.10229502e+01
  9.49383030e+00 8.86853843e+00 1.07740376e+01 8.30446330e+00
  2.05575206e+01 2.03331335e+01 9.93143640e+01]
 [7.69195019e+02 6.33087615e+02 8.25762253e+03 2.45999744e+03
  4.01547082e+03 2.27459719e+03 8.01782809e+02 1.34535998e+03
  4.33421900e+02 6.85478088e+02 7.76750389e+01 1.31018107e+02
  6.38482004e+01 5.00343723e+01 1.71709158e+02 1.14919479e+02
  6.22892582e+01 5.51408799e-28 5.17427978e+01 6.19198648e+02
  3.28053593e+03 6.49091488e+02 3.65381539e+02 3.06528641e+02
  1.00564519e+03 6.24371427e+02 2.32776537e+02 1.93856314e+03
  1.59372504e+01 1.80213593e+01 1.88961882e+01 1.19186364e+01
  3.33720384e+02 2.84826711e+02 6.77687868e+01]]