[[ 4.14995414  1.75199817  3.18612341  2.68443141 10.74125506  1.92270589
  11.58827442  8.64167496  9.54147777 10.61205381  4.36916208  4.90200499
  10.33757984 10.72659673 11.33515146 10.88714305  7.07774549  0.97795696
  13.27866831 10.44770884  1.23751638  5.8307152  11.71644339 10.78503707
   1.53783264  1.32719301  3.5048803   4.47851284 18.7222788  16.16660086
  14.015511   14.52466074  0.89549913  0.44889721  9.784441  ]
 [18.53047737 23.83694676 13.89530782 16.26041985 18.82788075 21.74873608
  21.38033797 17.77417893 15.87825045 15.19906419 19.77271682 21.99414181
  19.97956769 22.26784426 20.14198812 18.22964455 24.56685013 18.62288657
  18.24583508 16.13251288 20.6721507  20.53679921 21.56928164 20.71989503
  15.50905445 15.03950725 19.90738227 18.53575266 22.74903921 23.55208695
  18.55229643 18.89620204  5.7189475   3.7671476  12.42201678]
 [10.15049931  9.53599942 11.43070336  9.26323525 12.12179889 11.6783609
  12.69353769  7.52355715  6.06449138  5.47708278 10.80347721 11.34614927
   9.88395981  9.41082022  8.13281325  6.7194073   7.1157458   9.62856254
   6.19284889  6.40775007 12.6519985  10.97569309 11.13987499  8.84755385
  10.56514416  9.19540757 10.1963119   8.95453235  9.50153413  9.71828835
   6.8512832   6.96651392  2.8026015   6.50376605  8.25314716]
 [12.17653228  9.62558255  8.25074875  6.99350052 13.45921614  7.50129787
  13.44773935 12.32590496 10.52527266 12.1229665  12.76827954  9.64961347
  12.75568838 10.99863441 12.79788119 11.59684924 15.36094985 12.89560013
  12.95409767 12.83041236 11.12570199 10.59378873 14.95646757 12.47822975
  11.15700669  9.40363225 10.78528025 13.19996373 14.63216085 14.33506304
  13.32483744 12.48276277  4.28182864  2.29578528  5.20502687]
 [14.92538826 13.3329218  14.25495488 13.850489   19.08245625 24.67591498
  32.17251776 29.83336221 32.34153775 32.0325584  22.37088151 19.09731694
  24.77790666 22.73512669 32.91184023 28.24719271 20.38294292 15.18046641
  31.65680041 33.49469333 22.15208118 21.07903147 29.44197997 28.39167991
  19.289725   15.95994243 14.02309143 18.02314356 20.81820989 23.13011145
  28.10236922 26.10924328  4.47653624  5.4971429   8.16494323]
 [ 4.10602571  4.29131842  3.77314375  7.57758498 10.56812134 12.29167584
  15.17703033  9.61181271  9.63847718  9.26578879  5.09389717 10.56693079
  10.34504881 11.00401359 11.60937879  9.99736787  7.95213483  7.90799277
  11.00584859  9.89465844  4.67967298  9.716813   13.82162848 11.53612276
   3.17549486  3.72135606  4.68761973  5.14158246  8.52355803 13.14432032
  13.4470198  10.31355105  2.93766719  3.08792135 10.67858016]
 [ 4.70137735  5.07489941  8.47403361  6.64278572 18.61054435 13.83073577
  16.97488032 15.81717039 10.74036287 10.87504138 11.44671432 11.09895757
  18.17213096 14.29645841 15.31031778 12.17928654 17.49378765 16.94304707
  13.70594609 10.4973741  13.24231957 10.19485878 19.42925783 13.49285356
   7.23803506  7.58145172  5.24296234 10.77145976 15.07260988 17.12665424
  13.89987052 12.5643887   2.53577595  2.25217157  6.16028536]
 [15.22416095 15.59048998 12.05485134 14.32254252 18.65094448 20.50042109
  21.64896632 22.48476189 21.72507664 20.40617831 16.07176598 17.46149238
  13.91992297 15.50373533 17.85201353 19.63193614 16.97514002 18.92036061
  16.29085493 21.4351092  15.85823206 17.27707849 18.20557041 20.6377044
  17.07710286 16.66071125 15.56380783 15.57494975 13.82498497 14.13649292
  13.93577307 14.71574737  9.64961488  4.65657492 11.37393503]
 [ 9.25216869  9.32552079  9.81899861  7.13467481 13.78057659 10.87138307
  11.21456272  8.60385055  8.00618415  8.13969461 13.80281573 12.78550045
  14.49123008 12.72042856 12.41490482 11.31995813 12.56571023  9.23349975
  12.13611532  8.24171856 12.97847822 10.33962991 12.56337887 11.82070572
  12.00565233  5.99572983 11.23256143 14.25777951 11.18574853 11.01409005
  13.89074593 12.52253089  2.85680742  2.31322538  6.73464165]
 [ 3.10184512  4.06904056  6.5605494   6.73453863 10.11990618  8.62057281
  11.20852163  6.65551102 11.53106662  7.10097356  7.60575376  4.76671604
  10.64230668 12.02288974 11.88335867 12.70219457  8.54651481  5.91381742
   9.41056878  5.75758212  8.32851106  5.85476238  9.80921279  7.24317223
   6.9297815   4.71085538  5.00611695  5.50393065  9.35366843  7.14397997
  13.19646949 12.66855804  5.11577663  2.26815135  6.32991373]
 [12.10787774 12.25849675 11.20302183 11.90749582 11.02283695 12.87910603
   7.72790783  8.01051658  5.60912836  5.85223485 11.99084298 12.22719883
   9.56170733 11.44230154  7.34776594  7.20852461 12.0004719   9.95725147
   7.05323237  6.07144509 12.8451436  13.29286757  9.44881665 10.70809158
  12.89915796 11.9595942  12.21755875 13.6612896  11.56973694 10.300432
   8.19610849  9.02333005  3.42676204  4.77880561  8.7752615 ]
 [ 6.21118853  6.27221764 17.34464382 15.8784745  25.11841055 25.34051636
  23.4914366  25.36983978 19.73753847 18.83057555 16.08334751 14.45762005
  22.70424746 23.88319907 21.97174667 24.31949878 14.69250575 14.90923475
  21.566308   19.32185133 21.13160071 22.04764436 25.20247119 23.86705721
   9.5838766   9.7346566   7.23389507 12.00143509 23.28178223 19.09723704
  25.27834848 23.59795816  1.73276921  1.51575029  9.47254718]
 [ 7.21806863  5.95485538  5.61521371  5.38058072  8.60856254 11.31270215
   8.04269569  9.80633556  7.05588035  9.11600775  7.26435328  6.68123045
   8.52716089  8.10254008  8.81233642  9.81086519  7.9581564   5.99274254
   9.17642081  8.88396068  7.67019483  7.069233    9.25666775 10.70481019
   7.20275     5.95024618  7.44569235  7.58127894  7.08898682  7.3942724
   9.12060796 10.05173675  1.24523736  3.07149238  4.3416594 ]
 [42.73391734 39.39050851 44.68588134 38.00566704 47.4132981  46.98961222
  38.39256786 42.20766323 38.07787271 36.8933173  45.0652203  43.33370778
  41.36746535 45.21555129 35.82590736 36.94501409 46.65052507 38.86642829
  37.71892986 41.55232915 45.67944658 45.37983635 41.50292245 44.52617027
  44.73658594 41.58695057 43.4505554  46.47594768 43.21431276 42.3132734
  37.38398988 33.79947981  7.72960416 11.42181587 20.14632198]
 [ 9.5842606   8.64581577 10.06598332  9.73335176 13.23803807 13.06273042
  10.26372247  8.64913887  7.42548782  6.272377   11.62342163 14.37276067
  10.22546191 13.9169455   8.93185757  8.04028395 11.97921451  9.19472921
   7.91564329  6.80243778 11.95699159 13.41777913 10.90863255 11.2141865
  10.35584309  9.03191463  9.39876614  8.67375616 11.34974064 14.40989634
   8.60374147  9.38331955  3.46891324  4.68456677 10.62128832]
 [15.77853745 18.20165651 18.34124282 20.62369294 28.31754698 28.49791634
  32.10134924 31.2255207  33.73635397 32.39181484 20.94816003 18.25815729
  25.45821937 25.67790008 32.10161113 29.11432994 23.28047401 23.40615282
  25.2978031  33.79467321 23.67910211 23.42586575 32.51755375 25.58232716
  14.70655009 16.10868416 15.24827322 17.11393912 23.84105463 24.03142776
  27.79404009 22.59576227  8.92505257  6.93558938 11.49879738]
 [10.24080674  9.33445138 11.43094783 11.67642157 18.0068414  17.44044445
  18.22938359 16.76817704 15.86230524 16.41883952 19.45770856 14.57256705
  15.75934566 15.23053524 19.0262924  17.70572602 15.29384895 17.04971169
  17.36281909 15.64071799 16.40823693 15.32888892 19.32604474 16.5608447
  14.87503724 11.96530577 10.57569201 14.32323778 19.71854107 17.23547256
  17.15843042 17.95530788  3.76332795  3.95881871  7.35467423]
 [19.7258927  27.6677544  16.22321223 13.69956034 30.31403705 24.52641022
  33.13230096 25.42918118 26.21833943 25.7810753  33.94096015 26.84191289
  32.77666461 25.75392061 27.33584111 25.27495433 40.38983925 25.12820357
  29.02505531 27.21651663 28.79670286 23.1843482  31.37629916 24.91874136
  23.11905067 29.10683734 28.33366488 37.15673058 38.79858122 31.43244459
  25.5182674  25.91932409  4.45241662  1.65420019 13.68552138]
 [29.73631784 28.62879301 30.60421888 25.93203335 36.30808458 31.48693676
  36.96013109 32.53602453 32.35625787 30.26447787 30.42233936 26.57251177
  36.38247127 31.88588602 38.32379274 34.30457168 32.43913634 31.03526328
  33.56398509 30.77487675 32.97310756 28.9094278  38.87318375 31.88350731
  28.51224035 25.13289978 29.68027529 28.06591542 31.37575321 34.01238161
  36.97766235 32.42723346 19.52464656 19.60437733 20.33416351]
 [ 3.54421814  4.57648339  1.03481704  1.62786731  0.99962335  1.35530431
   3.65381005  2.62808072  6.11725854  4.60564895  9.66301264  7.99320976
   6.71438416  7.6928164   6.29421464  7.5536392   8.78939957  3.82991036
   9.94721112  4.80100084  0.82138765  1.83814693  3.69730787  5.41014663
   3.75494654  3.83249336  7.43754771  1.43826164 12.79561782 12.91011035
  11.89456199 13.79388657  4.73538264  4.69460134 10.18207062]]