[[88.00828946 94.75582093 90.28756691 91.48559354 58.16580369 90.93744159
  32.01362759 28.95125103 26.33192414 23.05121622 87.99455525 85.15352392
  49.35678032 58.4670521  27.67517477 23.17370311 83.52162377 94.82953793
  26.35180913 26.54186131 95.9907984  78.47765736 42.45840585 34.16046139
  95.78761129 96.1306354  89.74661479 88.2126594  56.6256718  59.43992113
  30.67222182 31.09039265 97.72339277 98.3338153  74.18644471]
 [67.38088955 61.48016442 77.55311484 74.3864033  69.71358058 65.39862548
  57.93945851 60.6285914  54.39121426 59.77317204 66.59995583 64.15542184
  50.70132021 53.65123275 55.77278886 62.5109608  61.1359166  69.76791084
  65.07451856 59.70446307 65.58684468 67.58614743 55.42347199 61.94142143
  74.30574245 76.14968187 66.86591053 71.21205396 60.72438155 60.21889188
  56.86311651 63.06015959 79.95242731 86.6759384  60.3426501 ]
 [56.384647   58.95998767 55.39963252 59.19430565 33.04836403 34.95120109
  21.42193145 32.33251768 14.44903903 13.65881738 52.6764551  43.13082253
  22.47853501 26.26711555 16.82532253 18.75027759 63.98020558 50.42931937
  19.27689425 15.42740349 39.19956425 38.76946025 20.98762675 22.73965982
  54.37560917 59.03094722 55.06787762 60.11541379 37.67742168 40.3326899
  17.60944947 23.12630793 91.59180161 77.2679489  58.85007935]
 [59.32790901 63.04263876 70.75778892 74.85571368 42.46023402 26.30969524
  24.26495131 27.44171627 18.48624331 22.34526228 52.19936777 55.14197793
  46.61670014 48.60386072 25.16500573 30.74776834 49.85354104 44.19203853
  27.94021423 21.35240711 55.47088395 56.56370937 33.31526834 34.11567662
  58.25535589 63.46699414 60.25719753 52.20731884 45.76854852 50.38791445
  34.42049995 37.42264126 86.06079522 92.42869603 73.80799115]
 [67.12463624 72.76281068 69.89796851 72.44926656 29.67267495 39.54444948
  35.05482202 33.60805681 32.6856194  36.7852331  46.13879938 56.19801655
  41.26638426 35.68943077 32.27022357 32.74448874 48.5395969  56.86803401
  34.51206781 33.57441624 45.87726508 54.97849281 33.01466451 31.04616659
  56.70130763 65.65445284 70.24134549 58.68986636 41.12755494 42.63188878
  31.46119598 28.28377706 89.90409628 88.70506457 71.77215109]
 [92.35333319 92.32356834 90.26450444 80.30235369 64.26750586 61.73756604
  44.24616332 34.63854821 36.93493234 41.95044895 86.02542995 74.21833429
  53.37059758 45.09063147 46.23731537 45.85427762 82.39218951 64.93514069
  55.03311715 42.60326832 60.02754005 54.92607435 53.05417427 44.13850429
  93.2419502  92.13753585 91.43009133 89.67766678 75.47880952 65.65868766
  53.06534494 59.24503578 95.23828418 95.41978159 66.12792363]
 [88.21199247 87.75599039 78.62996863 81.65199428 44.50644131 42.90169682
  30.14234867 22.74933067 22.61161045 18.21708456 67.58086087 70.40030208
  45.23608465 51.03147228 28.73208019 21.44510111 63.78104082 24.20289577
  19.09230366 18.43623194 63.98513151 65.04269774 35.37921478 36.7025462
  80.88349598 81.19819946 86.89256143 76.52427009 56.68185362 54.1879203
  36.0289963  23.68023917 95.28662337 95.21199351 73.25010346]
 [51.64345038 50.61223155 62.36200993 54.72518134 38.63851213 35.66228969
  29.64507891 29.46120996 27.09585022 27.62453796 34.91567587 32.018076
  32.43017375 22.0140161  25.63951808 25.7849096  27.4850451  28.18525864
  22.64309499 26.4641748  41.89630811 35.6337478  29.95714315 27.07997224
  40.64008094 43.12909328 50.63843997 44.60601126 21.92610067 20.54012724
  18.73983693 18.38929888 25.0912407  89.40421159 72.89667937]
 [69.41577417 69.46734218 68.09617222 76.92280204 45.65679173 51.20615114
  33.87873635 30.85843535 24.17596874 24.66078606 53.03233051 55.95185662
  46.86105883 45.71654685 37.27895861 30.46717444 60.19926922 55.42603588
  35.24385363 26.61255072 56.42944005 62.66070263 44.49011996 37.02601418
  58.9964721  79.95558001 63.82083915 50.83746615 61.30201916 61.37422093
  41.13482529 39.30643876 91.11535398 93.53058681 71.73187684]
 [92.89336008 91.20754371 83.61659217 84.68230809 77.59042787 80.40781524
  75.15028035 82.54794969 73.67323312 81.64350587 82.3016505  88.30067972
  77.09531305 71.05018344 74.45903798 69.84331592 80.23391754 82.9752439
  75.9264505  85.33586752 80.20002409 85.88686113 77.31511613 81.73469012
  81.78681063 87.99362745 89.19639111 90.01271413 76.84594797 77.59912184
  69.17939295 64.57205497 86.82139358 92.84531712 79.80501883]
 [50.76901397 54.24143208 50.67455518 56.13971372 39.07876907 32.71962078
  19.59054766 15.86602519 13.34220889 14.36026792 50.42329618 53.30187144
  28.91560991 34.85020752 22.78564317 18.51486531 55.78864116 46.57717171
  25.24610004 15.14945692 41.77641318 46.0051473  27.09987119 25.56487349
  48.46224063 55.8411176  53.60093615 52.74064348 49.24811813 50.86111738
  31.11567193 38.37442154 87.94983251 85.1299653  63.95710099]
 [88.48897013 88.3357243  67.94048514 71.12850278 50.70783908 49.98281774
  43.83339712 40.51744114 36.42789624 40.22145945 68.13475425 70.36959084
  49.22764869 42.31982434 46.41210983 41.52405063 72.48030539 50.57995977
  42.72117219 37.47746637 57.7810735  54.52609138 48.46107285 47.72750806
  81.5067371  79.74807158 86.85591765 77.33182441 55.51613008 62.48434326
  41.7484402  43.94548526 96.49108338 96.76014135 67.01768356]
 [56.20342027 62.87558736 71.3198013  66.88855684 51.32049185 30.73424836
  17.43150885 13.7427927  11.45488619 12.78527461 43.90337647 45.12948685
  46.02944119 35.9510022  17.62542566 15.60530432 33.29643779 58.40041889
  22.81153384 21.04612898 53.2634093  47.80894204 32.92220021 21.29253681
  55.62916512 54.73291072 53.3345409  39.44278452 51.55120886 36.0713521
  30.16874573 21.94822598 96.11874645 89.68659776 74.29818554]
 [31.14458847 37.24476887 27.21448085 39.96391515 22.35604058 26.63441534
  16.26145661 20.57254275 14.71210416 15.01568572 23.35622547 27.78365252
  16.9164192  23.11177488 15.37941691 16.16679409 22.66705805 25.4411384
  17.97066053 14.97067948 24.05030373 28.27576733 16.63596847 22.8028357
  25.57180372 31.45823803 30.68153568 24.62601388 22.44249635 25.01556099
  16.64892614 17.46317258 87.1902333  81.68457655 52.02945235]
 [63.54244101 68.25779902 62.475422   65.91394889 34.91982907 44.42461962
  20.79530489 23.96024182 15.06487483 14.37843317 47.0184357  46.3484329
  27.61864406 33.8902409  18.66051579 19.42520876 44.21884174 32.47129164
  19.50848719 15.28486393 46.76634091 52.19656821 25.46517409 29.49991743
  60.04310035 66.75677447 65.76448034 66.17475378 45.35022052 41.9251562
  19.5547882  23.40777345 92.29125475 89.16551332 76.17256178]
 [71.85068802 65.78018437 67.16422554 65.11132275 56.68096166 55.96509099
  52.87196988 53.64739183 49.88207715 51.73889699 63.72442747 64.80592305
  55.48283365 51.2466282  49.39544274 50.99484799 62.37010729 62.05392698
  56.90432641 49.64268105 61.65635925 61.15697102 50.67181604 57.64646435
  69.33777371 65.77969689 73.3430863  67.34970557 59.62569737 57.90368119
  51.47245292 53.12238674 79.06504832 83.03435169 66.9925896 ]
 [79.60208659 81.06938765 76.13527324 70.31614145 59.09087266 61.04020266
  57.34935126 58.96756492 53.8388732  57.29938123 59.67805669 64.74896462
  56.40305832 49.72841144 53.07488615 53.72122325 66.77197321 61.26418966
  56.16179615 56.78287052 59.67972569 56.23844968 55.01039351 53.4539251
  68.94616662 73.40820576 78.85076503 69.80066919 57.63476022 53.9996037
  52.55488897 53.12680726 88.70590403 87.97007052 77.73241169]
 [66.45833488 50.05443242 70.13871524 72.75941922 35.00695724 31.05692791
  18.99140694 16.31594035 19.55399231 16.79042199 44.36393883 45.22567045
  28.13184414 25.42359253 22.12088062 18.51674107 26.09992826 23.54128346
  28.97941853 19.57423715 42.79299365 50.55355115 21.58066636 19.62168569
  60.95079446 44.09187692 50.9382769  34.30323068 33.16993421 31.31329095
  23.28897653 22.38170489 81.26007064 94.27379553 56.35890219]
 [48.18073769 50.16391991 44.04120455 52.02466336 30.34900898 38.60571345
  28.47890167 33.47797491 35.34054329 37.14049171 44.89718566 54.25011811
  31.76242891 39.78838733 30.35300633 34.60448988 44.98846231 42.99338573
  32.30786861 37.21311651 38.1178582  46.42453415 26.86413581 39.62194838
  48.9314769  56.00523361 48.71140419 52.5323327  41.60912714 40.23178197
  30.53584002 34.88464589 62.85215213 65.13028891 52.29711366]
 [89.47334838 85.08904991 96.30635613 95.0493206  96.13150967 95.73269617
  84.68978105 90.01841973 77.5290773  82.14373477 73.54587679 79.15963439
  75.71833964 72.15481724 74.10315169 71.74196616 78.08548814 86.5465912
  59.63908698 82.92821279 97.02027662 90.90870592 85.95741785 81.49482896
  87.64384793 88.79404538 80.7090336  95.75093681 63.82763852 64.14164324
  53.55463928 52.30235264 85.6777564  83.49700796 55.67172052]]