[[ 1.83064627  0.89186296  1.38713698  1.21660843  5.5384938   1.01915836
   4.88443633  3.84027777  4.49806833  5.0087658   1.95078759  2.59555021
  11.18502289  7.23777683  6.95564542  7.29772471  2.66445834  0.65585164
   9.44244076  4.90135719  0.70970011  3.22161647  6.41732351  6.22198635
   0.67050906  0.65887865  1.52502059  1.69680846  7.21434166  7.58754915
   9.22529419 10.28496976  0.55215969  0.4251733   5.63933297]
 [ 5.3312311   4.96002111  3.37063461  3.92902176  3.2030271   4.70175152
   4.0887377   4.8394716   4.47597283  5.6191336   5.05817164  5.73430902
   4.99506165  5.26547772  4.67706869  5.02600155  4.44859998  3.77798537
   4.43102036  5.09806573  5.03192413  4.85591578  4.32341906  5.22642155
   3.85047206  3.43871623  4.62946105  3.40892875  5.43446691  5.55075639
   4.56069078  5.0373782   6.82567149  5.03103338 10.4947261 ]
 [13.61125755 13.13671875 13.6885439  13.35838309 22.57594889 20.76304309
  22.50328923 17.74113611 14.86361887 14.53196988 15.27181561 20.07013166
  25.134013   25.48242881 21.66047874 20.55906188 10.25357531 14.76399151
  18.22264668 15.6984071  20.05049921 22.00185147 23.59977571 22.4987285
  14.17273504 13.15917887 14.259789   12.38281363 23.9632289  22.70081618
  21.13282924 21.85654663  2.61063226  7.19461725 12.33213483]
 [ 8.9962834   9.6186334   6.13518966  5.63554386 10.76234707 28.04999598
  14.21209684 12.14424384 16.35108224 15.57420721 10.73527293 13.98513752
  10.78575543 11.39537438 14.71907875 12.89051284  9.73710506 10.75137117
  13.27864778 16.23607387  9.51854332 10.945298   12.18840091 13.9962242
  10.22878167  9.05629577  8.80810525 10.18795907 11.35228569 12.48135439
  12.85993991 12.47145792  4.13846959  2.3333703   7.80489805]
 [ 9.0163799   7.01896556  7.98440894  6.93383319 23.41064463 16.93819551
  14.04754264 13.96741802 14.30622004 11.46100205 16.80373739 13.70850347
  16.79015865 19.814073   14.47224892 14.98661819 15.73248121 14.22501509
  13.49250509 13.04362025 15.50609874 12.42923064 16.32418727 17.58783235
  12.28374651  9.62098753  7.87428102 11.84502355 20.79124591 19.83431426
  17.57345343 19.1372639   2.55160786  2.4949181   9.72765099]
 [ 1.31623707  1.25795471  2.30622332  4.41820651  9.23541303  6.70713441
   8.19189763  8.96059968 10.24567762 11.06672923  3.57206428  6.07645871
  10.51782076  8.99384205  8.59180298  8.05913478  3.28027639  7.02197787
   7.72605265 11.46167719 13.4731662  11.36252749  9.28720004  8.16036902
   1.40335172  1.67767462  1.40972854  1.85176232  5.81337519  8.03538932
   8.58261263  7.23756747  0.70577132  0.49824117 11.41801165]
 [ 2.69130082  2.65236802  4.48366616  4.195694    9.71238698 13.70705693
   9.70073702 10.28540077  8.48380867  7.81631792  8.03608503  7.05736531
  13.10563274 14.01026284 10.64058104 10.21301059  6.290524   11.68703728
   7.3256978   8.46571411  7.8418058   9.3009458  10.85829474 13.6071207
   4.45032122  4.09646141  2.9731671   4.62968839 10.69268112 11.56940599
  10.37230332 11.23134313  0.74901494  1.04151203  7.91625212]
 [15.10202033 15.48330651 11.68094254 14.42665474 19.09932374 20.13965813
  19.27129542 18.14821085 18.57445415 20.19135646 23.14037684 23.90327526
  25.49249798 29.36029285 24.06119559 22.88364339 26.21809607 24.24643695
  27.88418663 20.07158533 19.76020834 22.348378   22.90012103 23.23427695
  19.4060614  18.5862606  15.32105165 18.61087184 31.07840211 31.71716875
  31.81718412 31.47250127 31.47304229  2.63800372  6.5207243 ]
 [ 6.4086468   6.07990144  5.08337931  4.89749959  7.37722452  7.09580914
   7.58148216  4.87801089  5.74708043  5.44284287  9.68166212 10.2153237
  10.10588724 10.89571208 10.11692021  8.58495365  7.28735456  6.25214118
  10.30616064  5.98203696  7.51202122  8.49108289  8.44940258  8.31595033
   7.98089635  4.29713746  7.09783927  9.3426308   8.57791065 10.00986364
  11.32952757 10.44011271  1.5833281   1.42918736  6.69527627]
 [ 1.79389652  1.98712697  4.68467869  3.79005107  5.30848118  4.31154127
   4.93031464  4.330704    5.87169461  5.05686479  4.43440163  3.09698077
   5.25369929  7.60015918  4.82988084  6.45154098  4.90730633  5.02700436
   6.80726707  4.06076073  5.05904196  3.66028348  5.61842976  4.73683665
   5.61233279  3.28392975  2.515359    1.90277516  6.04454482  7.12865717
   7.71929638  9.96712008  3.69575535  2.22966798  7.26490905]
 [ 8.03155261  7.43211561  6.79317526  6.51223764  5.91898144  9.06096939
   5.07357795  6.11890398  6.82849636  6.68947371  9.49920712  9.96750796
  17.22242828 15.90853603  9.76110428  9.83067703  8.4257547   8.16935191
  10.69377611  7.3194734   8.55648437  9.11095475  8.6544181  10.37218869
   8.84797985  7.20161942  7.45978681  7.82202369 10.55304446 11.05478763
  13.82914676 12.63886388  2.0023088   2.3594913   9.42633594]
 [ 2.11596333  2.08951272  5.65865382  4.83065905  8.66440339  8.89786409
   8.08271693  9.37605919  7.00385554  6.78304472  6.34725371  6.31560866
  12.16000144 15.88067361  9.9063858  12.06236997  5.14042325  5.96889807
  10.42844683  6.65870796  8.34774644  9.60456817  9.27269522 10.91753042
   3.51847762  4.40228058  2.31781318  4.19660829  9.11913255  8.17075239
  13.07743807 13.35354635  0.79524448  0.66989577 10.601045  ]
 [18.16086453 15.47404723 11.69098071 14.28498071 15.54316644 22.01308807
  16.45952943 18.85819427 17.58403015 20.77699546 28.10923206 26.28988483
  21.24028826 25.51534057 18.05004604 22.43511731 28.76350968 17.86281364
  22.48054953 20.57080627 20.09010426 22.74666744 18.59297337 23.00889196
  19.6325915  20.36199038 18.65355518 25.63383181 22.93701573 29.73131492
  19.74065512 27.0090406   1.47681091  4.07616818  8.82196581]
 [ 5.12433017  4.65437875  6.83534423  5.26072279  8.46959047  7.24363145
   8.12788917  6.60353181  9.20236851  8.48674687  7.79313314  7.10461662
  11.54903547 10.00729607  7.64939902  7.56568965  5.75914987  8.98959708
   6.81746858  9.02442214  8.04894706  7.36028377  8.84864973  7.94288122
   6.12806023  5.63265014  4.79968282  5.20085893  8.70266643  8.18703952
   7.06758552  7.07236347  1.77326508  2.36220125 11.16827536]
 [ 7.69310405  6.27940823  7.2136877   6.34426619  9.83619814  9.49983212
   8.40434019  7.615557    8.01372655  6.90047256 11.04526224 10.59878974
  11.33540874 12.31244827  9.41425555  8.11574731 10.26332308  8.1879452
   8.4756374   7.65350724  9.63717292  9.2592223   9.86167825  9.84219672
   7.87667685  6.4169888   6.60410644  6.77139994 11.51477459 11.37813961
  10.21339943  9.72242546  1.62192836  2.2862443   5.57732758]
 [ 5.05235844  7.06519017  6.16570695  6.35280751  6.4968427   6.85740132
   6.39853267  6.10058976  6.11565     5.87086673  6.37771845  7.48775496
   8.68935955 10.34330326  7.9820582   8.23311253  6.11975268  7.06912079
   7.8078015   6.22940514  6.55478933  6.91088245  7.58101486  7.19322598
   6.87543561  8.30509638  4.7462091   6.64874224  7.2789408   7.9437228
   9.43834599 10.99511457  5.62132559  4.85759683 10.89154998]
 [ 4.78636637  4.37430483  5.80975463  8.26868796  9.65088826  9.08636677
   8.71986199  8.78413612  9.72418104  9.7455719  10.3417058  10.14127887
  11.82368642 14.83002144  9.47958789 11.57686995  8.30306335  8.68832546
   9.98144443  9.87571228 10.91318922 13.36548678  9.54684299 12.67664369
   7.41156204  6.89193939  4.82618522  7.12819692 11.08425637 14.66757058
  11.06115888 12.04735742  3.33648057  3.81037608  7.26246927]
 [ 4.17033344  6.7731674   4.36159308  3.98350532 11.85663439 12.59130855
   8.66747483 11.36463864 10.72868286 12.52753523  7.0983083   8.72222591
   9.29669581 12.58829622  9.88691269 12.61438976  9.39137908  9.18376145
   9.61530528 12.74440612  8.58114495  8.08562797 11.8707577  13.76460119
   4.6577705   7.93237826  6.10272822  7.94222217  9.57615275 11.96219702
   9.66745663 11.52220451  4.4697711   1.25334616 12.52378685]
 [ 9.18957713  9.49874011  7.9656872   9.33025736  5.94437552  7.72225599
   5.32433444  6.72396142  6.71264061  8.45695914  9.8323943   9.38712532
   8.22517625 10.76368758  6.5616905   7.9280687  10.15337259  8.82351013
   8.38930306  7.56498458  7.98415047 10.47933955  5.70662282  6.83104227
   9.42173406  8.82980832  9.40923741  8.92515544 11.29103178 12.01572273
   8.17362547  9.44044831  4.93408025  4.28923902 10.74567285]
 [ 2.88534601  4.26966044  1.23892289  1.41769292  1.12670825  1.13418371
   3.32507575  1.95890922  3.47599849  2.94329864  7.0131479   5.7184734
   6.13807716  8.29686068  4.98774547  4.9931739   5.38518641  4.66052786
   6.81133722  2.8551766   0.89553052  3.20578625  2.97873188  4.19682145
   4.05266085  3.24448419  4.60984698  1.28771063 10.08229752  9.98593588
   9.85147142 11.64356819  4.37047214  5.35317801 17.88769226]]