[[ 0.64976042  0.28900953  0.40589893  0.31767444  2.00347975  0.19039353
   0.80609615  0.44478933  0.53829271  0.67327852  0.61590039  0.84116237
   8.93233274  1.87099331  1.03421274  0.89798804  0.76926663  0.16544361
   1.26217338  0.65032567  0.3481203   0.97361276  1.52623666  0.9175189
   0.18860178  0.20884767  0.46809854  0.46437514  2.21276388  2.53785288
   1.74926623  1.68718315  0.23372822  0.21328652  2.60443066]
 [ 1.57540176  1.38947003  0.90867548  1.04893434  0.8451414   1.20116341
   0.85589135  1.20603005  1.05520915  2.20868504  1.26976588  1.38821912
   1.23985797  1.38744114  0.96623072  1.16262872  1.41239926  1.02777855
   1.08765874  1.71427405  1.28521369  1.21232295  0.9483233   1.20955873
   0.99831701  0.9751628   1.44980803  0.99001906  1.48783802  1.64127277
   1.13513882  1.34324171  4.43472793  2.31022818  3.38355745]
 [ 4.29201257  3.63263183  3.60975704  2.9479065   7.76615586  2.32575567
   1.47014028  1.37109837  0.98302574  0.99609957  3.07345241  3.52559185
   5.34978619  3.40347535  1.86392994  1.78681278  2.0080332   3.84824617
   1.49729636  1.1214024   4.85505162  5.37516234  4.31489096  2.30657432
   4.23841456  3.09544706  4.28275719  3.28703611  2.8760966   2.94748899
   1.98815157  2.37597816  1.08005289  1.88890906  3.48050407]
 [ 3.22228077  4.04959245  1.32529212  1.24778659  1.61941921 17.59950393
   1.73938355  1.84015517  2.56055936  3.14681784  2.05586407  7.04693806
   1.59023827  2.60700994  1.46243652  1.5193182   1.95898476  2.20592921
   1.38456668  3.17957254  1.55209199  2.91507576  1.29509198  3.69075432
   3.78057908  3.33351795  3.19354327  3.00066323  1.67247618  2.26290027
   1.47141106  1.63739672  2.10671439  1.16783334  3.4284452 ]
 [ 1.60319754  1.16547062  1.56442887  1.12289893 16.08200805  5.68850152
   2.07550504  1.84866902  3.6265661   1.8240376   2.73321796  2.07272899
   3.20111514  2.44194169  2.32377797  1.85450793  2.24045743  5.69012888
   1.98129575  2.9977316   5.72544474  1.81298813  5.81577896  2.76932817
   1.8643322   1.48014112  1.30548009  1.70465671  2.92775014  2.78685271
   2.71361502  2.4189266   1.12201808  0.69687469  3.22800551]
 [ 0.91385855  0.78555949  1.39656614  3.31346668  5.8340114   2.22951608
   1.62224173  1.50228067  4.24148849  5.99217205  1.52323173  2.41183059
   7.62381381  3.93982761  1.93812582  1.86101163  1.40159287  2.40043341
   1.97177396  6.67276473 17.84007025 11.93776898  4.18384677  1.96614039
   0.73044423  0.73284116  0.99445536  0.9434457   2.53705179  2.80967147
   2.47400307  2.09567008  0.44642961  0.3256644   2.90662114]
 [ 0.94454872  0.85354737  1.25067895  1.34389572  2.00957131  4.55015924
   1.0480226   2.55549904  0.84457865  0.70783995  1.43368499  1.59729344
   2.20545111  3.78483084  1.04240578  1.53798962  1.20241842  1.33425005
   0.69411413  0.80509513  1.56396605  3.2262292   1.45494288  4.46456978
   1.16168311  1.12232813  0.97321342  1.07033189  1.4959724   2.09010044
   1.13820389  1.54868283  0.52395803  0.47246792  6.06019867]
 [ 9.04524808  9.21903669  6.98407521  8.49517384 11.39930665 11.57575419
  10.89875733  9.98310121 11.22303264 13.32898693 14.31250653 14.48923173
  15.38455325 17.87452328 14.08486079 13.23460647 16.36302165 15.07746035
  16.94493978 12.74808438 11.98008896 13.53192972 13.49243903 13.44807676
  11.90772167 11.29047121  9.32130812 11.40725266 19.86025586 20.22936483
  19.81877147 19.5256196  23.06946412  1.09177407  2.48121236]
 [ 1.30906734  1.19333462  0.87461052  0.6630262   0.8701199   0.72465845
   1.11472902  0.52765979  0.51261416  0.75394045  1.44017527  1.3988186
   1.43294079  1.53290389  0.92525223  0.84429917  1.21275251  0.84515046
   0.97753895  0.62457462  1.17708325  1.07894089  0.96621221  0.82836667
   1.39530894  0.71710646  1.44753932  1.38928743  1.42633693  1.45281299
   1.33695939  1.2732276   0.84612787  0.53181089  1.60595434]
 [ 0.63701756  0.69898593  0.95732802  1.42673465  1.01631043  1.20877422
   1.16899882  1.89326253  2.17279371  2.24258302  1.55955005  1.38068101
   1.45188384  2.7628494   1.31119224  2.06886957  1.8779265   2.08213909
   2.77846052  1.6982733   2.05983331  1.48371662  2.01212044  1.98210513
   1.11957442  1.16258738  0.76542026  0.42176238  2.35121121  3.60582845
   2.73507539  4.03886154  1.61088908  0.7273898   1.64834316]
 [ 2.38048255  2.12663718  1.84308767  1.72332582  0.90351265  3.04859595
   0.6275699   0.57897158  1.27535405  0.86104468  1.74596799  2.08385311
   1.60519008  2.05401839  1.06991158  0.90560205  1.51459429  1.49424218
   1.04275688  1.18667327  1.61209532  2.14124604  1.01766101  1.11126097
   2.00160868  1.77905413  2.13820449  1.52752044  1.64247954  1.96710718
   1.34433868  1.38754984  0.60293381  0.75683305  2.15209538]
 [ 0.43176384  0.46614424  1.03359447  1.07246836  1.99552174  2.49811187
   1.28209984  1.41818651  1.05696715  1.19079499  1.16366298  1.33271342
   2.26689628  2.88007408  1.56543606  1.76474358  1.03989444  1.07697755
   1.66967649  1.13717319  2.06032015  2.58777418  1.53435268  2.40452433
   0.68878284  1.26057002  0.47226343  0.76141764  1.69916168  1.7656294
   2.13726917  2.03076697  0.36956256  0.43885026  4.82778563]
 [ 4.13037462  3.14766307  2.02624386  2.3251319   2.24935432  3.39074217
   2.09302935  2.42891919  4.30148341  3.94285422  4.93889291  4.21954871
   3.66586117  4.62328785  2.72066767  3.18535353  5.24467666  3.60364611
   3.28062368  4.90597308  3.40453694  3.65481943  2.58696257  3.36300845
   3.84199724  3.46397054  4.10354855  5.01231614  4.20947847  4.91839532
   3.20258528  4.24447115  0.25132104  0.56360371  2.48732567]
 [ 0.85815958  0.80524674  0.98424175  0.78892838  0.96752773  0.85549928
   0.69820826  0.65679244  1.13119406  1.20118274  1.29345519  1.30668906
   1.44516753  1.78777517  0.68932354  0.87380746  1.10908913  1.02022596
   0.67646296  1.22349069  1.2626092   1.06237274  0.89485623  1.04654075
   1.06698818  1.07787857  0.80253008  0.95271521  1.45516971  1.74080677
   0.56413665  0.96707721  0.35028613  0.42609713  3.45479921]
 [ 1.67385861  1.39950005  1.23713328  1.12871307  1.29609708  1.50306497
   1.09185888  0.94116969  1.18602954  0.70080732  1.80974926  1.98038352
   1.62682968  2.24475146  1.1519338   0.95114905  1.78752335  1.14826573
   0.98554379  0.89553575  1.49097447  1.55039364  1.19013828  1.36931988
   1.51729183  1.38030334  1.3536123   1.26984949  2.01937398  2.32643246
   1.24333536  1.28882348  0.6770991   0.58930755  2.03031563]
 [ 2.43861472  3.01325893  2.92067124  2.55851247  2.37169897  2.2961235
   2.03797264  1.86464456  2.03849639  1.80411856  3.38346121  3.78141806
   3.80984597  3.90303661  2.73220326  2.64339106  3.31163121  2.02556714
   2.44576474  1.97511336  3.33984976  3.1649986   2.58184361  2.26236042
   3.24036586  3.52067106  2.13789828  3.16735021  4.07281463  4.52300939
   3.17722485  3.76536656  2.10884118  1.72975923  3.41424531]
 [ 1.27628504  1.18317241  1.60871426  4.48883911  3.66064799  2.13607644
   2.01655988  1.85914044  4.0012992   3.44983656  2.45470353  3.00545651
   5.76586556  4.2731793   1.86351252  2.09040854  1.99237463  1.86681826
   2.03828092  4.25293887  5.71023712  6.53912126  2.05901862  3.07222439
   1.94016896  1.96082296  1.1927864   1.85418608  2.88182838  3.38760624
   2.22457586  2.20712513  2.06130316  2.07727627  2.94013041]
 [ 1.29834757  2.15778396  3.46279353  2.49597897  7.82787811 11.25738504
   1.66747853  2.97727703  1.84814327  2.98930626  2.95841411  3.15001302
   5.07801116  4.9764979   1.34132244  2.43413504  1.69776202  1.69285941
   0.94669282  2.90595497  9.30437683  3.26326443  4.59440536  8.07108396
   1.8069459   3.01744329  1.67691984  1.78032148  2.39719957  2.61421584
   1.31131923  1.70519702  7.02173673  1.88047014  8.59188335]
 [ 0.73933528  0.67978725  0.81508609  0.66127434  0.5549959   0.53485256
   0.53655234  0.83334656  1.41973917  2.93878589  0.96183727  0.67146413
   0.75711939  0.93823152  0.60118602  1.03006695  0.78572415  1.70971957
   1.01678096  2.33848111  0.80840803  0.74656627  0.41520076  0.54345494
   0.8128434   0.71042386  0.69067705  0.69217339  1.00778789  0.99155599
   0.77012877  1.00619788  1.19728123  0.70766019  2.83457601]
 [ 1.30479119  2.11166503  0.43615148  0.62694351  0.4519997   0.41231819
   1.03497359  0.62489332  0.81921245  0.61689943  3.01776525  2.43536188
   2.20562014  3.83574493  1.30822842  1.5918073   1.98485391  1.52018238
   1.69894648  0.67470724  0.41641259  2.63147039  0.77922719  1.34360663
   1.33434108  1.39179442  1.83717047  0.54741073  4.05724666  4.88330907
   2.76005679  3.84486094  2.18022413  3.09161488  4.53834256]]