[[1.57570832e+01 2.39814205e+01 1.25920332e+01 1.21535884e+01
  1.41665429e+01 1.92662772e+01 3.33760082e+01 3.78310966e+01
  3.83202303e+01 2.90789922e+01 5.95065418e+00 4.62281424e+00
  4.14044057e+00 3.01484067e+00 1.25392361e+01 1.21418318e+01
  3.91979214e+00 2.98466171e-29 6.99779224e+00 2.99843549e+01
  1.52440835e+01 7.34514063e+00 1.28935999e+01 1.30103983e+01
  1.55118107e+01 2.15836474e+01 1.41958108e+01 8.15475253e+00
  2.23058200e+00 1.66115567e+00 3.49542660e+00 2.52628994e+00
  4.95416813e+01 3.30353680e+01 8.85156772e+00]
 [6.48297647e+01 5.05856987e+01 3.22844568e+01 2.17383790e+01
  2.74750097e+01 1.91590723e+01 2.31104972e+01 2.19526294e+01
  2.24218686e+01 2.02222932e+01 1.51575812e+01 1.23648365e+01
  6.32017224e+00 6.27827126e+00 1.20329121e+01 1.21272363e+01
  1.23488571e+01 6.29425806e-30 7.99546946e+00 2.06787825e+01
  1.95329367e+01 1.42250274e+01 1.52199230e+01 1.44320860e+01
  2.79361130e+01 2.43609565e+01 5.04109945e+01 2.32489951e+01
  6.30014441e+00 4.16676203e+00 4.46123417e+00 4.27253394e+00
  2.83886004e+01 3.07223781e+01 1.11899754e+00]
 [5.20941662e+01 5.09794253e+01 1.65468180e+01 1.53201363e+01
  8.35390956e+00 6.91666140e+00 7.88973397e+00 7.27419774e+00
  8.10842509e+00 7.36943121e+00 6.34138613e+00 5.92753028e+00
  2.25034708e+00 1.98318232e+00 3.90130651e+00 3.44251297e+00
  3.90023385e+00 1.50590543e-29 2.59531240e+00 7.21617958e+00
  6.84154540e+00 6.33027927e+00 5.10445275e+00 4.16117168e+00
  2.14745409e+01 3.02290103e+01 4.48533280e+01 1.45824333e+01
  1.32137993e+00 1.52819041e+00 1.41447656e+00 1.18878062e+00
  2.83683098e+01 1.23157379e+01 7.44753591e-01]
 [7.17092558e+01 6.71846423e+01 2.91632521e+01 2.69020545e+01
  2.20136729e+01 2.40396899e+01 2.68589790e+01 2.99446718e+01
  3.18456437e+01 3.15975616e+01 1.54960848e+01 1.71463225e+01
  4.57952218e+00 5.81372033e+00 1.35779952e+01 1.41353240e+01
  1.22857311e+01 3.69996683e-29 1.01261824e+01 2.88679470e+01
  1.40579183e+01 1.65790920e+01 1.54350672e+01 1.63280161e+01
  3.78928076e+01 3.15718488e+01 5.50411924e+01 3.01386110e+01
  5.21893948e+00 5.92820333e+00 4.58876842e+00 3.83410226e+00
  5.69573844e+01 3.04020484e+01 2.82940959e+00]
 [2.56434886e+02 4.05244243e+02 3.00867179e+01 4.14614114e+01
  1.32379901e+01 1.24965480e+01 1.73189289e+01 1.94019398e+01
  1.90006244e+01 1.84659058e+01 1.49397128e+01 2.15125634e+01
  3.40763623e+00 3.21479680e+00 7.89062521e+00 8.68203702e+00
  1.68981671e+01 1.48910545e-29 5.10658409e+00 1.76068471e+01
  1.03253388e+01 1.18769575e+01 8.61777691e+00 8.20018851e+00
  6.10336433e+01 8.04919823e+01 2.53459314e+02 5.68697498e+01
  3.89786429e+00 4.60338733e+00 2.27944221e+00 1.96053703e+00
  1.73345208e+02 3.36506923e+02 1.77894759e+00]
 [1.30380531e+01 1.16249406e+01 1.24140378e+01 8.34018877e+00
  1.02753614e+01 7.91253986e+00 1.09868194e+01 9.98041499e+00
  1.25165532e+01 9.89807453e+00 4.63034691e+00 3.86202754e+00
  3.20913446e+00 1.98145024e+00 5.63296859e+00 4.65197556e+00
  3.65535799e+00 3.49170399e-30 3.36014077e+00 1.04661686e+01
  7.58232208e+00 4.73685913e+00 6.77646222e+00 5.42100044e+00
  8.46349230e+00 6.08674654e+00 1.25368798e+01 5.45275477e+00
  2.33085058e+00 1.52315624e+00 2.46210011e+00 1.51983043e+00
  3.27689310e+00 2.78234284e+00 2.06961242e+00]
 [6.60057660e+01 6.52406141e+01 4.25441653e+01 4.45489888e+01
  2.17249201e+01 1.32791477e+01 2.07380842e+01 1.47033519e+01
  2.02668531e+01 2.03116275e+01 9.61983366e+00 1.49874915e+01
  6.92039533e+00 5.60468374e+00 1.31477743e+01 8.65828702e+00
  1.10221374e+01 2.39401988e-29 1.04157089e+01 1.79589211e+01
  1.92734245e+01 1.29383009e+01 1.50221009e+01 1.04811596e+01
  2.59851601e+01 4.01790752e+01 7.20332200e+01 2.18542360e+01
  3.74979196e+00 4.57216400e+00 4.86475675e+00 2.98339005e+00
  2.87890261e+02 3.38661345e+02 4.79712110e+01]
 [2.67187586e+01 3.84420928e+01 1.82659121e+01 2.07235922e+01
  1.45210174e+01 1.44530897e+01 1.67162300e+01 2.23843745e+01
  1.79442516e+01 1.68084689e+01 7.94923866e+00 1.04621126e+01
  4.67418868e+00 4.52369868e+00 9.16617251e+00 9.73054867e+00
  1.01213440e+01 5.29293155e-30 5.64688460e+00 1.63212820e+01
  9.97795976e+00 1.04577996e+01 1.03998523e+01 1.08637818e+01
  1.56602490e+01 2.10729377e+01 3.30296418e+01 1.79403650e+01
  3.14220908e+00 2.92125655e+00 3.27187840e+00 3.28775808e+00
  2.23817067e+02 2.18975233e+01 6.08218782e+00]
 [2.11872351e+01 1.95676625e+01 1.71290144e+01 1.59068425e+01
  1.50716020e+01 1.20803437e+01 2.02914515e+01 2.10562750e+01
  2.03670922e+01 1.96031023e+01 7.27011450e+00 6.58438015e+00
  4.47657961e+00 2.90609555e+00 9.07697004e+00 7.15339882e+00
  5.86143880e+00 7.12885983e-30 5.48510997e+00 1.89570201e+01
  9.48881591e+00 7.71817512e+00 1.00307013e+01 8.45101756e+00
  1.09508143e+01 1.17883105e+01 1.54646693e+01 8.61308571e+00
  2.96871255e+00 2.50023769e+00 3.13218276e+00 2.25285962e+00
  1.31629087e+01 3.64596129e+01 2.84540719e+01]
 [1.00552428e+01 9.87345684e+00 5.99450958e+00 6.99150939e+00
  6.06888678e+00 4.93771987e+00 7.99685474e+00 1.12199446e+01
  1.06491780e+01 1.05977899e+01 2.55711156e+00 2.25146370e+01
  1.98416609e+00 2.11483840e+00 4.77485963e+00 4.70035789e+00
  1.72593079e+00 3.39647897e-29 3.48302579e+00 1.17097817e+01
  6.20751628e+00 5.88723478e+00 6.67021626e+00 5.51431232e+00
  4.69029749e+00 1.20970196e+01 8.40239629e+00 3.36426636e+00
  1.06396660e+00 1.34029852e+00 1.66421700e+00 1.50960264e+00
  1.20574806e+01 7.93313875e+00 1.53920275e+01]
 [1.23530032e+01 1.38539185e+01 1.63998181e+01 1.54006587e+01
  1.50708931e+01 1.15029446e+01 1.23600053e+01 1.09453868e+01
  1.24619937e+01 1.16183605e+01 5.06496907e+00 6.64213258e+00
  3.36758302e+00 3.21009020e+00 6.09562593e+00 5.36459782e+00
  4.79884880e+00 5.38384115e-29 3.23533521e+00 1.08337465e+01
  8.86337523e+00 8.87508526e+00 8.02380664e+00 6.68331610e+00
  8.08383951e+00 1.13225058e+01 1.20434530e+01 7.21616404e+00
  2.25863242e+00 2.12060739e+00 2.13479547e+00 1.96459343e+00
  2.74926030e+00 4.12253197e+00 3.64634876e+00]
 [2.39940606e+01 2.92153814e+01 1.59527253e+01 1.83916844e+01
  2.23800399e+01 2.19754707e+01 2.28999311e+01 2.28280212e+01
  2.90866067e+01 2.93633364e+01 9.12906108e+00 1.20974756e+01
  6.70647637e+00 6.02588811e+00 1.34513488e+01 1.24985445e+01
  1.35630931e+01 1.49499108e-28 8.55575242e+00 2.67219591e+01
  1.26650825e+01 1.31983221e+01 1.64279036e+01 1.62299968e+01
  1.29091045e+01 1.79462954e+01 2.75058108e+01 1.76773857e+01
  5.60098637e+00 6.88252272e+00 4.98547753e+00 4.24663930e+00
  4.15998677e+01 3.38512249e+01 2.17829454e+01]
 [4.87045969e+01 5.86769894e+01 8.41857153e+00 1.06652448e+01
  1.03607189e+01 5.07766289e+00 1.09782685e+01 7.19954418e+00
  9.87508577e+00 8.63442548e+00 4.08325834e+00 6.04719069e+00
  2.74515871e+00 1.33556962e+00 5.48760235e+00 3.54486145e+00
  6.46906068e+00 6.80457446e-30 3.03614986e+00 8.96616782e+00
  4.48611129e+00 3.71012671e+00 6.78004989e+00 3.74642107e+00
  1.35496751e+01 1.81445403e+01 4.23267668e+01 1.44404112e+01
  1.60670189e+00 1.81455490e+00 1.93718175e+00 1.11766806e+00
  2.33359883e+01 3.04880398e+01 8.86225138e+00]
 [9.90432786e+01 1.23065395e+02 1.17624612e+02 9.78190394e+01
  1.55748339e+02 9.76989605e+01 1.48832292e+02 1.02364103e+02
  1.00421581e+02 9.96678887e+01 6.97140212e+01 8.39943458e+01
  3.25850442e+01 2.66598624e+01 7.48579602e+01 5.01545555e+01
  7.76320513e+01 1.12053101e-27 4.01817971e+01 9.20781662e+01
  8.60978193e+01 6.55677331e+01 1.14636289e+02 6.24898668e+01
  8.42069901e+01 1.00441349e+02 1.22162994e+02 1.12031007e+02
  2.58832701e+01 3.58608703e+01 2.29743195e+01 1.57446016e+01
  4.08903510e+01 2.95293797e+01 3.52211536e+01]
 [7.11929883e+01 5.12711306e+01 1.36236497e+01 7.61205863e+00
  1.18948732e+01 8.75695300e+00 1.93178191e+01 1.84716026e+01
  1.94726987e+01 1.96510710e+01 6.24096574e+00 4.77349594e+00
  3.11550742e+00 2.16966405e+00 9.16138474e+00 7.97871388e+00
  6.41447053e+00 4.49156682e-29 4.61119991e+00 1.67586398e+01
  6.87525631e+00 4.19616814e+00 9.71129388e+00 7.36855964e+00
  2.35027582e+01 2.76360982e+01 6.24766984e+01 1.90286766e+01
  2.57693669e+00 1.90143806e+00 2.99096835e+00 1.89137568e+00
  7.00614651e+01 4.28408578e+01 1.00750871e+01]
 [3.26304688e+01 3.13317763e+01 2.07394594e+01 1.80437939e+01
  1.48349612e+01 1.18942825e+01 1.74226659e+01 1.69187605e+01
  2.01769848e+01 1.78578409e+01 8.49351262e+00 9.18407700e+00
  3.96875975e+00 3.34564656e+00 8.64386018e+00 5.97540868e+00
  6.22639736e+00 6.49825776e-30 3.92874738e+00 1.68862308e+01
  1.07728531e+01 1.07867787e+01 1.04327671e+01 8.41547165e+00
  1.79108855e+01 1.87429792e+01 2.93527097e+01 1.37800188e+01
  2.80344739e+00 2.16176470e+00 2.75557418e+00 1.84869544e+00
  7.52414100e+00 1.00314344e+01 1.24433672e+01]
 [1.03780962e+01 8.33746873e+00 1.14526829e+01 1.01250926e+01
  9.76025859e+00 7.68531846e+00 1.04935550e+01 8.85115694e+00
  1.10424548e+01 9.55624286e+00 3.74416280e+00 4.06359451e+00
  2.78726613e+00 2.35492276e+00 6.15216499e+00 4.57902325e+00
  2.47044467e+00 2.01074771e-30 3.25185642e+00 9.70209120e+00
  6.95251275e+00 5.57048888e+00 6.30071483e+00 5.17624230e+00
  7.29886867e+00 6.82755006e+00 8.19484973e+00 3.72162972e+00
  1.60612730e+00 1.28029452e+00 2.03284728e+00 1.57344212e+00
  5.78782588e+00 3.28871364e+00 1.67969840e+01]
 [1.87583255e+02 2.01627067e+02 3.38574716e+01 3.65832616e+01
  2.35964420e+01 2.21478191e+01 2.72880979e+01 2.91847265e+01
  3.07403854e+01 3.05327943e+01 1.64249381e+01 2.01416583e+01
  8.00656512e+00 8.47334455e+00 1.68376334e+01 1.51695188e+01
  1.25282025e+01 2.80661999e-29 1.19445010e+01 2.90668238e+01
  1.76792480e+01 1.50841225e+01 1.72687662e+01 1.68950601e+01
  4.29263202e+01 5.36760353e+01 1.16831707e+02 3.96136414e+01
  5.80304535e+00 4.45039251e+00 7.01657182e+00 6.85781177e+00
  1.50120537e+02 9.08011225e+01 2.41788232e+00]
 [3.57896503e+01 4.84313213e+01 2.40978183e+01 2.35405897e+01
  3.32103957e+01 2.45852059e+01 4.25771416e+01 3.30159423e+01
  3.40217506e+01 3.16608464e+01 1.11415421e+01 1.23146203e+01
  7.59826377e+00 5.01683426e+00 1.88328286e+01 1.58704167e+01
  1.15272462e+01 1.45550049e-28 9.46083659e+00 3.04773447e+01
  1.69902017e+01 1.32464668e+01 2.62982288e+01 1.76400339e+01
  1.83187894e+01 2.43131088e+01 3.69796601e+01 1.94595953e+01
  4.04883797e+00 4.40851189e+00 6.34770512e+00 4.52652176e+00
  8.10051477e+00 1.56098183e+01 3.72619479e+01]
 [3.44918627e+01 4.34966384e+01 2.54484150e+01 1.58116803e+01
  1.38143501e+01 1.17958607e+01 1.45018994e+01 1.54680223e+01
  1.44007302e+01 1.67884420e+01 7.52613544e+00 1.16887436e+01
  4.19830390e+00 4.24451404e+00 8.06645635e+00 8.36378714e+00
  5.61600836e+00 1.86770633e-29 5.21032045e+00 1.53344797e+01
  9.26332465e+00 8.42905177e+00 1.03027581e+01 1.18412937e+01
  1.21627761e+01 1.41786454e+01 3.12537877e+01 1.09118447e+01
  2.87629065e+00 2.52483547e+00 3.50563943e+00 2.57068676e+00
  2.01340246e+01 9.68401288e+00 3.71762104e+00]]