[[3.15005474e+02 6.30741160e+02 6.44359543e+02 2.33869218e+02
  7.32707006e+01 2.97053750e+02 8.74095458e+01 1.06224641e+02
  1.17159292e+02 7.71327797e+01 1.35012311e+02 4.99640257e+01
  1.14177553e+01 7.62687808e+00 3.35007903e+01 3.21229714e+01
  2.81149866e+01 1.61357254e-28 2.20310078e+01 8.58543874e+01
  8.35804181e+02 5.39351490e+01 3.65969913e+01 3.27646010e+01
  1.01557354e+03 1.09677741e+03 2.89675021e+02 2.20698465e+02
  8.65296426e+00 6.38259863e+00 9.66618638e+00 7.82648952e+00
  1.74994769e+03 1.08528425e+03 1.30276872e+02]
 [5.02205651e+02 3.95139767e+02 9.98747453e+01 7.06868735e+01
  7.09332042e+01 5.11858728e+01 5.18040959e+01 5.89774717e+01
  6.58547015e+01 6.21387351e+01 5.02803096e+01 4.99465557e+01
  1.42843912e+01 1.47784866e+01 2.96505390e+01 2.95443221e+01
  4.20041625e+01 2.70667350e-29 2.32717073e+01 6.36449201e+01
  4.49936826e+01 4.94369036e+01 3.24117089e+01 3.17782417e+01
  1.66794867e+02 1.56075678e+02 3.19208058e+02 1.31496636e+02
  1.83439828e+01 1.55691115e+01 1.10340234e+01 1.01485951e+01
  2.56154415e+02 3.58715639e+02 4.90076455e+00]
 [1.87333169e+02 2.13562895e+02 5.77480323e+02 2.12160467e+02
  3.88118792e+01 2.20422328e+01 2.77645047e+01 1.99590580e+02
  2.94681790e+01 2.86657250e+01 1.67225148e+02 2.91004122e+01
  5.69891404e+00 5.32747890e+00 1.21822314e+01 1.16855412e+01
  1.63272614e+01 6.71137741e-28 9.29613374e+00 2.66879948e+01
  2.56862923e+01 1.69670922e+01 1.86999225e+01 1.26729031e+01
  1.78964919e+02 1.56051069e+02 1.51696920e+02 5.11059578e+02
  6.06258029e+00 9.36128660e+00 4.95076721e+00 4.62532073e+00
  1.60611107e+02 1.19457344e+02 4.97749460e+00]
 [3.38577165e+02 2.36573576e+02 9.91820093e+01 1.63719221e+02
  3.71061351e+01 4.84269271e+01 4.22769925e+01 5.55696514e+01
  5.95375628e+01 5.23155889e+01 2.79875190e+01 4.31481845e+01
  6.27477631e+00 9.42654220e+00 2.16312291e+01 2.59927154e+01
  2.66554168e+01 1.01760159e-28 1.77077319e+01 4.63181101e+01
  2.57217226e+01 4.26048886e+01 2.06333871e+01 2.65557074e+01
  1.42686880e+02 1.29490324e+02 2.04424996e+02 9.84256193e+01
  8.44218763e+00 8.93606300e+00 7.19431342e+00 6.80347613e+00
  1.22507129e+03 8.56633889e+02 1.33086881e+01]
 [1.51236805e+03 2.16798483e+03 2.13758747e+02 1.54564916e+02
  4.18809063e+01 3.79994824e+01 4.32323904e+01 5.87064564e+01
  5.21386271e+01 5.44089193e+01 7.99197836e+01 8.39458409e+01
  1.28287683e+01 7.81037397e+00 2.26116638e+01 3.27493846e+01
  7.46129983e+01 4.33483543e-29 1.53934483e+01 4.75105829e+01
  4.72540591e+01 3.42757667e+01 2.35746277e+01 2.34670039e+01
  3.79061807e+02 3.96693380e+02 1.39240913e+03 2.92068538e+02
  1.72306050e+01 1.47514760e+01 5.97142348e+00 6.42597089e+00
  9.66196066e+02 2.16545827e+03 1.37872496e+01]
 [4.53312911e+01 8.13724605e+01 5.97611035e+01 7.13784191e+01
  3.16155579e+01 3.01336766e+01 2.34173114e+01 2.66150387e+01
  3.19194831e+01 2.77414468e+01 1.77333460e+01 1.79743053e+01
  1.00142603e+01 6.12319066e+00 1.30864499e+01 1.44677123e+01
  1.30378047e+01 3.85594055e-29 1.03549851e+01 2.80282325e+01
  2.53538668e+01 2.22770537e+01 1.60455837e+01 1.43683674e+01
  4.30812125e+01 6.94023010e+01 4.79878143e+01 2.20757796e+01
  7.79252540e+00 5.73141443e+00 5.50411954e+00 4.63584222e+00
  5.46833648e+01 5.66231129e+01 9.50605766e+00]
 [2.77638561e+03 2.05784806e+03 9.66261605e+02 2.16663391e+03
  1.83838389e+02 1.54467765e+02 1.31119322e+02 1.02884079e+02
  1.55993087e+02 1.67884814e+02 3.18147960e+02 2.98661901e+02
  3.59050061e+01 3.16934402e+02 9.08430289e+01 5.33884251e+01
  2.89434087e+02 4.55281368e-28 4.24281109e+01 1.39690590e+02
  2.94003891e+02 2.10286515e+02 1.01206113e+02 6.94358851e+01
  1.40828701e+03 1.38043259e+03 3.87692740e+03 7.21247159e+02
  4.65821944e+01 7.28146744e+01 3.25185894e+01 1.89565325e+01
  9.45475133e+03 3.14238024e+04 4.16142429e+02]
 [1.48945831e+02 2.32990754e+02 5.65921331e+01 7.44517898e+01
  3.54973648e+01 3.55805471e+01 3.06900042e+01 3.83312789e+01
  3.05300733e+01 3.70240754e+01 2.93231647e+01 3.35871572e+01
  1.22668847e+01 9.68905775e+00 1.98007052e+01 2.37889467e+01
  2.71090833e+01 2.43033086e-29 1.93664031e+01 3.33347963e+01
  2.47076076e+01 2.89906155e+01 2.21685713e+01 2.03810681e+01
  9.37924027e+01 1.12787844e+02 3.08685046e+02 1.10903539e+02
  1.15624804e+01 1.11236703e+01 8.41257396e+00 9.81291563e+00
  4.17975959e+03 2.07531488e+02 4.14215916e+01]
 [1.14919091e+02 1.43764293e+02 7.56515351e+01 2.58795136e+02
  3.69459659e+01 6.13031843e+01 4.43159866e+01 1.06409052e+02
  6.16414425e+01 7.66151648e+01 3.85381710e+01 3.26331176e+01
  1.22706765e+01 8.73622962e+00 2.65712551e+01 2.33012325e+01
  2.26655351e+01 3.09006836e-28 1.88696296e+01 7.00565451e+01
  2.63758492e+01 8.70811036e+01 3.26191878e+01 2.70856663e+01
  1.01653424e+02 3.30493786e+02 6.38721725e+01 3.98848945e+01
  1.32227094e+01 9.04356286e+00 1.00203239e+01 7.63626500e+00
  2.39015535e+02 6.68336193e+02 2.58112947e+02]
 [2.60693303e+02 2.06508999e+02 2.31392840e+02 8.42062553e+02
  1.93002751e+02 1.36093532e+02 1.48662307e+02 9.68303181e+02
  3.07841843e+02 6.35271317e+02 1.36792285e+02 3.07466333e+03
  4.35083865e+01 3.04947978e+01 4.96719981e+01 6.69470174e+01
  3.06512790e+01 7.55230049e-27 1.37864988e+02 7.05221130e+02
  6.27502289e+02 9.18756848e+02 5.15669258e+02 4.16514394e+02
  1.78075258e+02 2.72995579e+03 1.66337137e+02 1.98552742e+02
  1.16986512e+01 9.75805271e+01 1.10344353e+01 1.64449888e+01
  8.78390747e+02 3.06427077e+02 2.95040491e+02]
 [5.78020870e+01 6.71285825e+01 6.57175821e+01 9.50324048e+01
  6.21653935e+01 4.72375168e+01 4.77752645e+01 4.09029199e+01
  4.96613878e+01 4.53745276e+01 1.86934018e+01 2.89110628e+01
  9.90148980e+00 1.04608560e+01 2.35365925e+01 1.62445658e+01
  1.83050408e+01 2.28756699e-28 1.21427494e+01 4.62829918e+01
  2.94816813e+01 3.83358837e+01 2.72117371e+01 2.35808028e+01
  3.75910798e+01 5.83668983e+01 6.56994333e+01 3.50923156e+01
  7.11214219e+00 7.86634608e+00 6.82567701e+00 9.13771021e+00
  2.30334658e+01 2.63819122e+01 1.77265893e+01]
 [8.45437568e+01 8.70231797e+01 1.48823318e+02 1.61782041e+02
  7.31235068e+01 8.39440711e+01 4.63623849e+01 5.67375975e+01
  6.88874571e+01 6.76203119e+01 3.28921254e+01 3.20854014e+01
  2.72113755e+01 1.39881724e+01 2.94724947e+01 2.34419518e+01
  2.96588912e+01 3.06822518e-28 1.34357376e+01 6.12554711e+01
  5.77236330e+01 6.64079570e+01 3.92428129e+01 5.87209764e+01
  6.01761787e+01 4.86945127e+01 1.20535323e+02 4.28205777e+01
  1.01420574e+01 1.45097464e+01 7.21389794e+00 7.58106960e+00
  1.94024111e+02 2.48069306e+02 1.48184984e+02]
 [3.08267285e+02 3.65871400e+02 2.30655435e+01 5.63196841e+01
  1.97979585e+01 1.18354324e+01 2.03239811e+01 1.62136389e+01
  2.28580422e+01 2.20013867e+01 1.86038537e+01 2.78552469e+01
  6.54556410e+00 3.77289161e+00 1.17936393e+01 8.59021876e+00
  2.34628510e+01 1.88124884e-29 1.01118257e+01 2.35842178e+01
  9.11733993e+00 1.47043039e+01 1.29121400e+01 8.37406622e+00
  8.43740494e+01 1.01684425e+02 2.60784201e+02 7.28527154e+01
  6.76801111e+00 6.42737846e+00 5.59160674e+00 2.63520783e+00
  1.28018966e+02 2.19516385e+02 9.88273490e+01]
 [1.04920311e+02 1.46804095e+02 9.33048687e+01 8.45709280e+01
  9.74962506e+01 7.13285766e+01 6.71876514e+01 6.22224742e+01
  4.54568784e+01 5.26130134e+01 9.97693311e+01 9.37111154e+01
  1.92079791e+01 2.06012485e+01 3.96907962e+01 2.87000471e+01
  7.93681827e+01 9.22004838e-28 1.84648362e+01 4.31488317e+01
  6.48454951e+01 5.19681171e+01 5.69666352e+01 4.07834527e+01
  1.12321685e+02 1.15728189e+02 1.29413742e+02 1.18970733e+02
  2.81360114e+01 3.69227548e+01 1.12273033e+01 1.08907763e+01
  5.86274061e+01 5.72490714e+01 1.50141891e+02]
 [1.95651083e+03 1.13515092e+03 1.23292536e+02 5.59329551e+01
  3.90621521e+01 5.05706390e+01 8.37556324e+01 1.18946609e+02
  1.12031404e+02 1.23207226e+02 6.68182560e+01 4.96119322e+01
  1.00107276e+01 8.62247440e+00 4.52020282e+01 4.94514472e+01
  8.61320103e+01 6.47419469e-28 3.08323233e+01 1.05279417e+02
  2.98120793e+01 1.60975909e+01 3.56027633e+01 4.13581932e+01
  5.93056594e+02 6.59621488e+02 1.62847809e+03 4.94268204e+02
  2.16886974e+01 1.44662364e+01 1.50829381e+01 1.23996568e+01
  3.02204815e+03 1.23429310e+03 7.02366405e+01]
 [1.14813165e+02 1.11372941e+02 6.14755554e+01 5.88721637e+01
  3.89593094e+01 3.21280294e+01 3.29376458e+01 3.80089179e+01
  4.79373211e+01 4.90604767e+01 2.73114742e+01 3.15319101e+01
  9.25668493e+00 9.37081756e+00 1.98254843e+01 1.96712479e+01
  2.26689502e+01 1.81402890e-29 1.57925667e+01 4.55098386e+01
  3.06744784e+01 4.72628784e+01 2.20562654e+01 3.63721505e+01
  6.86475965e+01 6.48810272e+01 1.04287626e+02 4.68490590e+01
  1.18279493e+01 7.69502266e+00 7.15373513e+00 6.42346886e+00
  3.11383183e+01 5.18357635e+01 5.91251759e+01]
 [3.99938075e+01 3.17739681e+01 3.65103403e+01 2.63078392e+01
  2.03693695e+01 1.79143759e+01 2.81979327e+01 2.71643760e+01
  4.10404880e+01 3.61929445e+01 7.98261306e+00 1.02710448e+01
  9.32534455e+00 7.00398039e+00 1.87245299e+01 1.38770374e+01
  7.69587405e+00 1.04590870e-29 1.10089195e+01 3.86068311e+01
  1.42584806e+01 1.41325551e+01 1.56769584e+01 1.43314701e+01
  1.77831734e+01 2.94071461e+01 2.55478110e+02 1.11913617e+01
  4.11878592e+00 3.29950818e+00 7.00012937e+00 4.82241274e+00
  3.30884401e+01 2.03465504e+01 7.72626125e+01]
 [7.21581781e+02 7.81796317e+02 1.00912912e+02 1.22824646e+02
  3.67177403e+01 3.95529336e+01 2.78083921e+01 3.89623946e+01
  3.99766798e+01 4.74023558e+01 3.78504210e+01 6.91313040e+01
  1.01255907e+01 1.20247865e+01 2.00244474e+01 1.92183029e+01
  3.27504901e+01 8.44654017e-29 1.66575726e+01 4.54633675e+01
  3.27907677e+01 3.63902966e+01 1.88683666e+01 2.28835786e+01
  1.54283886e+02 2.01171771e+02 4.34591768e+02 1.36790693e+02
  1.05108935e+01 1.21123908e+01 9.60074361e+00 6.99961850e+00
  6.57582308e+02 5.64934290e+02 1.07077009e+01]
 [1.36850560e+02 2.07638004e+02 5.22792874e+01 5.26548322e+01
  3.33647509e+01 3.28397792e+01 3.71817240e+01 3.55181550e+01
  4.67591793e+01 4.36267761e+01 2.25654149e+01 2.96300071e+01
  7.65259450e+00 6.81272500e+00 1.73185994e+01 1.85350410e+01
  2.13596932e+01 2.02596919e-28 1.20461962e+01 4.60101532e+01
  2.36849668e+01 2.30312420e+01 1.95390184e+01 2.43721323e+01
  5.42484962e+01 8.41040628e+01 1.51523312e+02 5.02581379e+01
  6.99703002e+00 7.08899111e+00 6.70314694e+00 5.44094645e+00
  3.58381475e+01 9.62282057e+01 1.14302677e+02]
 [3.42110075e+02 4.69233870e+02 1.00743514e+03 1.02639778e+03
  1.21956257e+03 1.11830823e+03 7.90752698e+01 2.24579276e+02
  5.50468123e+01 1.19966460e+02 4.41668145e+01 1.13246932e+02
  2.80120457e+01 1.77937793e+01 2.76502386e+01 3.23084332e+01
  4.24565246e+01 1.32414315e-27 2.63855625e+01 7.99055992e+01
  5.89771826e+02 3.50596341e+02 5.09483014e+01 1.13124441e+02
  1.17717487e+02 1.86453753e+02 2.50521714e+02 4.75618475e+02
  1.06648745e+01 1.00838043e+01 1.35465014e+01 7.81769517e+00
  6.80402214e+02 9.90172598e+01 2.76689489e+01]]