[[1.04593582e+01 1.39214830e+01 7.07475152e+00 6.18100825e+00
  1.03054165e+01 9.90715022e+00 1.19434772e+01 1.38716539e+01
  1.56028688e+01 1.17519276e+01 3.38668263e+00 3.08762018e+00
  2.32053705e+00 1.92856744e+00 6.00322232e+00 6.31060825e+00
  1.85525329e+00 1.01107912e-29 3.93849549e+00 1.24937720e+01
  7.72878161e+00 3.88300581e+00 6.79782605e+00 6.19024294e+00
  9.35810144e+00 1.14601509e+01 9.30274411e+00 4.27687704e+00
  9.60193154e-01 9.23221192e-01 1.89820388e+00 1.54813660e+00
  2.71453023e+01 1.59967979e+01 7.97403202e+00]
 [4.82229191e+01 3.83249715e+01 1.44338468e+01 9.97253343e+00
  1.05896338e+01 2.14798013e+01 4.55334486e+00 5.67857799e+00
  5.08259905e+00 5.45264588e+00 9.76044950e+00 1.29951478e+01
  2.19768655e+00 3.92369795e+00 2.53242131e+00 3.38145142e+00
  2.97359486e+00 4.41436326e-30 1.61677409e+00 4.80845850e+00
  9.62296676e+00 1.03426579e+01 5.36871100e+00 1.89622410e+01
  2.63764252e+01 1.87131529e+01 3.24628624e+01 1.19334163e+01
  1.70327705e+00 1.82966972e+00 9.45658759e-01 1.09248228e+00
  6.20182156e+01 6.96918827e+01 1.81931166e+00]
 [6.35758000e+01 6.32214105e+01 1.61723853e+01 2.58015127e+01
  1.13703413e+01 9.78199514e+00 1.06408286e+01 1.16944397e+01
  1.57004818e+01 1.33955656e+01 7.95482268e+00 1.21039370e+01
  3.97754682e+00 4.91494495e+00 7.86604108e+00 7.86193582e+00
  4.88005375e+00 3.38692441e-29 5.64078744e+00 1.29661337e+01
  7.98436882e+00 2.08174617e+01 7.54259519e+00 8.47562560e+00
  2.87224303e+01 4.72688029e+01 5.43876919e+01 1.86239370e+01
  2.43639011e+00 3.08519084e+00 3.68263895e+00 2.68157334e+00
  4.25830244e+01 2.67584794e+01 1.27667795e+00]
 [4.24157428e+02 1.65058650e+02 4.46000679e+01 2.98140888e+01
  4.39207036e+01 7.41807323e+01 2.62499047e+01 2.96808034e+01
  3.30588516e+01 3.60861951e+01 4.28201732e+01 5.11805296e+01
  5.09366814e+00 4.34468554e+00 1.18191841e+01 1.43972266e+01
  1.57094338e+01 6.50679874e-29 8.94515153e+00 2.98828774e+01
  1.34575067e+01 2.49090209e+01 1.50808803e+01 1.74326716e+01
  2.31168291e+02 9.63685705e+01 1.24151149e+02 9.96025949e+01
  9.63640263e+00 7.12959891e+00 3.52585399e+00 3.88025329e+00
  2.89826874e+02 9.75057694e+01 4.84433708e+00]
 [1.65338510e+02 2.33885672e+02 2.73048752e+01 2.40253496e+01
  1.93193390e+01 1.59133397e+01 1.68562666e+01 2.03081461e+01
  2.10836694e+01 1.91787133e+01 1.41645988e+01 1.60995152e+01
  5.73188231e+00 4.79638550e+00 1.03740002e+01 1.14313208e+01
  1.20188070e+01 1.40109471e-29 6.34027454e+00 1.84601493e+01
  1.11226641e+01 1.25195809e+01 9.87538246e+00 1.00757700e+01
  4.80192313e+01 6.52541288e+01 1.56879876e+02 3.72280754e+01
  4.01149453e+00 4.18288119e+00 3.96054669e+00 3.20136340e+00
  1.20201107e+02 2.01683616e+02 3.55775839e+00]
 [5.55131803e+00 8.60057343e+00 4.32488835e+00 1.19439986e+01
  3.34377756e+00 2.97409852e+00 4.69787809e+00 6.38098556e+00
  7.81448703e+00 7.96026776e+00 2.49826361e+00 2.46511787e+00
  1.58259973e+00 1.18015525e+00 2.93646996e+00 2.63224198e+00
  1.44230388e+00 3.35980071e-30 1.71181390e+00 6.83650194e+00
  3.08304361e+00 2.33289250e+00 2.70597173e+00 2.53582589e+00
  4.84142136e+00 4.77357864e+00 6.35976715e+00 2.45538881e+00
  1.06770569e+00 8.12859445e-01 1.27932520e+00 8.19858299e-01
  3.00370216e+00 7.56156840e+00 1.46586642e+00]
 [4.40554803e+01 4.65369317e+01 1.36086958e+01 2.15304757e+01
  1.90059436e+01 1.35832622e+01 2.31989048e+01 1.45495139e+01
  2.34722523e+01 2.23720678e+01 5.26892412e+00 1.32149653e+01
  6.33854293e+00 5.69627210e+00 1.29675264e+01 1.01596889e+01
  6.17154594e+00 1.70717656e-29 9.37050538e+00 2.22807079e+01
  1.05948746e+01 1.07202510e+01 1.31498172e+01 9.98958934e+00
  1.41215823e+01 2.46605886e+01 4.12577426e+01 1.34073331e+01
  3.79890820e+00 4.95745576e+00 5.52484894e+00 3.83421695e+00
  5.46986182e+01 7.79250741e+01 4.62818360e+01]
 [2.92554883e+01 6.38010425e+01 7.59236400e+00 9.82206668e+00
  1.61258782e+01 2.69634813e+01 3.62214611e+01 2.19395918e+01
  3.72822854e+01 2.57483912e+01 1.56628603e+01 2.18395819e+01
  3.53561411e+00 2.33350075e+00 7.42395065e+00 6.88314988e+00
  3.95258041e+00 1.02743625e-29 3.74061917e+00 2.45587881e+01
  1.02024385e+01 6.97611512e+00 8.32342263e+00 6.95688669e+00
  2.94503261e+01 3.71392652e+01 3.15906386e+01 1.83135279e+01
  1.64723450e+00 1.69236279e+00 2.17292994e+00 1.90160236e+00
  6.63156370e+01 3.84306097e+01 1.65291907e+01]
 [2.38940321e+01 2.19547563e+01 1.57373093e+01 9.17414156e+00
  1.39295452e+01 7.99314103e+00 9.44285458e+00 9.81846207e+00
  1.20682959e+01 1.47370340e+01 6.74713597e+00 5.56316648e+00
  3.21564490e+00 2.41423265e+00 6.45877245e+00 5.24451654e+00
  3.78537155e+00 6.22880820e-30 4.12767318e+00 1.30949549e+01
  5.72242314e+00 5.61082004e+00 6.14879114e+00 5.03628004e+00
  1.39170607e+01 8.72345123e+00 1.68856151e+01 6.83581579e+00
  2.19953530e+00 2.17366806e+00 2.67174018e+00 1.81642741e+00
  1.33655050e+01 3.03796576e+01 2.48299108e+01]
 [8.61128120e+01 2.71289862e+01 1.60216352e+01 1.64388938e+01
  1.27233853e+01 4.85430731e+00 1.81565975e+01 1.62062331e+01
  1.33622545e+01 1.26684391e+01 8.35937897e+00 4.41125791e+01
  3.50020596e+00 2.33140290e+00 8.16356615e+00 4.90569769e+00
  3.18827621e+00 8.28694820e-29 3.66382644e+00 1.36169793e+01
  1.85902745e+01 1.37075900e+01 1.33966133e+01 7.71328800e+00
  1.70952874e+01 3.86253266e+01 2.59560406e+01 8.14538162e+00
  1.44100508e+00 2.72170150e+00 2.02094069e+00 1.25376416e+00
  7.15939629e+01 2.19374831e+01 4.30841491e+01]
 [9.06314078e+00 3.96177550e+01 1.03398650e+01 1.16942852e+01
  9.65050854e+00 1.04571366e+01 1.23330972e+01 1.57251934e+01
  2.08961444e+01 2.18318956e+01 6.40525189e+00 1.46838419e+01
  4.38862163e+00 4.70319314e+00 8.76334398e+00 7.66623879e+00
  3.45483228e+00 5.61703512e-29 5.16453471e+00 1.94160291e+01
  7.15101697e+00 1.14068457e+01 8.19867040e+00 7.67731030e+00
  1.21839443e+01 4.47934070e+01 1.58847841e+01 7.23001533e+00
  2.12308281e+00 2.32589128e+00 3.34637474e+00 3.19282729e+00
  8.79427490e+00 3.19785758e+01 6.59684342e+00]
 [2.42765474e+01 3.02410002e+01 1.00693578e+01 1.23941529e+01
  2.00810968e+01 1.80700441e+01 1.60314944e+01 1.52088007e+01
  2.58264025e+01 2.46217233e+01 6.08199316e+00 6.89504822e+00
  5.26117775e+00 4.57815181e+00 1.00643668e+01 9.05634083e+00
  4.79531426e+00 7.70673297e-29 5.70073009e+00 2.12851283e+01
  9.05528648e+00 9.38546593e+00 1.12315519e+01 1.25164246e+01
  1.36326305e+01 1.62675821e+01 2.98618219e+01 8.39616529e+00
  2.82709999e+00 2.94567172e+00 3.39485143e+00 2.85694308e+00
  4.02290198e+01 3.27659627e+01 2.04399886e+01]
 [7.54573798e+01 1.04688045e+02 1.38160240e+01 2.79288380e+01
  1.73812876e+01 1.32416202e+01 2.31080151e+01 1.88617379e+01
  2.93203254e+01 2.45027383e+01 8.89822242e+00 1.40481271e+01
  6.78446876e+00 5.05248811e+00 1.42980450e+01 1.00881758e+01
  8.33568745e+00 1.07200580e-29 7.97574952e+00 2.47982674e+01
  1.00522785e+01 1.28600190e+01 1.42473287e+01 1.07361847e+01
  2.13029218e+01 3.46083806e+01 6.84898322e+01 2.05762646e+01
  3.40154149e+00 3.89375117e+00 5.35415455e+00 2.97144356e+00
  4.79180523e+01 5.26071816e+01 1.68710122e+01]
 [1.52121973e+01 1.98936071e+01 1.91149743e+01 1.76171053e+01
  2.30787357e+01 2.04209825e+01 2.83743947e+01 2.71610374e+01
  2.45500006e+01 2.90882363e+01 1.05593717e+01 1.16666426e+01
  6.71868165e+00 6.18217167e+00 1.63247907e+01 1.38425418e+01
  7.21772417e+00 1.71054209e-28 8.07381795e+00 2.20414785e+01
  1.35763673e+01 1.29694212e+01 1.72966299e+01 1.56458230e+01
  1.24085120e+01 1.50405951e+01 1.80407954e+01 1.08702630e+01
  4.38019099e+00 4.64527213e+00 5.13273987e+00 4.21101424e+00
  7.74826242e+00 8.46491489e+00 2.62763154e+01]
 [3.20370297e+01 3.29650350e+01 8.90091681e+00 5.96108410e+00
  8.32798525e+00 6.78268015e+00 1.53339652e+01 1.43552350e+01
  2.08986155e+01 1.99132743e+01 4.76127789e+00 4.19035650e+00
  3.23864714e+00 2.16766959e+00 8.70862309e+00 6.86369148e+00
  3.86464350e+00 3.03122633e-29 3.95599220e+00 1.74975006e+01
  5.16868995e+00 3.62350446e+00 7.94786424e+00 5.94489311e+00
  1.29216907e+01 1.85541019e+01 3.04309365e+01 1.02245165e+01
  2.10408616e+00 1.74986894e+00 3.03699363e+00 1.72631638e+00
  2.97804911e+01 2.50099734e+01 1.14595852e+01]
 [1.04325567e+01 1.03745345e+01 5.97611867e+00 5.60580509e+00
  4.59631203e+00 4.16681345e+00 6.27839656e+00 7.68935754e+00
  9.93349076e+00 1.04165413e+01 3.20411543e+00 4.20683356e+00
  1.81605161e+00 1.57551555e+00 3.80722618e+00 3.51030408e+00
  2.07074157e+00 3.13806544e-30 1.80364365e+00 8.75675332e+00
  3.94161354e+00 3.52785406e+00 4.01146919e+00 4.05174847e+00
  5.83573353e+00 7.56660173e+00 9.62358679e+00 4.82412632e+00
  1.08998322e+00 9.34810014e-01 1.34675640e+00 1.05117838e+00
  3.95743633e+00 6.52929288e+00 7.97698622e+00]
 [1.02540555e+01 1.06506758e+01 7.05648868e+00 7.68970331e+00
  1.32504691e+01 2.22639636e+01 1.11617408e+01 9.63332386e+00
  1.39263552e+01 1.39624558e+01 5.76411690e+00 1.03956868e+01
  2.54242526e+00 2.54146336e+00 4.55999572e+00 3.95407580e+00
  1.83274603e+00 6.68660927e-30 2.17561253e+00 1.40360771e+01
  6.81110336e+00 5.80903742e+00 6.14219065e+00 6.53292505e+00
  2.75585724e+01 2.36882562e+01 7.94024975e+00 3.73063107e+00
  1.31621026e+00 1.36187926e+00 1.40817737e+00 1.14368099e+00
  1.40472992e+01 4.85968340e+00 2.51519280e+01]
 [1.51950506e+02 1.64646574e+02 2.05169904e+01 2.53312943e+01
  1.09672251e+01 1.34203956e+01 1.48455374e+01 2.15740350e+01
  2.12709028e+01 2.78900621e+01 1.15059501e+01 1.72905703e+01
  6.17047875e+00 6.56538887e+00 1.31695406e+01 1.28305765e+01
  9.22801815e+00 2.03294400e-29 9.25185152e+00 2.22962356e+01
  1.02424912e+01 1.05245709e+01 1.15157142e+01 1.24980371e+01
  3.37119159e+01 4.42336817e+01 9.59556408e+01 3.18224815e+01
  4.22205560e+00 3.95415003e+00 6.74332603e+00 5.69172120e+00
  1.10093169e+02 6.61648252e+01 2.35002558e+00]
 [1.93410476e+01 4.92843049e+01 7.29064869e+00 8.26269935e+00
  8.56505481e+00 1.09498274e+01 1.00850033e+01 9.35347451e+00
  1.12475790e+01 1.24891805e+01 4.01406807e+00 5.74557487e+00
  2.63812221e+00 1.89420834e+00 5.40834960e+00 4.63411610e+00
  2.88491779e+00 5.39074005e-29 3.38038286e+00 1.06653887e+01
  4.55332093e+00 5.23744632e+00 5.99812549e+00 4.72126424e+00
  7.90904348e+00 1.27184917e+01 2.06511811e+01 6.51404555e+00
  1.32392853e+00 1.42049609e+00 2.34617592e+00 1.53498739e+00
  7.67912468e+00 1.14858340e+01 4.24732482e+01]
 [3.19706356e+01 4.45329256e+01 1.24135426e+01 1.20781460e+01
  1.40393850e+01 1.71897267e+01 1.78498987e+01 2.21217713e+01
  2.42016371e+01 3.09710038e+01 5.38760146e+00 8.84582312e+00
  4.38251729e+00 5.39518184e+00 8.95683298e+00 1.06833093e+01
  3.38917762e+00 3.06616936e-29 5.20777543e+00 2.33627084e+01
  7.89616739e+00 8.10614512e+00 8.78387620e+00 1.11655564e+01
  1.12240809e+01 1.43426382e+01 3.21510767e+01 9.48616274e+00
  1.98350981e+00 1.86424154e+00 3.02855556e+00 2.78059451e+00
  1.38283605e+01 9.70485909e+00 4.83791656e+00]]