[[4.23179762e+00 4.50365586e+00 2.73309308e+00 1.91806807e+00
  4.13531089e+00 2.52826992e+00 1.87060948e+00 1.52034664e+00
  1.40964346e+00 1.24895504e+00 1.09232284e+00 9.58022340e-01
  6.26724637e-01 4.14877728e-01 8.07709515e-01 7.50061435e-01
  4.95998450e-01 2.69018878e-30 4.88858787e-01 1.23437499e+00
  2.43634534e+00 1.08094395e+00 1.95884879e+00 9.79767967e-01
  3.14963969e+00 3.44838755e+00 3.63635030e+00 1.27068071e+00
  2.51382573e-01 2.54195349e-01 2.99816737e-01 2.25564748e-01
  1.16188958e+01 6.85635034e+00 3.42948684e+00]
 [3.22121440e+01 2.38724979e+01 8.42956881e+00 7.71100876e+00
  7.11354315e+00 2.10935634e+01 1.19924113e+00 2.37960688e+00
  1.52479647e+00 2.25024384e+00 5.94005335e+00 9.11792419e+00
  8.98248022e-01 3.04374684e+00 7.73267408e-01 1.38497266e+00
  1.41984464e+00 3.69138641e-30 4.44077600e-01 1.81021213e+00
  5.27332002e+00 7.60230013e+00 3.48787521e+00 2.20609089e+01
  1.66852026e+01 1.17083913e+01 2.09639486e+01 7.14316055e+00
  5.96671324e-01 8.14434737e-01 3.14031207e-01 3.88785108e-01
  8.13219473e+01 1.15175998e+02 1.55245305e+00]
 [1.54229374e+01 1.81492114e+01 3.44591554e+00 1.14651815e+01
  2.64072045e+00 1.57631947e+00 1.40278942e+00 1.69399402e+00
  1.86154501e+00 1.83193789e+00 1.89277031e+00 4.40680360e+00
  5.12444620e-01 6.99299386e-01 9.87968210e-01 9.07792614e-01
  1.29292053e+00 1.00067372e-29 6.60711916e-01 1.73733730e+00
  1.32467643e+00 8.60938907e+00 9.54840765e-01 1.06289361e+00
  7.99335415e+00 1.57696635e+01 1.41473243e+01 5.24812470e+00
  3.57340329e-01 4.78162690e-01 5.10815607e-01 3.57320124e-01
  9.72985351e+00 1.11759919e+01 4.98131684e-01]
 [2.67278861e+02 7.67273536e+01 1.94545917e+01 1.02836044e+01
  2.14978940e+01 4.25049124e+01 6.99685785e+00 7.10595669e+00
  5.34461582e+00 8.05636090e+00 2.18553548e+01 3.77451627e+01
  1.49424488e+00 9.61794471e-01 1.70082261e+00 2.22439651e+00
  6.64150795e+00 3.38817284e-29 1.39252678e+00 6.05204954e+00
  5.14591274e+00 9.84660909e+00 4.72067954e+00 6.12666948e+00
  1.28871884e+02 6.79191760e+01 6.43828480e+01 6.42483929e+01
  3.73493990e+00 3.15304437e+00 5.40763115e-01 6.43904221e-01
  1.93749801e+02 6.40274991e+01 2.38746789e+00]
 [8.14617091e+01 1.13747570e+02 1.31270596e+01 9.09900061e+00
  1.17005575e+01 6.25604740e+00 2.43524380e+00 2.67080914e+00
  5.31593055e+00 3.64403142e+00 5.93313242e+00 5.92371547e+00
  2.11133747e+00 1.20196324e+00 1.58693958e+00 1.49560378e+00
  4.42530785e+00 3.65418911e-30 1.09462288e+00 4.28346493e+00
  5.48227066e+00 6.34175138e+00 2.23484169e+00 1.64724039e+00
  2.35729031e+01 3.26012489e+01 7.59211968e+01 1.62517440e+01
  1.21857821e+00 1.19273860e+00 6.11931636e-01 5.07203217e-01
  6.00699483e+01 9.32422859e+01 1.82489148e+00]
 [2.70933940e+00 5.82654535e+00 1.69037113e+00 9.29693430e+00
  8.16423126e-01 8.82445896e-01 7.57021364e-01 1.34008403e+00
  1.48285135e+00 3.45709891e+00 1.07712270e+00 1.17520360e+00
  3.89597843e-01 3.42879783e-01 4.90963377e-01 6.14946907e-01
  5.52101860e-01 2.35281934e-30 3.57905627e-01 2.06428431e+00
  1.21808364e+00 8.65284738e-01 5.21605553e-01 5.60851404e-01
  2.89497507e+00 2.99656874e+00 3.28974422e+00 1.10318479e+00
  3.10186469e-01 2.74434507e-01 2.75951321e-01 2.07526441e-01
  2.14323064e+00 8.61777723e+00 6.15433478e-01]
 [1.44611815e+01 1.35300581e+01 4.91296952e+00 5.70170240e+00
  8.47210876e+00 3.99782956e+00 8.19051107e+00 2.47672144e+00
  6.30126561e+00 6.10725029e+00 1.43413376e+00 2.60088002e+00
  1.55889073e+00 1.09084823e+00 1.68456160e+00 1.23021803e+00
  1.47764020e+00 3.90710947e-30 9.37219357e-01 6.25270529e+00
  2.60282231e+00 2.16342149e+00 2.60659589e+00 1.71659268e+00
  5.37225128e+00 6.92426475e+00 1.30421654e+01 3.70481400e+00
  6.13860848e-01 6.98370436e-01 6.46225960e-01 4.65071152e-01
  2.31799782e+01 2.94370378e+01 2.40983796e+01]
 [1.98552600e+01 4.48685658e+01 4.14126924e+00 6.03082317e+00
  1.15955598e+01 2.21792289e+01 2.16216317e+01 8.55970993e+00
  2.79995262e+01 1.91025199e+01 1.10760011e+01 1.67897788e+01
  1.29692162e+00 9.14293428e-01 2.89208633e+00 2.21652735e+00
  2.30513519e+00 7.11321769e-30 1.27507277e+00 1.70686501e+01
  6.87914348e+00 4.45032353e+00 3.92138192e+00 3.23728920e+00
  2.15048597e+01 2.71639929e+01 2.22120124e+01 1.48435609e+01
  6.82657773e-01 7.23234810e-01 6.43364142e-01 5.68260542e-01
  3.74369141e+01 3.09703784e+01 1.18391401e+01]
 [1.24086347e+01 1.10999615e+01 7.61572730e+00 2.15159514e+00
  6.24886036e+00 1.47229061e+00 9.95411915e-01 1.65897010e+00
  1.89059497e+00 3.84567450e+00 2.17227143e+00 9.91845257e-01
  3.97409942e-01 4.40688155e-01 5.35401037e-01 6.45386403e-01
  9.21453092e-01 2.61264047e-30 4.01738617e-01 2.80483607e+00
  1.33393526e+00 8.97704303e-01 5.74806791e-01 7.10867550e-01
  6.24956100e+00 2.76558774e+00 8.65268362e+00 2.63753214e+00
  4.08165901e-01 2.87208704e-01 2.63012315e-01 2.24601339e-01
  7.10524813e+00 2.00998188e+01 1.05337014e+01]
 [5.45389746e+01 1.66901269e+01 7.75393326e+00 6.82554191e+00
  9.11625898e+00 1.75392801e+00 1.02132676e+01 3.30141726e+00
  3.79632997e+00 2.20625495e+00 3.98161167e+00 1.00278426e+01
  2.02165311e+00 8.32240836e-01 3.96611488e+00 7.78482492e-01
  1.37419333e+00 1.03935710e-29 5.59558904e-01 2.84050332e+00
  7.55674520e+00 3.78886974e+00 5.30823553e+00 1.70425682e+00
  9.88811540e+00 1.26533908e+01 1.59107134e+01 4.14272958e+00
  4.76236789e-01 9.22320607e-01 7.47239066e-01 2.35711856e-01
  4.25249717e+01 1.28673097e+01 2.06567648e+01]
 [2.54134786e+00 2.10461963e+01 2.52556431e+00 3.54273765e+00
  1.99607072e+00 4.32996506e+00 2.43955252e+00 6.49491990e+00
  7.16836458e+00 8.19303124e+00 2.29956669e+00 7.16193813e+00
  6.44732488e-01 8.13230113e-01 1.24367989e+00 1.17349578e+00
  8.87762593e-01 1.04921295e-29 6.74043281e-01 6.47231834e+00
  1.67602169e+00 4.95750151e+00 1.16640196e+00 1.22813873e+00
  5.89518231e+00 2.51835326e+01 6.61763078e+00 2.97505019e+00
  4.08186123e-01 7.19029418e-01 4.33915020e-01 4.26142920e-01
  4.71395396e+00 1.86549650e+01 3.03996856e+00]
 [1.25816988e+01 1.63488581e+01 4.57697090e+00 5.03003731e+00
  1.02342072e+01 1.05089687e+01 2.88828011e+00 2.79378256e+00
  2.58138616e+00 2.72969805e+00 2.11291083e+00 2.38560196e+00
  1.50037368e+00 2.40368566e+00 1.46200629e+00 1.45309121e+00
  1.52739405e+00 1.39308732e-29 7.23791838e-01 2.37000237e+00
  4.37022396e+00 6.54178207e+00 3.53135083e+00 8.75229646e+00
  6.94900508e+00 8.78645225e+00 1.69640613e+01 3.57773733e+00
  6.48353381e-01 7.40206583e-01 5.25122267e-01 5.07831707e-01
  2.25781544e+01 1.90139577e+01 6.77527546e+00]
 [1.71640390e+01 2.06374998e+01 2.73397305e+00 4.75567465e+00
  2.42527835e+00 2.14672863e+00 3.13065869e+00 2.89845159e+00
  6.25182493e+00 5.02133407e+00 1.63027763e+00 2.35987572e+00
  9.72600771e-01 7.91443518e-01 2.03120406e+00 1.50033767e+00
  1.53721335e+00 1.84002756e-30 1.26383600e+00 5.41201184e+00
  1.61879702e+00 2.06046074e+00 1.90561526e+00 1.64828364e+00
  5.06090080e+00 6.48884053e+00 1.44412766e+01 4.28045759e+00
  5.73436068e-01 6.49780188e-01 8.45590635e-01 5.08743839e-01
  1.01495188e+01 1.07799882e+01 6.48555851e+00]
 [2.73629997e+00 4.03308064e+00 2.13003190e+00 2.53608898e+00
  1.69760519e+00 2.29283978e+00 1.66273926e+00 2.65224641e+00
  2.20975475e+00 5.61923504e+00 1.29875891e+00 1.84383569e+00
  7.28714550e-01 7.81383796e-01 1.19423972e+00 1.37408876e+00
  1.01456810e+00 1.55866190e-29 8.27465802e-01 3.07394142e+00
  1.59821020e+00 1.51757058e+00 1.22773585e+00 1.61651337e+00
  2.03488795e+00 2.94828723e+00 4.19327994e+00 1.54279671e+00
  5.91203022e-01 6.87377771e-01 4.64824322e-01 4.78794980e-01
  2.32243845e+00 3.72760301e+00 9.88348011e+00]
 [1.14721407e+01 1.05853367e+01 2.13172755e+00 1.49632852e+00
  1.28182129e+00 1.08530069e+00 1.36544072e+00 1.51066577e+00
  2.58141878e+00 2.23474709e+00 8.98637969e-01 1.21628193e+00
  3.96077553e-01 3.44643386e-01 8.27425555e-01 6.66161953e-01
  8.07050199e-01 6.52341479e-30 4.10902529e-01 2.09025073e+00
  9.43041832e-01 6.65200906e-01 8.21190344e-01 7.78017536e-01
  3.66423533e+00 6.24362034e+00 1.04308699e+01 2.85059463e+00
  3.22343474e-01 3.40414194e-01 3.39353801e-01 2.15738633e-01
  1.12590595e+01 9.99272988e+00 2.69624447e+00]
 [4.64683121e+00 4.74841381e+00 2.19296523e+00 2.50808161e+00
  1.05102332e+00 9.88899221e-01 9.28240022e-01 1.04704958e+00
  1.02240892e+00 1.22422265e+00 1.34507793e+00 2.07782760e+00
  4.89428686e-01 5.21835354e-01 6.67431324e-01 6.21411756e-01
  1.01786049e+00 7.39505059e-31 3.61736925e-01 1.12780528e+00
  1.42352396e+00 1.37626798e+00 7.40920534e-01 8.47573319e-01
  2.42468686e+00 3.53870096e+00 4.76307970e+00 2.25835702e+00
  4.73175618e-01 4.50052458e-01 2.83642234e-01 2.98526894e-01
  1.61212824e+00 2.35662092e+00 2.82926866e+00]
 [5.80217399e+00 5.65033448e+00 3.43690680e+00 3.52623086e+00
  7.18177468e+00 8.50047096e+00 5.01944099e+00 3.50908579e+00
  5.51396944e+00 5.52944666e+00 3.33622533e+00 6.89339964e+00
  1.26778243e+00 9.75752722e-01 1.39982142e+00 1.06876164e+00
  8.54973060e-01 4.00943525e-30 5.98269202e-01 5.94958158e+00
  4.13246905e+00 3.26944977e+00 2.84283581e+00 2.38243283e+00
  1.77628602e+01 1.59386774e+01 4.65611535e+00 2.30326091e+00
  5.99606882e-01 5.30447768e-01 4.09987487e-01 3.26814449e-01
  8.61689510e+00 3.21892872e+00 1.20459240e+01]
 [3.02245556e+01 3.33042284e+01 3.48436933e+00 4.62448629e+00
  1.67088086e+00 2.51285590e+00 1.80501869e+00 4.22634203e+00
  2.46276342e+00 4.92213877e+00 1.91634195e+00 3.41632531e+00
  7.43110511e-01 1.03789369e+00 1.21890244e+00 1.66761026e+00
  1.77501762e+00 2.73938334e-30 9.92962891e-01 3.76294889e+00
  1.67702890e+00 1.89272929e+00 1.33596090e+00 2.05493609e+00
  6.30098149e+00 8.66059987e+00 1.83855216e+01 6.31580708e+00
  6.42915757e-01 7.17229493e-01 6.84279958e-01 7.11761608e-01
  2.45806426e+01 1.51222775e+01 5.21655275e-01]
 [6.48416707e+00 1.85931504e+01 1.64906954e+00 1.74810041e+00
  1.98291120e+00 4.74199768e+00 1.28876324e+00 2.11409189e+00
  1.99099672e+00 3.82619683e+00 9.03513597e-01 1.79121552e+00
  2.82366446e-01 3.51055281e-01 5.40916273e-01 7.55203109e-01
  5.87893507e-01 1.43872189e-29 3.79497593e-01 2.84342116e+00
  7.43337741e-01 1.20378398e+00 6.10497317e-01 1.02113395e+00
  2.26592639e+00 3.75104299e+00 7.33289157e+00 1.71254789e+00
  2.47110479e-01 2.40599135e-01 2.25882098e-01 1.94451481e-01
  3.25897540e+00 4.64670593e+00 2.13351947e+01]
 [1.17697170e+01 1.66797602e+01 6.79817886e+00 5.27811327e+00
  5.25999724e+00 8.97603602e+00 3.34454859e+00 3.84306884e+00
  4.76650277e+00 4.54393792e+00 2.64682004e+00 3.32923115e+00
  1.41945129e+00 1.71028395e+00 1.60257046e+00 1.54424639e+00
  1.12503288e+00 1.00707021e-29 1.00903701e+00 4.48102932e+00
  4.84059631e+00 6.06554569e+00 2.16926890e+00 2.70217422e+00
  4.23660053e+00 5.37887347e+00 1.19796088e+01 3.28821744e+00
  8.49226197e-01 6.73043253e-01 7.16199128e-01 5.63546778e-01
  6.83436308e+00 4.57526160e+00 1.49245834e+00]]