[[ 4.27887307  3.40675242  1.84047814  4.47263035  9.71005873  5.04734491
  11.05280477  9.34380442  7.75282188  7.85932093  3.92468173  7.16255198
  15.40376184 15.50387997  9.86023437  9.62067158 10.28041441 10.28347629
  10.55963347  7.57114602  1.73579339  9.15626588 11.66693829 11.61096482
   1.4658468   1.87531388  4.20851766  3.36536259 15.7157333  14.86750632
  12.60541213 12.14462415  2.6064522   2.80995891  5.52549954]
 [ 8.81746978  8.70062481 19.37110534 17.28784528 22.04122146 15.89300715
  25.29919064 21.52987422 19.79721035 19.82776936 17.2972801  13.34293414
  23.66849202 18.35235973 24.09590207 23.57360783 19.2989559  13.46620282
  22.26151016 20.16932562 22.74280161 16.13777422 24.25946437 15.30502775
  10.63659244 10.15316466 10.17074062 11.75125491 21.68314058 17.25706945
  24.12446177 24.03667043  6.19444232  5.05276097 10.66307819]
 [14.58695536 13.44310179  2.65304767  5.60690719 12.23792257 14.31955386
  12.81630688  3.01920252  6.79561681  7.61482534  3.37424927 10.74922823
  15.20258033 11.67225719 11.08595914  9.83476561 13.16877877  1.94399397
  10.31051777  7.68108838 14.77054821 10.99607145 12.96351284 11.39963772
   8.47440403 11.24949759 15.12208058  2.60176645 11.66531183  9.68647446
  10.23958997 10.22714618 10.64821382  6.83246437  9.08394442]
 [ 5.33548112  8.37092332 11.86899518  9.27171254 12.42170238  9.4164992
  12.99266918 11.36965528 11.2802427  11.65189532 10.75959989  8.89063211
  17.78196884 16.23278819 13.61995843 12.08879721 13.26160116 10.27622276
  13.53522255 12.45980093 16.11782055 12.40779367 15.84573927 13.3129377
   5.86424689  7.40741557  8.63360561  7.85481905 13.13794671 15.00724103
  14.17724806 13.98186477  2.93491251  2.61459293 10.06916825]
 [11.90540282 12.9945012   9.87866647 16.6917305  13.01637309 13.79844157
  15.51587701 12.21879435 13.77523004 13.57128227 11.91377714 15.55820976
  11.94039024 13.91269875 13.09787552 10.5225239  14.28624575 15.39333162
  13.21238219 14.39692406 12.54758155 16.05992967 14.99872284 12.78940343
  11.14709616 13.07066161 12.60940912 13.11601713 13.05326292 16.76364614
  13.18277292 10.90509917 12.28225143 11.32643927  7.59894487]
 [17.96218461 10.20332653 15.02488456  7.92396468 20.51038204 17.00593196
  22.10320948 15.63546348 15.99533833 15.39455041 16.48680372 14.08714547
  19.28563776 18.04055529 20.13527369 16.6630457  18.0633408   6.91678822
  17.65536343 16.77464486 18.96451703 14.47938808 22.8119167  19.52794335
  13.33940788  7.02100784 16.39920758 16.21963742 18.7096502  16.78291945
  22.03738072 18.50621946  5.05771594  3.6041627  13.79658393]
 [ 2.24390035  2.93376585  4.0816754   1.9731433   8.568034    6.58522086
   9.41160264  8.4738682   7.5306901   7.05472754  2.83210852  4.41743214
  12.31100623  1.67174221  9.43829708  8.82553371  3.50699373  4.55494184
  12.67067185  7.34637373  5.71951375  5.2614854   9.98277567  9.53697044
   1.77234603  2.72742155  1.7828744   2.82637618  6.48814285  5.28691754
   9.8922093   9.26126287  2.91607461  1.06014311  7.93885406]
 [11.14936642  9.61134233 19.47666228 17.51709804 17.07226557 13.23850879
  13.0716252  15.50860249 11.2922972  11.94926874 11.6669376  12.00298358
  19.17555083 22.3266639  18.04295833 16.01468795 21.79792417 10.40494266
  15.27241949 12.75733746 17.72056614 18.99939157 19.93786392 20.3672324
   9.29779952 10.15663087  8.02830387 10.66339694 17.13702906 16.46513667
  19.00601206 17.19484662  4.91535998  7.04172558  7.63568744]
 [ 9.75864976  8.27083859 12.2668681   5.22475275 15.48202401 11.61499768
  16.94546613  9.61018262 11.46682122  9.87637623 11.07488915 11.81974962
  16.78687997 15.08656732 14.42634251 11.67509155 13.75288149  2.15159934
  11.97082537 10.60099455 16.92579052  6.95004054 15.15276061 13.90549921
   7.21071254  3.17070901 10.96878943 11.53821438 12.92575841 14.2855565
  13.94048212 12.50453128  4.64213897  4.68447879  8.19063256]
 [ 2.3016208   3.44289426  2.2352802   0.79067254  2.6125825   3.0514175
   3.2412076   1.027874    2.22845594  1.32196593  1.63491644  0.70756944
   3.69384802  5.24335951  4.20675294  3.52285468  4.05085563  0.43868051
   1.94632763  1.38100801  0.92982175  0.61837154  1.18705628  1.19994357
   2.11943197  0.42902438  3.51831584  1.49985221  6.28506275  1.27440071
   6.7958976   5.32941887  1.17012562  2.14753997  3.95531902]
 [12.7093539   8.80480664 14.06233179 10.8643822  12.84788608 12.40700332
  10.51605926  9.87640206  9.02115893  8.72251761 12.87505502 10.3150628
  14.13777071 12.84837236 11.36393086 11.11118593 15.30302606 11.5533937
  10.92674526  8.72136931 14.60201126 11.90303238 13.29253495 12.63160709
  10.94055905  7.4672416  10.58139086 12.18175077 15.71806032 13.83094358
  13.06670242 10.461945    6.44655408  4.79308155 10.58322191]
 [13.91548343 15.41918291  8.50307552  8.88714455 15.87716005 14.75114804
  18.70430481 17.86411396 14.98570001 14.74792923 16.46604744 20.42848506
  14.96334793 19.54641918 19.51787385 21.37061034 24.64627541 21.91365307
  24.44302241 15.96388426 13.86229851 12.7815951  19.63558671 14.89951053
  12.2620979  17.44283357 12.56757755 21.74490781 25.41124896 24.78471919
  25.43926707 23.51274774 11.75305629  9.06494733 10.10715401]
 [10.01188733  9.82835789 14.44195147  9.38880092 14.92332818 11.5281318
   9.51071277  9.21381128  6.68048459  7.65645827 10.47970562 10.38759421
  11.41858699  8.98613171  8.41738091  8.86118168 14.23251875 12.91851299
   9.16320799  7.94430218 13.63403657  9.09359241 11.47666445 10.09516977
   9.87017337 10.15928249 10.08687956 11.6251837  10.94719332 11.91610225
   8.80990277 10.53477834 10.11397971  9.06312652  6.15088975]
 [35.28141349 34.92393916 39.00689477 38.25219009 43.44544037 39.46847208
  40.63163413 35.69531615 36.27208635 33.59948237 32.76929563 38.41904512
  41.40297134 38.27510588 37.75150418 33.81350742 41.21433383 39.75248234
  40.30787989 37.86586536 40.32517355 39.71181664 44.65175249 38.08947993
  33.31630955 36.37375355 36.83018953 40.1455494  36.18056424 40.97272597
  39.58838512 29.67925109 34.03437313 27.26160461 14.46655484]
 [ 3.35222561  3.98839783  7.86133574  8.25069812 13.31759857  9.68597584
   8.89205136  7.12036948  6.09292388  5.947332    6.88751316  6.65723663
  12.53906466 10.72318517  7.64543907  6.3565839   5.88199913  5.57751397
   6.18032405  6.07655075 11.86040829 11.49423123 10.89019987  8.59143664
   3.56076942  3.70033399  3.50453645  3.46501926  8.00346513  8.07654335
   7.84864461  6.72401299  2.21283124  3.19857322  8.96843077]
 [18.31784473 18.01596879 20.92290528 19.39429998 21.32459468 19.21883532
  19.86458394 14.31004238 13.14179015 12.20230647 19.21196626 17.82385956
  21.99634999 18.59025875 19.36590797 13.80981275 17.97211596 18.77808808
  14.90744289 13.28228922 20.76708173 15.76392853 21.96818729 13.13006488
  17.39796032 18.12265789 18.05463297 18.59631325 16.06186559 17.5969936
  20.00822337 15.59760034 15.45904376 13.11241578 13.20981333]
 [14.06988584 13.33822238 17.54862724 18.91496791 16.33467208 11.88231562
  12.18536072  9.56834387  7.17913754  7.41090991 15.70741959 11.61521227
  15.18289426 15.51110794 11.99698408 11.17722754 16.77578112  6.56001134
  12.24501432  7.21002048 18.6241541  16.92193316 15.31752922 13.72706783
   9.60912098  8.41195236  2.9032386  15.62224222 18.01240785 16.75255038
  13.97044742 13.92995534  8.82780288  9.60880336 11.59719582]
 [13.37600406 13.31504737 18.27273701 16.48900791 26.31390748 22.49992058
  26.62370568 18.08111628 21.23229411 17.16980027 20.26616099 15.61782491
  22.52403711 18.53458    22.36224627 18.50102032 18.34939258 13.47906197
  22.27306642 20.29708463 23.97892217 19.84702443 24.88758436 20.17979209
  14.66868844 14.19417381 13.64525274 14.91922393 22.46615091 17.78558257
  19.75750158 19.45006623 12.71188014 10.41153481 13.04620973]
 [16.93174211 14.26841134 24.95527976 24.69631221 33.71818875 28.91421172
  36.91165788 33.16606498 28.00841443 26.9864528  25.3763948  22.54495138
  32.94908398 29.96028816 33.58878016 29.16172034 28.64888497 29.76333951
  25.68599956 26.44639805 30.5466179  27.08831162 38.21340217 30.58049015
  20.33998007 18.21900844 16.15758727 23.08122804 27.62133113 28.96776082
  30.15202354 28.33932763 14.03711998 11.81081754 15.71769135]
 [ 7.70510157  7.09410147  2.38874597  1.4762318   1.08941749  1.00580865
   8.89211337  4.6090546   7.96378057  5.73992849 11.70485815  8.12721526
   9.76301311 11.17033312 12.10152841 10.1134465  10.05327731  1.31820968
  10.92655844  7.84508827  1.49491737  2.21568821 11.57544228  7.37689063
   7.80802117  6.06124498  8.8127497   2.15002741 15.74383073 15.31228207
  13.72857119 13.09761911  2.74194766  7.36424075  8.93437431]]