[[ 2.84026337  1.97765791  1.03406061  2.27466689  7.06355814  2.59545754
   3.95520403  3.42612382  3.15672065  3.17625074  2.23364542  4.78393439
   8.63313925  9.91769761  4.72063679  5.00025781  4.86576123  3.4836136
   5.94316999  3.1547176   0.88005081  4.84045648  6.1510996   5.52440374
   0.88432894  0.99572512  2.7579096   1.76501272  6.76511312  8.26292029
   6.845414    7.44235129  1.42814961  1.36067335  4.97770696]
 [ 6.5587795   6.59180771  8.66050088  7.93084041  8.49530052 17.8181193
   4.98457211  5.56922214  4.48764037  5.34626828 11.13826979 14.02310506
   8.23014384 11.4695771   5.07117274  6.57305654  4.64717308  9.44427612
   4.50152839  4.68999397 11.20431747 11.73336777  8.55733984 20.10919444
  10.04274593  7.79927185  6.54959015  6.03177109  5.86215068  7.57776353
   5.11372138  6.14615046 13.53248323 11.46188694 17.33646573]
 [17.8019426  16.67127182  2.5930127   9.44291119 16.65679469 20.25165006
  17.28526269  4.85385233 13.15846871 13.84162356  4.23275827 21.94977931
  26.87095491 28.92749748 22.35215553 22.46042256 16.47705     4.37222716
  22.40941753 13.80148838 17.23784581 36.1611687  19.15553622 23.21919613
  11.33460689 17.59072757 18.3365448   3.32284285 21.50876505 19.55556197
  26.65912877 23.06972549 15.98379149 14.84493738 15.57195793]
 [31.55916096 20.56561217 18.15154189 10.27533646 24.7832295  29.05706388
  12.69803768 11.26946743 11.70998058 13.30712077 29.7318927  26.53789229
  19.77836212 12.13102044 11.8557117  12.31278128 16.95725259 18.07186829
  11.95659055 12.89785879 15.42943081 18.64191311 15.48212877 14.2136111
  35.77533623 22.61008073 19.47399777 25.95873975 24.25828939 18.04857277
  10.89331647 14.15016424 14.9342623   8.38554995 17.23979639]
 [ 7.67610677  7.49974293  8.96527682  9.6722385  18.99591421 17.57119548
  15.10138187 12.7894975  15.28541323 14.09515108 11.29565712 11.64341181
  20.08457097 20.7573513  17.2201011  13.85462262 10.16108013 14.48353808
  16.4043378  15.09465978 13.51650904 16.92888004 17.18750971 15.71464936
   8.77016281 10.59626825  7.80465514  8.58600708 13.43379062 15.23233546
  22.90515962 17.80695021  8.51676399  6.78844053 15.19730543]
 [ 7.64790559  7.54880923  5.23447319 11.34792336  6.67442759  6.3920458
   9.45115956  9.99654491  9.98640454 12.38066484  8.89531229  8.99177276
   9.51080283 10.7449865  10.49653045  9.42850361  7.12729824  6.6554983
   8.99447333 10.95719898  7.71115133  7.13106615  9.10923718  9.13474642
   7.63062007  5.50628039  8.31906692  7.3037424   8.57043352  8.95650377
  11.45078398  9.98300689  4.63605978  9.79502683  9.77185339]
 [ 1.49768897  2.09269123  1.30561449  0.95361792  7.49570402  6.73603332
  10.52840139  8.38520797  8.72174172  7.77036911  1.55118742  3.89499555
  11.27592252  1.69906082  9.3089038  10.35593723  1.96364572  3.24813089
  11.39918557  9.1142673   3.14409776  4.35949393  8.73856966  9.08968297
   0.96317784  1.67400122  1.02115903  1.73395066  6.57312709  5.73244088
  11.23446966 11.90246346  0.55404879  0.24393611  7.65927592]
 [12.20790843 15.95162009  8.09562144  8.3023302  18.95908997 24.69757625
  28.32417146 15.20044293 23.46169988 18.30472765 22.98806485 25.05613859
  14.50462374 11.51696669 14.61351857 11.32839486  8.51251063 20.1975316
  10.11678282 19.19608695 18.11923378 12.67397997 15.95707927 13.04265227
  17.48524094 17.90020035  7.67853456 10.88519755  8.98371334  9.53869822
  12.62233118  9.94530622  1.45639129 12.35837513 20.75104188]
 [11.00537609  9.27981283 11.27020464  3.01333349 14.30886735  7.68523786
   7.88576274  4.48119212  6.79453851  7.42476827 10.27821267  9.98654898
  12.05845749 12.53313343 10.26515051  8.55959694  8.88173845  1.87994994
   9.00832529  7.32285692 10.20744171  5.05241539  9.28859884  8.28681132
   9.16387774  2.34635195 11.97663869  9.15735785  9.5767648  12.41964235
  11.89117911 10.08210775  4.71358826  3.9033015   7.14740148]
 [19.71101464  9.45993205  5.97427418  1.85908094  5.47726379  2.99987012
   7.35905601  1.48467449  2.79619661  1.58025824  5.34465775  1.38632984
   6.51620291  5.78029202  7.19227549  3.67675408  7.48306172  1.07032097
   2.04735969  1.60593578  2.78463089  1.43979031  2.3841107   1.67845233
   7.72494681  1.36985865 10.86851245  3.63136189  8.51230424  2.58788492
   8.25259324  4.42622062  6.94788017  5.93858536 11.07141699]
 [ 9.32458784 25.17891754  8.86611127  8.24972403  8.22702632 11.27900149
  10.49316547 14.18938731 15.12658756 16.39035846 16.28202845 22.8036326
  18.42429006 18.82451055 16.33729435 15.87835797 11.01709818 12.05381369
  17.44225915 15.6302679  11.78097819 15.29856328 13.58222072 14.5102769
  16.48958536 29.54144584 13.95638853 12.20513342 14.77475633 15.16983822
  20.48256313 17.00259353 20.62109895 37.18004436 19.14678559]
 [14.07931311 15.96048011  5.36713994  5.98904516 14.24621182 12.12961029
  13.09427339 11.90167762 13.30601142 12.36642278 10.97006438 11.64337045
  11.73862828 14.85033785 14.6033713  15.48496554  8.71384096 11.29656723
  16.28647796 12.71588372  9.91127256  9.08912699 13.42460464 11.49036577
  12.94936065 15.81121457 13.6440538  10.32810185 12.82633753 10.60768694
  17.32282047 15.81829234 11.36575572  8.77432727  9.48403025]
 [15.51128299 17.53518009 23.70121188 24.58624291 25.03558494 30.06326844
  20.01897608 24.13881888 19.83516769 21.72746684 22.83733816 24.13124553
  28.22024329 33.99472621 21.93163492 25.21767351 18.33926649 20.35207482
  24.07109502 21.97203239 30.55054217 31.52015555 24.1166088  28.92990557
  15.51797589 19.37752672 16.3217921  16.56482303 23.17625474 25.57009277
  24.34958983 28.0078678  20.7680173  15.63844528 11.70941011]
 [ 5.41892223  5.64547919  6.33894369  6.88917888  6.43773052  8.24967813
   7.74628952  9.47130667  8.8674141   9.80606389  4.963466    5.3363267
   8.53684232  8.87563754  8.2327304   9.33245018  3.83184121  6.06839914
   8.09915204  9.06425151  6.35869029  7.8550722   6.73717588  9.53660633
   4.90940037  5.44678962  5.43901138  3.89528484  6.12278825  5.30744125
   8.84452238  7.93794293  6.44913159  7.81483272 10.79259816]
 [ 1.50851024  2.56436073  5.13614904  6.46120948  9.32408126  7.5022529
   7.05827123  5.53360634  6.53908712  6.02668698  5.25453359  5.84397581
  13.03466834 10.7133279   7.26759645  5.46825358  3.54383571  3.76410012
   5.30215871  6.34445585  8.91643458  9.92557892  8.91269806  6.93150018
   1.95769198  2.48430054  1.70697762  1.86182925  6.53488318  7.43273873
   7.96942024  6.13721213  0.94059125  1.86728827 10.20085435]
 [ 5.85654943  5.96542269  6.02897898  6.02537725  6.60699341  6.73275599
   7.15836121  6.50372894  6.46993852  7.11764822  7.24757357  8.16434907
  10.06523686  8.75443391  8.52979923  8.11269064  5.97706916  9.06810278
   6.84383903  6.88784441  7.5983409   5.15564848  8.44691589  6.32165641
   5.66861199  7.31617599  5.91939651  6.51022072  6.24486978  7.6094525
   9.77879787  8.86888125  8.13091904  8.53465212  8.46832673]
 [13.90172027 17.03887433 10.81246118 14.36534928 22.1758538  34.4224438
  12.9612736  10.41388781  9.05407546 10.82794815 24.18148129 29.71460586
  13.84918844 16.73979003  8.89218611  9.65175376 12.44543001 21.81488627
   8.19236867 10.4307825  18.24535147 17.64659175 14.93214458 17.32490485
  36.28146605 29.1853566   2.81303994 15.66002705 14.76104413 17.82008003
   9.67749429 10.12520568 21.42545244 14.19878631 17.36572677]
 [10.83513867 10.8729297  11.07293464 11.41745963 12.23025684 13.63375025
  14.48408822 13.36598562 14.69175019 15.68368724 14.19679245 13.40709364
  17.35876626 14.36112087 17.49061191 15.64840388 13.51578787  9.76340875
  17.25204789 15.56924772 13.89221419 13.84776709 16.59633963 14.92790138
  11.5199623  11.6972232  11.20705159 11.98493022 16.34544149 15.80239536
  18.98808678 16.14281027  9.32244982  7.58666151 12.68007393]
 [ 9.15006511 14.51970989  7.55006845  8.66835561  8.69601608 12.8778921
   8.74305265  9.39600453  9.25957214 10.64528335  9.1425922  10.51869267
  11.43994375 11.3121193   9.64591509  8.51513859  7.16994122 11.02345394
   9.17767809  9.25477985  8.18639811 10.71029582  8.71574975  8.18471071
   8.78168221  9.53059147  9.0231565   7.72637707  9.03189223  9.33389586
  11.14449243  9.61014064 13.30690672  8.69049767 17.91590195]
 [ 7.14188725  7.26311515  1.16521206  1.12765645  1.10716404  1.46573245
  10.94500234  6.59169282 13.3838024  10.58891271  8.37894978  6.15052493
  10.19139509 14.1985579  13.43729689 12.91820024  6.06700352  2.16407369
  10.9212213  11.95231357  1.27428523  2.13080791  9.8689352   6.9559197
   7.205416    6.13135046  9.06576171  1.86911658 10.85705391 11.30600098
  11.86024445 14.16709665  1.8832122   7.38009332 11.62672499]]