[[ 1.14915462  0.6397803   0.39947465  0.70586638  2.83443263  0.66235164
   0.61947137  0.37550647  0.28519439  0.33756116  0.72042827  1.48435227
   2.33161589  2.13351722  0.63514277  0.59431681  1.30085204  0.92688872
   0.73768546  0.31168365  0.27741859  1.34747729  1.77248931  0.87438149
   0.29763703  0.29961614  1.07803948  0.52439376  1.77113483  2.27507333
   1.08121668  1.08435657  0.6112852   0.58319504  2.14082167]
 [ 4.38116052  4.10601521  5.0578539   6.13232137  5.70668333 17.49772371
   1.31281598  2.33378134  1.3463069   2.20634304  6.77857273  9.83918081
   3.36386024  8.89734365  1.5484677   2.69218821  2.21895183  7.89750876
   1.23642996  1.76561449  6.1398894   8.62453194  5.55942263 23.39528896
   6.35284158  4.87982583  4.22961073  3.61052597  2.0535574   3.37306443
   1.69814754  2.18724992 17.74459128 18.94243939 14.79353413]
 [ 4.3185968   4.78588559  0.5525037   4.19605983  3.86848004  3.26345185
   2.27873079  0.7031031   1.56014842  1.89293945  1.0071424   7.99147966
   3.46190175  4.11581033  2.80741213  2.59343324  4.36542657  1.29178343
   2.62484083  1.8492668   2.85990898 14.95502066  2.42495937  2.91182461
   3.15438235  5.86856103  4.76970132  0.93635914  3.15464635  3.03084658
   3.69786428  3.07404502  3.65215838  6.20016171  6.0758358 ]
 [19.88671199  9.55990492  7.91771969  3.54421348 12.13066268 16.64944409
   3.3846357   2.69805188  1.89314948  2.97085817 15.17511527 19.57144775
   5.80204981  2.68547592  1.70607906  1.90234608  7.16905074  9.41025161
   1.86132929  2.61214739  5.89994166  7.36920297  4.84627998  4.9953386
  19.94406304 15.93525819 10.09891126 16.74461707  9.40218631  7.98192878
   1.67071687  2.34813292  9.98358196  5.50640024  8.49640716]
 [ 3.78199111  3.64741255  4.3101359   3.66311857 11.50467869  6.90780401
   2.18171364  1.68200025  3.85398735  2.67813449  4.73141741  4.28412023
   7.39814686  5.20174479  2.63420662  1.8126537   3.74129542  3.77744536
   2.83214289  3.50254187  6.66217735  8.57526696  3.88960766  2.56911435
   4.30532085  5.29394208  3.77702211  3.74818164  4.0808044   4.34346414
   3.5390043   2.82121749  4.25621347  3.13842901  7.79519861]
 [ 3.732586    5.11401707  2.04587995  8.83296303  1.62964101  1.89658632
   1.52297049  2.09939516  1.89498727  5.37685216  3.83520087  4.28667684
   2.34133003  3.12182539  1.75496842  2.2026961   2.72827014  4.6607482
   1.88056226  3.30853031  3.04660863  2.64495801  1.75590478  2.02034192
   4.56280362  3.45651532  4.30323968  3.2815078   2.48985515  3.02386067
   2.46994194  2.52694629  3.30796625 11.16320778  4.10264239]
 [ 0.49161539  0.60842503  0.47134893  0.25253718  3.34129265  1.98255122
   3.71711461  1.42738956  2.34140339  2.12119815  0.42221338  0.76658666
   2.77318167  0.32537376  1.20928398  1.25398138  0.47015154  0.74337964
   1.14012393  2.55776556  0.7724044   0.87977631  1.73218528  1.56195442
   0.36642023  0.47003045  0.32280305  0.47913814  1.06214343  0.80754472
   1.31406415  1.44370871  0.23479275  0.0921495   3.98809024]
 [ 8.28532389 11.2180975   4.41577196  5.09769348 13.63282413 20.31537364
  16.90751243  5.93043771 17.62007005 13.58012706 16.25602385 19.26259511
   5.32053543  4.51248492  5.69286613  3.64799509  4.96447529 13.9832948
   3.44852917 13.34150896 12.2171586   8.08520363  7.51779705  6.06921447
  12.76786045 13.09236771  5.39893184  8.82271806  3.72308965  4.07638281
   3.7372375   2.97198049  0.82217103  9.95934118 14.86306831]
 [ 5.71530542  4.69171983  5.4539695   0.70671175  6.41902607  1.41557662
   0.83127217  0.75716173  1.06441874  1.9375162   3.30911781  1.78048082
   1.49026122  2.28776769  0.85093139  1.05333779  2.16203489  0.788535
   0.87676325  1.5684982   2.37942321  0.80836224  0.8683251   1.16967786
   4.11510838  0.74386181  6.13718036  3.53327626  1.77715213  1.64101845
   1.17059532  1.24665312  2.50579489  2.58250615  3.03217332]
 [12.48383955  5.8198808   2.89134803  0.77190321  3.92443945  1.08389434
   4.13954258  0.30244721  0.7944232   0.27520775  2.54568572  0.31514588
   3.7636362   2.0633907   3.4942316   0.5834621   3.22530824  0.1342407
   0.31268357  0.33499837  1.1319223   0.39796769  0.94467317  0.37085531
   4.46820014  0.44875626  6.66225597  1.84690553  2.81322564  0.87697332
   3.05138102  0.83214429  4.12686203  3.4832445   5.30820874]
 [ 2.61465886 13.37583218  2.16559251  2.49922141  1.70164363  4.67027296
   2.07560419  5.86059144  5.18913406  6.15094178  5.84545477 11.12230759
   2.70671281  3.25495007  2.31856293  2.43055123  2.8309819   2.2515468
   2.2764563   5.21033777  2.76117021  6.64887145  1.93230463  2.32120786
   7.97845999 16.6086488   5.81425756  5.0222417   2.84061012  4.68962589
   2.65591647  2.26931625 11.05343102 21.68928446  8.82325416]
 [ 7.29682333  8.62853817  2.43960379  2.43059133  7.26049405  7.05419939
   2.35910192  2.18628017  1.32995502  1.37100884  3.81104801  4.0284631
   3.34760195  7.79693328  2.12136752  2.48456499  2.77551546  2.04199428
   2.0678088   1.41585591  4.78333634  6.33523028  4.22087609  8.03480955
   6.60071972  8.53995885  7.75098606  4.40096571  2.94152996  2.66556509
   2.67952779  2.81175725  6.37892221  5.09170717  3.14368656]
 [ 3.52829992  3.45676791  4.69009569  4.18650329  3.4933121   4.87385066
   2.71215772  3.70937177  4.22935264  4.45259906  4.18411675  4.05368917
   4.0455681   5.32508046  3.11564454  3.75043281  3.38200843  3.49329999
   3.81430189  4.79520998  4.91979275  5.05022917  3.22565574  4.44149307
   3.68658053  3.63315702  3.44149644  3.44596184  3.90708166  4.26707793
   3.84557168  4.79525521  4.39887205  3.20454831  4.50133421]
 [ 0.97473077  1.14452209  0.70636518  0.99173901  0.47354088  0.92626249
   0.45393249  0.92486302  0.79815927  1.89432515  0.61048572  0.84337113
   0.92591397  1.12181928  0.60226522  0.92639163  0.53862738  0.55295818
   0.83006223  1.26411566  0.74854513  0.91913326  0.47821295  0.98531421
   0.80509892  1.06769049  1.26420686  0.55285071  0.82640481  0.78536134
   0.8009658   0.90254913  1.93304128  3.44133336  4.0594896 ]
 [ 0.54018246  0.82343676  1.23008344  1.62186808  1.43513773  1.20043995
   0.62851655  0.58232622  0.80771486  0.67633886  0.99173447  1.69625715
   1.59410374  1.70333967  0.69051042  0.53072643  0.74005618  0.81006113
   0.55072667  0.75790845  1.62682825  1.82213218  0.92087904  0.90713636
   0.55514749  0.83598923  0.58510396  0.51907789  1.00113626  1.44594244
   0.89050337  0.76697051  0.35560773  0.74607465  2.40008662]
 [ 2.60860281  2.73036786  2.21236257  2.69580152  1.51079912  1.59786783
   1.05833987  0.88560411  0.66592128  0.83651434  3.04250939  4.03251273
   2.71259672  2.89960523  1.49532886  1.43614947  2.93799218  2.13695603
   1.37259336  0.88710359  2.74416054  2.01129463  1.56014994  1.32240867
   2.35524959  3.42158342  2.92973482  3.04768194  2.71097763  3.66347466
   2.05952618  2.51869675  3.31226661  3.08041622  3.00353677]
 [ 7.86617546  9.03936437  5.26627661  6.58745024 12.01934695 13.14262764
   5.82869188  3.79341816  3.58485007  4.2881111  13.99605037 19.70381147
   6.9059091   6.42696484  2.72971146  2.60880791  5.80577297 13.08067667
   2.25281009  4.42137722 11.06991719  9.93187702  6.9111556   6.31806148
  23.3851957  19.63740924  1.64954993  9.66837178  6.72447551  6.94086618
   2.81757941  2.89334486 13.14280231  9.40490918  8.31690618]
 [ 2.15522318  2.19934449  1.88049968  2.08437377  1.86330653  2.55280476
   1.76107131  2.61838951  1.70102347  2.76791369  2.36450782  2.64901578
   2.09051553  2.27028695  1.61883776  2.03384773  2.59977399  1.31561515
   1.85159082  2.62763117  2.27460723  2.49036988  1.92537436  2.45445608
   2.15315764  2.29022243  2.14732023  2.37864879  2.48901078  2.86634142
   1.92681878  2.0186921   2.08143529  1.73396666  2.81470445]
 [ 3.06759758  5.47775099  1.70774761  1.8339232   2.01323028  5.57697688
   1.11727528  2.12370461  1.63908853  3.2612988   2.05787651  3.27926205
   1.22445285  2.09648492  0.96473653  1.38767761  1.46110295  2.94202361
   1.03032907  2.46734906  1.33644405  2.46167345  0.88710079  1.77022203
   2.51593578  2.81084104  3.20397308  2.03127084  1.68579736  1.58094576
   1.07295506  1.2174081   5.64737304  3.51582542  8.99952964]
 [ 2.62922491  2.7203921   0.63811921  0.49278246  0.41481018  0.76536803
   2.05077311  1.14513115  2.63593454  1.55356159  4.1164092   2.3148235
   3.30088577  4.50097261  2.40422201  1.86729444  2.01393353  0.71078075
   2.11605063  2.29248539  0.7811765   1.59440925  2.43723542  1.68340084
   2.71972996  2.29942064  3.37793598  0.64789757  4.64837359  4.08178207
   2.80473532  2.87126427  0.93073621  3.47927335  3.58675114]]