[[1.71404229e+00 3.70911876e+00 1.74983885e+00 1.25411397e+00
  2.06461573e+00 1.14555447e+00 1.05185072e+00 1.34394794e+00
  1.46423038e+00 1.40022172e+00 8.09481775e-01 8.48196902e-01
  1.29849934e+00 4.33053680e-01 7.78480647e-01 7.33164320e-01
  5.14882068e-01 6.18071401e-29 4.88140859e-01 1.34447450e+00
  1.28995094e+00 8.83191459e-01 1.06521678e+00 8.19837493e-01
  1.36387055e+00 2.19871261e+00 1.87604818e+00 6.84225000e-01
  2.54612787e-01 2.88950681e-01 3.29632531e-01 2.24110302e-01
  2.01084211e+00 1.84313815e+00 5.85708058e+00]
 [2.70620754e+01 1.45106267e+01 1.03512766e+01 1.48677603e+01
  5.77921917e+00 1.15159299e+01 1.45707608e+00 2.48412701e+00
  1.91004659e+00 3.15743963e+00 1.21902851e+01 2.25245896e+01
  1.81893267e+00 2.13329078e+00 8.34354602e-01 8.72998283e-01
  2.35311778e+00 8.26576242e-30 5.52437606e-01 2.60893624e+00
  1.25537560e+01 1.12884406e+01 1.69531723e+00 1.43953592e+00
  2.37613258e+01 2.43310217e+01 1.91786597e+01 1.14327182e+01
  1.27303458e+00 2.09624888e+00 3.68233172e-01 3.24532346e-01
  1.77086258e+01 5.13518473e+01 2.23515991e+00]
 [6.26714875e+00 4.82018823e+00 5.38835520e+00 4.73001233e+00
  4.12758436e+00 7.69454914e+00 1.18345781e+00 1.98221574e+00
  1.77527265e+00 2.26399468e+00 7.76288747e+00 3.70600697e+00
  9.57972173e-01 7.46421979e-01 8.89538766e-01 1.03814494e+00
  8.72206194e-01 1.01554709e-29 6.48757231e-01 1.98996846e+00
  1.86092631e+00 3.40866893e+00 1.21149904e+00 1.58048255e+00
  4.59073484e+00 5.77776851e+00 4.33556586e+00 2.99659846e+00
  3.46901363e-01 4.25684056e-01 5.05160238e-01 4.14464306e-01
  4.00576839e+00 4.10555455e+00 3.31791667e+00]
 [4.68243535e+02 2.99615017e+02 2.28306671e+01 1.80106393e+01
  2.00939406e+01 2.87912867e+01 7.22393257e+00 5.07022482e+00
  9.35571625e+00 6.71603935e+00 2.32969703e+01 4.17530353e+01
  1.62737961e+00 1.08361499e+00 2.19404885e+00 1.98843184e+00
  5.54682549e+00 2.24062192e-29 1.53541235e+00 7.53799124e+00
  1.82523961e+01 9.50165212e+00 5.46873713e+00 4.92566631e+00
  1.34152799e+02 9.71346634e+01 1.63259670e+02 1.20708331e+02
  3.44330606e+00 3.42088949e+00 6.52873901e-01 6.06464077e-01
  3.01608209e+02 1.65203084e+02 4.25220854e+00]
 [2.73850928e+02 4.35273948e+02 4.46778693e+01 2.80515222e+01
  2.48061206e+01 3.21320155e+01 4.53957803e+00 5.80113153e+00
  6.14073820e+00 6.70579372e+00 2.13281341e+01 2.09855568e+01
  3.82770736e+00 4.43607601e+00 2.53983334e+00 3.02768647e+00
  1.43059758e+01 7.75057176e-29 2.01231211e+00 6.41132838e+00
  2.31729966e+01 1.97146019e+01 4.68445495e+00 8.20558214e+00
  8.12181064e+01 1.13215613e+02 2.82403736e+02 5.71351695e+01
  3.51749141e+00 3.07073518e+00 9.21917399e-01 9.56484093e-01
  2.11442239e+02 3.91444028e+02 3.83373767e+00]
 [7.04043979e+01 1.12848230e+02 3.07216920e+01 1.34921422e+02
  5.17320411e+01 4.10861069e+01 5.24033597e+00 5.89948140e+00
  4.66369628e+00 4.79409097e+00 2.20966545e+01 1.16304293e+01
  1.03092139e+01 9.43950107e+00 2.63699080e+00 1.92659845e+00
  3.51655500e+00 5.45106626e-29 9.50724608e-01 4.64418123e+00
  3.59140478e+01 1.21797709e+02 1.11726087e+01 1.69673336e+01
  6.69402545e+01 1.99591329e+01 4.15521611e+01 1.22544350e+01
  1.60768002e+00 2.01460747e+00 8.60661892e-01 6.38325359e-01
  7.13347816e+01 1.38677524e+02 9.54847139e-01]
 [9.29500976e+00 6.67597461e+00 4.36017904e+00 2.14812685e+00
  3.85273961e+00 2.56203847e+00 3.56003450e+00 2.31444046e+00
  3.66397030e+00 3.53033265e+00 1.47578312e+00 1.21698826e+00
  2.11045564e+00 1.01880654e+00 1.42623901e+00 1.24834870e+00
  9.72993299e-01 8.39219542e-30 9.69712032e-01 3.63199338e+00
  2.93585134e+00 1.50231777e+00 1.94007239e+00 1.74424093e+00
  3.19620782e+00 3.26367348e+00 7.58266992e+00 2.12965677e+00
  7.08233805e-01 5.71183197e-01 6.27064903e-01 5.18343890e-01
  2.19747817e+01 2.05403518e+01 9.08904600e+00]
 [4.39713422e+01 4.62653046e+01 8.11258149e+00 7.87232081e+00
  3.60680947e+00 2.63903710e+00 2.31725447e+00 3.71721372e+00
  1.25208565e+01 1.72245980e+01 3.35439054e+00 1.93860814e+00
  9.05641556e-01 1.75657208e+00 1.56488146e+00 2.18686558e+00
  2.88263758e+00 2.29764813e-29 1.06975644e+00 1.24384601e+01
  6.81432131e+00 4.78707145e+00 1.30457619e+00 1.54255482e+00
  1.35606260e+01 2.51475933e+01 3.16599652e+01 8.30801072e+00
  8.39476747e-01 4.72734643e-01 4.84404400e-01 5.59073355e-01
  5.43629757e+01 3.49618124e+01 2.43210865e+01]
 [4.49573067e+00 1.12588438e+01 8.14473762e+00 4.18168746e+00
  9.90258610e-01 1.24636376e+00 1.10565722e+00 1.75138995e+00
  2.87062635e+00 4.59701662e+00 2.16367247e+00 1.30137844e+00
  4.20375680e-01 4.77561297e-01 6.20593374e-01 7.51330535e-01
  8.64038797e-01 2.08064857e-29 4.76158465e-01 3.59349717e+00
  1.51274807e+00 1.60191002e+00 6.57455798e-01 6.72929284e-01
  7.24970624e+00 3.22315975e+00 6.80831103e+00 2.39715598e+00
  4.23240841e-01 3.27295413e-01 3.25957168e-01 2.81789528e-01
  8.81600918e+00 1.02320347e+01 2.20535488e+01]
 [2.41252061e+01 2.67917964e+01 5.04717223e+00 3.65870061e+00
  2.64343931e+00 1.04522656e+00 3.90706113e+00 1.42789282e+00
  4.47618698e+00 1.89924319e+00 4.51873894e+00 1.22158811e+00
  3.34570598e+00 5.32118444e-01 1.37318829e+00 7.06398854e-01
  2.31755692e+00 5.44214154e-29 7.58807315e-01 3.05416485e+00
  1.31547978e+01 1.06217607e+00 1.74773059e+00 8.41343871e-01
  2.06534169e+01 5.77792424e+00 2.12937909e+01 7.23460577e+00
  6.26706427e-01 5.10441670e-01 5.74420718e-01 2.73767330e-01
  1.25030144e+01 1.52367420e+01 8.06003256e+00]
 [2.89889062e+00 5.42133703e+00 2.82463574e+00 3.37637087e+00
  1.73236489e+00 1.87314394e+00 2.54540097e+00 4.64598199e+00
  6.41464611e+00 3.96980947e+00 1.56362199e+00 1.77961781e+00
  6.77495505e-01 6.95430488e-01 1.15573521e+00 1.09436144e+00
  8.36865736e-01 1.19324358e-30 6.50315013e-01 4.49808790e+00
  1.53452742e+00 1.80522020e+00 1.13330431e+00 1.13478193e+00
  3.07288587e+00 5.08660983e+00 3.61830818e+00 1.81326157e+00
  4.21217458e-01 4.82731015e-01 4.60186565e-01 4.96647913e-01
  3.30872579e+00 3.43563208e+00 2.29699555e+00]
 [3.62048468e+01 2.89211514e+01 7.80846969e+00 7.54331514e+00
  1.02458266e+01 2.42699025e+01 5.71230898e+00 6.31323128e+00
  3.95265290e+00 3.55044146e+00 3.36853645e+00 4.53473579e+00
  2.85619401e+00 8.61097645e+00 2.24383558e+00 2.52633430e+00
  1.98677796e+00 8.04034747e-30 9.09079118e-01 3.53989033e+00
  1.35285819e+01 2.47896891e+01 6.94891379e+00 3.61782633e+01
  1.13069270e+01 1.12610508e+01 3.22692348e+01 6.03401037e+00
  9.11853770e-01 1.39021670e+00 8.13618762e-01 8.60034917e-01
  4.58563136e+01 3.08803111e+01 3.17856487e+00]
 [9.11994800e+00 1.10420292e+01 9.10970114e+00 1.06706824e+01
  9.70514936e+00 9.92750972e+00 1.07112704e+01 1.08742481e+01
  1.48767970e+01 1.08000448e+01 8.12806696e+00 9.37782951e+00
  8.01370321e+00 8.08358721e+00 9.54629944e+00 8.73288042e+00
  7.86052073e+00 1.42596594e-28 8.42761717e+00 1.24992274e+01
  8.63400398e+00 9.51826730e+00 9.29631021e+00 9.17463278e+00
  8.25726096e+00 9.67710241e+00 9.28215098e+00 8.23549919e+00
  7.61890032e+00 7.92669034e+00 7.97632227e+00 7.71920436e+00
  2.77116421e+00 3.66984636e+00 8.66372260e+00]
 [5.01915714e+00 4.19838616e+00 3.88125585e+00 5.19311559e+00
  7.99000708e+00 1.57418398e+01 3.10181907e+00 3.16784265e+00
  2.69571204e+00 4.24545772e+00 2.01471108e+00 3.57146696e+00
  1.41803227e+00 8.03545947e+00 1.67412965e+00 2.98770572e+00
  1.24311885e+00 2.17033509e-30 9.04973770e-01 3.19038009e+00
  4.11398347e+00 1.52693197e+01 3.13815056e+00 5.43782704e+00
  4.71252236e+00 4.62205939e+00 5.37124270e+00 1.95378558e+00
  8.28843324e-01 1.24902299e+00 6.63531949e-01 9.62203337e-01
  2.53003970e+00 2.43968138e+00 7.01016358e+00]
 [9.52182805e+00 6.38301091e+00 2.45461954e+00 1.94916975e+00
  1.36040983e+00 1.14066061e+00 1.29235263e+00 1.95140115e+00
  2.50044264e+00 3.05806401e+00 8.36814202e-01 1.07805685e+00
  3.86751779e-01 3.92215950e-01 8.13516721e-01 7.45079734e-01
  7.54488180e-01 5.91632141e-30 4.25529288e-01 2.22137407e+00
  9.93677136e-01 8.56840008e-01 7.77201540e-01 8.41803686e-01
  3.45464907e+00 3.72440577e+00 7.36118119e+00 2.40104566e+00
  3.19495116e-01 3.54245041e-01 3.35577350e-01 2.29598922e-01
  7.18782534e+00 4.14389589e+00 7.73518359e+00]
 [4.29581108e+00 1.44351862e+01 2.19390440e+00 2.57827184e+00
  2.17841896e+00 1.13165110e+00 1.66260968e+00 1.16481974e+00
  1.17719102e+00 1.38225944e+00 3.43547456e+00 3.65832077e+00
  4.46675675e-01 4.16985745e-01 6.14716550e-01 6.52354522e-01
  1.29432014e+00 2.33056839e-30 3.71753479e-01 1.20840332e+00
  1.99637107e+00 1.72337982e+00 1.28956972e+00 7.49823923e-01
  9.75313523e+00 1.16882147e+01 7.28683000e+00 7.21298867e+00
  5.70179982e-01 3.54812073e-01 2.58114842e-01 2.44207867e-01
  3.62063808e+00 8.97161407e+00 5.82652401e+00]
 [4.23767668e+00 1.78857674e+00 1.98046795e+00 1.92843643e+00
  1.97291490e+00 3.64834340e+00 2.77498093e+00 3.57842445e+00
  8.32113748e+00 1.03258842e+01 1.00655336e+00 1.15036388e+00
  1.07806792e+00 8.20794235e-01 1.13186957e+00 1.45635294e+00
  6.92335797e-01 5.46184733e-30 7.68881768e-01 1.06267330e+01
  2.31637874e+00 1.61956896e+00 1.44204701e+00 1.70314743e+00
  4.05516921e+00 3.63323130e+00 2.40413565e+00 6.87318949e-01
  3.07163078e-01 3.04943681e-01 3.65620858e-01 3.29818732e-01
  3.78905242e+00 1.93643043e+00 1.09439058e+00]
 [6.30905370e+01 6.34637183e+01 3.71732790e+00 1.00729168e+01
  3.32626361e+00 2.16709308e+00 2.51728835e+00 2.74206896e+00
  4.03311479e+00 3.83662406e+00 2.16687302e+00 5.54391805e+00
  7.20388349e-01 9.95166966e-01 1.33320489e+00 1.43988133e+00
  2.58015746e+00 1.69438908e-30 8.89378475e-01 4.03541116e+00
  1.59309648e+00 2.72615428e+00 1.39792252e+00 1.69107507e+00
  1.01224227e+01 1.73437851e+01 3.82193802e+01 1.09333518e+01
  7.00471170e-01 1.03682238e+00 6.25892512e-01 6.19133524e-01
  6.13397367e+01 2.34470371e+01 2.35787374e+00]
 [1.54009796e+01 2.01823760e+01 2.57518717e+00 2.03877524e+00
  2.21985097e+00 5.01710854e+00 1.46055900e+00 1.89091982e+00
  2.71900052e+00 3.46157556e+00 1.31387981e+00 1.34308649e+00
  3.33635674e-01 6.43409766e-01 9.67715963e-01 1.08120609e+00
  8.48936524e-01 3.62323525e-30 4.97698808e-01 3.24661620e+00
  1.33394466e+00 1.94535209e+00 8.35251319e-01 3.75075676e+00
  3.87930677e+00 5.52795440e+00 1.30178701e+01 2.83707864e+00
  2.91768062e-01 3.40286165e-01 3.00189049e-01 2.46672172e-01
  7.89315586e+00 1.27031464e+01 1.05522405e+01]
 [8.16452449e+01 2.15977893e+02 5.49615239e+00 1.91891911e+01
  4.21008956e+00 2.14977756e+00 4.10905022e+00 3.82568868e+00
  5.22972731e+00 4.84352875e+00 3.57516783e+00 8.27619689e+00
  9.29308114e-01 1.11309772e+00 1.96252701e+00 1.77089503e+00
  5.91791926e+00 1.99397514e-30 1.20626945e+00 5.05787159e+00
  1.65680136e+00 2.97567271e+00 2.13713882e+00 1.97048991e+00
  2.41583428e+01 6.14358364e+01 1.05552421e+02 2.77787728e+01
  1.12862537e+00 1.47718714e+00 8.20994088e-01 6.15585623e-01
  3.96658337e+01 3.61045056e+01 4.83474422e+00]]