[[5.38061657e+02 1.47448159e+03 4.68128674e+02 2.46532625e+02
  7.37999364e+01 7.03367841e+02 8.18264039e+01 1.16272607e+02
  1.15078817e+02 7.60135161e+01 1.85722710e+02 9.15876965e+01
  1.97977040e+01 1.12126469e+01 3.37339745e+01 3.27583097e+01
  5.86445868e+01 2.25785934e-26 2.04369760e+01 8.47263719e+01
  7.05858754e+02 9.28115074e+01 6.28403909e+01 3.75234288e+01
  7.80679536e+02 1.01182448e+03 5.93901257e+02 1.08482067e+02
  9.10875917e+00 2.42936740e+01 8.57859027e+00 7.60501239e+00
  1.29453379e+03 9.88311536e+02 1.86425491e+02]
 [1.37065165e+02 1.21353323e+02 7.26977238e+01 8.69417063e+01
  6.25904052e+01 5.75833405e+01 5.20051630e+01 5.38827450e+01
  6.88736954e+01 6.53011461e+01 3.94826803e+01 3.91941572e+01
  1.52605967e+01 1.49283065e+01 2.98896183e+01 2.62590118e+01
  2.81335031e+01 9.38928658e-29 2.23807060e+01 6.85780568e+01
  4.89016696e+01 4.74679451e+01 3.65623739e+01 3.33280497e+01
  7.36411944e+01 8.24262425e+01 1.37087808e+02 6.74290011e+01
  1.52654478e+01 1.12793492e+01 1.10587600e+01 9.60792922e+00
  2.78535742e+01 5.32433490e+01 7.38617335e+00]
 [5.62166203e+01 4.39604262e+01 1.22575956e+02 4.36655382e+01
  3.47363555e+01 2.22551633e+01 2.08813937e+01 4.12019835e+01
  2.86171650e+01 2.62215251e+01 1.68797414e+02 1.17707589e+01
  6.74417118e+00 5.38825447e+00 1.15524212e+01 1.25649700e+01
  9.10269197e+00 1.46173817e-28 1.00971642e+01 2.49227730e+01
  2.81715188e+01 1.48287383e+01 1.31920638e+01 1.34823485e+01
  3.80845820e+01 3.22418187e+01 4.75036186e+01 1.91471319e+02
  5.83146389e+00 6.31066661e+00 4.67239637e+00 5.11670527e+00
  1.27796476e+02 5.38906773e+01 5.57862313e+01]
 [5.09764556e+02 6.86292255e+02 9.73223347e+02 1.67201698e+03
  2.00941928e+02 2.25040533e+02 4.69505673e+01 7.04542752e+01
  4.44990637e+01 4.87834809e+01 1.04837881e+02 2.03647397e+02
  3.63672557e+01 4.22766604e+01 2.15906732e+01 2.95985497e+01
  1.78146763e+01 1.98607545e-28 1.35250817e+01 4.02003093e+01
  2.31628010e+02 3.30986256e+02 5.91002115e+01 6.61413921e+01
  3.99616024e+02 5.38221201e+02 3.74692324e+02 1.83958149e+02
  2.14633822e+01 2.73493028e+01 8.47350592e+00 8.79686463e+00
  1.50505256e+03 3.42533629e+03 1.65680004e+01]
 [1.52013702e+03 7.69578211e+03 1.74973448e+02 1.62984625e+02
  4.25747047e+01 3.97253420e+01 4.14558060e+01 5.46859137e+01
  4.84943772e+01 5.27098214e+01 6.46436155e+01 8.69138906e+01
  1.35937923e+01 8.68504713e+00 2.35751670e+01 2.71234451e+01
  6.57919228e+01 3.55607478e-28 1.69910480e+01 4.53333831e+01
  4.50527304e+01 3.98898725e+01 2.59054934e+01 2.34769412e+01
  2.92890938e+02 3.50690932e+02 1.13985362e+03 2.47882139e+02
  1.52149065e+01 1.54556499e+01 6.27670421e+00 6.56934087e+00
  7.71783141e+02 7.36454630e+03 1.72448102e+01]
 [3.33961906e+01 8.63968579e+01 7.14972309e+01 1.16427375e+02
  1.39434288e+02 1.06455261e+02 3.19081558e+01 2.92194226e+01
  4.23892504e+01 3.68372252e+01 3.38654496e+01 3.16190923e+01
  2.02972227e+01 1.33472883e+01 1.88145966e+01 1.66061429e+01
  1.47664782e+01 1.68508838e-28 1.33680029e+01 3.94917446e+01
  7.24677583e+02 2.07256531e+02 3.25188467e+01 2.39425270e+01
  5.23416455e+01 1.07469789e+02 4.00307572e+02 3.05130143e+01
  8.84783810e+00 7.56019956e+00 9.61734888e+00 5.58142977e+00
  1.59365431e+02 2.30157085e+02 5.89130650e+00]
 [3.25439783e+02 4.57666712e+02 5.76217937e+02 7.56059125e+02
  1.50956639e+02 1.03931097e+02 9.64723002e+01 5.51132035e+01
  9.90670724e+01 9.82983546e+01 6.18520471e+01 1.27557681e+02
  4.17117962e+01 3.38534374e+01 4.43197521e+01 3.01854355e+01
  3.41125647e+01 6.96016570e-28 2.21894098e+01 7.55899559e+01
  8.52081977e+02 1.63869273e+02 8.06346832e+01 5.86958974e+01
  1.30955723e+02 5.52257317e+02 3.64496586e+02 9.73779734e+01
  2.31471277e+01 2.22074636e+01 1.61504148e+01 9.89689931e+00
  2.14085150e+03 1.30975458e+03 1.60718231e+02]
 [2.77308711e+02 2.85662812e+02 7.23702348e+01 5.86992495e+01
  3.43379051e+01 3.11296183e+01 3.48154798e+01 6.44151656e+01
  4.32256047e+01 4.94870747e+01 3.30876259e+01 2.50113041e+01
  1.70732843e+01 9.77869131e+00 1.85985133e+01 2.57866702e+01
  3.24000845e+01 1.50621487e-28 1.43677175e+01 4.43502762e+01
  2.70027914e+01 2.16785118e+01 2.03967740e+01 2.43531881e+01
  1.01291748e+02 1.10462790e+02 2.29105686e+02 7.96008107e+01
  1.39751429e+01 7.60217942e+00 8.83766674e+00 1.05411646e+01
  3.04987784e+02 2.08099093e+02 1.44226195e+02]
 [7.04093995e+01 8.04511059e+01 3.72724364e+01 4.19194643e+01
  3.20550961e+01 2.28361086e+01 3.66820069e+01 4.73484239e+01
  5.71893898e+01 6.06801862e+01 1.78875684e+01 1.67952732e+01
  1.06609796e+01 6.64815718e+00 2.46357288e+01 1.87501820e+01
  2.01605369e+01 1.45207374e-28 1.64985072e+01 5.45304304e+01
  2.36464818e+01 2.38992414e+01 2.39556072e+01 1.80713715e+01
  3.77650675e+01 2.91888584e+01 6.55553924e+01 2.85063355e+01
  6.83591594e+00 1.00580626e+01 9.13563097e+00 6.28889509e+00
  7.16270676e+01 4.31631059e+01 1.35699321e+02]
 [4.38686498e+02 4.55975898e+02 9.93445154e+01 5.61801910e+02
  1.09452103e+02 9.71616462e+01 1.07403532e+02 4.08223157e+02
  1.24604407e+02 2.04747777e+02 6.68148551e+01 1.99993599e+03
  1.92299356e+01 3.73935412e+01 7.61645994e+01 6.15812868e+01
  5.29194525e+01 1.71553273e-26 8.25805308e+01 3.80567225e+02
  4.42159621e+02 7.75347944e+02 2.11802863e+02 2.99754839e+02
  1.77706210e+02 1.64543563e+03 3.54717693e+02 1.79335736e+02
  1.45299499e+01 9.08469548e+01 1.24265563e+01 1.34595906e+01
  5.47209757e+02 8.41715837e+02 2.20680667e+02]
 [7.70599373e+01 1.73245931e+02 1.22936360e+03 1.41851057e+03
  1.48614197e+02 4.00558441e+01 4.13445387e+01 3.18840667e+01
  4.42010810e+01 3.39447829e+01 1.57392027e+02 3.68009423e+02
  1.35833915e+01 9.89937651e+00 2.22659172e+01 1.56888330e+01
  5.50873989e+01 1.61266542e-28 1.09227204e+01 3.65251684e+01
  7.42832301e+01 4.76602396e+01 3.25717192e+01 1.97569129e+01
  6.84833902e+02 4.19205905e+02 9.95265911e+01 1.58578688e+02
  1.78783354e+01 1.06524434e+01 6.77586370e+00 8.57588317e+00
  1.04264879e+03 4.59723453e+02 3.88149264e+01]
 [1.65756854e+02 1.32174348e+02 6.96134029e+01 6.63156620e+01
  5.06826770e+01 7.28086114e+01 4.11683567e+01 4.13886689e+01
  5.92333151e+01 5.87315466e+01 3.00145928e+01 2.45829583e+01
  1.99901913e+01 1.54440082e+01 2.53022695e+01 2.04008508e+01
  2.64287890e+01 7.23397840e-29 1.39418285e+01 5.50749358e+01
  3.90550883e+01 8.15076523e+01 3.59406039e+01 4.74958448e+01
  6.70821416e+01 5.03412042e+01 1.51937048e+02 4.41726579e+01
  1.02138766e+01 1.39166839e+01 7.11913732e+00 7.05123021e+00
  1.55441802e+02 8.14821581e+01 2.03318572e+01]
 [4.39461687e+01 6.87951969e+01 2.70999701e+01 4.08141427e+01
  2.53239829e+01 1.27397146e+01 1.53510098e+01 1.22994982e+01
  1.45912986e+01 1.37691620e+01 1.00270171e+01 1.28060152e+01
  8.79755291e+00 5.65096098e+00 9.44632153e+00 6.82817942e+00
  7.53103956e+00 1.91779586e-28 9.01038359e+00 1.53460998e+01
  1.21513435e+01 1.35768287e+01 1.55332402e+01 9.10917649e+00
  1.68630326e+01 2.73366086e+01 3.62252833e+01 1.22656269e+01
  9.16413805e+00 5.10123644e+00 7.14636096e+00 3.75811509e+00
  1.19281744e+02 2.09910829e+02 7.30329825e+01]
 [4.78601043e+01 4.69980615e+01 4.94567573e+01 4.71227579e+01
  5.09755608e+01 3.80745627e+01 3.35744469e+01 4.47010711e+01
  3.07868376e+01 3.73473382e+01 1.39498401e+01 1.76527456e+01
  5.79849083e+00 8.70623339e+00 2.00194778e+01 1.76785111e+01
  1.13089822e+01 2.05602605e-29 1.32065646e+01 3.06242486e+01
  2.81929704e+01 2.39968268e+01 1.95023345e+01 2.28683515e+01
  2.81938119e+01 3.18988612e+01 3.79372405e+01 1.94748686e+01
  5.51742192e+00 5.67727630e+00 6.58615967e+00 5.38108636e+00
  2.54587351e+01 2.91797179e+01 7.36220675e+01]
 [4.60264029e+02 2.17548524e+02 7.18528767e+01 7.83897764e+01
  2.61485999e+01 2.69446285e+01 4.38117500e+01 5.34010120e+01
  5.80532186e+01 5.58361780e+01 2.47972657e+01 2.54960803e+01
  8.24104403e+00 6.95394190e+00 2.71364985e+01 2.44720094e+01
  2.63267021e+01 1.38617210e-28 1.92006723e+01 5.17488995e+01
  2.70423399e+01 2.28636663e+01 2.17337756e+01 1.92945618e+01
  1.11696576e+02 1.06580920e+02 3.23640504e+02 1.05792109e+02
  9.35260667e+00 8.57386236e+00 1.09725803e+01 6.30073228e+00
  2.44837298e+02 1.47013097e+02 2.20971840e+02]
 [5.24519272e+01 1.02635485e+02 3.41862627e+01 4.78095973e+01
  3.44901809e+01 2.43286845e+01 3.32586308e+01 3.12359804e+01
  4.28586826e+01 4.13345438e+01 1.57750052e+01 2.63773153e+01
  8.19932816e+00 7.00844871e+00 1.91758381e+01 1.53248420e+01
  1.22374731e+01 2.63426608e-29 1.25902931e+01 3.88219896e+01
  2.21736951e+01 3.18722654e+01 2.07595064e+01 2.20326047e+01
  2.65213751e+01 6.11738387e+01 6.78772246e+01 3.08260915e+01
  4.90170074e+00 6.27408623e+00 6.45828581e+00 4.71738763e+00
  2.85574453e+01 7.11370011e+01 5.53529343e+01]
 [6.02752712e+01 1.89545572e+01 3.40471069e+01 2.43038233e+01
  1.59331496e+01 1.70170044e+01 2.18088114e+01 2.39164556e+01
  3.25923007e+01 3.03253391e+01 7.26666152e+00 1.08169499e+01
  7.66707327e+00 1.20008852e+01 1.49259843e+01 1.27874848e+01
  8.15848775e+00 3.38705476e-29 1.19100146e+01 3.72891246e+01
  1.17112825e+01 1.17056313e+01 1.42004090e+01 1.29783567e+01
  2.17157219e+01 2.36790291e+01 5.79633982e+01 9.84814290e+00
  4.03898689e+00 2.89175255e+00 6.01052719e+00 4.84502393e+00
  5.70561953e+01 2.71244546e+01 1.76456379e+01]
 [5.40154741e+03 4.73893214e+03 9.54200413e+02 5.75186408e+02
  9.58002086e+01 1.76951501e+02 4.86956773e+01 9.62485615e+01
  8.68535310e+01 9.68477863e+01 2.27576676e+02 1.58441924e+02
  2.20099644e+01 3.27122220e+01 2.96942452e+01 5.13781383e+01
  1.42390648e+02 1.41682947e-28 2.67306829e+01 8.84608550e+01
  1.58495999e+02 1.50981320e+02 2.98970648e+01 7.30169578e+01
  1.10535758e+03 7.47897540e+02 2.96672197e+03 7.45351378e+02
  4.69481714e+01 2.18461486e+01 9.84865920e+00 1.71985975e+01
  2.43011375e+03 5.84751962e+03 6.60965136e+01]
 [1.61784608e+02 1.95759164e+02 3.92353903e+01 3.96058963e+01
  3.71447721e+01 3.26533551e+01 3.25098338e+01 3.16225204e+01
  3.74057451e+01 3.53500782e+01 1.97760853e+01 2.44290082e+01
  7.82360340e+00 5.77471009e+00 1.46415816e+01 1.41477750e+01
  1.59190648e+01 5.95943872e-29 1.05319945e+01 3.91650484e+01
  2.32373600e+01 1.90649058e+01 1.95621071e+01 2.04445319e+01
  4.69415763e+01 6.79472462e+01 1.44393124e+02 4.32851575e+01
  5.89953883e+00 5.99235903e+00 5.70461155e+00 5.43055658e+00
  6.51416933e+01 1.04627889e+02 1.60597444e+02]
 [1.53509820e+03 3.54187701e+03 1.82362171e+02 4.72370591e+02
  8.96248730e+01 1.37150784e+02 6.43157929e+01 7.56101436e+01
  7.78449614e+01 9.12184176e+01 6.37364012e+01 1.98091842e+02
  1.41462473e+01 1.35900280e+01 3.87311285e+01 3.27859000e+01
  1.15840274e+02 4.18076137e-29 2.94406078e+01 9.76287585e+01
  5.94182286e+01 9.23450104e+01 3.92275590e+01 7.17912183e+01
  4.44223526e+02 1.15121422e+03 2.09608029e+03 5.21911748e+02
  2.01900395e+01 2.74256142e+01 1.61626648e+01 1.02815839e+01
  5.86627147e+02 7.91059817e+02 5.92584766e+01]]