[[1.55565046e+01 2.03838825e+01 1.81012299e+01 1.40094231e+01
  1.52697271e+01 1.46074763e+01 3.00927969e+01 3.79824224e+01
  3.45051079e+01 2.41018932e+01 6.51284991e+00 5.89908038e+00
  4.62431188e+00 3.07571067e+00 1.17884226e+01 1.00483703e+01
  5.44335987e+00 6.67529914e-28 5.68320743e+00 2.51013792e+01
  9.69926736e+00 8.38151412e+00 1.28628214e+01 1.20155276e+01
  9.39207736e+00 1.36323305e+01 1.46683437e+01 6.35484833e+00
  2.99063509e+00 2.15263276e+00 3.15425147e+00 2.24348068e+00
  1.28248449e+01 1.31153099e+01 1.22397801e+01]
 [3.12419500e+01 3.04518709e+01 2.60862956e+01 2.37023870e+01
  2.10182167e+01 2.05415593e+01 1.93739560e+01 2.27428341e+01
  2.01679648e+01 1.95043389e+01 1.16111748e+01 1.13816666e+01
  5.73289861e+00 6.12790014e+00 1.10421352e+01 1.19279503e+01
  8.92867049e+00 3.03902448e-29 7.13315984e+00 1.85879001e+01
  1.65269481e+01 1.48012156e+01 1.30362897e+01 1.42430231e+01
  1.98057303e+01 1.97800998e+01 2.90751142e+01 1.63695778e+01
  4.94324281e+00 3.69404482e+00 4.27361757e+00 4.19983218e+00
  4.75092407e+00 9.61962770e+00 1.82557689e+00]
 [1.44644676e+01 1.08396508e+01 1.38920516e+01 7.89630451e+00
  7.90386011e+00 7.45069742e+00 6.93974374e+00 7.22065442e+00
  7.59356045e+00 7.19019989e+00 8.40534154e+00 3.30022394e+00
  2.21187353e+00 1.84574816e+00 3.99474891e+00 3.88854747e+00
  2.56904237e+00 1.65135265e-29 2.74291903e+00 6.99557846e+00
  5.97179899e+00 4.59962669e+00 4.89775010e+00 4.73992809e+00
  8.33697038e+00 7.43923117e+00 1.18368824e+01 6.37449996e+00
  1.33686926e+00 1.34758015e+00 1.47547378e+00 1.34993741e+00
  6.76805553e+00 7.78109565e+00 4.65474856e+00]
 [1.02087994e+02 1.05827732e+02 4.58267732e+01 4.32938581e+01
  2.42900076e+01 2.06765797e+01 2.05358705e+01 2.20122856e+01
  2.23860862e+01 2.55125595e+01 2.23475936e+01 1.78260409e+01
  6.36623130e+00 4.93603696e+00 1.03024614e+01 1.32931291e+01
  1.19874602e+01 9.62052852e-29 9.18654138e+00 2.26117577e+01
  2.25750836e+01 1.88110092e+01 1.59692611e+01 1.31345241e+01
  4.77675636e+01 4.00062629e+01 6.91486144e+01 2.91729000e+01
  7.30576128e+00 4.85664453e+00 3.51959938e+00 4.08592058e+00
  7.44824715e+01 6.12341015e+01 4.67814034e+00]
 [1.72075839e+02 3.09308171e+02 3.87641799e+01 3.44936038e+01
  1.93283633e+01 1.66999681e+01 2.09842593e+01 2.24715024e+01
  2.11340311e+01 2.03611426e+01 1.55467669e+01 1.89729138e+01
  5.18434437e+00 4.24842039e+00 1.08709001e+01 1.07204228e+01
  1.49435670e+01 8.87086449e-29 6.76944765e+00 1.98631267e+01
  1.59602384e+01 1.36199303e+01 1.26598093e+01 1.10031821e+01
  4.83621872e+01 5.49752905e+01 1.66646302e+02 4.47586241e+01
  4.77151102e+00 4.54897121e+00 3.16263544e+00 2.60946916e+00
  9.66083363e+01 2.17635805e+02 3.01197376e+00]
 [1.15573262e+01 1.45241404e+01 1.19548808e+01 1.06377388e+01
  1.41238836e+01 9.19690227e+00 1.25564692e+01 1.11255090e+01
  1.33525643e+01 1.18870185e+01 3.87420448e+00 3.69308400e+00
  3.69651944e+00 2.38122258e+00 6.90112939e+00 5.46958457e+00
  2.88553444e+00 3.99843222e-29 3.90270331e+00 1.18570450e+01
  2.31011114e+01 9.15070713e+00 8.33273509e+00 6.14882062e+00
  6.23124293e+00 6.67065622e+00 1.52776230e+01 3.88401182e+00
  2.02594591e+00 1.46967573e+00 2.62307134e+00 1.67249419e+00
  8.95502041e+00 8.12301085e+00 8.80730388e-01]
 [2.84790432e+01 1.94080595e+01 2.58707201e+01 2.84774059e+01
  1.56921836e+01 1.43450566e+01 1.63565821e+01 1.55493642e+01
  1.76930329e+01 1.91158597e+01 6.29066819e+00 6.65761044e+00
  5.19633888e+00 4.98988014e+00 9.96458762e+00 8.46047840e+00
  6.12360539e+00 3.63948237e-29 6.92585259e+00 1.75406771e+01
  2.00708670e+01 1.02102023e+01 1.15041007e+01 9.74125522e+00
  1.24294079e+01 1.32520234e+01 2.44596413e+01 8.31148408e+00
  3.51066868e+00 2.90111931e+00 3.58644204e+00 2.94892004e+00
  6.58802519e+01 5.43211428e+01 1.90755589e+01]
 [5.84059252e+01 4.95855727e+01 1.78499989e+01 1.15454072e+01
  1.46921503e+01 1.14842327e+01 1.98260732e+01 2.59587401e+01
  2.19062722e+01 2.16979513e+01 1.44390009e+01 8.07533796e+00
  4.34671168e+00 3.23673742e+00 9.91238193e+00 1.14421791e+01
  3.57267320e+01 6.76877588e-29 7.09083352e+00 2.10899099e+01
  9.28010735e+00 5.11371142e+00 1.04893168e+01 1.05051712e+01
  4.12129606e+01 2.06957369e+01 6.04393592e+01 5.97119128e+01
  9.03176475e+00 3.96647730e+00 3.69549334e+00 4.36411153e+00
  4.51308302e+01 2.72387337e+01 3.10983097e+01]
 [1.83067127e+01 1.90915136e+01 1.70141234e+01 1.30722161e+01
  1.24623261e+01 9.50957053e+00 1.91615035e+01 1.97875205e+01
  1.80478222e+01 1.67991996e+01 6.36768662e+00 5.29123311e+00
  3.92292007e+00 2.32493166e+00 8.26870571e+00 6.45189503e+00
  5.26283396e+00 4.41221377e-29 4.70982512e+00 1.65921150e+01
  8.63821869e+00 6.37879381e+00 9.31959573e+00 7.09245172e+00
  9.66407274e+00 8.36210034e+00 1.62611905e+01 7.90101103e+00
  2.39983862e+00 2.01300073e+00 2.77673759e+00 2.00281883e+00
  5.30945240e+00 6.50238666e+00 3.46696880e+01]
 [2.84820851e+01 3.25890287e+01 7.61701685e+00 7.46300970e+00
  6.12648264e+00 4.72127995e+00 8.15941985e+00 6.70917226e+00
  9.33327654e+00 7.81222163e+00 3.64515007e+00 1.29339274e+01
  1.92575318e+00 1.76823035e+00 4.91086684e+00 3.93938248e+00
  4.48608864e+00 1.36590529e-28 3.22319126e+00 9.04128132e+00
  4.76237224e+00 3.82350993e+00 5.22993956e+00 3.63353566e+00
  9.81675125e+00 1.02550530e+01 2.79008576e+01 1.03755449e+01
  1.43611987e+00 1.53087246e+00 1.78949802e+00 1.12617789e+00
  1.85423834e+01 1.54426087e+01 5.27662922e+00]
 [1.16278127e+01 1.37009588e+01 1.47625871e+01 1.68883458e+01
  1.27648021e+01 1.02123956e+01 1.07059388e+01 1.01769775e+01
  1.17619995e+01 1.06618146e+01 6.26097478e+00 7.66584071e+00
  3.40540310e+00 3.50306799e+00 6.26702936e+00 5.53085872e+00
  5.43780232e+00 2.90564844e-30 3.40770651e+00 1.03580224e+01
  7.89334970e+00 7.66508251e+00 7.60572054e+00 6.77690545e+00
  1.02995071e+01 1.16605710e+01 1.19980705e+01 9.45036064e+00
  2.30095384e+00 2.02711405e+00 2.40031676e+00 2.46200041e+00
  6.61557950e+00 3.83623983e+00 4.33649178e+00]
 [3.17177594e+01 3.20026100e+01 2.47382367e+01 2.62121209e+01
  2.34384894e+01 2.66358805e+01 2.50248122e+01 2.35510898e+01
  2.78129760e+01 2.82519153e+01 1.09790881e+01 1.10343517e+01
  7.49800793e+00 6.70426400e+00 1.52367017e+01 1.34411946e+01
  1.05269351e+01 4.70004331e-29 9.92667431e+00 2.63877677e+01
  1.70944312e+01 1.66231471e+01 1.84273987e+01 1.79366010e+01
  1.65348375e+01 1.76743267e+01 3.12933374e+01 1.43533057e+01
  6.03579158e+00 5.43502025e+00 5.80424911e+00 4.74795906e+00
  1.63012748e+01 1.20460716e+01 3.59805495e+00]
 [8.35065734e+00 1.57327309e+01 8.60484747e+00 1.06147912e+01
  8.69381424e+00 6.10970898e+00 8.14222087e+00 6.52088983e+00
  7.63033400e+00 7.28193772e+00 4.27727332e+00 5.62452497e+00
  4.47107491e+00 3.64606420e+00 5.57445081e+00 4.27575643e+00
  4.18127036e+00 8.49724819e-29 4.18301932e+00 7.42993334e+00
  5.75677030e+00 5.76865743e+00 6.04757362e+00 4.68365625e+00
  5.08916235e+00 8.32124144e+00 9.07600987e+00 5.01543627e+00
  3.62211632e+00 3.58514139e+00 3.72742119e+00 3.21754221e+00
  1.43044732e+01 1.47238783e+01 9.24024762e+00]
 [5.64837468e+01 5.29845953e+01 6.45888306e+01 5.53425775e+01
  7.29842656e+01 6.85090644e+01 7.50416501e+01 7.93155989e+01
  6.31360930e+01 6.84085716e+01 4.06509745e+01 3.33614495e+01
  1.30503745e+01 1.48066959e+01 3.83030937e+01 3.39417339e+01
  8.22102735e+01 2.01380882e-29 2.14847938e+01 5.91052152e+01
  3.80846678e+01 3.69071928e+01 4.64842278e+01 4.48011165e+01
  5.36491580e+01 4.71801755e+01 7.28669842e+01 9.47855510e+01
  2.33788680e+01 1.87205378e+01 1.25460353e+01 1.04678136e+01
  3.62594593e+01 2.27166423e+01 1.60169889e+01]
 [4.96712415e+01 3.17298570e+01 1.53686726e+01 1.24029078e+01
  1.14054908e+01 8.77814044e+00 1.42141136e+01 1.55103462e+01
  1.33213568e+01 1.45403369e+01 5.77900401e+00 5.28024781e+00
  2.98070938e+00 2.53379289e+00 6.99144308e+00 6.93018976e+00
  4.77937864e+00 3.09816967e-29 3.73204846e+00 1.21139709e+01
  7.84216887e+00 6.18395915e+00 8.04953191e+00 6.88894294e+00
  1.70200920e+01 1.73833540e+01 3.73231477e+01 1.33888976e+01
  2.27998108e+00 1.83749810e+00 2.41651585e+00 1.83544982e+00
  3.29929226e+01 1.39805545e+01 2.04969771e+01]
 [1.95616597e+01 4.07286314e+01 1.70282518e+01 1.89839427e+01
  1.71160188e+01 1.26647102e+01 1.52775265e+01 1.42501164e+01
  1.52361296e+01 1.36800145e+01 6.80720040e+00 1.03326706e+01
  3.82844086e+00 3.89126966e+00 8.06645235e+00 6.29327908e+00
  6.65682536e+00 1.00228792e-29 4.01518993e+00 1.34621776e+01
  9.57715069e+00 1.07501612e+01 1.06921268e+01 9.21869128e+00
  1.15178759e+01 2.36813723e+01 2.65036732e+01 1.40124089e+01
  2.59006111e+00 2.29798184e+00 2.64091020e+00 2.12335137e+00
  8.80240442e+00 1.87426668e+01 1.86395358e+01]
 [1.59015494e+01 8.15205177e+00 1.77379781e+01 1.15814089e+01
  1.25675147e+01 9.28864696e+00 1.22119196e+01 1.06127775e+01
  1.31567379e+01 1.23346500e+01 4.16932935e+00 3.58306683e+00
  3.50954782e+00 3.02284899e+00 7.55856711e+00 5.23073931e+00
  2.91919296e+00 1.14847946e-29 3.73393197e+00 1.30491631e+01
  1.01249896e+01 6.27466350e+00 8.00356027e+00 6.04268654e+00
  1.01567846e+01 5.83991064e+00 9.59400561e+00 3.81926108e+00
  1.72509090e+00 1.08974499e+00 2.44993815e+00 1.63481988e+00
  8.68744209e+00 4.29428223e+00 2.55746281e+00]
 [6.57083648e+02 5.90663692e+02 7.01295852e+01 6.85267377e+01
  1.94057125e+01 1.90034800e+01 1.81415706e+01 2.05706167e+01
  1.83659725e+01 1.91721186e+01 2.41964632e+01 2.99298908e+01
  4.88496128e+00 5.80125410e+00 1.01127539e+01 9.43478637e+00
  2.20759994e+01 1.56581645e-29 6.31684652e+00 1.70067905e+01
  1.66577331e+01 1.61003784e+01 1.13017672e+01 1.13543762e+01
  1.19685773e+02 1.20034049e+02 3.67341483e+02 1.01042497e+02
  6.21303316e+00 4.47103706e+00 4.20383665e+00 3.67805498e+00
  3.43631613e+02 4.14526784e+02 7.70535232e+00]
 [4.35686245e+01 4.79871541e+01 2.40067939e+01 1.56020561e+01
  2.60378503e+01 1.72540293e+01 2.98753886e+01 2.11214492e+01
  2.43599792e+01 2.22032440e+01 1.13732009e+01 9.26214959e+00
  6.98743334e+00 5.19785296e+00 1.45492393e+01 1.20712720e+01
  8.76692475e+00 1.63081748e-29 7.14012293e+00 2.24977200e+01
  1.57012889e+01 1.08799603e+01 1.99596856e+01 1.30169511e+01
  2.00601203e+01 1.87417943e+01 3.59260015e+01 1.62543273e+01
  3.45108815e+00 3.76059399e+00 5.20403267e+00 3.58099341e+00
  1.48410109e+01 2.16256322e+01 3.32784752e+01]
 [2.62382746e+02 6.09623891e+02 2.77212900e+01 7.91083176e+01
  1.70989532e+01 1.48063955e+01 2.04324829e+01 1.98984175e+01
  2.17985043e+01 2.30124354e+01 1.41451877e+01 3.40010503e+01
  4.71853948e+00 4.67853107e+00 1.08390240e+01 9.29887717e+00
  2.57531405e+01 1.06661972e-29 7.58111674e+00 2.14857872e+01
  9.69281358e+00 1.41699881e+01 1.19966081e+01 1.27764573e+01
  7.27371872e+01 1.97911865e+02 3.58378737e+02 9.32672857e+01
  5.75746149e+00 6.89302455e+00 4.42184587e+00 2.97645757e+00
  1.00105322e+02 1.41908828e+02 9.86010831e+00]]