[[2.45326999e+01 2.86420136e+01 2.49589482e+01 2.40029640e+01
  4.17751544e+01 5.71364980e+01 1.72083019e+02 2.60457993e+02
  3.26784249e+02 2.36928871e+02 7.79888001e+00 7.37437301e+00
  9.08468853e+00 7.85847724e+00 6.74384248e+01 6.75140569e+01
  3.59660061e+00 4.45379001e-27 2.73041775e+01 2.61551956e+02
  1.63738852e+01 1.81568228e+01 5.11629537e+01 6.17777817e+01
  1.42769895e+01 1.77750349e+01 2.29464429e+01 7.11807038e+00
  2.23690855e+00 1.95737918e+00 1.00656259e+01 8.04523651e+00
  1.85279158e+01 1.27939703e+01 1.75048115e+01]
 [1.09095798e+01 1.07081359e+01 6.77507725e+00 6.96325575e+00
  7.05919736e+00 6.57215574e+00 1.23854510e+01 1.72069271e+01
  3.00070944e+01 2.02112723e+01 4.81100551e+00 4.58196785e+00
  3.17560693e+00 4.47746692e+00 6.14613547e+00 6.19167522e+00
  2.56130209e+00 2.24788640e-29 3.07306438e+00 2.05734755e+01
  5.36355495e+00 4.29216788e+00 5.86973160e+00 6.14081493e+00
  7.49188656e+00 7.18656429e+00 9.70792205e+00 5.70092707e+00
  1.97330508e+00 1.48303931e+00 2.08223752e+00 2.01627880e+00
  3.10329145e+00 6.70561850e+00 1.98518763e+00]
 [1.08212328e+01 9.52106030e+00 7.82537138e+00 6.60054835e+00
  5.25046829e+00 9.93299120e+00 9.87006050e+00 2.18145673e+01
  4.82605938e+01 4.47134558e+01 8.01348176e+00 2.34910457e+00
  1.72747398e+00 3.43201481e+00 6.09150055e+00 1.06912841e+01
  1.45227016e+00 1.54655015e-29 5.28881925e+00 4.01145194e+01
  3.47894632e+00 4.06040899e+00 4.41823136e+00 1.04165189e+01
  6.38400269e+00 6.29356323e+00 9.48012354e+00 4.21184937e+00
  8.14177926e-01 1.03622171e+00 1.90005246e+00 2.66391536e+00
  6.86652325e+00 5.07255428e+00 6.66962410e+00]
 [1.88219591e+02 1.85094350e+02 5.40467158e+01 7.15481055e+01
  5.42940349e+01 7.33292305e+01 8.10287048e+01 1.14583397e+02
  1.16383461e+02 1.15854018e+02 2.82264297e+01 3.83494678e+01
  9.19996039e+00 1.48706835e+01 3.55132317e+01 4.89524285e+01
  2.24473223e+01 2.89822849e-28 2.33333910e+01 9.74237177e+01
  3.07294625e+01 4.50051300e+01 3.78625314e+01 5.18311021e+01
  8.09078300e+01 8.19717596e+01 1.34397163e+02 6.91066837e+01
  1.00294018e+01 1.19092322e+01 1.11629751e+01 9.00549121e+00
  9.22441868e+01 5.14712551e+01 7.70724716e+00]
 [9.00633552e+01 1.33918348e+02 2.62845344e+01 2.12020145e+01
  2.24915038e+01 2.50217897e+01 3.52525461e+01 6.78244116e+01
  4.98111535e+01 5.32511680e+01 1.15918797e+01 1.11555256e+01
  5.46768064e+00 9.65132529e+00 2.26898211e+01 3.34840814e+01
  1.00486797e+01 7.17356565e-29 1.36198147e+01 4.52183875e+01
  1.22963299e+01 1.34527154e+01 1.71891960e+01 2.76927319e+01
  2.94840268e+01 3.26941331e+01 8.50896203e+01 2.48975689e+01
  3.83588168e+00 3.19859972e+00 6.22881336e+00 7.15084186e+00
  5.13282565e+01 1.01547770e+02 3.30332618e+00]
 [6.47827027e+00 9.57371693e+00 5.77265051e+00 7.83654632e+00
  7.19760518e+00 5.07722083e+00 8.27041997e+00 1.60163438e+01
  2.26475170e+01 1.48237906e+01 2.31754027e+00 2.45528068e+00
  2.84774740e+00 1.92047092e+00 5.26104638e+00 5.12432468e+00
  1.36004653e+00 2.63480024e-29 3.13716967e+00 1.51904660e+01
  7.04895773e+00 5.58625759e+00 4.32652732e+00 5.06380766e+00
  4.06242527e+00 4.00922105e+00 7.35330926e+00 2.35074857e+00
  9.49208374e-01 8.42204257e-01 1.58074227e+00 1.01861806e+00
  4.53885437e+00 8.07890507e+00 5.30504749e-01]
 [1.72930828e+01 1.45954435e+01 1.17606213e+01 1.17328388e+01
  1.41022541e+01 1.21517956e+01 2.62979781e+01 2.75687746e+01
  4.83161132e+01 5.30603795e+01 4.36860131e+00 4.97967316e+00
  4.31522947e+00 4.27155323e+00 1.51124119e+01 1.65145894e+01
  3.32867897e+00 1.52314392e-29 1.33700777e+01 4.54316389e+01
  8.81743098e+00 6.96241763e+00 1.25995101e+01 1.18074909e+01
  7.98337877e+00 9.10827061e+00 1.50542032e+01 5.65990212e+00
  2.24398556e+00 2.05158168e+00 4.43516947e+00 4.17537560e+00
  2.41535381e+01 2.37229345e+01 1.10789559e+01]
 [3.38371628e+01 3.58251450e+01 9.57128651e+00 8.01608432e+00
  7.54855940e+00 9.92415653e+00 2.25017121e+01 6.53511953e+01
  4.54383927e+01 5.06879756e+01 3.94412373e+00 3.10448059e+00
  2.91295305e+00 3.40728542e+00 1.03437956e+01 1.95955437e+01
  3.11230355e+00 7.85280934e-29 5.16397787e+00 4.20481312e+01
  4.16175063e+00 3.72984162e+00 7.60975037e+00 1.39042250e+01
  1.45302129e+01 1.32349899e+01 2.79576966e+01 8.98292368e+00
  1.43441891e+00 9.15956155e-01 2.96934758e+00 3.50097732e+00
  2.96991740e+01 1.82731073e+01 2.98511752e+01]
 [3.35098365e+01 2.88795015e+01 2.32128364e+01 1.45712043e+01
  2.65511824e+01 1.91254831e+01 4.95966199e+01 7.57840112e+01
  8.01833842e+01 7.77217736e+01 9.77791531e+00 6.87319822e+00
  6.74075778e+00 4.31464776e+00 2.02682404e+01 2.08022707e+01
  6.88578531e+00 5.58196743e-29 1.17434237e+01 7.16030286e+01
  1.43529978e+01 8.24645354e+00 1.97728910e+01 1.89517344e+01
  1.54212739e+01 1.23266067e+01 2.71757862e+01 1.26366784e+01
  3.24494826e+00 2.52817449e+00 5.64591707e+00 4.71803445e+00
  6.32436958e+00 8.23357339e+00 5.47557359e+01]
 [5.31347021e+01 6.49775639e+01 7.84545375e+00 9.59960276e+00
  9.09640653e+00 8.07573506e+00 4.68523005e+01 5.28462544e+01
  1.04896013e+02 8.71627648e+01 5.49324600e+00 5.67998828e+00
  2.53927899e+00 2.78295756e+00 3.62724622e+01 3.48723375e+01
  7.22034077e+00 1.92985295e-28 2.72574872e+01 7.64001306e+01
  4.84287696e+00 3.23588495e+00 1.65731736e+01 1.48910188e+01
  1.72400642e+01 1.65298616e+01 4.96583874e+01 1.62176811e+01
  2.16936891e+00 2.13365939e+00 8.42140157e+00 5.64861684e+00
  4.09740206e+01 3.13922086e+01 6.87517687e+00]
 [1.09996876e+01 1.20791238e+01 1.41774052e+01 1.41219948e+01
  1.71559507e+01 1.21496029e+01 3.15208153e+01 2.55397933e+01
  4.61654052e+01 3.84308797e+01 5.53670539e+00 5.85887556e+00
  4.64228522e+00 3.86084033e+00 1.21647315e+01 1.10302883e+01
  3.31333150e+00 3.00086914e-30 5.71728915e+00 3.55663078e+01
  8.87497013e+00 7.38618055e+00 1.20941967e+01 9.44667309e+00
  8.46412654e+00 9.86889053e+00 1.02078435e+01 5.45902662e+00
  1.88634765e+00 1.58853199e+00 3.21437444e+00 2.86488581e+00
  5.04715524e+00 3.30293212e+00 4.74002110e+00]
 [2.77504455e+01 2.72658483e+01 1.52875741e+01 1.53762454e+01
  1.56505850e+01 1.73736169e+01 3.02686030e+01 3.19363248e+01
  5.62694380e+01 6.48169170e+01 5.97536859e+00 6.95150237e+00
  4.92516762e+00 4.57722172e+00 1.39339488e+01 1.29370140e+01
  4.82522576e+00 3.53449940e-29 6.95460576e+00 4.74555206e+01
  1.11976492e+01 1.17593634e+01 1.31154007e+01 1.36796767e+01
  1.26067383e+01 1.20469544e+01 2.49178522e+01 9.25178286e+00
  2.80325649e+00 2.87584093e+00 3.95735826e+00 2.95031850e+00
  3.57350739e+01 2.54322399e+01 3.82673671e+00]
 [7.18122662e+00 1.01926958e+01 8.19399663e+00 8.89758755e+00
  1.26814586e+01 1.02976958e+01 3.18659141e+01 2.34593274e+01
  3.81049947e+01 3.03397782e+01 5.21488044e+00 5.72864324e+00
  6.08581637e+00 5.31876314e+00 1.49113919e+01 1.07843736e+01
  4.56412382e+00 1.47435772e-28 6.42400326e+00 2.35318023e+01
  7.07434312e+00 7.01608914e+00 1.28012522e+01 1.02072744e+01
  5.38923599e+00 6.68881370e+00 7.55777045e+00 5.18736305e+00
  4.16170234e+00 4.21154560e+00 5.33600150e+00 4.55739533e+00
  7.57796585e+00 1.07219777e+01 9.19360319e+00]
 [4.62173514e+01 3.95148263e+01 7.53412327e+01 4.63996968e+01
  7.95138939e+01 6.08886672e+01 1.16188392e+02 1.10925110e+02
  1.04645296e+02 1.19869838e+02 3.30447540e+01 2.30247018e+01
  2.06770590e+01 1.54996571e+01 5.61591041e+01 5.25583459e+01
  1.99837542e+01 1.77261904e-29 2.68512703e+01 8.43302135e+01
  5.62071414e+01 3.38593426e+01 5.98543892e+01 4.85751841e+01
  3.84992197e+01 3.05944391e+01 4.10682967e+01 2.74533407e+01
  1.34223953e+01 7.86359864e+00 1.31067380e+01 1.74048180e+01
  8.89547238e+00 8.74892374e+00 1.45593089e+01]
 [4.31797761e+01 3.90611681e+01 2.29898592e+01 2.29474870e+01
  2.37661660e+01 2.13036575e+01 7.88057271e+01 9.59258022e+01
  1.42526076e+02 1.47067925e+02 1.09168601e+01 1.22173866e+01
  6.86149904e+00 7.24861894e+00 4.37307163e+01 5.08359471e+01
  1.12699902e+01 2.83164990e-28 2.86693154e+01 1.21581616e+02
  1.36189344e+01 1.28001436e+01 2.81988261e+01 2.74252568e+01
  2.29665700e+01 2.78293843e+01 3.86450107e+01 2.00162846e+01
  5.32628335e+00 5.12606099e+00 1.35033641e+01 1.05499763e+01
  1.58715544e+01 9.84825280e+00 3.38800698e+01]
 [6.76657613e+00 1.35995922e+01 6.38858999e+00 6.89367789e+00
  9.91328409e+00 1.06853023e+01 2.93552111e+01 5.03597626e+01
  8.03971904e+01 6.27272190e+01 2.27790318e+00 3.84594587e+00
  2.24868865e+00 2.24749629e+00 1.29018798e+01 1.24079004e+01
  1.63103837e+00 6.50365796e-30 4.21270937e+00 5.52682686e+01
  3.58818205e+00 4.39910720e+00 1.06779986e+01 1.21210912e+01
  4.30865155e+00 7.52362212e+00 8.92620026e+00 4.17795464e+00
  7.42281901e-01 7.21872116e-01 2.18520549e+00 1.75663298e+00
  3.49620710e+00 8.07435993e+00 1.04577547e+01]
 [6.22701865e+00 3.19518152e+00 6.48910071e+00 4.85802068e+00
  8.08624148e+00 7.80576641e+00 2.79233519e+01 4.25786584e+01
  7.40621869e+01 5.98176447e+01 2.01501573e+00 1.92204861e+00
  2.10356165e+00 2.24998885e+00 1.75939355e+01 1.55825203e+01
  1.33902180e+00 2.87167760e-29 7.19464128e+00 5.98654900e+01
  4.18439843e+00 3.27229607e+00 8.82836827e+00 9.50825826e+00
  3.71370104e+00 3.15103676e+00 3.83835660e+00 1.64441878e+00
  8.81902151e-01 7.12179725e-01 2.97124998e+00 2.83410861e+00
  3.92373103e+00 2.34992798e+00 1.63670482e+00]
 [2.36880186e+02 2.41870445e+02 1.55908859e+01 3.24353505e+01
  8.99478915e+00 1.13059298e+01 1.58952196e+01 3.78306894e+01
  2.90702143e+01 3.76854155e+01 8.99779282e+00 1.63745309e+01
  3.94426844e+00 9.75399050e+00 1.05487957e+01 2.00758468e+01
  9.38605231e+00 1.23482377e-29 7.83090204e+00 2.34331899e+01
  6.57247950e+00 8.82023713e+00 7.90076399e+00 1.64003437e+01
  3.98945789e+01 5.92963042e+01 1.43463557e+02 4.00549998e+01
  3.08642288e+00 2.97283100e+00 4.20117497e+00 8.28835846e+00
  1.81197667e+02 8.97305671e+01 1.16551569e+01]
 [1.92862151e+01 2.28719890e+01 7.56561080e+00 7.30969338e+00
  1.02261196e+01 8.33649732e+00 1.43023380e+01 1.19428980e+01
  2.06211244e+01 1.83780261e+01 4.14380146e+00 4.25106952e+00
  3.16099891e+00 2.19923815e+00 1.00644557e+01 8.29144657e+00
  2.82891116e+00 9.53396584e-30 8.25776528e+00 2.02261708e+01
  5.53478835e+00 4.98198211e+00 8.84614969e+00 6.17723334e+00
  7.44521847e+00 8.53706152e+00 1.58498791e+01 5.79343907e+00
  1.34389874e+00 1.59874266e+00 4.46056288e+00 2.70638988e+00
  1.13137029e+01 1.23081230e+01 2.13372744e+01]
 [1.38418887e+02 3.08127040e+02 2.14972243e+01 4.43179275e+01
  3.14268475e+01 2.90407721e+01 9.64693068e+01 1.09474222e+02
  1.41736769e+02 1.69664012e+02 9.07753692e+00 1.62679939e+01
  1.12458391e+01 2.09816315e+01 4.61639657e+01 4.90765907e+01
  1.16837440e+01 8.68194592e-30 2.32917436e+01 1.19949797e+02
  1.27971111e+01 1.54714727e+01 3.89496375e+01 3.91114002e+01
  3.89626813e+01 1.01140584e+02 1.85571359e+02 4.51759329e+01
  3.92345675e+00 3.32548499e+00 1.21995745e+01 1.36034640e+01
  5.16707442e+01 7.10963782e+01 1.26368321e+01]]