[[ 1.17106687  0.68101635  1.2696258   1.88157347  4.68160939  0.89924547
   3.57671324  3.42438097  3.41676811  3.4012721   1.45329528  2.70377067
   8.1484512   8.83959364  5.11386483  5.46988275  2.78779122  1.01906207
   6.58718927  3.25776234  0.65420361  3.01456025  4.03240864  5.28422469
   0.65921115  0.67257457  1.1119225   2.31416918  6.57939111  3.39516428
   7.99173783  8.10689187  0.46384683  0.53834789  5.35253396]
 [15.14066794 10.24658483 11.71871066 13.98604897  8.57487805 14.05105865
   5.48406425  6.78484801  5.02550773  6.06538511 19.69857915 32.12003243
   9.51483691 12.32211371  5.44126303  6.27264967  8.49685949  8.88115656
   4.93872684  5.55745126 15.02108802 18.36310185  5.81469195  6.52552167
  21.50127489 21.62886944 11.614374   13.52606597  9.60605646 17.41916768
   5.63246174  5.84909792 27.22814595 28.37007765 18.98136861]
 [16.18894822 16.66617009 10.20231925 18.20090304 18.95869175 26.4628539
  19.47659481 13.912454   13.36475596 13.79891333  8.75410073 31.58338774
  26.21836365 27.39161624 22.30095369 20.97859215 18.56007051 13.98307881
  19.82180756 13.86615509 16.71958979 28.53377763 23.25250013 22.9838055
  17.88084726 21.5479034  15.67658894  4.12528205 20.68807226 20.90101813
  27.00578117 21.14151197  6.30336731 11.43083488 12.80701819]
 [39.08771096 29.22690353  4.53894694  2.67970539 11.77652341 15.38255489
  14.03635074 11.54484065 15.40832036 13.54070548 20.70868    16.82094108
   8.68795853  6.90973199 14.62962229 12.37363888 19.81132019 11.99468097
  14.31713968 14.62199089  6.9049492   6.13821093 11.94642369 10.57916295
  29.16899689 16.17697653 27.95854679 32.67467756 17.35125286 15.08775306
  12.97195018 13.42638805 19.48054535  6.61544092 19.32665091]
 [15.171072    6.30570295 18.34162013 15.8530272  22.82502182 27.93336787
  16.71141297 14.62719476 15.82595426 15.45119172 22.38487861 18.31940637
  22.19491019 23.80586122 17.30845737 16.53170751 17.28936454 17.29582865
  16.37458831 15.85218109 24.68468342 21.65984802 17.77688227 20.22018009
  20.68972414 22.68365417 18.41718814 17.6061938  19.42284882 18.40599504
  20.77498373 18.68694991 19.48181349  6.04207667 19.74516694]
 [27.48189022 26.13398427 20.42549069 35.74301438 14.61878479 15.38982326
  16.33488118 12.43809381 11.88188154 11.75897222 19.43045596 22.62490752
  18.3570744  35.32119515 15.34165979 11.65090727 12.24849787 12.64249214
   9.61801194 11.83284657  3.33696415 24.43528974 18.94528762 34.2523164
  25.95727647 11.30935441  6.23655593 15.95214625 12.3265703  20.79347693
  11.4436267  13.07227452 13.83203435 23.53148228 12.74093718]
 [ 4.60253771  2.48254291  1.78762216  0.97867815  6.90625427  7.73565788
  10.69215016 12.43352543 10.92531477 10.14193791  7.71557854  3.87106191
  10.43321299 10.52160107 13.38360448 14.90332056  7.68566729  2.30035879
  15.93060637 12.29862104  1.21111664  3.857007    9.49505347 10.34231118
   5.03464572  1.26935005  3.42819596  4.54648191 12.70737278 11.27064388
  16.28036909 17.51898324  1.66224274  2.68305094  7.7090962 ]
 [13.74811197 14.49754519  9.90640728 11.12800592 10.17777271  9.23492035
   9.07695862  8.50113864 15.08190533 14.79015225  9.93117347  9.57661488
  11.84365975 13.24712037 12.87918924  9.94340055  6.0755209  12.23517702
  11.05214494 14.60695451 13.78491879 13.42290504 11.24174508  8.9717392
  11.72158127 17.2127155  12.32486323  7.96885037  6.91466596  7.92892176
  14.31914889  9.18109319 15.40854439 15.11845076 16.10464811]
 [ 9.4900421  13.25659043 15.29204455 12.96847459  8.50873055 12.62565639
   7.61447181  6.13758457  6.90040393  8.31442914 14.17922837 13.81656626
  12.74946724 15.75359112  9.94380184  9.97878586  9.54846031 16.11088537
  10.01517477  7.91773839  9.97698102 13.16237959  9.74575915 10.14796214
  15.05884937 13.19308611 10.64155695 10.9299029  12.89570348 10.92236144
  12.77382985 12.13056282 10.95494239 17.34511034 15.53498509]
 [ 7.79047112  8.55061407  6.95710195  1.34858204  4.12883667  3.1481151
   6.43643517  1.60389363  5.51534892  3.37632325  9.26983403  0.21462531
  12.22352797  3.44729262  4.36600624  3.790241    6.75463148  0.74843155
   2.70518597  2.38635966  2.75341759  0.3461339   2.20104071  0.9749924
  13.13411346  0.72634649  8.32900736  5.95452467  7.73482365  1.61221663
   7.4978655   4.69906393  4.09660871  3.19090986  5.98032073]
 [ 8.61550777  6.48086078  0.78453659  0.81177174  4.49553312 10.14669878
  11.55573031 13.47441642 14.96679415 14.09125864  3.38630827  1.75319249
  15.06977342 17.73318807 14.98745589 15.99735567  5.19570582  1.794151
  17.19309222 14.73224699  6.30450485  8.88763455 11.60348615 14.72540334
   1.3225653   2.62779385  7.9990985   3.32862208  8.25933935 11.04363315
  18.46859599 16.30085944  0.69510253  1.45063403 12.05173145]
 [16.19978549 15.59255847 11.25392239 10.81618206 15.39911267 17.30475556
  13.32445485 13.9524264  12.61043794 11.43657531 12.38329222 15.12954043
  16.39736946 21.38704686 15.6614037  16.18746927  9.66584333 13.46754348
  15.90904921 11.95778877 17.53946741 17.71441043 15.029324   21.90063774
  14.35472175 17.27213083 16.38518851 12.64730616 13.61966649 11.67796453
  17.88956568 15.75319828 17.95078541 20.85802369 15.8493381 ]
 [20.05964595 19.57231781 26.22291467 24.41042636 26.94715543 34.03460917
  28.63803373 32.91662406 30.53242571 29.3598338  34.66397103 32.57429841
  34.2254024  36.32229301 33.53173733 34.9943697  34.30563753 32.11165201
  34.24273193 31.73788275 32.90765914 33.05677107 30.88364879 34.71047972
  28.49121061 26.07044403 22.6906459  30.91909424 32.35134573 35.87187393
  35.6986769  37.83691239  5.8578393   5.6646004  17.58163647]
 [ 8.56487671  8.48784844  8.07327332  8.3794631   8.91595884 10.31531863
   9.22188393  8.75645488  9.63838803 11.06841608  8.42309157 10.25622302
  14.01451266 16.06835122  9.73570547  9.6634166   4.18163904 10.3941012
   8.38215064 10.31916997  9.33392624 15.02351671 10.05869447  9.3095658
   9.54768399  9.74353156  8.44791483  5.00191309  6.83515345  8.99055601
  10.89675483  9.11093943  7.00135625  8.14863727 12.62981144]
 [ 4.17589974  6.38672372  7.37855848  6.56239096 11.03231049 10.59611614
   9.27324282  9.03486016  8.27236772  8.7056827   8.75794633 10.06402486
  15.5468328  13.69333374  9.38332357  8.19950715  7.78912581  7.61860263
   6.96363722  8.53295278  8.92280802 10.2671842  11.24127556 10.73567983
   6.32204062  7.29672303  4.96456109  5.50099679  9.84360228 10.88286393
   9.99845917  9.14743714  5.01575683  5.03891078  7.29699889]
 [ 8.9888553  12.82177774  7.24830746  7.05047418  7.43281299  7.3698872
   7.27259134  6.68705533  6.24903884  6.840809   15.81654831 12.64505784
   8.83753553  8.87932177  7.70676665  8.2055471  10.75805827 10.62112109
   6.88335414  6.46323267 10.3240028   6.99023142  8.55807541  7.26631484
  22.21007728 16.40549849 10.56878157 18.6384126  11.61971385  8.43468319
   8.7297408   8.70350948 11.88723076 13.05175677 13.26623352]
 [ 8.84634859 10.22765204  6.5457995   7.94071137 11.01098135 22.44003009
  10.79313779 10.2469085  10.92633002 14.56720244 11.72391042 11.96717397
  12.41657825  9.37442117  8.58549296  9.70376051  8.98062981 11.589286
   8.25853571 13.32426199 10.97434256 11.57136378 11.15575936 11.85150229
  15.81923813 14.22732282  6.14140818  8.72705888  9.41817389 12.93551389
   9.06671272  8.84872328  8.92138256  9.50924298  8.42913768]
 [ 3.16064126  3.61683044  1.30786256  4.53346999  7.45042481  3.93711592
  13.29686916  9.39956954 13.54444829 12.68161879  3.32221499  7.79952406
  11.48737353  8.95039759 16.25030865 10.68567912  4.92518411  4.77240322
  13.91122946 12.28989846  3.52279784  4.88244443 14.20215223  7.75017543
   2.66334735  5.56568637  3.48101199  3.92109027  5.58766754 11.01577811
  20.68603291 11.84746436  5.60043055  1.09523383  8.46584827]
 [ 9.31673732  9.96822473  8.25305202  8.46749891  8.7323183  12.87543331
  10.31987663 11.16649591 10.60969976 12.01472372  9.01653091  8.90206053
  11.30049328 11.33047481 10.93039848 10.25233235  7.53318475 10.90041733
   9.63602076 10.32228955  8.7533136  11.6061277   9.81579496 11.11396179
   8.97646641  9.58546908  9.16101525  7.79763255  8.89430503 10.08380301
  11.43361419 10.09451569 12.45644884 11.81698322 11.89597309]
 [ 4.68206438  4.80386724  5.60982753  4.63110461 10.30073286  5.67869696
  11.58688964 11.4159878  10.5289235  10.56147737  7.42693021  5.43225776
  14.47587133 14.10523335 11.87967015 12.28745271  5.08443502  5.93620825
  10.34471299  9.84916997  7.74681086  6.47942104 12.28132563  9.68725595
   5.03222271  4.65327186  4.57759651  4.8315239   8.22761077  7.42569308
  11.4092572  11.26164493  5.23464229  4.37658452 13.9191873 ]]