[[ 4.18121625  1.86266681  4.80409519  8.24051877 29.95980326  7.29432052
  58.20934344 60.45780672 66.05219449 67.62416703  3.82662277  6.78746685
  23.97465382 31.72655077 56.25998528 57.46859535  5.12663365 15.8794306
  47.30924885 67.88698653  2.21853269 14.64611975 38.37983552 52.18039217
   1.76028974  1.68882423  3.58250388  5.66975778 14.32215528  6.59027249
  41.85270029 40.80518392  1.38881022  1.25239107  7.4620872 ]
 [ 4.4880026   5.42916216  5.16012966  4.52112961  6.69163086  5.87103524
  13.73621071 16.65284876 23.56098545 17.55074809  5.67339381  4.00378855
  11.05683106 14.18929922 12.12990176 12.82449362  5.58328263 13.21213953
   8.81517759 17.60797631  5.46864222  4.50096738  9.67121369 10.40788131
   4.71614192  4.21180544  4.39909227  4.88428344  7.60497113  6.6012353
  11.0497276  11.75549524  4.22776912  3.97222275 11.97409277]
 [10.33319339 11.47542969  4.69462894  8.58480302  8.17991128 15.43188972
  20.44444806 26.00356719 48.47807005 47.94611289  3.78899714  7.60754796
  10.94841363 21.83521326 21.00938315 29.97700482  8.4503429   7.06445077
  22.58257819 46.67772574  7.33801077 10.78846389 14.29573037 26.54731347
   9.13384632  9.54049293 10.9272551   1.96928295  7.75253012  8.98713944
  16.21553859 22.00857472  4.42370848  6.34118063  8.25722886]
 [ 9.03945789 10.25955447  4.70775338  3.85794229 15.98694993 17.8385879
  44.7255973  47.78183998 51.11022364 50.88055675 12.52378132 10.57734456
  15.68435759 21.91517728 43.55976901 45.71466591 31.14423638 42.0167905
  42.01878446 49.57773054  9.43569544 10.44823085 28.1580273  34.07108041
   8.65096655  9.07277602 13.05758057 11.54653235 19.62313354 21.2731024
  40.80363798 34.65867506  3.76380812  1.29794837 18.72483878]
 [ 3.71571277  1.46337439  7.53899635  7.23087009 15.89533251 15.87647614
  28.72025703 38.40195413 33.38745259 33.84494474  7.95422155  6.60149172
  15.15354371 27.21505455 31.44086502 37.58772382  7.90875948  9.99538891
  28.91309432 32.5699873   9.59867276 12.15877689 23.38474113 31.39201787
   5.17393316  4.58285176  4.14688074  5.47518162 11.30529571  9.93327997
  29.74537346 33.63717391  3.65363956  1.18154949  9.67764341]
 [ 3.85593093  3.16630698  3.82967412  1.86623338  2.89212004  2.65478014
  11.93516384 22.52496861 24.02870353 19.13997424  3.00420917  3.84586435
   6.25825106  4.5854825  13.25027048 15.54347746  5.29753517  7.95466151
  13.2753844  18.8147722   0.86168929  1.22784972  6.22326461  6.38752353
   2.3213715   2.57463974  1.48436051  4.03196863  6.19629093  5.6119986
   9.53456455  9.93687232  1.60161064  1.60447608  5.60605156]
 [ 4.33557482  2.85606787  1.86836123  1.45512994  7.1116171   8.4305401
  16.45992704 24.0099618  25.50514257 27.40096485  5.44897483  3.40918763
   7.24683208  8.66031944 18.48245374 24.91340758  6.89940872  1.96830317
  25.86613679 28.02094281  0.98547135  3.66698931 10.68930865 12.91190078
   4.90502882  1.55614224  3.53215726  4.76085876  6.61544378  6.5642508
  14.97275639 19.63502164  1.05430639  1.63926697  5.11341113]
 [ 7.05769251  7.33969041  7.99146255  8.27098658 11.2656582  16.32502906
  25.74768088 37.50296759 31.34703413 31.0509649   6.47955644  7.36217219
  10.17470761 16.25981449 22.29513594 29.90459911  3.94380137 21.5500512
  16.58674065 29.94008559  7.59232931  9.14547583 16.97037891 25.16000241
   7.5189783   6.46267369  7.02020813  5.27898776  5.28161079  6.50851347
  15.91403187 16.76506484  5.78629127  5.3749     10.91246245]
 [23.93413584 17.93448683 22.95909624 17.19657592 33.71134757 31.69869034
  43.00507817 49.16848125 47.16016821 44.59353267 23.18291243 19.57483887
  27.04685264 26.40651749 33.9313958  40.05172706 18.77509491 17.60693059
  31.61220034 45.06158193 26.83464626 17.84616672 33.2291034  38.01985901
  18.68614126 20.15103708 20.97039445 21.88033309 21.90407388 15.08748274
  27.536627   31.19059924  6.11612534  9.98875833 18.71096355]
 [ 8.9993928  10.2391991   6.09043328  1.62571102  6.84962157  7.04615107
  26.35646511 11.08225469 40.73432226 27.92232207  6.19349814  0.28061578
   8.24272919  6.32584815 29.2187314  33.18574593 10.05719676  1.09206561
  23.30005059 15.89913941  1.01297765  0.41159029  6.88682218  4.62076913
   6.64358573  0.97793877 10.03643615  7.15506661 10.66814078  2.20923761
  33.56030344 26.24899875  6.34586949  3.36257306  2.68336254]
 [ 9.79858507  5.52528199  1.11536464  0.96409819  9.0891126  16.98032631
  32.37276496 30.58744361 36.16619807 37.94565525  3.13271519  1.50168317
  17.67348789 17.68606607 24.70897098 27.78802485  4.85683988  1.75036748
  22.8732401  34.87916422  8.98131495 10.43097591 20.01846297 21.70430564
   1.1819064   2.15546943  7.49202005  3.01042557  7.69581985  9.57980847
  20.3935673  16.65265162  0.47390094  0.69211795  8.30622931]
 [ 8.89528411 10.44381543 11.55163047 11.87824884 13.23820674 10.18311537
  25.67723284 26.63108351 33.39047716 36.95125739 10.4006204  12.52511167
  11.67457032 10.18293319 20.71997368 21.991182    9.95899767 18.79538275
  18.42984846 31.54271815 11.41707012  7.18463925 14.97231992  9.26680936
  10.04092941 10.91305601  8.66618177 10.94904377 12.12867108 10.75462303
  18.36406302 15.92326583 11.57376969 13.43264309 10.40957498]
 [ 8.36860831  7.75108106 11.4043788   9.47311743 16.42454388 17.38446516
  34.41804142 29.60702786 35.19868375 34.461733   12.32381988 11.51735817
  14.62620458 14.9205268  25.10569615 22.89411378 12.42232962 17.65957282
  15.06238378 27.31526745 14.11910201 13.09034899 20.25661017 20.08841816
  10.82561524  9.50529081  9.40255764 11.67107245 11.4598934  12.96919741
  14.18632489 14.71524951  4.95643421  4.23158904  7.56733769]
 [27.16209959 25.16486237 35.83557634 27.59454916 34.24912097 29.80545548
  46.279383   42.50647314 46.98267209 46.37472766 33.75113732 26.62432699
  43.42342914 27.65070797 43.64105525 44.30442728 16.68736532 26.21296351
  39.39391653 42.66742507 40.25379638 26.14902965 41.73840429 36.20327732
  27.84656039 24.15970161 23.91120702 18.15312446 28.98185458 21.35638422
  35.49438896 46.23308388 11.31015786 12.73838487 11.43841733]
 [ 7.35405618 12.40707167 18.89969797 18.53375859 33.73322264 32.74411387
  51.76356754 52.31716092 60.41364792 60.89030998 23.53125573 24.93166341
  31.37385994 36.52401499 50.37018731 56.23744974 24.09464819 57.03140539
  51.26683917 59.25804181 25.05952453 26.89622864 42.59564595 44.95999073
  13.86805928 16.58890969  9.02436782 13.35834153 27.79189388 28.74587603
  44.63500443 50.67163686  5.01030139  5.34443829 11.09488126]
 [ 7.4128994   6.91712901  9.90940091  8.40175673 14.40620148 20.27809256
  34.21617273 48.44021075 53.96547142 49.05489383  6.77709131  7.59850862
  13.92339487 15.09808025 29.21464005 32.84399555  6.67091293 12.86045714
  18.51224009 47.53195384  8.61846434  8.39390025 22.4881321  25.47545623
   6.43307091  6.04354071  7.21812652  6.04532074  7.45131982  6.85046598
  17.27909804 18.13866176  6.92633503  6.56579095 10.04733189]
 [ 6.55131067  8.93847507 10.06451257 10.48062393 18.6615674  16.03333783
  38.48873051 47.3632509  51.48574989 45.3034517  12.30343914  9.68402094
  12.83144663 11.26896831 39.0275911  40.13575249  9.29716719 31.92184188
  27.95924075 42.94350402 13.14599899 12.65139286 24.15287264 27.72314882
   7.88625948  7.44487541  4.88161589  9.3811869  11.48894925 12.40453368
  22.90224878 26.7875102   4.86503417  5.95564193  6.53497822]
 [ 3.60760528  4.13709489  1.47435945  4.51237794  6.52774773  5.185936
  16.16620821 21.77669848 18.16967862 20.88732297  3.30833629  7.17931259
  11.06217294 18.02780104 17.0918066  21.77930239  5.05788554  6.86117025
  16.14048544 15.46100117  3.45896152  4.69668235 13.42379918 14.76564689
   3.04550664  5.92819572  3.9385541   4.28851898  5.11687643  8.72280335
  17.64934111 24.53116677  5.67088137  1.39207356 12.14879185]
 [ 7.28600982  7.17991933  9.45889196 10.36418232 12.34075888 11.48122585
  16.41287652 15.9351868  21.6592457  20.36700029 10.29906213  9.85772128
  15.31651251 14.1152678  22.28668237 20.9076273   9.22232076  9.53822858
  28.23582366 21.30527812 11.02510284 11.94332549 16.21404866 12.65444724
   8.65214837  7.66097605  6.88277852  7.83583363 11.14450705 12.29499513
  25.21194367 20.33658026  9.98534218  7.17528127  8.32678307]
 [ 6.53953298  6.27351912  8.55894118  6.87259809 19.80155992 14.95603289
  46.02226534 46.44287523 51.42266437 52.55448841  9.28195742  5.99456413
  30.98558754 44.64978989 41.63893115 46.32011149  6.9661021  12.93207
  33.94403222 44.29573848 14.12762459 11.57871529 37.01197755 28.11197841
   6.37875493  6.37918088  6.44951048  6.24780393 11.61515621  7.86922682
  32.16089322 43.93292638  6.29326739  6.53593316 12.56249859]]