[[ 2.6513637   1.32561844  3.48412244  4.80961074 10.9509594   1.86486078
  10.17928415  8.81652325  6.97444293  6.8791551   3.19561523  5.42958872
  12.20364091 12.41737906  9.83440057  8.55326659  7.75902441  2.37999432
   9.84714793  6.51517586  1.31417446  6.76091082  9.64903187 10.14887433
   1.15800165  1.29522165  2.29008907  5.06182839 19.14800682  7.24766903
  13.11532371 11.3788627   0.96132106  1.28384674  5.21766865]
 [12.85236968 15.43948888 19.8682115  15.38957747 19.92381575 18.35017661
  21.48688353 22.01049463 15.83549271 16.93687232 13.69251547  9.94546186
  19.96081151 19.41959827 21.79255825 24.70574074 19.46326091 17.86211944
  20.46168352 15.90860548 16.85075796 15.52124489 21.47913263 24.14006869
  12.46770548 11.59245622 13.17523044 14.02467648 19.05089039 16.44275973
  22.67863754 24.48625023  6.47242144  5.69840112 11.01136572]
 [13.81211768 13.06468468  8.33417669 10.27008897 12.31373486 11.57539946
  14.37470726  8.60721965  7.62777924  7.71003111  3.97427934 10.68773705
  14.0184492  11.74304509 13.77775634 10.90299397 14.94851956  7.54317566
  11.71191158  8.14013724 12.59609125 12.22115963 15.84727219 12.08007758
  11.92803481 11.2772256  13.64377085  2.98044706 12.72955071 11.68754772
  12.59207447 11.15283117  4.36027135  9.72711779  5.76274218]
 [ 4.90289093  5.86590233  3.99175311  2.33444624  7.15222468  5.02993121
  11.33523082  9.17923138  9.83093186 11.20455946  9.91540121  4.91668301
  10.85333459  7.27432099 12.63677834 12.41390827 16.63184099 13.94726928
  16.5431292  11.50684513  6.9318366   4.36709698 11.87619719  8.63395545
   5.10748583  4.42796232  6.71824901  4.87428735 14.29416558  8.6752777
  12.86507029 15.72513819  3.03908291  1.54413764 11.36559162]
 [ 7.09927353  3.37992262 11.11843966 11.76391836 13.6598586  10.59623027
  17.09588061 12.72328918 14.1657322  12.94096957 10.66802202 11.22757799
  14.36828414 11.97980475 15.06360508 12.0342645  11.76125428 12.36034419
  14.37065651 14.30705116 12.45876672 12.30990845 17.22281622 12.4730233
   8.48672151  7.70608007  8.12158213  9.84279213 14.06282768 14.12687069
  15.10300064 12.27480199  6.87675879  2.53228085  8.82407805]
 [ 6.87903558  4.80355617  7.93107043  2.53332303  5.6752164   4.80888153
  18.12042405 15.64662598 14.16688674 15.34811397  5.02210071  5.78471545
   8.12352482  5.68561301 17.38092092 16.59074506 11.23948323 12.07156976
  16.51485003 14.68602745  2.82396079  2.01130954 11.98578248  7.75616671
   3.56068821  4.28375897  3.08398566  6.66179872 13.22507325  9.79313282
  15.82158177 16.31559637  3.15992864  1.61323552  9.30702312]
 [ 7.14002378  3.79781094  4.10997423  3.53182438  7.91340165  9.95215677
  10.23759878 13.54211949  9.3398102   9.87164065  7.84637696  4.55793833
   8.72653367 10.11668443 12.18667349 12.76322054 12.69249957  4.70316995
  13.39895362 10.81859082  2.24320036  5.37754334  9.7599734  10.65240044
   7.63669188  2.26409978  5.73894868  6.99125196 10.34972404  9.28243556
  12.10752449 13.86752099  2.87568513  3.75361888  8.8041848 ]
 [12.18219931 10.15886336 14.90370156 11.91253789 21.92693135 18.89132164
  22.68606956 14.89689336 15.11269705 13.29195563 23.72093971 19.1503947
  15.18270969 15.44594701 21.36526198 17.46181604 45.27165577 18.57519526
  22.77581732 15.01692679 16.92980607 12.53868903 23.39205247 19.00933938
  21.32655304 10.1057723  15.17638904 35.09085327 33.25546384 28.18461427
  19.80576444 20.89833954  8.79284147  8.01207301 11.36836773]
 [13.07542488 11.85603914 16.82814153 15.42750709 15.8230922  15.76121921
  16.61488139 12.83809492 10.61489656  9.6386845  15.09744324 15.06940906
  15.74046188 14.22905224 13.84277669 12.42217943 14.34988204 13.91723306
  12.67840955 10.44183415 16.15018311 13.80436053 15.66193888 14.22846104
  11.71007202 13.6700228  12.54806677 13.68055336 16.19940851 12.0130608
  13.54288176 13.24049669  5.13462661  7.88852736 11.84722034]
 [ 4.82399377  5.13539649  5.91309749  1.26387491  4.61325992  4.11935899
   4.59002999  1.40696359  3.62439604  2.50262103  4.10981597  0.63899149
   6.25116895  4.01930552  3.95587425  3.74885526  6.24866299  0.77293878
   2.75522534  1.88152286  0.99613859  0.4863336   2.17325086  1.1275071
   3.78295741  0.60670888  5.63903081  4.5775789   7.06229765  1.58509883
   7.13136597  5.23332399  2.87175979  1.65413338  2.05945381]
 [10.35812256  6.26714836  1.16140206  1.15295493  6.76271028 14.27287884
  10.99530066 12.18834164  9.21440638 10.52719962  3.54251299  1.9648248
  12.96459556 16.04715206 12.72957371 13.93360125  7.97099087  1.69482649
  13.63325997 10.15790469  7.9879322  10.82484924 12.58908204 15.57035222
   1.43819368  2.54679129  8.80595248  5.21147986  9.38730792 12.22472353
  15.2287863  14.31080955  0.62116761  0.80387073  7.59910018]
 [10.16698925 12.2581681  18.69276101 20.24903257 19.82568507 15.61196184
  21.22885981 19.63879824 16.50431516 16.10603902 19.11000571 19.88152768
  17.77320645 14.91495859 22.65718519 22.84822109 21.72700882 24.99338745
  26.30589133 17.53941181 17.42940113 10.15627384 21.03640712 12.150511
  13.1695552  16.01076186 10.88351225 16.98645271 26.11467446 20.32504414
  26.93453294 25.62537375  5.2796085   6.36241958  9.78750973]
 [ 9.73139884 11.96402554 11.97619971 11.30139639 11.2598982  10.31434845
   8.79432783  8.22974009  7.04835981  8.27125999 10.10806414 11.30802981
  10.74545341 10.22816717  9.38547314  9.07699023 11.38030446 10.17784026
   9.80794059  8.62452494 11.48946633 10.76293893  9.5696374   9.21766593
  10.222843   11.82508939 11.29138633 11.2842536   9.97405953 11.04022392
   9.90974384 10.38903431  9.35596464  5.81099903  7.60573114]
 [33.19569619 33.74303199 30.72126492 32.91300548 31.43660588 33.53569659
  29.89008813 30.39371676 28.34625603 26.46561416 41.51995269 38.57709635
  27.40679947 26.41449559 29.76520821 28.6114233  68.64940672 29.77960625
  31.52067533 29.90467162 27.27504765 28.50283568 32.41495768 33.3904498
  38.80454016 37.25706359 42.42536665 62.67557476 50.48003267 50.84224355
  33.97594868 27.80605361 46.10212825 33.07530638 12.58363326]
 [ 8.45963397 10.07841365 12.63440837 10.01732782 16.1887264  13.49216348
   9.33654513  8.45921804  5.64662816  6.02011362 12.45662392 10.77524728
  13.62914403 12.76716164  8.05292772  7.6665474  10.21806096  6.23992997
   6.67369712  5.90426594 14.42998534 12.99400881 12.15919451 11.29348805
  10.27735722 10.36210096  8.71568687  8.93539789 11.89666188 10.30430435
   7.98772768  8.81568299 10.41514154  7.58695094  6.71225082]
 [21.43013143 20.7157093  26.4126786  23.13691921 24.8733733  24.03452507
  17.80734888 13.70694788 10.22703542 10.69825301 20.25240543 20.41445433
  23.70487962 26.14051102 18.2654392  16.65845337 27.22627688 19.81943216
  17.64426487 11.57777545 23.00338457 20.51229417 22.51788652 19.37534843
  17.19686814 19.02266425 21.43206074 20.2753532  26.00005962 21.807528
  20.88249664 21.92532686 17.43844124 15.24089006 17.90801249]
 [16.72967373 22.8052494  27.51137808 24.98556503 29.00352703 19.07923026
  16.83255229 11.8053424   9.14615873  9.34176236 25.45741412 18.05287032
  21.40777549 15.13980371 16.76672432 13.4727666  20.26869544 12.76660709
  14.51050842  9.36059803 31.80937597 24.25918414 21.89634211 17.61861043
  21.56852098 13.79781018 12.20164126 21.78836827 22.47356099 18.9808526
  18.88400282 15.45203811 10.77155959 10.88340046 10.21134877]
 [10.00716216 10.10306051  6.63183715  9.53338054 14.08322017  8.7167383
  18.450856   11.84118302 11.47923489 10.62623902  8.89663039 13.12257702
  13.7004586  10.72216081 16.38530484 10.23533738 11.89614912  8.70029671
  13.01982438 11.22092254  8.76662421  8.57328007 19.20227626 10.22263395
   9.13667539 12.00050064 10.08475136 10.81819168 10.30037818 13.11880058
  17.66052296 10.88598914 10.75452101  6.43093867  8.03169981]
 [16.45949838 15.06401109 30.014453   22.12166031 31.42216635 23.76266663
  34.28397967 28.18195701 25.58632432 24.60620501 28.26711257 21.47781604
  33.85737019 33.36113759 32.21776561 30.43879667 28.58039282 16.31546635
  24.41426282 23.69801912 31.27641275 26.08257213 36.58397435 26.6660351
  23.31202743 16.81848451 15.60079479 21.98455923 28.61873082 28.92052986
  29.41417529 26.90859896 13.09850306 12.60712078 12.98678729]
 [12.39614518 12.41204646 11.03700119 12.26771428 10.77378021  7.62531165
   9.74765115  8.44161946  7.90858418  7.12824574 14.46372852 12.52898656
  13.00096119  9.95610991  9.77657288  8.77658822 15.35458202 15.8876834
  11.04827855  7.93439285 10.70057381 10.60469557 11.39980293  9.18329409
  11.90813046 12.48277929 12.45541032 12.89880866 17.04461624 16.31123695
  11.65700601  9.61258774 12.19238408 13.04576462  9.80210828]]