[[91.7042214  95.88948448 90.1053478  84.63774396 52.92695165 89.79532622
  27.67885684 26.98933033 23.26063275 21.69575491 91.12728386 84.29848252
  52.24649134 45.26813533 28.14230784 27.884179   83.59263222 80.50114738
  35.41062479 21.99111087 95.63831103 74.86598675 47.13965273 31.69403587
  96.25433825 96.13447761 92.72258731 86.40923879 58.32024878 81.7940302
  35.66963174 38.57238118 97.03529377 96.74499105 79.47090833]
 [56.38611446 61.52769042 55.36906322 56.4498471  59.33137526 51.44032411
  57.67685642 52.1476727  54.07828277 56.70518651 46.56007844 34.24841097
  53.13435912 47.30849191 58.98960981 54.38892021 61.32712721 55.18631378
  64.19972817 58.69308765 49.85979212 49.77710064 60.24168661 56.48670249
  46.35712527 48.30726928 62.12059758 57.76996435 58.83190136 50.20611217
  58.68508469 56.01703809 37.94631698 31.53988585 44.55131774]
 [53.68124141 52.98409673 73.53627094 56.7922579  54.11713592 34.57560957
  43.25288275 49.1139032  28.74612221 28.11726755 79.81211361 38.11946657
  42.7433214  34.28122892 39.84391714 35.23058231 52.96594974 66.77040066
  43.11359271 29.00043127 59.42112624 39.39980144 42.68454331 34.36082002
  54.48912485 48.87578496 54.75499937 89.52390502 55.52668284 54.7323416
  39.87543779 42.27288601 82.33196523 67.36852872 69.06531342]
 [24.482017   38.04034409 84.77287531 90.15675517 59.16761476 54.7449537
  25.91541075 29.3797793  19.54192704 21.42464036 46.51550742 56.16893305
  61.99994563 62.30382805 26.48265706 27.64087197 24.71673378 28.79293904
  24.35597519 20.45744249 71.12299343 76.84059149 43.95230075 43.47792342
  42.72843378 59.57125272 36.40385795 30.73622702 41.99441063 48.85323509
  30.97291408 33.85575152 61.41014663 86.37655419 40.25213292]
 [62.71576847 84.09460366 50.18632491 55.58531453 30.08865452 25.20596854
  33.77405417 30.96298073 32.50484293 33.50088008 44.35774458 51.43292667
  37.67486427 24.4903186  32.6676725  30.44755951 51.78118012 49.54906973
  36.06978408 32.65281649 35.16873888 36.05309768 35.24267555 26.61306801
  51.39725812 49.15758289 55.55127651 54.51133547 44.84210724 47.9976588
  29.97407369 30.90182467 54.93694129 85.68948297 50.52153951]
 [19.87774501 28.57395681 47.43247395 27.72658319 56.02706575 55.66338796
  46.04712557 41.09343466 44.97441069 47.56297235 43.89951518 49.52702187
  44.60547146 31.86914006 47.38572451 50.37097048 57.51710396 50.87409461
  56.56862579 48.91411342 88.58712673 45.55462587 46.77501674 30.20127635
  29.90932659 69.01490001 80.80725714 52.33546365 57.7573697  50.37712526
  58.00897187 54.44823429 56.23475624 45.70935481 62.25574426]
 [81.5914978  89.55720917 91.54135878 93.76795257 76.12583128 72.10418217
  60.38209537 47.99872055 52.29559333 50.76235388 77.14831915 87.32863671
  70.04920243 68.63582555 54.20298045 45.53683042 70.7056849  89.94367537
  42.92827043 46.6217351  95.23208917 86.30721461 68.40972488 64.18599965
  80.45986711 94.35281139 85.5215815  81.9100345  68.23953111 71.05510921
  54.52243204 46.54092251 93.44856248 90.50471434 74.17832512]
 [57.8405354  58.5252789  60.42489913 60.56581806 51.2467454  51.20756836
  39.83776254 36.96580997 29.82047616 30.31530462 54.35761005 59.31347366
  59.6355908  46.66462805 40.08744935 39.35282662 41.0562452  41.33426174
  46.14923034 31.57931223 49.26150145 53.15515389 45.48650967 44.06763198
  52.41564318 53.93921526 57.5286878  46.77894641 51.45725899 54.01883798
  47.36491984 50.47827826 59.42078212 61.21081648 52.72365086]
 [50.28935708 49.96101822 36.86501039 49.472318   40.69952401 37.84870329
  31.80685661 30.71954174 33.63616129 34.81577607 42.41046465 47.83286565
  42.77648813 40.68806737 41.24308007 36.10073069 54.97063531 45.80206158
  44.4124412  34.31736763 44.20992614 51.72039647 40.25831883 36.25372652
  45.76038197 47.71676305 50.58629875 49.3585494  46.14385066 60.02388177
  44.55688229 41.57545019 69.26858363 52.364364   46.37075938]
 [74.30007054 71.85292479 77.12124264 95.14222411 82.41776407 84.77440532
  60.41917722 85.60744829 48.38769282 65.59031697 75.33208617 98.80541572
  62.42210977 84.998013   61.35323713 58.60292375 73.71138884 97.07860403
  70.59089985 79.19739548 92.48589591 98.6208381  88.01263369 93.01565752
  68.48039705 97.34717263 71.6918464  79.12099949 71.4528313  94.06492446
  49.52132908 62.54642254 84.74935216 90.1603017  86.13105449]
 [68.64543613 79.24685883 96.716477   96.84067278 78.73484819 55.98218374
  42.46200559 38.18559073 34.62733712 33.51619944 89.05375288 94.32416728
  51.71287279 45.34790662 45.22647308 39.52405107 80.74974558 94.06465175
  43.69868318 35.81949958 75.17333303 67.3071566  53.91310963 45.39270832
  95.62824564 91.55897637 73.04728114 87.44953434 72.93907251 64.24067493
  42.98940124 49.84882622 97.89915722 96.33345253 68.01777305]
 [53.13263562 50.62760105 52.60143304 51.2292769  42.87045872 42.67496482
  34.92362965 34.51321041 35.14925198 33.48206909 52.24286697 44.29320195
  47.38455876 34.35824457 37.62482303 34.67869949 54.54755093 38.46807636
  36.94613262 36.60718826 39.82038324 49.79887585 41.02918636 32.17436701
  53.4291291  45.60292706 52.84219778 52.27623386 44.19172843 52.04345192
  33.03625242 38.056438   50.3440296  43.03674201 55.30717375]
 [51.21245886 52.3156151  37.71765335 43.45415706 32.79866143 21.50705646
  16.58046556 15.52267802 13.47840381 15.63983702 23.69587463 25.7463168
  21.14339324 15.85242894 15.90438234 14.49552118 20.49748419 22.9709895
  21.12667912 17.81346001 24.25187115 25.33112434 24.57968862 17.92730749
  33.87357742 38.84730932 45.06756541 27.59649144 25.23487664 15.70894603
  18.99935718 12.13447534 78.01725789 82.84445171 60.1141065 ]
 [28.12755125 29.93053141 23.52379086 28.02456373 21.95676836 18.63778165
  13.37314912 17.12943875 13.82238812 14.44877767 14.24803974 20.41253235
  12.17728087 15.53153823 15.55707042 14.90222527  9.4435268  30.40390202
  19.3755564  15.49453959 20.19092346 18.53236616 13.59960953 17.04387303
  20.39263889 25.18977276 22.08821121 12.87747523 11.91330729 15.4186524
  17.83599503 14.29398555 32.36953597 42.48550881 57.84065289]
 [78.38872364 69.10034329 59.06942077 63.31225693 37.11480187 41.41439015
  28.77776227 29.12448239 24.60747392 23.1177681  53.45042379 52.02910537
  37.68176014 35.03920956 31.25653149 27.07224857 56.28510887 27.91847358
  34.33488953 25.22205705 49.75926619 48.04214818 32.82988469 31.63081836
  67.44649877 63.53217296 75.57640406 70.60286911 48.80075559 48.08042372
  36.26956688 30.2624772  77.28976152 79.78089542 72.36278855]
 [57.46197965 52.20324866 53.02662765 58.26854862 50.12188609 46.16989794
  38.76596401 30.04536547 28.76828158 32.32506861 46.9329214  52.11416507
  50.76847059 47.080888   43.4212079  40.56520667 50.05100956 52.09047928
  55.32651534 33.38778401 53.25905913 60.81520732 43.72003986 46.306941
  39.59797747 49.13944096 54.88857309 44.60402898 49.20521415 59.54020561
  51.06767036 48.7108574  56.57514776 57.84615517 53.18056463]
 [63.4142997  53.02510539 52.80662928 52.43271867 36.77079724 34.95356724
  30.06062697 26.60396379 22.65716304 22.9671787  44.36934481 54.49995861
  46.76812851 60.10589567 33.10943199 32.93660567 56.64644494 37.65082349
  46.28374816 26.74872744 36.79298491 45.25646103 38.84983729 37.84088578
  46.11459447 55.94584726 73.71775873 56.18232424 52.61775967 50.3676819
  46.32884808 45.79433813 70.74397752 68.74403817 70.45489059]
 [82.26374372 81.05749324 90.23440999 80.01943606 69.52465302 81.16618221
  49.52586244 55.40411596 54.28583121 53.67835186 83.67609576 69.46788946
  61.72957959 60.46032443 48.11243947 55.73762443 76.73040531 78.7246601
  55.09533852 58.36565101 83.41320234 80.39594503 50.79663101 65.7390258
  84.38173643 74.7716584  81.44643284 79.80161145 77.83379032 64.10040071
  41.37469803 50.90292185 76.05443832 90.7179983  68.89592247]
 [61.11952172 61.45224232 49.05397966 56.15594374 44.82586685 44.97099091
  37.30717936 42.19334113 39.28884811 39.17586409 49.15175911 56.64794537
  37.90900373 37.06355286 32.42224797 35.6748854  51.89654748 59.6210325
  36.01210839 41.25458344 46.28800018 45.7043744  35.85525547 41.88189702
  54.55118412 60.97440255 62.70242721 58.54472423 48.92292122 46.08373004
  32.24354166 40.80674052 57.49329864 60.99504619 62.67248834]
 [72.52496759 72.11322042 72.60598272 73.25282117 56.47121611 70.63282045
  30.68290406 32.07652371 28.24246205 28.25547517 65.17170546 72.99451048
  38.97706334 28.92014832 34.93466752 30.94441821 69.0664888  62.27394082
  42.90502932 36.05289932 65.59593202 69.1102006  37.27607309 51.6011487
  72.72582149 72.6098614  72.84902086 72.18007618 59.7713897  64.89831673
  42.60851372 33.20478278 71.44858368 72.72260861 58.90990098]]