[[ 0.29213179  0.24121392  0.33680876  0.43055307  1.4806763   0.146247
   0.35580233  0.31195873  0.29596172  0.39965086  0.39718285  0.78069123
   3.42676273  1.74834121  0.64944147  0.62407631  0.7339185   0.22036562
   0.84578916  0.3489644   0.17477821  0.71242243  0.79907124  0.69247294
   0.16815921  0.20890193  0.29289724  0.54500585  1.63019801  0.97286399
   1.37060643  1.13668033  0.15072813  0.18042325  2.49680187]
 [11.13284532  7.35707371  7.88388496  9.65339685  5.47830007 10.28740539
   1.61598509  2.40413591  1.49973134  2.74180797 14.37543312 19.68230619
   6.3331614   6.76049689  1.64666715  1.80819577  5.12946976  4.85827069
   1.58468389  2.2328793  12.79971968 11.83758524  2.79327512  2.43982585
  14.95775245 14.25959963  8.69070572  9.79500976  4.90618065  9.33072511
   1.95408843  1.89211852 24.12534649 30.41941262 13.48185516]
 [ 5.9844993   5.80961882  3.23260418  6.15194708  6.43052619 11.95424736
   2.45136712  2.36285595  1.78327254  2.42767512  3.67050918 12.00186069
   6.07145213  4.74889649  3.06798967  2.91082676  5.07511729  4.63889411
   2.77010997  2.31555067  3.92518194  9.05679741  3.919954    4.02798344
   6.56814676  8.75859311  4.99738573  1.40108293  3.30316406  3.6919531
   4.31116798  3.42419612  2.58068763  5.13233798  4.10769735]
 [22.48792321 16.60729557  1.98867126  0.9711509   5.91668722  7.0039723
   3.98741039  2.11430869  4.10859711  2.94953794 10.33663005 11.5160983
   2.77440365  1.59694169  2.69117331  1.85691497  7.69586866  3.24832021
   2.76497147  3.83599094  5.60452533  2.20586975  4.06705108  3.23787776
  14.34411694 10.75103241 15.86176568 20.16827572  6.73703739  6.11063175
   2.38642747  2.33404718 12.30641699  4.16591888 10.33078578]
 [11.29817322  4.75639637 12.81461895  9.56686982 17.53113256 20.38795718
   3.69839521  3.2845812   4.11601802  4.26201389 14.63513324 12.41859726
  10.6083977  12.50896087  3.51940004  3.39874466 11.25944159 10.79936852
   4.27187677  4.61796396 18.08913823 17.81836896  6.37288483  9.30171073
  14.25236306 15.8698311  13.76307248 12.56449698 10.36692055  9.5361955
   4.40256847  4.49924952 15.05084687  4.55461002 11.23157209]
 [41.90539825 37.32219578 20.3812908  32.13084601 20.78681302 21.48312711
   7.56240536  8.29687693  4.9481175   6.18996722 28.64371898 18.21749082
  22.65567826 22.53856928  6.64142431  5.84389973 13.69737976 16.45718198
   4.02312784  5.75224037  4.39025903 26.77092512 16.07064856 21.40271701
  38.25133723 12.81734687  8.38784075 21.01862275 10.49469582 13.42426639
   5.19125511  6.22702249 25.17167013 27.54145131 10.09024388]
 [ 2.33036589  1.30636911  0.6926836   0.26641495  1.9428957   1.77746308
   2.22822865  2.01567272  1.93413913  1.8231027   1.84075051  0.83317543
   3.54421884  2.0655695   1.74428785  1.8832209   2.01673952  1.08449272
   1.87603279  2.24011023  0.32812249  0.79124573  1.6459396   1.90738795
   1.96376646  0.55759654  1.77911659  1.79137287  2.08792829  1.82756056
   2.11691799  2.43755161  0.95920327  1.41934887  4.19498275]
 [ 9.17146081  9.47862214  6.77352947  8.12265155  5.38289235  4.3411606
   2.6515284   2.13319045  8.63788733 10.5516226   5.51072033  4.59734457
   3.16333215  8.38249009  3.37296349  3.33735769  3.65277676  6.30531478
   3.43606676  8.85672087 12.43144438 11.73777621  2.90931386  2.79128703
   7.01724421 12.27962325  7.9498518   4.88236219  3.09100042  3.35911252
   2.59613496  2.67722416 10.59154075 10.28375976  8.89087085]
 [ 3.2110401   6.99186537  8.05570728  4.93512441  1.25730567  2.06573077
   0.95871201  1.13629752  1.68837001  2.63757762  5.12995132  3.70632017
   1.6867301   2.92277178  1.03894561  1.44657696  2.35592742  6.5628894
   1.28177414  2.2614779   2.82826347  3.46669669  1.10487974  1.3499913
   8.78455538  5.26909096  5.25368308  4.15066125  2.85696347  1.95321324
   1.5897791   1.86289106  8.52572203 12.41323997  7.53607163]
 [ 4.08607177  4.22186554  3.91812464  0.61960792  1.99051778  0.91196952
   2.19789251  0.2994398   1.73823997  0.60841668  5.09476569  0.06035169
  10.86046412  1.20954071  1.10615099  0.67223406  3.22811994  0.30796003
   0.64863825  0.63558259  2.75157026  0.13510411  0.72625256  0.26107386
   7.95894635  0.34183324  4.30367928  3.19183032  3.08190662  0.52852247
   2.28913601  1.27219079  1.93640986  1.63208199  3.14580844]
 [ 2.58234847  2.47985005  0.22221971  0.23050235  0.9177958   2.61791233
   2.61419848  5.56420761  5.02526428  3.91968705  0.88471067  0.45613226
   2.57927034  3.18568718  2.34752634  2.75696716  1.22671784  0.69600328
   2.60172453  4.41118453  1.55291498  2.54938371  1.87585921  2.60723047
   0.42908899  1.11096906  2.65564782  0.99993815  1.71846037  2.91115992
   2.91964918  2.88685317  0.31067169  0.71992477  4.02516601]
 [11.60530552 11.07785695  5.90025309  5.82725963  8.6665368  14.22520241
   4.84582285  5.26448144  2.34551776  2.02405918  5.8632147   8.17061827
   6.77029502 19.1568168   3.33661439  4.29442816  4.10059924  4.27560995
   2.40907838  2.35289302 13.7936781  15.14580063  7.9327626  24.50767488
   9.00566454 10.20112424 11.22291969  7.14096349  3.94525955  5.19891638
   3.77558594  4.64172414 14.85180679 16.31017164  8.64640343]
 [10.62788806  8.39696049 12.67885346 11.36090276 12.56974106 16.75952077
  11.56913146 13.72392997 13.74212691 12.26733618 19.20827031 18.8539968
  19.25954637 22.67658408 16.07271104 18.53900511 21.3942442  17.07994541
  19.76026458 14.50886485 17.23190137 17.75881667 14.71041503 18.0561287
  16.58675371 13.75186645 11.54784472 18.52908826 20.97982469 24.40975872
  21.20589718 24.92432845  1.81250396  1.44835981  7.13118819]
 [ 2.94977626  2.67372578  1.84609456  3.08841853  3.44154595  7.70574765
   1.23549582  1.21391648  1.21029573  1.64246444  2.05777868  4.12982131
   2.97797786 14.33490699  1.30096065  2.51850755  1.03806213  3.20942702
   1.3277011   1.61419375  2.94630627 11.7922518   2.18833403  4.05283406
   3.40857657  3.64993048  3.12730029  1.29191245  1.78965201  3.39216382
   1.79691249  2.55593753  3.21682168  3.55216267  5.50748508]
 [ 1.62168647  2.02744766  2.0179144   1.5742657   1.93093861  1.75321635
   0.84888225  1.06427849  1.05988227  1.26612561  1.80375023  2.19995908
   1.76840309  1.97628008  0.93702992  0.82424714  1.61305617  1.19158843
   0.76093695  1.08268242  1.82841593  1.80043017  1.17399928  1.38002303
   2.08604411  2.22009335  1.71898016  1.60239468  1.66708637  1.98653197
   1.10924184  1.10276581  2.2690387   2.24880456  2.53308048]
 [ 4.70613421  7.34213529  3.40298538  3.14230126  3.16572613  2.14759724
   1.93792305  1.12042056  0.79017274  1.08097555 10.22103354  7.22781413
   2.76571939  2.80119895  1.39194621  1.72679731  5.29374236  4.60851033
   1.63362555  1.03925403  4.79508916  3.28836684  2.7158661   1.5759395
  14.56200619  9.38885559  5.89245808 10.43688448  5.72369257  3.36711722
   2.04099417  2.5216445   7.1728452   7.29540706  5.59785747]
 [ 4.45836731  5.00351811  3.07168057  4.160381    4.55312699  7.49383458
   3.82495244  3.98053441  5.78459834  7.8204048   6.14589151  5.79597615
   6.57607112  4.11091114  2.51075962  3.75111473  4.80706263  6.07144154
   2.98796696  7.62290851  7.27729758  6.26159819  3.9451886   4.96585268
   8.61138693  8.58414433  3.05757594  3.92106171  4.0015562   5.31141793
   2.8181876   3.11739028  4.69804616  4.90767646  4.36964474]
 [ 0.96084758  1.08552091  0.35153086  1.40133548  2.41395427  0.99402758
   2.56020418  1.57843301  2.520807    2.12646736  0.79672257  2.43069686
   2.02041535  1.83931613  2.16014043  1.56205669  1.39037592  0.94146972
   1.83312219  2.66252683  0.83841409  1.45164813  2.37514134  1.52251793
   0.7727342   1.73395887  1.04924972  1.17058762  1.16128753  3.04221725
   2.62940499  1.83245788  1.91972875  0.36375564  2.4577376 ]
 [ 5.81823277  6.33560253  3.21962336  2.89071472  2.67888961  6.9096833
   1.67608782  2.52301916  2.85588211  3.8362069   3.26553528  3.11445677
   1.61662029  4.12956694  2.14290558  2.72635828  2.76755419  3.62485524
   1.70178436  3.41982978  2.65717063  4.66360028  1.53092656  7.68365884
   4.50817365  4.9606678   5.65298423  3.83725036  2.41953589  2.61694196
   1.69672519  1.85356458  6.96640728  7.40556854  4.11796821]
 [ 3.85728987  4.39734676  2.18824739  2.97576186  2.6527109   1.10713805
   1.96028981  1.62299379  1.8973659   1.50031331  3.65567839  3.04968107
   2.56051661  2.36871853  1.7701583   1.67142937  3.52839206  2.97009752
   1.75794692  1.86779939  1.82905872  2.22696751  2.0308208   1.41632285
   3.95507041  3.87490657  3.66846183  3.84178733  3.34122708  3.49552642
   2.16432985  1.98805818  4.83112255  3.3191091   4.80630485]]