[[1.94677586e+01 2.01685235e+01 2.23578248e+01 1.97052908e+01
  3.14972801e+01 4.07573270e+01 1.06177672e+02 1.96880230e+02
  2.41795487e+02 1.95587420e+02 6.51275715e+00 6.80287182e+00
  6.71546527e+00 5.02278750e+00 4.27539366e+01 4.27411743e+01
  3.27091561e+00 1.00143181e-28 1.88493048e+01 2.14051858e+02
  1.38956709e+01 1.35595986e+01 3.31683727e+01 4.11050968e+01
  1.17250302e+01 1.37023975e+01 1.83450428e+01 6.13695824e+00
  1.83778590e+00 1.83072532e+00 7.16729392e+00 4.79397033e+00
  1.84203614e+01 1.57934745e+01 1.37073052e+01]
 [1.81747062e+01 2.66526582e+01 8.52696710e+00 9.97846338e+00
  9.78015140e+00 7.68373309e+00 1.26769605e+01 1.88270738e+01
  3.04048095e+01 2.17324471e+01 5.00340445e+00 8.16833790e+00
  3.75003960e+00 3.98282064e+00 6.96904623e+00 5.86667165e+00
  2.55739151e+00 2.92784169e-29 2.98434675e+00 2.16102069e+01
  6.86073672e+00 7.39870158e+00 7.45020085e+00 6.08967791e+00
  1.10864979e+01 1.31020244e+01 1.92788634e+01 7.84219938e+00
  1.62123112e+00 1.85637253e+00 2.42422478e+00 1.63144709e+00
  7.97557169e+00 1.64172532e+01 2.49622107e+01]
 [5.17595976e+01 4.53093437e+01 1.02945472e+01 8.56314410e+00
  8.18422081e+00 1.20434820e+01 1.46780634e+01 2.90143052e+01
  5.89482925e+01 5.55765693e+01 5.99775746e+00 3.34486962e+00
  2.73192600e+00 5.83167967e+00 1.10367826e+01 1.74047421e+01
  3.66764622e+00 3.70784899e-29 8.30846292e+00 4.81613294e+01
  4.81718401e+00 4.60412477e+00 8.08228738e+00 1.69222828e+01
  2.03481600e+01 2.42343747e+01 4.11825345e+01 1.25032266e+01
  1.28008333e+00 1.35798021e+00 3.88799238e+00 4.41654668e+00
  4.43674099e+01 2.18742437e+01 1.65301609e+00]
 [3.57643851e+01 3.81551229e+01 2.65944470e+01 2.84203334e+01
  2.71904817e+01 3.24359461e+01 4.41442355e+01 7.73211065e+01
  8.09512338e+01 9.03870993e+01 9.18788984e+00 1.23502220e+01
  4.13906853e+00 6.49032347e+00 1.75822587e+01 2.70189647e+01
  6.99500755e+00 1.26084137e-29 1.31107210e+01 6.94438004e+01
  1.34916953e+01 1.71357078e+01 1.75932019e+01 2.58276315e+01
  2.06723790e+01 2.14729029e+01 3.06207310e+01 1.68644187e+01
  3.47332331e+00 4.08336871e+00 5.14075109e+00 4.43876579e+00
  1.28894212e+01 1.06007397e+01 5.90379004e+00]
 [1.80753043e+02 2.28411804e+02 2.43485686e+01 2.11626083e+01
  1.56719908e+01 1.64091885e+01 2.86211646e+01 5.10171651e+01
  3.87474823e+01 3.86777400e+01 1.20061620e+01 1.25298926e+01
  3.82420405e+00 4.51637925e+00 1.61470690e+01 2.60118068e+01
  1.16515603e+01 5.57515100e-29 1.10018221e+01 3.26120144e+01
  9.40300692e+00 8.18355231e+00 1.23423826e+01 1.64893354e+01
  4.62178964e+01 4.84263656e+01 1.64581867e+02 3.71980063e+01
  3.63506470e+00 2.99918393e+00 3.53737333e+00 5.16473034e+00
  1.10498823e+02 2.12059501e+02 5.06401621e+00]
 [7.39642996e+00 8.08236821e+00 5.71168540e+00 5.27871236e+00
  5.19724199e+00 5.07392677e+00 1.03248463e+01 1.79850703e+01
  2.32901384e+01 1.53492484e+01 2.40016769e+00 2.14470744e+00
  1.65299104e+00 1.47342772e+00 6.40496212e+00 5.35153503e+00
  1.62941059e+00 3.56598856e-29 3.33260219e+00 1.55496069e+01
  3.57480816e+00 2.87699843e+00 4.64713110e+00 4.97274215e+00
  4.34709393e+00 3.78083580e+00 7.26629049e+00 2.93983743e+00
  9.47181307e-01 8.41076164e-01 1.68863887e+00 1.02801626e+00
  7.55848342e+00 6.12892252e+00 4.58261538e+00]
 [2.24532486e+01 2.27584417e+01 1.78164447e+01 1.96916266e+01
  2.34510807e+01 1.93733751e+01 3.57147035e+01 3.97609416e+01
  6.62149335e+01 7.38416586e+01 1.18141607e+01 1.26309016e+01
  1.18997537e+01 1.14057076e+01 2.34373185e+01 2.53040206e+01
  1.10841922e+01 9.92825796e-30 1.94745347e+01 6.35712206e+01
  1.53916273e+01 1.40151670e+01 2.06558631e+01 1.92584608e+01
  1.54716788e+01 1.74443014e+01 2.15529895e+01 1.35494431e+01
  9.82038977e+00 9.43914007e+00 1.21277691e+01 1.20047161e+01
  1.44432573e+01 1.28425064e+01 2.04808258e+01]
 [1.35980707e+01 1.65534036e+01 5.67827625e+00 6.35177539e+00
  5.21384922e+00 7.45937278e+00 1.52529076e+01 3.70695790e+01
  3.44598201e+01 3.32273741e+01 2.81637006e+00 3.50135781e+00
  2.11370519e+00 2.74075109e+00 8.43425418e+00 1.22933684e+01
  2.45586376e+00 2.64581137e-29 4.59215981e+00 2.94532585e+01
  3.13230966e+00 3.57862379e+00 5.67332066e+00 9.07982567e+00
  6.44217729e+00 8.13744519e+00 1.28573659e+01 6.09814877e+00
  1.20829554e+00 1.07748646e+00 2.21220736e+00 2.70271301e+00
  1.68401225e+01 8.38492004e+00 1.49504339e+01]
 [3.18244062e+01 3.07297073e+01 2.03993617e+01 1.53773184e+01
  2.42825559e+01 1.88338396e+01 5.02186441e+01 7.39961877e+01
  8.53649324e+01 8.12974892e+01 8.83416718e+00 6.72582249e+00
  6.26940116e+00 3.95836905e+00 1.93235163e+01 2.29509296e+01
  6.12989505e+00 4.40593116e-29 1.36382138e+01 7.51768887e+01
  1.30114641e+01 8.12392754e+00 1.90261391e+01 1.81556491e+01
  1.45359060e+01 1.28024200e+01 2.57490652e+01 1.15545391e+01
  3.24437209e+00 2.15445653e+00 5.26550087e+00 5.49562314e+00
  9.57697696e+00 1.24672463e+01 3.90911182e+00]
 [8.99866906e+00 1.07042857e+01 4.46446436e+00 5.89165381e+00
  5.66215776e+00 6.86907311e+00 2.89892071e+01 3.01140291e+01
  6.03390383e+01 5.05930874e+01 2.31349964e+00 3.40359969e+00
  1.57759741e+00 2.56579902e+00 2.07189782e+01 1.90023443e+01
  2.05052411e+00 3.30739960e-29 1.18223825e+01 4.22201167e+01
  2.49832061e+00 3.62397586e+00 8.50309566e+00 9.91494618e+00
  5.23733746e+00 5.96809271e+00 8.52334299e+00 3.82287506e+00
  1.00204620e+00 1.10510950e+00 3.65597564e+00 2.96430870e+00
  2.45777782e+00 1.97739048e+00 6.03249635e+00]
 [1.00398877e+01 1.19228746e+01 1.51961981e+01 1.17315988e+01
  1.89528019e+01 1.27632818e+01 3.42364844e+01 2.74821882e+01
  3.96085590e+01 3.74516994e+01 4.98097401e+00 5.00397083e+00
  4.25812708e+00 4.31303382e+00 1.24246465e+01 1.35476127e+01
  2.94569373e+00 3.56534417e-30 6.82688744e+00 3.31620590e+01
  9.70228197e+00 7.71819224e+00 1.25165359e+01 9.85426651e+00
  7.25928617e+00 1.04993944e+01 9.56066204e+00 5.03975286e+00
  1.83428182e+00 1.51710345e+00 3.22479020e+00 3.39921071e+00
  4.85821950e+00 5.36933210e+00 3.96861097e+00]
 [2.03502472e+01 2.04080112e+01 1.22767605e+01 1.30840577e+01
  1.65382703e+01 1.49727428e+01 3.58031135e+01 3.28884156e+01
  5.80153119e+01 6.68240375e+01 6.03005238e+00 6.30228010e+00
  4.58484125e+00 3.73796997e+00 1.47175745e+01 1.25637187e+01
  5.11657627e+00 2.85122470e-29 6.93167151e+00 4.74041750e+01
  9.20835246e+00 9.49621439e+00 1.40069043e+01 1.24931278e+01
  1.02922112e+01 1.04585565e+01 1.94326706e+01 8.69279145e+00
  3.04553850e+00 2.52974257e+00 3.88579010e+00 2.74266038e+00
  2.11387057e+01 1.62811589e+01 7.47622060e+00]
 [5.07204688e+00 5.39722084e+00 6.71338613e+00 5.63530079e+00
  1.03225855e+01 6.82635460e+00 2.81837941e+01 2.08019927e+01
  3.58279163e+01 2.82195432e+01 2.84668323e+00 2.81000017e+00
  3.45244649e+00 1.75852733e+00 1.37854833e+01 8.22972658e+00
  2.10749423e+00 4.40768172e-29 4.89744234e+00 2.20138688e+01
  4.36973403e+00 3.59600780e+00 1.05750312e+01 6.88613443e+00
  4.28875120e+00 3.55058660e+00 5.32692004e+00 3.11816417e+00
  1.27087191e+00 1.07740411e+00 3.35214874e+00 1.56289378e+00
  7.73768330e+00 1.02327048e+01 1.10775378e+01]
 [3.34451223e+01 3.19137830e+01 3.92243954e+01 3.66613232e+01
  3.89846736e+01 3.57921391e+01 6.78725099e+01 6.92244832e+01
  7.18831068e+01 8.56815751e+01 2.06117176e+01 2.02444364e+01
  8.64478136e+00 1.07013753e+01 3.33081541e+01 3.68862866e+01
  1.60768493e+01 8.32195647e-29 2.02484396e+01 6.22490414e+01
  2.57308378e+01 2.39909644e+01 2.91891758e+01 2.82998050e+01
  2.77897843e+01 2.66121594e+01 3.24732999e+01 2.28810390e+01
  8.69889031e+00 6.74750086e+00 9.55786373e+00 1.37234636e+01
  1.18756356e+01 6.19019567e+00 1.03667108e+01]
 [2.92710546e+01 2.61411429e+01 1.86178615e+01 1.60884112e+01
  2.07851437e+01 1.57110815e+01 6.52470036e+01 7.44972128e+01
  1.10512479e+02 1.14427295e+02 7.97570189e+00 7.73656909e+00
  6.01958513e+00 5.21327496e+00 3.46884812e+01 3.78388128e+01
  7.07214358e+00 6.64366940e-29 2.10930733e+01 9.11553521e+01
  1.14652920e+01 8.66123861e+00 2.33987122e+01 2.01581714e+01
  1.59536165e+01 1.80800535e+01 2.74574635e+01 1.29302304e+01
  3.93967323e+00 3.21088700e+00 1.00459927e+01 7.90768723e+00
  1.32976714e+01 7.18703096e+00 1.96721568e+01]
 [9.56133932e+00 1.95018982e+01 6.64697889e+00 8.16185275e+00
  9.42157219e+00 1.16982005e+01 3.40630647e+01 5.34960066e+01
  9.02352783e+01 6.85425436e+01 2.54158761e+00 3.83666877e+00
  2.04664905e+00 2.42458160e+00 1.30105609e+01 1.26623375e+01
  1.81886003e+00 4.35502650e-28 4.00209588e+00 6.05583796e+01
  3.77842604e+00 4.90085440e+00 1.08133077e+01 1.33731827e+01
  5.50265257e+00 9.47578710e+00 1.27359289e+01 4.78736069e+00
  8.71306926e-01 7.82466646e-01 2.01745262e+00 1.72347853e+00
  4.37767994e+00 1.03008579e+01 4.98893899e+00]
 [8.91819145e+00 4.95886192e+00 6.35589295e+00 4.80636809e+00
  6.53712257e+00 7.03790161e+00 2.26192623e+01 3.75151111e+01
  6.33506510e+01 5.27963474e+01 2.17531449e+00 1.87367927e+00
  1.96113332e+00 1.96836103e+00 1.49766990e+01 1.41899744e+01
  1.41146954e+00 4.54437478e-29 7.18112678e+00 5.23450070e+01
  3.96956353e+00 3.10708419e+00 7.36153976e+00 8.29205483e+00
  4.28316907e+00 3.18687406e+00 5.73316785e+00 2.22701330e+00
  9.52352294e-01 7.73171176e-01 2.71257118e+00 2.80359491e+00
  5.52995953e+00 2.41782038e+00 1.62958880e+00]
 [4.70521881e+02 5.76562309e+02 2.54731731e+01 4.84046151e+01
  1.20690611e+01 1.48046466e+01 2.33323390e+01 4.87872809e+01
  3.99088338e+01 4.68025421e+01 1.63915032e+01 3.00905010e+01
  8.30649946e+00 1.85488309e+01 2.16112588e+01 3.20285186e+01
  1.92391918e+01 3.16528485e-29 1.53123756e+01 3.12328904e+01
  8.89437576e+00 1.24916008e+01 1.64039052e+01 2.59972248e+01
  8.34369596e+01 1.21401172e+02 3.04613868e+02 8.37345770e+01
  5.34451562e+00 5.55115778e+00 1.06644832e+01 1.50997191e+01
  3.82539849e+02 2.54668452e+02 4.47934585e+00]
 [1.80803090e+01 2.10137736e+01 1.17960683e+01 8.91143396e+00
  2.22036118e+01 1.40667394e+01 3.60881871e+01 2.93852905e+01
  3.50720962e+01 3.48743322e+01 5.07142833e+00 4.90465563e+00
  5.35027404e+00 3.66055399e+00 1.76849410e+01 1.59683118e+01
  3.73426858e+00 6.80524715e-29 1.29339213e+01 3.27340893e+01
  9.42035527e+00 6.09252817e+00 2.01986065e+01 1.21138908e+01
  8.83513797e+00 1.05589821e+01 1.61014369e+01 6.98107789e+00
  1.81841192e+00 1.87084007e+00 6.85764149e+00 4.69642969e+00
  4.94770920e+00 6.83529557e+00 4.91967992e+01]
 [5.88598454e+01 1.11424965e+02 1.16675764e+01 1.90610771e+01
  1.52451223e+01 1.23805766e+01 3.68406974e+01 3.86860990e+01
  6.38983948e+01 7.11232242e+01 3.80788599e+00 6.84810388e+00
  6.59264665e+00 1.01463833e+01 1.92069724e+01 1.67462207e+01
  3.88784708e+00 1.65045506e-28 7.33910661e+00 4.81653187e+01
  7.69680198e+00 7.73520002e+00 1.82320993e+01 1.59192849e+01
  1.66773299e+01 3.59170849e+01 7.08307610e+01 1.71522972e+01
  1.53570472e+00 1.92909858e+00 5.85947629e+00 4.91843527e+00
  2.39911933e+01 2.66552161e+01 1.49939332e+01]]