[[1.83296556e+02 4.78114649e+02 5.62207273e+02 4.19117769e+02
  8.71878453e+01 2.10835036e+02 5.76180923e+01 8.59687738e+01
  8.27374609e+01 5.30263225e+01 8.71299921e+01 8.46615180e+01
  1.99403781e+01 1.57485634e+01 2.50894180e+01 2.44874977e+01
  1.87150852e+01 1.25608417e-28 1.61674189e+01 5.91240856e+01
  2.91536439e+02 1.16972819e+02 3.40176770e+01 4.10052874e+01
  5.20611754e+02 7.64964767e+02 2.55260654e+02 1.24740721e+02
  1.01079288e+01 1.10715941e+01 7.48453703e+00 6.57991713e+00
  1.17465365e+03 1.91271613e+03 1.69648072e+02]
 [2.00467204e+02 2.99788797e+02 7.71720953e+01 1.46690491e+02
  5.39002864e+01 4.47323546e+01 5.14798083e+01 5.73948517e+01
  7.18489630e+01 6.88690621e+01 6.17083398e+01 9.80282763e+01
  1.61213204e+01 1.27436810e+01 3.14901356e+01 2.62193830e+01
  3.45087827e+01 3.29175143e-28 2.31830696e+01 7.17591249e+01
  5.37276676e+01 6.33843633e+01 3.40389704e+01 2.70835313e+01
  2.08560334e+02 2.19239524e+02 2.35406132e+02 1.65282014e+02
  1.39293892e+01 1.57857119e+01 1.21849840e+01 9.13672427e+00
  1.34312590e+02 1.42178077e+02 6.48007641e+01]
 [2.23443245e+02 2.17993171e+02 6.34732258e+01 5.66332587e+01
  2.34263643e+01 2.25215563e+01 2.10127147e+01 2.56820871e+01
  2.97666685e+01 2.80637398e+01 2.20990361e+01 1.75456659e+01
  5.74270354e+00 4.96753812e+00 1.31322196e+01 1.33142593e+01
  1.62428937e+01 7.78191544e-29 1.03280219e+01 2.63008560e+01
  1.79695964e+01 1.60348651e+01 1.34772069e+01 1.36628799e+01
  1.02023658e+02 1.26099492e+02 1.84708739e+02 9.39736233e+01
  4.96529821e+00 5.64494209e+00 5.38378901e+00 4.49046914e+00
  1.55640089e+02 8.25506618e+01 8.05564478e+00]
 [8.97323982e+01 1.87529646e+02 1.53493465e+02 2.17318253e+02
  4.54335226e+01 4.26974289e+01 2.49949811e+01 2.90706333e+01
  3.51360994e+01 3.29854627e+01 1.86141966e+01 4.37498721e+01
  7.05655598e+00 8.52040470e+00 1.20722596e+01 1.38499717e+01
  1.32307822e+01 1.56558868e-29 1.01233001e+01 3.13353963e+01
  3.81822661e+01 5.25505051e+01 1.79970722e+01 1.67084258e+01
  5.53089116e+01 1.13842690e+02 1.03741628e+02 4.13080738e+01
  5.10053204e+00 8.43212122e+00 4.01886779e+00 3.71099974e+00
  2.14592564e+02 3.46914003e+02 1.93729456e+01]
 [3.75101564e+03 5.53217478e+03 7.53754105e+02 1.74775292e+02
  5.01304190e+01 6.34509316e+01 3.96742780e+01 7.83707898e+01
  5.75084138e+01 7.08968939e+01 2.31352959e+02 1.04835493e+02
  2.40922613e+01 1.14189461e+01 2.29568054e+01 4.31742049e+01
  1.57771159e+02 9.46805492e-28 2.52330575e+01 6.17686102e+01
  1.46248422e+02 4.07745299e+01 2.08846473e+01 3.69174740e+01
  1.05915497e+03 6.22057406e+02 2.93988381e+03 6.21098903e+02
  4.32186694e+01 2.05243695e+01 6.53343559e+00 1.22119018e+01
  2.02655222e+03 6.42442020e+03 3.14702998e+01]
 [4.49115084e+01 1.12335939e+02 2.60297602e+02 1.14423019e+02
  6.48510079e+01 3.68582416e+01 3.06986537e+01 3.31016618e+01
  4.61406214e+01 3.83018056e+01 3.96312676e+01 1.89326846e+01
  1.44289415e+01 7.87116265e+00 1.76886888e+01 1.86931125e+01
  9.48725013e+00 4.54207123e-28 1.41049460e+01 4.12960068e+01
  7.24106163e+01 3.09914704e+01 2.36471236e+01 1.68187746e+01
  1.45114959e+02 9.42514847e+01 3.49683809e+01 2.11643179e+01
  8.93417735e+00 5.29741274e+00 7.14057865e+00 6.28163281e+00
  3.36254924e+02 2.42840677e+02 3.65289045e+01]
 [4.41189613e+02 5.86223360e+02 8.35849650e+01 5.16706225e+02
  7.35087592e+01 5.67930949e+01 7.31944421e+01 4.25266259e+01
  6.89909685e+01 7.66693763e+01 3.49406408e+01 1.17981879e+02
  2.62056843e+01 2.54816617e+01 4.40057550e+01 3.01053666e+01
  6.08744620e+01 1.10538699e-28 3.11190984e+01 7.89858570e+01
  4.62903510e+01 8.84340503e+01 5.49416857e+01 3.16258471e+01
  1.24007132e+02 4.01332232e+02 4.56545694e+02 1.70839527e+02
  2.18102592e+01 3.60350235e+01 2.34669845e+01 1.62638472e+01
  9.55560611e+02 3.71994987e+02 1.73326484e+02]
 [1.97066642e+02 2.43480123e+02 5.54994740e+01 7.35498586e+01
  2.80424278e+01 2.57639201e+01 2.65679127e+01 3.46514244e+01
  3.21774306e+01 3.40077691e+01 2.89097314e+01 3.04256485e+01
  1.33373738e+01 8.55992993e+00 1.93563882e+01 2.25272458e+01
  2.68285829e+01 4.95217584e-29 1.70264895e+01 3.28183938e+01
  2.14205550e+01 2.67514351e+01 1.85561647e+01 1.72560745e+01
  7.66351031e+01 9.27245704e+01 1.74987988e+02 8.90512351e+01
  1.18206358e+01 8.72338920e+00 8.14789779e+00 9.72088484e+00
  7.11329749e+02 1.45960429e+02 1.10796530e+02]
 [8.70953920e+01 1.06023139e+02 4.31931132e+01 5.25835197e+01
  3.57932323e+01 3.60046820e+01 4.61632303e+01 5.37560888e+01
  6.56617229e+01 6.73321594e+01 1.91827734e+01 2.20789094e+01
  1.26670480e+01 9.87980098e+00 2.46798667e+01 2.49873776e+01
  2.22256244e+01 5.50039972e-29 1.81772724e+01 6.36229581e+01
  2.27794725e+01 2.64380122e+01 2.51697628e+01 2.61382626e+01
  3.73190471e+01 4.72470812e+01 6.94323183e+01 3.16399851e+01
  9.11157388e+00 1.00042524e+01 9.41633914e+00 8.16454529e+00
  1.77497436e+02 1.49189089e+02 1.89372378e+01]
 [1.39006821e+02 2.44182402e+02 5.50086987e+01 5.32769127e+01
  2.97091883e+01 5.55952334e+01 5.61447442e+01 7.72780521e+01
  3.54196405e+01 8.39613684e+01 2.57785102e+01 3.20350090e+02
  7.29485278e+00 1.83170582e+01 1.76217363e+01 1.63263515e+01
  1.39079156e+01 6.57125938e-28 1.44518466e+01 1.24347799e+02
  6.94788151e+01 2.18344319e+02 2.26305286e+01 7.38438976e+01
  2.71275377e+01 3.22322271e+02 6.60590959e+01 4.54203229e+01
  6.20242249e+00 1.87632432e+01 6.54392206e+00 6.32849649e+00
  9.76091191e+01 9.23900381e+01 1.09835911e+02]
 [8.96534952e+01 2.09251707e+02 1.41357433e+03 1.13955965e+03
  1.46259352e+02 4.61153542e+01 4.31261438e+01 3.78923590e+01
  4.28716553e+01 3.74554133e+01 1.19886579e+02 2.10983441e+02
  1.13234021e+01 1.18313759e+01 2.32754359e+01 1.70995213e+01
  6.06022238e+01 3.05190642e-28 1.04593239e+01 3.89528501e+01
  6.03138928e+01 4.41018322e+01 3.18751737e+01 2.44596030e+01
  4.88829129e+02 5.03015492e+02 2.70100787e+02 2.17748774e+02
  1.53414767e+01 1.29844829e+01 6.03458512e+00 9.14470247e+00
  5.81650159e+02 4.36179104e+02 4.73103879e+01]
 [9.76380870e+01 1.04605692e+02 5.56326154e+01 6.27799753e+01
  5.24591746e+01 4.78098545e+01 4.00162063e+01 3.87847223e+01
  5.72221423e+01 5.02262786e+01 2.62121400e+01 2.64341861e+01
  1.38648408e+01 1.08637237e+01 2.50660751e+01 2.23590147e+01
  2.84358052e+01 7.21926235e-29 1.43521929e+01 4.54343327e+01
  3.28823769e+01 3.60467262e+01 3.48123243e+01 4.20337245e+01
  4.25854909e+01 4.33020594e+01 9.44556862e+01 3.94569334e+01
  1.02961260e+01 1.58303352e+01 7.32032946e+00 7.97283368e+00
  7.34847038e+01 6.40670287e+01 8.46767986e+01]
 [1.50932859e+01 1.85277963e+01 1.98188777e+01 1.77787656e+01
  1.99009789e+01 1.03622096e+01 1.23235436e+01 1.07227024e+01
  1.14476668e+01 1.21597679e+01 8.30300113e+00 4.79075049e+00
  6.10908111e+00 2.55765409e+00 6.36397823e+00 4.82836925e+00
  3.09295332e+00 1.36238688e-28 4.64436499e+00 1.27323013e+01
  7.73660107e+00 6.89900768e+00 8.71479418e+00 6.47850255e+00
  1.98432683e+01 7.75598986e+00 1.77814414e+01 5.80629483e+00
  4.93768583e+00 1.71685036e+00 3.02530043e+00 1.47452936e+00
  2.86168895e+02 9.40023855e+02 1.26283581e+02]
 [4.43760415e+01 4.60711854e+01 4.03844289e+01 5.60228727e+01
  3.25220736e+01 3.53879394e+01 2.72905214e+01 3.09985803e+01
  3.13018360e+01 2.86415360e+01 1.19632801e+01 1.84119067e+01
  5.07490091e+00 9.08140344e+00 1.50204590e+01 1.30966768e+01
  9.79594921e+00 4.73571858e-29 1.10386241e+01 2.29413224e+01
  2.09383231e+01 2.68630162e+01 1.54162000e+01 1.99008594e+01
  2.59742179e+01 2.68327444e+01 3.42119751e+01 1.70982016e+01
  1.17111733e+01 5.87617494e+00 5.44384967e+00 4.58703806e+00
  6.73504886e+01 3.20205167e+01 6.20319848e+01]
 [4.13688970e+02 2.15451817e+02 9.13012623e+01 5.41500105e+01
  2.95537031e+01 2.63644829e+01 3.92524745e+01 4.48900241e+01
  4.88290163e+01 5.37317818e+01 2.60637903e+01 2.21727714e+01
  8.80722344e+00 6.59356955e+00 2.20766344e+01 2.04066778e+01
  2.39689846e+01 7.24203076e-29 1.62054351e+01 4.67079838e+01
  2.77478946e+01 2.00735943e+01 2.07708564e+01 1.76618656e+01
  1.30289186e+02 1.07340959e+02 2.97989779e+02 9.27349367e+01
  9.48858082e+00 7.22189938e+00 8.48978986e+00 5.58067471e+00
  3.13134552e+02 1.38093630e+02 1.46244197e+02]
 [6.22380274e+01 1.55162232e+02 3.57542327e+01 4.60466478e+01
  3.15537993e+01 2.52137202e+01 3.30803615e+01 3.21730050e+01
  4.09063891e+01 4.07625636e+01 1.84687478e+01 2.35927137e+01
  6.86178105e+00 7.04623618e+00 1.81664075e+01 1.54069682e+01
  1.47600873e+01 3.54268014e-28 1.27615158e+01 3.93453743e+01
  2.18482665e+01 2.51392681e+01 2.08135829e+01 2.52350724e+01
  7.89662423e+01 6.94861104e+01 9.83478585e+01 3.81493445e+01
  6.69183550e+00 6.01589540e+00 6.33274878e+00 4.86753358e+00
  5.35822975e+01 1.22582460e+02 3.50682106e+01]
 [6.60668209e+01 3.35071624e+01 3.94308696e+01 2.13871595e+01
  1.69267488e+01 1.67778865e+01 2.05509110e+01 2.09199648e+01
  2.80828510e+01 2.72837395e+01 7.98068282e+00 1.03745570e+01
  5.98038714e+00 6.40160371e+00 1.35343182e+01 1.09914600e+01
  8.28513935e+00 3.44755095e-29 1.04705789e+01 2.76961343e+01
  1.19512307e+01 1.26777279e+01 1.22190804e+01 1.15993091e+01
  2.36162413e+01 1.89111929e+01 4.05721175e+01 1.29753251e+01
  4.10803462e+00 3.08927864e+00 6.16686160e+00 4.58740230e+00
  5.62937083e+01 2.13150291e+01 1.43904883e+01]
 [4.12948656e+03 4.20446660e+03 5.39754075e+02 4.97895709e+02
  7.65991634e+01 1.11667680e+02 5.24969015e+01 6.88162978e+01
  6.95170891e+01 7.43172847e+01 1.53747392e+02 1.74751410e+02
  1.65457210e+01 2.19285510e+01 2.71607998e+01 3.29601107e+01
  1.28027349e+02 3.77532658e-28 2.53074888e+01 7.17480648e+01
  9.62976967e+01 1.04992986e+02 3.22688680e+01 4.60663792e+01
  7.80832625e+02 7.32450663e+02 2.34420551e+03 6.34685875e+02
  3.66388004e+01 2.10631931e+01 1.09233118e+01 1.42237911e+01
  3.83004884e+03 4.07066131e+03 2.11301176e+01]
 [4.50343657e+02 5.17692782e+02 1.14168706e+02 5.60564954e+01
  3.65716167e+01 4.42455818e+01 4.37249316e+01 5.22975985e+01
  5.62016632e+01 5.93981088e+01 4.85280198e+01 4.89783058e+01
  8.02773485e+00 6.31113524e+00 2.01058871e+01 2.25736305e+01
  3.42286113e+01 1.52020561e-28 1.44589868e+01 5.87252333e+01
  3.45980675e+01 2.22512230e+01 2.24612179e+01 3.05388528e+01
  1.54562706e+02 1.29533338e+02 4.55134385e+02 9.82264499e+01
  1.19015186e+01 9.51737084e+00 7.30794622e+00 5.98505242e+00
  1.47976978e+02 2.61350435e+02 2.54606828e+02]
 [5.58097590e+02 1.08690569e+03 3.67491630e+03 1.06203343e+03
  1.55535406e+03 7.13960061e+02 1.77926719e+02 4.52144370e+02
  1.15437467e+02 1.86434865e+02 4.36504226e+01 1.02991922e+02
  4.34431522e+01 2.31483638e+01 4.02894678e+01 3.20803185e+01
  5.40883848e+01 7.03986091e-27 2.76562177e+01 1.69375653e+02
  1.35042868e+03 5.26445880e+02 7.22975629e+01 1.68646617e+02
  2.60333079e+02 3.91216622e+02 6.20199946e+02 7.31992560e+02
  1.30516076e+01 1.74251564e+01 1.23455538e+01 7.93674114e+00
  3.42405312e+02 4.47619070e+02 1.45692328e+02]]