[[4.18023118e+00 4.79400454e+00 2.67031526e+00 2.49960463e+00
  4.28236994e+00 2.98948346e+00 1.92657191e+00 1.67677600e+00
  1.64824016e+00 1.66571901e+00 9.87382743e-01 1.19685758e+00
  6.95357206e-01 4.73028910e-01 7.64072435e-01 7.31836364e-01
  5.57491512e-01 1.47646784e-30 4.74668082e-01 1.55404324e+00
  1.66695192e+00 1.37408683e+00 1.93174079e+00 9.66453514e-01
  2.12708915e+00 2.98905508e+00 4.75982748e+00 1.10897829e+00
  2.78578766e-01 3.03019153e-01 2.77496605e-01 2.11153777e-01
  4.08622135e+00 2.17680759e+00 3.24181198e+00]
 [2.89018068e+01 6.99228361e+01 1.29971312e+01 1.86475068e+01
  7.17515676e+00 2.86197423e+01 1.44952431e+00 5.21640137e+00
  1.96123287e+00 4.75651929e+00 2.26317183e+01 2.39076923e+01
  8.56002425e-01 1.84020326e+00 7.99501832e-01 9.20561282e-01
  4.46206883e+00 5.70533382e-29 6.71036618e-01 3.46013366e+00
  1.23046922e+01 1.21410548e+01 9.17539644e-01 1.52703591e+00
  4.67919719e+01 4.19177193e+01 3.47194826e+01 2.28795058e+01
  2.14806589e+00 3.07945917e+00 3.80305547e-01 3.63972938e-01
  3.40494793e+01 4.71417022e+01 6.51119546e+00]
 [2.20796167e+01 2.11179913e+01 3.63864014e+00 5.24899067e+00
  2.87437031e+00 8.90038381e+00 1.36365329e+00 2.16199049e+00
  2.08800701e+00 1.80905449e+00 2.13911551e+00 2.78721085e+00
  5.06401999e-01 7.67591929e-01 8.98688772e-01 1.06615940e+00
  1.54244984e+00 5.64021944e-30 6.01453620e-01 1.88473509e+00
  1.28170713e+00 3.87466855e+00 8.83974208e-01 1.73456209e+00
  1.07707143e+01 1.34706170e+01 1.86846534e+01 5.77274776e+00
  4.20868446e-01 3.67935766e-01 4.24863429e-01 3.75384354e-01
  1.64560368e+01 1.05175557e+01 1.23740590e+00]
 [3.58221202e+01 4.22379472e+01 3.54769496e+00 4.13243406e+00
  5.34379988e+00 4.33461134e+00 2.02834078e+00 3.04797553e+00
  5.12938600e+00 5.32335342e+00 2.65121895e+00 7.67386649e+00
  4.19450402e-01 3.84969327e-01 8.47148629e-01 9.34539187e-01
  1.49796037e+00 1.93203546e-30 5.70745385e-01 4.92427177e+00
  1.45975882e+00 1.52362065e+00 1.85520051e+00 1.15158580e+00
  1.85233400e+01 1.86638847e+01 2.15719610e+01 1.21083103e+01
  4.73881751e-01 5.11467018e-01 2.66155218e-01 2.25946297e-01
  2.71422113e+01 2.43440651e+01 5.10024318e+00]
 [7.17409757e+01 8.48956466e+01 9.41590137e+00 6.45465862e+00
  4.89672038e+01 2.25034695e+01 3.88648627e+00 3.02754099e+00
  6.50443227e+00 3.86373322e+00 4.38473418e+00 3.99198703e+00
  3.16042957e+00 7.78313807e-01 2.13487422e+00 1.54114295e+00
  3.74497361e+00 2.25855241e-29 1.02122485e+00 5.25635379e+00
  6.01954193e+00 1.95802272e+00 1.19096171e+01 4.07132301e+00
  1.78652303e+01 1.75818726e+01 6.57323809e+01 1.33610918e+01
  1.08884692e+00 9.12078046e-01 7.81634471e-01 4.65349529e-01
  5.42582487e+01 7.61428256e+01 3.12634337e+00]
 [3.64483811e+00 3.35469922e+00 2.64457441e+00 2.61720712e+00
  1.26005257e+00 1.48757641e+00 1.01946761e+00 1.07588290e+00
  1.89847230e+00 1.74392212e+00 1.35083700e+00 8.43115133e-01
  5.18324782e-01 4.72208011e-01 6.39605654e-01 5.78868371e-01
  5.36119944e-01 1.08998057e-29 3.91166883e-01 1.73235388e+00
  2.80925019e+00 2.69417907e+00 6.91186872e-01 6.42654362e-01
  3.87720228e+00 2.07944383e+00 3.38024978e+00 1.15806515e+00
  3.74419293e-01 2.77456152e-01 2.88017261e-01 2.25404229e-01
  5.25707006e+00 3.00620780e+00 3.54742939e+00]
 [2.08387725e+01 2.12793866e+01 1.96896247e+01 2.09561509e+01
  3.01744345e+01 2.25635661e+01 2.01399993e+01 1.95043544e+01
  2.13249591e+01 2.04381812e+01 1.83665340e+01 1.87040164e+01
  1.87423820e+01 1.83815744e+01 1.90046406e+01 1.88983319e+01
  1.81346566e+01 2.05800863e-30 1.87677064e+01 2.08436352e+01
  1.97040836e+01 1.92698185e+01 1.90945963e+01 1.87694031e+01
  1.88804452e+01 2.01334863e+01 2.09350115e+01 1.85429004e+01
  1.81992457e+01 1.81160882e+01 1.85157322e+01 1.82839559e+01
  1.14148774e+01 1.02571825e+01 1.73828347e+01]
 [1.25492592e+01 2.48866961e+01 3.27102365e+00 4.27705005e+00
  2.44188977e+00 3.13574401e+00 3.68528626e+00 4.14559275e+00
  2.14958153e+01 2.01870032e+01 2.49775188e+00 4.09325411e+00
  6.50097381e-01 5.69372471e-01 1.68513653e+00 1.60756250e+00
  1.21730543e+00 9.16703838e-30 1.14862788e+00 1.86320279e+01
  1.70055305e+00 1.92812374e+00 1.38972798e+00 1.60045090e+00
  7.77868336e+00 1.31418573e+01 1.43465795e+01 6.32388161e+00
  4.56191198e-01 4.35070993e-01 4.72647246e-01 4.62562052e-01
  2.16686231e+01 1.18188030e+01 1.52659326e+01]
 [2.24942648e+01 3.29140576e+01 1.37156414e+01 5.41953397e+00
  1.23808666e+00 5.53662219e+00 1.52411401e+00 2.04063412e+00
  2.02749759e+00 4.89447376e+00 3.57359819e+00 1.77179545e+00
  3.95554342e-01 5.02606569e-01 6.74233596e-01 7.03782311e-01
  1.67240680e+00 3.16977457e-30 4.81916189e-01 3.25145337e+00
  1.77850805e+00 1.61011370e+00 7.75455668e-01 1.02009998e+00
  1.24173387e+01 7.22466830e+00 2.12469580e+01 6.63884873e+00
  5.27983621e-01 4.16716171e-01 2.90764146e-01 2.40191445e-01
  1.43059811e+01 2.87600016e+01 2.84537818e+00]
 [6.14918676e+00 3.20965672e+00 2.53810587e+00 1.28618685e+00
  3.75292544e+00 8.45214974e-01 7.44114794e+00 1.15744370e+00
  2.17683179e+00 1.80698678e+00 1.62521295e+00 7.41175323e-01
  6.04062881e-01 3.40208569e-01 1.37568057e+00 4.96447940e-01
  4.94712900e-01 2.27105393e-30 3.87716575e-01 1.81240483e+00
  1.02216162e+00 7.78057958e-01 1.45582945e+00 5.75007461e-01
  1.10399731e+01 1.59394276e+00 2.02495299e+00 1.38781629e+00
  2.52165341e-01 2.69817974e-01 2.96521427e-01 2.06200752e-01
  2.96655681e+00 3.55602675e+00 3.95882990e+00]
 [2.24177789e+00 2.61000951e+01 2.65551464e+00 6.45560589e+00
  1.91581006e+00 4.84595283e+00 2.90233500e+00 7.91031961e+00
  7.20994642e+00 5.96404539e+00 3.06619427e+00 1.00576667e+01
  6.39175419e-01 1.08927004e+00 1.25504016e+00 1.33139142e+00
  1.02782595e+00 5.40604239e-30 6.61890125e-01 5.07848107e+00
  2.26521240e+00 9.75676930e+00 1.17959657e+00 1.59158596e+00
  5.95528101e+00 3.10437917e+01 6.31824973e+00 4.20316172e+00
  4.57927686e-01 9.21715100e-01 4.35112381e-01 4.51505479e-01
  8.90833655e+00 2.30972608e+01 4.72761811e+00]
 [1.41335974e+01 1.79543395e+01 4.43157378e+00 6.09981852e+00
  8.25544499e+00 1.49146148e+01 2.67234676e+00 5.08583850e+00
  3.02887108e+00 2.77726083e+00 1.98810433e+00 2.47518336e+00
  1.75083523e+00 3.69426264e+00 1.62672587e+00 1.85784698e+00
  1.53172528e+00 6.66758591e-30 8.74618780e-01 2.51942089e+00
  3.79495972e+00 7.10349492e+00 3.23106906e+00 1.27061107e+01
  6.09885041e+00 8.02059009e+00 1.39211305e+01 3.67387418e+00
  7.62439811e-01 8.65950168e-01 6.69321408e-01 6.17836005e-01
  1.22608996e+01 1.38822299e+01 1.28548738e+01]
 [2.61238695e+00 3.07006597e+00 2.87225125e+00 3.00448040e+00
  2.78627359e+00 2.93153015e+00 3.17790315e+00 4.71447835e+00
  6.54592222e+00 7.14335513e+00 1.51959926e+00 1.69196962e+00
  1.07149528e+00 7.75868119e-01 1.98808329e+00 1.73884805e+00
  8.72583451e-01 1.36933770e-29 1.19900108e+00 6.44145091e+00
  1.77272505e+00 2.02043427e+00 1.98966812e+00 2.15702042e+00
  2.16814948e+00 1.98038515e+00 2.75321731e+00 1.40489075e+00
  5.93687873e-01 5.45686464e-01 8.08008637e-01 5.06985146e-01
  2.84456464e+00 3.62778226e+00 6.23164695e+00]
 [3.60796428e+00 2.39991608e+00 2.07780223e+00 2.08612650e+00
  1.34319463e+00 1.64417917e+00 1.32995861e+00 1.85437070e+00
  1.68295599e+00 3.93953657e+00 1.15506976e+00 1.89941760e+00
  6.05948429e-01 7.36345633e-01 1.00222949e+00 1.05373106e+00
  9.34694990e-01 3.40509657e-30 7.20175656e-01 2.21352967e+00
  1.43137171e+00 1.42666286e+00 1.01237257e+00 1.27139903e+00
  2.89063784e+00 2.16778612e+00 3.82622287e+00 1.31679560e+00
  5.77408044e-01 6.92291322e-01 3.97802702e-01 4.04422906e-01
  3.09385130e+00 1.42065476e+00 6.15344575e+00]
 [7.36307477e+00 5.58592737e+00 2.49935142e+00 1.97250702e+00
  1.25598107e+00 1.07595169e+00 1.70832620e+00 1.34259508e+00
  2.95403708e+00 2.23325974e+00 7.22719651e-01 9.49222457e-01
  4.11900477e-01 3.62251098e-01 9.28137611e-01 5.76748854e-01
  6.29832042e-01 2.60405765e-30 3.80587788e-01 2.05830103e+00
  9.53955382e-01 8.62143470e-01 8.80945614e-01 6.92231300e-01
  2.91994412e+00 3.20541235e+00 6.36932953e+00 1.97545561e+00
  3.00322726e-01 3.25232066e-01 3.40887230e-01 1.88363302e-01
  4.29747537e+00 2.62582522e+00 4.73124884e+00]
 [2.21016322e+00 5.57531584e+00 1.60763666e+00 1.69559980e+00
  8.96068041e-01 9.97448710e-01 1.08542005e+00 1.16660712e+00
  9.80566115e-01 1.57947260e+00 7.33610941e-01 1.46403096e+00
  3.29269319e-01 3.69121728e-01 5.33489937e-01 5.63095420e-01
  6.16230094e-01 9.44305608e-30 3.04885892e-01 1.24461959e+00
  1.19471349e+00 1.28696359e+00 6.04391851e-01 7.65826983e-01
  1.44318185e+00 3.04636722e+00 3.40055590e+00 1.46631525e+00
  2.79519143e-01 2.83446474e-01 2.24778515e-01 2.06009097e-01
  1.92431737e+00 4.28956748e+00 1.89830554e+00]
 [7.13340226e+00 3.82779164e+00 2.31822044e+00 1.74289069e+00
  2.78589428e+00 6.99563628e+00 4.03458945e+00 4.03180650e+00
  8.28687023e+00 9.15803123e+00 9.71705765e-01 1.02514090e+00
  1.18575628e+00 7.44330949e-01 1.25266373e+00 1.31052690e+00
  4.89913091e-01 9.85730129e-30 6.22660866e-01 9.72084884e+00
  2.05943046e+00 2.25381963e+00 1.81816551e+00 2.50801626e+00
  3.42230630e+00 3.14596082e+00 4.04888447e+00 1.10380592e+00
  3.24221602e-01 3.02795425e-01 3.62359391e-01 3.12558173e-01
  5.65236526e+00 2.43678690e+00 1.65811177e+00]
 [7.42854907e+01 9.04391691e+01 4.55236931e+00 8.15337783e+00
  2.24461824e+00 2.14896834e+00 2.89867308e+00 3.13662691e+00
  4.29887975e+00 5.47978699e+00 2.80721593e+00 5.69480070e+00
  8.12580532e-01 1.02455486e+00 1.79720249e+00 1.74830409e+00
  3.21981353e+00 7.58032357e-30 1.30969406e+00 4.99888968e+00
  1.76138364e+00 2.32613067e+00 1.82009567e+00 1.74365400e+00
  1.30869677e+01 1.98272187e+01 4.60388481e+01 1.36304385e+01
  8.31357552e-01 1.07163736e+00 8.53231342e-01 7.81965664e-01
  7.03028490e+01 4.63551053e+01 1.40898165e+00]
 [1.34505625e+01 3.95949614e+01 3.64265370e+00 2.04731153e+00
  3.09241960e+00 3.00577533e+00 1.88972341e+00 2.37697436e+00
  1.84080897e+00 4.13203094e+00 1.20052353e+00 4.25885164e+00
  3.36186540e-01 3.97277840e-01 5.79895764e-01 8.95248178e-01
  9.93015349e-01 6.18152118e-30 4.46172768e-01 2.94763392e+00
  2.09809689e+00 1.63360654e+00 6.54800006e-01 7.98730549e-01
  4.22361908e+00 1.22293987e+01 1.34599902e+01 3.90804800e+00
  3.23577675e-01 3.62798187e-01 2.51736077e-01 2.32150513e-01
  6.59639288e+00 1.08460612e+01 2.92915256e+01]
 [2.32736632e+01 4.90164159e+01 5.05052475e+00 8.04077191e+00
  6.84454801e+00 5.48313787e+00 4.15139748e+00 4.67444846e+00
  4.91726743e+00 4.61216755e+00 2.23902168e+00 3.26617416e+00
  1.25873412e+00 1.60824219e+00 1.66300570e+00 1.53269746e+00
  2.07208757e+00 2.25461119e-29 9.65048438e-01 4.51624186e+00
  5.18716494e+00 3.67335468e+00 2.37686884e+00 2.23954998e+00
  7.93826807e+00 1.46478147e+01 3.11717456e+01 8.05864421e+00
  7.27382825e-01 8.45223377e-01 6.76433438e-01 5.07968644e-01
  1.46206851e+01 1.48196896e+01 7.29981353e+00]]