[[9.82524636e+00 1.07623074e+01 7.19594195e+00 5.87540989e+00
  9.87520444e+00 8.28801609e+00 1.05935649e+01 1.23678012e+01
  1.41279074e+01 1.05253460e+01 3.06293988e+00 3.19388259e+00
  2.27784738e+00 1.89105956e+00 5.13778720e+00 4.90862697e+00
  1.74657314e+00 7.13583305e-30 2.75430221e+00 1.10849960e+01
  4.52712198e+00 3.84739447e+00 6.46618563e+00 5.23404045e+00
  5.91866259e+00 6.96937193e+00 1.01543235e+01 3.33857428e+00
  9.67923467e-01 9.31397633e-01 1.50726082e+00 1.18110773e+00
  8.19959883e+00 4.49751506e+00 1.02671342e+01]
 [4.58790765e+01 1.05444446e+02 2.17045871e+01 3.06172674e+01
  1.16103278e+01 4.10773943e+01 5.26292054e+00 1.21011834e+01
  7.04474895e+00 8.69616666e+00 3.35330565e+01 4.12583741e+01
  2.67596757e+00 3.89205221e+00 2.94306852e+00 3.02896084e+00
  7.56543253e+00 9.75177533e-29 1.96504362e+00 7.58134111e+00
  2.41745740e+01 2.29996766e+01 3.42165662e+00 3.92492047e+00
  6.86740702e+01 6.40489567e+01 5.50514704e+01 3.19310052e+01
  3.97020777e+00 5.40610671e+00 1.16936764e+00 1.06283352e+00
  3.62515989e+01 6.53521423e+01 6.79301803e+01]
 [6.39947602e+01 5.97531464e+01 1.31452633e+01 1.51549464e+01
  1.01785732e+01 1.88423792e+01 9.49644467e+00 1.20471771e+01
  1.38871337e+01 1.26713240e+01 8.14737050e+00 8.04637350e+00
  3.46342431e+00 4.50162339e+00 7.03492075e+00 7.61153224e+00
  4.74319653e+00 2.94061635e-29 4.65662111e+00 1.17427923e+01
  6.17258357e+00 1.09625928e+01 6.73985106e+00 9.01393461e+00
  2.80837221e+01 3.71982316e+01 5.36720330e+01 1.69298002e+01
  2.03004701e+00 2.48397496e+00 3.15938104e+00 2.38565490e+00
  4.95522303e+01 2.70949511e+01 3.40554654e+00]
 [7.70313145e+01 7.44913088e+01 1.34509061e+01 1.39456589e+01
  1.45078426e+01 1.60541378e+01 1.47806175e+01 2.08526622e+01
  2.47858937e+01 2.41636624e+01 8.85019041e+00 1.47189418e+01
  2.49742539e+00 2.68130288e+00 7.78369301e+00 8.84303129e+00
  4.96562839e+00 5.99580200e-30 5.02751698e+00 2.03815236e+01
  6.71638452e+00 7.97197225e+00 8.84329550e+00 9.00977957e+00
  4.16470525e+01 3.27855078e+01 4.12557991e+01 2.18739947e+01
  2.16507702e+00 2.57692541e+00 2.27764187e+00 2.00898759e+00
  5.29052264e+01 3.63298287e+01 9.11346862e+00]
 [1.28307041e+02 1.58273573e+02 2.04439792e+01 1.43579895e+01
  5.21337252e+01 2.88525077e+01 1.64706428e+01 1.93182456e+01
  2.26957935e+01 1.85765485e+01 1.03865965e+01 9.60356413e+00
  5.32737610e+00 3.35013027e+00 9.31544296e+00 1.12395213e+01
  8.49541562e+00 4.29505377e-29 5.31155085e+00 1.87366078e+01
  9.87662402e+00 6.34960650e+00 1.66484731e+01 1.02098119e+01
  3.50920493e+01 3.43612295e+01 1.13492074e+02 2.69060086e+01
  3.09646399e+00 2.55610941e+00 2.90117920e+00 2.68976211e+00
  8.93130291e+01 1.45018373e+02 6.34813591e+00]
 [7.54761336e+00 7.10334272e+00 5.95861131e+00 4.85437098e+00
  4.29294775e+00 4.29106465e+00 5.52990478e+00 7.25835944e+00
  9.38944926e+00 7.07929713e+00 3.29390730e+00 2.28001503e+00
  1.83898690e+00 1.51741789e+00 3.51969432e+00 2.99438341e+00
  1.62171213e+00 3.04945357e-29 2.04728165e+00 7.24203979e+00
  4.89726396e+00 4.01414331e+00 3.28004379e+00 3.16482866e+00
  6.80876653e+00 4.28224660e+00 6.77328543e+00 2.88009319e+00
  1.23349464e+00 9.07614361e-01 1.39106327e+00 8.94118741e-01
  7.98972768e+00 5.02157369e+00 6.18824922e+00]
 [4.09443280e+01 4.19220226e+01 3.52816694e+01 3.85975770e+01
  4.44577492e+01 3.68752149e+01 3.88437901e+01 3.66086222e+01
  4.31011784e+01 4.20238933e+01 3.07517577e+01 3.16864713e+01
  2.96569829e+01 2.93136936e+01 3.41503521e+01 3.29061549e+01
  2.94016847e+01 6.73483719e-30 3.20408635e+01 4.21155501e+01
  3.24974879e+01 3.27700734e+01 3.38461643e+01 3.23826450e+01
  3.44757039e+01 3.68082485e+01 4.03095389e+01 3.24348986e+01
  2.85217595e+01 2.82559885e+01 2.91208142e+01 2.80468089e+01
  2.21749811e+01 2.06904627e+01 3.47970875e+01]
 [2.20236153e+01 4.52875494e+01 6.53573779e+00 7.55908674e+00
  5.76353237e+00 6.50779094e+00 9.59181759e+00 1.50246135e+01
  3.12730168e+01 2.66689315e+01 4.19784221e+00 6.93951991e+00
  2.68416288e+00 1.90903104e+00 5.74219963e+00 6.25702733e+00
  2.70778449e+00 1.79983806e-29 3.60286579e+00 2.60607934e+01
  3.64143044e+00 3.87614291e+00 4.73119816e+00 5.10529480e+00
  1.33649557e+01 2.00584144e+01 2.44179445e+01 9.46268599e+00
  1.27737678e+00 1.22927895e+00 2.09664747e+00 1.75940244e+00
  3.35729233e+01 1.90817465e+01 2.68617274e+01]
 [3.62694773e+01 4.70640200e+01 2.39414031e+01 1.26834268e+01
  7.25037957e+00 1.28868733e+01 9.66667236e+00 1.00260188e+01
  1.14306531e+01 1.54595464e+01 7.73172159e+00 5.32933269e+00
  3.25408094e+00 2.39977428e+00 6.34610468e+00 5.34701700e+00
  4.17139072e+00 1.15014865e-29 4.24746751e+00 1.31451744e+01
  6.01090304e+00 5.96344829e+00 6.23988365e+00 5.40906389e+00
  2.00501557e+01 1.31431127e+01 3.10905264e+01 1.11961157e+01
  2.10660259e+00 2.05907233e+00 2.76877462e+00 1.86854187e+00
  2.18078340e+01 3.78874373e+01 5.50388987e+00]
 [1.25076748e+01 7.30058312e+00 6.27221666e+00 3.51690080e+00
  5.58374528e+00 3.29516386e+00 1.22375216e+01 5.73667216e+00
  8.66239563e+00 7.66920101e+00 3.54297072e+00 2.18259376e+00
  1.51818676e+00 1.42327188e+00 3.92166908e+00 2.97689635e+00
  1.28099579e+00 8.01060332e-30 1.93415453e+00 7.49415484e+00
  2.52308392e+00 2.41224214e+00 3.62193201e+00 2.75830377e+00
  1.75899814e+01 3.87075132e+00 4.67431005e+00 3.25212549e+00
  8.12972580e-01 8.73362208e-01 1.07100648e+00 9.40558894e-01
  6.19651167e+00 5.77837675e+00 7.94855346e+00]
 [7.43011810e+00 4.68248748e+01 9.50333100e+00 1.40124501e+01
  8.74294793e+00 1.01335344e+01 1.11271641e+01 1.51547116e+01
  1.93940688e+01 1.58200876e+01 7.68314456e+00 1.95683660e+01
  4.04852082e+00 4.76863649e+00 7.80423283e+00 6.57094939e+00
  3.82812017e+00 1.04229230e-29 4.48166607e+00 1.55189488e+01
  7.52642314e+00 1.85046565e+01 7.28759502e+00 6.83201595e+00
  1.20247949e+01 5.58482411e+01 1.49950994e+01 8.91534418e+00
  2.22006467e+00 2.83382609e+00 2.88950771e+00 2.66143940e+00
  1.50333779e+01 3.98557124e+01 9.16796770e+00]
 [2.83399684e+01 3.49789023e+01 1.23540843e+01 1.38351193e+01
  1.86595471e+01 2.20965449e+01 1.52097366e+01 1.70536492e+01
  2.10625237e+01 2.06054735e+01 6.27716748e+00 6.93360062e+00
  8.19110191e+00 6.56243736e+00 1.12798606e+01 9.72232260e+00
  4.84114406e+00 2.59784029e-29 6.18960030e+00 1.78692594e+01
  9.77152480e+00 1.29771914e+01 1.14523497e+01 1.77585178e+01
  1.36605828e+01 1.57673897e+01 2.81939976e+01 9.81181784e+00
  3.38586262e+00 3.01407052e+00 4.62858113e+00 3.05330021e+00
  2.40767693e+01 2.20109191e+01 2.20899516e+01]
 [7.11292861e+00 8.08692454e+00 1.14580450e+01 1.06801751e+01
  1.07890846e+01 1.09553700e+01 1.64806319e+01 1.81260032e+01
  2.10691638e+01 1.92645247e+01 5.92416477e+00 5.63089358e+00
  4.60580457e+00 3.07304626e+00 9.60884380e+00 7.05142341e+00
  3.45788621e+00 4.83301229e-29 4.86218346e+00 1.77281174e+01
  7.16328072e+00 7.25298981e+00 9.32919301e+00 8.38465342e+00
  7.00918973e+00 6.05254548e+00 7.04478856e+00 4.59167102e+00
  2.38095092e+00 2.01182995e+00 3.58033936e+00 2.04126812e+00
  8.86243499e+00 1.13763671e+01 1.69097855e+01]
 [1.21047343e+01 1.00514921e+01 1.05811599e+01 9.92651384e+00
  1.13181803e+01 1.09935860e+01 1.65409887e+01 2.12080591e+01
  1.67376918e+01 2.74356694e+01 6.27600981e+00 6.83093539e+00
  4.46019712e+00 3.93563494e+00 9.63191698e+00 9.97915685e+00
  3.89648731e+00 2.44682015e-29 5.11055226e+00 1.66549205e+01
  7.56848287e+00 7.33008549e+00 9.56926410e+00 9.31625044e+00
  8.90551123e+00 8.16505947e+00 1.17047014e+01 5.44352420e+00
  2.66981130e+00 2.61376976e+00 3.05789338e+00 2.93211720e+00
  9.03857490e+00 4.57001915e+00 1.49848286e+01]
 [2.02862539e+01 1.73699087e+01 8.40701491e+00 7.93783572e+00
  7.58140662e+00 6.84627454e+00 1.46678723e+01 1.43912529e+01
  1.96559320e+01 1.89253107e+01 3.62241472e+00 4.55574185e+00
  3.36545672e+00 2.52261939e+00 8.23532759e+00 6.64370258e+00
  3.30818222e+00 1.68478339e-29 3.68942876e+00 1.66950164e+01
  4.66489779e+00 4.88516138e+00 7.46656403e+00 6.02831350e+00
  9.30567990e+00 1.08785512e+01 1.82452639e+01 7.16883467e+00
  1.83455385e+00 1.96298628e+00 3.07148119e+00 1.69918552e+00
  1.29669233e+01 7.10655413e+00 1.65344908e+01]
 [6.13747843e+00 1.45505971e+01 4.00672386e+00 4.62854289e+00
  3.85000277e+00 3.82893706e+00 5.67436447e+00 7.46949002e+00
  9.60054854e+00 9.46981143e+00 2.23565329e+00 3.03599213e+00
  1.20725672e+00 1.18781462e+00 3.18177858e+00 3.09718278e+00
  1.59969253e+00 5.70664563e-29 1.51255640e+00 8.20621048e+00
  2.90847434e+00 2.97830132e+00 3.22653191e+00 3.41883104e+00
  4.15596182e+00 7.82566960e+00 8.93941236e+00 3.89608021e+00
  8.14228179e-01 7.57937767e-01 9.62978065e-01 8.31671793e-01
  5.02386999e+00 1.07942305e+01 5.10323585e+00]
 [1.39926147e+01 8.16631512e+00 5.32755313e+00 3.74941141e+00
  5.89650493e+00 2.16548224e+01 9.40044418e+00 9.35670379e+00
  1.54754363e+01 1.74517111e+01 2.12229028e+00 2.15922849e+00
  2.11841345e+00 1.85214418e+00 3.90829710e+00 3.54334790e+00
  1.22537389e+00 1.92529869e-29 1.88156032e+00 1.74403961e+01
  3.64466577e+00 4.45330647e+00 4.76022643e+00 6.23454471e+00
  7.59677900e+00 5.70646524e+00 8.63337073e+00 2.41654150e+00
  8.38613658e-01 7.44748359e-01 1.12997290e+00 9.38442873e-01
  1.24728174e+01 4.63839678e+00 3.08040341e+00]
 [3.00283239e+02 3.62796466e+02 1.95328750e+01 3.32373085e+01
  9.74671875e+00 9.71124371e+00 1.59925970e+01 1.75999821e+01
  2.39180976e+01 2.59740000e+01 1.30069843e+01 2.32083382e+01
  4.25939537e+00 4.95115518e+00 1.22973007e+01 1.03905401e+01
  1.44610231e+01 2.67578327e-29 8.04151764e+00 2.21977648e+01
  7.50510370e+00 9.73609634e+00 1.05548681e+01 9.36604213e+00
  5.53974972e+01 8.14089977e+01 1.90557725e+02 5.63890783e+01
  4.31963955e+00 4.78176128e+00 5.64506005e+00 4.25336438e+00
  2.52996709e+02 1.67755803e+02 4.81180201e+00]
 [2.88111161e+01 7.13151883e+01 1.11264612e+01 8.87687676e+00
  9.53629549e+00 8.50009598e+00 1.07383646e+01 9.61616684e+00
  1.13231110e+01 1.31217307e+01 4.93638380e+00 1.04586278e+01
  2.91497653e+00 2.31923091e+00 6.07545332e+00 4.89289011e+00
  3.73382730e+00 2.74423116e-29 3.88201046e+00 1.11006102e+01
  6.55291223e+00 6.29915280e+00 6.28560677e+00 4.60464837e+00
  1.09913432e+01 2.48976316e+01 2.84953701e+01 1.01391946e+01
  1.66021686e+00 1.80914785e+00 2.88247816e+00 1.75793737e+00
  1.20970691e+01 1.98428748e+01 6.63583153e+01]
 [5.80944776e+01 1.19098394e+02 1.09930390e+01 1.79623581e+01
  1.70578421e+01 1.46838156e+01 2.21206195e+01 2.40265948e+01
  2.55451112e+01 2.98953718e+01 5.48508901e+00 8.86782699e+00
  4.71537852e+00 5.75819820e+00 1.01873293e+01 1.05834251e+01
  5.30951251e+00 1.03838557e-28 4.96573916e+00 2.30326736e+01
  9.27498768e+00 8.35661670e+00 1.08078396e+01 1.12003561e+01
  1.95207456e+01 3.62917399e+01 7.59400459e+01 1.96411066e+01
  2.10551884e+00 2.39018201e+00 3.28214925e+00 2.44370232e+00
  2.94953981e+01 3.12353701e+01 2.43708967e+01]]