[[ 4.14678615  2.00478742  1.1539286   1.24397754  6.66643995  2.9880422
   5.39814652  3.88955809  3.91825468  3.80236297  2.87567652  3.06642267
   6.61284183  7.1722976   6.20778893  6.08851172  5.47259169  2.90517643
   6.29681773  3.66645952  1.39546279  2.62542705  7.46941989  5.35414245
   1.06817     0.86180148  3.27663611  2.28087289  5.71069365  5.72865825
   7.74146636  7.90279083  0.66515151  0.22646399  4.82467366]
 [13.1774728  18.38239067 14.29753318 12.54973415 10.93629717 28.28457867
   5.6797294   9.91927376  5.26564232  6.86897956 24.49075393 21.15077138
   9.19574944 13.30986813  5.53383009  6.23380391 12.07693054 16.40487773
   5.45304362  6.05787702 20.73811288 17.75927976  5.7146577   7.22953891
  18.7993699  16.99864047 13.7142942  12.3484832  14.81802744 17.4559894
   5.86101756  6.45861669 15.70797396 21.89049943 38.44417322]
 [15.66145131 15.33798667 12.32925501 15.42056216 19.01280434 27.32513765
  17.94348592 15.80052202 12.46135396 12.0449535  18.18753575 21.77835512
  23.7996019  24.9358029  19.95880019 17.72964723 15.87335797 16.89940881
  17.77751759 12.39430688 16.56240127 26.55272042 20.00694983 19.70134431
  15.52841956 16.33138826 15.8600292  11.95906405 20.40245177 22.03223268
  22.46810574 18.58253734 16.76721929 17.51749896 20.97610186]
 [29.01318952 19.36692225  6.08478086  4.81362321 13.09548145 14.30981561
  14.44797956 14.02149659 15.02453904 13.87330793 18.65894041 16.6581984
  14.41395034 12.71202865 17.25257421 14.32961966 14.34302515 13.05913128
  13.96610457 14.07679795  9.44897372  8.8005749  15.69270178 14.5042942
  27.49342102 15.66583945 18.23685563 19.93759566 14.86192821 14.11633751
  16.46111867 14.76566062 16.20549985  8.29776332 21.11181438]
 [ 2.89756204  2.46611122  2.38997216  5.49745256 29.19444039 19.83186028
  15.79267669 11.23353943 15.85877166 12.49050851  3.75821065  6.4100517
  13.34207382 14.56536346 16.03240898 12.45680594  4.27613945  3.71521495
  11.1503637  13.95532559  5.34738997  9.19655314 24.04174221 13.35389311
   2.84025518  4.28747555  3.19340986  3.54843822  5.57307215  8.30238409
  18.27845262 11.92121197  3.60807271  2.02137159 12.26380018]
 [10.22533574  5.08611144  2.0363328   3.53593143  4.90431972  7.64476916
   9.16827668 10.3010246   9.84765726  9.56951062  6.36361976  8.23521433
   8.45008616 11.20863415 10.07873164  9.0793636   9.53506993  4.97434987
   8.60665429  9.24957642  5.27704328  8.80083505  8.18100048 10.01979969
   4.06338285  3.90989583 11.27104043  8.80327239  8.87424891 10.45984875
  10.83599217  8.82647077  2.15054194  1.86676059 10.69306095]
 [ 7.20984478  5.76318312 18.78362044  5.96760634 22.15144588 23.5059336
  19.89403397 23.09993426 19.20850402 17.85174132 27.588558   15.72794212
  29.42756697 30.3937945  24.53211957 27.01467355 20.73964414  4.74515704
  27.86683324 18.49042614 23.7663485  18.78970271 22.4436109  27.42912397
  16.0399695   7.13602199  6.92397564 12.25878517 31.64986781 27.28552816
  30.76125199 33.29248579  2.07565528  4.62324634 12.64289263]
 [ 7.75917181 12.02620842  7.1241048   6.75992613  9.86031214 11.46277577
  12.59794925 13.12428885 22.13695427 19.82131194  7.8684584  12.06624568
  11.56306774 10.64841384 12.32874802 11.40282906  3.77507275 14.09616164
  10.34900642 20.4866809   8.88977591  8.52009431 11.1234846  11.42153028
   9.9051389  12.63628824  8.84466983  5.60132772  5.27961423  7.48689846
  12.44696651  9.1385955   4.10278266  9.20191311 14.47226724]
 [18.45784504 19.7654074  20.43023771 12.79088935  8.96847507 15.38885231
   7.6237029   6.14101119  6.17784451  8.15123461 17.18691026 12.97716492
  12.37999944 12.24450304 10.64385957  8.63084151 10.62193077  8.80850693
  10.06592739  7.50388145 11.56541468 12.22377068 10.36484367  9.16073178
  21.66838309 14.66045646 19.12717943 16.46835532 12.10347977 12.14125242
  13.29899894 10.33347454  9.02529196 14.7721082  15.52767337]
 [ 7.19574013  2.67278916  8.43023873  5.04528381 11.26192938  4.58762229
  10.88134853  4.76595058  7.64108403  5.09100647  9.88788558  0.6600421
  12.25706373  5.68989956  8.37987111  7.0195688   6.54830821  1.12712394
   6.2530338   4.11008689  3.2035089   1.05298105  9.08559846  3.02776004
  26.93637685  1.14395653  5.30983739  5.6638834   8.78544085  3.94836159
   8.38867586  7.96590452  5.55365026  5.45149755  5.95532945]
 [ 6.23127828 15.31589136  0.65174589  1.18206443  4.57817786 11.99044654
  10.71096952 15.2920556  15.8900723  14.63721897  5.45471952  7.78399194
  16.8431699  18.89144283 15.11283737 14.87673216  5.2558538   3.17457079
  17.15911525 14.91567792  8.45886988 20.97893612 11.82241139 13.78654087
   2.3049035   9.14842659  4.82243769  3.66451434 10.10616596 14.16208779
  19.02588388 14.88116312  2.43940787  7.8080662  13.3489643 ]
 [14.2385954  15.92191475 11.29357584 11.39888296 15.19357298 17.63981641
  12.53800344 14.28090194 12.28999394 12.02151493 11.57176143 12.36015643
  22.16924377 20.97508387 16.15197253 15.87648007  8.34447057 14.42850684
  15.50329839 12.46453467 13.11297864 16.00237991 13.63728251 17.24273582
  14.54079627 15.67876546 14.36470915 11.38638514 13.22280556 10.19570737
  19.67693237 15.52783959 15.56951853 16.10931236 15.60330667]
 [20.59805831 20.15239277 23.38121792 24.71458674 20.87734331 30.15777193
  24.33766314 29.81140314 25.58738432 26.05787141 28.35767736 30.88659392
  26.91322409 32.75319661 26.89726549 28.49769233 24.24303714 18.09147805
  27.38205763 26.84531711 28.85674575 31.81259472 26.41087396 30.56060976
  18.75873845 25.99239424 18.60681978 22.1098637  22.57846025 29.36127091
  29.39656917 31.48025088  2.80401552  1.15190729  9.71479343]
 [ 9.59989792  8.3586326   8.08088737  6.99932259  9.22108198  9.07317149
  11.04676082 12.98478854 10.84906928 15.0974976  10.38760474 10.13016117
  16.7595553  11.66800237 12.30279455 12.9415447   7.08677674 11.16739838
  10.62360597 12.22998449  9.50403432  8.68318793 12.17589008 11.49348206
   9.71166161  9.13204529 10.21805768  7.08646037  8.0185979  10.85915167
  12.17474992 10.71304725  8.01493743  8.62761682 13.45871668]
 [ 3.9125012   5.8569123   6.18751799  8.66766512 11.07846643 11.89473669
  10.8841757   9.59418644 10.00537614  9.2634391   8.40987416 11.2735668
  15.84159832 14.960417   11.31160802  9.27696502  8.44198717  9.48315901
   8.24896254  9.83769646  9.08456505 12.23775624 12.49892333 11.96797782
   5.3175134   6.92663823  4.7327486   5.67353102 10.52909124 13.47546307
  12.62198114 10.01984182  3.51381439  4.28084776  8.06038566]
 [ 6.45388821  6.38026551  6.41838951  6.16346172  6.62237681  7.37730887
   6.59680465  7.02191445  6.24764942  7.21059902  7.60148343  7.5937495
   9.05626278  8.43874932  7.77610614  8.37603846  6.68174378  5.92031697
   6.99234618  6.84426713  7.81060697  7.06760649  7.3503621   6.72021134
   4.11350727  7.28566771  6.1776018   6.678474    7.5059082   7.8450501
   8.3050291   8.90235955  6.66670214  6.3927687   9.41083896]
 [11.68050668 13.09518351  7.33428717  9.07330699 13.11689913 35.31603219
  13.57674685 11.42855366 12.11468882 14.84479422 11.92271535 11.38405946
  14.61719452 13.8655498   9.48705399 10.20768367  8.504034   15.76093161
   7.94099753 14.70172608 11.43345811 15.83014765 13.92076216 18.11131979
  15.12774723 15.38574896 11.70595726 10.2173205  10.46071699 12.44272148
   8.83357231  9.17072325 13.63488434 12.84009158 12.98692773]
 [ 5.49979784  6.31295819  3.0913725   5.26516313  7.99439823  6.14997122
  13.5348077  10.81052547 14.63039711 14.63974331  6.26638391  8.91719251
  11.99664132  9.38485901 16.05204342 11.66336908  7.66579227  5.33923941
  13.55791852 14.34957556  5.81074434  6.80753235 13.99603976  9.62494999
   5.3984401   7.68089641  6.00679535  6.4449528   7.99141531 12.74419515
  16.68196057 10.82451279  5.08542738  3.45490485 13.09324248]
 [ 5.24530666 10.2554207   6.69619199  9.36915579  8.90777098  9.17417471
   7.43086681  7.46475085  8.01111123  9.12041446  6.96129141 12.88003159
  11.88003939 13.43500622  9.08074671  8.27869575  5.72337891  7.82628766
   9.29534068  8.02942661  9.45989421 13.21482572  7.86428036  7.07584689
   5.54862083 12.4325423   5.14821737  6.68776771  8.07840191  9.18496569
  11.73506482 10.38718447  6.43610416  6.16479006 14.65534641]
 [ 7.7364346   7.93960286  0.29575402  1.58550285  1.06249983  1.93667296
   8.75084696  4.511259   11.39314273  9.72894413  8.74828074  6.64330526
   7.96261782 12.96834379 13.03796184 15.6986596   7.05114891  1.39867124
  10.74415405  8.87159169  0.67257373  1.50504913  9.71915414  5.40977477
   6.02050241  6.96072851  8.65971919  2.44826692  9.97490874  9.13119072
  13.18147087 13.49778753  6.76169363  5.61562741 11.49463191]]