[[ 1.76428398  0.8930204   0.42820706  0.52923151  2.89089327  1.0777854
   0.98172027  0.52733041  0.45712536  0.60175392  0.9270157   1.14909397
   2.01869855  1.79407576  0.92319908  0.90774759  1.74680541  0.60110705
   1.08517445  0.51401341  0.51382962  0.93766438  2.23145203  0.98863007
   0.38388619  0.36961323  1.53591942  0.75764033  1.64359895  1.86375089
   1.42525474  1.41282974  0.3314743   0.10960909  1.52337396]
 [ 8.30123014 12.18982067  8.56164247  7.64344022  6.75860731 19.7066383
   1.56432266  4.27585565  1.46593596  3.75710759 16.52899863 12.25608485
   2.94158417  6.29304579  1.50329741  1.89457666  7.12293647  9.59777072
   1.86214286  2.76482272 10.55555706  9.37475743  1.53242291  2.81273612
  12.80919546 11.1249937   8.64923672  8.84805195  8.01723768  9.94338617
   1.90613919  2.21178732 14.75378602 15.79068978  3.68492362]
 [ 5.4035493   5.42076004  3.41276711  5.34098801  5.36910619 12.90729853
   2.57661624  2.83556703  1.87363318  1.71962907  4.7751897   7.54387896
   3.47984102  4.25191523  2.5496733   2.48341982  5.16188992  3.24137402
   2.29616112  1.98930411  3.43910253  9.38491397  2.62403835  3.79115297
   5.95548446  5.91409502  5.5212954   4.07781897  4.22982725  3.26349764
   3.02143879  2.92397436  5.56830592  6.79983774  7.62167011]
 [13.49209693 10.98140244  1.60486931  1.4263923   4.8235726   3.86364498
   1.98269295  2.04948309  3.1092952   3.05634635  5.58959006  8.68491717
   2.42086802  1.82513551  1.87770697  1.51436659  4.32680046  4.20806169
   1.58549235  3.40102046  2.05366781  1.68198499  3.29211078  1.85386769
  12.22823599  8.91813003  9.53574398 11.03642016  3.2529081   2.80180444
   1.92357398  1.66066051  8.31398203  5.56020487 11.81497316]
 [ 1.62012876  1.32278625  1.10075157  2.47138916 27.42121546 15.46782926
   3.72651037  1.76051189  4.54499668  2.59789878  1.58654038  2.66451527
   7.91509438  3.38387542  3.67424038  1.70805483  1.88502012  1.95364439
   2.14382368  3.91501648  3.2590932   2.83593322 17.19845073  5.3250748
   1.44596323  2.19380534  1.84956029  1.76209744  1.95972648  2.96247971
   4.92457297  2.06246134  2.19192774  1.06133409  6.03970219]
 [ 4.93794417  2.4020204   0.90377327  1.90637777  1.43950056  2.6501997
   1.69022098  1.52688722  1.99111833  2.35736415  2.60973131  3.04525791
   2.38168584  3.48803508  1.83152659  1.75520489  3.15218779  1.77800533
   1.64444308  2.21257271  3.02710553  5.90687073  1.72394044  2.03463399
   2.31386363  1.89863161  5.62488209  3.53973373  2.69372067  3.1975578
   2.24357357  2.22512262  1.41501063  1.11755211  6.12982402]
 [ 3.6694781   2.92535985 10.48256626  3.24004948 15.0346647  14.38303988
  10.31479755 12.30719095  9.50369752  8.68213523 16.4773082   9.28395227
  18.59739752 19.0588672  13.65210272 15.51479554 12.79199909  1.45000894
  16.32279804  9.15119706 14.41016357 11.04892738 12.66175056 15.89827775
   8.78420831  3.90328274  3.59601011  7.00829791 20.19523803 17.49388574
  19.558763   21.70365773  1.06847218  2.2919488   6.3157387 ]
 [ 4.4212477   6.60871692  3.56549116  3.82487242  4.17761085  5.52327676
   4.8402765   3.62125499 15.21605298 15.00370903  4.68179977  7.11723726
   2.80054542  3.17591154  3.61806016  2.92962767  1.69711311  7.17953783
   3.29936168 14.64684539  4.15153765  4.23818123  3.26737907  3.58051771
   5.76499773  8.27903413  5.1966192   3.74334871  1.88551536  2.64979103
   2.8059197   2.40261545  2.6480164   5.69945722  8.22481192]
 [11.44752241 13.82286846 11.70415166  5.46545192  1.53147145  6.61155419
   1.2020054   1.2499036   1.09578733  2.58067106  7.94378208  4.31440165
   1.50486808  2.56447772  1.13084295  1.13600417  4.25857717  2.42759763
   1.14207663  1.85608193  3.42197885  3.30038253  1.28808119  1.72763024
  13.41952926  8.05874051 13.07132508  9.76507595  3.03352855  2.45715323
   1.39660052  1.328315    5.9206089  11.21337007  8.02743225]
 [ 3.53766393  1.17507541  3.41136787  1.84514095  7.56932474  1.1767327
   6.6165133   0.96158876  1.92017951  1.19952279  4.53571902  0.22414016
   4.87689487  1.36007225  2.9395713   1.17063212  2.5289174   0.31954637
   1.25347009  0.99399352  1.29781805  0.33963435  3.65194095  0.63117943
  16.90603693  0.47107166  2.30026913  2.41701302  2.72504109  1.2198134
   2.32250896  1.7463824   2.65878931  3.35486452  2.96609143]
 [ 1.88006996  8.53704839  0.18211728  0.544583    1.0031993   5.73394596
   2.79377761  7.98200918  5.90729935  5.51811347  2.17687297  4.00078352
   2.65917866  4.31525503  2.4303757   3.01429099  1.41116336  1.64655004
   2.53420241  4.88106437  2.54584902 11.0613585   1.91361839  3.21171161
   1.14150372  5.0852425   2.0319549   1.72764462  2.08457585  4.60628484
   2.86498548  2.52454619  1.44552119  4.52494589  6.88361995]
 [ 7.10101622  8.17256816  4.05115535  5.02569698  6.72201236 11.90643461
   2.20292394  4.25893367  1.76734791  1.62029194  3.66500799  4.41237608
   4.7386412  11.80772698  2.32935782  3.03385022  2.6401686   3.70320336
   2.19068684  1.75739847  5.09267763  8.75943193  3.84750754 12.3370719
   6.4918271   7.9755085   7.09275048  4.26344507  2.97755536  2.9292528
   2.84540591  3.14206194  7.92865113 10.16010175  9.08008046]
 [ 7.5651116   7.65051967  5.86109866  6.95255372  5.39155938  8.06987051
   4.69294728  7.75378959  7.94967607  9.66235258  7.27398834  9.28079667
   6.26109772  8.26937147  5.56508203  7.02739773  6.11763133  5.1258597
   6.75234015  9.75415429  7.14129155  8.86189808  5.6327352   7.86196589
   5.80263204  8.50467818  7.27184613  6.76484507  5.62991783  7.96391767
   6.63419843  7.81867871  0.90000134  0.36732894  3.580126  ]
 [ 2.86136714  1.99572527  1.58682847  1.47095673  1.09431971  1.35696574
   0.88820172  1.13535196  1.09086166  2.16787653  1.91178926  2.81680404
   2.27690076  2.18304866  1.28014222  1.36653906  1.69998621  1.55410155
   1.49707155  1.62543157  1.79742838  1.69001872  1.28813846  1.56852825
   3.15230601  2.42451645  3.34024463  1.71422401  1.73420606  2.87618924
   1.5838186   1.47763592  2.74346619  2.6820161   5.52675545]
 [ 1.42007682  1.88350366  1.83950927  2.15386548  1.83532487  1.86936151
   1.2676496   0.89506505  1.50368104  1.09312158  1.67788114  2.34893089
   1.93886371  2.1483334   1.27484046  0.80534595  1.60723735  1.46574883
   0.85093238  1.21287337  1.85776197  2.15974475  1.47469059  1.37428301
   1.66853386  2.04096404  1.65217865  1.56340733  1.72364816  2.2326456
   1.40084601  1.1107501   1.16454231  1.58174522  2.30643271]
 [ 2.32410533  2.44471035  2.5752806   2.25789513  1.54132362  1.92180939
   1.2618689   1.09670344  0.63811284  1.2026579   2.49436326  3.661895
   2.47002102  2.62240055  1.30382246  1.52283841  2.57392687  0.97966281
   1.40944675  1.03805636  3.20836165  3.05400671  1.37686503  1.50534469
   1.42843926  2.83615593  2.34996211  2.51348734  2.57672859  2.93381843
   1.9385614   2.20515722  2.55357936  2.54045091  3.50065101]
 [ 5.95469499  6.13809695  3.19142654  4.21767059  6.19728037 11.40891908
   5.82702249  4.92456724  6.48723903  7.79001487  5.45890039  5.40483095
   8.18179761  5.57222161  3.04073312  3.7753685   3.39997253  8.06941033
   2.62789789  8.19438136  6.46051335  8.01164209  5.3170264   7.28577414
   6.81496521  8.48212708  5.48986833  4.66697505  4.04428235  5.0588888
   2.83274749  3.05440489  6.17898462  6.74555636  6.99057067]
 [ 1.36056605  1.57371625  0.72048121  1.29158666  1.84106801  1.36090637
   2.45319648  1.92662612  2.62957024  3.08857608  1.35243438  2.18807713
   2.28864342  1.94203222  2.34594348  1.9624693   1.70682402  1.51257252
   2.20813113  3.23149407  1.363732    1.62644342  2.41349594  1.79185426
   1.27531414  1.87068773  1.45124497  1.55788205  1.53802728  2.85609316
   2.52142076  1.99004754  1.41314104  0.95467623  3.83393548]
 [ 2.44878834  5.69392013  2.19224317  2.16084792  2.88860235  3.24414078
   1.30767425  1.84517612  1.302374    2.87201708  1.69297901  5.24487002
   1.3701343   2.3013794   0.86674792  1.51474632  1.52213872  1.76291136
   1.06834536  2.13211794  3.02884792  3.42709986  0.81925755  1.22738907
   2.13215623  6.10670599  2.431797    2.5777311   1.57448739  1.84191077
   1.02486091  1.37171565  3.5095337   3.3696574   6.46908308]
 [ 3.09935093  3.26764169  0.13587808  0.70974349  0.42633359  0.72318021
   1.64227968  0.87767941  2.19310572  1.50095208  3.57106152  2.44684431
   2.12555974  3.62200758  2.12835026  2.27348853  2.75177767  0.30368872
   2.08803337  1.73953986  0.37614615  0.66158105  2.13744425  1.08170319
   2.44828569  2.80943989  3.55462735  1.00451122  3.44598071  3.22899922
   2.71663077  2.80576434  3.35172941  2.66434669  3.44298655]]