[[ 8.21644859  3.75696407  3.58526148  4.1721241  21.26282324 14.69406087
  54.10479247 61.91699534 67.05991719 70.65747418  6.11457735  6.5313861
  19.49573531 19.05012801 51.65792274 53.01485381 10.24886112 40.77079824
  43.09281533 70.79952687  4.28327132  9.25294698 38.31447422 42.04830774
   2.11607357  1.69437743  5.91964889  4.1926944  10.84283275 11.26006696
  36.81205258 32.07645144  1.49425984  0.79525099  6.44125933]
 [ 5.22017257  4.64642371  5.61699675  4.09007966  9.21237055  5.29077262
  13.68094095 15.43244939 22.72626786 17.16615384  3.65421945  4.18743228
  12.88671246 13.62027401 13.10384637 12.07400246  4.08244201  4.92534778
   8.28163447 17.26765407  5.8854701   5.71293298 12.44290482 11.21693134
   3.03490348  3.47728697  4.8027056   3.03276602  6.05092948  5.99411388
  12.15051924  9.91396231  3.45584957  5.49915977 14.12702786]
 [12.66713736 11.63041867  9.65550059  8.71322753 15.28750503 17.46540602
  27.73412925 38.05382483 52.8961234  52.82930105 13.3889122   9.053241
  18.7729673  32.30337196 31.31249764 40.54110632 12.27397198 21.30861307
  31.71910327 50.83342021 12.92556572 11.15174481 23.99191267 36.98625888
  11.25117119 10.63977952 12.16939555  8.83217085 12.86513965 12.04494267
  27.6496639  34.40172484 15.01280742 14.1421935  10.18157689]
 [13.47035148  9.91991296 12.03051905  9.80984678 24.54344579 28.91169941
  43.15076917 51.99132951 49.07045065 51.89478496 19.37091533 13.97739401
  23.88873294 30.77055507 38.97111863 43.78266622 20.20480818 27.46170234
  36.42070241 47.96237837 18.98084802 18.91678436 31.21968167 41.57832749
  13.64693023 10.2603581  13.5356935  15.37149321 23.84223806 22.3685989
  37.1535644  32.62404883  3.94818295  2.42121783 13.6764304 ]
 [ 4.0819518   3.55895747  2.84643222  8.10283605  8.77618087 11.27890641
  27.44305756 29.66642773 27.07494994 26.00615723  4.34422247  8.36327619
   9.57747525 19.63586487 27.79002726 28.82898834  5.86477449  4.8224971
  23.09576263 24.28995061  5.09096476 11.8527776  17.82339923 21.56717708
   3.74075103  6.04247466  4.63096092  4.90577511  6.5424555   9.74151451
  22.28670012 22.89044258  4.46393757  2.95583959  9.78304242]
 [10.0205159   5.78710996  1.9519468   3.84502235  5.9373973   9.03948135
  17.11802485 25.52431488 24.42670431 20.7484999   4.63697157  7.74649518
   7.59544112 10.88369419 18.34076728 16.22655675  9.58033404  5.81693551
  14.01006794 19.86005066  3.85203198  6.30769423 11.59075433 15.74362645
   2.59428883  3.4520838  12.09142222  8.98588623  6.81439742  9.69302585
  13.1540225  10.14826669  2.03446678  2.27841544  7.91858632]
 [ 3.95376954  3.12869129  9.48530326  3.04454022 11.68469738 12.34946751
  18.29145721 25.08903863 29.50939777 31.36792151 10.59892773  6.26949235
  11.8077014  11.82596561 16.83634473 20.7736169   7.8186745   6.9951421
  16.93754636 27.91033141 11.25634016  8.03601559 13.69703664 16.31252506
   7.19826512  3.38192995  3.70216029  5.12101837 10.89743562  9.11495001
  12.81095232 14.24999327  1.35193907  2.86963475  7.44133779]
 [ 4.79075598  4.39579276  6.18945196  5.68025396  8.91990838 13.13888512
  20.03325791 32.38099013 24.39276864 24.69578309  5.27901944  6.08806432
   9.10560105 15.28767805 18.1087042  22.40347862  3.42385606 20.7217446
  13.19069154 23.15353567  7.64686609  7.86612179 13.33850177 20.31332329
   4.77447606  5.12638242  4.65719614  3.60972876  4.99408979  6.56240937
  13.13299986 14.0382896   2.05794897  4.04351381  8.05483099]
 [16.19571061 12.90551009 17.40766014 15.50760542 30.0367029  22.49041861
  39.60535832 45.32321602 46.13658326 42.86509402 19.63754603 16.37768045
  23.85164488 20.19700863 32.40992777 37.04604566 15.60901995 33.74318207
  32.32073453 42.91449044 25.03500344 16.65228277 31.60362733 30.74820981
  15.70908397 14.2804315  15.84106311 16.99556003 18.64053158 12.7036822
  25.29129306 30.39208422  3.96348455  4.86091236 11.02845678]
 [ 5.17698814  3.91890598  6.00051025  8.45206257 11.42008055  9.56332196
  25.77659741 25.01833304 53.2249601  33.58495035  6.45662117  1.02928869
  12.73671492 10.25744902 44.27256963 44.8078292  10.48205149  4.65364357
  38.22122606 23.15515917  3.17206742  1.58192159 21.32997325 10.88352856
   8.02018445  1.76380193  9.68219156  6.65789764 10.82867721  4.99606217
  28.6354894  25.10571131  2.20279395  1.86553073  4.51975361]
 [ 8.41996499  3.89983855  1.04216718  0.98965602  9.92448985 15.10208015
  32.9559211  27.73125352 32.45233753 34.65143426  3.53628855  1.99050185
  17.71520045 17.0865261  24.06023317 30.67200691  4.04431807  1.08591779
  26.13834824 31.87294434 10.90429534  8.75020089 20.30513994 19.88523579
   1.39145443  1.71989193  3.07471767  2.07151247  8.35000742  7.58174695
  21.23354214 19.00633514  0.78832442  1.05189691  5.77847216]
 [10.22439167  9.28944574 11.22288976 10.78007635 13.46631921 11.95283852
  29.51396019 27.54109877 33.85196586 38.98605704 11.11621249 11.23473535
  12.40888764 11.94742581 21.07453873 20.51645868  8.81922116 15.83581377
  17.3619889  33.06633869 12.35722486 11.70993214 16.679207   12.13027487
  10.95538525 10.39977174  9.90085424 10.08778118 11.89373817  8.55736945
  16.51919388 13.94805214 13.66958611 11.91582566  5.28085188]
 [14.68794685 13.44972539 13.69929545 13.04043504 19.97464745 18.79148257
  41.62022988 34.21253903 43.51110805 38.17074346 13.62644823 15.41342113
  20.17377521 18.74276743 38.58859719 33.25969842 14.77551828 16.49933259
  27.58062288 33.33514075 17.60314986 15.77257677 29.9378323  25.09876752
  11.47801173 15.24784028 14.06955515 15.01461766 12.05162633 15.72397012
  27.52299774 24.10280542  2.44815156  1.03610644  6.36412517]
 [26.52431299 26.5389042  29.95587664 25.85040747 31.76136638 29.53978941
  45.32808748 42.38319374 46.59333056 47.14947368 34.11504796 30.02215536
  32.48347272 31.72643656 42.54432193 47.83625846 29.23993659 37.98178754
  42.091624   45.71050412 32.31120019 28.41959388 37.14018046 34.913542
  30.30538895 29.76383031 28.34878399 29.78687527 26.12652945 28.03312535
  38.05384495 50.14128161 10.53069507 11.6863047   9.31092558]
 [ 5.64535162  8.81446088 13.70264642 17.56762991 30.37266414 27.2964773
  48.41600981 49.66490092 56.25370123 56.00913457 18.51655718 19.14479162
  28.33489108 30.91737416 47.64625301 52.83640239 18.04705467 37.39529579
  47.16068061 53.71415426 22.32786123 21.69715976 39.16911556 40.01990745
   9.11632144 11.51200996  7.1223564  10.23319226 22.61104452 22.04202321
  41.28312136 46.63044389  3.60344146  4.32932541  9.58996396]
 [10.05426183  8.55135272 10.64782627 10.86848889 16.20601459 22.53921563
  39.60044954 50.2904992  58.72147642 52.19035263  8.64169603  9.59643515
  15.35298272 17.22527734 31.79715369 34.24409644  7.59718288 45.18089776
  18.50115463 50.50781084 10.14683208 11.62988783 24.63379537 26.28694224
   5.44644111  8.82192062  8.80119341  8.20626428  8.03208483  8.09893675
  17.39915302 18.44841396  5.80920451  6.10057398  9.20006498]
 [ 7.44456965  7.951837    8.74997265 11.63106643 14.54196651 11.477848
  32.66824341 45.82206186 49.5930073  44.90968866 12.22059757  9.87856369
  13.53195108 14.73557414 36.35464453 40.87850644  9.79552858 37.20128233
  30.30745784 44.12525664 12.45267501 11.04473762 21.52801883 24.08837594
   8.52923312  8.59243722  7.77358228  9.41598093 11.87947242 12.91758952
  21.20554728 27.39750468  6.04517459  6.69305292  6.87031833]
 [ 8.61778111 10.03266043  4.03151441  7.66783491  9.89921671  9.37553966
  19.74655659 29.96685684 24.41172771 26.37934872  7.89694597 11.56148223
  23.39536156 35.15910055 28.20983834 35.95197474 10.19870074  6.31598748
  25.81651249 20.19026356  6.88637302  8.73419629 21.75202069 26.71587261
   8.13086242 11.45413721  9.6020939   9.57038869  9.88745552 14.79476575
  31.51507459 38.42772168  7.68934359  5.24485743 12.18860652]
 [ 3.29167273  3.02186804  7.09917889  9.4056294  20.74020143 15.18226681
  24.97275154 22.81094701 24.81353969 24.23981798  7.15173128  6.04019192
  21.80513832 21.20511826 26.43300203 27.01814094  5.72405532 19.40792106
  30.96983008 23.67761433 13.59938317 12.78135337 25.2716261  18.61511006
   4.460131    5.27258953  2.90902336  4.60468796  8.84815871  9.49817447
  27.91863903 27.74995413  2.63237082  2.12359159 10.86519649]
 [ 7.83835854  7.42805967  0.31390161  1.68248466  0.94958903  1.63289493
  14.57406308  7.26374308 28.4987419  23.1458528   6.07327532  5.13023591
  11.1326642  22.85120823 24.58149402 24.84008873  5.16314607  2.22310872
  15.87930604 18.55203825  0.55813194  1.39313031 16.39556006  7.68901856
   5.14354866  6.88886997  8.07708888  2.13803644  7.27541075  7.36971786
  23.53229852 27.1669727   5.49987827  4.79218788  7.07194919]]