[[2.26627207e+01 2.60511827e+01 2.24717027e+01 2.30845411e+01
  3.50386241e+01 5.32035521e+01 1.21580325e+02 2.44058975e+02
  2.36987607e+02 2.04615410e+02 7.54169674e+00 8.36923696e+00
  7.55573572e+00 5.96466179e+00 4.69158847e+01 5.18212187e+01
  3.57460514e+00 9.87976807e-29 1.97396489e+01 2.08827626e+02
  1.47054069e+01 1.74562238e+01 3.74190509e+01 5.27628705e+01
  1.33243160e+01 1.65059232e+01 2.17852720e+01 7.45715700e+00
  2.04793202e+00 2.03793642e+00 7.45282520e+00 5.38436978e+00
  1.76800210e+01 1.08056033e+01 1.84227200e+01]
 [1.75208421e+01 2.51783293e+01 9.61926868e+00 1.00159299e+01
  9.66027174e+00 7.66189269e+00 1.59491867e+01 2.38959300e+01
  4.30013744e+01 2.74196354e+01 6.75330550e+00 7.30032231e+00
  3.72947749e+00 3.28048822e+00 7.54692629e+00 7.29596588e+00
  3.51041591e+00 3.24660152e-29 3.29936833e+00 2.89963108e+01
  7.65663302e+00 6.56426623e+00 7.21776936e+00 6.58613223e+00
  1.36384509e+01 1.30080574e+01 1.85322073e+01 8.55684342e+00
  1.61807401e+00 1.76031030e+00 2.17119972e+00 1.66090619e+00
  9.05232778e+00 1.47699688e+01 2.92506724e+01]
 [5.17278197e+01 4.61771436e+01 9.49852442e+00 9.35947290e+00
  7.37410759e+00 1.23464484e+01 1.41381901e+01 2.68476001e+01
  6.19807980e+01 5.57805698e+01 5.68234139e+00 3.76074020e+00
  2.46552609e+00 5.57982658e+00 1.03726949e+01 1.57752129e+01
  3.71421736e+00 3.52131915e-29 7.74107301e+00 4.96067066e+01
  4.35708417e+00 4.76245635e+00 7.38054025e+00 1.52315037e+01
  1.98669230e+01 2.46123380e+01 4.13070581e+01 1.21556710e+01
  1.34319377e+00 1.42493787e+00 3.55896415e+00 4.34806857e+00
  4.75315709e+01 2.28776706e+01 1.77868113e+00]
 [3.29246712e+01 3.61438861e+01 2.28170005e+01 2.42380974e+01
  2.29944823e+01 2.89425165e+01 4.85174496e+01 8.62947656e+01
  9.18837752e+01 1.03641311e+02 9.03709156e+00 1.21315306e+01
  3.93804559e+00 6.15084089e+00 2.03902539e+01 3.28970635e+01
  6.86277883e+00 1.08970922e-29 1.50329394e+01 7.77696705e+01
  1.21253741e+01 1.54373567e+01 1.78350225e+01 2.73179359e+01
  1.93322535e+01 2.02430634e+01 2.80028124e+01 1.66029621e+01
  3.53573675e+00 3.85241778e+00 5.12162727e+00 5.10848428e+00
  1.66520979e+01 1.23549584e+01 6.04427452e+00]
 [2.03526130e+02 2.66798151e+02 2.61200492e+01 1.97046105e+01
  1.34235317e+01 1.57627703e+01 2.55455162e+01 5.54830609e+01
  3.66399466e+01 3.54225140e+01 1.26725423e+01 1.21708564e+01
  3.93164757e+00 5.66460482e+00 1.50578986e+01 2.56113932e+01
  1.27515542e+01 6.17711200e-29 8.96145626e+00 2.99967377e+01
  9.45035923e+00 7.70448747e+00 1.17168565e+01 1.90902003e+01
  5.23571492e+01 5.28195205e+01 1.84731757e+02 4.18252513e+01
  3.73900292e+00 2.84047520e+00 3.39400326e+00 5.19783571e+00
  1.34753036e+02 2.39359725e+02 4.87595554e+00]
 [8.28846380e+00 8.36024845e+00 4.24471132e+00 3.93619470e+00
  4.05206501e+00 4.20217198e+00 9.53841418e+00 2.14580265e+01
  2.55122795e+01 1.80068342e+01 2.18150988e+00 2.07601328e+00
  1.39279834e+00 1.15346917e+00 5.87712053e+00 5.67604562e+00
  1.66978158e+00 2.96264127e-29 3.07075056e+00 1.71366724e+01
  2.94020696e+00 2.27981335e+00 3.82767766e+00 4.85226685e+00
  4.37901366e+00 3.73179153e+00 8.11906999e+00 3.10916005e+00
  1.02329780e+00 7.79469342e-01 1.47375971e+00 9.54741750e-01
  7.44865190e+00 4.38826883e+00 5.39725199e+00]
 [1.60664106e+01 1.71930858e+01 9.86788142e+00 1.28798071e+01
  1.38985079e+01 1.17611796e+01 3.15332875e+01 3.51920398e+01
  7.08409883e+01 8.04206590e+01 4.06054544e+00 5.07471528e+00
  3.62113936e+00 3.26290737e+00 1.65511406e+01 2.03293623e+01
  3.48800764e+00 1.25742796e-29 1.41462330e+01 6.86575476e+01
  6.73332211e+00 6.18099544e+00 1.27349552e+01 1.18385148e+01
  8.17023513e+00 1.09002396e+01 1.54845707e+01 6.49361773e+00
  2.07479940e+00 1.79600329e+00 4.31040654e+00 4.20469377e+00
  1.62437791e+01 1.43617690e+01 1.43957622e+01]
 [1.31310267e+01 1.55122234e+01 5.51822260e+00 6.02059536e+00
  5.24468719e+00 7.08022828e+00 1.33299316e+01 3.58785358e+01
  3.02665855e+01 2.85958089e+01 2.67947900e+00 3.23333679e+00
  2.10563793e+00 2.98060429e+00 7.53792421e+00 1.34047310e+01
  2.39062954e+00 2.37254368e-29 4.55440729e+00 2.53371808e+01
  3.23195036e+00 3.36577242e+00 5.27937618e+00 9.56546754e+00
  5.96122755e+00 7.35971592e+00 1.22538896e+01 5.44502479e+00
  1.10435022e+00 9.49802624e-01 2.00835398e+00 2.97946436e+00
  1.42753217e+01 7.45621233e+00 1.23156349e+01]
 [3.39873633e+01 3.25533616e+01 2.21528912e+01 1.59243895e+01
  2.49076997e+01 1.75189374e+01 5.14548591e+01 7.51219744e+01
  8.53375366e+01 8.13719383e+01 1.02729480e+01 7.17984532e+00
  6.23826688e+00 3.54153478e+00 1.86055507e+01 2.08194802e+01
  7.04337985e+00 4.54561043e-29 1.41125774e+01 7.48429643e+01
  1.41156526e+01 8.18417008e+00 1.88905023e+01 1.63565579e+01
  1.57760041e+01 1.39245750e+01 2.75020629e+01 1.27733103e+01
  3.90614416e+00 2.47063224e+00 4.63866715e+00 5.65997097e+00
  9.12261733e+00 1.17663748e+01 3.84243696e+00]
 [8.58421117e+00 9.78625700e+00 4.48447435e+00 6.04171524e+00
  6.46171376e+00 7.67291091e+00 3.02944445e+01 3.60494873e+01
  6.50855791e+01 5.78609151e+01 2.60696559e+00 3.91472947e+00
  2.00074286e+00 2.72211924e+00 1.95006666e+01 2.05005110e+01
  1.87398277e+00 4.04264476e-29 1.10566372e+01 4.70346921e+01
  3.40947340e+00 4.24490372e+00 9.73842011e+00 1.15612951e+01
  4.91104867e+00 5.80658892e+00 7.40716849e+00 3.66304654e+00
  9.14907937e-01 1.08078189e+00 3.27461509e+00 2.87125339e+00
  2.59962862e+00 2.50841012e+00 6.89126930e+00]
 [1.17382892e+01 1.36025809e+01 1.64676103e+01 1.38582675e+01
  2.07628739e+01 1.49986260e+01 4.67181508e+01 3.54538788e+01
  5.08445213e+01 4.23294125e+01 4.93340155e+00 6.08718361e+00
  4.89904584e+00 4.68963194e+00 1.58470088e+01 1.42225221e+01
  3.35528466e+00 3.74791937e-30 6.79069670e+00 3.76470609e+01
  9.78657491e+00 9.39793047e+00 1.48966304e+01 1.21132651e+01
  7.58163868e+00 1.24494671e+01 1.10186456e+01 6.02002624e+00
  1.85106833e+00 1.81878559e+00 3.96314968e+00 3.30485226e+00
  5.03673045e+00 5.81067243e+00 4.69068564e+00]
 [4.20563359e+01 3.94266375e+01 1.39441609e+01 1.46290889e+01
  1.65395692e+01 1.48747592e+01 3.17318347e+01 3.26214942e+01
  6.60331556e+01 7.51161989e+01 6.68114389e+00 7.18588831e+00
  3.94169701e+00 3.78318421e+00 1.33635100e+01 1.21623234e+01
  6.33096650e+00 2.68080187e-29 6.70243629e+00 5.59636115e+01
  9.64443366e+00 8.63591145e+00 1.20291478e+01 1.20406456e+01
  1.69903835e+01 1.55872673e+01 3.68656477e+01 1.23672762e+01
  3.06152871e+00 3.12890611e+00 3.24640075e+00 2.61494886e+00
  3.07752089e+01 3.48146704e+01 8.38984514e+00]
 [4.56665481e+00 4.98364230e+00 6.03790001e+00 5.11146855e+00
  1.12205040e+01 7.49844417e+00 3.80668897e+01 2.51567852e+01
  4.80227784e+01 3.61985774e+01 2.55857662e+00 2.56206019e+00
  3.41380363e+00 1.81506195e+00 1.56422905e+01 9.62505850e+00
  1.85221463e+00 5.86967124e-29 4.87355598e+00 2.96830057e+01
  4.16692908e+00 3.46943415e+00 1.21136896e+01 7.88079633e+00
  3.78500151e+00 3.26321446e+00 4.75900256e+00 2.73317130e+00
  1.19032549e+00 1.00099536e+00 3.10158434e+00 1.64394948e+00
  5.72111702e+00 5.33844555e+00 9.12313679e+00]
 [3.33061740e+01 3.06981545e+01 4.26353274e+01 3.15365967e+01
  3.87699991e+01 2.99230647e+01 6.94355207e+01 6.09606841e+01
  7.40039123e+01 8.28645846e+01 2.01373944e+01 1.87879054e+01
  8.59219235e+00 9.15172921e+00 3.46701751e+01 3.50169137e+01
  1.45962326e+01 7.32292437e-29 1.78628587e+01 6.05570116e+01
  2.78528051e+01 2.10181339e+01 2.91453022e+01 2.44777578e+01
  2.70498448e+01 2.37339715e+01 3.01877577e+01 2.06374551e+01
  8.37534966e+00 6.16830138e+00 8.80724115e+00 1.30498858e+01
  1.15923751e+01 5.83811080e+00 1.05564426e+01]
 [2.91752363e+01 2.74238634e+01 1.82359746e+01 1.90257439e+01
  1.88796522e+01 1.80112577e+01 6.27788470e+01 7.30068706e+01
  1.18259145e+02 1.14172522e+02 7.90912117e+00 1.00558914e+01
  4.72745189e+00 5.39185995e+00 3.17302882e+01 3.70740551e+01
  7.79744177e+00 6.70255588e-29 2.11258994e+01 9.67145713e+01
  1.04910533e+01 1.12316832e+01 2.06742731e+01 2.08428108e+01
  1.62863548e+01 2.11109379e+01 2.74971243e+01 1.43279162e+01
  3.87158504e+00 4.07267204e+00 9.32070575e+00 7.44855530e+00
  1.32887558e+01 7.95103763e+00 1.91849818e+01]
 [8.75814845e+00 1.70153242e+01 7.07481064e+00 7.03222232e+00
  1.05212404e+01 1.02737302e+01 3.47382983e+01 4.90759120e+01
  8.46289811e+01 6.15832171e+01 2.71662931e+00 3.43976200e+00
  2.40464534e+00 2.28298212e+00 1.32146880e+01 1.18041356e+01
  1.74037880e+00 3.99452583e-28 4.07407464e+00 5.40328981e+01
  4.19063293e+00 4.38802095e+00 1.12376178e+01 1.22060602e+01
  4.52602448e+00 8.21008470e+00 1.12677543e+01 4.42608262e+00
  8.87988267e-01 7.31349035e-01 2.23230153e+00 1.84111646e+00
  4.58177368e+00 1.09382737e+01 5.76313428e+00]
 [1.13046724e+01 6.82081182e+00 8.29269924e+00 5.96426967e+00
  7.94570738e+00 8.52405684e+00 2.45507211e+01 3.95803151e+01
  7.31862422e+01 5.71892428e+01 2.83215371e+00 2.39382547e+00
  2.24599303e+00 2.30042578e+00 1.66537322e+01 1.55057429e+01
  1.78424848e+00 5.08948232e-29 7.97542995e+00 5.95704268e+01
  5.07628658e+00 3.83565812e+00 8.18033406e+00 9.38539804e+00
  6.08569755e+00 3.80529623e+00 7.41311205e+00 2.88295120e+00
  1.11485294e+00 8.47018807e-01 3.07457330e+00 3.16180701e+00
  7.16647265e+00 3.04197567e+00 2.05761252e+00]
 [4.45512642e+02 5.32863521e+02 2.78359134e+01 4.88748232e+01
  1.38416240e+01 1.73671041e+01 3.20405119e+01 4.94114347e+01
  5.09465257e+01 4.98963632e+01 1.68990319e+01 3.11306397e+01
  8.33571796e+00 1.81022060e+01 2.55235461e+01 3.23617148e+01
  1.99209993e+01 3.45692957e-29 1.67021336e+01 3.80913722e+01
  9.29171077e+00 1.38098166e+01 1.93977954e+01 2.76646285e+01
  8.19355491e+01 1.18236889e+02 2.88352935e+02 8.16272748e+01
  5.67932133e+00 6.30185687e+00 1.17513881e+01 1.51190783e+01
  3.55123110e+02 2.25968344e+02 4.45648948e+00]
 [1.90004984e+01 2.08051185e+01 1.20517012e+01 9.33383948e+00
  2.00044961e+01 1.29798943e+01 3.49400587e+01 2.72505444e+01
  3.81478442e+01 3.52257437e+01 5.72546738e+00 5.25273482e+00
  4.94243537e+00 3.63838728e+00 1.85250108e+01 1.63427245e+01
  4.00965695e+00 6.64725087e-29 1.42898396e+01 3.37343658e+01
  9.45381671e+00 6.01657536e+00 1.85484999e+01 1.12959403e+01
  9.40263182e+00 9.90654156e+00 1.62440494e+01 7.25690415e+00
  2.01553122e+00 2.09567503e+00 7.24702547e+00 5.00459443e+00
  4.95858994e+00 6.98400241e+00 4.96721729e+01]
 [5.89292015e+01 1.17070869e+02 1.16805101e+01 2.06395857e+01
  1.56617878e+01 1.30147140e+01 3.75688366e+01 4.41233186e+01
  5.54457399e+01 6.99982667e+01 3.95960312e+00 8.86160654e+00
  6.35882419e+00 1.14072505e+01 1.89427120e+01 1.86176310e+01
  4.25867993e+00 1.72691304e-28 8.28105132e+00 4.47370858e+01
  7.67872269e+00 9.10556988e+00 1.77307601e+01 1.77581031e+01
  1.70097280e+01 3.73645843e+01 7.49651596e+01 1.73335142e+01
  1.58191709e+00 1.93610993e+00 5.70915528e+00 5.54375168e+00
  2.44843582e+01 2.82747968e+01 1.43384389e+01]]