[[3.58363581e+00 4.11764110e+00 2.24336959e+00 2.15350694e+00
  4.24325408e+00 3.08800997e+00 1.83117276e+00 1.58732542e+00
  1.55594191e+00 1.44566627e+00 8.14138183e-01 1.11598255e+00
  5.59145187e-01 4.53290600e-01 7.33164933e-01 7.07370735e-01
  5.64807435e-01 1.14370765e-30 4.53903551e-01 1.36778826e+00
  1.41182130e+00 1.19076872e+00 1.87781953e+00 9.51180457e-01
  1.81946376e+00 2.67772754e+00 4.15447617e+00 1.01995157e+00
  2.50687259e-01 2.88033682e-01 2.71419487e-01 1.99541416e-01
  3.77466504e+00 1.87280889e+00 2.89494099e+00]
 [2.80178530e+01 6.77074219e+01 1.33402212e+01 1.94906809e+01
  7.24929112e+00 2.76360278e+01 1.58870064e+00 6.27477644e+00
  2.10311658e+00 4.91066336e+00 2.35766831e+01 2.54955024e+01
  8.92429298e-01 1.85869377e+00 8.24783089e-01 9.57818545e-01
  4.96797295e+00 6.10927652e-29 6.82205487e-01 3.69378738e+00
  1.31786125e+01 1.26981430e+01 9.10093839e-01 1.47253133e+00
  4.52442451e+01 3.93457070e+01 3.50258596e+01 2.25540303e+01
  2.30390687e+00 2.85878896e+00 3.92245138e-01 3.76059846e-01
  3.14337407e+01 4.58881390e+01 8.72692879e+00]
 [2.32594496e+01 2.25376167e+01 3.89056787e+00 6.30718425e+00
  2.26170153e+00 7.73964834e+00 1.46422252e+00 2.25442806e+00
  2.26912036e+00 1.91758492e+00 2.14639486e+00 2.65302502e+00
  5.56760865e-01 6.82256173e-01 9.78022504e-01 1.08064692e+00
  1.69054734e+00 5.90139844e-30 6.64438142e-01 2.01766453e+00
  1.38776785e+00 4.33545881e+00 9.48817470e-01 1.65050039e+00
  1.06927286e+01 1.47557876e+01 1.99562541e+01 6.21121703e+00
  4.36140700e-01 3.96993118e-01 4.76543061e-01 3.69142612e-01
  1.70937341e+01 1.14993870e+01 1.22318571e+00]
 [3.81821760e+01 5.12330838e+01 3.80563341e+00 3.78207556e+00
  6.41192996e+00 6.32791956e+00 2.13758461e+00 2.55624720e+00
  5.10511701e+00 4.68957486e+00 2.82503048e+00 9.52229049e+00
  4.23994361e-01 4.03376251e-01 8.29717630e-01 8.55642281e-01
  1.66163169e+00 2.14002383e-30 5.10749832e-01 4.52348127e+00
  1.50952518e+00 1.54599158e+00 2.15651806e+00 1.33428332e+00
  2.23662289e+01 1.99324957e+01 2.42446299e+01 1.56580310e+01
  4.82492471e-01 5.01498539e-01 2.51262346e-01 2.22870697e-01
  2.97583170e+01 2.67881592e+01 5.79049495e+00]
 [4.99647070e+01 6.03697394e+01 7.73792283e+00 5.30277744e+00
  4.70582977e+01 1.83581983e+01 3.24953320e+00 2.75504208e+00
  5.96314683e+00 3.40046382e+00 3.75544219e+00 3.28679749e+00
  2.88828823e+00 7.99779888e-01 1.84376987e+00 1.39350414e+00
  3.00348637e+00 1.84193062e-29 8.90509057e-01 4.73900722e+00
  5.39536704e+00 1.86475327e+00 1.03359072e+01 3.31532856e+00
  1.35224638e+01 1.35112755e+01 4.37211191e+01 9.95848501e+00
  9.89711906e-01 8.02281724e-01 6.99808220e-01 4.33446274e-01
  3.72872211e+01 5.16520568e+01 3.15150530e+00]
 [3.84498467e+00 3.29884847e+00 2.63541262e+00 3.07687807e+00
  1.21377974e+00 1.73937313e+00 1.01598339e+00 1.13581022e+00
  1.67521987e+00 1.92230664e+00 1.03492055e+00 9.86499853e-01
  5.74303247e-01 4.78179866e-01 6.42206778e-01 6.55715345e-01
  5.60485193e-01 1.20680034e-29 4.51298875e-01 1.75901449e+00
  5.10351953e+00 1.54646135e+00 6.82069859e-01 6.95468863e-01
  2.84720542e+00 2.30632378e+00 3.58005490e+00 1.20473761e+00
  3.81507560e-01 2.83605011e-01 3.10032803e-01 2.51103651e-01
  5.00147998e+00 3.60287398e+00 2.79332912e+00]
 [6.46951627e+00 6.36603434e+00 2.72731490e+00 4.18899265e+00
  6.55053452e+00 4.48343044e+00 1.99621600e+00 1.57794022e+00
  3.21299710e+00 2.50640906e+00 1.26897481e+00 1.56622303e+00
  1.06677898e+00 8.88663995e-01 1.06299989e+00 9.37568550e-01
  1.09251793e+00 2.21118122e-30 7.87899644e-01 2.82584520e+00
  2.02437293e+00 1.87263642e+00 1.33898126e+00 1.05857674e+00
  2.90852741e+00 3.83642821e+00 5.91716240e+00 2.11960324e+00
  5.99972165e-01 5.94498413e-01 5.24462672e-01 4.05939801e-01
  1.40308926e+01 1.40330852e+01 4.42878829e+00]
 [1.17587442e+01 2.40871072e+01 3.07972895e+00 4.21654701e+00
  2.61063117e+00 2.87885361e+00 3.79068384e+00 4.55481197e+00
  1.77725371e+01 1.89354600e+01 2.27784214e+00 3.98634285e+00
  6.86311993e-01 5.91268057e-01 1.58075270e+00 1.51914350e+00
  1.13738522e+00 8.25823110e-30 1.03655496e+00 1.57766182e+01
  1.72907205e+00 2.06771112e+00 1.44899240e+00 1.41068069e+00
  7.38180174e+00 1.17284266e+01 1.36268071e+01 5.20499421e+00
  4.35102095e-01 4.19566612e-01 4.65954357e-01 4.40831257e-01
  1.95920112e+01 1.09989048e+01 1.47683993e+01]
 [2.14673084e+01 3.02789610e+01 1.28764709e+01 5.20091315e+00
  1.30933593e+00 5.85867597e+00 1.78716816e+00 2.27733691e+00
  2.66784766e+00 5.30015924e+00 3.17556799e+00 1.69235621e+00
  4.00836773e-01 5.49912589e-01 7.24861145e-01 8.13210036e-01
  1.51228008e+00 3.12183628e-30 5.07155070e-01 3.85553156e+00
  1.81215957e+00 1.63071278e+00 8.53630705e-01 1.13660114e+00
  1.14495906e+01 7.04498838e+00 2.01116108e+01 6.46476710e+00
  5.11174472e-01 3.96066297e-01 3.01631898e-01 2.79419221e-01
  1.52847952e+01 2.54173250e+01 2.75397540e+00]
 [1.48606191e+01 5.34747535e+00 3.88724528e+00 1.62490218e+00
  7.02330816e+00 1.27128256e+00 7.68758770e+00 1.43402971e+00
  2.43766173e+00 1.84529325e+00 4.02614545e+00 1.21367641e+00
  1.61826986e+00 5.21202395e-01 2.24262087e+00 7.50652396e-01
  1.18973502e+00 3.09486438e-30 4.98784948e-01 1.91468337e+00
  5.32309093e+00 1.20401515e+00 7.16102483e+00 9.69668979e-01
  2.10808660e+01 2.46634530e+00 2.83456245e+00 3.60436728e+00
  5.49824145e-01 3.14616037e-01 5.29205528e-01 2.66387422e-01
  4.79288947e+00 6.40903411e+00 7.44650999e+00]
 [2.16844850e+00 2.63713077e+01 2.77687115e+00 5.37291911e+00
  2.09769449e+00 4.30877685e+00 2.42906407e+00 7.45673317e+00
  5.32236114e+00 5.64067746e+00 2.48880312e+00 9.37884026e+00
  6.65103397e-01 9.95923786e-01 1.14705623e+00 1.24632416e+00
  9.53296177e-01 5.42686668e-30 6.07783176e-01 4.19345876e+00
  2.15054203e+00 8.57266571e+00 1.13731838e+00 1.49569188e+00
  5.14583267e+00 3.20836835e+01 5.67195456e+00 3.92575435e+00
  3.89002645e-01 8.59328092e-01 4.11894694e-01 4.25334179e-01
  7.23956880e+00 2.32040870e+01 3.94479237e+00]
 [1.21010516e+01 1.59386255e+01 3.68488982e+00 4.03209615e+00
  6.54291464e+00 7.20721893e+00 1.83551644e+00 3.00347564e+00
  2.42755687e+00 2.52188595e+00 1.70962349e+00 2.02613069e+00
  9.75543419e-01 8.75300860e-01 1.25708542e+00 1.25085862e+00
  1.40837952e+00 4.71463612e-30 8.48848451e-01 2.12364334e+00
  1.97705340e+00 1.81828201e+00 1.41707744e+00 1.96823712e+00
  5.12055960e+00 7.07264697e+00 1.29476416e+01 3.14283729e+00
  6.68817667e-01 7.87475259e-01 6.12642833e-01 5.07238187e-01
  8.15536049e+00 9.47367932e+00 9.65437358e+00]
 [2.58407895e+00 3.28872117e+00 2.79832516e+00 2.93018183e+00
  2.50710588e+00 2.92820784e+00 3.15033003e+00 4.44946700e+00
  6.65246729e+00 6.75579312e+00 1.37685681e+00 1.69556672e+00
  1.04098044e+00 7.76854002e-01 2.02306995e+00 1.71548213e+00
  8.56670964e-01 1.30308992e-29 1.17680227e+00 6.29590456e+00
  1.76337358e+00 1.98099489e+00 2.00116864e+00 2.10516519e+00
  2.21235882e+00 1.96214814e+00 2.79026121e+00 1.36189922e+00
  5.42817413e-01 5.99834880e-01 7.94625140e-01 5.20883940e-01
  3.60233125e+00 2.57874902e+00 6.70873222e+00]
 [3.69794988e+00 2.53567711e+00 2.05849668e+00 2.24018930e+00
  1.31405752e+00 1.60861993e+00 1.34983201e+00 1.90742366e+00
  1.81255308e+00 4.57199284e+00 1.15124568e+00 1.88209137e+00
  5.96760281e-01 7.41481850e-01 9.88646897e-01 1.09868680e+00
  8.33345573e-01 3.42315439e-30 7.21994917e-01 2.52679373e+00
  1.41049396e+00 1.44298127e+00 1.00001918e+00 1.32340234e+00
  2.79990593e+00 2.14749436e+00 3.96759618e+00 1.22429288e+00
  5.21644052e-01 6.80089467e-01 3.82756651e-01 4.19362597e-01
  3.37866503e+00 1.43164305e+00 6.37395782e+00]
 [8.04069667e+00 5.54630102e+00 2.46512892e+00 1.82962080e+00
  1.28588846e+00 1.06438434e+00 1.83412974e+00 1.34062630e+00
  3.19827484e+00 2.26215447e+00 7.29992780e-01 9.00095651e-01
  4.17281796e-01 3.71823413e-01 9.44374701e-01 5.97991195e-01
  6.36416929e-01 2.42677775e-30 4.12626042e-01 2.17205321e+00
  9.41384667e-01 8.28022505e-01 9.06082405e-01 6.84243612e-01
  3.08332847e+00 3.28966562e+00 6.38657043e+00 2.01791302e+00
  3.06873291e-01 3.29048735e-01 3.66900438e-01 1.96191284e-01
  5.37380118e+00 2.91848316e+00 5.33085262e+00]
 [2.25024707e+00 5.84393461e+00 1.82024047e+00 1.65244701e+00
  9.36069562e-01 9.76416524e-01 1.23576685e+00 1.16623010e+00
  1.00335829e+00 1.59808843e+00 8.06766401e-01 1.39672948e+00
  3.53431328e-01 3.84258446e-01 5.65586105e-01 5.70594615e-01
  6.04237962e-01 9.06372909e-30 3.12721743e-01 1.23818693e+00
  1.24913483e+00 1.30242861e+00 6.40695882e-01 7.98533325e-01
  1.43124247e+00 3.10112009e+00 3.37995354e+00 1.51693256e+00
  2.75813256e-01 2.99404056e-01 2.26502678e-01 2.10037667e-01
  1.93584513e+00 4.17482254e+00 1.99182275e+00]
 [8.73754777e+00 5.05263451e+00 2.93549406e+00 1.91209033e+00
  3.77754988e+00 7.17413323e+00 4.34312164e+00 4.29040834e+00
  7.17934470e+00 8.71797467e+00 1.41187456e+00 1.66277982e+00
  1.13555056e+00 7.58626275e-01 1.20588338e+00 1.28268074e+00
  5.55434159e-01 9.64079476e-30 6.00082295e-01 8.87744313e+00
  2.64108351e+00 2.35224632e+00 1.89633519e+00 2.38863672e+00
  6.74860792e+00 4.12907200e+00 5.65486725e+00 1.51677379e+00
  3.69898637e-01 3.13203197e-01 3.35091792e-01 3.19042520e-01
  8.00116210e+00 2.80610355e+00 2.01787327e+00]
 [8.28298580e+01 1.00283476e+02 5.20953872e+00 8.85854395e+00
  2.39584346e+00 2.41471732e+00 3.03526296e+00 3.31746267e+00
  4.35145416e+00 5.32295911e+00 3.35678349e+00 6.20658532e+00
  8.81621473e-01 1.02979055e+00 1.84412142e+00 1.82558764e+00
  3.70297507e+00 8.20055341e-30 1.30743964e+00 4.92683795e+00
  1.98506454e+00 2.53774419e+00 1.85896258e+00 1.83124136e+00
  1.48788098e+01 2.21760101e+01 5.14980256e+01 1.54002183e+01
  9.77891005e-01 1.13604715e+00 8.47882134e-01 7.79400996e-01
  7.71041530e+01 5.17962313e+01 1.49791767e+00]
 [1.76361250e+01 4.40643252e+01 4.37190329e+00 2.53580697e+00
  4.33165951e+00 3.53476317e+00 2.53736753e+00 2.90022886e+00
  2.06625216e+00 4.83503793e+00 1.56485692e+00 4.91899827e+00
  3.56367784e-01 4.12421656e-01 6.17206306e-01 1.00178504e+00
  1.02343454e+00 6.99754325e-30 4.82770965e-01 3.32577841e+00
  2.69331931e+00 2.04933358e+00 7.29429306e-01 9.26095409e-01
  5.26698511e+00 1.62451880e+01 1.57859471e+01 3.86939604e+00
  3.81904938e-01 3.83187225e-01 2.50370613e-01 2.41475044e-01
  8.39916494e+00 1.44537959e+01 3.37894013e+01]
 [2.09655845e+01 4.76287111e+01 3.20847385e+00 6.86702300e+00
  4.81083076e+00 3.77777746e+00 4.29347396e+00 4.38643894e+00
  4.18534209e+00 4.18035206e+00 1.64374198e+00 3.23364899e+00
  9.18100293e-01 1.32909665e+00 1.48887971e+00 1.51721202e+00
  2.03712606e+00 1.90730666e-29 8.90227478e-01 3.83661647e+00
  1.82570667e+00 2.05541617e+00 1.97929101e+00 2.05567164e+00
  7.23973429e+00 1.38671590e+01 3.11559684e+01 8.01336154e+00
  6.67212676e-01 7.92573049e-01 6.71248987e-01 4.91611391e-01
  1.16131931e+01 1.34263934e+01 6.48853094e+00]]