[[1.72703339e+01 2.13385954e+01 1.65576932e+01 1.44609854e+01
  1.35495981e+01 1.44486204e+01 2.48107555e+01 2.80786360e+01
  2.79048418e+01 2.05779439e+01 6.66235030e+00 6.17871371e+00
  4.22031346e+00 2.86040553e+00 1.01678380e+01 8.16536604e+00
  6.56244506e+00 1.21400488e-29 5.34815333e+00 2.20213740e+01
  1.00306551e+01 8.05595480e+00 1.12060839e+01 1.00152690e+01
  1.05428986e+01 1.49883036e+01 1.84896690e+01 1.04188968e+01
  3.23995807e+00 1.89884295e+00 3.09526720e+00 2.03492725e+00
  1.16304927e+01 1.12714955e+01 1.64648895e+01]
 [5.95444764e+01 8.13697357e+01 3.10391113e+01 3.82338574e+01
  2.52042782e+01 1.82558846e+01 1.95778485e+01 2.72266209e+01
  2.02235997e+01 2.02404521e+01 1.91250112e+01 2.19401167e+01
  5.93661901e+00 5.35098795e+00 1.13061626e+01 1.14343763e+01
  1.22397160e+01 8.81954740e-29 7.45876216e+00 1.93134737e+01
  2.15769314e+01 2.11775107e+01 1.36400956e+01 1.22435286e+01
  3.74205497e+01 4.17919718e+01 6.23795631e+01 3.00082092e+01
  4.79925886e+00 4.01306654e+00 4.56839504e+00 3.98450090e+00
  1.82047590e+01 3.02681354e+01 1.95423261e+01]
 [5.40022206e+01 5.13529045e+01 1.89077224e+01 1.67704265e+01
  9.86744446e+00 9.23247713e+00 8.61173618e+00 8.86418331e+00
  9.01734461e+00 9.26423306e+00 6.98977140e+00 6.39210785e+00
  2.29726486e+00 2.21488410e+00 4.08538797e+00 4.53422669e+00
  4.03613051e+00 2.89625978e-29 2.79377119e+00 8.45428598e+00
  7.62863510e+00 7.56049837e+00 5.53557664e+00 5.71300806e+00
  2.28673842e+01 3.17438369e+01 4.51997221e+01 1.33809459e+01
  1.23753242e+00 1.73625933e+00 1.45394299e+00 1.39250888e+00
  3.61004250e+01 1.74809340e+01 1.91482983e+00]
 [2.85664065e+01 3.46726484e+01 1.93508728e+01 1.92382196e+01
  1.43805189e+01 1.26953267e+01 1.62600877e+01 1.70850787e+01
  2.01865593e+01 1.93088271e+01 5.60799323e+00 9.34814519e+00
  2.50919900e+00 2.41148404e+00 7.76204650e+00 7.46529557e+00
  1.10381285e+01 4.99345388e-30 5.16311935e+00 1.82276105e+01
  7.79815980e+00 8.83362936e+00 9.81396093e+00 8.18613433e+00
  1.35897821e+01 1.76887962e+01 2.51332695e+01 2.04489845e+01
  2.51033922e+00 3.20120093e+00 2.53344594e+00 2.01150180e+00
  3.04939951e+01 2.02471327e+01 3.92124867e+00]
 [4.05079682e+02 5.72748247e+02 4.58674532e+01 4.39675794e+01
  1.21010916e+01 1.29745421e+01 1.57116468e+01 2.01698390e+01
  1.88161344e+01 1.79746429e+01 2.20960820e+01 2.29198945e+01
  3.26342667e+00 2.91052320e+00 7.52524165e+00 8.83353917e+00
  2.36383397e+01 1.20548318e-28 5.38603358e+00 1.73967605e+01
  1.27455039e+01 1.04387717e+01 7.59625975e+00 8.82293032e+00
  1.01020972e+02 1.11017522e+02 3.72706965e+02 8.46325106e+01
  5.45466834e+00 4.53949867e+00 2.28126837e+00 2.32795929e+00
  2.70661381e+02 5.36462394e+02 5.77255732e+00]
 [9.33455062e+00 6.56581261e+00 1.15495909e+01 8.00298748e+00
  9.58316466e+00 8.69977935e+00 1.14345146e+01 1.13628517e+01
  1.34917947e+01 1.10841962e+01 4.28766468e+00 3.52668700e+00
  3.12820946e+00 2.34348027e+00 6.28437133e+00 5.63349251e+00
  4.06646885e+00 6.75456690e-29 3.88123773e+00 1.14410630e+01
  7.46115805e+00 5.19531303e+00 7.13741168e+00 6.36323190e+00
  6.34974123e+00 4.36463291e+00 7.16155062e+00 4.63690054e+00
  2.39180620e+00 1.43087807e+00 2.38333499e+00 1.68350487e+00
  1.02581711e+01 5.07588013e+00 6.90180561e+00]
 [2.70574171e+01 3.67403219e+01 1.87272131e+01 3.20808521e+01
  1.78863192e+01 1.11230839e+01 1.67644089e+01 1.16194012e+01
  1.56969828e+01 1.45344992e+01 6.73145669e+00 1.07074030e+01
  5.43014273e+00 4.20799307e+00 9.92980338e+00 7.45261823e+00
  1.15185652e+01 1.03747289e-29 6.47130988e+00 1.46183307e+01
  1.18037766e+01 1.00611537e+01 1.25867962e+01 7.95857739e+00
  1.27865721e+01 2.49748428e+01 3.00602642e+01 1.70366001e+01
  3.90545312e+00 3.87213949e+00 3.75758610e+00 2.67995519e+00
  5.10960040e+01 2.92214215e+01 1.88377230e+01]
 [3.28835828e+01 3.58049334e+01 1.76689907e+01 1.65726761e+01
  1.38693613e+01 1.22743227e+01 1.78765003e+01 2.01455416e+01
  1.80813540e+01 1.68827264e+01 1.33498159e+01 1.11091069e+01
  4.52291194e+00 4.10865821e+00 1.06811955e+01 1.07988178e+01
  3.59031027e+01 1.98708664e-29 7.24523432e+00 1.65210875e+01
  9.47439642e+00 8.19175271e+00 1.03879724e+01 1.05774789e+01
  2.77149479e+01 1.97418714e+01 4.04449681e+01 5.30968018e+01
  8.73652477e+00 4.77005070e+00 3.79035638e+00 4.25169982e+00
  2.85440742e+01 1.88004158e+01 1.40314294e+01]
 [2.01729166e+01 2.45548472e+01 1.59400256e+01 1.61103695e+01
  1.58911729e+01 1.19837875e+01 2.30468044e+01 2.44940107e+01
  2.29814118e+01 2.08496205e+01 5.69517474e+00 5.91602564e+00
  4.73059151e+00 3.27511327e+00 1.02920453e+01 8.78985589e+00
  4.60587526e+00 2.24419867e-29 6.22811380e+00 2.07647318e+01
  9.05271858e+00 7.51204455e+00 1.19320210e+01 9.12482021e+00
  8.62539355e+00 1.20165172e+01 1.70129484e+01 7.35006938e+00
  2.38233835e+00 2.07860177e+00 3.53874884e+00 2.66612881e+00
  3.21751798e+01 4.12128348e+01 5.12692794e+00]
 [7.90531067e+00 9.00363111e+00 6.58345953e+00 7.86477687e+00
  5.27451015e+00 4.78677148e+00 6.32818123e+00 6.61884186e+00
  7.12098919e+00 7.00702116e+00 2.99055481e+00 6.06338830e+00
  1.74180683e+00 2.19861735e+00 3.53541334e+00 3.29197517e+00
  2.07092111e+00 1.23090606e-29 2.33676988e+00 6.65375992e+00
  4.18147078e+00 5.36615999e+00 4.28350554e+00 3.81460443e+00
  5.26954869e+00 7.02988531e+00 6.52393065e+00 4.59276602e+00
  1.06117147e+00 1.25549444e+00 1.39092402e+00 1.06601627e+00
  3.76921113e+00 3.67413262e+00 6.57403177e+00]
 [1.02130177e+01 1.14009648e+01 1.76924628e+01 1.32755356e+01
  1.51100087e+01 1.14618297e+01 1.34608122e+01 1.23337576e+01
  1.29629786e+01 1.18054983e+01 5.83266489e+00 6.24206060e+00
  3.66403249e+00 3.90260723e+00 6.57181112e+00 6.24587401e+00
  4.63401945e+00 3.65993055e-30 3.65073939e+00 1.12207668e+01
  9.71267284e+00 8.60515596e+00 8.16669886e+00 7.82530191e+00
  8.39552493e+00 1.09023764e+01 1.03617663e+01 7.40131601e+00
  2.21841564e+00 1.93706328e+00 2.34263748e+00 2.47607402e+00
  5.60264065e+00 5.84713247e+00 3.85174306e+00]
 [8.75533011e+01 8.65953794e+01 3.10178039e+01 3.81865059e+01
  2.22351774e+01 2.26621865e+01 2.20241127e+01 2.39041018e+01
  2.64564920e+01 2.65129496e+01 1.41369277e+01 1.56775534e+01
  6.38994054e+00 6.66333636e+00 1.38935423e+01 1.34318104e+01
  1.54278579e+01 4.08897898e-29 9.33945292e+00 2.51181748e+01
  1.65873523e+01 1.56496307e+01 1.64120699e+01 1.75926468e+01
  3.69535947e+01 3.48146812e+01 8.29562730e+01 2.83811159e+01
  6.18777026e+00 6.36785684e+00 4.95206325e+00 4.76475002e+00
  2.25604850e+01 6.31960711e+01 1.46822340e+01]
 [5.51171280e+00 4.52416760e+00 9.73189342e+00 5.35243251e+00
  8.29186644e+00 4.92930987e+00 7.88976608e+00 6.12989556e+00
  7.61980664e+00 7.47615542e+00 2.41548307e+00 2.75003232e+00
  2.15618724e+00 9.76100285e-01 4.09962019e+00 2.80508069e+00
  4.16411793e+00 2.49920959e-29 2.38791341e+00 7.52437130e+00
  4.51881851e+00 2.56331365e+00 5.27692165e+00 3.33457558e+00
  4.37468173e+00 3.31057346e+00 5.03423490e+00 4.98637529e+00
  1.36353854e+00 1.35625099e+00 1.61821406e+00 8.80579062e-01
  5.94330934e+00 6.36218663e+00 1.16277453e+01]
 [3.25072611e+01 3.15343162e+01 4.01624923e+01 4.09114316e+01
  4.37686481e+01 4.71635343e+01 4.32897332e+01 5.27877483e+01
  4.13444746e+01 4.80585274e+01 2.27589938e+01 2.22805167e+01
  7.78711072e+00 1.10313686e+01 2.29136273e+01 2.19019172e+01
  4.00821784e+01 7.75310963e-29 1.41476637e+01 4.12328980e+01
  2.31577285e+01 2.81448068e+01 2.59010303e+01 2.96341992e+01
  2.86205175e+01 2.78519275e+01 3.72841466e+01 4.61474970e+01
  1.26041935e+01 1.05609263e+01 8.15872220e+00 6.83466146e+00
  2.75743256e+01 1.16493716e+01 1.90406192e+01]
 [4.89893900e+01 3.29832539e+01 1.70572288e+01 1.41309453e+01
  9.98564020e+00 8.59157278e+00 1.35411691e+01 1.35023617e+01
  1.38973461e+01 1.42365338e+01 5.12317328e+00 5.68142431e+00
  3.17388352e+00 2.49877372e+00 7.23124464e+00 5.56782001e+00
  4.46506322e+00 1.98273578e-29 3.36185971e+00 1.22222105e+01
  7.11817092e+00 6.63473784e+00 8.31365938e+00 6.11683378e+00
  1.78785879e+01 1.94874293e+01 3.63256971e+01 1.35310567e+01
  2.03850783e+00 1.97483983e+00 2.60035938e+00 1.40115118e+00
  2.79843715e+01 1.38186688e+01 1.82011574e+01]
 [2.02441770e+01 4.37826180e+01 1.59326706e+01 1.80671582e+01
  1.25799879e+01 1.11637270e+01 1.22417413e+01 1.24993912e+01
  1.32403253e+01 1.30023533e+01 6.02571715e+00 9.47065666e+00
  2.73253439e+00 3.49247386e+00 5.78296990e+00 5.41434627e+00
  5.98014621e+00 1.20955775e-28 3.54521172e+00 1.23926281e+01
  7.81323085e+00 9.67070388e+00 8.02182541e+00 8.72946574e+00
  1.16664241e+01 2.25120682e+01 2.79567317e+01 1.35906033e+01
  2.20914727e+00 2.13494098e+00 2.06528635e+00 1.87719509e+00
  1.01814270e+01 2.45803573e+01 7.16556388e+00]
 [3.09452537e+01 1.48164246e+01 2.25034489e+01 1.37099510e+01
  1.26312880e+01 1.17544170e+01 1.23767330e+01 1.23198292e+01
  1.36446173e+01 1.18975533e+01 5.60050153e+00 3.83600517e+00
  3.20858313e+00 2.90529762e+00 7.11125611e+00 5.04725863e+00
  4.19582984e+00 1.82743521e-29 3.25246346e+00 1.21762149e+01
  1.10492849e+01 7.82826155e+00 7.50527803e+00 6.65084742e+00
  1.53137584e+01 7.09258900e+00 1.80397600e+01 6.72651186e+00
  2.22717190e+00 1.22869704e+00 2.13100529e+00 1.62472821e+00
  1.91564539e+01 9.60474252e+00 3.61334360e+00]
 [5.79638881e+02 5.96437390e+02 5.43741073e+01 4.76781637e+01
  2.50317397e+01 2.16133604e+01 2.84595180e+01 2.85309699e+01
  2.96173646e+01 2.96760256e+01 2.61961738e+01 3.03511158e+01
  5.99559134e+00 6.01768210e+00 1.48711051e+01 1.33499916e+01
  2.94851955e+01 6.54169617e-29 1.06209666e+01 2.75300475e+01
  1.80028503e+01 1.36984850e+01 1.64029571e+01 1.50712537e+01
  1.12962316e+02 1.20368614e+02 3.40447785e+02 1.05616392e+02
  8.21587768e+00 5.76060630e+00 6.01159286e+00 5.13175373e+00
  5.35012837e+02 3.87197863e+02 5.11788250e+00]
 [4.31535760e+01 5.28371147e+01 2.68384682e+01 2.26496467e+01
  3.62818107e+01 2.63147229e+01 4.56088829e+01 3.52468672e+01
  3.26162995e+01 2.91899492e+01 1.24101546e+01 1.24276057e+01
  8.72253985e+00 5.62570384e+00 2.00235677e+01 1.66259001e+01
  1.25892190e+01 9.23251116e-29 8.86209408e+00 2.85652702e+01
  1.90918181e+01 1.30566174e+01 2.97564136e+01 1.96688761e+01
  2.18752939e+01 2.48456378e+01 3.97901880e+01 2.12001379e+01
  4.39184042e+00 4.37270371e+00 6.30566192e+00 4.41658278e+00
  1.32629964e+01 2.03022910e+01 5.40490861e+01]
 [7.34446795e+01 1.84603094e+02 1.83851985e+01 3.50320371e+01
  1.19287815e+01 1.10360307e+01 1.29705293e+01 1.36379160e+01
  1.33859750e+01 1.37801239e+01 7.79313370e+00 1.38514669e+01
  3.73768885e+00 4.10461051e+00 7.33980835e+00 7.06646366e+00
  1.02195329e+01 1.08504877e-28 5.58911390e+00 1.36634010e+01
  8.73337620e+00 1.09815095e+01 8.83728251e+00 1.06028758e+01
  2.61289238e+01 6.04441207e+01 1.10172736e+02 3.08180925e+01
  3.46284424e+00 3.62615732e+00 3.28474157e+00 2.59232846e+00
  3.26827768e+01 4.68229635e+01 2.06498402e+01]]