[[5.18566467e+02 8.73650409e+02 6.12623587e+02 2.04049865e+02
  7.70956036e+01 3.18993172e+02 6.18941765e+01 8.36805562e+01
  9.05560471e+01 6.22500012e+01 1.67562870e+02 5.38631444e+01
  1.95639865e+01 8.78916535e+00 3.09139432e+01 2.70882121e+01
  3.36680636e+01 9.84907353e-29 2.04081316e+01 6.98916773e+01
  6.93173528e+02 6.36546699e+01 3.47360191e+01 2.81752469e+01
  1.23657207e+03 1.11299385e+03 4.56862007e+02 2.30466857e+02
  1.03028933e+01 8.00760024e+00 8.55592945e+00 6.90636143e+00
  1.64430819e+03 1.25371188e+03 2.01799735e+02]
 [3.49036486e+02 5.02181631e+02 9.51690748e+02 1.48114849e+03
  4.73735580e+02 1.21511397e+02 1.17927642e+02 5.56628720e+02
  1.07132964e+02 1.21439363e+02 1.19156757e+03 9.72834235e+02
  2.30304403e+01 1.87323657e+01 3.38080024e+01 4.53585595e+01
  1.93984713e+02 5.48808305e-27 3.82092510e+01 1.31941417e+02
  1.06545788e+03 7.74955462e+02 3.72827511e+01 5.86605178e+01
  1.37041370e+03 8.96911466e+02 3.60387169e+02 3.71716357e+02
  4.18513281e+01 6.57957322e+01 2.07662531e+01 1.88160489e+01
  1.07131882e+03 7.34698559e+02 8.37006413e+02]
 [3.50190488e+02 3.21403750e+02 2.33711396e+02 2.02937577e+02
  2.62964299e+01 2.31024705e+01 2.58592192e+01 8.01482626e+01
  2.85522790e+01 2.68633306e+01 3.41528899e+01 2.43628228e+01
  7.43744269e+00 5.55914383e+00 1.26556409e+01 1.13112261e+01
  2.11708266e+01 1.63278683e-28 8.82852005e+00 2.48424410e+01
  2.42170079e+01 1.65833364e+01 1.61206929e+01 1.26817212e+01
  2.37582040e+02 2.16010276e+02 2.83851020e+02 3.35601940e+02
  6.39072504e+00 7.37594354e+00 5.35307117e+00 3.98894357e+00
  3.22133308e+02 2.05813618e+02 1.14501063e+01]
 [8.08886205e+01 1.00746920e+02 1.07642443e+02 1.36354538e+02
  3.48700870e+01 3.06299330e+01 2.64378159e+01 3.04273787e+01
  3.42646838e+01 3.06886604e+01 1.48316355e+01 2.87732090e+01
  6.02544811e+00 7.04438930e+00 1.22800027e+01 1.26486041e+01
  1.09778466e+01 1.14379444e-29 9.32159578e+00 2.84958902e+01
  2.64051247e+01 3.43488568e+01 1.59723901e+01 1.50608526e+01
  4.07580677e+01 6.65718144e+01 6.94445860e+01 2.79890800e+01
  4.56445295e+00 6.27757590e+00 4.03164385e+00 4.08479750e+00
  2.11733464e+02 2.68006481e+02 2.02455761e+01]
 [4.55456830e+03 5.45605292e+03 6.65028501e+02 2.37510327e+02
  3.93236283e+01 6.71484959e+01 5.07400862e+01 9.60797811e+01
  7.96127522e+01 9.21652326e+01 2.37819062e+02 1.61546755e+02
  1.79956455e+01 1.03455154e+01 2.88971840e+01 4.91704679e+01
  2.06296889e+02 1.11392164e-27 3.00121641e+01 8.86114297e+01
  1.17396914e+02 4.01260035e+01 2.14775724e+01 4.12561135e+01
  1.18869584e+03 9.45702752e+02 3.84510347e+03 8.17183357e+02
  4.63401251e+01 2.88094939e+01 7.62310912e+00 1.32877468e+01
  2.77341358e+03 6.12098564e+03 3.32010912e+01]
 [3.67289143e+01 1.10189611e+02 1.22538460e+02 4.79801897e+01
  3.85040352e+01 2.43032260e+01 3.33042870e+01 3.42994105e+01
  5.07248682e+01 4.10524523e+01 1.70619189e+01 1.47670921e+01
  9.92601679e+00 6.16297411e+00 1.89480411e+01 1.78031530e+01
  9.43682457e+00 2.93619680e-28 1.33156521e+01 4.24180432e+01
  3.30727692e+01 1.79776931e+01 2.49118922e+01 1.48711306e+01
  1.37081116e+02 8.20565290e+01 3.18721367e+01 2.11327946e+01
  7.95367125e+00 5.66647347e+00 7.64997069e+00 5.48974555e+00
  2.67768955e+02 6.45263208e+01 2.52176076e+01]
 [3.64318882e+02 4.88902460e+02 1.29754328e+02 4.67640901e+02
  6.47806211e+01 6.25244261e+01 6.93123399e+01 3.93277115e+01
  5.84254621e+01 7.86202897e+01 2.56995507e+01 9.74210752e+01
  1.88965388e+01 2.41911055e+01 3.72520549e+01 2.40100067e+01
  4.63279811e+01 1.96247542e-28 2.61068354e+01 6.47337118e+01
  6.64038111e+01 7.99160553e+01 4.79156881e+01 2.55889854e+01
  9.62589855e+01 3.19967547e+02 4.60752310e+02 1.54113252e+02
  1.47628227e+01 1.53857101e+01 1.31738095e+01 1.06216183e+01
  6.69091383e+02 9.62853781e+02 1.55471632e+02]
 [1.67068997e+02 1.95766767e+02 7.53996526e+01 7.51401959e+01
  3.18698589e+01 4.21156636e+01 2.92835197e+01 3.59521183e+01
  3.14333444e+01 3.37684915e+01 3.14031591e+01 3.49916138e+01
  1.71317174e+01 1.28003367e+01 2.02350039e+01 2.09005819e+01
  2.86152128e+01 5.39175065e-29 1.65713256e+01 3.48802220e+01
  2.50993930e+01 3.33646459e+01 1.94840446e+01 2.16065579e+01
  7.79573850e+01 1.09620618e+02 1.51454274e+02 1.01776156e+02
  1.26122514e+01 1.26545428e+01 9.22230354e+00 1.04691024e+01
  9.79910847e+02 1.78281549e+02 1.34810471e+02]
 [1.46974254e+02 1.46091142e+02 6.68598436e+01 1.12028168e+02
  6.40526492e+01 3.66416628e+01 5.84965488e+01 6.00023283e+01
  6.81713285e+01 8.55040529e+01 2.99550073e+01 2.31669776e+01
  1.60579702e+01 1.24290804e+01 2.80328512e+01 2.84954018e+01
  3.44022332e+01 7.01179012e-29 2.31582772e+01 7.82976905e+01
  3.63621059e+01 3.24252050e+01 3.46212709e+01 2.61671019e+01
  5.22246188e+01 2.24019257e+02 1.04689213e+02 4.49114982e+01
  1.35909371e+01 1.25337451e+01 1.29875039e+01 1.26354781e+01
  3.30847313e+02 5.11528243e+02 3.62408743e+01]
 [1.65378469e+02 2.08570781e+02 9.63942429e+01 7.95983822e+01
  4.64026890e+01 4.45798670e+01 5.10220270e+01 8.11953235e+01
  5.80040482e+01 1.07083396e+02 3.34412300e+01 5.96817944e+02
  8.09457970e+00 2.43370428e+01 3.52185156e+01 1.94744529e+01
  2.34747635e+01 8.60701750e-28 2.15268506e+01 1.33504621e+02
  1.33725470e+02 2.88675222e+02 3.72647981e+01 9.54950263e+01
  3.95670050e+01 3.95773333e+02 6.58794595e+01 4.91243076e+01
  7.53352734e+00 2.75261909e+01 7.57189543e+00 5.82270595e+00
  2.22999024e+02 1.20954238e+02 1.27481046e+02]
 [6.11165656e+01 1.25736012e+02 6.66301938e+02 6.51431262e+02
  1.00429579e+02 3.83737160e+01 4.54452218e+01 3.69074588e+01
  5.13385680e+01 4.41067766e+01 7.81947250e+01 1.28160591e+02
  1.13229105e+01 1.19313299e+01 2.68957086e+01 1.80218907e+01
  4.25043796e+01 1.58761366e-28 1.30727804e+01 4.77330995e+01
  5.08982681e+01 3.98537644e+01 2.81490482e+01 2.13663879e+01
  2.45510323e+02 2.75705940e+02 1.45182214e+02 1.28217504e+02
  1.44192742e+01 1.19085687e+01 6.83866944e+00 9.45701481e+00
  3.54837619e+02 2.55092135e+02 4.00838167e+01]
 [2.77493773e+02 3.11008179e+02 1.89179144e+02 3.51818550e+02
  6.59369179e+01 8.21976237e+01 4.08500091e+01 3.95402011e+01
  5.07574710e+01 5.04241033e+01 4.32071602e+01 6.82646887e+01
  1.56098507e+01 1.44376471e+01 2.40533734e+01 1.79793021e+01
  4.93518635e+01 1.74988057e-28 1.22045791e+01 4.65331644e+01
  6.29157702e+01 7.93795168e+01 3.99793785e+01 3.76822145e+01
  1.12728362e+02 1.42544271e+02 2.90176216e+02 7.83658610e+01
  1.11694896e+01 1.60604534e+01 7.28374491e+00 6.35321603e+00
  2.44016418e+02 3.00958891e+02 9.92168269e+01]
 [2.01853170e+01 2.59229573e+01 2.70749537e+01 2.08428139e+01
  1.97723286e+01 1.18048084e+01 1.11503419e+01 1.12105901e+01
  1.11634895e+01 1.11253878e+01 1.12546656e+01 7.67502089e+00
  6.57606798e+00 4.38063388e+00 7.34622623e+00 5.70379457e+00
  4.71787920e+00 1.16619505e-28 5.77021464e+00 1.06120550e+01
  9.81752285e+00 8.69619201e+00 1.01385245e+01 8.31668961e+00
  2.11238389e+01 1.12200324e+01 2.20342379e+01 8.59243396e+00
  6.29834357e+00 3.25086532e+00 3.65983384e+00 2.76918225e+00
  2.04344211e+02 5.34694102e+02 1.41315539e+02]
 [3.72850883e+01 4.32600013e+01 3.61779292e+01 4.65344622e+01
  3.60283459e+01 2.83875126e+01 1.98438471e+01 2.52846042e+01
  2.29270705e+01 2.71986283e+01 1.20064339e+01 1.58491951e+01
  4.14671547e+00 6.44696348e+00 1.23379834e+01 1.15824667e+01
  1.10172808e+01 3.52150245e-29 9.44277637e+00 2.16299416e+01
  1.74279886e+01 2.13302316e+01 1.21830363e+01 1.66004562e+01
  2.27522447e+01 2.33419292e+01 3.43765619e+01 1.63459269e+01
  6.00445035e+00 5.84202453e+00 4.65470952e+00 4.03280145e+00
  7.08931884e+01 2.70346455e+01 5.81656645e+01]
 [3.68471016e+02 1.68596369e+02 1.01925238e+02 6.28413834e+01
  2.72637099e+01 2.57589598e+01 3.27398815e+01 4.02473132e+01
  4.18588520e+01 4.56323654e+01 2.31080536e+01 2.31150565e+01
  1.55370017e+01 7.33991043e+00 1.99897358e+01 1.91056891e+01
  1.94216136e+01 6.62825477e-29 1.43471350e+01 4.03101695e+01
  2.82706187e+01 2.46177309e+01 2.07152935e+01 1.63631839e+01
  1.11755248e+02 9.78358127e+01 2.44899407e+02 6.66314600e+01
  8.45336024e+00 7.07753898e+00 7.58522378e+00 5.13520839e+00
  3.03207644e+02 1.90027688e+02 1.67460921e+02]
 [5.91849187e+01 1.59646690e+02 3.70066808e+01 4.47984952e+01
  3.27540625e+01 2.67812779e+01 3.18479541e+01 3.37507544e+01
  4.32063421e+01 3.95301046e+01 1.95433086e+01 2.87831598e+01
  6.93033864e+00 7.67927542e+00 1.85471217e+01 1.36527976e+01
  1.49997902e+01 3.29474489e-28 1.09914073e+01 3.60654629e+01
  2.12951915e+01 2.92007634e+01 2.07307983e+01 2.40961101e+01
  3.85130292e+01 7.05630457e+01 1.00833566e+02 3.75670408e+01
  6.81094682e+00 6.51282696e+00 5.81434957e+00 4.37852679e+00
  5.09435274e+01 1.50041295e+02 3.56648175e+01]
 [1.15208482e+02 4.92843155e+01 5.98010334e+01 3.04379725e+01
  1.84938961e+01 2.03732393e+01 2.12287366e+01 2.73179820e+01
  3.43614158e+01 3.34573624e+01 1.09364692e+01 1.44112485e+01
  7.84892593e+00 9.52015632e+00 1.50930294e+01 1.37843926e+01
  1.07917845e+01 4.83037238e-29 1.05476690e+01 3.74485944e+01
  1.65829458e+01 1.47002821e+01 1.42459075e+01 1.57657794e+01
  3.82919362e+01 2.80602318e+01 9.75794077e+01 1.88970947e+01
  4.73120344e+00 2.97155689e+00 7.29365016e+00 4.80276735e+00
  5.71626710e+01 3.70665157e+01 1.52337993e+01]
 [4.23926765e+03 4.26517386e+03 5.99935988e+02 5.42319032e+02
  7.71521852e+01 1.35414393e+02 4.47362633e+01 7.28226909e+01
  6.86001475e+01 7.60590304e+01 1.72080924e+02 1.82858168e+02
  1.96255008e+01 2.63068413e+01 2.56838035e+01 3.45995547e+01
  1.37302805e+02 4.18025030e-28 2.33118802e+01 6.72928139e+01
  1.12117886e+02 1.18504464e+02 2.99270083e+01 5.41826007e+01
  8.41419314e+02 7.41749331e+02 2.41204867e+03 6.54571152e+02
  4.11168145e+01 2.55611675e+01 1.15104725e+01 1.28697764e+01
  3.70547190e+03 4.79125955e+03 2.34266478e+01]
 [2.88761099e+02 3.55703563e+02 6.35196624e+01 5.34970956e+01
  3.60981377e+01 3.48917242e+01 4.06055321e+01 4.27199206e+01
  4.78459373e+01 4.78851448e+01 3.06476601e+01 3.85528487e+01
  7.27937324e+00 5.78171700e+00 1.72109173e+01 1.81385654e+01
  2.64527513e+01 1.13169447e-28 1.10829150e+01 4.71908367e+01
  2.59064058e+01 2.35870014e+01 2.06982045e+01 2.45966792e+01
  8.75799397e+01 1.09751180e+02 2.56923657e+02 7.21648568e+01
  7.98451740e+00 8.42462903e+00 6.35764873e+00 4.85478826e+00
  8.94042216e+01 1.71567757e+02 2.33414796e+02]
 [5.11845566e+02 1.15758367e+03 1.65776104e+03 8.06226490e+02
  9.66729627e+02 6.82412521e+02 1.20685221e+02 3.58724042e+02
  8.00070008e+01 1.55226027e+02 4.51264855e+01 9.15637755e+01
  2.44361894e+01 1.66759216e+01 2.50616493e+01 2.93907737e+01
  5.78758675e+01 4.40708344e-27 2.35064874e+01 1.24067768e+02
  7.13276147e+02 3.84716257e+02 5.09667174e+01 1.46321290e+02
  2.10480853e+02 3.98763282e+02 6.55187078e+02 5.14097518e+02
  1.19191779e+01 1.49500003e+01 1.06846190e+01 6.86569109e+00
  2.45152309e+02 4.16576638e+02 1.24671916e+02]]