[[9.62650031e+00 1.08286942e+01 6.65494109e+00 5.62521617e+00
  1.03711128e+01 8.78329587e+00 1.13581177e+01 1.38337282e+01
  1.64985830e+01 1.19066797e+01 2.94151425e+00 3.22390173e+00
  2.25996765e+00 2.01613358e+00 5.67896576e+00 5.61712133e+00
  1.90946815e+00 7.76060038e-30 3.39156569e+00 1.30763341e+01
  4.45252838e+00 3.87502513e+00 6.67306383e+00 5.72251678e+00
  5.84904952e+00 6.79755651e+00 1.01256158e+01 3.42358907e+00
  1.00595012e+00 9.80241043e-01 1.67826119e+00 1.30272498e+00
  8.08022129e+00 3.93470220e+00 1.02799894e+01]
 [4.65370081e+01 1.14828523e+02 2.27648417e+01 3.75002759e+01
  1.22928485e+01 3.46289603e+01 5.55367831e+00 1.28684767e+01
  7.72774394e+00 9.29093147e+00 3.57924803e+01 4.32919974e+01
  2.41039291e+00 4.12085111e+00 2.91174270e+00 3.14377968e+00
  7.96389189e+00 1.02076744e-28 1.99897965e+00 8.56164864e+00
  2.45157155e+01 2.24311058e+01 3.11268204e+00 3.93397258e+00
  6.77245811e+01 6.71343339e+01 5.73936660e+01 3.71580903e+01
  4.16804254e+00 5.83285080e+00 1.09902560e+00 1.08163802e+00
  4.14256251e+01 7.24367540e+01 7.28879576e+01]
 [7.25807187e+01 6.78301183e+01 1.57376259e+01 1.88869695e+01
  1.07506711e+01 1.82030391e+01 1.06499491e+01 1.25266847e+01
  1.53512812e+01 1.36811419e+01 9.09449629e+00 8.60103429e+00
  3.91611000e+00 4.42222350e+00 7.49759982e+00 8.03230571e+00
  5.53302700e+00 3.22517410e-29 5.04931884e+00 1.29363179e+01
  7.31640464e+00 1.26644743e+01 7.46895917e+00 9.35761575e+00
  3.08871343e+01 4.34449000e+01 6.12596050e+01 1.97674009e+01
  2.12429676e+00 2.45845553e+00 3.38860168e+00 2.63741153e+00
  5.22332676e+01 2.90522874e+01 3.41292071e+00]
 [9.10743137e+01 8.42462626e+01 1.24507191e+01 1.31274222e+01
  1.43152857e+01 1.61544403e+01 1.24133857e+01 1.80691344e+01
  2.16805300e+01 2.22258718e+01 8.75399419e+00 1.57493345e+01
  2.18764996e+00 2.40114244e+00 6.29944701e+00 7.79960091e+00
  4.68251909e+00 5.75568110e-30 4.09700019e+00 1.79398748e+01
  5.82313435e+00 6.90019697e+00 7.61926481e+00 7.91043473e+00
  4.91329918e+01 3.49873341e+01 4.66397138e+01 2.58761477e+01
  2.08881431e+00 2.12124092e+00 1.80700716e+00 1.74891883e+00
  5.74886202e+01 4.21792058e+01 9.51017609e+00]
 [1.33217775e+02 1.69375743e+02 1.95240208e+01 1.44319115e+01
  5.44115690e+01 2.72954169e+01 1.62006711e+01 1.87764415e+01
  2.13166548e+01 1.76398248e+01 9.68522182e+00 9.55050360e+00
  5.41474812e+00 3.52796870e+00 9.93011315e+00 1.09775913e+01
  8.31192932e+00 4.41561903e-29 5.48576922e+00 1.77340602e+01
  9.75721375e+00 6.50645844e+00 1.71443903e+01 9.68084935e+00
  3.40772095e+01 3.61194635e+01 1.17718469e+02 2.68000555e+01
  2.85317693e+00 2.50258802e+00 3.24274521e+00 2.70703565e+00
  9.45418972e+01 1.53936544e+02 6.61039836e+00]
 [7.87285271e+00 6.59370945e+00 5.22778237e+00 5.36098424e+00
  3.94672680e+00 4.30941441e+00 4.96790356e+00 7.04526599e+00
  8.38704118e+00 6.82404282e+00 2.90857432e+00 2.54335796e+00
  1.81270946e+00 1.43289029e+00 3.10207853e+00 2.83080553e+00
  1.58037145e+00 2.87065738e-29 1.85744392e+00 6.82312096e+00
  5.88021486e+00 3.31261741e+00 2.96231778e+00 3.05204519e+00
  5.37115870e+00 4.64614189e+00 7.12920472e+00 2.85954949e+00
  1.22612693e+00 9.35425296e-01 1.28055917e+00 8.69106004e-01
  7.77533013e+00 5.08919263e+00 5.62917996e+00]
 [1.88468101e+01 1.86906399e+01 1.05956947e+01 1.39946616e+01
  1.46807798e+01 1.14365293e+01 1.31745180e+01 1.11672351e+01
  1.75920260e+01 1.71037252e+01 6.53979514e+00 7.10957119e+00
  4.64765585e+00 4.19748011e+00 9.15512041e+00 8.05480321e+00
  4.81846166e+00 6.43815426e-30 7.11908306e+00 1.67885482e+01
  7.59043822e+00 7.93853890e+00 8.88673354e+00 7.33557251e+00
  1.08241062e+01 1.28068706e+01 1.75479084e+01 8.20062113e+00
  3.79002736e+00 2.91071688e+00 4.13739470e+00 3.09958898e+00
  2.07804487e+01 2.04707917e+01 1.54900414e+01]
 [2.04564355e+01 4.06862152e+01 6.03693084e+00 7.40464284e+00
  5.52452316e+00 6.00315491e+00 9.00338413e+00 1.41093627e+01
  2.30762190e+01 2.20710967e+01 4.10012566e+00 5.91529771e+00
  2.34629199e+00 1.74104515e+00 5.12951171e+00 5.51251246e+00
  2.50028283e+00 1.46368523e-29 3.19640372e+00 1.97815542e+01
  3.56381501e+00 3.78682478e+00 4.28607974e+00 4.59519767e+00
  1.22790968e+01 1.89067235e+01 2.21286751e+01 7.90074950e+00
  1.19869200e+00 1.09353221e+00 1.81747845e+00 1.61376941e+00
  2.98439214e+01 1.75822785e+01 2.58196972e+01]
 [3.72151702e+01 4.52314606e+01 2.54230698e+01 1.27562730e+01
  6.71163368e+00 1.32203025e+01 8.65835235e+00 9.40997882e+00
  1.08842523e+01 1.51421395e+01 7.30442770e+00 5.05829090e+00
  3.07425971e+00 2.34347376e+00 5.63793209e+00 4.67432842e+00
  3.86013027e+00 1.14197086e-29 3.43253901e+00 1.25811244e+01
  6.04184807e+00 5.71200197e+00 5.62783843e+00 4.98072612e+00
  1.93814660e+01 1.31092891e+01 3.05986004e+01 1.02672594e+01
  2.06885730e+00 1.79584141e+00 2.31173360e+00 1.60330963e+00
  2.06466612e+01 3.79127733e+01 5.81513788e+00]
 [2.41266382e+01 1.03070632e+01 8.31895694e+00 3.89511842e+00
  9.12266734e+00 3.71509477e+00 1.19059926e+01 6.29820710e+00
  9.32969154e+00 7.92856216e+00 7.92967908e+00 3.27749180e+00
  2.41170225e+00 1.61480127e+00 4.77482867e+00 3.10783859e+00
  2.34633646e+00 9.13821347e-30 2.10051553e+00 7.69039613e+00
  6.79879781e+00 3.17489807e+00 7.39278693e+00 3.23568729e+00
  3.13517469e+01 5.44267631e+00 5.88949879e+00 6.45296479e+00
  1.28453080e+00 1.07694860e+00 1.43075183e+00 1.02328193e+00
  8.09919161e+00 9.70831252e+00 1.16043119e+01]
 [7.77415884e+00 4.67227189e+01 9.94055356e+00 1.39575017e+01
  9.28623394e+00 1.05973395e+01 1.24149536e+01 1.63114084e+01
  1.89100284e+01 1.58639846e+01 7.60906912e+00 1.83497416e+01
  4.66901728e+00 4.84672122e+00 8.26492645e+00 6.55055717e+00
  3.75104290e+00 1.00247791e-29 4.50698182e+00 1.48513494e+01
  7.73207200e+00 1.83978155e+01 8.02751675e+00 7.11061834e+00
  1.11254992e+01 5.38996535e+01 1.33165989e+01 8.62497144e+00
  2.13218882e+00 2.72661297e+00 3.25236047e+00 2.77835565e+00
  1.31027304e+01 3.89913880e+01 8.44085627e+00]
 [2.70594283e+01 3.42335032e+01 1.12993883e+01 1.20079762e+01
  1.59332452e+01 1.60690103e+01 1.27608550e+01 1.42035287e+01
  2.05910349e+01 2.09191419e+01 6.12499956e+00 6.31302810e+00
  5.75222170e+00 4.17371788e+00 8.95655352e+00 8.18315114e+00
  4.87614756e+00 2.23006871e-29 5.35905375e+00 1.71684021e+01
  8.23378917e+00 7.04528191e+00 8.69794836e+00 8.65532875e+00
  1.29309139e+01 1.60011570e+01 2.71470962e+01 8.80922572e+00
  3.16120694e+00 2.92904641e+00 3.67041201e+00 2.66887596e+00
  2.04990000e+01 2.02557919e+01 2.19420716e+01]
 [7.05409533e+00 8.53565740e+00 1.11386536e+01 1.10262489e+01
  1.05674958e+01 1.03532091e+01 1.57537740e+01 1.67554084e+01
  2.01754723e+01 1.77738646e+01 5.78737849e+00 5.63397435e+00
  4.47133131e+00 3.00025936e+00 9.28630163e+00 6.74562666e+00
  3.07726469e+00 4.46253139e-29 4.43098468e+00 1.66559623e+01
  7.19952073e+00 7.38013031e+00 9.20788717e+00 7.95917474e+00
  6.68386694e+00 6.03083411e+00 6.86221658e+00 4.08795100e+00
  2.17708228e+00 1.94627196e+00 3.37761594e+00 1.97194925e+00
  8.55287961e+00 6.82188719e+00 1.78584558e+01]
 [1.26726969e+01 1.03265140e+01 1.18128727e+01 1.04680716e+01
  1.23852190e+01 1.14377910e+01 1.78600566e+01 2.21413588e+01
  1.90423226e+01 2.88609668e+01 6.81134479e+00 6.58926302e+00
  4.79686036e+00 3.84600838e+00 1.00187750e+01 1.00693620e+01
  4.15077571e+00 2.50910109e-29 5.16301999e+00 1.81782997e+01
  8.24436853e+00 7.25581393e+00 9.95122302e+00 9.80746158e+00
  9.50590079e+00 8.71108020e+00 1.30446635e+01 5.94137131e+00
  2.58195991e+00 2.75526551e+00 3.37094530e+00 3.03189843e+00
  9.14622558e+00 4.30011369e+00 1.55428742e+01]
 [2.24578451e+01 1.91225698e+01 9.46780801e+00 8.30485461e+00
  8.15543837e+00 6.86579957e+00 1.61456118e+01 1.48971344e+01
  2.04056247e+01 2.02663887e+01 3.86252034e+00 4.26478866e+00
  3.56005633e+00 2.38062166e+00 8.93726855e+00 6.59473869e+00
  3.09224733e+00 1.77146403e-29 3.77709544e+00 1.69588483e+01
  5.27498690e+00 4.75874314e+00 8.14873418e+00 5.97240948e+00
  1.02208806e+01 1.18217273e+01 2.00094837e+01 7.25301031e+00
  1.85550805e+00 1.67862419e+00 3.06956082e+00 1.69018605e+00
  1.26687724e+01 6.56844685e+00 1.76665965e+01]
 [6.08400768e+00 1.43862301e+01 4.12040955e+00 4.69832022e+00
  3.94500750e+00 4.04238361e+00 6.07391521e+00 7.35733501e+00
  9.77859683e+00 8.93283072e+00 2.16971928e+00 3.20333543e+00
  1.26523547e+00 1.35476493e+00 3.14583261e+00 2.99240740e+00
  1.59776686e+00 5.41331347e-29 1.43669556e+00 7.94950162e+00
  3.12422950e+00 3.22026052e+00 3.30454011e+00 3.61219128e+00
  3.77021304e+00 7.59545414e+00 8.82118093e+00 4.02901460e+00
  8.06390637e-01 7.30608521e-01 9.42804518e-01 8.15828709e-01
  4.54895750e+00 1.05733778e+01 4.79053729e+00]
 [1.69583013e+01 1.00120412e+01 6.35573440e+00 4.11347252e+00
  7.84603303e+00 2.14396833e+01 1.04457605e+01 1.00968202e+01
  1.47769475e+01 1.62664471e+01 2.99307008e+00 3.10115014e+00
  2.39598733e+00 2.00113500e+00 4.33814224e+00 3.79434494e+00
  1.38761758e+00 1.92991956e-29 2.00936617e+00 1.60651735e+01
  4.30422510e+00 4.60438510e+00 5.25984634e+00 6.08424655e+00
  1.24326480e+01 7.45036612e+00 1.06377415e+01 2.99855457e+00
  9.47328351e-01 8.47337264e-01 1.25255004e+00 1.00246105e+00
  1.62591837e+01 5.79124615e+00 3.69553777e+00]
 [3.40192425e+02 4.09628832e+02 2.29525446e+01 3.83168305e+01
  1.09914068e+01 1.08934649e+01 1.80031649e+01 1.84954021e+01
  2.52267537e+01 2.56148285e+01 1.54932223e+01 2.76161525e+01
  4.91333952e+00 5.52892500e+00 1.40633086e+01 1.16312073e+01
  1.71241988e+01 3.01532881e-29 9.24400665e+00 2.26768628e+01
  8.99148601e+00 1.09444981e+01 1.21657470e+01 1.06649739e+01
  6.46531011e+01 9.23370459e+01 2.16940921e+02 6.52998324e+01
  5.32805890e+00 6.01883406e+00 6.34182555e+00 5.04377934e+00
  2.85840826e+02 1.88307753e+02 4.98424962e+00]
 [3.18138121e+01 7.83409977e+01 1.18908758e+01 9.23328951e+00
  1.17345682e+01 9.57285713e+00 1.30530561e+01 1.15214609e+01
  1.30416042e+01 1.50613858e+01 5.15935229e+00 1.05296150e+01
  2.76855550e+00 2.20729800e+00 6.40022889e+00 5.61527580e+00
  3.64737367e+00 3.00002990e-29 3.90439397e+00 1.22863160e+01
  7.92447959e+00 6.66628988e+00 6.68326669e+00 4.97347064e+00
  1.20657551e+01 3.30679053e+01 3.11867615e+01 9.75980130e+00
  1.65535160e+00 1.63193887e+00 2.73472090e+00 1.84843989e+00
  1.47589324e+01 2.50404755e+01 7.72384367e+01]
 [5.97336889e+01 1.24208094e+02 1.07349601e+01 1.82190426e+01
  1.52059375e+01 1.36298811e+01 2.20612589e+01 2.24668850e+01
  2.31797475e+01 2.71068797e+01 5.18721413e+00 8.75019905e+00
  4.15187695e+00 5.91296537e+00 9.66618466e+00 1.02932075e+01
  5.45834712e+00 9.84053990e-29 4.99007015e+00 2.14899501e+01
  6.13014879e+00 6.92648352e+00 9.98825717e+00 1.12158343e+01
  2.08770411e+01 3.74800643e+01 7.95630213e+01 2.10638386e+01
  2.07721467e+00 2.29351626e+00 3.24641105e+00 2.67683943e+00
  2.99259997e+01 3.19897903e+01 2.25707130e+01]]