[[ 3.02082249  2.2797973   2.50664761  5.79891199  9.65771394  3.62560019
  11.20253129  7.56348857  7.47111542  6.84116957  3.59112657  8.49296294
  12.35485556 14.2424537  10.76989716  8.74242849 14.18005974  5.56034196
  10.83907833  6.98681346  1.38588232  8.54900659 12.19218318 10.25869936
   0.83138821  1.29885438  3.61537993  4.12161996 19.23118157 14.37139657
  14.70177133 12.85656375  0.69004301  0.87948863  6.589586  ]
 [11.89327548 10.28349159  3.01803538  2.4101183   4.77225166  8.70595749
  12.19066463  4.34309439 11.22356095 11.0421913   1.49786856  2.04882731
  16.49090198 16.04812368 20.04723461 16.7682834   5.49687741  1.52801087
  14.44137299 10.03262738  1.90543999  2.52767262 21.94232844 14.76962439
   2.4387081   3.94937687 11.68772811  6.38481325  8.76727319  5.00003626
  15.75465171 15.37280468  1.55405591  3.37038538  2.02005761]
 [ 9.78725396 10.08300607  6.71091459  6.59573626 17.44895243 13.07270364
  14.18192645  6.78513831  7.69589593  8.61734129 12.03765402 13.96579754
  13.77826703 11.99937154 11.47924428 11.13141155 11.16657506 10.90428007
  11.14071732  8.63939221 16.98766819 16.46944068 14.77943602 12.7995774
   7.10396191  9.60284108 10.00937969  3.4565622  10.73139405 12.96432886
  10.21664267 10.93357929  7.59861285  6.09678307  9.68077135]
 [10.51642152 11.29244794 11.65247245  9.77848183 15.46752986 13.39874247
  15.37359636 11.06312929 11.66039842 10.69419723 13.65946041 12.37763107
  16.63446657 13.09789543 16.32003146 12.10597507 31.33792803 14.17620424
  15.12984069 12.40340314 14.53218084 13.17154031 18.37918269 13.68698124
   9.36068699 11.09547575 12.99111879 19.18737518 19.0439274  20.06527616
  18.43178183 15.26574313  8.81007252  5.47847701  8.61590011]
 [ 7.57674268  8.7772871   6.00141002 13.70059897  7.27587092  9.16673375
  14.09780692 10.43640916 11.58995543 10.78892794  7.72513703 10.94159952
   9.74338817 12.51924517 11.89682389  9.20289787  9.30635242  8.87156662
  10.61581673 10.97739811  8.23643699 15.66431179 11.12662961 10.7380089
   7.26940263  9.57732437  8.16626759  8.63245002  9.1865491  11.49404943
  13.23169816  9.71844776  8.17545796  7.55325902 10.76738477]
 [14.128324    4.86326841  7.90007546 11.70759405 16.72461238 20.11325291
  18.97495078 15.08983492 13.52002405 14.05022151 15.60592878 14.75622854
  18.58264543 20.25305979 18.03065387 17.28106956 23.48668652 15.651283
  17.19158333 14.37718386 13.7007897  17.13951723 18.05962655 21.32868977
   4.06961035  4.4947367  12.37694605 14.07546525 18.43195649 15.73110688
  18.1966509  18.20359134  3.43942401  6.13899906 15.02379118]
 [ 6.25230552  6.46959049 10.90868982  6.04403649 15.1840499  10.97723492
  12.62563008 11.75049829  9.46922177  7.52359419 15.19505113  8.78527395
  16.13125032 11.45089769 13.42752279 12.26074989 17.1291156   4.5533975
  11.84541216  8.72090642 12.4834082   9.49439711 15.08066205 14.79833362
   9.76458628  6.70490905  5.67429374  9.06377169 15.53909799 15.76663847
  14.50600483 12.75452696  6.62515402  2.80721249  9.0295114 ]
 [13.405522   11.48119335 16.40521105 15.15497968 23.46004978 17.44695785
  24.39344949 18.20812922 14.98909724 14.03927095 24.80897831 18.75407446
  16.88102743 18.48921973 23.64959647 20.7128701  50.89273763 16.50282294
  22.22196905 14.71200223 21.98305868 16.13289479 25.4068732  22.14929139
  21.10900039 11.79623769 16.85848931 30.61680365 36.27082493 23.98517615
  21.90394435 21.52228995  2.6622808   8.06471662  6.95501027]
 [ 7.76427857  8.81018523 11.12723875  9.94343801 14.07887139 14.06162185
  16.06679075 14.29842723 12.09278275 10.01577067 10.09726794 13.75388247
  15.5091572  14.79333433 16.26089175 13.82220673  8.95668235 14.71050669
  13.12877194 10.90916729 13.43442577 13.54396789 16.58947141 15.79623075
   8.02682718  4.44867328  8.51011502  8.98905179 10.6072865  10.7839895
  14.88227086 11.67086764  7.88459383  6.56425133  9.53326454]
 [ 3.57940811  3.70496611  5.50141949  7.94222188  7.10038106  7.71737196
   5.90104951  5.02967219  5.01555925  3.85583377  5.86445678  0.99190495
  10.97747327  7.00335269  5.41642802  6.98555995  6.68994243  1.3297456
   6.22813805  3.38100731  2.72518054  1.77296895  6.50587896  3.31484852
   5.15711254  1.68777131  7.3687905   6.81040856  9.35450507  4.01706392
   9.79703901  9.64751601  1.55585404  2.56476562  4.10884256]
 [10.98050212  5.09350055  2.48078701  1.90222403 10.23114496 14.37395075
  11.17374702 11.37137152  9.30056113  9.85875425  5.88809163  3.71068799
  14.528218   14.8015457  11.19053556 13.49374838  8.39526348  2.01514877
  12.75190104  9.70270693 12.09847674 10.14431994 13.52612768 15.67842828
   3.02259527  2.83148365  5.58431715  4.80014044 10.55888126 10.06247891
  13.93704354 13.4265458   1.45214115  1.77753882  6.31310193]
 [19.61917669 17.77400786 12.45067967  9.07745337 17.48215878 15.8464862
  20.16817142 21.10312581 15.91217575 15.10758621 19.67291431 15.76151673
  19.55949364 22.26069841 22.58228941 25.33947874 19.93386534 15.16114553
  27.1067292  17.09801132 16.69446419 13.90724452 20.89761244 22.57230704
  20.00478116 16.11641392 18.43092343 21.65401204 25.51782725 21.75279708
  25.05437476 28.17873221  6.92025679 14.74135833  9.5410212 ]
 [13.813173    9.57391523 17.1391293  11.82514479 15.83647285 13.13992796
  10.37975494  9.62274574  8.13786176  9.42414762 10.32568352 13.53585219
  12.21056736  8.91504572 10.67678698 10.54738185 28.38884699  9.68819094
  12.81105783 10.63195311 16.45230979 10.64054267 13.62201341 11.26682777
  11.45812105 12.8382472  12.13654915 22.91339979 11.78297528 16.63250731
  12.89221154 11.30898464  2.6048427   1.14469946  6.23025265]
 [27.20974882 26.64391532 30.232114   31.06629066 33.09131514 39.79355921
  28.52155839 32.36887388 25.98151702 25.08867046 36.2027272  34.07381425
  30.04328366 35.3370719  28.31317388 27.49102158 56.70951391 36.14679763
  29.88628579 28.60913363 29.65389267 35.53997675 33.12973631 36.20847092
  31.54526384 32.4665991  31.36792774 51.10660429 41.89165823 40.60862782
  32.15339198 24.97262928 22.49408586 23.181037   17.36022604]
 [10.26742407 13.00230513 11.43618581 13.3144314  15.22890052 14.24994436
  10.65901102  9.44258695  7.03238509  7.24247666 12.57749427 12.90726583
  11.57689349 13.89520781 10.50550447  8.0762928  12.60861998 11.44258689
   7.81380533  7.25879933 13.66350893 13.80197875 14.14897266 12.23868995
  11.22854789 12.69162566 10.83966437 13.04055494 12.33527928 13.05012802
  11.33412237  8.82821109  7.71932949  6.24475724  7.98841166]
 [20.97374913 18.191609   24.15694946 23.69505546 20.71244688 20.96965407
  14.21183143 12.03604874  8.71890837 10.43137471 19.27480656 20.45779066
  19.96563953 22.98624609 14.0172147  15.72370917 23.99514251 13.24701161
  17.41253636 11.09668231 20.73992307 20.2391444  18.25819559 17.65584337
  19.47424685 20.10333254 18.36127746 22.2324158  20.10090744 20.51027384
  18.30725613 20.57717691 14.10335382 12.27127315 12.93986558]
 [16.89573272 17.23116018 22.52858853 24.42197902 24.91649863 16.9700817
  16.96719529 13.16145775  9.53178754  9.32932313 23.55718534 15.09940482
  19.05895758 16.61533381 16.01560554 12.80561442 22.41971143 12.48138204
  13.33796192  9.07738916 27.86436033 23.49359484 20.23656848 16.51362531
  19.41580359 14.03429388 12.94798093 20.36985962 23.71740064 19.79275148
  15.12759899 14.89100062 17.77928085 16.47169677 13.57472767]
 [10.19155776 10.10159703  7.65500322  6.94968951 19.34255331 11.51465657
  22.53777937 16.53222106 16.56987383 15.90617557 11.19369585 10.91128323
  15.08257663 10.56003354 18.13861636 14.237249   14.207256   11.75791909
  17.35837038 17.15076113 11.970856    8.58866061 20.5673342  13.77443249
  10.12344027 10.99389386 10.28764346 11.44874686 13.39881044 12.86466668
  16.48675724 13.17733555 10.78969723  6.85970099 12.96218184]
 [10.77855559  9.57625873 22.61555382 23.29020216 33.45466654 30.14495202
  33.3532613  29.46101246 24.39186553 22.08060051 22.35762108 17.33718361
  36.23931767 31.8456596  31.89637875 28.80227951 26.38008485 29.88207039
  22.94570704 22.83348042 29.34050284 25.413936   38.9401251  32.00217439
  16.06226345 12.8191583  11.05496105 18.55574138 26.73200745 25.86153948
  27.54114064 26.98652728 10.14115337  8.51790809 12.06011617]
 [10.13143645 11.31774409  1.08035731  3.94956731  1.17601762  1.52458543
   6.56472007  3.0761851   7.59687056  5.09824258 12.23216431 10.9705294
   9.43796955 10.4099079  11.74383728 10.56504932 12.79848475  2.25780979
  12.92073034  6.57542904  1.18395527  2.65391526  9.87380402  5.64121462
   9.2742489  11.03157538 11.58439996  5.2116896  17.57042735 15.36614322
  13.92065217 14.2669058   9.50471308  8.71788951 10.94208431]]