[[ 3.9640262   2.7832861   3.40196181  9.2569917  24.97439448 13.35039627
  54.89584538 65.74170002 63.44998405 68.02471219  4.06511011 11.50395092
  22.11921566 29.69908237 49.6938733  55.48352593  7.72396781 45.25096231
  40.00625774 66.25561454  2.03176794 18.52460398 40.71180663 54.04532075
   1.05072424  1.43036805  4.25978611  2.94998287 12.15575994 15.42412577
  35.39911894 34.01816618  1.04896458  0.84313615  7.37314987]
 [ 3.49957232  3.18203243  0.93531328  0.63136648  1.82910407  3.65384168
   9.93118249  3.81179434 23.86462123 14.95879925  0.52891807  0.6817238
  10.35984415  9.83849735 13.38164035 10.69938759  1.57653379  0.56248265
   6.3881121  15.0624992   0.67615058  0.78348755 11.61096449  7.9449889
   0.88882181  1.22927249  3.47228146  1.82063005  2.95589325  2.19323931
   7.48763956  6.40802627  0.77275527  1.64464994  3.02359314]
 [ 9.3750461   9.06675921  3.37130959  3.68104024 13.0398963  17.4819237
  23.2829673  20.55064448 52.89780879 51.88559098  9.78602242  8.21665365
  14.78744456 30.2293074  29.14550565 38.72774757 10.27595289 13.25759879
  30.86906562 50.69284334  9.70248271 10.3743151  19.70530435 34.12507178
   6.17184122  7.44548844  9.14735775  3.14004952 11.64764775 10.63974884
  25.00831551 34.13978419 10.00470231  7.97898982  8.99244678]
 [12.12087075 11.77161166 13.73966289 12.31984038 24.73261538 30.54614767
  45.87230417 55.87859236 53.07498966 57.4017581  22.0117588  16.06303789
  26.10685235 33.40808799 42.8713723  53.34698764 19.4838526  30.93638362
  44.05204748 52.92018801 22.59611675 23.01814547 33.40069714 45.67480343
  13.31612034 12.69766561 14.47435491 15.57863491 26.82279487 24.14713365
  37.26178449 38.76944514  4.81098622  3.34300941 13.28068426]
 [ 3.80681921  4.08864449  3.41761126  6.14009163  8.07099781 11.13666418
  22.92157914 28.70840594 22.56868165 21.26167142  4.43051965  5.81017669
  11.73844929 24.36557681 23.80537085 26.68228799  5.02025347  4.54594985
  17.662938   18.92801436  6.10703891 11.56127345 17.16227812 23.2338614
   3.76758599  4.55666522  4.04760067  4.26614298  6.29708934  7.19210749
  19.68572714 21.69921747  4.07028065  3.37012626  9.09497932]
 [12.54501763  6.19239911  2.9034396   5.75827086  7.07169491  9.71511396
  15.82847601 28.49619865 25.56565969 22.82529161  7.94010034  8.68637519
   8.27370355  9.96862671 16.86219995 17.41160375  9.64415024  6.86485716
  13.60160542 21.53445785  5.39904891  7.52118302  9.68508364 16.26413997
   2.80655206  3.84303118 14.03177839  9.43795836  7.88583143  8.56950411
  11.25208627 10.3235393   2.49743077  5.30737084 11.74869179]
 [ 3.71255347  3.02752449  5.74808739  2.42655726 11.79871806 11.60696371
  23.74838421 35.58909747 42.73490257 41.62870652  9.16595002  4.16373272
  10.7572689   8.87910647 22.38119019 33.44505494  5.18697296  5.51876523
  25.89397871 40.9592626   7.12100974  5.8328127  15.25817623 22.01276475
   6.23927707  2.92634937  2.92292849  3.45471915  8.25525495  7.31299444
  16.64014512 20.01111076  2.10618307  1.37969117  6.90034026]
 [ 5.35307448  4.97414238  5.12353014  5.50556832  8.87139789 10.06397235
  18.18941116 32.42806913 25.09042149 23.77958984  4.97947965  5.45842608
   7.85894842 13.41290632 16.68997307 25.7111897   3.38872334 19.70405686
  13.96889229 22.56271928  7.49896366  6.62857563 12.91228314 20.03013481
   4.54034969  4.3976053   5.10773223  3.13972309  4.58485434  4.77587864
  11.60599942 15.08217854  1.33144675  3.19845264  6.10453608]
 [13.08126937 11.6800216  15.46424804  9.82864977 22.06711252 20.55649548
  35.87110995 43.8526012  44.90447763 39.08956867 18.21343747 16.69207584
  20.45204317 15.99673161 29.39579416 32.73900764 13.6967053  29.79603968
  29.7491047  39.32024859 20.94792688 14.75578801 26.2640711  28.31529347
  14.68121516  5.15506145 13.75691694 15.62161412 17.39198387 12.81788197
  19.50799679 24.77628683  2.2355161   1.87411135  7.14481818]
 [ 3.88680425  4.02701422  3.74741798  6.10120844  8.69855754 12.37048975
  28.24966772 27.39408307 45.84202692 31.83978833  5.11224105  0.64040753
  12.60937836  8.67088633 29.87598528 43.50201355  6.05374911  4.36726187
  29.46899628 23.8999663   2.22204843  1.40250803 14.79091876 10.04663596
   4.80626182  1.39407597  8.3664091   5.43176887  8.06515362  3.45805591
  23.06490595 25.98502844  1.07307405  1.75102118  4.30711952]
 [12.62039416  6.07709562  2.30904167  1.98572247 14.05875913 18.80934512
  38.78048302 32.68746153 36.47946908 35.34923003  4.98028276  3.618619
  19.4251569  17.78651998 26.9844206  30.72670613  6.07863197  2.06359519
  23.7196587  32.55378226 12.19053198 11.07889431 24.67260366 24.26960149
   2.72957622  3.23328248  5.9383323   3.9043018   8.81043675  9.44806078
  23.57795017 17.9206073   1.30546362  1.76645491  7.68814953]
 [ 9.42409567  8.09245678  5.59724606  3.477534   13.00405071 10.40114407
  29.05783724 28.79905304 39.7154383  42.80264807  9.29746366  7.22437332
  12.06546401 12.63876203 21.72078534 22.94455658  8.18004899  9.93989637
  19.45308008 38.09458566  9.70671205  7.67441316 15.31680464 15.44879244
   9.19772234  7.21565856  8.19067571  9.43589213 12.62547854 10.68844063
  16.42477827 15.4648079   9.44006073  8.12100378  5.45201026]
 [11.44471696 10.54624256 10.63352676 11.2927824  21.42982024 19.98839974
  50.08069728 39.49126788 51.28774925 45.6305037  10.93737841 12.61064016
  19.3324951  16.57755919 40.73777477 36.1911754  12.62746127 22.75379224
  26.14642867 41.94215197 15.17113552 14.40192938 31.27066377 26.62754911
   9.91363672 12.65459124 11.47301816 12.55947318 10.28616014 12.27579761
  24.71013101 21.11269753  2.50745991  0.96050558  4.8882604 ]
 [27.87846768 25.93742714 32.09352823 23.94746507 29.31208331 25.24715895
  45.74778159 37.3804293  46.5052205  43.25896709 32.03254948 28.73252926
  33.14935169 29.31597371 42.84012677 43.95280652 20.65120423 34.14117405
  37.73446354 42.01702331 35.66602368 26.54073964 37.27945055 29.9080861
  29.81408325 27.6663559  25.3975882  22.85519948 27.83655181 23.71820871
  34.70919465 47.68194636  9.45661865 11.61723286  9.62480406]
 [ 6.11468162 10.81074176 12.22648744 17.9263989  28.79298066 29.87339182
  49.41673909 51.05578856 59.84191784 58.08238428 19.4170528  22.84533886
  17.2436092  29.98311293 46.0975532  53.77704805 22.01872074 38.68118925
  49.10188988 57.43900975 20.1378418  23.36481968 35.18543543 41.70273511
  10.22855471 13.74897208  8.20519968 13.80852828 23.42747077 26.91301383
  40.62593056 46.93099468  3.6656276   3.59313189  8.42020809]
 [ 9.07377998  7.06984047 10.7267543   9.2227508  17.32280138 19.29790733
  40.32880856 47.25670707 55.72916938 49.40625735  8.68983775  7.4303117
  17.56987288 15.02579286 32.03079429 34.28018564  6.98321344 43.74783258
  20.01008077 48.38246586 11.12387516  9.18338425 25.57754782 24.68745426
   7.55509293  7.33162593  7.40037734  7.24048133  8.07975559  7.02603452
  19.7877238  20.18169518  6.34669141  5.46072388 10.4073014 ]
 [ 6.17221382  7.93244687  8.3019634  10.62434641 15.67371487 12.30634759
  33.65644884 42.28424235 51.12607376 44.84425579 11.91278489  9.42265147
  13.34118027 13.15608494 37.50667984 39.34027947  9.53383182 34.76116304
  32.70628012 44.40985566 12.80150519 11.51129114 22.05672992 23.30333818
   7.71585296  7.52964052  5.32073783  8.7304256  11.87219268 13.64439907
  21.8258078  28.97867465  6.65126912  5.21684997  7.73010614]
 [ 7.83326995  9.02487446  3.91885067  7.12411762 10.69571489  9.25243626
  25.37365486 28.6313702  28.50278929 26.74415788  7.221002   11.19152353
  20.96942531 31.76636779 31.13163464 34.5125154   9.5988082   6.21341883
  27.29712211 23.73029054  6.17845118  8.65846321 24.32250101 25.28419761
   7.34288801 10.79919228  8.71344245  8.84834245  9.26208409 14.07339504
  32.22811121 38.82282332  7.16182971  4.00331567 11.28705612]
 [ 4.74579275  3.77074333 10.1554193   9.59781014 18.44570963 14.86917772
  25.55127053 22.77730456 28.52859155 26.64634906 10.31476518  7.32784979
  20.53421236 20.5959727  29.50926482 28.31171352  8.40203755 21.51458201
  36.99920912 26.96536653 14.52872295 11.71090922 24.273117   18.37901909
   6.9040238   5.11130064  4.51310592  6.35171512 12.26802216 12.39447855
  31.65271943 30.5794391   3.79143744  2.93016639 11.0834839 ]
 [ 8.12907708  7.17744273  0.68637412  2.32693955  1.54404191  1.79793297
  19.01455915  9.95251001 31.46682322 25.89731017  6.21502439  7.01849962
  16.05655032 28.93049818 30.30871068 27.83516617  5.33337977  3.59342482
  19.14386305 21.52945174  1.04097934  2.20055456 19.81039421  9.44812259
   6.03746456  6.81936015  7.88240738  2.93129419  8.02662707  8.20442686
  24.19525653 30.51009317  7.12047207  5.26443727  7.59775407]]