[[ 1.68380929  1.15692843  1.00748286  2.25573379  7.39219276  2.20399721
   5.12840769  3.72636495  4.41725558  3.95839423  1.58552906  4.43142038
   6.61599527 10.03867768  6.01522931  6.01409432  4.12595797  3.55448258
   6.87367095  4.14878322  0.61518219  4.11218982  7.26027192  5.86160782
   0.4612423   0.58906173  1.97991366  1.35434041  5.97094437  7.41895623
   7.97133517  8.23054816  0.47940361  0.30701568  4.11426231]
 [ 9.29519395 14.51200672  2.21350079  2.36387609  2.32756385 16.51403165
   3.45814453  2.05273394  4.28869274  5.06867348  2.80326271  4.04272356
   6.69565509 12.35882588  5.1628825   4.61028983  3.57659747  1.76850769
   3.87034873  4.44745632  2.16496145  2.67729728  5.00725901  4.74563331
   4.41363063  6.34425164 10.753547    7.9060855   7.61416891  7.26737651
   3.79012003  4.1731224   3.53631363  8.06590077  7.53430642]
 [13.15438362 13.31826313  5.5857528   7.42816348 19.01079343 25.77454913
  17.5384838   9.58862032 13.10162446 12.72583151 15.662372   18.79197074
  23.48758745 23.95786888 21.06697832 19.71910684 15.30796915 12.14262679
  20.13516143 13.21955804 16.29238423 27.58770635 19.94137402 20.96505481
   9.5953706  13.14253444 13.56580567  5.10630946 18.42106542 18.35683495
  23.81120356 20.70819697 10.99434088 10.13249597 17.25464297]
 [33.5280488  27.43795407  7.49742207  6.67246043 15.39736577 17.0495167
  11.73661451 11.70033652 12.52336336 12.30980294 21.32221496 20.85327597
  14.50279156 13.04172542 13.24485411 12.64809588 13.29396065 16.34013507
  12.00571904 12.20760663 10.85164239 10.28866153 14.26904599 13.22601943
  33.84296773 21.94615805 24.10757036 24.27970707 15.84615646 13.29603666
  13.14666371 13.27294141 16.60913603 11.41286581 20.89608035]
 [ 2.49174879  2.59565967  2.55457074  4.49708248 32.71535874 19.28467433
  14.53660048  9.71542837 13.1301719  10.58795991  3.38610554  4.5592612
  16.16644041 15.17510842 15.69873939 11.43659976  3.2723848   3.2496064
  10.81239464 11.19023508  6.30533534  9.76352359 25.11226401 11.78214524
   2.45217357  3.11597496  2.57929314  2.73358474  4.80521424  6.33657425
  18.8084078  11.30096422  2.85568375  2.16738881 12.33018552]
 [11.9159688   4.88393148  3.57587342  7.84259969  6.88785785  9.96305061
   8.24396392  9.35609333  8.40458968  8.6500917  10.5864164  10.64182086
  10.76812074 12.38346786  8.9002545   8.68366242  9.12774454  6.65171753
   8.22737596  8.574139   10.79773228 10.92843932  7.49548368 10.23004129
   3.44242738  4.78463708 12.32104426  8.68025724  9.44889194 10.2840875
   9.77700927  9.39756745  2.6069615   6.1550998  12.2535506 ]
 [ 4.35503559  3.29122828  6.17204203  2.63659597 12.46280412 11.28657041
   9.92200755 11.2932305  10.61240867  8.85352053 14.7624097   5.83330345
  13.8067273  11.42228955 12.37996194 13.25144058  7.16547466  2.82566184
  13.03112888 10.01560032  8.02747643  7.49135166 10.64749302 13.63990623
   8.26593072  3.43821596  3.31241223  4.36287506 15.07983957 11.8519028
  15.9722401  14.7516613   2.69441174  1.96656628  7.4248626 ]
 [ 8.3393953  13.0464229   5.60513763  6.77121856  9.34474095  8.53299959
  12.28560358 12.75245434 19.12974498 18.3537954   7.61957541  9.98603528
   8.75715024  7.83481239 11.35742547 10.57337545  3.54415715 12.1559562
   9.80373878 17.61544263  8.26897577  7.45779908 10.48288157  9.62236592
   9.35233435 11.29721692  9.22379347  4.5557489   4.97652656  5.49859203
  10.50295618  8.16897116  2.78351641  7.54217859 12.79814435]
 [14.32360792 16.22887503 17.74705857  7.8732651   5.9462085  15.51253263
   6.03606179  5.49309376  5.72727648  7.27400272 12.95039521 11.75977636
  10.0789039  10.58521889  8.90763697  7.35046563  7.5064909   7.48550927
   7.23574154  6.60974539  8.96623028 10.29855066  7.82456423  8.6222739
  18.036473    4.85323187 15.30584839 12.55674227  9.21152197  9.31700107
   9.72203658  7.01842105  5.05950669  6.03862787 10.81295629]
 [10.92418605  4.24132437  6.95167513  3.93347392 12.28065026  5.98958366
  11.10237672  4.78602115  6.57122479  4.3629407  15.55004446  0.53616232
  15.19938758  5.14369763  7.31527358  6.59482276  7.57964935  0.98719956
   5.59845486  3.90775829  4.4309652   1.04898022 11.22832139  2.81177601
  30.6827959   1.30670595  6.65219865  9.56881463 11.32347621  3.44579093
  10.07756804  9.26076751  3.3431823   6.77698624  7.25282327]
 [ 8.35836871 20.87386442  1.39383626  1.99994154  6.28780615 13.28981844
  10.30558551 15.03865166 13.56739684 13.24799013  7.68137671 10.90828334
  18.51307303 18.38231762 14.07358666 14.15199381  6.79561098  5.51961872
  15.74272496 12.84210731  9.63136459 21.6885467  13.29560675 14.24651993
   4.0054531  13.99841488  7.17677944  5.59374498 10.1484718  14.16395932
  19.34925483 15.06567215  3.39607966 11.85345232 13.83477173]
 [ 6.0635487   7.0265476   4.53562297  2.85445976 12.5273353  11.23622162
  11.68551549 12.53922262 12.38441458 11.92012752  8.52353456  6.3468384
  17.60744767 13.94344664 14.55780527 15.43773904  6.30032174  8.26866474
  15.55406082 11.68657898  8.28695841  6.26087988 11.07516325 11.10524984
   7.00013368  7.40725641  6.03144322  6.72119731 13.0365429  10.00571366
  18.57001281 15.78373278  6.28791199  4.72494385 14.25871369]
 [17.67861329 18.06291625 19.61661684 24.36032386 20.18265267 27.59826944
  20.72562248 26.3027376  21.54716156 22.40503498 24.73982922 27.73081739
  25.32131311 27.4023579  24.18464629 25.36422586 20.97923211 17.2990118
  23.77205169 23.53491112 26.21232632 30.63557656 23.76953283 26.89237323
  17.50631501 23.38728929 16.54345306 18.78495906 18.81318785 23.86828313
  26.90925774 25.32508969  3.74856915  1.22740986  9.56872446]
 [10.60750393  8.72505885  8.89208053  7.9489801   9.36385295  9.65047296
  11.76714688 13.57684069 11.96649455 15.0666973  10.8348049  10.077025
  18.50666333 12.32001932 12.37967756 12.63894142  5.8726467  11.69801198
  10.90664111 12.6128754  10.55706391  9.16231047 12.72850504 11.98322199
  10.47731399 10.15438336 10.97474658  6.57984359  8.58147586 10.59448272
  13.28484081 11.07801404  7.46114289  8.55677869 14.17116774]
 [ 4.70681955  7.53829471  6.34778444  7.82498373 12.43769624 11.38758459
  12.70911338 10.4179913  10.32572764 10.3100129   9.48256573  9.68890158
  12.98547748 13.23818657 12.98400474  9.56586966  8.73200883 10.22331432
   8.77891734 10.07189963 10.12547064  9.89942229 13.86828735 11.94972276
   6.41916732  7.6991652   5.97087199  6.99008819 11.22792352 11.09267713
  13.37921912 10.64932856  3.49460872  2.96832904  7.75379514]
 [ 6.30326688  5.977456    6.2473221   6.1618411   6.49529704  7.59310811
   7.05140365  7.08460448  6.43931986  7.16652611  6.94040531  6.91960104
   9.24461747  8.91659071  7.62511511  8.69019847  6.41098766  5.92863186
   7.05642307  7.11819104  8.29314797  6.73945955  7.52134788  7.30586331
   6.29345026  6.78275933  5.79352952  6.59093095  7.33730332  7.01892044
   8.35727392  8.94283805  6.30123431  5.27855658  8.65094635]
 [ 9.25902655 11.64377304  6.36283469  7.32746161 15.4770971  30.95289015
  14.32003576 10.78658395 10.322805   12.75513856 12.58964152 12.2068452
  14.23214515 11.44444748  9.77014101  9.62679385  7.4145013  13.18135013
   8.24016929 11.9766145  10.85450144 13.81833723 14.1821849  15.10679189
  15.76293976 14.74223694  7.6352055   9.08050664 10.0882047  13.64952902
   8.89161321  9.18778167 15.09029778  9.93172386 13.8835174 ]
 [ 5.98146684  6.93770287  3.23135057  5.58515795  8.49329192  5.80356336
  14.25714087 10.71712872 14.11348147 13.72939777  6.62029576  9.92805879
  12.36005184  9.70234592 17.15332913 12.4042321   8.25118749  5.4196941
  15.10793678 14.12730789  5.97881905  6.86196907 15.25438264  9.74729544
   5.79407212  8.43362444  6.55551583  7.07845852  8.68923005 13.44134454
  17.3924184  12.9514346   5.76460181  3.33611057 12.62372669]
 [ 7.94619993 14.19861147 10.01989904  9.49441652 10.82018945 10.9662306
   9.54555261  9.63018647  9.75307016 11.3931148   9.29487566 14.68938372
  11.50244814 12.4949451  10.19519239  9.72775865  7.64289088  9.70993731
  10.109245    9.82099433 12.1784219  12.97554022  8.74592096  8.09206757
   8.85946211 17.06145423  8.66465957  8.5424137  10.07570111  9.65179767
  11.94439756 11.29447266 11.28497605 10.5058325  17.23441758]
 [ 8.24005329  7.61501547  0.63081139  2.0540437   1.49910119  1.88291595
  11.1657733   5.06765822 13.15507768 10.0287522   8.14189233  6.93026355
  10.48382833 14.99616705 15.466085   15.3893447   6.83578916  2.04765611
  11.53588064 10.34190842  0.83104424  1.67393201 11.15977607  5.96733656
   7.41013585  6.84043625  8.36586155  3.56213442 10.53976065  9.71896591
  13.75820839 14.73201274  8.70299493  5.95612572 11.95993006]]