[[ 0.62682793  0.43992526  0.3396208   0.86356475  3.02445384  0.77487602
   0.82680957  0.42757482  0.41658081  0.48061401  0.43883512  1.53397598
   1.63688268  2.25701228  0.77657718  0.75736201  1.22042975  0.52383691
   0.91992429  0.4339639   0.19506385  1.26364781  2.04306159  0.97429978
   0.14347864  0.23204615  0.81234606  0.40348348  1.48798598  2.17998348
   1.28917698  1.26069221  0.22395278  0.14613093  1.15861468]
 [ 5.59622091  8.556851    1.2971138   1.22861908  1.37260196 13.17920705
   0.98924643  1.00093017  1.16717387  2.67901547  1.84652296  2.38083883
   2.47901441  5.57440005  1.46244315  1.40462168  2.23112515  1.05844898
   1.32086045  1.91878442  1.16379178  1.51560535  1.46403504  1.7763453
   2.9485806   3.71820276  6.56260967  4.79879592  4.20877088  3.56187676
   1.35270384  1.45089553  2.68335277  5.10968749  0.90208805]
 [ 4.2154959   4.42520103  1.38087857  2.4805883   3.99944713 10.95893633
   2.41130194  1.72566447  1.93659163  1.7836861   3.69648122  5.79646201
   3.33927533  3.6961958   2.74807664  2.65296079  4.67715892  2.22184839
   2.64957901  2.06184121  3.09032211  9.44416335  2.53324776  3.69782562
   3.32179388  4.46377932  4.41926886  1.60447984  3.7820405   2.96427454
   3.34859771  2.89840165  3.59798167  4.01061338  6.18403842]
 [14.05636572 16.68597462  2.29162989  1.92236901  6.89660221  6.67853348
   2.02104464  1.65525098  2.94887788  2.59732185  6.88096267 12.60821224
   2.8108253   2.19092471  1.74451645  1.38753838  4.71747491  6.0754371
   1.49668506  3.07810844  2.81306019  2.30517827  4.03863839  2.23088335
  15.40593269 12.50285885 12.53179049 14.69200173  3.66028285  3.14341614
   1.82802904  1.69141623  8.59752648  7.24835048 12.72307123]
 [ 0.9345562   0.92515785  1.01244879  1.65238178 28.29414989 12.97037804
   2.91575365  1.42553178  3.67305019  2.04106192  1.31296153  1.56906577
   8.62336319  3.44015141  2.91485729  1.45177103  1.18246471  1.3555403
   1.75518418  2.99032507  3.48660994  2.79822928 15.13953113  4.03494376
   0.97306759  1.1655986   0.95795998  1.0157577   1.6668359   2.03138418
   4.05899247  1.80949255  1.12627855  0.7272483   5.87841199]
 [ 5.8195827   2.44344249  1.80265766  4.50117403  2.1182977   4.02130334
   1.68596881  1.50835277  1.67872499  2.43669759  3.76682825  4.12767487
   3.41155978  4.13257391  1.84257223  2.01144538  3.2371919   2.79632637
   1.9989866   2.21043051  9.37150068  5.10182944  1.72582548  2.33111725
   1.8248014   2.37507216  6.18722797  3.65702093  2.94000858  3.1179601
   2.36708592  2.71516188  1.6769276   4.35747878  6.08049484]
 [ 1.49494655  1.12099277  1.58867377  0.78920673  5.56087824  4.42464246
   1.5033924   1.59574349  1.93824397  1.29741     2.86448208  1.28506403
   3.16906564  2.41825505  1.43743583  1.54245034  1.62466989  0.9704723
   1.44221127  1.68582391  2.14093119  1.76714861  1.60427828  1.96833818
   2.22112437  1.02995252  1.11694685  1.1276663   2.38718171  2.42068799
   2.02466633  1.93196146  1.81925821  1.34811552  2.12285711]
 [ 4.79364142  7.72376064  2.85945045  3.85584585  4.41588735  4.09205776
   5.17259269  4.11677216 14.73309392 15.74627505  4.23308732  6.72962923
   2.56154701  2.66074335  3.49999804  2.913821    1.61224639  6.85848934
   3.17923358 14.04905347  4.01189591  4.07216467  3.54394146  2.95397213
   5.62232542  7.00801383  5.6799991   3.0013161   1.80638324  2.10970066
   2.69268567  2.23150705  1.82732973  4.718143    7.32030686]
 [ 8.26247218 10.86397535  8.98866605  3.21004167  1.16001331  6.87449492
   1.24590188  1.32939992  1.40381724  2.54609811  5.63012767  3.93447727
   1.31413598  2.48389601  1.14524259  1.27878743  2.9408118   2.04633369
   1.0690754   2.02558064  2.68928312  2.94012122  1.18683014  1.96760193
  10.65503676  2.60814769 10.06010933  7.9063371   2.27598824  2.05483073
   1.26851829  1.22314598  3.74557043  4.04839198  5.12087869]
 [ 6.72866922  2.20046943  3.24834791  1.6409027   9.45455841  2.04959865
   7.16870046  1.08972227  1.71692956  1.01543065  7.89524267  0.19854437
  10.19890026  1.66020895  3.43580604  1.59288179  3.84334234  0.33433764
   1.32939985  0.97291735  3.46920607  0.39780429 10.87631621  0.84263148
  20.63106441  0.59213297  3.20164299  5.34475601  4.84684416  1.00664144
   3.72748412  2.41082336  1.97840773  4.47389141  4.65415109]
 [ 2.33140234 11.78165815  0.38936501  0.76987446  1.42037089  5.40351302
   2.01635288  6.87489457  3.81863972  4.71052143  2.51245376  5.57539442
   2.63719473  3.77727262  1.95321706  2.69259107  1.72704769  2.98801946
   2.12296471  3.62612485  2.6787974  10.10601831  1.88368811  2.99670199
   1.85262621  8.3325343   3.05681407  2.54605697  1.85151631  4.46395886
   2.45048342  2.3063805   1.87641443  7.05408434  6.46561205]
 [ 2.71163585  3.27145926  1.4791306   0.95848426  5.14429323  5.03963268
   1.68084002  2.65154176  1.46004661  1.43701889  2.37910791  2.03698191
   2.98612095  2.92418203  2.04324182  2.35977908  1.81972428  1.74809616
   2.46368875  1.44556991  1.98982011  1.61583956  1.80437539  2.52535353
   2.77200838  3.27407009  2.87665998  2.39789855  2.75814598  2.69003999
   3.09959351  2.9998067   2.50159466  2.20986684  6.27374438]
 [ 6.47608665  6.95949852  4.92821435  6.47365928  4.78827227  7.80564441
   4.14456567  6.98479921  7.10475498  8.51608723  5.88577407  8.34569844
   5.89511041  7.09526373  5.26875316  6.4503831   5.84034875  5.05143066
   6.31349611  8.89612691  6.42016678  8.22328579  5.16588039  7.11290929
   5.79458728  7.60911764  6.72677039  6.25820149  4.69073955  7.35612957
   6.33072944  6.68953956  1.57883525  0.46397454  3.59460028]
 [ 3.09531729  2.14243955  1.54952302  1.70109843  0.99349405  1.35725012
   0.88934049  1.16961147  1.13903682  2.38678187  1.83128629  2.87830091
   2.30234795  2.37520822  1.2216194   1.37905839  1.17904326  1.59595408
   1.52518089  1.75319667  1.80616318  1.82213085  1.27911405  1.61699579
   3.08602985  2.50330389  3.33802116  1.35585797  1.7337511   2.61506417
   1.50843776  1.53227585  2.7561864   2.84882067  5.81143644]
 [ 1.68520658  2.18640339  1.65276979  1.7239017   1.96108282  1.76538313
   1.44374602  0.93753824  1.61840254  1.1508139   1.79214707  2.04486995
   1.52205552  2.06763964  1.37198133  0.86740447  1.79713899  1.40052021
   0.95904643  1.28998748  1.80701165  1.72250197  1.54205682  1.36904904
   1.93646733  2.14246856  1.90576604  1.94476354  1.85693069  2.17441843
   1.5991999   1.23613932  1.48233245  1.31888383  2.33968886]
 [ 2.33134286  2.42814565  2.75982966  2.16718219  1.54120109  1.83407537
   1.43464151  1.12299888  0.66072312  1.28209555  2.58064989  3.01710856
   2.58239475  2.5290552   1.37091183  1.65705393  2.42448521  0.99265475
   1.53595304  1.10870486  3.31578072  2.72576236  1.45826544  1.61507929
   2.38910989  2.76930791  2.21986838  2.48149951  2.50960939  2.87636017
   2.00778092  2.30236178  2.68154049  2.08420028  3.59691422]
 [ 4.77059497  5.87609743  2.93877344  3.40606833  7.45160084 10.35743647
   5.95396161  4.58350737  5.01531019  6.83609482  5.93871649  6.54508649
   6.74516106  4.33856714  2.71582857  3.25434383  2.96786906  6.5846626
   2.4608654   6.61814912  6.66034978  7.05938624  5.11311063  5.93083097
   8.55633491  8.17030423  4.05876316  4.59323791  3.93909162  5.04530641
   2.37875254  2.92409668  7.42595206  4.81234002  7.58081243]
 [ 1.45636414  1.69845701  0.73341959  1.29124373  1.85131879  1.28645616
   2.40369801  1.922298    2.43448556  2.85307484  1.43436266  2.2312791
   2.21781684  1.80711154  2.24931575  1.94691851  1.78425525  1.47395172
   2.1368132   3.069338    1.3199533   1.59111198  2.33091536  1.67367035
   1.33340699  2.02545077  1.55616617  1.66937345  1.59478716  2.5370364
   2.32531165  2.00134866  1.55497291  0.9176359   3.79381145]
 [ 4.40501045  7.98626838  3.68400363  2.60752223  3.99412878  4.04926424
   1.85554824  2.42414959  1.54523185  3.65744182  2.81918148  6.86226922
   1.4805923   2.33461271  0.98317375  1.73546651  2.1445564   2.2648343
   1.24998911  2.65844138  4.13912087  3.98890699  0.95455282  1.50680021
   3.86736301  8.38173838  4.38583076  3.38674741  2.32455751  2.26628928
   1.0935398   1.47547849  6.42217016  6.06414839  7.53951888]
 [ 2.89212899  2.92004619  0.18853743  0.77419904  0.47428329  0.52188551
   2.17303813  0.98941056  2.37528474  1.54660792  2.58003042  2.56108913
   2.31827821  3.37078844  2.38223672  2.26837928  2.55120533  0.39687946
   2.05799871  1.84634845  0.24750509  0.49673502  2.2114413   1.09371128
   2.56968478  2.53087658  3.27597563  1.35515048  3.38542858  3.35859422
   2.84473633  2.70558824  3.37731611  2.4998378   3.43818897]]