[[1.46087841e+01 1.58727730e+01 1.57753592e+01 1.48602498e+01
  1.58152412e+01 1.59590396e+01 2.15641602e+01 2.05834112e+01
  2.89608357e+01 2.74192914e+01 8.23345842e+00 7.42747911e+00
  5.54506634e+00 3.79505966e+00 1.23511793e+01 1.12884379e+01
  5.62085211e+00 3.35638221e-29 8.09772230e+00 2.90575406e+01
  1.18205472e+01 9.73666563e+00 1.36303616e+01 1.23758012e+01
  1.15384635e+01 1.30935352e+01 1.46075109e+01 8.44645102e+00
  3.69374306e+00 2.40986877e+00 3.88954655e+00 3.11380111e+00
  8.56926798e+00 3.44584790e+00 4.73600696e+00]
 [1.61244883e+01 1.59998247e+01 1.70080793e+01 1.41964791e+01
  1.55629384e+01 1.29414145e+01 1.37534633e+01 1.35762003e+01
  1.18829001e+01 1.09682656e+01 8.27764532e+00 8.11410436e+00
  5.24570128e+00 5.08112380e+00 7.88227045e+00 7.77977481e+00
  6.27660506e+00 1.87258074e-29 4.62102231e+00 1.08185394e+01
  1.14764224e+01 9.41787950e+00 1.06784353e+01 9.50837260e+00
  1.29330134e+01 1.24538514e+01 1.55279025e+01 1.20064144e+01
  4.23598987e+00 2.75038854e+00 3.44317380e+00 3.38413820e+00
  4.82918135e+00 4.91505180e+00 5.21216861e+00]
 [9.00081270e+00 9.52363058e+00 1.12802931e+01 9.59364009e+00
  1.05425368e+01 8.83503240e+00 1.45950186e+01 1.15333785e+01
  1.36421100e+01 1.14887152e+01 4.93874887e+00 3.84579657e+00
  2.59336203e+00 2.14767851e+00 6.08400358e+00 5.11451343e+00
  2.42868397e+00 1.65444254e-29 3.60799375e+00 1.15016540e+01
  5.85289967e+00 5.07784078e+00 7.49217609e+00 6.26178676e+00
  7.87488327e+00 7.23168646e+00 8.96025068e+00 5.68197497e+00
  1.33296200e+00 1.53777852e+00 1.99344684e+00 1.45001305e+00
  3.66351125e+00 3.67554933e+00 7.44918795e-01]
 [1.74413652e+01 1.85886762e+01 1.69427409e+01 1.65852084e+01
  1.28630653e+01 1.24042554e+01 1.20771392e+01 1.41007468e+01
  1.53874264e+01 1.61709742e+01 6.21193070e+00 8.93996468e+00
  2.85824313e+00 2.77582350e+00 6.19615210e+00 7.31535625e+00
  4.85645960e+00 1.07896632e-29 5.94034541e+00 1.46796140e+01
  8.21836005e+00 9.02447403e+00 8.10111902e+00 7.62227114e+00
  1.18320236e+01 1.35166823e+01 1.63303763e+01 1.04329328e+01
  2.32715220e+00 2.89421778e+00 2.10913356e+00 2.27937666e+00
  4.97958118e+00 5.82880277e+00 2.76392287e+00]
 [2.04816891e+01 1.96946621e+01 2.32811332e+01 1.97488376e+01
  1.95503764e+01 2.28489139e+01 2.75149965e+01 3.89528785e+01
  3.78658632e+01 4.21070327e+01 9.03296974e+00 1.06173638e+01
  5.60074964e+00 5.31082933e+00 1.65760979e+01 1.74346600e+01
  6.35681611e+00 8.19037525e-29 1.18280054e+01 4.01444705e+01
  1.16372206e+01 1.32947485e+01 1.56385894e+01 1.72870149e+01
  1.34242160e+01 1.38866859e+01 1.82731432e+01 1.07282736e+01
  3.15915019e+00 3.63887908e+00 4.25671003e+00 3.53935078e+00
  4.02468503e+00 2.82435919e+00 1.02886891e+01]
 [9.03322840e+00 9.30172032e+00 1.03167432e+01 9.68394462e+00
  1.13663108e+01 9.82430618e+00 1.34428684e+01 1.26937637e+01
  1.66143248e+01 1.45362614e+01 5.46568550e+00 5.10648444e+00
  3.56642415e+00 3.06415514e+00 7.27098335e+00 6.33803961e+00
  3.86927361e+00 5.49397615e-29 4.40072332e+00 1.50324292e+01
  8.51033263e+00 6.59485165e+00 8.24067658e+00 6.92860202e+00
  7.13183162e+00 6.80003737e+00 8.85080210e+00 5.58968058e+00
  2.62060253e+00 1.83703279e+00 2.48708799e+00 1.80112698e+00
  2.02126808e+00 1.68677701e+00 1.51907955e+00]
 [2.03271512e+01 2.05307293e+01 2.06975596e+01 1.98788419e+01
  2.17491392e+01 1.92539310e+01 2.98660700e+01 2.74707136e+01
  3.43115120e+01 3.39703293e+01 9.33072140e+00 1.02177783e+01
  7.01394491e+00 6.51949145e+00 2.10016874e+01 1.80911973e+01
  9.11323754e+00 6.29023783e-29 1.91621368e+01 3.19490759e+01
  1.83076713e+01 1.17640701e+01 1.93912731e+01 1.63819557e+01
  1.40609375e+01 1.48210252e+01 2.07266338e+01 1.28130813e+01
  5.45094798e+00 4.77163582e+00 7.35830811e+00 5.72594355e+00
  1.28171620e+01 1.36576988e+01 7.38770940e+00]
 [2.09525417e+01 1.67317267e+01 1.70031383e+01 1.50566096e+01
  1.80590680e+01 1.84841881e+01 3.34471837e+01 3.54530404e+01
  3.51180736e+01 2.89368078e+01 1.02635639e+01 9.19892239e+00
  5.30692328e+00 5.20925164e+00 1.72780615e+01 1.78222586e+01
  1.19661345e+01 1.19275614e-28 9.76941011e+00 2.83965478e+01
  1.12515653e+01 1.03097989e+01 1.40776926e+01 1.62863074e+01
  1.69974855e+01 1.32616662e+01 2.09111225e+01 1.87409647e+01
  4.40372765e+00 3.17329376e+00 4.27553883e+00 5.26626990e+00
  5.56375309e+01 2.79454228e+00 1.97490638e+01]
 [1.04033043e+01 1.02331510e+01 1.06610259e+01 9.52412111e+00
  9.08835684e+00 8.19702895e+00 1.12407785e+01 1.15388703e+01
  1.21166842e+01 1.36425998e+01 4.79507621e+00 5.11061603e+00
  2.93984073e+00 2.53662539e+00 4.50702653e+00 4.71436620e+00
  3.46731545e+00 2.72557471e-30 2.98087688e+00 1.22769740e+01
  6.49310197e+00 6.04085316e+00 6.06860047e+00 5.63412045e+00
  7.03789484e+00 6.56327099e+00 9.25811974e+00 5.38630940e+00
  1.85911910e+00 1.78786604e+00 1.73935339e+00 1.63266369e+00
  3.15686469e+00 2.39441245e+00 2.42809931e+00]
 [6.18644134e+00 5.95385051e+00 4.35563349e+00 5.50511818e+00
  4.93258412e+00 5.75593045e+00 7.42206638e+00 8.14806337e+00
  1.01633852e+01 1.03661264e+01 2.47115312e+00 1.10772347e+01
  1.60828362e+00 2.36526864e+00 4.88576426e+00 5.16478054e+00
  2.18823842e+00 2.23439567e-29 4.15453023e+00 1.07603393e+01
  3.23646756e+00 3.93937546e+00 5.50079453e+00 5.11679439e+00
  3.99773362e+00 1.03015023e+01 5.95136819e+00 3.78034545e+00
  1.17470928e+00 1.08817427e+00 1.74424668e+00 1.65980174e+00
  1.32061864e+00 2.84869103e+00 6.40371821e+00]
 [1.40069894e+01 1.45177222e+01 1.77906468e+01 1.61885829e+01
  1.78352399e+01 1.29830433e+01 1.76459783e+01 1.38353152e+01
  1.40355570e+01 1.25866595e+01 5.61209468e+00 6.02768251e+00
  3.19589242e+00 3.39369333e+00 6.09901312e+00 6.06726287e+00
  4.97904824e+00 5.72560452e-30 3.13943597e+00 1.16411065e+01
  9.92882781e+00 8.78126147e+00 8.55595486e+00 7.68866417e+00
  9.55091481e+00 1.13672785e+01 1.33718366e+01 8.66476634e+00
  2.18174449e+00 1.85142998e+00 1.90542578e+00 2.11548730e+00
  5.16633514e+00 5.32900187e+00 5.60382894e+00]
 [3.57371423e+01 3.84555408e+01 4.17721813e+01 4.29097557e+01
  4.03739225e+01 3.82353945e+01 4.57990937e+01 4.04134662e+01
  6.92088125e+01 6.40721012e+01 2.29175839e+01 2.49839984e+01
  1.39583701e+01 1.22280364e+01 2.79463949e+01 2.25548660e+01
  2.00679080e+01 3.91133175e-29 1.39714839e+01 6.09366379e+01
  3.34855035e+01 2.96321851e+01 2.92815979e+01 2.73633850e+01
  2.93579198e+01 3.01424542e+01 3.80892485e+01 2.67991483e+01
  1.30624844e+01 1.30592103e+01 7.32084476e+00 6.60814980e+00
  4.57893295e+00 4.02009733e+00 1.40347566e+01]
 [7.20527544e+00 7.72977472e+00 7.65548309e+00 6.77848073e+00
  7.39188819e+00 6.49249207e+00 8.26576364e+00 7.67648988e+00
  9.42003918e+00 9.11062804e+00 3.24783340e+00 3.19499879e+00
  2.67046840e+00 1.83717623e+00 4.78204259e+00 3.59254805e+00
  2.36352036e+00 2.02864112e-29 2.63140545e+00 9.52646066e+00
  4.42604399e+00 4.07941427e+00 5.48747957e+00 4.56747253e+00
  5.48680989e+00 4.31524653e+00 6.18353622e+00 3.57593104e+00
  1.87398086e+00 1.10630267e+00 1.61161691e+00 1.05886855e+00
  3.46500405e+00 3.30236996e+00 1.05227796e+01]
 [1.33233049e+02 1.22283666e+02 1.14592727e+02 9.51648218e+01
  1.23555307e+02 1.03947777e+02 1.16570740e+02 1.16007070e+02
  1.03928519e+02 1.03934446e+02 8.13351688e+01 7.99259747e+01
  2.41048604e+01 2.63590081e+01 7.06525666e+01 5.38085979e+01
  7.88353286e+01 2.21343331e-28 5.11237041e+01 9.78736689e+01
  7.75212596e+01 6.67693172e+01 8.54218024e+01 7.14576319e+01
  1.01784113e+02 1.01359302e+02 1.35625793e+02 1.12949142e+02
  2.63980663e+01 3.28453515e+01 2.34825912e+01 1.49063736e+01
  3.83061908e+01 2.49415378e+01 5.98859718e+01]
 [1.25896200e+01 1.34659983e+01 1.37003786e+01 1.20271664e+01
  1.36970503e+01 1.07748299e+01 1.61442271e+01 1.67591974e+01
  1.61100197e+01 1.70391648e+01 4.71381562e+00 5.16777100e+00
  3.76452017e+00 3.34185949e+00 1.02763034e+01 8.12373893e+00
  3.71374865e+00 7.39280323e-29 4.80033837e+00 1.51123559e+01
  8.82259621e+00 6.83004109e+00 1.08972600e+01 8.71045503e+00
  8.28032702e+00 9.48531077e+00 1.44792224e+01 8.37913704e+00
  2.22646116e+00 1.95342393e+00 3.56343602e+00 2.26370414e+00
  6.51906614e+00 7.31615100e+00 7.72868066e+01]
 [3.20788576e+01 3.22178947e+01 3.52723028e+01 2.50396837e+01
  3.05530460e+01 2.04983660e+01 2.69532645e+01 2.73771603e+01
  3.45053012e+01 3.15202162e+01 3.25233394e+01 2.22574790e+01
  8.85424039e+00 6.57852901e+00 1.18463842e+01 1.09631496e+01
  9.24282652e+00 6.84519723e-29 6.22408335e+00 3.25959324e+01
  2.04807898e+01 3.12282593e+01 1.55694305e+01 1.40584160e+01
  2.59561930e+01 3.22112499e+01 2.34947678e+01 2.27694866e+01
  3.69311859e+00 5.80967026e+00 3.06670241e+00 2.89557487e+00
  1.67358322e+01 2.63221805e+01 1.15067433e+02]
 [9.53059636e+00 8.68134833e+00 9.64389133e+00 8.73562489e+00
  9.09794441e+00 9.26834022e+00 1.03411046e+01 1.10996692e+01
  1.26813214e+01 1.36778611e+01 3.40310536e+00 3.68558413e+00
  3.37808854e+00 3.46149838e+00 7.07518921e+00 6.04295433e+00
  2.24562119e+00 6.72619152e-30 3.60737174e+00 1.38946573e+01
  6.43405845e+00 5.63056578e+00 7.05169481e+00 7.17566845e+00
  6.20685093e+00 6.20307426e+00 8.08478226e+00 3.77123503e+00
  1.59913044e+00 1.55033648e+00 2.45295172e+00 1.86888931e+00
  2.69191748e+00 2.43891417e+00 1.75159037e+00]
 [6.12756901e+01 6.01499236e+01 6.65152960e+01 5.39772782e+01
  7.40780372e+01 5.58504259e+01 6.84021270e+01 6.24460513e+01
  6.94922635e+01 6.92825193e+01 2.84391495e+01 2.96755385e+01
  1.86888500e+01 1.29183257e+01 3.69037231e+01 2.67816197e+01
  1.84497267e+01 3.81617873e-28 2.81076934e+01 6.23448557e+01
  4.27673636e+01 3.34589313e+01 4.48135975e+01 3.51015011e+01
  3.83836096e+01 3.88475360e+01 5.11891692e+01 3.36377670e+01
  1.06559204e+01 9.83343350e+00 1.50173354e+01 9.42493135e+00
  3.88090070e+01 1.97239246e+01 1.21185577e+01]
 [4.59702707e+01 4.54713429e+01 4.43584907e+01 3.55453983e+01
  5.93736685e+01 4.48917766e+01 6.73704035e+01 5.72631955e+01
  5.91349581e+01 5.19966510e+01 2.69832395e+01 2.01129497e+01
  1.53324583e+01 8.76087258e+00 3.61732003e+01 3.00273932e+01
  2.14889014e+01 2.19572068e-29 1.77020618e+01 5.29629814e+01
  3.25656567e+01 2.11348322e+01 4.91491410e+01 3.50281119e+01
  3.62997746e+01 3.25256349e+01 4.34380985e+01 3.18946991e+01
  1.12299444e+01 7.32914469e+00 1.19604702e+01 8.05172393e+00
  9.07609275e+00 7.89645507e+00 2.02358957e+00]
 [1.74164676e+01 1.66292758e+01 3.60333039e+01 2.68013768e+01
  3.49155004e+01 2.12632248e+01 2.70999574e+01 3.78223910e+01
  2.94745928e+01 4.04419810e+01 8.84936632e+00 1.01209342e+01
  5.16149701e+00 4.56856567e+00 1.34691728e+01 1.08913873e+01
  6.06857666e+00 3.15614271e-29 7.11073609e+00 3.15674407e+01
  1.62248143e+01 1.56973356e+01 1.67531067e+01 1.50106062e+01
  1.16095421e+01 1.02802239e+01 1.41603257e+01 1.12594316e+01
  3.83616614e+00 4.06241110e+00 4.19874143e+00 2.51294855e+00
  3.52682769e+00 2.92178917e+00 2.36871201e+01]]