[[6.11303154e+00 6.73986228e+00 6.25876198e+00 5.87459039e+00
  6.58224055e+00 7.34098687e+00 8.24450473e+00 8.71771116e+00
  9.56792911e+00 8.75505305e+00 3.63674120e+00 3.89078611e+00
  3.08749325e+00 2.76500207e+00 6.03431077e+00 5.60336761e+00
  2.40337868e+00 1.71019055e-29 4.00068359e+00 8.87949657e+00
  5.16588285e+00 4.65880787e+00 6.39091044e+00 6.52924342e+00
  4.99149067e+00 5.57535958e+00 6.15748725e+00 3.62107080e+00
  1.58263364e+00 1.42301818e+00 2.25945940e+00 1.90088556e+00
  4.34776192e+00 2.13487810e+00 3.46510228e+00]
 [4.56622533e+00 4.54355524e+00 4.53465991e+00 4.89800811e+00
  3.32809122e+00 9.08299087e+00 3.41120663e+00 4.54736433e+00
  4.31320373e+00 4.85772479e+00 2.17795817e+00 2.81891128e+00
  1.21127047e+00 1.44872368e+00 2.19663313e+00 2.74767123e+00
  1.33944983e+00 4.46211925e-30 1.35748071e+00 4.38470697e+00
  2.68389845e+00 3.67911259e+00 2.57498388e+00 1.15709904e+01
  3.38249629e+00 3.86322400e+00 3.67090651e+00 3.78753734e+00
  9.47323267e-01 8.72426176e-01 8.42048855e-01 8.34252753e-01
  1.30951939e+01 6.85972192e+00 5.57065760e+00]
 [1.06289602e+01 1.03064491e+01 1.19807873e+01 1.09150243e+01
  1.76659619e+01 1.27426481e+01 1.87909846e+01 1.88756553e+01
  2.54223101e+01 2.20779128e+01 5.99365264e+00 6.02644236e+00
  4.41561190e+00 4.69222167e+00 1.27341511e+01 1.12522349e+01
  3.19008288e+00 3.13341532e-29 8.25330415e+00 2.06503230e+01
  7.41129238e+00 7.86731204e+00 1.15546519e+01 1.10393270e+01
  1.40058444e+01 8.79828118e+00 9.95077281e+00 6.66425079e+00
  2.67602394e+00 2.78458696e+00 4.77901937e+00 3.57822018e+00
  2.74385081e+00 3.74797508e+00 1.17989255e+00]
 [1.26280718e+01 1.25279620e+01 1.08255122e+01 1.00808965e+01
  1.25182247e+01 2.55143828e+01 1.22652347e+01 1.56086205e+01
  1.88529218e+01 1.94017868e+01 4.64735806e+00 1.09596980e+01
  2.08430997e+00 2.97536420e+00 6.40638826e+00 7.37327972e+00
  2.83768044e+00 9.93687606e-30 3.99422827e+00 1.65025065e+01
  5.74269980e+00 7.15608513e+00 7.14258633e+00 9.09495414e+00
  1.17618255e+01 7.50194779e+00 9.28610426e+00 5.62286000e+00
  1.64647194e+00 2.35469146e+00 1.94601197e+00 1.91937824e+00
  3.90030865e+00 4.00356153e+00 6.27048710e+00]
 [1.26718643e+01 1.21271721e+01 1.42822869e+01 1.23168218e+01
  1.65717053e+01 5.99320194e+01 1.31480632e+01 1.54396146e+01
  1.48327373e+01 1.35474104e+01 7.36950185e+00 9.37821193e+00
  5.04555895e+00 5.94547845e+00 8.92614475e+00 9.64428562e+00
  5.20757795e+00 3.77908616e-29 5.60933827e+00 1.33158390e+01
  8.47533247e+00 1.29126111e+01 9.45308526e+00 1.79071645e+01
  9.28796852e+00 1.01825416e+01 1.11794274e+01 7.45834718e+00
  3.26305092e+00 3.81303241e+00 3.75972248e+00 3.34489331e+00
  1.79275732e+00 1.47997361e+00 1.13181489e+01]
 [3.59667843e+00 3.37428856e+00 4.19192065e+00 3.45969300e+00
  5.92245488e+00 3.48801127e+00 3.92749919e+00 5.78525327e+00
  6.28188849e+00 6.62035037e+00 2.00509706e+00 2.14198751e+00
  2.15582650e+00 1.52118157e+00 2.73027132e+00 2.69797711e+00
  1.30807329e+00 1.83918947e-29 1.59382919e+00 5.75115827e+00
  4.86417792e+00 4.23180735e+00 3.91894433e+00 2.95820679e+00
  2.99170033e+00 2.64666944e+00 3.36330648e+00 1.94223982e+00
  1.03802141e+00 8.41670666e-01 1.08485084e+00 8.43712093e-01
  1.28411003e+00 8.04357603e-01 1.04898509e+00]
 [1.34112310e+01 1.26032044e+01 1.27654433e+01 1.29889207e+01
  1.28658607e+01 1.70235790e+01 1.72287796e+01 1.65795460e+01
  2.54652114e+01 2.53324729e+01 7.88515251e+00 8.48540575e+00
  5.76939197e+00 6.01867270e+00 1.16411131e+01 1.18045887e+01
  5.45256381e+00 3.59397817e-29 9.52060886e+00 2.45831375e+01
  1.04990206e+01 9.82466992e+00 1.12812795e+01 1.13525684e+01
  9.90963973e+00 1.01936808e+01 1.30477985e+01 7.87855236e+00
  5.03951208e+00 4.28606737e+00 4.69601532e+00 4.20992329e+00
  3.00883831e+00 2.82023854e+00 6.78572231e+00]
 [5.09368836e+00 4.36732983e+00 5.90278571e+00 4.71919725e+00
  6.27891410e+00 1.41468181e+01 6.95070867e+00 1.08274649e+01
  1.22517276e+01 1.83054343e+01 2.63235063e+00 2.68962454e+00
  2.45281542e+00 2.17440736e+00 5.04232430e+00 5.92455546e+00
  1.91753406e+00 2.91164202e-29 3.26437056e+00 1.40343863e+01
  3.52926170e+00 3.33605765e+00 4.18950605e+00 5.35359502e+00
  3.91871557e+00 3.65983844e+00 4.50336394e+00 2.86178193e+00
  1.17320616e+00 1.11724835e+00 1.76809479e+00 1.76215039e+00
  7.90445185e+01 1.62211231e+00 6.73263322e+00]
 [6.31537364e+00 5.51428792e+00 5.01993735e+00 5.58087880e+00
  5.03994688e+00 4.69303480e+00 7.06360457e+00 6.79801015e+00
  8.19410569e+00 9.83550134e+00 3.08137258e+00 3.32137964e+00
  2.06070281e+00 1.83096883e+00 4.18507108e+00 3.56179708e+00
  2.07575286e+00 1.53121114e-30 2.64327241e+00 8.98661977e+00
  3.75545560e+00 3.89371241e+00 4.30462204e+00 3.77130469e+00
  4.04147300e+00 4.08557980e+00 5.03596140e+00 3.00548912e+00
  1.39655887e+00 1.34530994e+00 1.68508145e+00 1.32010075e+00
  1.95251758e+00 2.31764930e+00 2.20626795e+00]
 [3.66696921e+00 3.45197589e+00 2.61122490e+00 2.86061891e+00
  3.08101139e+00 3.78400577e+00 4.78282932e+00 3.97724521e+00
  5.57382573e+00 5.20045642e+00 1.31747664e+00 2.79436724e+00
  1.14778315e+00 1.43691658e+00 2.99173513e+00 2.60297326e+00
  1.08677006e+00 1.14811009e-29 1.89390615e+00 5.35139286e+00
  1.92930305e+00 2.04349548e+00 2.76178468e+00 2.54864976e+00
  2.73903104e+00 8.46654875e+00 3.75784767e+00 2.23998863e+00
  6.89364140e-01 1.02772907e+00 1.09496936e+00 1.06546732e+00
  1.15690788e+00 5.48375424e+00 8.08255463e+00]
 [8.75120852e+00 8.89245373e+00 9.71518137e+00 8.86746705e+00
  9.88300359e+00 8.77567557e+00 1.54359546e+01 1.23305411e+01
  2.11169030e+01 1.45900391e+01 4.29737516e+00 4.75243176e+00
  4.73295030e+00 3.93234533e+00 8.44567407e+00 7.51917159e+00
  2.93598173e+00 6.98853178e-30 4.40280122e+00 1.46134958e+01
  6.38637139e+00 5.78534756e+00 7.97660636e+00 7.18189884e+00
  5.99206463e+00 7.15430331e+00 8.87044154e+00 4.36295829e+00
  1.81895429e+00 1.73404100e+00 2.95190195e+00 2.74607219e+00
  2.12658465e+00 2.57996973e+00 6.60072170e+00]
 [9.32989204e+00 1.00625732e+01 9.59572595e+00 1.03207868e+01
  9.77927495e+00 1.05643701e+01 1.10077133e+01 1.12842358e+01
  1.52171118e+01 1.43640172e+01 6.02044819e+00 7.02133411e+00
  5.22733365e+00 5.73593849e+00 8.64338083e+00 8.46421347e+00
  5.64315709e+00 9.03275496e-30 5.28137585e+00 1.34650302e+01
  7.82992879e+00 8.72286351e+00 8.11794571e+00 9.65277993e+00
  7.50405873e+00 8.44635912e+00 9.91374842e+00 7.13677576e+00
  3.72382255e+00 4.30185437e+00 3.41100223e+00 3.10902025e+00
  4.37528470e+00 2.74261480e+00 7.30198840e+00]
 [1.72950874e+01 1.83473734e+01 1.66861788e+01 1.78316714e+01
  1.44040712e+01 1.36011721e+01 1.60392109e+01 1.60548414e+01
  2.02530099e+01 1.97829845e+01 1.08849429e+01 1.06088521e+01
  6.27311872e+00 5.03726216e+00 1.05861943e+01 8.40018973e+00
  6.88110621e+00 3.99572209e-29 6.26103203e+00 1.92985021e+01
  1.09960775e+01 1.18307571e+01 1.13632518e+01 1.02845373e+01
  1.39731469e+01 1.36997939e+01 1.61486368e+01 1.02355280e+01
  4.16597371e+00 3.62865754e+00 4.51961421e+00 2.72590598e+00
  4.04509051e+00 4.66203701e+00 1.98937987e+01]
 [1.90885587e+01 1.96236356e+01 2.08221800e+01 1.99949495e+01
  2.26964459e+01 2.06766239e+01 2.64802471e+01 2.43255564e+01
  2.49038220e+01 2.73412872e+01 1.10963656e+01 1.31758577e+01
  7.28239029e+00 7.17398836e+00 1.46400758e+01 1.21426425e+01
  8.23649422e+00 2.17391910e-29 7.79430572e+00 2.17016030e+01
  1.47665905e+01 1.42868597e+01 1.59137796e+01 1.49593838e+01
  1.45394243e+01 1.59028657e+01 1.82847382e+01 1.19404616e+01
  4.66694904e+00 5.10975296e+00 4.61564354e+00 3.94092332e+00
  4.95597030e+00 5.46358471e+00 3.15632562e+01]
 [6.30553816e+00 6.67383794e+00 5.72961622e+00 5.57590321e+00
  6.33501914e+00 6.28359509e+00 9.41053543e+00 9.32152797e+00
  1.15603320e+01 1.04761708e+01 2.96234505e+00 3.47184366e+00
  3.07541697e+00 2.69498336e+00 6.99344681e+00 5.58381153e+00
  2.50013541e+00 4.11984755e-29 3.38358029e+00 1.01978986e+01
  3.91618897e+00 3.95177573e+00 6.40970857e+00 5.70032806e+00
  4.39152786e+00 5.08354898e+00 6.23169028e+00 4.74932857e+00
  1.64800586e+00 1.63708815e+00 2.91292736e+00 1.79759107e+00
  3.01633828e+00 4.59134390e+00 3.26503083e+01]
 [1.59704933e+01 1.94662849e+01 2.46041200e+01 2.05853749e+01
  4.30034507e+01 2.59045645e+01 1.26143426e+01 1.49132154e+01
  1.10649757e+01 1.47095489e+01 4.20884044e+01 2.87081145e+01
  1.60762662e+01 7.23669889e+00 6.99692448e+00 5.55174326e+00
  4.23600645e+00 7.81526315e-29 2.81939768e+00 1.18661608e+01
  2.81459784e+01 5.66134177e+01 1.32940229e+01 1.44261516e+01
  1.94727651e+01 2.65718850e+01 8.59863791e+00 1.33337652e+01
  2.14307654e+00 4.87699016e+00 2.14719053e+00 1.82856422e+00
  1.58402242e+01 1.84008899e+01 1.75767769e+02]
 [6.23370849e+00 5.72766034e+00 5.39124223e+00 5.37389211e+00
  5.21649214e+00 6.00527337e+00 6.66248213e+00 1.00723001e+01
  1.97147459e+01 2.68684887e+01 2.30695127e+00 2.99957480e+00
  2.30020291e+00 2.62746506e+00 5.27472942e+00 5.49354519e+00
  1.48503026e+00 8.29308193e-30 3.11798064e+00 2.71387728e+01
  3.70412406e+00 3.79814563e+00 4.48367468e+00 5.27586156e+00
  3.69828333e+00 3.90653941e+00 4.93821318e+00 2.34474454e+00
  1.13512589e+00 1.35056572e+00 1.93080784e+00 1.60082511e+00
  2.04233276e+00 2.15125800e+00 1.84955664e+00]
 [1.51736856e+01 1.64442470e+01 1.42225092e+01 1.52533438e+01
  1.44839671e+01 1.73703655e+01 2.23151583e+01 3.30748530e+01
  3.63899572e+01 4.65032150e+01 7.78973034e+00 1.07383888e+01
  5.26994680e+00 6.46871576e+00 1.49570239e+01 1.64825473e+01
  5.48488208e+00 8.66140289e-29 1.05231480e+01 3.86297181e+01
  9.34636960e+00 1.08390465e+01 1.33524341e+01 1.59608582e+01
  1.07503757e+01 1.23308743e+01 1.33950908e+01 9.27065248e+00
  3.60200347e+00 4.03541278e+00 5.94623075e+00 5.28580783e+00
  9.63854387e+00 4.57572243e+00 7.34158827e+00]
 [1.18218697e+01 1.19419034e+01 1.38838590e+01 1.63765267e+01
  1.36810708e+01 1.90760935e+01 1.19343791e+01 1.29632971e+01
  1.38498165e+01 1.50507505e+01 6.33813233e+00 6.91697241e+00
  4.89045459e+00 6.02917264e+00 8.07857058e+00 8.23715819e+00
  4.39045366e+00 5.57053196e-30 4.89469128e+00 1.43821379e+01
  9.26373566e+00 9.36322035e+00 9.70925564e+00 1.09850588e+01
  9.10296136e+00 9.76307190e+00 1.12638316e+01 7.35097493e+00
  2.73620586e+00 2.73392989e+00 3.41087415e+00 2.61065276e+00
  4.63405672e+00 2.22515348e+00 2.90413578e+00]
 [1.08873316e+01 1.42867152e+01 2.44559592e+01 1.78285015e+01
  2.96329394e+01 1.49326203e+01 2.13672551e+01 2.59135949e+01
  1.93111927e+01 2.58956327e+01 5.75659255e+00 7.04944610e+00
  5.14122011e+00 4.11729479e+00 1.03262750e+01 7.25775342e+00
  4.23520904e+00 2.67333194e-29 4.74981560e+00 2.11047647e+01
  1.27461347e+01 1.12097409e+01 1.41693720e+01 1.01764535e+01
  7.11955690e+00 6.93336550e+00 8.21930021e+00 7.40862054e+00
  2.61034517e+00 2.85432101e+00 3.55190642e+00 2.17936148e+00
  2.26567141e+00 1.89755242e+00 5.27060374e+01]]