[[ 6.36546394  5.23171878  4.09965023  7.92664065 16.61810176 20.66709843
  23.34125407 30.68337645 24.96789105 23.98142576  8.73876335  9.45870529
  16.13396266 22.83953109 24.62310539 29.08258981  9.60267016  1.51225303
  22.49061868 22.8696163   4.880184   13.83074504 20.31274055 28.10778311
   3.54171227  4.3468112   7.57849095  9.51904907 10.79905691  9.98272706
  23.53818205 27.19608512  0.58236079  0.7967364   5.33739909]
 [ 2.25060571  2.12032884  3.69069917  3.10337791  6.54847247  6.01510871
  15.05658234 12.87833788 24.33059301 18.1542255   4.57438372  3.07908201
  22.90146674 17.40923141 16.35447133 11.23213028  5.12602992  8.21450232
  10.23231746 18.47597045  5.76812723  4.15800037 14.60399253  8.4302401
   1.51060181  1.82723312  2.34164813  2.37548798  6.67682482  6.67425749
  15.16455311 10.86061961  1.11049661  0.60854267  9.93093242]
 [15.68759428 13.58412932 13.84354848 14.56442581 23.27186283 30.3075375
  41.74231893 46.92236687 65.66480065 66.63496712 17.92753495 21.46314527
  34.79938328 42.20210191 50.2203614  54.8362688  23.45040821 55.38589728
  52.70029486 63.07971033 21.47327308 23.05816693 38.29950538 47.65465304
  15.50481883 13.19420846 17.30888513 17.96971557 26.87573904 25.41351727
  51.4541655  48.78328504  1.72193684  4.87046241 12.74331797]
 [14.40813636 14.30291759 14.93176785 18.1289723  27.94107793 22.5352691
  39.48514553 40.23272951 40.22221156 41.30004437 23.202526   12.26762156
  30.07132758 32.0448023  39.90121713 41.99035177 22.85735539 19.76781072
  38.16902214 39.13122653 25.61954712 23.70620449 34.46915098 35.59067301
  14.9896139  17.32519136 14.98564186 19.19445944 25.91426915 22.71807448
  37.22988949 37.36198881  1.05739167  2.59494081  4.49806185]
 [ 7.18936276  6.42955967  4.8337748   4.42230273 11.91800031 10.92435109
  18.52831335 21.19717948 18.72699064 17.94720813 10.0254295   8.91600526
  16.11017705 17.55473133 21.02233761 21.07402    14.93900436 10.07914668
  18.71597675 16.97340795  8.56550395  8.5544737  17.2611571  16.69986509
   7.733091    7.42384158  9.19911129 12.78106474 13.72198026 13.12444421
  25.99815421 23.60511281  3.59089669  2.60419122  8.58498191]
 [ 4.54046322  4.49652219  3.83934427  6.59704658  9.19366798 12.44761058
  18.36072523 25.05207476 24.05722045 20.55927108  7.55553714  8.3659069
  14.96827079 19.64078151 19.13327154 20.64277764  7.6913051   8.16441616
  15.92413834 20.07530636  7.17031297 10.14004815 14.06349618 19.57768768
   3.5841353   4.48810852  4.61205571  6.65467351  9.26160867  9.03698539
  16.53679963 16.77447652  0.8805609   1.35879529 13.8520547 ]
 [ 3.61703716  3.1572307   6.18180916  3.50704315 20.86275119 17.02735152
  35.47595428 39.77879057 46.46025329 51.71135544 10.73938819  8.88806688
  15.60117948 14.42888285 35.65835569 41.53206418 11.25940076 14.30469707
  46.45405219 51.14917603  4.29190421  8.25465802 26.44031323 22.1369356
   6.76651579  5.0709981   4.35342256  7.06412391 13.0379171  14.24614187
  30.48957105 34.21634271  0.40372764  0.47910884  2.99164667]
 [ 5.93673296  6.57225978  7.78914924  7.69433282 15.57846883 16.58256273
  37.18767413 44.64041822 44.48902096 39.82272477  9.96991322 11.6735031
  18.46606074 18.87400488 42.13147531 42.00629662 11.40722054 23.00954488
  37.66587068 39.76722099 13.14219176 12.34314642 28.3646591  29.44132422
   8.81737979  8.64486857  6.85322081  9.30571455 12.84318248 12.97219544
  35.47978004 31.83360927  5.91339377  3.00842748  6.46862158]
 [12.04048504 13.51630684 18.73644625 14.18561904 35.11282247 31.64635809
  49.35298107 59.25074017 65.75330343 53.7392534  19.07916386 15.84747951
  27.9402942  21.390503   44.75579346 44.54586839 13.09568581  5.81945721
  39.17425482 59.19813723 22.08622361 14.38678883 35.67554604 38.61885892
  16.45047652 12.38820027 14.42339726 17.74228921 14.29022683 12.53402363
  28.54769747 27.62629502  2.40546012  5.53635214  8.82667409]
 [ 0.91226858  1.44651267  2.20571392  0.45811756  4.20889473  3.0879348
  10.17938677  1.74732927 14.31220205  2.73232072  1.64308641  0.12666306
   5.66828523  5.87811977 21.16724867 11.46563984  4.78333129  0.93740353
   5.48311206  2.22936913  0.67173867  0.380899    1.56114629  1.34370477
   2.02525155  0.35734209  1.98244705  2.58044574  5.82870806  0.78699205
  16.40173078 11.98006609  0.18391521  1.1959409   3.12515708]
 [20.60252549 18.3699755  27.55040955 24.3452262  37.58375278 41.36855287
  66.43300473 67.02313036 76.01772512 73.15055515 25.05191947 21.63486031
  40.69063265 34.90853444 59.85897972 65.1660208  22.44520914 65.55982496
  58.08327443 73.16247405 31.69208188 28.54538967 51.29297624 50.54848981
  24.71563893 21.00849497 20.95473725 23.36410144 25.60525887 25.17614007
  50.40754693 40.56554859  5.75282715  8.82892517 15.1982283 ]
 [ 6.52143446  6.25002787  6.33102084  6.57913846  6.86126524  7.06664769
   8.23787923  8.90526703 10.86273461  9.76966574  7.18151735  7.52845405
   6.70964052  9.12624269  9.21039408 10.32242518  6.31719564  7.22459149
  10.5827074  10.25618607  6.61975514  7.68807859  8.32278132  7.86972008
   6.82532154  7.23505931  6.68519389  5.80890962  7.50491552  7.05826318
  10.74416895 10.83441988  2.33241971  3.18586     5.46225296]
 [ 4.08168472  3.63536008 13.90284514 12.03437418 16.69217562 17.00259632
  20.03030039 19.49638893 17.35582947 16.2097978  15.00716977 13.06447023
  18.09922901 20.90857078 18.8879186  20.63221891 12.09988286  8.01538876
  19.89753507 15.2445211  18.02418846 16.29919382 18.23081203 19.5197658
   8.50278738  7.75665956  4.82580667  8.68434391 10.32831425 15.90544225
  17.25184656 19.64995411  0.68467692  0.720916    5.34724213]
 [ 8.08193762  8.34357896 13.8817911  14.1125044  18.01842065 22.71696816
  39.01078891 37.64366151 38.87608861 38.36830172  9.2687857   8.90507036
  24.76365857 18.92561592 41.42296591 32.64298094  8.0086881   9.82920478
  30.25800842 33.75279276 14.80669573 17.48588348 28.16921561 26.59251538
   8.95747643  8.3709941   7.91366256  7.38714988 11.86553984  9.00371079
  37.01447661 28.92933075  5.3797109   5.79581412 12.14443048]
 [11.59776049 11.18341502 16.67751433 13.1220532  27.99598083 22.55076751
  34.40506015 32.9550366  32.854919   31.59522224 20.12104738 17.00075681
  32.07149949 25.30334839 39.33272051 39.14184059 21.10527337 27.32983816
  38.87825525 29.52432016 17.86598744 17.29200883 32.81933435 29.9172108
  16.31954138 12.16609866 12.29067156 13.29916542 20.40717362 19.6810691
  40.47599053 37.35508801  3.9261041   3.5144875   2.38778758]
 [ 2.50947907  3.15757772  4.22953279  3.34641509  3.43818435  6.5956011
  11.74199574 18.94947001 27.19594331 22.09231592  2.07501828  2.17941082
   4.19307349  5.24610671 14.04700818 19.93698547  4.17701409  5.68415511
  12.76734868 22.19808094  3.86599603  2.66495744  9.4808059   9.41460148
   3.14136524  3.29818487  2.82628682  2.46356332  5.35881668  3.89378566
  15.12683642 15.42714865  1.3463934   1.41621928  7.06007922]
 [ 4.9264176   5.64511378  6.62442913 10.03589776 12.01826485 18.42856898
  15.08282169 18.30536605 15.79981184 16.07366821  7.53960068  8.58419492
  15.52946197 25.64704784 20.68228548 25.87842218  7.5890564   6.21175083
  20.76495992 15.63616376  8.77775975 14.10507272 18.29469536 27.52146945
   6.03549791  6.94068029  5.65915971  6.65051057  7.72875757 10.89026344
  25.64118194 24.11541572  1.83960873  2.98693702  9.06164532]
 [ 8.521563    9.58282311 10.88185059 10.58759001 28.68458211 28.50289806
  41.94638109 45.60235492 37.52542163 41.97047444 13.4785335  15.83494399
  32.21800701 34.05147443 39.63098447 41.85489666 18.81575374 20.42371586
  32.93174927 35.090963   19.79701608 19.80971652 39.52433418 38.86797848
  11.69723762 14.81438184 11.2496562  14.96876567 15.93307516 17.29812957
  40.43831355 41.06823884  3.31982581  0.78945935  7.69261081]
 [ 6.14203581  5.83509709  7.44950729  5.6744796  14.56956587  9.31935119
  19.19943886 16.47301203 14.13490244 13.90768624  7.39848203  6.27548433
  17.46388544 14.0082891  19.44716349 17.11828549  5.7325109  10.89304821
  18.28989293 13.82714164  8.76646377  6.8310348  20.73803593 14.50298307
   6.54801188  5.86877307  5.74843819  5.54560341  7.31279764  8.47243493
  19.38950883 18.31017104  5.2692804   3.55297884  4.16428912]
 [ 1.31543309  1.99707414  0.32631877  1.75144092  1.16516528  2.4084721
   8.10321771  4.11810535  6.11500052  7.61448854  2.74103467  3.51918806
   7.02091412 12.16679935  7.2026675  12.78535632  4.3344386   1.40011158
  21.37876335  7.95691654  0.88826182  2.45307892  4.5932526   6.69977493
   3.72248201  3.52897588  2.71377982  1.77347278  5.12184903  4.18463454
  12.4930754  14.72406531  0.11968704  0.42465982  8.94251745]]