[[80.82471128 84.12490012 88.07832401 77.91191064 58.26226219 51.96263132
  45.43447297 41.61286109 41.08857334 41.80658879 72.01833051 68.72896185
  56.0478604  48.18592262 41.93124912 39.90900547 65.79162581 94.83392093
  44.10016908 41.8998477  85.37431054 62.98146577 49.2736898  41.80659086
  89.1210943  86.48362106 77.39216135 70.14004233 62.47775029 62.38707738
  42.35354055 40.95749529 97.56297513 97.22159076 81.7419807 ]
 [87.64828577 88.69187506 80.01857947 84.23431503 70.70209433 62.33307651
  60.40896381 65.4032203  56.57099676 61.29258124 77.5927493  85.28939552
  53.82770999 55.37359323 60.21329302 64.01833708 75.06489857 71.20577866
  70.16380657 61.89693164 71.69113495 79.91726846 58.75574452 46.49176026
  92.44969826 90.42809148 87.30599467 87.93977016 68.85513535 71.90854942
  63.07291687 64.27533746 83.72298337 92.97938992 60.53485181]
 [58.43511582 63.8462777  63.92242459 63.89393419 39.86693263 37.83034832
  26.45645506 27.84513424 14.36334556 14.28005115 57.17493365 44.86100922
  34.29467022 23.33172908 20.24831855 18.52457709 51.37915943 23.69659855
  20.27485264 15.45309212 51.2170579  45.02844627 29.38887508 22.91040994
  49.48408017 66.78954819 55.23338647 54.37182796 39.92586861 37.47370776
  19.95970365 21.66594475 93.57823226 82.28380767 55.769935  ]
 [54.60658305 53.81873261 59.17617661 51.24060497 31.46872175 26.30187495
  29.48252294 33.43304558 28.62907412 28.79258399 40.10901374 50.84010027
  31.09011503 36.1688517  29.40448977 33.23469057 43.08603761 61.02893
  31.73418606 28.90348257 36.12940468 39.23554797 29.20529263 32.63498072
  52.70220002 49.47598974 56.50219428 48.30300166 38.78811573 37.37538704
  29.00197827 33.06150281 95.15896444 89.46641497 77.18194606]
 [70.96561905 75.54701864 80.48981792 83.05883538 51.57182639 25.32127515
  40.54039626 35.5106025  35.57902178 38.41447912 58.31205851 60.79980376
  50.45058903 42.38282526 35.63660947 37.68914405 44.78610354 66.81117893
  37.54243957 37.36662035 66.40482109 60.59800389 43.33957578 30.0980551
  69.0761587  69.64007595 65.4473235  52.12190228 45.9807556  44.95276621
  32.43654602 33.28676123 86.89611102 90.12766915 69.55910566]
 [79.87406592 80.31299555 83.36519083 69.5080553  58.88247341 53.53535938
  43.95666616 40.54356155 40.032971   39.60436482 68.08346436 60.00918486
  43.9174102  45.56802091 43.73825878 45.03968313 66.06539006 64.71858293
  48.88097493 40.97179129 64.69136138 49.17746154 44.93593661 45.29095315
  84.95441381 80.4593664  79.0602176  71.14904318 59.90950213 58.47332857
  46.52233379 49.36423393 95.28026306 93.88490951 49.70221615]
 [90.00433013 90.74308813 84.52728991 90.52268024 55.11649012 57.70439232
  39.3274845  34.75298085 31.35217687 26.78651575 72.17732182 74.30576267
  59.30342088 59.6842719  33.94089761 30.66588631 67.29225105 71.15483388
  24.97945917 26.18150367 88.61960432 78.02665574 45.25068246 54.33069776
  82.65830177 85.50331757 87.37216989 80.31972347 60.97318573 55.79897287
  40.75925817 36.43217304 97.5088693  97.71612706 88.23525378]
 [74.03209343 74.1990953  70.51229292 73.67226251 49.52479523 38.5225833
  28.16023938 27.08448119 25.70549155 23.84301538 60.87908668 59.60349179
  50.37406142 50.6062694  26.51198221 31.08192672 49.5949368  46.44154367
  33.7605172  27.23493483 54.63927619 59.11504685 38.18074856 36.56273349
  62.68402699 68.94331483 69.63942016 56.01892394 53.93629627 57.46074183
  33.90866885 38.2753567  61.16662909 86.71769793 74.24380041]
 [72.40304119 67.51168155 62.76170232 67.07247703 44.01504682 47.83354025
  34.51277665 26.24660316 21.03572522 32.4035469  58.69869595 60.21081152
  46.64951533 53.79238052 34.83384278 35.57871819 71.48788158 85.49013369
  40.31721412 26.4937415  57.12531022 66.85657757 44.93219522 40.02550921
  63.33683386 70.13327585 67.32713343 62.47372202 68.08105613 67.63830994
  49.42008877 49.60521084 94.73292738 88.67377125 77.6974838 ]
 [96.98081649 95.28354835 93.25875271 98.53175916 88.22543441 90.9807361
  80.66048125 96.77138413 76.14971592 95.22456894 94.75660208 99.32467632
  83.37593079 80.66786062 59.70776377 77.43953159 84.88734157 97.89299168
  88.59658574 95.80114246 97.74787202 98.66643994 96.19589069 96.51950448
  93.93677174 98.87036997 93.71965603 92.18386301 80.99014022 97.37112385
  61.69145947 68.22489591 99.08517064 94.73339789 91.04542839]
 [60.11669899 63.28608892 52.78528239 55.53679251 45.26608343 37.61230512
  18.44354159 18.3485093  11.78812144 14.3629664  50.29622091 53.98373809
  31.59166256 35.37908636 23.16322788 18.48117012 51.63681989 20.56239796
  23.42097682 13.95552941 46.07376021 48.96614845 28.98407257 28.7877063
  51.86711973 58.83755633 58.34924091 51.75562654 47.99315676 48.85947579
  27.04187698 37.2332139  88.25912434 81.90136374 63.712425  ]
 [63.5447619  64.89937175 61.00216875 61.37351667 58.82724253 58.19231522
  53.59516365 53.92017573 50.46889216 52.88323632 57.81115634 57.37733693
  59.4436184  44.34144738 52.53400043 48.38610962 63.23730512 57.47477551
  50.69704139 50.18219743 57.43485543 56.14457043 52.62806306 57.32143854
  60.60525893 60.27249478 63.18989639 66.55622216 50.02027928 61.85569898
  49.60226178 47.65933742 85.16725072 76.9436163  63.63331819]
 [83.80646056 84.55758005 45.99397653 49.38476443 44.1231642  37.75750372
  36.06915198 36.60383367 36.67350207 34.48699493 42.97153531 47.35810506
  34.31923819 31.55823757 36.04268916 33.67558636 54.25921125 70.95152981
  38.16051333 37.13408856 33.85143174 35.96424917 38.56960665 34.30028167
  66.1507314  67.64091146 81.16623559 67.19842663 61.85961519 41.58025843
  41.03641204 33.64980908 96.767805   96.41995523 81.43268549]
 [57.96162146 59.8879923  43.52126234 50.49608608 33.21369317 31.81038159
  20.53906007 23.36805982 21.33713489 23.6241934  45.64983935 54.10554785
  24.32630136 32.72827801 14.8119134  18.6036254  51.71202029 58.14333723
  19.2087518  23.88749455 36.87665214 40.43501559 22.9513902  25.13905413
  52.55074906 57.99189634 57.18096551 54.19417843 41.68452588 50.99671218
  15.89196244 18.72522967 71.60616613 75.91669662 53.83325408]
 [71.53151949 73.03283331 60.11253296 68.26333318 44.21938553 48.41947706
  37.2808257  38.7501613  38.83758923 42.1991362  51.89735235 59.60176009
  37.33793005 43.04761229 32.14717079 34.123427   54.91306557 46.38731709
  34.22983376 43.40636816 58.09490915 57.11300532 38.60186425 38.9716634
  61.99770061 71.44679131 70.04951381 68.54382041 50.73197691 55.0324531
  32.49841287 33.77658649 86.35726084 86.60983612 87.45145636]
 [87.85189039 84.43596181 74.72110359 73.85830956 76.30943851 50.98430504
  68.94322608 56.84539854 46.52866428 53.13127718 88.42415629 85.12980737
  73.96913976 58.51012919 59.93968993 47.06502927 78.0370507  77.15410515
  56.91424918 49.9962524  73.50227606 77.19361431 61.04723383 60.06636125
  83.91364601 83.19298504 86.0811753  88.0539373  61.98264384 78.57448902
  51.25241544 48.78980206 92.69585597 92.99556588 68.80602746]
 [79.78980192 78.28097396 72.98282135 65.30593683 62.06976648 52.06501043
  58.28420278 49.85586086 43.17247331 36.23195037 66.21942347 66.68126134
  57.72626634 42.8916434  52.07524976 43.29708173 69.85068578 72.32118157
  50.76328035 36.17200594 64.56204218 56.99043558 55.61626404 43.66191757
  74.03449039 72.65783208 77.42275724 73.9998604  68.12994309 58.03981458
  48.2542519  47.57732481 92.31945938 85.48435552 64.13501557]
 [72.96525932 69.62453068 65.74412432 69.9333462  31.30455675 36.2087685
  19.24804326 19.03298563 21.48206319 17.33120042 48.6826804  46.22093545
  27.18474384 32.03619103 22.19583292 22.59044882 39.6343929  46.49104242
  30.51952955 20.76181169 42.82108099 50.4146341  21.41209327 26.05953213
  60.91905652 51.96968447 64.90663254 51.25489021 41.20061863 38.14643947
  22.40258712 25.08785766 85.16718789 96.26518877 71.8017    ]
 [58.15556463 58.86689264 59.62687655 60.70157096 46.37866465 56.43373863
  35.21733904 37.91765431 41.94091856 41.52588634 49.73137878 55.41865433
  32.42659821 40.59195346 29.52308029 35.3775496  50.90744357 54.20529326
  32.56139705 41.74343772 58.49689111 62.24373196 27.76221684 40.1081114
  54.43409311 57.47637598 60.75805336 56.27171324 45.81540022 47.06792727
  28.57892194 34.59475651 60.54126465 78.39682235 56.82816288]
 [93.96440403 88.26847318 98.46078682 91.6598071  95.43961585 89.8040102
  78.38930436 86.90653951 82.74905509 75.28051539 86.50905692 82.41762694
  77.66088829 60.44947734 81.78163656 66.95867561 80.25213347 94.93643788
  50.92863476 73.76017373 96.13603366 89.21483748 86.50740441 77.78452116
  84.22525429 83.69641689 88.57266615 91.30876948 76.33948187 80.39469615
  67.17786528 60.51067819 99.44457593 97.93770321 58.3818646 ]]