[[ 8.35070181  6.97549285  5.23861007  9.47664958 16.76423167 17.63036651
  21.60392634 18.37883552 24.32539282 24.55542297 12.412278   13.09972636
  16.57954446 15.39215176 21.31818145 19.51390486 15.8966362   2.19059263
  21.08128299 25.69257337  6.2953488  14.59967883 19.64908394 18.57317428
   4.7713257   5.96888065  9.88880075 13.27911497 17.39105748 15.6742806
  20.15158352 18.50838433  1.09911417  1.05709031  6.51742862]
 [ 7.15677418  6.51162229 12.10777608  8.59048521 17.95044946 14.61636266
  18.94793809 15.26878414 13.20331273 12.80462636 13.36049197  8.0909589
  18.1307348  19.78639229 17.4861446  16.89695661 15.47144116 15.38731681
  14.34808228 12.77958381 17.36584684 10.32043317 20.21070511 13.86446934
   4.50706702  5.45770376  7.65752474  6.90563835 19.03752573 15.27621156
  16.64357486 18.82282194  2.69334984  1.81187642 12.59198786]
 [10.18229504  9.59254994  9.89693187  9.36248643 11.63962234 12.00829705
  13.38966075  9.14245105  6.70159456  6.26816712 10.11316743 12.19634674
  10.70478365 10.05495481  9.04626755  7.86133867  9.79823507  6.824391
   7.78592019  7.3643252  11.18971962 11.74628365 12.06342804 10.02694042
  10.12900484  8.12256251 11.25001346 10.91493078 10.27903189 12.35540811
   7.91403947  7.94035845  2.43051464  5.22463075  9.90485814]
 [15.77974812 17.18515341 14.77297093 17.87242634 17.89135781 12.60653369
  14.25200346 11.39488057 12.32864899 11.50256881 19.32210481 13.18655528
  20.94968493 14.19879437 14.20416389 11.5481435  20.32521021  8.61126325
  17.12620721 12.89292836 20.95967783 19.0673092  17.79424412 13.13272268
  14.05089727 20.04609445 17.09157507 19.92889437 19.45705955 20.66833189
  16.55085244 15.16635969  1.84614677  4.0671152   4.06545088]
 [12.54707113 10.34229743  8.4296677   7.07264113 16.24835655 10.23566455
  26.12591884 28.76067648 30.7681628  31.68244716 16.19771591 14.32867578
  16.21264063 16.51151149 26.54171645 24.59386251 20.64109045 14.94368377
  28.19628653 32.69911102 13.41067704 12.91595784 22.61464375 19.12877503
  12.75518147 12.0296384  14.64041103 19.34145711 18.25793683 18.82202245
  20.52792453 20.44211579  6.0450324   4.29797556  8.72940826]
 [10.11163427 10.20786417  8.12032543 15.84958854 17.97884842 23.61081011
  27.99001628 22.32929467 24.57581514 24.36543187 16.49035291 20.52399032
  21.1318607  21.34206934 25.31558603 22.66216843 18.27041102 18.68266423
  24.44465731 25.81758832 14.94033956 19.29029432 24.07673175 23.19840544
   7.37383442 10.00032606 10.73054859 15.28261732 20.47110736 20.45280285
  23.88781541 21.41715525  2.01013934  2.865775   17.74151029]
 [ 3.44796193  3.43496608  5.26555283  3.29856111 13.97649492 11.26126254
  15.17983722 15.01059229 11.78529919 11.58510944  8.63739777  8.53962243
  12.52790596 12.27662984 18.76947082 16.0516711  12.60765835  8.76341303
  18.43692385 11.88229655  4.19645572  6.84273478 16.90621403 12.88891968
   5.64889934  5.1009763   4.58416468  7.2673982  12.66998674 14.8796541
  16.77142359 16.07010537  1.53432162  1.41230687  3.91538786]
 [14.84862723 14.20465974 14.56176706 13.02603166 22.71995094 19.16892239
  27.55480048 20.65736363 19.88089755 17.326412   21.85309761 20.83930771
  19.70957448 20.06257672 23.35908364 19.22166179 32.44852977 22.82987315
  20.351326   18.41475513 22.59477242 19.92167291 24.2057907  23.50647561
  21.79447023 16.39294498 18.11410883 28.96714821 24.84647137 20.36937914
  20.4902352  21.26874176  9.78796598  5.00025724 13.02474127]
 [ 8.98073019 11.50082293 11.97185662 11.18009356 12.94565619 12.5185081
   9.52337004  8.71400199  7.57168047  7.47684513 12.7883996  13.68506939
  14.17421417 13.48667779 10.17717995 10.79664165  9.01837524  5.16978214
  10.37130297  7.79078181 12.48410419 10.76263226 10.90483835 12.22982044
  12.0963823  10.09055703 11.00213787 12.02137788  9.38491454 10.54182967
  10.58562601 11.85418202  1.43428933  2.38075318  6.26669612]
 [ 1.2033204   1.89144789  2.59060253  0.6204566   4.20140021  3.33067115
   4.86212163  0.94495323  5.69878573  1.29084196  2.17781776  0.41687301
   5.83573704  7.77150292 11.05185219  7.0436452   6.39923899  0.73268517
   3.87709415  1.22705975  0.90004946  0.58556145  1.39766764  1.34820579
   2.21348626  0.40346064  2.39685712  3.0941625   7.70848116  0.85517813
  12.55518687 11.26912364  0.3106252   1.1794055   2.3642947 ]
 [10.44313599 10.08327255 11.53883833 12.06206761 10.43198561 11.7384565
   7.49393216  7.30173861  4.43143012  5.38607298 12.86897513 12.49567265
  10.46208129 12.85340405  6.65922592  6.875422   15.19824264  5.78113152
   7.23003298  5.28142311 12.56529018 12.62656288  9.60211451 10.10737914
  13.11337816 11.2409013  11.00706249 15.4055178  13.38125184 12.37322634
   8.28873767  9.01088155  3.79959393  5.62346564  8.52009275]
 [22.85088139 22.06252949 25.71751636 25.03180393 26.52711519 26.25985797
  29.76978833 28.02566573 30.63958593 29.52052084 26.73412245 26.30268286
  23.52590576 30.09560884 28.01618336 28.74057276 22.85093583 27.78200013
  26.8157587  31.34270067 28.11920121 26.93180541 29.54467108 24.56589043
  25.01487608 24.24882827 23.00926808 21.11955514 31.94857249 22.16939858
  25.65492867 26.73044823  5.19271458  9.46829866 18.03669243]
 [ 3.21887164  3.17779705 11.66459105  9.6854655  12.32376855 13.37066262
  13.69523993 12.78286731 12.59049937 12.97713092  8.74783728  8.24549829
  13.07650238 11.45377989 12.82340919 12.3675947   7.80268058  6.45003753
  11.30635672 13.41511602 12.70069669 11.11848992 13.02850073 12.95265824
   6.4897404   5.33762054  3.51800202  5.66986663  7.81903867  8.93540091
   9.99588517 11.86069712  1.07639342  1.08917537  3.80799326]
 [28.98772763 26.60564296 35.19626134 28.3314479  40.44442015 37.04558838
  32.30820936 31.54306666 31.30924075 29.05062995 38.74077935 30.6972723
  37.79130733 36.09933147 35.47134505 38.57287011 35.64250442 28.78261831
  42.98852742 33.73729928 39.50157891 33.50943001 40.38010962 38.75988171
  32.85375562 28.18557131 30.05938417 34.02521043 38.16655283 33.33831699
  38.57416277 39.61908697 19.87724546 14.42324084 20.070133  ]
 [10.51993975  9.92859193 15.53371442 12.02360952 18.22820308 17.18501076
  16.85352165 17.09640538 15.09631666 15.35448718 16.08327113 13.06330997
  15.84456072 16.41251042 16.11968043 15.05521517 13.40090474 16.0342206
  14.98562223 15.09179312 15.82222834 15.25799189 17.15119571 17.74444566
  13.2760769  10.00839056 11.65766145 10.80973727 15.39718239 12.75598927
  14.10595754 15.20309517  6.16908948  5.44097714  6.57488827]
 [ 5.41659868  6.07485552  8.57304499  8.27135789  5.82935917 11.17655764
  11.2175371  13.21848592 18.03707243 14.32095044  3.24957655  4.09920496
   5.58649301 10.41711802 13.69910038 19.3169065  10.50178434  6.18346544
  18.31156798 18.08108487  7.25695773  4.01572875 12.02819517 11.39888944
   6.09202316  5.60636308  6.9424776   4.955337   16.39184508  7.55524469
  16.43437989 18.62892533  2.27780998  2.63398897  7.03865869]
 [ 8.29427084  8.79104258 12.03538059 14.0658256  15.29987135 16.72428714
  14.67219631 13.91435812 11.19024469 10.93775793 14.37498948 12.47506934
  14.30437975 16.49542455 14.02032096 13.9109255  12.29664504  7.37482635
  13.28977796 10.87312876 15.54008103 15.9827086  14.92420916 15.32398165
  11.42547403 11.34692519  9.57030144 10.83471229 12.9733304  15.23016808
  13.35785941 13.69016716  2.79108614  4.8753309  10.67260885]
 [14.12122003 15.41364395 18.61102987 14.55026275 32.44669107 25.63290292
  28.34403782 21.68023231 25.31181096 21.84529798 28.77573278 26.782774
  30.5044631  21.45976203 26.28828643 20.71891204 30.98009339 26.12044849
  25.75956536 24.69949075 29.703638   21.65822139 29.1394985  22.84822218
  20.58468904 24.10833171 18.0387341  25.53753984 30.89445525 30.31543335
  25.68173481 20.64145356  8.79463881  2.23193008 11.35741558]
 [27.72005784 27.29342685 23.72522814 20.16631209 29.71276853 21.67685352
  38.05482501 36.1306694  33.77346539 32.3357769  33.89940464 27.1410451
  36.49209139 24.58619053 40.7384685  36.23749824 35.41347645 25.96258122
  37.52978488 32.74349678 24.13374809 19.34020655 41.28437459 31.97064501
  30.31192518 27.30247432 26.01065663 30.46416518 37.0100761  31.25785125
  39.45917129 34.52400787 19.39782008 13.05005355  9.80734293]
 [ 2.49919903  3.9641201   0.62680167  3.39168965  1.58908134  3.99404795
   6.74090451  4.73292738  6.09844392  9.43447439  5.74581711  7.14094077
   6.72440026 12.59313111  5.65703543 11.05645911  7.83392729  1.72081557
  15.0675439   9.95098522  1.44580593  4.18818034  4.29825226  8.3408211
   6.5691732   6.46611548  4.82474511  3.58748898  9.63482702  7.89271139
   9.81862804 11.67158377  0.22399897  0.87059622  8.40937702]]