[[9.64779887e-01 7.05969669e-01 5.05034271e-01 9.38466762e-01
  1.37819777e+00 1.63012443e+00 1.36063833e+00 1.54092176e+00
  1.58164700e+00 1.81595028e+00 1.34809085e+00 1.85048913e+00
  2.00714122e+00 2.36799073e+00 1.71222115e+00 1.80816565e+00
  1.91194244e+00 3.47052180e-01 1.91271127e+00 1.68674355e+00
  6.98927481e-01 1.60244388e+00 1.55155802e+00 1.71358914e+00
  5.01812342e-01 6.59077401e-01 9.72132161e-01 1.36891559e+00
  1.88070401e+00 2.70031293e+00 2.25052606e+00 2.03920170e+00
  1.97895897e-01 2.69661302e-01 1.63471110e+00]
 [9.17637867e-01 8.27033833e-01 9.54794353e-01 1.10796962e+00
  9.60329911e-01 6.77689121e+00 8.86948060e-01 1.33536039e+00
  1.10261611e+00 2.07753801e+00 9.57052546e-01 7.29693231e-01
  9.53570328e-01 1.78931157e+00 1.07304783e+00 1.88488639e+00
  1.03596981e+00 1.52580237e+00 1.04087250e+00 1.66800437e+00
  1.11368026e+00 1.57260109e+00 1.55597493e+00 1.43414904e+01
  3.53856016e-01 5.93974726e-01 8.84539193e-01 6.00654373e-01
  1.17302255e+00 1.29535095e+00 1.04866886e+00 1.40104671e+00
  5.16966758e+00 2.07143466e+00 3.48417271e+00]
 [3.67083518e+00 2.59600962e+00 1.82557421e+00 1.52712103e+00
  5.71725138e+00 2.53441219e+00 1.17247055e+00 1.12741089e+00
  7.81720727e-01 7.71251283e-01 2.51105059e+00 2.36757245e+00
  1.97456373e+00 2.44327220e+00 1.55072151e+00 1.48240100e+00
  2.50218935e+00 1.16812440e+00 1.42860003e+00 8.80800615e-01
  1.95085572e+00 1.96809241e+00 1.64362193e+00 1.73082576e+00
  6.86719216e+00 2.01153379e+00 3.71405465e+00 3.94166782e+00
  2.28341185e+00 2.38437365e+00 1.69925134e+00 2.01586336e+00
  4.48939820e-01 2.29351842e+00 5.89337576e+00]
 [3.78052136e+00 3.11114789e+00 1.67994028e+00 1.89469729e+00
  5.28712670e+00 1.26258721e+01 2.30635670e+00 2.32594390e+00
  3.71480666e+00 4.60412604e+00 2.91082723e+00 7.54003668e+00
  2.61178259e+00 2.36807373e+00 1.80401640e+00 1.58723171e+00
  1.85516262e+00 2.66134482e+00 1.45509580e+00 4.57840958e+00
  2.64548762e+00 2.87124413e+00 2.84250132e+00 2.97155515e+00
  4.28975402e+00 2.02686154e+00 1.70163652e+00 1.83290789e+00
  2.07458769e+00 2.42276687e+00 1.94647976e+00 1.63912173e+00
  4.91483515e-01 1.07799721e+00 5.03128915e+00]
 [1.53517020e+00 1.31275802e+00 1.07538767e+00 1.03520365e+00
  6.48903966e+00 2.66708665e+01 2.32108022e+00 3.13177395e+00
  2.87338388e+00 1.76243502e+00 2.24997295e+00 3.29913823e+00
  2.62107810e+00 5.06627922e+00 2.50675661e+00 3.03845035e+00
  2.72437946e+00 1.27088914e+00 2.17343070e+00 2.11463223e+00
  1.85206552e+00 5.38685638e+00 3.11471044e+00 1.42583093e+01
  1.61049300e+00 2.08559983e+00 1.75621608e+00 2.30930231e+00
  3.18090842e+00 3.37794041e+00 2.90616624e+00 3.34701623e+00
  7.75258214e-01 7.18010594e-01 3.52365370e+00]
 [1.44777909e+00 1.27961712e+00 1.37567188e+00 2.38287422e+00
  4.57707016e+00 2.02346289e+00 1.51496514e+00 1.89836900e+00
  2.04185953e+00 4.37401458e+00 1.82112843e+00 2.49183835e+00
  7.20870413e+00 2.85398507e+00 2.30682164e+00 2.00853749e+00
  1.79627281e+00 2.18003953e+00 1.89700110e+00 3.25793259e+00
  4.65866419e+00 9.01393280e+00 5.47388104e+00 2.02826006e+00
  9.94399466e-01 1.15993256e+00 1.51956760e+00 1.60343271e+00
  2.24917041e+00 2.66605201e+00 2.63334884e+00 2.41157518e+00
  5.51996744e-01 5.23944827e-01 6.45299759e+00]
 [6.55811236e-01 5.56091520e-01 7.77761564e-01 5.16421507e-01
  1.77636705e+00 4.05022204e+00 1.25996189e+00 1.39821365e+00
  1.65549390e+00 1.27773097e+00 1.14664967e+00 1.17477531e+00
  2.26253677e+00 2.27666011e+00 1.22746744e+00 1.27658987e+00
  1.29737043e+00 7.70009231e-01 9.69274207e-01 1.64422004e+00
  4.85466717e-01 1.16129571e+00 1.56724599e+00 1.71152550e+00
  9.45143329e-01 8.16332367e-01 8.04426595e-01 8.80151133e-01
  1.60525045e+00 1.70975184e+00 1.27635437e+00 1.46604916e+00
  1.92898290e-01 1.00823749e-01 1.26136899e+00]
 [1.57275617e+00 1.31627257e+00 2.08154810e+00 1.52462034e+00
  4.27733968e+00 1.10550541e+01 1.37108221e+00 1.30891613e+00
  2.98869295e+00 8.04715383e+00 1.69312273e+00 1.79060181e+00
  2.34070339e+00 2.08277634e+00 1.18048605e+00 1.30036349e+00
  1.34954174e+00 2.14602837e+00 1.42205267e+00 5.48199022e+00
  2.53649104e+00 2.17385396e+00 2.04518458e+00 2.76247569e+00
  1.67947804e+00 1.49489032e+00 1.49224371e+00 1.28487316e+00
  1.75465020e+00 2.02606413e+00 1.64783937e+00 1.50554315e+00
  9.22619891e+00 2.37118181e+00 1.82258545e+00]
 [1.12395005e+00 1.27379659e+00 8.92829059e-01 1.01057626e+00
  7.47462884e-01 8.34387673e-01 6.26471752e-01 6.54887471e-01
  5.18818238e-01 9.89994858e-01 1.21576404e+00 1.36273902e+00
  1.30045747e+00 1.59558121e+00 7.83001714e-01 9.21695075e-01
  9.99091386e-01 6.16275097e-01 9.40545340e-01 8.14566623e-01
  1.08385333e+00 1.05680329e+00 7.52324347e-01 9.39550677e-01
  1.17002529e+00 1.10668180e+00 1.26271003e+00 1.05484167e+00
  1.19391224e+00 1.35345931e+00 1.19125829e+00 1.32953681e+00
  5.40216688e-01 1.10469551e+00 1.51497574e+00]
 [1.90334900e-01 2.81850771e-01 3.91851156e-01 6.72594557e-02
  7.39974405e-01 4.11041699e-01 1.16482659e+00 7.50813564e-02
  7.13955864e-01 1.04681510e-01 2.61406646e-01 2.66263198e-02
  9.55258732e-01 9.61276484e-01 1.30567531e+00 5.01290023e-01
  7.51960345e-01 6.04405362e-02 2.75775382e-01 1.32180354e-01
  1.43807922e-01 6.33478729e-02 1.43568199e-01 1.17050381e-01
  3.07929283e-01 3.72330273e-02 3.87602275e-01 3.08127834e-01
  9.49040267e-01 1.79030739e-01 1.46997107e+00 1.29198840e+00
  1.48170471e-01 6.20890176e-01 4.80987730e-01]
 [2.31303542e+00 2.08441629e+00 1.82429877e+00 1.44878889e+00
  9.37524152e-01 1.34626800e+00 1.07414700e+00 8.19044094e-01
  1.09550803e+00 8.57047911e-01 1.92866480e+00 2.03371178e+00
  1.76182576e+00 1.96545988e+00 1.09713171e+00 9.56662179e-01
  1.75782227e+00 1.04033891e+00 1.12618805e+00 9.70614802e-01
  1.58668409e+00 1.54315632e+00 1.16890919e+00 1.11523017e+00
  2.07677593e+00 1.83828300e+00 2.38723203e+00 1.71763429e+00
  1.86417487e+00 2.00244963e+00 1.42085497e+00 1.49350901e+00
  6.24452648e-01 9.23714768e-01 2.53347989e+00]
 [1.11724501e+00 1.01501936e+00 1.04157673e+00 9.94814240e-01
  1.35904265e+00 1.22562805e+00 1.24206443e+00 1.32357365e+00
  1.29198619e+00 1.20851307e+00 1.25015118e+00 1.39959788e+00
  1.51051164e+00 2.31942537e+00 1.57445683e+00 1.76535537e+00
  1.16881039e+00 1.10271074e+00 1.76783835e+00 1.29319058e+00
  1.25106406e+00 1.30759621e+00 1.31360519e+00 1.57702261e+00
  1.16059249e+00 1.44873922e+00 1.12686254e+00 8.91047434e-01
  1.41840824e+00 1.61378387e+00 2.04523607e+00 2.19958065e+00
  2.34584664e+00 3.94270581e+00 3.48362505e+00]
 [1.16660719e+00 1.08645192e+00 3.01400601e+00 3.41652456e+00
  2.84639973e+00 3.85893230e+00 3.63052879e+00 4.38243764e+00
  6.31069483e+00 8.14729672e+00 3.95554078e+00 3.95311419e+00
  3.78740354e+00 4.67486212e+00 3.85830164e+00 4.40636692e+00
  3.12165608e+00 1.87869849e+00 3.73382582e+00 7.03021656e+00
  3.87003274e+00 4.37320431e+00 3.19218577e+00 4.06190871e+00
  2.32945121e+00 2.31924096e+00 1.30250458e+00 2.21828074e+00
  2.61083216e+00 4.27090624e+00 3.68342222e+00 4.30586767e+00
  2.14529066e-01 2.32337708e-01 2.21289274e+00]
 [8.15585042e-01 8.93209485e-01 1.00531518e+00 1.10728017e+00
  8.94043398e-01 1.05819150e+00 8.02798335e-01 8.30937132e-01
  9.75073828e-01 1.31473466e+00 1.05528226e+00 1.23164079e+00
  1.70148971e+00 2.42181521e+00 9.43679168e-01 1.47603038e+00
  9.12958200e-01 4.17960573e-01 9.90693420e-01 1.14181641e+00
  1.29063874e+00 1.39954330e+00 9.76612985e-01 1.39431478e+00
  9.45000681e-01 1.02933581e+00 7.93454985e-01 7.96473175e-01
  1.53586612e+00 1.47481642e+00 9.37416128e-01 2.25192149e+00
  5.65203431e-01 7.04756056e-01 3.37409996e+00]
 [1.08184587e+00 9.34483822e-01 1.17990524e+00 1.01674988e+00
  1.12570913e+00 1.82290207e+00 1.63660641e+00 1.68931240e+00
  2.37826268e+00 1.41077209e+00 1.79097611e+00 1.55789995e+00
  1.80182862e+00 2.00095071e+00 1.43032326e+00 1.33139000e+00
  1.55912359e+00 1.31310370e+00 1.34348006e+00 1.79349586e+00
  1.19367752e+00 1.50891208e+00 1.33936642e+00 1.75429466e+00
  1.36562325e+00 1.01483158e+00 9.84830190e-01 1.22027436e+00
  2.06681572e+00 1.84019309e+00 1.38873756e+00 1.59256250e+00
  6.93139704e-01 1.02014463e+00 8.08263976e-01]
 [1.52537245e+00 2.66113331e+00 6.49620929e+00 7.72395123e+00
  6.21818760e+00 1.71192954e+01 2.84734432e+00 3.78611319e+00
  2.45428793e+00 3.77229415e+00 2.04597679e+00 3.30434530e+00
  6.10813694e+00 1.43673143e+01 4.22299252e+00 3.89898970e+00
  2.47116146e+00 3.91852014e+00 3.71202362e+00 3.14237828e+00
  5.40180636e+00 8.84562260e+00 7.17344071e+00 7.42308986e+00
  2.28262910e+00 3.27763452e+00 1.60924559e+00 1.62532707e+00
  6.75468501e+00 3.63414925e+00 5.67962902e+00 5.38990172e+00
  1.52402629e+00 1.11289890e+00 6.34354489e+00]
 [1.56444865e+00 1.48283678e+00 1.62920808e+00 1.93946950e+00
  1.83960377e+00 1.94589806e+00 2.50789682e+00 5.29794938e+00
  1.24407949e+01 1.52707331e+01 2.12123950e+00 2.10642883e+00
  2.69977546e+00 2.44496211e+00 2.76964603e+00 4.26738898e+00
  2.13183610e+00 4.99942267e+00 3.69515049e+00 1.60815191e+01
  2.17360397e+00 2.14051224e+00 1.67558092e+00 2.22577776e+00
  1.69679560e+00 1.90855570e+00 1.50220813e+00 1.77849424e+00
  1.95898711e+00 2.57209027e+00 2.23224797e+00 2.89057476e+00
  9.32274656e-01 2.35306343e+00 4.86120353e+00]
 [8.95123054e-01 1.16510217e+00 7.83526450e-01 8.17067985e-01
  1.22009263e+00 1.68319244e+00 1.21472465e+00 2.20138725e+00
  2.42605295e+00 4.19021469e+00 1.18112990e+00 1.46973334e+00
  1.49103164e+00 1.70682230e+00 1.23029290e+00 2.08444317e+00
  1.35975044e+00 1.03635684e+00 1.14511585e+00 4.14359512e+00
  1.18683886e+00 1.10123055e+00 1.24181565e+00 1.83504669e+00
  1.03371379e+00 1.45520396e+00 1.08463328e+00 1.20059462e+00
  1.52864845e+00 1.79924770e+00 1.30848190e+00 1.62605189e+00
  5.34124841e-01 1.95639823e-01 2.26779565e+00]
 [8.53758238e-01 8.36652006e-01 1.77257807e+00 4.16658523e+00
  2.49248966e+00 3.35879983e+00 7.87147442e-01 1.29936867e+00
  2.24073422e+00 2.87086099e+00 1.00805415e+00 1.83083675e+00
  1.97787493e+00 3.89351859e+00 1.19315456e+00 1.32594342e+00
  7.11149060e-01 2.35238395e+00 1.24178867e+00 2.79440239e+00
  1.73773030e+00 3.01686706e+00 2.05977646e+00 3.39204449e+00
  1.10459251e+00 1.15711710e+00 7.38089391e-01 6.97247517e-01
  8.44122406e-01 1.54193026e+00 1.31947347e+00 1.37716409e+00
  4.88752736e+00 1.32275182e+00 1.51252879e+01]
 [6.58671825e-01 2.36463679e+00 1.60679739e-01 9.40881829e-01
  4.57477182e-01 9.88551764e-01 1.45163420e+00 9.99714647e-01
  1.04191599e+00 1.62948024e+00 1.26638549e+00 1.94842697e+00
  1.89581381e+00 3.44137741e+00 1.02163813e+00 1.83175571e+00
  2.11226813e+00 4.85061076e-01 2.56026945e+00 1.67908233e+00
  3.94080529e-01 1.15305072e+00 9.65733034e-01 1.52021590e+00
  1.45454208e+00 1.94750290e+00 1.08830634e+00 9.69728255e-01
  2.34775893e+00 1.98240103e+00 2.20440709e+00 2.97145991e+00
  6.78387573e-02 2.01633100e-01 5.55459768e+00]]