[[ 3.49434309  2.96191857  2.07838143  3.74633236  6.97720662  8.1097793
   8.2597083   7.78400517  8.03649579  7.84061219  5.48253729  6.86211737
   9.23149127 11.21440381 10.41524289  9.68633422  6.79712538  1.11618123
  10.41521798  7.85121908  2.75122917  6.98566647  9.2129277   9.79886262
   2.06405539  2.54160969  4.16841479  5.69287803  7.45143131  9.25560202
  11.70616783 11.29883356  0.55765402  0.65492123  4.76848049]
 [ 2.02669647  1.84913998  3.22815093  2.96385223  3.83865383 10.25856091
   4.6995677   5.1142973   4.79248139  5.67102889  3.51532247  2.81087035
   4.18651815  5.6414715   4.87304322  5.96768963  3.30166054  3.66659984
   4.2149212   5.17950973  4.06121071  4.03169691  4.87358291 16.8720399
   1.1787769   1.69299692  1.81029327  2.17844914  4.25749155  4.84563058
   4.0702863   4.64017428  7.3035026   2.52875634 13.45805521]
 [12.02415968 10.38103342 10.51152085 10.65203254 19.50433082 17.31940495
  17.23909471 14.96263695 12.4885385  12.04556333 12.27331339 19.11192632
  18.22659913 21.967942   18.93433099 17.29541444 12.87000794 12.92498877
  17.81033227 13.22207173 14.16909368 18.19901073 18.60456958 17.67717085
  18.014904    9.88214704 12.49366029 12.80185788 20.63594862 22.37299321
  18.97284003 19.5945484   1.82037644  5.32758075 15.68851312]
 [11.42501111 11.5820485   9.43914433 10.8632991  17.41171582 25.93045019
  14.47397136 12.61340043 15.10525867 13.80067679 14.45552822 16.16568621
  15.27708987 15.2194779  14.68611281 11.63958245 11.87623417  7.93065121
  11.51548879 14.49395297 14.64588276 15.11969422 15.68881095 15.67006844
  13.9675348  11.12586291  9.71895227 10.74073664 13.76596789 16.81543972
  15.27080004 12.77102696  1.44601362  2.79353181  9.22325205]
 [ 7.76277686  6.36836624  5.17135191  4.4110171  13.77277709 26.84784271
  12.48429132 11.39976758 12.05244089 10.19343057 13.21482313 12.65637697
  14.6055152  18.48465271 14.29257986 13.60452309 16.90942219  6.89510148
  13.37186645 10.84622845  9.7669324  12.54470819 13.66991293 19.81499549
   8.82507582  8.82084424  8.95693809 13.44627355 18.85841889 19.72282673
  18.13120899 19.31899394  2.69270167  2.25215348  9.60285047]
 [ 4.02605749  3.70300096  3.2994676   5.66243536  9.36794004  8.38275704
   8.17762719 10.17670002  9.29213388 11.09691765  6.04951716  8.60907957
  12.77375419 10.59514317  9.506062    9.64683331  6.176621    6.25429716
   8.85322833  9.87738143  8.53932191 12.37826318 11.44995443  9.90469367
   3.093217    3.89226646  4.0776105   5.31023329  8.10861143  9.37083119
  10.41970233 10.03255912  1.27703995  1.36657537 12.25122126]
 [ 2.27485955  2.10862357  3.24758654  2.155294    8.26789672  9.95677158
   8.75676212  9.05942263  8.74677674  8.63928839  7.29924255  7.09177271
  10.30495691 11.3335553  10.40380844 10.47378854  7.54331941  5.00704679
   9.16029057  9.1428037   2.40656903  5.71465574  9.83554428  8.93192145
   3.98113977  3.50837566  2.88581628  4.46860329 11.71365998 13.36547932
  10.70339282 11.81532971  0.36018314  0.29163348  3.5963427 ]
 [ 3.6097902   3.70771261  5.05524268  4.08275267  7.89944532 14.6708775
   5.72620381  6.30882083  6.93589698 10.96069403  5.60477976  6.09309559
   9.10959997  8.37437266  6.81697279  6.38975137  5.19977115  5.57300993
   6.80023345  9.10109882  7.08726858  6.44627986  7.20361706  7.72699098
   5.02464495  4.5239813   3.90100648  4.42334014  6.61939967  7.17161945
   8.47347654  7.11674912 13.90581224  2.90243554  4.44025129]
 [ 5.45179352  6.1973921   5.63716575  6.55123411  7.17901164  7.16720588
   5.98440049  5.13376722  5.12047264  5.39035971  8.21797655  8.89390057
   9.93551883  9.73485748  9.45018209  8.15707669  5.39896598  2.90435186
   9.19668276  5.70277283  7.22050865  6.93719805  7.73509605  8.18626075
   6.94628204  6.28128505  5.98462141  6.70776922  7.04989026  7.93237745
  10.25532946  9.5847753   0.88710649  2.30442793  5.69417024]
 [ 0.71325963  1.09664032  1.55307968  0.32240723  2.62429623  2.18961625
   3.13318376  0.46125202  3.12534043  0.64758687  1.16108711  0.10516129
   4.1647882   4.72124021  6.76746005  3.54989335  3.17812779  0.37647908
   1.76743267  0.6102483   0.53653193  0.30375174  0.70172719  0.67153458
   1.51656117  0.33159427  1.51343753  1.83340092  4.52363029  0.80767524
   7.8816518   7.23392597  0.27211848  2.27036553  2.9841321 ]
 [ 6.52460411  6.17624674  6.30117097  6.60712479  5.78065403  7.93441751
   6.55537453  6.50757763  6.66721529  6.24335756  9.85421971  9.85201716
  15.49379774 14.89351527  9.22143478  8.52072489  8.96190606  7.05630666
  10.13952771  6.62995862  8.08218364  8.31874269  8.9519275   9.44119458
   8.22708724  7.0747644   7.30172732  7.75711992 11.15615766 11.58870818
  12.84098345 11.69684695  1.56400193  2.72253069 10.03577406]
 [ 5.96567724  5.77305154  5.90771732  6.0207267   6.4253344   7.25555106
   7.15510435  7.82531787  6.73680111  6.61806403  7.02305269  7.39192828
   8.81032368 14.11727572  8.6649653  10.78553707  6.42575302  6.41592213
  10.13665416  6.92572525  6.57512416  7.92794936  8.19087935  8.66592835
   6.39395095  6.79487842  5.9887791   5.62426564  9.10782447  7.3028554
  11.95340453 12.57621383  4.96176836  6.45951923  9.38411137]
 [ 7.72637589  7.5428109  25.42458127 25.47887133 24.01449191 28.01030504
  26.57477891 26.73447246 27.06947427 28.17877964 29.31791686 27.37881222
  30.71762688 31.40454964 28.38768141 28.91823312 22.71656923 12.7043454
  26.90176905 27.17605776 31.55365037 32.24486278 26.97889481 29.16538558
  16.52728961 16.94556748  9.18745114 16.22908209 17.38219972 29.30799216
  28.03243401 30.53367203  1.25659559  1.53761569  7.19918639]
 [ 4.15312825  4.2695763   6.39537004  5.95268146  7.42942264  7.36887036
   7.33914332  6.61427489  7.50246192  7.64214027  5.28531333  5.0604687
  11.41724303  9.82495938  7.35009648  8.70449317  3.72382899  2.82687911
   6.55401894  7.480597    7.52443447  7.17012762  7.52267159  8.11423401
   4.69301821  4.42220244  4.05253277  3.59698808  6.74751534  5.18644362
   7.58198205 10.47443113  2.57167408  3.15949236 10.57808248]
 [ 5.26893439  4.92067592  6.49633306  5.57425423  8.43072143 10.0218426
   9.82398608  9.50908432 10.83291244  9.4403823  10.10735303  8.77627317
  12.94418113 13.23557818 10.97010502 10.34812723  9.02163274  8.93552045
  10.5628087  10.1840227   7.02319755  8.82808189 10.08823928 11.61238548
   7.04105786  5.36388789  5.01732299  6.12700255 11.39685135 10.69029543
  11.53090149 12.07266783  2.85440588  3.41455462  2.77760381]
 [ 2.6966594   3.67047163  5.98010934  6.79996623  8.20483037 14.12424085
   5.24989676  7.20053233  5.78403206  6.68316231  4.20527209  5.28723155
  10.14315679 11.45933175  8.091209    9.78208907  4.81298941  7.05975416
   8.29481055  6.5822035   9.97296381  7.2800769  10.27032439 11.69705797
   4.5703365   4.62483249  2.54081468  2.90183531  9.51200938  6.34233138
  11.50673922 11.76422225  2.15591435  1.84132698 10.75168974]
 [ 5.42506099  5.8000329   6.72816085  8.65287031  8.77249355 10.83623539
   9.4528824  12.62646559 17.39667521 21.48589039  9.74474687 10.15304556
   9.74011648 12.52092211 10.45249777 12.64618161  8.13177669  9.09281857
  11.48683127 21.23718244  8.94651308 10.78127086  9.48925052 11.26685358
   6.80774206  7.14600674  5.84557348  6.7364225   9.20898183 13.26766363
  10.51445877 11.72651754  2.1175711   4.30031312 11.26952672]
 [ 3.49683459  4.21390009  3.97946877  4.11173306  6.34407744  7.97223808
   9.24681319 11.48303988 13.25465127 14.66281248  7.88192342  9.69161322
   8.60175441 10.74575021 10.65460328 12.7512993   9.21000953  5.92843638
   9.64403997 15.30413944  6.49142608  7.01619744  8.6822584  10.38922052
   5.76530303  7.65239802  4.72034388  7.03820967 10.4432025  12.44074991
  10.16888262 11.57639805  2.18422265  0.51778197  6.88047797]
 [ 7.12858348  7.16793142  7.42580996  9.29105212  6.84651128  9.21125683
   6.74124965  8.17929558  7.90997939  9.35978953  7.9626804   9.33397949
  11.63955002 16.92004832  9.09813315  9.94072325  7.23542002  6.58669337
  10.37713647  8.89152147  6.86516673  8.56815962  8.15559619 10.02621603
   7.60137733  8.19525955  6.74476243  7.02127065  9.01760362 11.6598563
  11.25292447 11.19390049  9.90410751  3.67739344 14.07491714]
 [ 1.56229203  3.4056958   0.425413    2.25618051  1.34866035  2.80491799
   5.31493922  3.2427131   3.99558448  6.04104144  3.73770581  4.97381726
   6.69798352 11.34921479  4.33702237  7.36775325  5.46723251  1.45757389
  10.06478854  6.65284218  1.13581806  2.99085255  3.63535769  5.6546669
   4.02854841  4.36098885  2.80050258  2.36054051  6.55608315  5.5455569
   8.3060242  10.12221282  0.14389931  0.56540766 18.71164325]]