[[1.05486959e+01 1.33665564e+01 1.71915375e+01 1.59110497e+01
  1.39248720e+01 1.65416073e+01 2.33216239e+01 2.40196666e+01
  2.22943758e+01 1.71107249e+01 4.96108782e+00 5.53199528e+00
  4.12736089e+00 3.12804091e+00 8.61361791e+00 8.02484178e+00
  3.08970750e+00 6.22712825e-29 4.74896553e+00 1.73414135e+01
  9.24911812e+00 8.74927608e+00 1.03677824e+01 1.03027517e+01
  1.08154425e+01 1.36625021e+01 9.31178058e+00 4.03486722e+00
  1.92065294e+00 1.76985410e+00 2.52157400e+00 1.96077006e+00
  2.08166196e+01 3.20918103e+01 9.43360855e+00]
 [1.02873341e+02 1.22570575e+02 2.67924072e+01 3.66249155e+01
  1.38436888e+01 1.53536943e+01 1.44283184e+01 1.70978348e+01
  1.97869798e+01 2.08429650e+01 1.16932966e+01 1.63231354e+01
  5.01778352e+00 5.54406417e+00 9.03623684e+00 9.97533053e+00
  1.06208156e+01 1.92580528e-28 6.41488473e+00 2.10270494e+01
  1.22557361e+01 1.47048575e+01 9.38577750e+00 1.06648659e+01
  3.41980561e+01 4.86805595e+01 1.01235650e+02 3.70591960e+01
  4.72616582e+00 4.03125573e+00 3.64606272e+00 3.34060483e+00
  5.83221807e+01 6.30337837e+01 1.62414444e+00]
 [2.74762779e+01 3.27918896e+01 1.46671070e+01 1.19099804e+01
  8.87222163e+00 7.10458779e+00 1.04415561e+01 8.01608205e+00
  8.99623326e+00 7.99775498e+00 5.75001859e+00 4.21303191e+00
  2.38314032e+00 1.99869630e+00 4.74436334e+00 4.05804203e+00
  4.10510846e+00 2.66870427e-29 2.94789085e+00 8.06291334e+00
  6.29533166e+00 7.25945769e+00 6.05692038e+00 4.90668722e+00
  1.59889758e+01 2.30850890e+01 2.64295645e+01 1.21210240e+01
  1.55816902e+00 1.69316708e+00 1.78680134e+00 1.42774200e+00
  1.04855043e+01 1.58392715e+01 5.45327128e+01]
 [5.66905598e+01 3.44301853e+01 2.09845062e+01 1.78128216e+01
  1.68356590e+01 1.72931209e+01 1.60272611e+01 1.90598311e+01
  1.83322876e+01 1.87182479e+01 8.22255350e+00 9.03410190e+00
  3.04142330e+00 3.16222955e+00 7.70668292e+00 9.16509657e+00
  5.48832490e+00 2.90215610e-30 7.31917807e+00 1.65449507e+01
  9.12403471e+00 1.12370328e+01 9.70261661e+00 9.87631804e+00
  2.61695528e+01 1.44131100e+01 2.98790837e+01 1.64082444e+01
  2.83744782e+00 2.87289390e+00 2.75885451e+00 2.68124543e+00
  4.05374287e+01 3.06148659e+01 3.38353220e+00]
 [7.18729554e+01 8.12774795e+01 2.90739398e+01 1.88199210e+01
  2.19196652e+01 2.09987103e+01 2.73228040e+01 3.03998893e+01
  3.07596911e+01 2.70859125e+01 1.20433191e+01 7.22651635e+00
  5.48884702e+00 5.01972640e+00 1.38446078e+01 1.41621463e+01
  7.68846662e+00 3.75873962e-29 8.45280152e+00 2.73888134e+01
  1.47015162e+01 1.09902288e+01 1.51291010e+01 1.52910644e+01
  2.84574961e+01 2.00031687e+01 5.90536870e+01 1.92916424e+01
  3.89968119e+00 2.36702444e+00 3.69731581e+00 3.87493933e+00
  5.03352803e+01 7.36433532e+01 2.18632788e+00]
 [5.76781368e+00 7.15373137e+00 8.88670076e+00 8.80260155e+00
  9.17838036e+00 7.84586102e+00 9.11556379e+00 8.39974054e+00
  8.77948566e+00 8.28875192e+00 3.88596596e+00 3.98384255e+00
  2.78847266e+00 2.28370718e+00 4.52315085e+00 3.93411922e+00
  3.06134095e+00 1.85928532e-30 2.64697935e+00 8.33012939e+00
  6.84183919e+00 5.21812430e+00 5.62844144e+00 5.11297258e+00
  4.85518126e+00 5.27124509e+00 8.53888734e+00 3.72476739e+00
  2.06291232e+00 1.54452462e+00 1.89652297e+00 1.32396221e+00
  3.79445654e+00 2.99584192e+00 5.26736154e+00]
 [1.53002128e+01 1.74316602e+01 2.29703226e+01 1.89111990e+01
  2.23640356e+01 1.93404193e+01 2.97944546e+01 2.55416923e+01
  3.02748200e+01 2.97356715e+01 1.05381533e+01 1.03884245e+01
  7.49787642e+00 5.84270245e+00 1.90560799e+01 1.47876540e+01
  9.81132435e+00 6.54107567e-29 1.62458955e+01 2.77061431e+01
  1.78207738e+01 1.19565408e+01 1.89992160e+01 1.47289526e+01
  2.94928517e+01 1.42901519e+01 1.62828076e+01 1.23473978e+01
  6.72967131e+00 5.05368901e+00 6.55391706e+00 4.87117667e+00
  3.46652377e+01 1.85575289e+01 3.08913025e+01]
 [1.14939479e+02 8.68658395e+01 3.19584279e+01 1.71874092e+01
  8.46007796e+00 1.06624809e+01 9.55307791e+00 1.32589007e+01
  1.07822621e+01 1.12831731e+01 1.18874674e+01 6.66320602e+00
  3.08188099e+00 2.82800012e+00 5.75357701e+00 6.95906454e+00
  7.38367354e+00 1.64242105e-29 4.36692742e+00 1.09462428e+01
  9.09628879e+00 5.79554024e+00 5.79189493e+00 7.20933935e+00
  4.78804372e+01 2.38283288e+01 7.18176458e+01 2.53535548e+01
  2.81428029e+00 1.96450704e+00 1.90068878e+00 2.34630343e+00
  1.18847559e+02 7.98967411e+01 1.07621831e+01]
 [1.60204406e+02 1.29235024e+02 1.75790561e+01 2.26164302e+01
  9.47489531e+00 9.02657116e+00 1.34347328e+01 1.51578014e+01
  1.56499225e+01 1.52658683e+01 9.09507377e+00 9.88143665e+00
  2.85140255e+00 2.36877573e+00 5.41283980e+00 5.21468079e+00
  8.01052853e+00 4.54588756e-29 3.55195526e+00 1.61216440e+01
  7.57953289e+00 8.60763985e+00 7.00722767e+00 5.96057027e+00
  3.13217526e+01 3.07828704e+01 1.19705658e+02 2.68489748e+01
  2.30893672e+00 2.20906914e+00 1.93458222e+00 1.54534754e+00
  7.71903055e+01 1.19077015e+02 2.64357507e+00]
 [6.60949210e+00 7.66466905e+00 7.17838209e+00 9.02117960e+00
  1.05176784e+01 5.07961082e+00 8.32790996e+00 1.17825671e+01
  6.08861014e+00 1.01726597e+01 5.09264998e+00 1.42363582e+01
  1.73021667e+00 2.22878393e+00 3.17228330e+00 3.16624393e+00
  2.08206263e+00 6.82805890e-29 2.31235033e+00 1.06050327e+01
  8.77509753e+00 1.21344224e+01 8.46435958e+00 6.56425171e+00
  5.13696832e+00 1.69855356e+01 5.73925191e+00 4.64000849e+00
  1.19939908e+00 1.89083886e+00 1.22288618e+00 1.45271399e+00
  1.74319611e+01 7.23963501e+00 5.29890368e+01]
 [1.13289684e+01 9.88569209e+00 1.40642511e+01 1.19617937e+01
  1.16688255e+01 1.03166332e+01 1.08628475e+01 9.60188018e+00
  1.04341378e+01 9.44811607e+00 6.11135973e+00 6.11125031e+00
  2.77005687e+00 3.08589712e+00 5.22468458e+00 5.16332659e+00
  5.02842291e+00 5.66784548e-30 3.09113530e+00 9.61381083e+00
  7.62658574e+00 7.59169884e+00 6.80759560e+00 6.44944500e+00
  8.18043333e+00 8.30293084e+00 1.07252161e+01 8.05832097e+00
  2.18247919e+00 1.99670454e+00 1.82162112e+00 1.86367561e+00
  4.01208887e+00 5.62788795e+00 2.26783085e+00]
 [2.88101304e+01 3.60024462e+01 2.92879547e+01 3.51115666e+01
  2.11590021e+01 2.15651010e+01 2.03366418e+01 2.06845606e+01
  3.20209777e+01 3.22877449e+01 1.05044337e+01 1.07569158e+01
  6.60633393e+00 5.21302590e+00 1.22500070e+01 1.18533187e+01
  9.12786561e+00 1.18200693e-29 8.39382242e+00 3.18743580e+01
  1.59177315e+01 1.35328029e+01 1.48576235e+01 1.37724306e+01
  1.43641974e+01 1.76195050e+01 3.13400268e+01 1.38889737e+01
  6.17348116e+00 4.65369779e+00 4.52147171e+00 3.86935224e+00
  5.60670046e+01 5.68878493e+01 8.52888221e+00]
 [3.09265850e+01 3.02562793e+01 9.49250937e+00 9.78639700e+00
  6.51955640e+00 5.48932722e+00 6.97741187e+00 6.66090353e+00
  8.23802416e+00 7.82785403e+00 5.03389779e+00 5.10117535e+00
  2.39494111e+00 1.77505143e+00 4.15766267e+00 3.32064740e+00
  4.19112946e+00 2.44319417e-29 2.90116268e+00 7.95477376e+00
  4.91186017e+00 4.50185502e+00 4.69115307e+00 3.93702585e+00
  1.14386701e+01 1.12469705e+01 2.41815951e+01 8.64283464e+00
  1.83688358e+00 1.63062151e+00 1.58069535e+00 1.06867525e+00
  1.46741510e+01 1.05209526e+01 5.37707398e+00]
 [4.14323077e+02 3.95641094e+02 1.53814356e+02 1.39721058e+02
  1.30878528e+02 1.21413049e+02 1.38792608e+02 1.46976846e+02
  1.20237860e+02 1.28563668e+02 9.26927388e+01 9.27526997e+01
  2.78722798e+01 3.52644589e+01 8.31951513e+01 5.57199230e+01
  8.09008498e+01 4.14988742e-28 6.16020309e+01 1.16221347e+02
  9.23292512e+01 8.44690006e+01 8.30268246e+01 7.75220701e+01
  1.65490235e+02 1.69645507e+02 3.39788837e+02 1.40726331e+02
  3.11574162e+01 3.52728270e+01 3.46877513e+01 1.86602602e+01
  4.55947651e+02 2.36991278e+02 2.04020848e+01]
 [5.15887053e+01 3.85865578e+01 1.58364518e+01 1.17303025e+01
  1.10111732e+01 8.30776295e+00 1.52129178e+01 1.56602989e+01
  1.39352449e+01 1.50083309e+01 6.56488437e+00 5.62224141e+00
  3.54751877e+00 2.27668955e+00 8.12213159e+00 7.33076461e+00
  5.04720578e+00 2.59242209e-29 3.70998454e+00 1.19607935e+01
  7.97268099e+00 5.76018850e+00 8.73038744e+00 6.43286226e+00
  1.91256777e+01 2.12267431e+01 4.09218604e+01 1.26936587e+01
  2.57671148e+00 1.91410471e+00 2.97879205e+00 1.80167362e+00
  3.95038546e+01 2.22869162e+01 2.40596751e+01]
 [1.90098798e+01 3.35506694e+01 1.79141839e+01 1.79298622e+01
  1.27286741e+01 1.02508075e+01 9.54502344e+00 9.62828429e+00
  1.16510717e+01 1.12869772e+01 7.28182578e+00 7.99220195e+00
  2.99211638e+00 3.00726933e+00 4.91747947e+00 4.45186232e+00
  5.30581307e+00 1.67863145e-29 2.98560655e+00 1.12652784e+01
  9.27197398e+00 1.13858731e+01 6.69637826e+00 8.10446485e+00
  1.09649294e+01 1.78082412e+01 2.30998337e+01 1.19108297e+01
  2.59240932e+00 2.03158550e+00 1.70610034e+00 1.56780508e+00
  1.09750583e+01 2.08470483e+01 7.83007822e+00]
 [1.53114177e+01 1.58564572e+01 1.10922526e+01 1.28565061e+01
  1.11990581e+01 1.26729892e+01 1.75674334e+01 1.54670595e+01
  2.11997881e+01 1.83405802e+01 4.12351012e+00 5.59832108e+00
  3.46548929e+00 3.83200339e+00 1.03638388e+01 7.55182112e+00
  3.18216117e+00 7.51989799e-30 5.07729300e+00 1.91821571e+01
  7.01389819e+00 7.88631802e+00 9.10937759e+00 8.50350582e+00
  9.35986396e+00 1.04470571e+01 1.21828409e+01 4.96693316e+00
  1.93393634e+00 1.79786437e+00 2.49380031e+00 2.29624594e+00
  3.65274619e+00 6.72317526e+00 2.26437652e+00]
 [8.45175964e+01 1.04030394e+02 5.97744486e+01 5.86674550e+01
  6.46071023e+01 6.07630147e+01 6.32725609e+01 5.54272801e+01
  6.37954479e+01 5.75610966e+01 2.54771011e+01 3.21312980e+01
  1.91681473e+01 2.21030034e+01 4.09543354e+01 3.10331796e+01
  2.08300710e+01 7.82041875e-29 2.75399135e+01 6.00544507e+01
  3.82806259e+01 3.88106419e+01 4.48837941e+01 4.27093776e+01
  4.11432396e+01 5.10228091e+01 7.35771243e+01 3.97171576e+01
  1.10954536e+01 1.17575514e+01 1.64180662e+01 1.45809750e+01
  5.92573421e+01 4.42995448e+01 1.38509948e+01]
 [3.44855302e+01 4.15301968e+01 2.72521354e+01 2.03432673e+01
  4.41941737e+01 2.77295722e+01 5.43785042e+01 3.46028587e+01
  3.46369786e+01 2.98829192e+01 1.14087050e+01 1.05609252e+01
  8.92465026e+00 4.97353705e+00 2.07531875e+01 1.44098407e+01
  1.70882373e+01 2.23334198e-29 9.25473939e+00 3.01334802e+01
  1.98580705e+01 1.26733860e+01 3.58456096e+01 1.96376783e+01
  1.69331325e+01 1.96416432e+01 3.21629142e+01 2.46559044e+01
  4.72883135e+00 5.24936722e+00 6.48779229e+00 4.40497468e+00
  1.42116330e+01 2.03314828e+01 5.45097148e+01]
 [6.59776614e+00 4.88146891e+00 1.26774084e+01 9.59108510e+00
  1.08710465e+01 1.17872584e+01 1.10804970e+01 1.20011840e+01
  1.18765343e+01 1.23697212e+01 5.40071362e+00 6.04778718e+00
  4.03538367e+00 3.72814737e+00 6.15699296e+00 7.34338295e+00
  3.58940295e+00 1.15402542e-29 4.62073212e+00 1.15418265e+01
  6.95951339e+00 7.13184109e+00 7.65789916e+00 7.68548086e+00
  5.47081637e+00 3.61789008e+00 2.88435393e+00 4.20300959e+00
  2.51348326e+00 2.53346026e+00 2.97278803e+00 2.31563535e+00
  1.17095013e+01 6.34666206e+00 9.85238095e+00]]