[[1.71574975e+00 4.77437914e+00 2.29131877e+00 2.47454113e+00
  4.91297094e+00 3.13035591e+00 1.93457488e+00 1.75084080e+00
  1.72868110e+00 1.56252424e+00 1.18447140e+00 1.15100380e+00
  2.88389031e+00 5.63847833e-01 1.50221235e+00 8.46462540e-01
  5.23454193e-01 1.12557347e-29 5.60046892e-01 1.54688249e+00
  3.62694866e+00 1.63847182e+00 1.85170401e+00 1.24239101e+00
  1.48741045e+00 2.47372879e+00 1.90555903e+00 6.95418102e-01
  3.42406486e-01 3.45144612e-01 4.34381388e-01 2.54556170e-01
  2.63546497e+00 2.42921234e+00 3.10872511e+00]
 [6.45524503e+01 7.41748793e+01 8.13200017e+00 1.54039972e+01
  3.79322541e+00 7.68016321e+00 1.98037865e+00 2.54490572e+00
  3.31879023e+00 7.52979134e+00 6.83788627e+00 1.96930298e+01
  4.83154660e-01 1.00743779e+00 1.13497976e+00 1.25043317e+00
  4.31080548e+00 6.88647274e-29 9.38163796e-01 5.72941515e+00
  4.17353671e+00 7.58513394e+00 1.19080714e+00 9.96628495e-01
  2.96063736e+01 4.24517858e+01 7.14594767e+01 2.59527510e+01
  1.07708557e+00 1.95218184e+00 4.77432794e-01 3.83565367e-01
  4.76376692e+01 3.87251808e+01 2.17418401e+00]
 [5.82993875e+01 1.39895329e+02 1.14674829e+01 1.14701495e+02
  2.98665052e+00 2.23698022e+00 2.53610854e+00 2.47296706e+00
  2.82150059e+00 2.90834995e+00 8.51599381e+00 9.09485716e+00
  8.54376468e-01 2.74373587e+00 1.88475720e+00 1.54642717e+00
  6.17086733e+00 3.89543307e-29 1.30199712e+00 2.83612614e+00
  3.29928255e+00 9.87311533e+01 1.89491961e+00 1.63064840e+00
  5.61050996e+01 1.71107692e+02 6.79111070e+01 3.04974056e+01
  1.01848327e+00 2.18689098e+00 7.97778767e-01 5.92038102e-01
  3.90440137e+01 1.29636400e+02 7.33998892e+01]
 [4.65631991e+02 1.74140036e+02 2.36089480e+01 1.25577539e+01
  2.58020161e+01 4.40368649e+01 7.55905521e+00 5.77566038e+00
  7.12519011e+00 7.18455357e+00 2.87075915e+01 4.83176496e+01
  1.48560178e+00 1.16987477e+00 2.15835512e+00 2.51502910e+00
  1.41327903e+01 5.78493861e-30 1.82593766e+00 6.84020103e+00
  6.21469016e+00 1.00733189e+01 4.70139557e+00 6.15474270e+00
  1.68354451e+02 7.72739318e+01 1.22748195e+02 1.06907576e+02
  4.82701406e+00 4.52970998e+00 7.02466058e-01 8.53802908e-01
  2.74749497e+02 1.65585403e+02 2.64672282e+00]
 [3.00952371e+02 2.56851633e+02 7.62690491e+01 3.66109973e+01
  2.60214410e+01 6.37441055e+00 6.36689841e+00 4.93762231e+00
  1.42040152e+01 8.90407424e+00 2.09999640e+01 3.60764938e+01
  6.94907421e+00 3.62368620e+00 3.69120168e+00 2.61118352e+00
  1.09552504e+01 2.12694527e-29 2.31758234e+00 1.09567055e+01
  1.28102252e+01 1.41523945e+01 7.82215775e+00 2.52633872e+00
  1.41057168e+02 1.67852279e+02 2.00094898e+02 4.96417899e+01
  2.68874576e+00 7.80634640e+00 1.41477099e+00 7.71678401e-01
  2.50097347e+02 1.73925176e+02 2.35865989e+00]
 [8.53345641e+00 2.46005297e+01 1.41883323e+01 2.01441713e+01
  9.92125784e+00 1.76626636e+00 2.04046098e+00 1.52573944e+00
  2.20125329e+00 2.67000269e+00 9.79975335e+00 3.18075397e+00
  5.30681517e+00 5.33416660e-01 1.13418952e+00 8.21297442e-01
  1.49383089e+00 2.73617347e-30 5.23712862e-01 2.31768276e+00
  1.85137536e+01 2.21766324e+00 3.94150274e+00 9.94482334e-01
  3.27796507e+01 7.25490095e+00 7.57013885e+00 3.96662903e+00
  8.06235324e-01 4.64222917e-01 5.36153528e-01 3.26808931e-01
  3.12549332e+01 3.78644473e+01 3.25694692e+00]
 [2.03156507e+00 2.52759976e+00 3.41183584e+00 2.54625741e+00
  3.50651428e+00 2.25584786e+00 2.74388704e+00 2.65555775e+00
  4.61562731e+00 3.75532650e+00 1.24918184e+00 1.23118649e+00
  1.40591556e+00 9.18473490e-01 1.45767628e+00 1.28883502e+00
  8.85798594e-01 6.88707286e-30 1.00545387e+00 4.08674243e+00
  2.72377233e+00 1.62729430e+00 1.86562454e+00 1.49058127e+00
  2.49261216e+00 2.08420419e+00 2.47220068e+00 1.14409554e+00
  7.01855796e-01 6.17211875e-01 6.54722434e-01 5.19129176e-01
  8.18214828e+00 6.22089662e+00 9.13412446e+00]
 [7.00040306e+01 5.80013218e+01 1.38890386e+01 3.84648092e+00
  3.52886723e+00 1.19940387e+01 5.29062341e+00 6.33319098e+00
  3.98211402e+00 8.88531232e+00 6.01196222e+00 4.51153590e+00
  6.55236063e-01 6.74562143e-01 9.87188860e-01 1.79913803e+00
  3.02217337e+00 1.30518017e-29 8.57073167e-01 5.87255145e+00
  3.20738345e+00 1.35657978e+00 1.33397922e+00 3.35758146e+00
  2.72185424e+01 2.01664068e+01 4.50284027e+01 1.33428172e+01
  8.45869585e-01 5.33552864e-01 3.33409366e-01 5.07916845e-01
  5.96237807e+01 4.96847431e+01 1.78608543e+01]
 [4.32525667e+01 3.82239975e+01 5.55591398e+00 4.46000611e+00
  9.37454005e-01 7.06532396e-01 1.24007950e+00 1.36924426e+00
  2.23218630e+00 2.57621952e+00 2.23860551e+00 1.88385568e+00
  3.11422989e-01 3.72767142e-01 6.27124003e-01 6.36092458e-01
  1.86594780e+00 8.25232683e-30 4.82200530e-01 2.47346506e+00
  1.21666680e+00 1.09877375e+00 6.38812496e-01 6.06244196e-01
  1.03653630e+01 7.35024208e+00 3.23346059e+01 7.24034634e+00
  4.63988810e-01 3.91925156e-01 2.61950698e-01 2.36162192e-01
  2.09390496e+01 2.92205115e+01 8.93518298e-01]
 [2.71975935e+01 7.83364894e+00 8.78079894e+00 6.54736745e+00
  7.27598628e+00 3.90745371e+00 7.26873320e+00 8.36262200e+00
  4.77820348e+00 6.93553294e+00 6.73095893e+00 7.17794229e+00
  8.72286754e-01 9.87463500e-01 1.87737550e+00 1.51184397e+00
  1.38606754e+00 5.64597079e-29 1.07764733e+00 7.87508982e+00
  7.09880255e+00 9.46182133e+00 7.31356702e+00 4.97266024e+00
  2.84175918e+01 8.95795785e+00 5.71200631e+00 4.45160738e+00
  7.03343642e-01 9.06462777e-01 3.68395158e-01 3.46696385e-01
  2.49458290e+01 5.16417719e+00 7.48992151e+00]
 [1.93279340e+00 1.85617367e+00 2.13993753e+00 2.14373041e+00
  1.58112175e+00 1.73142805e+00 2.01137326e+00 3.95040130e+00
  4.25232470e+00 3.41178872e+00 1.00378947e+00 1.26821785e+00
  6.05292262e-01 6.64149033e-01 1.03064010e+00 9.19724321e-01
  6.25014745e-01 1.26858505e-30 5.53652916e-01 3.32334402e+00
  1.26655653e+00 1.43806409e+00 1.04280647e+00 1.02176008e+00
  1.55240868e+00 2.30189160e+00 2.40362263e+00 1.04469130e+00
  3.57130388e-01 4.09158482e-01 3.83575346e-01 4.08013671e-01
  3.14612337e+00 2.29706876e+00 1.04207697e+00]
 [2.01535957e+01 2.72136957e+01 5.44014077e+00 5.21873068e+00
  1.46720913e+01 1.84794467e+01 3.81241065e+00 4.37305975e+00
  4.82926495e+00 4.26700375e+00 2.52626440e+00 2.80220967e+00
  2.00333663e+00 1.92582447e+00 1.62942118e+00 1.67258160e+00
  1.81144505e+00 2.93446096e-30 9.33829937e-01 4.46502427e+00
  6.89041321e+00 5.91036077e+00 4.11776449e+00 1.03467152e+01
  7.82183868e+00 1.07586782e+01 2.33170574e+01 4.88961894e+00
  8.20971943e-01 7.76063491e-01 5.68793072e-01 4.99978245e-01
  3.09225191e+01 2.85592525e+01 7.03273366e+00]
 [1.75566194e+01 1.45625292e+01 4.78186078e+00 3.73629519e+00
  2.13629045e+00 1.70531189e+00 2.48169876e+00 2.49713580e+00
  5.07551323e+00 6.20649436e+00 2.16976990e+00 2.68425624e+00
  8.63002997e-01 7.31035269e-01 1.58219495e+00 1.31387439e+00
  1.74279434e+00 1.10593322e-29 9.72175141e-01 5.34206821e+00
  4.71542338e+00 2.06686246e+00 1.45064847e+00 1.36536029e+00
  6.66397734e+00 6.28224797e+00 1.32366183e+01 3.97889997e+00
  7.10150895e-01 7.30990518e-01 6.48572287e-01 4.28529532e-01
  1.33262595e+01 7.35366223e+00 7.84451867e+00]
 [8.14968619e+01 7.92804973e+01 5.01640499e+00 1.27686913e+01
  3.27984298e+00 3.08302580e+00 3.41257658e+00 3.25291904e+00
  4.13915206e+00 4.00397198e+00 3.21664906e+00 8.45692407e+00
  1.14367319e+00 1.61365073e+00 2.20639656e+00 2.11494978e+00
  4.41924191e+00 1.52067083e-29 1.45946063e+00 3.67770059e+00
  2.52858491e+00 3.39828490e+00 2.28554021e+00 2.73456016e+00
  1.66023101e+01 2.57636908e+01 6.44117317e+01 1.24286042e+01
  1.13137462e+00 1.86783956e+00 7.37746823e-01 8.59227238e-01
  1.33998619e+02 5.74355326e+01 4.48870526e+00]
 [9.67463367e+00 1.09253072e+01 1.75005397e+00 1.84376244e+00
  1.48796644e+00 1.14021135e+00 1.67401870e+00 1.71453246e+00
  3.30447756e+00 1.84112813e+00 9.21328362e-01 1.70361301e+00
  5.15866799e-01 3.90351377e-01 1.15678555e+00 7.73875573e-01
  8.66917854e-01 9.17278125e-30 5.36446004e-01 2.23321600e+00
  8.18654156e-01 7.76702215e-01 1.04141991e+00 8.82387774e-01
  2.93483005e+00 6.31555929e+00 9.41465119e+00 2.49588013e+00
  3.51878302e-01 4.12719838e-01 4.94098579e-01 2.60183862e-01
  8.51754428e+00 7.37927834e+00 1.09140417e+01]
 [5.84871458e+00 1.15828803e+01 7.30808277e+00 9.86091109e+00
  8.33181039e+00 2.43171205e+01 2.37916985e+00 2.76029906e+00
  2.07915421e+00 2.13264736e+00 4.18191074e+00 7.24164693e+00
  4.30825760e+00 7.62387287e+00 1.27371216e+00 1.27572346e+00
  1.22572613e+00 7.64078931e-30 6.04954504e-01 2.09010040e+00
  8.68095659e+00 3.41653014e+01 3.18741543e+00 7.46596365e+00
  3.22837680e+00 6.57814693e+00 7.98083268e+00 3.42717529e+00
  1.21592716e+00 1.41175630e+00 5.69671957e-01 5.60668325e-01
  4.90694251e+00 1.09142433e+01 3.57271514e+00]
 [1.17074424e+01 2.89223012e+01 8.29350431e+00 8.18865244e+00
  8.97178856e+00 5.52813990e+00 3.27971081e+00 2.08866974e+00
  6.56016794e+00 5.05349205e+00 7.98899417e+00 1.69437109e+01
  1.88954288e+00 8.84110568e-01 1.34092094e+00 1.05807976e+00
  1.26409640e+00 5.50220377e-30 6.93622987e-01 6.65899452e+00
  1.44279417e+01 7.18839685e+00 3.77766636e+00 1.70901455e+00
  5.18320883e+01 5.19006747e+01 1.65049707e+01 4.47619553e+00
  1.11268789e+00 8.51075048e-01 4.52065706e-01 3.69963906e-01
  1.05942863e+01 7.52067458e+00 3.44289025e+00]
 [7.85736101e+00 1.15915513e+01 2.60541295e+00 3.06296059e+00
  2.86762285e+00 6.25255972e+00 2.65223046e+00 4.22447961e+00
  4.04677952e+00 4.91655945e+00 1.49065207e+00 2.02699085e+00
  1.03348563e+00 1.53869871e+00 1.73005242e+00 2.29050232e+00
  1.21012301e+00 3.47017479e-30 1.22324468e+00 4.50175389e+00
  2.28476022e+00 1.98148051e+00 2.01290031e+00 4.59729043e+00
  2.97769504e+00 3.69294489e+00 7.23274672e+00 2.71786270e+00
  6.58501906e-01 7.65362818e-01 8.08080575e-01 8.81943128e-01
  9.17943938e+00 6.21160461e+00 5.27892395e+00]
 [1.98543982e+01 3.83491333e+01 1.07556970e+01 2.54867311e+00
  5.04460737e+00 4.55913958e+00 2.21110187e+00 2.46820326e+00
  1.77625716e+00 1.94847383e+00 1.75882138e+00 3.11000502e+00
  3.93216109e-01 3.48773544e-01 6.50149475e-01 7.23906875e-01
  1.21998006e+00 4.62423473e-30 4.59155927e-01 1.81002093e+00
  4.59091719e+00 1.03471743e+00 7.40732856e-01 8.97338026e-01
  6.18233529e+00 9.89456346e+00 2.03232795e+01 4.20473418e+00
  4.01686897e-01 3.39900972e-01 2.56872430e-01 2.64848211e-01
  1.57386561e+01 1.42783315e+01 2.70526644e+01]
 [2.25015705e+00 3.04883352e+00 3.25344296e+00 3.04711452e+00
  7.96094557e+00 1.21996790e+01 7.15667795e+00 5.53058812e+00
  6.83912025e+00 3.71767624e+00 1.58339196e+00 1.94976754e+00
  1.64429458e+00 2.03927258e+00 2.42043188e+00 2.14658545e+00
  8.12358131e-01 6.23272754e-30 1.09004467e+00 5.29033037e+00
  4.05952487e+00 3.67601867e+00 3.08245815e+00 5.31092918e+00
  1.38756064e+00 2.31847484e+00 1.57204947e+00 1.18741834e+00
  6.43429098e-01 6.98882993e-01 9.23690009e-01 7.48940054e-01
  2.80558450e+00 3.44993581e+00 1.21068960e+01]]