[[2.44375555e+01 2.47199431e+01 2.97391368e+01 2.19251007e+01
  4.74266673e+01 4.71132151e+01 1.36339608e+02 1.91874155e+02
  2.27968136e+02 1.60787366e+02 1.06680602e+01 8.60423743e+00
  1.08503667e+01 4.92245302e+00 6.52808681e+01 5.87812954e+01
  4.82832826e+00 1.37276700e-28 3.38803759e+01 1.76279319e+02
  2.05144638e+01 1.62618744e+01 5.01202702e+01 4.74261191e+01
  1.44070123e+01 1.52093414e+01 2.14847679e+01 8.73711737e+00
  3.40401482e+00 2.43342357e+00 1.25022838e+01 7.81635293e+00
  1.12873860e+01 1.30948116e+01 8.66171174e+00]
 [6.03419063e+01 7.78835084e+01 7.36343713e+00 1.26188305e+01
  8.12328290e+00 5.97521680e+00 1.48443491e+01 1.40195120e+01
  2.85787835e+01 2.04624373e+01 4.98010623e+00 7.63107684e+00
  9.37860999e+00 5.64110024e+00 1.33572815e+01 6.98956840e+00
  4.63285811e+00 6.79173936e-29 4.60910601e+00 2.19253104e+01
  4.79093326e+00 5.19510331e+00 1.44098245e+01 6.92479749e+00
  1.84095525e+01 2.97234080e+01 5.96509837e+01 2.25797372e+01
  1.85075924e+00 1.86186732e+00 5.87497390e+00 2.44834826e+00
  4.58590393e+01 5.23034606e+01 1.60397282e+00]
 [2.23179987e+01 2.78589323e+01 9.18724764e+00 1.28416095e+01
  7.37249556e+00 1.10146377e+01 1.26006127e+01 1.72303381e+01
  2.81737753e+01 2.25354536e+01 5.23366999e+00 4.42858440e+00
  5.56846401e+00 6.79280975e+00 1.39827823e+01 1.52677082e+01
  4.32082882e+00 5.33611427e-29 8.24176164e+00 2.20787943e+01
  4.64567317e+00 1.06065658e+01 1.12515352e+01 1.78569446e+01
  1.42033574e+01 2.18781449e+01 2.15178469e+01 1.00110242e+01
  1.71095996e+00 2.05138295e+00 8.54564040e+00 5.22893968e+00
  1.01067173e+01 1.39309758e+01 1.36909910e+01]
 [1.46451223e+02 1.30156524e+02 3.70999385e+01 4.18532445e+01
  3.74783296e+01 5.61086210e+01 5.30566180e+01 8.77101770e+01
  8.83488308e+01 9.08398504e+01 2.35210120e+01 2.72528888e+01
  5.91463082e+00 1.13294153e+01 2.75352394e+01 4.05895251e+01
  1.89071913e+01 9.83463169e-30 2.52974856e+01 7.36683343e+01
  1.87321599e+01 2.85241122e+01 2.46460385e+01 3.84294986e+01
  6.82071010e+01 5.35280839e+01 9.38516564e+01 5.47936899e+01
  8.17866665e+00 9.17419842e+00 1.06007204e+01 8.96499432e+00
  8.34919691e+01 5.86013934e+01 6.78213928e+00]
 [5.38974603e+01 5.87335168e+01 2.09296980e+01 1.49861283e+01
  2.02249873e+01 1.77518890e+01 2.38235753e+01 2.84651285e+01
  2.68008037e+01 2.40518883e+01 9.43456053e+00 7.33077215e+00
  6.36241271e+00 6.09503086e+00 1.51927643e+01 1.52759853e+01
  7.73526710e+00 2.68598766e-29 8.99512850e+00 2.37986374e+01
  9.75880393e+00 8.69933661e+00 1.52211445e+01 1.51975334e+01
  2.46367487e+01 2.24507279e+01 4.43777873e+01 1.61515139e+01
  3.72095597e+00 2.83359206e+00 6.16544010e+00 5.07612439e+00
  3.33770821e+01 5.05850592e+01 2.91102749e+00]
 [3.32650171e+00 4.47588527e+00 4.87711790e+00 4.71350740e+00
  5.71856964e+00 4.86724567e+00 6.97515180e+00 8.02807795e+00
  1.04603732e+01 8.73211739e+00 2.37200151e+00 1.98873581e+00
  3.15868329e+00 3.35695304e+00 4.59747547e+00 5.28525124e+00
  1.45164105e+00 2.07403372e-30 3.37283067e+00 8.70431774e+00
  4.23446604e+00 3.62291290e+00 3.97035419e+00 5.59375225e+00
  3.42610874e+00 2.76903859e+00 3.73963838e+00 1.85979628e+00
  1.26118764e+00 9.59170672e-01 2.00051275e+00 1.64363190e+00
  2.50831359e+00 2.41647815e+00 5.83085850e+00]
 [2.14912668e+01 2.04149515e+01 2.29894897e+01 1.98610275e+01
  3.38936447e+01 2.80186252e+01 7.78121049e+01 7.91288011e+01
  1.59635221e+02 1.77781676e+02 1.14488129e+01 1.02715488e+01
  9.37602399e+00 6.63272464e+00 5.48293151e+01 5.60363603e+01
  8.29249134e+00 2.35138590e-28 5.96271552e+01 1.64837801e+02
  1.89229272e+01 1.26569762e+01 3.61313883e+01 2.91044129e+01
  2.09563912e+01 1.47634365e+01 2.08220130e+01 1.19869886e+01
  6.21995308e+00 4.91447555e+00 1.77592000e+01 1.42700769e+01
  1.69245844e+01 1.52100238e+01 2.67259826e+01]
 [6.22194378e+01 4.93662049e+01 1.38499800e+01 8.14114370e+00
  5.27974192e+00 7.41640182e+00 9.96064962e+00 1.37493775e+01
  1.41075123e+01 1.41593990e+01 6.44321537e+00 3.81269241e+00
  2.55838284e+00 2.09040614e+00 7.78586906e+00 8.28282378e+00
  3.98193061e+00 1.14209681e-29 4.91724026e+00 1.34061128e+01
  4.34576546e+00 2.85955134e+00 5.41918894e+00 5.48054517e+00
  2.59830723e+01 1.40397667e+01 4.07982468e+01 1.36617206e+01
  1.60875104e+00 1.09476593e+00 2.88864077e+00 2.48547996e+00
  5.92738839e+01 4.03826595e+01 9.73660147e+00]
 [9.55066989e+01 8.22575102e+01 1.54567015e+01 2.06969008e+01
  1.43148356e+01 1.72367093e+01 2.85193041e+01 4.93655973e+01
  4.54919868e+01 5.10267899e+01 1.07049359e+01 1.15158716e+01
  4.32350442e+00 3.92233345e+00 1.52935809e+01 1.96177163e+01
  1.05602225e+01 4.32865826e-29 1.52773253e+01 4.21598049e+01
  9.34134675e+00 1.01072913e+01 1.17231240e+01 1.46067426e+01
  2.49854686e+01 2.63849614e+01 7.39888981e+01 2.39439874e+01
  3.80637828e+00 3.58600141e+00 5.32096670e+00 5.37794101e+00
  4.34341028e+01 4.24693231e+01 3.81650355e+00]
 [6.39560467e+00 5.60791781e+00 7.34657773e+00 8.28374720e+00
  1.19759048e+01 5.51902210e+00 1.24869818e+01 1.48538690e+01
  1.90263309e+01 1.92489592e+01 5.32872121e+00 1.18051695e+01
  1.62072281e+00 2.07449927e+00 7.38797709e+00 6.64783221e+00
  2.20122577e+00 6.14264473e-29 6.62883646e+00 1.91546092e+01
  9.55811116e+00 1.25844133e+01 9.95022402e+00 8.02131238e+00
  6.62741211e+00 1.48145124e+01 5.24333640e+00 4.75473378e+00
  1.00231763e+00 1.83795241e+00 1.88576716e+00 1.70037717e+00
  1.88367928e+01 6.08667900e+00 9.94158569e+01]
 [1.21945542e+01 1.14008345e+01 2.06115093e+01 1.40182836e+01
  3.35198949e+01 1.75096413e+01 5.57646279e+01 2.65913914e+01
  2.74926863e+01 2.18894350e+01 6.77283777e+00 5.31192406e+00
  1.19852749e+01 5.93439353e+00 1.56178226e+01 1.21203164e+01
  3.94995835e+00 8.89464986e-30 7.30341710e+00 2.10268689e+01
  1.45399225e+01 9.22873982e+00 2.26973923e+01 1.15771942e+01
  8.87577382e+00 8.79593444e+00 1.10263819e+01 6.12253431e+00
  3.01628451e+00 2.03579279e+00 4.89485633e+00 4.23605095e+00
  5.24245393e+00 3.86961598e+00 3.05909526e+00]
 [1.42794622e+01 1.78518043e+01 9.71821779e+00 1.05157228e+01
  1.07212680e+01 1.12525262e+01 1.19628545e+01 1.32986045e+01
  2.21133251e+01 2.52920422e+01 4.12377771e+00 4.92185082e+00
  2.68866044e+00 3.21493722e+00 6.73909906e+00 7.04464354e+00
  4.38746195e+00 6.08043320e-30 4.57146684e+00 2.10113535e+01
  6.83753946e+00 7.70337757e+00 7.43234633e+00 8.43170036e+00
  6.74596600e+00 8.37349952e+00 1.52826589e+01 6.45026821e+00
  2.21337794e+00 2.18342017e+00 2.24634959e+00 2.00537493e+00
  2.84929465e+01 2.51709305e+01 7.19963198e+00]
 [4.10137084e+01 4.35307688e+01 1.08027804e+01 1.46407618e+01
  1.02826940e+01 9.14562904e+00 1.38310841e+01 1.37384958e+01
  1.81617337e+01 1.62224788e+01 6.99782229e+00 8.88720294e+00
  4.80531411e+00 4.72722417e+00 9.85954433e+00 8.86929460e+00
  6.42519319e+00 3.71468159e-29 5.80129022e+00 1.56319115e+01
  7.29557301e+00 8.16916440e+00 9.40841269e+00 9.01845801e+00
  1.43567789e+01 1.79515133e+01 3.39319520e+01 1.29395532e+01
  2.72623359e+00 3.07608321e+00 4.12665468e+00 2.60419778e+00
  2.08503869e+01 1.19969324e+01 9.94544420e+00]
 [1.74785730e+02 1.80024637e+02 6.31675871e+01 6.78498469e+01
  5.97074155e+01 5.57137173e+01 1.12421737e+02 1.03569514e+02
  7.86616424e+01 9.06220988e+01 4.27610244e+01 4.80364338e+01
  2.47183487e+01 2.31266169e+01 7.74038135e+01 4.94836317e+01
  3.86833703e+01 1.94905456e-28 3.65021043e+01 6.18892790e+01
  4.37057312e+01 4.16091540e+01 6.68016616e+01 4.94922576e+01
  7.61249572e+01 8.47692526e+01 1.50237771e+02 6.66046842e+01
  1.55916068e+01 1.80223231e+01 2.78885006e+01 1.84651039e+01
  1.77259362e+02 9.72810313e+01 1.30447501e+01]
 [5.84618023e+01 7.00553101e+01 2.64072615e+01 2.86868571e+01
  3.52518366e+01 2.44928514e+01 1.03757683e+02 1.09641339e+02
  1.51372149e+02 1.46223028e+02 1.41216565e+01 1.75825443e+01
  1.68303947e+01 8.04984480e+00 7.62796501e+01 6.97640334e+01
  1.68169038e+01 1.77153895e-29 4.28599769e+01 1.20715694e+02
  1.71309274e+01 1.47021869e+01 4.99380119e+01 3.44230383e+01
  3.08896190e+01 4.73979535e+01 6.11260172e+01 2.90914156e+01
  6.61455046e+00 7.35867187e+00 2.78256932e+01 1.40720881e+01
  2.26611407e+01 1.87165517e+01 3.33990531e+01]
 [1.79107760e+01 2.51680776e+01 6.58817777e+00 7.78475313e+00
  6.42377562e+00 6.67763904e+00 1.15125028e+01 1.55732095e+01
  3.32771237e+01 2.94879077e+01 4.02236128e+00 4.67681840e+00
  1.77998157e+00 2.48485382e+00 7.66767093e+00 8.22744843e+00
  3.01505982e+00 1.12354097e-29 4.77709955e+00 2.76582160e+01
  4.01607786e+00 5.50794715e+00 5.55509813e+00 6.86241695e+00
  8.07632845e+00 1.15343578e+01 1.86823207e+01 7.98867379e+00
  1.35473376e+00 1.10396913e+00 1.94829585e+00 2.08149429e+00
  1.15290556e+01 1.80893570e+01 7.29987375e+00]
 [1.58045659e+01 1.66997519e+01 1.01115364e+01 1.12219479e+01
  1.04981604e+01 1.24329301e+01 1.70784655e+01 1.73690335e+01
  2.53870930e+01 2.23148169e+01 3.69591746e+00 5.32208066e+00
  2.56691602e+00 3.71666519e+00 1.04302173e+01 9.35512736e+00
  2.49196868e+00 8.00950795e-30 5.52307333e+00 2.41324044e+01
  6.20737128e+00 6.92950374e+00 8.22120720e+00 9.98844871e+00
  1.08209016e+01 1.11757491e+01 1.31128081e+01 4.73135708e+00
  1.33762786e+00 1.29134242e+00 2.75388805e+00 2.75895600e+00
  3.28260310e+00 3.91442805e+00 1.84699977e+00]
 [5.88224694e+01 6.63605929e+01 3.93416840e+01 4.04298572e+01
  5.01296673e+01 5.59977810e+01 5.88436461e+01 6.43532988e+01
  5.86190104e+01 6.02593415e+01 2.08100793e+01 2.40353995e+01
  1.84186323e+01 2.83755939e+01 4.84896347e+01 4.87690060e+01
  1.84594125e+01 6.54381173e-29 3.59163017e+01 5.17734623e+01
  2.72993467e+01 3.00224704e+01 4.56312249e+01 5.29000887e+01
  3.30427950e+01 3.56630343e+01 5.26254662e+01 3.14438999e+01
  1.00052363e+01 8.60017222e+00 2.50252865e+01 2.69429627e+01
  3.18917180e+01 2.28100551e+01 9.38996816e+00]
 [2.23804134e+01 2.52558424e+01 1.69738774e+01 1.10315354e+01
  3.25315328e+01 1.76329331e+01 3.90564089e+01 2.97805376e+01
  3.68808744e+01 3.41907021e+01 6.55442482e+00 5.81355065e+00
  5.97812009e+00 2.60796250e+00 1.83791530e+01 1.62502797e+01
  3.91089854e+00 2.44098782e-29 1.42365461e+01 3.41754815e+01
  1.39827520e+01 6.78612734e+00 2.62066565e+01 1.34187305e+01
  1.05909023e+01 1.15332316e+01 1.90341280e+01 8.08625560e+00
  2.22006106e+00 1.88598590e+00 6.29653759e+00 4.61980550e+00
  7.54348975e+00 8.37126051e+00 3.76243546e+01]
 [6.16769170e+00 6.80617110e+00 1.02818183e+01 7.71830051e+00
  2.05941740e+01 1.25482909e+01 3.16737418e+01 1.70170938e+01
  3.69170929e+01 2.76641072e+01 3.80647982e+00 4.53882283e+00
  1.19397883e+01 9.57057223e+00 2.71033842e+01 1.14113621e+01
  2.46383210e+00 4.86454474e-29 1.35076593e+01 3.32088199e+01
  1.02284160e+01 7.46131668e+00 2.64463535e+01 1.13444382e+01
  4.02441730e+00 3.52767862e+00 4.59575363e+00 2.91713612e+00
  2.14420962e+00 2.12219808e+00 1.16507892e+01 4.51302860e+00
  6.97505194e+00 4.69750725e+00 2.67443998e+01]]