[[5.70549402e+00 8.73752820e+00 6.30955162e+00 5.18343910e+00
  1.00565586e+01 8.76209024e+00 1.08289746e+01 1.33440493e+01
  1.55207666e+01 1.10383686e+01 2.90772650e+00 2.87987695e+00
  3.77077288e+00 1.75952150e+00 6.48116160e+00 5.77718323e+00
  1.53428492e+00 3.22193815e-29 3.61601852e+00 1.17830426e+01
  5.82215999e+00 3.88010974e+00 6.01889753e+00 5.69969779e+00
  4.46948937e+00 5.37847872e+00 5.31494185e+00 2.12850197e+00
  1.02286053e+00 9.69649881e-01 1.72509658e+00 1.23301488e+00
  5.18066001e+00 6.21415723e+00 5.46706353e+00]
 [9.18391541e+01 1.07151826e+02 1.65231066e+01 2.40564298e+01
  7.18136733e+00 1.08350031e+01 6.21016522e+00 6.47551371e+00
  9.05422635e+00 1.19759852e+01 1.04788335e+01 2.85745654e+01
  1.77397266e+00 2.45882723e+00 3.88325085e+00 3.49205052e+00
  6.46344267e+00 1.05675400e-28 2.42250559e+00 1.06891227e+01
  7.71180200e+00 1.27282081e+01 3.92320513e+00 3.32709945e+00
  4.30644441e+01 6.51541658e+01 1.02513973e+02 3.81040593e+01
  2.14675368e+00 3.58109897e+00 1.48053136e+00 1.09095289e+00
  6.40194905e+01 6.18891732e+01 3.29362529e+00]
 [1.20119977e+02 2.81325283e+02 2.73077052e+01 2.21697589e+02
  1.31920432e+01 1.12552263e+01 1.40523532e+01 1.34591602e+01
  1.59728880e+01 1.52821483e+01 1.80334848e+01 1.79671530e+01
  5.18498837e+00 8.70466444e+00 1.16254265e+01 9.57632491e+00
  1.09631308e+01 8.72360633e-29 7.83915111e+00 1.48156531e+01
  1.05413502e+01 1.83493455e+02 1.12084492e+01 1.00145550e+01
  1.06830578e+02 3.62022935e+02 1.41562690e+02 5.27377837e+01
  3.56287924e+00 6.78675807e+00 5.34796360e+00 3.55606317e+00
  6.06574498e+01 2.51368607e+02 9.07171085e+01]
 [7.14342924e+02 2.82239013e+02 5.08769430e+01 3.15704998e+01
  4.67145816e+01 7.92774614e+01 2.33468770e+01 2.58866795e+01
  2.90458912e+01 3.13592649e+01 5.90929455e+01 6.51432322e+01
  4.31174851e+00 4.56887178e+00 9.63894546e+00 1.24003860e+01
  2.68173442e+01 1.11465294e-29 7.66564335e+00 2.68824586e+01
  1.40646613e+01 2.55481406e+01 1.16570307e+01 1.60230625e+01
  2.91883814e+02 1.07766007e+02 1.92475899e+02 1.66021319e+02
  1.15092150e+01 9.46362810e+00 3.06768936e+00 3.45646699e+00
  3.96425525e+02 2.23868731e+02 5.52436521e+00]
 [4.24087827e+02 3.65461331e+02 1.30277630e+02 6.65250784e+01
  4.03155805e+01 2.09553851e+01 2.49848313e+01 2.43526432e+01
  3.45671550e+01 2.91255256e+01 3.73948769e+01 4.75020778e+01
  1.38291271e+01 9.88151763e+00 1.53909488e+01 1.43181595e+01
  1.81393925e+01 5.25893644e-29 9.60476219e+00 3.01496530e+01
  2.71875708e+01 2.41441309e+01 1.88474327e+01 1.39418281e+01
  2.09615265e+02 2.65567106e+02 2.78315922e+02 7.10423971e+01
  7.41208667e+00 1.32069220e+01 6.06178433e+00 4.58544296e+00
  3.02890335e+02 2.59498428e+02 5.56269337e+00]
 [7.55737477e+00 1.80575201e+01 1.36619213e+01 1.85996716e+01
  1.27694561e+01 4.01168019e+00 4.76177509e+00 5.08827656e+00
  6.06110317e+00 6.02635229e+00 8.53728635e+00 3.63495029e+00
  6.42392445e+00 1.54795649e+00 3.16343810e+00 2.78035359e+00
  2.04838324e+00 3.15551338e-30 1.83846725e+00 5.79781804e+00
  1.58748547e+01 3.44732104e+00 5.45843411e+00 3.01783286e+00
  2.48786661e+01 7.53759008e+00 7.56084989e+00 4.20226190e+00
  1.58744478e+00 9.62117734e-01 1.51650882e+00 9.62871996e-01
  2.16346363e+01 2.51785928e+01 5.99926409e+00]
 [1.16584572e+01 1.37073301e+01 1.58659060e+01 1.56717551e+01
  1.92191602e+01 1.82787283e+01 2.34382738e+01 2.26319602e+01
  3.33023576e+01 3.38632081e+01 1.08944042e+01 1.12365648e+01
  8.83979314e+00 7.70158706e+00 1.59363541e+01 1.57723785e+01
  7.42382019e+00 7.19799931e-29 1.25358989e+01 3.30956403e+01
  1.39454858e+01 1.25620428e+01 1.53859489e+01 1.48957458e+01
  1.50676409e+01 1.24327229e+01 1.27967429e+01 9.32681244e+00
  7.35804826e+00 5.49492161e+00 6.54267682e+00 5.71759147e+00
  1.71243201e+01 1.55807015e+01 2.90228899e+01]
 [1.02708071e+02 8.27719136e+01 2.12151249e+01 8.18644111e+00
  6.59157622e+00 1.57190103e+01 1.20457369e+01 1.55214595e+01
  1.01980260e+01 1.36246311e+01 9.52980101e+00 6.61226012e+00
  2.31028155e+00 1.97869896e+00 4.64496900e+00 5.58807696e+00
  4.98648063e+00 2.12969814e-29 3.11639794e+00 1.09474290e+01
  5.91269221e+00 3.06785733e+00 4.25227987e+00 6.81191645e+00
  4.13318236e+01 3.00057100e+01 6.60867741e+01 2.08992629e+01
  1.70402795e+00 1.10916299e+00 1.64747069e+00 1.60242948e+00
  9.16335748e+01 7.09436698e+01 2.55967523e+01]
 [6.51646087e+01 6.20905364e+01 1.12300685e+01 1.20027713e+01
  5.79079519e+00 4.79485768e+00 7.73475916e+00 7.99033607e+00
  1.05842581e+01 1.11094622e+01 5.05346561e+00 5.69603852e+00
  2.19521630e+00 1.96340152e+00 5.04720157e+00 4.29400726e+00
  4.02361646e+00 2.03336151e-29 3.21553574e+00 1.07715702e+01
  4.66335452e+00 5.08164239e+00 4.85151825e+00 4.02688789e+00
  1.74317040e+01 1.46620320e+01 5.03515500e+01 1.21893080e+01
  1.61046965e+00 1.79585022e+00 1.90412095e+00 1.42892471e+00
  2.97652176e+01 3.66540658e+01 1.98474868e+00]
 [3.97231209e+01 1.46517217e+01 1.83637776e+01 1.40665527e+01
  1.69790582e+01 7.87078809e+00 1.41619200e+01 1.79040017e+01
  9.88159042e+00 1.46459437e+01 1.34563944e+01 1.85390905e+01
  2.18678566e+00 2.39788897e+00 4.42588834e+00 3.85149107e+00
  3.50763809e+00 1.01740396e-28 2.95007130e+00 1.56520759e+01
  1.52728391e+01 2.18914918e+01 1.25990602e+01 1.11285148e+01
  4.35685449e+01 2.29757375e+01 1.13591526e+01 1.00847210e+01
  1.63841198e+00 2.76840829e+00 1.51526567e+00 1.11958297e+00
  4.32153132e+01 1.19701754e+01 1.14906688e+02]
 [7.05309389e+00 6.84707488e+00 9.27788720e+00 8.03095066e+00
  8.88960350e+00 7.33830105e+00 1.01199148e+01 1.06898972e+01
  1.23509858e+01 1.08463124e+01 5.28870931e+00 6.30779619e+00
  5.87087895e+00 4.23665165e+00 6.89770550e+00 6.20777714e+00
  3.74832221e+00 3.98546856e-30 4.13046248e+00 1.06573232e+01
  6.39788222e+00 5.91603057e+00 7.36728487e+00 6.30927952e+00
  6.03537029e+00 7.93643221e+00 7.43163725e+00 5.15909506e+00
  2.28504506e+00 2.31945380e+00 2.96345921e+00 2.66756732e+00
  6.47872656e+00 5.24651548e+00 2.83616008e+00]
 [3.14253838e+01 4.45043375e+01 1.09208059e+01 1.24117502e+01
  2.44075402e+01 2.92080183e+01 1.18109782e+01 1.22776979e+01
  1.92331251e+01 1.75845031e+01 5.97324965e+00 6.69938700e+00
  4.32862754e+00 4.85573957e+00 7.57983481e+00 7.11304210e+00
  4.58570713e+00 6.40365537e-30 4.81558083e+00 1.69253620e+01
  9.99515690e+00 9.87700688e+00 9.13104178e+00 1.35205055e+01
  1.35852658e+01 1.89396001e+01 3.56745769e+01 1.00060803e+01
  2.51505251e+00 2.42225695e+00 2.81770973e+00 2.33789707e+00
  5.16425466e+01 4.66765257e+01 1.53506999e+01]
 [6.60962225e+01 6.08375798e+01 2.29963249e+01 2.57193274e+01
  1.47924434e+01 1.44545585e+01 1.73563577e+01 1.72154911e+01
  2.32893036e+01 2.32119294e+01 1.46888762e+01 1.53609866e+01
  7.08493718e+00 6.08148408e+00 1.14706405e+01 9.87689605e+00
  1.08597916e+01 6.48589860e-29 7.47102390e+00 2.20819349e+01
  1.63643830e+01 1.50410686e+01 1.21275723e+01 1.15286779e+01
  2.85515320e+01 2.91093451e+01 5.16148057e+01 2.05268311e+01
  5.18674932e+00 5.03883317e+00 4.98847628e+00 3.30652684e+00
  3.75274243e+01 1.99675805e+01 1.59022903e+01]
 [1.74926012e+02 1.74757034e+02 2.65646284e+01 3.76387715e+01
  2.36827138e+01 2.60483638e+01 2.97605061e+01 3.36118875e+01
  3.10947090e+01 3.42688541e+01 1.62501626e+01 2.46038313e+01
  8.94966841e+00 1.02317070e+01 1.97720485e+01 1.82592596e+01
  1.47307117e+01 7.20695959e-29 1.27336459e+01 2.86736104e+01
  1.60232957e+01 1.90665538e+01 1.93959019e+01 2.08136653e+01
  4.46924725e+01 6.08888013e+01 1.39141234e+02 3.31576453e+01
  6.47794320e+00 7.48867945e+00 7.25252606e+00 6.43876280e+00
  2.56686515e+02 1.26348756e+02 1.25620038e+01]
 [2.95705504e+01 3.37240766e+01 8.51319722e+00 8.48484163e+00
  8.33438100e+00 7.26430354e+00 1.52521614e+01 1.49095366e+01
  2.21241165e+01 2.03327046e+01 4.96574135e+00 6.61925901e+00
  3.99924962e+00 2.86284709e+00 1.08243047e+01 7.96654362e+00
  4.67869591e+00 2.19192870e-29 5.03688956e+00 1.91837359e+01
  4.84421403e+00 4.92094790e+00 9.28710390e+00 6.87082780e+00
  1.13787839e+01 2.02367213e+01 2.95266121e+01 9.95200920e+00
  2.20579999e+00 2.47501538e+00 4.27146623e+00 2.10219744e+00
  2.26038563e+01 2.06952314e+01 2.90670212e+01]
 [1.25963760e+01 2.18691664e+01 1.24781367e+01 1.15129486e+01
  1.67393723e+01 1.81986440e+01 6.57574735e+00 8.46002576e+00
  1.12438555e+01 1.11040649e+01 5.54314082e+00 5.88320653e+00
  3.50153739e+00 6.33824833e+00 3.54821004e+00 3.96420770e+00
  2.48259915e+00 1.23466941e-29 2.03748861e+00 1.00837607e+01
  8.50927833e+00 2.50203951e+01 4.68819409e+00 7.45694262e+00
  6.51791787e+00 1.18232513e+01 1.59183425e+01 6.73644338e+00
  1.54977148e+00 1.64096964e+00 1.15643894e+00 1.17725261e+00
  8.83075918e+00 2.16026310e+01 8.25835426e+00]
 [1.81601361e+01 5.08766140e+01 1.50879041e+01 1.66845163e+01
  1.69730092e+01 1.78939632e+01 8.82519113e+00 9.89424471e+00
  1.41887470e+01 1.40409983e+01 1.40726688e+01 2.54914054e+01
  3.40550838e+00 4.87192940e+00 4.99698842e+00 6.94877233e+00
  2.57763912e+00 1.19937538e-29 2.99444510e+00 1.51602321e+01
  2.18883454e+01 1.29631142e+01 7.83862851e+00 1.02371624e+01
  8.26784277e+01 7.16298801e+01 2.65018730e+01 7.03924032e+00
  2.14860777e+00 1.96482873e+00 1.71520063e+00 2.10301095e+00
  1.60343356e+01 1.10127006e+01 5.66398601e+00]
 [3.28934307e+01 4.62998199e+01 1.29455875e+01 1.56939497e+01
  1.43565901e+01 1.74977112e+01 1.88936264e+01 2.35255996e+01
  2.79934401e+01 3.26105540e+01 8.00612487e+00 1.21148656e+01
  5.74826665e+00 7.26548422e+00 1.60783636e+01 1.60134887e+01
  6.59026083e+00 1.82074320e-29 1.20927496e+01 2.85019994e+01
  9.74527033e+00 1.10018864e+01 1.38741078e+01 1.56119500e+01
  1.33756412e+01 1.85283458e+01 2.98214862e+01 1.38378128e+01
  3.86873545e+00 4.25382890e+00 7.22302162e+00 6.48226293e+00
  3.16290549e+01 2.31538378e+01 1.09809213e+01]
 [3.43636621e+01 5.99011704e+01 1.60448821e+01 7.75805746e+00
  1.09051706e+01 1.06133964e+01 9.14081308e+00 8.72965519e+00
  9.05777272e+00 9.19943203e+00 4.87665334e+00 6.29828731e+00
  1.82140218e+00 1.65118812e+00 3.92296098e+00 4.27348684e+00
  3.10359460e+00 1.43502206e-29 2.85219790e+00 8.74217051e+00
  8.37845708e+00 4.31760707e+00 4.82038852e+00 4.37530063e+00
  1.16615779e+01 1.73643511e+01 3.30387686e+01 8.65428791e+00
  1.39497844e+00 1.23636095e+00 1.53733063e+00 1.51679910e+00
  2.32219677e+01 2.17147749e+01 6.38683217e+01]
 [5.39838248e+00 6.61715931e+00 7.50543710e+00 6.82996316e+00
  2.18278371e+01 1.98779962e+01 2.39454783e+01 1.63822369e+01
  2.05137138e+01 1.58302302e+01 3.45565918e+00 4.56650452e+00
  5.55294617e+00 6.19030073e+00 1.17234272e+01 7.94570350e+00
  1.97134575e+00 2.36727803e-29 5.03105300e+00 1.74295829e+01
  8.75378312e+00 6.50011711e+00 1.34186146e+01 1.11650316e+01
  3.48013574e+00 4.10364470e+00 3.72853811e+00 2.66872648e+00
  1.60499436e+00 1.85536518e+00 4.21935638e+00 2.57669387e+00
  6.77037511e+00 5.71130352e+00 2.80293009e+01]]