[[1.35231783e+01 1.99388444e+01 1.21298639e+01 1.29980232e+01
  1.36539099e+01 1.55093574e+01 3.03690924e+01 3.91591725e+01
  3.43144947e+01 2.41520732e+01 5.08723636e+00 5.43765425e+00
  4.21000595e+00 2.85937322e+00 1.17930143e+01 9.48847226e+00
  4.72731226e+00 3.65800964e-29 5.89680995e+00 2.51149609e+01
  8.71000663e+00 7.59150855e+00 1.18898548e+01 1.13323704e+01
  8.89497352e+00 1.34440885e+01 1.47291669e+01 7.10121874e+00
  2.31030902e+00 1.75506964e+00 3.26791577e+00 1.91987211e+00
  8.70232516e+00 7.11243884e+00 1.89580922e+01]
 [5.44324729e+01 6.72234144e+01 2.52016912e+01 3.37377545e+01
  2.07264929e+01 2.10535746e+01 2.04063707e+01 2.30822843e+01
  1.99056023e+01 1.90182480e+01 1.13381317e+01 1.70914408e+01
  5.85497911e+00 7.26724879e+00 1.24900729e+01 1.26564677e+01
  1.20158465e+01 2.26440281e-29 7.97865879e+00 1.84850611e+01
  1.44507483e+01 1.89756496e+01 1.46910944e+01 1.50955413e+01
  2.58385666e+01 3.59201363e+01 5.81964119e+01 2.95754137e+01
  4.28219614e+00 4.60036265e+00 5.15520808e+00 4.52359195e+00
  1.11616392e+01 1.73361283e+01 2.61989252e+00]
 [3.36181258e+01 2.90335890e+01 1.46555537e+01 1.27939059e+01
  7.85666939e+00 7.20208314e+00 7.61045069e+00 7.62308148e+00
  8.93245431e+00 8.62460496e+00 5.15670909e+00 4.56588313e+00
  2.28668378e+00 2.01508869e+00 4.19444806e+00 4.03984635e+00
  2.70423738e+00 8.11790078e-29 3.08273603e+00 8.29058654e+00
  6.21034684e+00 5.59990094e+00 4.98692968e+00 4.81055046e+00
  1.50238807e+01 1.88315323e+01 2.90142129e+01 9.23291210e+00
  1.24902173e+00 1.32648675e+00 1.58917660e+00 1.33388178e+00
  1.54270472e+01 1.45224708e+01 1.59537701e+00]
 [1.66789609e+02 1.47879275e+02 4.55842753e+01 4.29353104e+01
  2.85473767e+01 3.24679030e+01 3.08294095e+01 3.79933103e+01
  3.87851421e+01 4.30858257e+01 2.47688641e+01 2.57514271e+01
  5.94943776e+00 7.13400179e+00 1.31888559e+01 1.44793104e+01
  2.17548520e+01 5.07657459e-29 1.00568674e+01 3.88662866e+01
  2.21513372e+01 2.39088568e+01 1.86258415e+01 1.91479633e+01
  7.17911737e+01 5.60912245e+01 1.30816306e+02 6.29947717e+01
  7.82398274e+00 8.12777936e+00 4.43415664e+00 3.75423442e+00
  1.26467447e+02 8.55976854e+01 2.89645314e+00]
 [1.99611893e+01 2.60600093e+01 1.69233214e+01 1.46173148e+01
  1.10577880e+01 1.03944358e+01 1.36135735e+01 1.59389449e+01
  1.30905996e+01 1.13003736e+01 6.25812562e+00 6.75477664e+00
  3.21570909e+00 2.58804953e+00 5.44349697e+00 6.48509953e+00
  4.45219088e+00 2.91143677e-29 3.12499784e+00 1.06955192e+01
  8.42004209e+00 7.33085148e+00 6.59054319e+00 6.35295854e+00
  1.05215318e+01 1.16134428e+01 1.93714040e+01 8.38017331e+00
  2.37504532e+00 1.88895969e+00 1.59121692e+00 1.51855191e+00
  8.24561822e+00 9.31233967e+00 1.09007297e+02]
 [1.52641949e+01 2.07058861e+01 1.48736816e+01 1.40952440e+01
  1.76350342e+01 8.58434665e+00 9.98181226e+00 9.01080964e+00
  1.00272526e+01 9.25907481e+00 5.46516343e+00 5.14906968e+00
  4.35383934e+00 2.21077439e+00 5.42601652e+00 4.30225907e+00
  4.12827944e+00 5.46197540e-30 2.96773445e+00 9.18872434e+00
  1.37429639e+01 6.29267442e+00 8.64792952e+00 5.29111750e+00
  9.58953335e+00 1.03266776e+01 1.61351191e+01 6.98436906e+00
  2.54108279e+00 1.55555558e+00 2.10844989e+00 1.48163104e+00
  1.78269534e+01 4.04764309e+00 4.99898335e+00]
 [2.14104783e+01 2.50922151e+01 1.72893283e+01 2.75269191e+01
  1.52512808e+01 1.37972112e+01 1.91353515e+01 1.49387407e+01
  1.93683356e+01 1.90268486e+01 4.50253544e+00 7.45731964e+00
  5.05173434e+00 1.23158472e+01 1.05490508e+01 8.44832877e+00
  5.71305486e+00 1.17736870e-28 7.27996654e+00 1.87200870e+01
  5.85602707e+00 9.78853069e+00 1.22409091e+01 1.00543133e+01
  9.15228617e+00 1.87791191e+01 1.82762027e+01 9.32651307e+00
  4.25080645e+00 3.25557516e+00 3.73293173e+00 2.83046534e+00
  5.94693012e+01 5.36557773e+01 6.17514509e+00]
 [4.63657605e+01 4.79194643e+01 2.26056002e+01 2.15628799e+01
  1.90296738e+01 1.67219581e+01 2.74757870e+01 3.04686620e+01
  2.76476794e+01 2.48923238e+01 1.71114713e+01 1.44813264e+01
  5.18754374e+00 4.64118914e+00 1.51992776e+01 1.45327201e+01
  3.83472461e+01 2.02880630e-29 9.33096854e+00 2.50213759e+01
  1.21619968e+01 1.08018816e+01 1.45587986e+01 1.43487396e+01
  3.68843356e+01 2.76494221e+01 5.29622085e+01 6.04264180e+01
  9.17232898e+00 4.96502199e+00 4.46400560e+00 4.99987946e+00
  5.96997457e+01 1.72109264e+01 8.39999258e+00]
 [2.61775980e+01 2.87709141e+01 1.56347042e+01 1.48414656e+01
  1.14911903e+01 8.75745489e+00 1.45372706e+01 1.40340052e+01
  1.42361262e+01 1.36579425e+01 6.43171777e+00 5.68880010e+00
  3.39623250e+00 2.34334160e+00 6.54431486e+00 5.47188723e+00
  4.91246166e+00 1.19143842e-29 4.10740746e+00 1.39023505e+01
  8.49410787e+00 6.50571413e+00 8.11620819e+00 6.01265496e+00
  1.09839221e+01 1.17046068e+01 2.22368261e+01 8.76262768e+00
  2.43933649e+00 1.87319302e+00 2.40475547e+00 1.80786193e+00
  7.76492212e+00 1.51470146e+01 4.79694627e+00]
 [1.72363135e+01 1.81725358e+01 6.26524793e+00 7.92694782e+00
  5.32194329e+00 5.25128083e+00 6.31268083e+00 1.00022067e+01
  7.32286653e+00 7.28737827e+00 3.25735824e+00 1.64263433e+01
  1.69139087e+00 2.00549361e+00 3.88894665e+00 3.72200459e+00
  2.81893995e+00 1.02660457e-27 2.75322112e+00 7.60271368e+00
  4.73212740e+00 6.20909569e+00 4.81456905e+00 5.46928233e+00
  7.41876196e+00 1.39424188e+01 1.48136470e+01 5.81228148e+00
  1.37287326e+00 1.51530792e+00 1.58761304e+00 1.44346313e+00
  1.16381856e+01 8.94615698e+00 6.26228524e+00]
 [9.73082569e+00 1.21259479e+01 1.60606138e+01 1.78380315e+01
  1.34718849e+01 1.18311577e+01 1.31586263e+01 1.19503944e+01
  1.31500467e+01 1.23985189e+01 6.43557804e+00 7.92851096e+00
  4.26140308e+00 3.99162089e+00 7.16706584e+00 6.35196416e+00
  4.77635799e+00 9.12139070e-30 3.81559006e+00 1.18046043e+01
  8.48072458e+00 8.98560096e+00 8.77824241e+00 7.88220168e+00
  9.05552886e+00 1.23866502e+01 1.06134674e+01 8.13811432e+00
  2.28592722e+00 2.06011319e+00 2.61564401e+00 2.55239414e+00
  1.60437458e+01 8.62090645e+00 2.11517137e+00]
 [8.01496261e+01 6.73791554e+01 3.55630052e+01 3.07788989e+01
  2.51634706e+01 2.51169242e+01 2.39269620e+01 2.33780304e+01
  2.82625434e+01 2.78189221e+01 1.55919135e+01 1.27191550e+01
  7.93247057e+00 6.74434502e+00 1.45769901e+01 1.35398341e+01
  1.34657105e+01 1.53711607e-29 9.87220540e+00 2.65046218e+01
  2.04268025e+01 1.65751847e+01 1.86536601e+01 1.68325764e+01
  3.43917502e+01 2.47794552e+01 6.94694503e+01 2.43266351e+01
  7.51525255e+00 5.90861976e+00 5.72331896e+00 4.61598426e+00
  6.94906974e+01 6.40604561e+01 2.19064478e+00]
 [4.86091223e+00 8.62240461e+00 7.00312182e+00 6.98886331e+00
  6.79342452e+00 4.56324273e+00 7.27670354e+00 5.64595977e+00
  7.14215661e+00 6.35426182e+00 2.31681828e+00 3.00488446e+00
  2.10578805e+00 1.19444845e+00 4.12386705e+00 2.58956413e+00
  2.69106224e+00 3.44135346e-30 2.25026183e+00 6.28376902e+00
  3.84706700e+00 3.13105521e+00 4.79047337e+00 3.10175980e+00
  3.52501823e+00 4.93184360e+00 5.62052533e+00 3.71236687e+00
  1.31124795e+00 1.08501971e+00 1.58344745e+00 8.31764204e-01
  8.71952018e+00 3.45069196e+00 1.09934499e+01]
 [7.17413213e+01 7.02762022e+01 7.20639493e+01 5.88528981e+01
  8.90172703e+01 6.80460150e+01 9.72208273e+01 7.81461381e+01
  8.29663021e+01 8.13104469e+01 6.30562062e+01 5.74529347e+01
  1.67494760e+01 1.66948767e+01 5.40669845e+01 4.04117791e+01
  7.26975343e+01 1.18489586e-28 3.47759933e+01 7.63616348e+01
  5.02714010e+01 4.17804098e+01 6.49481202e+01 4.58328718e+01
  7.22057824e+01 6.60951287e+01 8.35998466e+01 9.61918030e+01
  2.43222380e+01 2.59543362e+01 1.68019919e+01 1.22768281e+01
  2.75923131e+01 2.30064994e+01 1.41274685e+01]
 [2.58477674e+01 2.15926288e+01 1.48321128e+01 1.31919364e+01
  1.29883092e+01 1.12330189e+01 2.04786248e+01 2.09595956e+01
  2.10628339e+01 2.03439213e+01 5.21379862e+00 5.30162953e+00
  3.46990661e+00 3.05664100e+00 1.01893234e+01 9.28459768e+00
  3.60831630e+00 8.10851694e-30 4.63717774e+00 1.76014782e+01
  8.36641150e+00 7.45938779e+00 1.02282617e+01 8.84856615e+00
  1.14221888e+01 1.51776510e+01 2.31057988e+01 8.56186126e+00
  2.21074466e+00 1.92934635e+00 3.22635623e+00 2.09456282e+00
  1.50666531e+01 4.63512114e+01 1.43489694e+01]
 [5.20296878e+01 4.25705352e+01 2.11026374e+01 1.45010364e+01
  1.43585308e+01 1.34064117e+01 1.40612774e+01 1.50720572e+01
  1.57965734e+01 1.47318882e+01 1.03942960e+01 6.87505016e+00
  3.29854145e+00 3.56469897e+00 7.14408504e+00 6.08220824e+00
  6.89938238e+00 4.03061408e-29 4.04001175e+00 1.35668882e+01
  9.46461153e+00 1.18688636e+01 8.58032086e+00 8.26572623e+00
  2.35377767e+01 2.26029725e+01 4.35719880e+01 1.74247732e+01
  3.00750885e+00 1.84096572e+00 2.33742098e+00 2.03897183e+00
  2.74062509e+01 3.19718915e+01 7.42345563e+00]
 [1.17873308e+01 1.00924652e+01 1.05106953e+01 9.61514621e+00
  8.71228936e+00 7.50266638e+00 1.14458528e+01 9.88009383e+00
  1.42123689e+01 1.12334050e+01 3.84945320e+00 3.89718209e+00
  2.83136653e+00 2.50820978e+00 6.92446236e+00 5.11442778e+00
  2.43474683e+00 6.65706556e-30 3.56433271e+00 1.14544979e+01
  6.65148800e+00 5.33349762e+00 6.54117443e+00 5.19776357e+00
  8.33347249e+00 8.74620069e+00 1.66028279e+01 3.64515411e+00
  1.59889647e+00 1.15422305e+00 2.23215867e+00 1.66598427e+00
  3.88583010e+00 2.37677252e+00 3.95645873e+00]
 [7.86842977e+02 7.53975342e+02 4.93755718e+01 5.03793695e+01
  1.61142716e+01 1.67759487e+01 2.16395991e+01 2.48882685e+01
  2.30794941e+01 2.41586743e+01 2.66657761e+01 3.56133449e+01
  5.07127158e+00 5.82549220e+00 1.28222761e+01 1.31629354e+01
  2.78899287e+01 4.36461341e-28 9.36908905e+00 2.19901247e+01
  1.31121953e+01 1.26820616e+01 1.27936007e+01 1.36268263e+01
  1.37254776e+02 1.49547459e+02 4.56634769e+02 1.24369446e+02
  7.46113508e+00 6.07893680e+00 5.28656644e+00 4.84926279e+00
  7.26328716e+02 4.15658240e+02 9.15864154e+00]
 [3.53175920e+01 4.72753608e+01 2.43641124e+01 1.94490538e+01
  3.65626685e+01 2.07090651e+01 4.58476753e+01 2.96013465e+01
  2.86832543e+01 2.54366161e+01 9.74937579e+00 1.17111207e+01
  7.15959068e+00 3.91264838e+00 1.72089507e+01 1.20441592e+01
  1.29920765e+01 6.87475805e-29 7.70078750e+00 2.48685151e+01
  1.72053102e+01 1.08889693e+01 2.76703396e+01 1.45733752e+01
  1.68181480e+01 2.36815913e+01 3.61490942e+01 2.11988793e+01
  3.66504126e+00 4.71930540e+00 5.47764795e+00 3.31616773e+00
  1.06221816e+01 1.98852341e+01 4.52813123e+00]
 [1.52598347e+02 4.15081007e+02 1.78118644e+01 5.92278563e+01
  1.30639196e+01 1.09205058e+01 1.44337078e+01 1.44861043e+01
  1.53143991e+01 1.58736361e+01 7.96129168e+00 2.65407061e+01
  3.41777651e+00 4.17485221e+00 7.64823534e+00 6.93385254e+00
  1.59889292e+01 2.84816397e-28 4.90569751e+00 1.55191724e+01
  8.20190908e+00 1.14836861e+01 9.30325370e+00 9.75862583e+00
  4.06620889e+01 1.40755816e+02 2.18238669e+02 5.76521315e+01
  3.42905091e+00 5.18986853e+00 3.41567031e+00 2.23256230e+00
  6.13297999e+01 1.13181286e+02 3.44356984e+01]]