[[3.64366401e+01 4.65199885e+01 3.82327904e+01 3.49353752e+01
  5.91575819e+01 8.26625905e+01 2.06863415e+02 3.51095900e+02
  3.86847754e+02 2.93230113e+02 1.07455314e+01 1.06364641e+01
  1.30246549e+01 1.18081634e+01 8.77872823e+01 9.95749527e+01
  4.74411174e+00 1.06063160e-28 4.03622534e+01 3.14417549e+02
  2.56423654e+01 2.58201136e+01 6.74800371e+01 8.78954442e+01
  2.18616462e+01 2.88479614e+01 3.44875576e+01 1.01100121e+01
  2.96029861e+00 2.52036602e+00 1.46820548e+01 1.25461310e+01
  1.52621012e+01 1.35492896e+01 2.04376657e+01]
 [2.38980589e+01 2.83360553e+01 6.84616119e+00 9.80392327e+00
  7.85376838e+00 7.22643502e+00 1.25520973e+01 1.97300603e+01
  3.55760429e+01 2.61084082e+01 3.78631506e+00 6.01811448e+00
  2.53494704e+00 6.75606171e+00 6.52304289e+00 7.37013562e+00
  3.04044775e+00 9.84066666e-30 3.70909705e+00 2.73403855e+01
  4.40348603e+00 5.22973862e+00 6.21252051e+00 7.20333947e+00
  1.03935776e+01 1.41384474e+01 2.42912418e+01 9.99005036e+00
  1.47551300e+00 1.99294796e+00 2.13714654e+00 2.16807357e+00
  9.87965663e+00 1.36328369e+01 3.37544132e+00]
 [3.22525525e+01 2.71281176e+01 9.22748185e+00 8.70988932e+00
  7.32438344e+00 1.13782475e+01 1.31877993e+01 2.29492346e+01
  4.81451571e+01 4.18201613e+01 4.08025840e+00 3.02538839e+00
  2.96368243e+00 5.42336488e+00 9.76488080e+00 1.39992392e+01
  2.44614946e+00 1.04334823e-28 7.86154399e+00 3.86953554e+01
  4.54065149e+00 4.87562174e+00 7.55252350e+00 1.43220868e+01
  1.31105943e+01 1.54151060e+01 2.71079704e+01 8.43121773e+00
  1.12502965e+00 1.31302234e+00 3.84002742e+00 3.83139182e+00
  1.91361342e+01 8.90065080e+00 1.35893260e+00]
 [1.45699828e+02 1.50207196e+02 5.94609210e+01 7.10752150e+01
  5.79207710e+01 8.26020882e+01 9.73101066e+01 1.50926922e+02
  1.44286511e+02 1.51887773e+02 3.52051959e+01 4.14344491e+01
  9.90987553e+00 1.67390303e+01 4.34005460e+01 6.11194178e+01
  2.93871980e+01 1.19284324e-28 3.16544454e+01 1.21314026e+02
  3.60621624e+01 4.71601610e+01 4.15450172e+01 6.15862206e+01
  7.57586711e+01 7.51787777e+01 1.26797605e+02 7.16645578e+01
  1.35407738e+01 1.46785497e+01 1.33274323e+01 1.12287358e+01
  6.51737862e+01 4.07549274e+01 4.38667833e+00]
 [2.19534470e+01 3.12411315e+01 1.37195469e+01 1.26870696e+01
  9.63756005e+00 1.29656026e+01 1.65917145e+01 4.33241591e+01
  2.59543899e+01 2.53648198e+01 5.51259347e+00 6.07995898e+00
  3.18142464e+00 4.13705547e+00 1.09529294e+01 2.38728928e+01
  4.22405752e+00 4.19954807e-29 6.59502465e+00 1.96756822e+01
  6.83121357e+00 6.98890752e+00 8.03067855e+00 1.42583403e+01
  1.03545805e+01 1.18646979e+01 2.17044834e+01 8.35110046e+00
  2.23792848e+00 1.69111996e+00 2.52122139e+00 4.24987767e+00
  6.25889810e+00 1.21094993e+01 1.53051592e+02]
 [9.63421375e+00 1.25737029e+01 6.44576332e+00 6.69992905e+00
  1.18776567e+01 5.77726847e+00 1.00980523e+01 2.34909996e+01
  2.60443712e+01 1.81869204e+01 2.75039311e+00 2.83963795e+00
  2.62631194e+00 1.91581290e+00 6.66917622e+00 6.54926392e+00
  2.20163353e+00 3.75437807e-30 3.66352653e+00 1.74740815e+01
  6.34810075e+00 3.62621805e+00 7.16134394e+00 6.09501938e+00
  5.97284460e+00 5.79103065e+00 1.03296606e+01 3.96251724e+00
  1.24034460e+00 9.34013125e-01 1.71364344e+00 1.26038382e+00
  7.06781783e+00 3.23669091e+00 4.64098107e+00]
 [1.86398914e+01 1.80379670e+01 1.02977255e+01 1.05600516e+01
  1.93030414e+01 1.41737688e+01 4.30267073e+01 4.17489762e+01
  8.24776367e+01 9.05275357e+01 3.54624243e+00 3.70325050e+00
  4.93878469e+00 6.50410921e+00 2.25854889e+01 2.54669002e+01
  3.20669378e+00 8.72039780e-29 1.81561718e+01 7.87358356e+01
  6.25451447e+00 5.97759767e+00 1.76326868e+01 1.44735527e+01
  5.88544223e+00 8.58390998e+00 1.54777291e+01 5.64749066e+00
  2.81143431e+00 1.93944115e+00 5.89309424e+00 5.75330638e+00
  3.52726349e+01 3.98895199e+01 6.29130190e+00]
 [2.22015556e+01 2.23861838e+01 8.80450612e+00 7.62096410e+00
  9.93688414e+00 1.31649100e+01 3.14956350e+01 7.46093012e+01
  5.87006615e+01 5.83959142e+01 4.36123462e+00 4.63250400e+00
  3.40437885e+00 3.16290109e+00 1.69988603e+01 2.64643101e+01
  3.61787755e+00 1.64874612e-29 1.00331819e+01 5.02051059e+01
  5.06622020e+00 4.50793765e+00 1.02177109e+01 1.67389621e+01
  1.06827718e+01 1.03022000e+01 1.76943383e+01 8.01290709e+00
  1.52320616e+00 1.22944851e+00 4.08986311e+00 4.77497374e+00
  2.85984160e+01 1.29504678e+01 7.37402388e+00]
 [3.68037456e+01 3.52785316e+01 1.73731197e+01 1.63700513e+01
  2.03951742e+01 1.72593278e+01 4.41639572e+01 6.25483203e+01
  7.47137155e+01 6.66631683e+01 8.49038208e+00 8.18842501e+00
  5.45045528e+00 3.76824325e+00 1.88993848e+01 1.64849097e+01
  6.59146026e+00 2.16808134e-29 1.18397618e+01 6.28484943e+01
  1.10612410e+01 8.85803671e+00 1.61753415e+01 1.48043116e+01
  1.44915546e+01 1.51724468e+01 3.05633255e+01 1.32420248e+01
  3.07434334e+00 2.81407576e+00 5.71075404e+00 3.90631039e+00
  7.83055019e+00 1.11827192e+01 4.03890106e+00]
 [3.33675112e+01 3.70695716e+01 7.62029362e+00 9.31568587e+00
  8.84630756e+00 1.01272640e+01 5.07484207e+01 6.41288871e+01
  1.09179761e+02 1.00920405e+02 4.67964779e+00 9.64619477e+00
  2.51076406e+00 3.76269265e+00 3.99903249e+01 4.29095089e+01
  5.59397291e+00 2.23663360e-27 2.69933365e+01 8.22625618e+01
  3.73831011e+00 4.95430265e+00 1.62615394e+01 1.98795777e+01
  1.34825246e+01 1.69179126e+01 3.04149730e+01 1.16008253e+01
  2.35444950e+00 1.77503627e+00 7.69129154e+00 7.21020968e+00
  2.39662041e+01 1.79810619e+01 1.43279674e+01]
 [1.15446835e+01 1.26078554e+01 1.67859428e+01 1.42927149e+01
  2.02283873e+01 1.46489491e+01 2.03525701e+01 1.66937104e+01
  1.72233543e+01 1.80186285e+01 6.39814797e+00 6.66358392e+00
  5.05292837e+00 4.53345407e+00 9.54522642e+00 9.77919135e+00
  3.91998257e+00 1.37078608e-29 6.03655983e+00 1.54615906e+01
  1.00980292e+01 9.28139034e+00 1.07500836e+01 8.94669825e+00
  9.35325444e+00 1.12144507e+01 1.11535003e+01 6.88542357e+00
  2.30480998e+00 1.91427492e+00 3.31751090e+00 3.07689111e+00
  9.07017962e+00 5.46166855e+00 3.46723021e+00]
 [3.97892101e+01 3.48295999e+01 1.65746017e+01 1.42878064e+01
  1.67677208e+01 1.48419334e+01 3.21462745e+01 3.11092905e+01
  5.38482169e+01 6.41844531e+01 7.71181567e+00 5.95868710e+00
  4.47013635e+00 3.82403550e+00 1.47004952e+01 1.26857001e+01
  5.51571330e+00 1.06599153e-29 7.78472308e+00 4.67242955e+01
  1.09349028e+01 9.55912586e+00 1.37328398e+01 1.22184323e+01
  1.69756505e+01 1.26024525e+01 3.40788420e+01 1.16694765e+01
  3.39117124e+00 2.45161359e+00 3.80639727e+00 2.99052320e+00
  4.16378493e+01 3.36373422e+01 1.64810274e+00]
 [7.78090004e+00 8.52657733e+00 1.14007197e+01 9.40106451e+00
  1.89660904e+01 1.15930949e+01 5.11849360e+01 3.17572475e+01
  6.19855418e+01 4.10852418e+01 5.15841975e+00 4.75206879e+00
  6.35127679e+00 3.08527048e+00 2.51812148e+01 1.26194007e+01
  3.25157183e+00 7.22171783e-30 8.03354494e+00 3.64341119e+01
  8.04615979e+00 6.18400019e+00 1.96039168e+01 1.11452561e+01
  6.25362573e+00 6.19089638e+00 7.41730579e+00 4.79838323e+00
  2.07509641e+00 1.78142206e+00 6.81635526e+00 2.48721614e+00
  5.39943565e+00 4.76682827e+00 1.70396383e+01]
 [4.69552911e+01 4.52697104e+01 5.51754830e+01 5.21419935e+01
  5.59860220e+01 5.18424256e+01 9.39331554e+01 8.98780970e+01
  8.64316826e+01 1.08322962e+02 2.29541845e+01 2.57907971e+01
  1.09041198e+01 1.24805144e+01 4.97358539e+01 4.37107369e+01
  2.01787685e+01 9.36754137e-29 2.60174484e+01 7.41441938e+01
  3.33733884e+01 3.41739010e+01 4.43055733e+01 3.59644634e+01
  3.45238022e+01 3.54140331e+01 4.48537517e+01 3.03635430e+01
  9.27898055e+00 8.53475602e+00 1.29198849e+01 1.39495320e+01
  7.02090011e+00 8.64347494e+00 1.12440256e+01]
 [5.05741888e+01 5.27133540e+01 3.14526666e+01 3.08903691e+01
  3.30278513e+01 2.58699450e+01 1.09793143e+02 1.09516476e+02
  1.98239803e+02 1.83898206e+02 1.45575423e+01 1.62216893e+01
  9.29026114e+00 7.57448848e+00 6.34370990e+01 6.17772977e+01
  1.47435570e+01 3.83145729e-29 3.89124628e+01 1.61147405e+02
  1.85282559e+01 1.61731927e+01 4.01577000e+01 3.12501761e+01
  2.97956478e+01 3.86218631e+01 4.93656394e+01 2.56917099e+01
  6.82369746e+00 6.49938202e+00 1.88591647e+01 1.28299346e+01
  1.32606904e+01 1.91409528e+01 2.36326474e+01]
 [2.97860258e+01 2.79390631e+01 1.28172285e+01 1.05541116e+01
  1.44348957e+01 1.69950237e+01 4.57348220e+01 7.63166946e+01
  1.24301209e+02 9.82338784e+01 5.57343222e+00 5.88010415e+00
  2.96723547e+00 3.66654691e+00 1.84755175e+01 1.95442091e+01
  3.58028869e+00 1.10905380e-28 6.29560005e+00 8.57586323e+01
  6.66519675e+00 8.69818333e+00 1.49353071e+01 1.91145108e+01
  1.34396869e+01 1.49940224e+01 2.61496995e+01 9.56697357e+00
  1.45733027e+00 1.17895661e+00 2.88296886e+00 2.81889076e+00
  1.23902840e+01 1.45798078e+01 7.55880767e+00]
 [9.43672941e+00 7.62639772e+00 7.94746042e+00 6.86192109e+00
  9.17979248e+00 9.14961617e+00 3.29929619e+01 4.18119640e+01
  8.10183885e+01 5.77296948e+01 3.38632021e+00 3.35591621e+00
  2.35825102e+00 2.50395682e+00 2.03090088e+01 1.70688015e+01
  2.04484238e+00 1.50763278e-29 9.62416751e+00 6.28743517e+01
  5.17227550e+00 4.33113877e+00 9.92889611e+00 9.97723763e+00
  8.14603731e+00 6.36153209e+00 7.32194204e+00 3.01158505e+00
  1.30223077e+00 1.01493198e+00 3.69275433e+00 3.72468050e+00
  3.49577262e+00 1.84175058e+00 3.09251701e+00]
 [4.82008996e+02 5.45504430e+02 2.67159752e+01 4.12751419e+01
  1.03666989e+01 1.36136540e+01 2.28029011e+01 4.85773245e+01
  4.64111159e+01 5.06279821e+01 1.59497577e+01 2.83758835e+01
  6.76659616e+00 1.05888045e+01 2.04249519e+01 2.68369016e+01
  1.86802016e+01 2.94814127e-28 1.44518784e+01 3.73295673e+01
  8.36063377e+00 1.07131662e+01 1.36445305e+01 2.04427343e+01
  8.66323673e+01 1.13332717e+02 3.02684996e+02 8.29293850e+01
  4.87691419e+00 5.07229975e+00 8.88303864e+00 1.02974218e+01
  3.95868173e+02 2.40144563e+02 8.08592759e+00]
 [1.58161718e+01 1.86353016e+01 1.20157640e+01 1.00623748e+01
  2.22025799e+01 1.52348447e+01 2.85515535e+01 2.79360669e+01
  3.00681070e+01 3.16025076e+01 5.43180809e+00 5.41082363e+00
  4.37251978e+00 3.05135649e+00 1.26543941e+01 1.42449054e+01
  3.61252963e+00 4.18541618e-29 9.46137014e+00 2.82251111e+01
  1.01580907e+01 7.13890290e+00 1.69288616e+01 1.17976870e+01
  8.28987547e+00 1.00097920e+01 1.42650769e+01 6.57079493e+00
  1.96620935e+00 1.88693114e+00 4.35708473e+00 3.83690951e+00
  2.88302249e+00 5.73821041e+00 3.80421969e+00]
 [9.81632357e+01 2.11317450e+02 1.21376926e+01 2.74683467e+01
  2.32106104e+01 2.05438762e+01 7.25294145e+01 7.87203938e+01
  1.15800397e+02 1.34613364e+02 4.21700828e+00 1.32712973e+01
  6.76793706e+00 9.99452517e+00 3.36256598e+01 3.07617839e+01
  7.15442727e+00 2.67526850e-28 1.49851910e+01 9.69163197e+01
  8.70271377e+00 9.69860266e+00 2.69473839e+01 2.37399510e+01
  2.49500916e+01 6.97672410e+01 1.20548681e+02 3.03474087e+01
  1.63539717e+00 2.97168942e+00 7.85728882e+00 5.61836232e+00
  5.31040215e+01 6.16439887e+01 3.60570692e+01]]