[[3.97721737e+02 1.00587016e+03 8.79886037e+01 2.08202716e+02
  1.27647675e+02 4.98967436e+02 9.57667211e+01 1.31851666e+02
  1.17100495e+02 7.69316414e+01 5.76203130e+01 3.16504355e+01
  1.27061452e+01 9.33543300e+00 3.38131945e+01 3.39767155e+01
  3.61110063e+01 1.12396623e-27 2.43608858e+01 8.47829503e+01
  3.34498771e+02 4.58495299e+01 3.92143537e+01 4.49823592e+01
  5.02981611e+02 7.28196682e+02 3.72028376e+02 5.61757194e+01
  8.27955240e+00 8.43936953e+00 8.99578611e+00 7.11073086e+00
  1.04656012e+03 6.63558823e+02 1.94512648e+02]
 [2.42374127e+02 2.95001118e+02 7.56969901e+01 1.11307887e+02
  7.22106962e+01 5.31696189e+01 4.80672567e+01 5.67224005e+01
  6.98979768e+01 6.83862340e+01 3.98935565e+01 5.21069717e+01
  1.45036246e+01 1.43135332e+01 2.75360374e+01 2.90320012e+01
  3.74081870e+01 5.08068031e-29 2.45536838e+01 7.08672999e+01
  4.81494469e+01 5.27548192e+01 3.14202522e+01 3.14746656e+01
  1.02633725e+02 1.32804136e+02 2.82808167e+02 1.13442731e+02
  1.75998797e+01 1.47711521e+01 1.08234849e+01 1.03252498e+01
  9.86896487e+01 7.43737997e+01 1.11345514e+01]
 [2.34846574e+02 2.07565729e+02 1.81236030e+02 2.01778129e+02
  2.63963365e+01 2.55657421e+01 2.17366326e+01 7.11389494e+01
  2.84329576e+01 2.58211247e+01 7.95636963e+01 1.73589792e+01
  7.00229561e+00 6.19933031e+00 1.16636951e+01 1.35064851e+01
  1.94260092e+01 1.07419394e-27 1.07588072e+01 2.51269463e+01
  2.84321126e+01 1.75858537e+01 1.45715028e+01 1.49181064e+01
  2.18038073e+02 1.46522127e+02 2.11189786e+02 4.86116148e+02
  6.98708306e+00 6.95791205e+00 5.28474697e+00 5.20451941e+00
  2.43963710e+02 1.80303576e+02 3.67317005e+01]
 [1.29066009e+03 6.60313075e+02 6.31884641e+02 8.94370022e+02
  9.53517009e+01 1.74457964e+02 4.16736986e+01 8.39597660e+01
  6.54184146e+01 7.07369860e+01 1.41438997e+02 9.42861778e+01
  2.01031676e+01 3.05790400e+01 2.24737056e+01 3.75417660e+01
  6.20613818e+01 1.90627099e-28 2.18815006e+01 6.17130243e+01
  1.46889499e+02 1.69277618e+02 3.12030028e+01 6.71418771e+01
  6.11534423e+02 2.71984151e+02 8.02341230e+02 3.13976377e+02
  2.99533981e+01 1.85594321e+01 7.89236189e+00 1.20369441e+01
  1.45298316e+03 3.40556939e+03 1.46330446e+01]
 [6.38497118e+01 9.59030293e+01 1.14990626e+02 6.40850629e+01
  3.31612605e+01 3.08959591e+01 2.99968104e+01 3.60403441e+01
  2.69463003e+01 2.92108828e+01 1.84694654e+01 3.49110674e+01
  9.38927448e+00 6.31518611e+00 1.55809030e+01 1.96638546e+01
  1.25980193e+01 8.39492842e-29 1.02709434e+01 2.50960913e+01
  2.30716141e+01 2.82766462e+01 1.78883875e+01 1.57608773e+01
  3.27818254e+01 4.89861762e+01 6.31345744e+01 2.48856426e+01
  5.31538646e+00 5.25393140e+00 4.74089068e+00 4.10524438e+00
  8.39895859e+01 9.73758930e+01 5.70975938e+02]
 [1.09289717e+02 3.19172369e+02 1.43573211e+02 1.50406022e+02
  6.04561146e+01 3.61598270e+01 3.16997023e+01 2.81542103e+01
  3.71373843e+01 3.17643389e+01 1.96510057e+01 3.53987842e+01
  1.19311187e+01 7.68720432e+00 1.83236772e+01 1.40428631e+01
  2.08093724e+01 3.15914260e-29 1.15878505e+01 3.28143576e+01
  7.32474508e+02 3.92622596e+01 2.49701111e+01 1.41212138e+01
  1.85978332e+02 1.25061459e+02 1.34840046e+02 5.02963028e+01
  7.93116580e+00 8.33975126e+00 7.00866410e+00 4.73598181e+00
  5.69598420e+02 7.23168935e+01 1.91350184e+01]
 [1.02990805e+03 4.68847846e+02 3.26095609e+02 5.89904322e+02
  1.78526453e+02 1.16757200e+02 2.12119760e+02 5.88244137e+01
  1.71236956e+02 1.39709276e+02 5.45154577e+01 7.79384676e+01
  3.68086830e+01 8.92506228e+02 4.28957247e+01 3.49220253e+01
  3.46012073e+01 9.61199395e-27 3.33491673e+01 8.06925222e+01
  6.36233944e+01 7.32860265e+01 5.69062632e+01 4.07889400e+01
  2.75830972e+02 3.81581220e+02 4.90334273e+02 1.07527585e+02
  8.75536204e+01 3.46478485e+01 1.53827370e+01 1.16508293e+01
  1.78226321e+03 3.54126600e+03 6.54509506e+01]
 [1.50324033e+02 2.22218416e+02 9.18989981e+01 1.04984336e+02
  3.20994306e+01 4.81063279e+01 2.92471573e+01 4.61584673e+01
  3.43659990e+01 3.65667471e+01 3.74793763e+01 3.44270878e+01
  1.38871978e+01 1.00675062e+01 1.94517503e+01 2.51266656e+01
  3.19042574e+01 1.12003697e-28 1.50364870e+01 3.42102225e+01
  2.45512078e+01 3.16133362e+01 2.00958658e+01 2.02035868e+01
  8.20897128e+01 2.49453929e+02 1.40238474e+02 4.71613757e+02
  1.02554901e+01 9.63517008e+00 7.86385724e+00 8.98149848e+00
  5.18949007e+02 3.30235798e+02 2.87965402e+01]
 [9.55017792e+01 1.00865321e+02 4.17176080e+01 5.36509285e+01
  2.83759927e+01 2.56808358e+01 3.74137290e+01 4.02733925e+01
  4.96423787e+01 5.54206639e+01 2.02468460e+01 2.27063928e+01
  1.11300903e+01 1.06790034e+01 2.45094461e+01 2.16810517e+01
  2.11402385e+01 3.51441774e-29 1.80847801e+01 5.02133401e+01
  2.81356692e+01 2.27260820e+01 2.03364961e+01 2.18658301e+01
  3.59851453e+01 4.25610782e+01 7.05163721e+01 3.22736124e+01
  1.06805686e+01 9.09951650e+00 1.02330594e+01 9.13757786e+00
  5.38406149e+01 7.66307045e+01 2.01898989e+01]
 [3.51413942e+02 3.03018418e+02 2.02454476e+02 8.64580769e+02
  2.27445002e+02 1.74696971e+02 9.04698922e+01 9.18617433e+02
  1.66208439e+02 3.82791548e+02 1.10594469e+02 2.48894506e+03
  2.80722393e+01 4.69083343e+01 3.20437111e+01 5.11284774e+01
  4.50259201e+01 1.61743120e-25 1.26403475e+02 6.70481503e+02
  6.37100527e+02 7.36710797e+02 4.74571050e+02 4.81440684e+02
  1.97980998e+02 2.22625577e+03 2.31913404e+02 1.53264574e+02
  1.52876180e+01 1.45796601e+02 9.24981996e+00 1.53950579e+01
  5.11210251e+02 3.70497889e+02 1.62837786e+02]
 [5.89160124e+01 1.02523415e+02 6.00477895e+02 7.32608896e+02
  1.32489083e+02 4.45792066e+01 3.53784923e+01 3.15926799e+01
  3.68585489e+01 3.40408639e+01 7.48345117e+01 1.33551701e+02
  1.28829502e+01 1.08338040e+01 2.44153840e+01 1.58498164e+01
  5.18217835e+01 1.35597325e-28 1.11807496e+01 3.55858840e+01
  4.29649935e+01 3.97241222e+01 2.96007859e+01 2.23985890e+01
  1.84887791e+02 2.82579115e+02 1.25279246e+02 1.52104062e+02
  1.58337724e+01 1.16062833e+01 6.00770922e+00 1.04941643e+01
  7.55800735e+02 2.99480359e+02 1.92356117e+01]
 [4.63371387e+02 3.57525788e+02 3.43501016e+02 4.54490359e+02
  8.83743262e+01 1.23993221e+02 4.57013926e+01 5.83743513e+01
  6.46904015e+01 6.90016344e+01 7.04184685e+01 6.46811390e+01
  2.18212167e+01 2.13153932e+01 2.45400268e+01 2.55879959e+01
  3.52207690e+01 2.04965178e-29 1.66716888e+01 5.74868921e+01
  1.01729173e+02 1.09642470e+02 4.21909880e+01 6.18279943e+01
  1.91590770e+02 1.30307745e+02 3.94470870e+02 1.02298626e+02
  1.64160416e+01 1.46739587e+01 8.46123162e+00 8.78257351e+00
  6.57793868e+02 8.33957585e+02 1.08035766e+01]
 [1.60593495e+01 3.03166413e+01 1.72854669e+01 2.24134126e+01
  1.56685531e+01 8.40386328e+00 1.43777967e+01 1.08092316e+01
  1.43370842e+01 1.30258960e+01 8.43965024e+00 8.29258354e+00
  6.19564663e+00 3.43122876e+00 7.87615328e+00 5.81282237e+00
  5.59131972e+00 1.07916524e-29 7.38647753e+00 1.32788824e+01
  8.23824509e+00 8.33344417e+00 9.85567151e+00 6.18018682e+00
  1.69674171e+01 1.54282230e+01 2.14318107e+01 1.01151853e+01
  5.02001877e+00 2.66961308e+00 3.88975243e+00 1.84601529e+00
  3.65990151e+01 2.33905301e+01 1.00074614e+02]
 [8.55970758e+01 9.43461872e+01 5.90267292e+01 8.27511440e+01
  5.30644954e+01 5.08100801e+01 3.69973255e+01 4.41628216e+01
  3.10339531e+01 3.84411388e+01 3.64432023e+01 4.81644544e+01
  8.26917190e+00 1.38110557e+01 2.18708805e+01 1.93837654e+01
  3.99589895e+01 4.42908700e-29 1.28730437e+01 3.02285760e+01
  3.17482276e+01 4.01914101e+01 2.57014650e+01 3.02440793e+01
  5.92754008e+01 8.15821803e+01 9.10599219e+01 6.93459110e+01
  1.25254893e+01 1.64883282e+01 6.44218635e+00 6.14110015e+00
  3.71216427e+01 7.49263399e+01 1.10269845e+02]
 [1.63064887e+02 9.25938596e+01 5.84663711e+01 4.78587958e+01
  3.00409130e+01 3.26699121e+01 4.80421258e+01 7.26338287e+01
  6.69811569e+01 7.22503536e+01 1.98038693e+01 2.18085747e+01
  7.87357769e+00 7.87300612e+00 3.01938193e+01 3.05371552e+01
  1.72586500e+01 5.59936418e-29 2.07307111e+01 5.84309419e+01
  2.34776332e+01 2.31427998e+01 2.24896749e+01 2.34377274e+01
  6.81352775e+01 9.23344373e+01 1.22216841e+02 5.52058329e+01
  8.08756895e+00 7.59477317e+00 1.17054074e+01 7.03558082e+00
  2.02648718e+02 6.36454754e+02 1.26147270e+02]
 [2.04039097e+02 1.59747225e+02 7.06879356e+01 8.29135173e+01
  1.04425958e+02 9.04598518e+01 3.94329631e+01 4.28442584e+01
  5.25598260e+01 5.05477450e+01 4.48392848e+01 2.73396717e+01
  1.39532831e+01 1.23221468e+01 2.24218585e+01 1.89721512e+01
  2.33207724e+01 1.20058780e-28 1.44456751e+01 4.72417889e+01
  4.92736865e+01 1.27309708e+02 2.63744632e+01 3.64113924e+01
  8.75179237e+01 1.57909583e+02 1.78043261e+02 6.00527826e+01
  1.02644453e+01 7.34205959e+00 7.08979913e+00 5.74379149e+00
  1.76522324e+02 3.63986326e+02 5.93029613e+01]
 [5.45952497e+01 6.80578747e+01 3.55766373e+01 3.54552682e+01
  2.37788077e+01 2.10256444e+01 2.71752662e+01 2.59177158e+01
  3.89928437e+01 2.99079187e+01 1.05385905e+01 1.45157987e+01
  9.35302977e+00 8.94487517e+00 1.74363389e+01 1.28927917e+01
  1.38867475e+01 5.89040470e-29 1.01846370e+01 3.31872976e+01
  1.81478709e+01 1.78078946e+01 1.80327743e+01 1.44083986e+01
  2.50628502e+01 5.81667024e+01 7.99747093e+02 1.50402548e+01
  5.18855491e+00 3.71240458e+00 6.02745771e+00 5.25281807e+00
  3.19310665e+01 2.54245422e+01 4.02407383e+01]
 [4.12783333e+03 4.10290348e+03 2.57285431e+02 2.82672919e+02
  4.01921679e+01 4.74211283e+01 3.71536372e+01 3.88456639e+01
  5.43991142e+01 5.32326013e+01 1.27093011e+02 1.88989926e+02
  9.63844550e+00 1.06432749e+01 2.68566726e+01 2.52865762e+01
  1.34229260e+02 2.26613699e-27 2.90709710e+01 5.94643271e+01
  4.51970358e+01 4.75012925e+01 2.05837935e+01 2.40997588e+01
  7.06803527e+02 8.56043169e+02 2.43914009e+03 6.58379320e+02
  2.94456240e+01 2.34540381e+01 1.06842271e+01 1.05706047e+01
  3.65504031e+03 2.38619646e+03 5.92536773e+01]
 [1.91541739e+02 2.85713730e+02 5.86426366e+01 5.65483795e+01
  3.33372185e+01 3.26791066e+01 3.67783769e+01 3.47864829e+01
  4.69225267e+01 4.23929164e+01 2.54429447e+01 3.78754038e+01
  6.61672562e+00 6.47791485e+00 1.60555122e+01 1.61343022e+01
  2.17622617e+01 8.41843728e-29 1.04464795e+01 4.23728092e+01
  2.35206648e+01 2.32274341e+01 1.95368781e+01 2.43213708e+01
  6.94084349e+01 1.01891061e+02 1.96203755e+02 6.15022645e+01
  6.28696882e+00 8.36714119e+00 6.04823597e+00 4.10875146e+00
  4.54384557e+01 1.55321752e+02 1.97524484e+01]
 [1.66682787e+03 3.68181428e+03 1.42137222e+03 1.27797628e+03
  1.06662305e+03 7.55887065e+02 1.22574694e+02 2.54936808e+02
  9.84641614e+01 1.30415083e+02 5.50921353e+01 3.09019734e+02
  2.49708435e+01 2.66431575e+01 4.38138298e+01 3.13156682e+01
  1.23275115e+02 1.06102535e-26 3.36603310e+01 1.38622548e+02
  6.26350935e+02 2.96195142e+02 6.23405726e+01 9.35404289e+01
  4.01143994e+02 1.41894589e+03 2.14075025e+03 7.93382553e+02
  1.50226671e+01 4.38637464e+01 1.91770164e+01 8.56702383e+00
  8.06276704e+02 9.42127813e+02 1.98024255e+02]]