[[ 2.93903925  1.82724202  8.24842759  4.88860206  6.37818456  2.51468162
   8.67344309  7.20108495  6.1293428   5.88401609  6.58559501 10.38019597
  12.345465   10.39628199  8.3229457   6.22464323  9.80562411  2.77001197
   7.7708945   5.69385272  2.30416977  8.81791772  9.28496389  7.32798146
   1.6414864   1.71897162  3.39994314  9.13057819 15.43483063 12.42499083
  11.11521242  7.99320153  0.80358374  1.02397407  7.41884282]
 [13.80993274 13.92585001 20.34005315 18.44084566 15.07715277 13.93254058
  23.38638052 21.32643066 14.91336753 15.5688525  16.02521546 13.68954617
  23.08574572 20.95687165 24.86538677 23.79883362 20.38560996 22.56410941
  20.77074821 14.78875819 18.6589168  18.84104903 21.77629268 19.71050679
  14.10906648 13.87345631 13.31210739 16.03471718 16.27031507 17.60221721
  26.46343957 24.60837515  4.43673538 11.13296583  9.8950221 ]
 [ 9.55470994  9.37744024  6.61179115  5.236785   13.65342423 12.13807617
  13.95106281  6.50621096  8.71140703  9.32493627  5.37458687 12.60115405
  13.68614091 10.56808909 12.32702788  9.66248098  9.42481886  5.87736082
  10.92287044  9.45755464 13.07707984 12.55279888 14.10752621 10.53296077
   5.58450409  8.87634533  9.26686089  1.78137525 10.3536128  10.79320102
  10.82478137  9.58479986  5.11075218  6.65405636  3.67060301]
 [ 7.89000127 11.11205557  5.9142082   4.08939676 12.7694395   8.7356856
  15.44522961 12.42582404 13.41525186 13.75566545 10.04514976 11.73782355
  14.51817641 12.05838825 14.21754573 11.29805578 15.94246475 12.58530392
  13.76650728 14.8317744   9.92233598  9.23882627 16.90062566 11.58745136
   7.58510703  9.73531504  9.56923731  9.7800982  13.06577099 16.66433253
  14.84198754 12.15865917  6.28077572  2.31173097 10.73713747]
 [15.23143358 13.95197787 10.33108209 13.82638967  7.35349585 12.2021447
  17.38755022 13.57964465 13.82495737 13.53734924 16.72613061 12.0599519
  13.12248507 14.3696484  12.57222096 10.57085431 17.16496922 15.21307269
  12.07765975 13.89781635 16.20379273 12.97131304 10.88847795 13.64366731
  16.04798814 13.51042464 15.05245623 16.5299748  18.67448357 16.25601058
  12.26731669 11.96784187  7.49556282  6.84225705 10.42976854]
 [10.29634683  5.56151652  8.25260467  7.62084067 14.15661701 15.05445603
  16.22484824 13.1288299  11.97269584 13.3972357  15.19362949 10.76712609
  14.6600139  15.7885213  14.91762072 15.08645252 13.68713389 11.75216417
  14.38314968 13.38904254  1.72643284 11.33700327 14.68529065 17.62699376
   4.32872414  6.77436298  9.1002976  10.41935316 18.21313389 12.66198994
  16.297956   17.06109207  2.89817177  4.62343781 13.11474096]
 [ 1.9533582   4.70733092  4.68684112  4.29600399  6.50050949  8.58531083
   6.33937463 11.11390078  6.39103262  6.79713972  6.44268647  7.86814432
   9.08185009  1.3373832  11.65579804 10.38317748 11.71654479  1.18791127
  10.48757101  8.948144    7.07208382 10.02782172 11.94916624 12.98583047
   3.0372504   4.47483929  3.35872965  7.1565734   4.2361701   7.33852096
  12.04634029 11.35315183  3.08529637  1.45413699  7.02944473]
 [17.90620923 14.02555586 16.83229507 14.96029316 25.98445214 16.68989815
  26.21132914 18.23699141 16.47795688 15.47778069 24.14583154 22.9425668
  19.6234579  22.95772141 25.45701724 19.66462928 48.99164268 12.3710743
  23.91503777 16.73679589 24.9251621  20.61202416 28.06627293 24.59830056
  25.25046661  8.83202696 21.98038378 10.8798539  40.29944126 28.53992471
  23.26367665 23.9387861   9.05304937  4.38879772 14.3399017 ]
 [13.85814352 14.67566591 16.40122325 15.05084728  9.38641379 12.03224107
  13.71907213 10.98223922  9.32969276  8.97934598 15.21133251 13.36296694
  14.48883885 11.77234832 11.60212754 11.12904741 13.46744698 14.668348
  10.73324456  9.81626972 15.63594599 14.38138243 15.98483884 12.27399195
  13.90205702 14.24547314 15.13495856 13.86466562 13.20084084 11.73907993
  11.3517989  10.72506699  9.18629592 11.64813935 12.50384698]
 [ 3.77073466  4.478233    2.76387095  0.88855744  2.12134202  2.68620871
   3.90765316  0.99678057  2.44823931  1.44777898  2.59442257  0.65053886
   4.77415287  3.66055894  4.47913814  3.63027764  4.86737303  0.61940489
   1.71764985  0.98286872  0.7262891   0.82451882  0.94749868  1.06861125
   2.91748186  0.6128178   4.70396028  3.18390718  6.57607305  1.00394513
   7.40541042  5.64591396  1.99066999  2.09579056  3.16964945]
 [10.94832335  8.41631691  2.48214524  2.28880885  7.57295711 14.5814838
  15.69318392 15.41509115 15.78308459 15.4799327   6.77518665  4.96587704
  15.81653589 16.4329875  14.10426595 15.8736017   7.330495    5.4245426
  14.25986636 15.29684955 12.09876513 13.15395604 15.04095151 16.60736404
   4.24326251  3.76229301  6.66816322  4.65596369  9.93937645 11.39228014
  16.8351661  13.02858183  2.01422203  2.61554577  7.16735748]
 [11.28032801 12.14057824  8.51298379  5.88703268 15.11692348 13.00096269
  19.79373226 17.99576154 16.32134842 14.79169874 14.68094419 13.277718
  19.33159745 18.34335407 22.50564908 21.95428165 21.36427524 26.23771814
  24.11969953 17.13422468 13.85696974 11.3969248  20.96082599 16.36341661
  12.04711766 12.02567796 11.39159189 14.79395597 23.81213248 22.33347953
  25.84172267 23.59102492  7.70349984  6.29858833 11.26138522]
 [11.25491019 12.84273738 13.483897   11.78963753 11.97955607 12.34931455
   7.8143584   8.78039323  6.58764256  7.26472015  8.98446529 11.27504498
   9.91102065  9.77598588  8.2448648   8.70119473 15.40461025 10.2241403
   9.04174639  7.86534457 12.33145249 10.56987244 10.17658889 10.40427075
   9.11628814 12.19991918 11.5796609  13.62476623 10.82902547 12.10657548
   9.11076213 10.55349164 14.62732375  8.5089164   6.81157274]
 [32.68893883 31.16996104 35.32225259 27.96854996 40.8066318  36.16230035
  38.37736013 33.04055233 36.97642172 31.26134009 47.85436826 40.12705321
  39.41090568 34.34282002 38.64679468 34.85193309 51.90552581 41.59863795
  42.78499767 37.60792071 39.20493046 32.76885586 43.31216603 36.72836562
  40.56321851 33.4085922  35.68950644 46.46797634 48.53982872 46.63118856
  41.12076913 34.05475103 35.52434164 20.05706112  9.37905622]
 [ 9.84455479 11.57620116 12.76563876 12.98752577 15.05322388 14.27585959
  10.44247592  9.47782348  6.80347249  6.78950778 11.66691947 10.83481032
  13.81920135 14.08322479  8.88713621  8.41158244  9.22702153  7.2911947
   6.70009042  6.82947613 14.67540751 14.10090321 12.34148716 12.40716215
   9.51817848  9.45528789 10.74107464  8.76125356 11.33325676 10.5559348
   8.52652621  8.62914507  6.14219674  6.46883056  7.67736939]
 [14.80989898 14.5013124  12.7782671  10.28145227  7.12209447  7.25628625
  12.72350056 10.28839323  7.56231751  8.24732016 14.02420369 11.70736899
   9.21134565  9.52503093 13.34495357 12.25169892 17.32715767 13.0337638
  14.57887969  8.44816223 11.71060189  5.87478496 13.60357089 10.43284668
  15.66140589  9.74423794 14.25482004 16.29636033 16.74348998 13.34441761
  16.46081093 16.70250545  9.96206393  6.8019919   7.97120844]
 [12.81499247  9.61828077 15.93456252 16.10376279 13.65413365 11.90866141
  13.68235311 11.11398694  9.33077538  9.56486076 12.62532258 12.21652826
  15.71555621 15.01494432 13.87181014 12.88394544 11.6097962   7.11244858
  13.68642383  9.07224123 17.00106413 16.30832312 15.14655988 14.02986704
   7.16972039  8.70307939  1.97262974 13.43745788 15.71921328 15.44658912
  16.24370541 13.90517174  6.28044958  6.73363928  6.99924411]
 [13.66820763 13.03725702 13.69706962 12.27938171 20.55988472 18.36024956
  21.76802851 18.37190125 15.27244695 15.13595793 14.29002478 12.67696499
  18.70304393 17.36824549 17.17219652 16.54171128 14.06376031 13.60764344
  14.70728126 15.09610127 17.08942112 15.29612735 21.63468633 19.25122687
  13.72703494 12.39227298 13.35133728 13.35727563 15.69509803 14.80934571
  16.56823495 15.47331279 14.29775537 12.89548674 10.51776394]
 [12.54300484  9.6526114  22.62177255 19.15554658 34.08113443 24.25267062
  36.73789053 27.1304692  24.08410171 21.18886538 20.75492878 14.74788229
  34.32387652 23.95058991 33.15930565 24.94031109 30.45057254 29.66619052
  24.71190117 22.50345025 28.84169496 19.12605654 39.10766565 25.48766999
  15.45245926 12.1081373  12.46959918 20.77912434 26.79104358 27.94484111
  29.94948664 25.54005794 14.21461738  9.29255339 10.30151566]
 [ 7.47547176  9.13816146  1.21563118  4.2424309   1.16091658  1.3444936
   6.17814674  3.87398809  5.78948139  4.96708736 10.83584067  7.24067701
   8.49697454  8.82652949  7.86744412  8.66351745 10.26242653  2.50868845
   8.17234262  5.47194977  1.25951239  3.50864726  8.42186773  7.01620332
   8.1319951   8.25556127  8.33887029  6.28987817 15.35701816  9.24955293
   9.88602493 11.67671828  6.23151314  9.5988717   8.86850086]]