[[ 7.91890136  4.26319983 25.99867605 13.13931701 27.63442698 13.4028826
  59.08039762 64.56396385 69.09973528 71.43778883 13.91044428 20.30445047
  38.19363272 42.9328342  61.95606683 65.32332477  9.84047041  8.0315869
  53.18991387 71.28210239  6.7835038  29.99135622 52.69616153 56.83684539
   4.0343678   3.68852281  7.96078531 12.9992132  19.77731436 17.8428958
  49.9382999  52.23460071  1.40932178  1.95068408  7.99784222]
 [ 6.06311946  5.87003293  5.52547372  5.35876317  5.71309706  4.78220924
  14.38512164 18.22920808 26.6537327  21.3730496   5.35154437  4.82026395
   9.995107   19.48273992 12.9861519  13.8585769   5.15830341  9.8059355
   9.65584856 21.87335748  5.68581487  5.19264236  9.20868531  9.40552372
   5.67537973  5.46070123  5.55648723  5.41624316  5.60624983  7.62555164
  10.97070135 11.79433696  3.92714916  8.75477527 12.74863993]
 [ 9.16659621  8.7619998   4.16293946  3.56512062 12.72841065 19.17640109
  24.1751538  19.58690357 46.95373133 45.21602325  4.25265472  8.34961913
  17.73807804 28.44271992 28.69792551 33.4832989   8.52532983  7.55384206
  27.85532908 44.14204429  9.5612151  10.92924673 21.36533503 31.35898481
   4.87331929  7.26599418  8.65802535  1.62669832  9.3257956  10.68364544
  26.15660034 27.53101836  6.33951776  4.07819252  3.1265977 ]
 [ 6.8923468  11.28698195  7.71459597  6.76959712 25.90836237 22.22459124
  48.75140216 49.36109431 49.906737   48.491989   14.27766183 18.88634174
  24.18267525 28.29347857 46.78565394 47.69084797 21.53562653 29.57170128
  43.33070465 46.29467893 16.15346687 18.22356199 37.69691611 37.26909871
   8.00429355 13.04819233  9.27526853 11.1261045  22.61260731 30.09533387
  44.60951643 36.36596877  3.23673754  1.1006656  16.26139485]
 [16.75163063 16.72584113  8.37529241 12.00058766  6.4090357  15.22046624
  21.19129636 36.91126925 27.41038195 30.3859356  14.73354226 10.8551351
  12.98257903 22.97020663 25.29672548 38.91333827 16.28542426 21.94381511
  25.48880601 25.56668951 13.14620137 12.36627252 13.26777836 30.62133178
  15.79334524 13.80272063 16.86536436 16.47262833 17.59636258 14.55344129
  19.43708673 33.49366157  5.68956295  8.89747474 14.64390661]
 [ 6.49868577  3.37724531  3.57640683  3.62243404  9.53485174 10.13165447
  16.41378952 34.22659565 31.09738511 26.31520583  7.64633197  5.93791535
   8.84317644 13.68201699 18.33541071 22.9658785   7.2994218   8.07804214
  17.7553118  25.46177382  0.79746769  6.53306419 12.16087816 20.30513756
   2.69614753  3.79895113  5.82598647  5.91132372  8.89013236  7.60272726
  13.24616986 14.51341382  1.14903257  3.69712417 12.17552856]
 [ 1.70058717  3.38394517  2.79153721  1.64806034  8.22747973  8.81962369
  14.25437194 31.05977855 27.21541368 32.34000138  5.07432499  3.90726304
   8.87879275  0.70628405 24.95503169 31.29936723  6.57640652  0.87984833
  26.15590882 37.63548715  7.5533207   6.1237264  17.21243936 18.69357924
   1.95312531  2.04544299  2.84443702  4.33352542  2.801754    4.37177114
  19.01728284 23.07682769  1.82996151  1.08105463  7.16167123]
 [ 8.57412225  6.55221582  6.55589959  5.28741325 13.56851899 13.13966972
  30.04618052 44.65733302 34.98546675 36.30995477  6.15409596  7.33921257
  12.87809576 15.6453443  28.47110826 35.80959671  4.62212499 10.05357721
  25.714793   33.58219046 10.38286408  8.60199391 19.6975775  28.69590172
   7.31326641  3.29082133  7.34350694  1.44273418  6.69234142  7.06711231
  21.31387403 22.86196612  4.33674999  3.30237794 12.58843701]
 [19.48351366 17.99511624 18.22486757 16.60099802 16.65950509 23.71332715
  41.67828554 48.94686897 48.96388259 43.82736667 20.08017602 19.23457507
  23.25246236 18.93068942 33.50588684 33.52798291 18.07039885 26.69224945
  30.93899508 44.37650835 20.36152239 19.58137276 31.85726887 30.22092613
  18.3415739  18.46612074 20.80218926 20.95219064 16.63727715 17.63548116
  26.95797232 23.17402666  9.26393725  8.59957394 10.52790628]
 [ 7.29970659  9.13500355  3.36164002  1.04422561  3.52616384  5.18043987
  31.41410627  6.39083256 36.50185097 20.04979502  3.72724858  0.382022
   7.08693161  6.8679143  46.05930745 41.85202541  9.65893327  1.34947947
  16.84031112 10.63479469  0.57375757  0.65789223  3.2002422   3.88415503
   5.30210043  0.7436011   9.65804202  6.35481112 11.27783051  1.17602436
  35.8759779  28.20177568  4.09933344  4.21237185  7.25208647]
 [12.98912669  8.75079685  2.59424381  1.83390709 11.37099308 18.05431214
  24.27279403 21.53360471 20.67199177 22.49681258  6.73578138  4.17361325
  18.75434486 18.66364472 18.78431353 24.43826581  6.01617648  8.15214228
  22.56021614 20.03570972 14.40604301 13.58695996 18.41957402 18.85019958
   4.38277152  3.40625181  7.00745177  3.93927645 10.02148005 10.58580482
  21.35261783 15.70585317  1.13872133  1.65704664 11.74887232]
 [ 5.599968    6.27570174  3.96758697  2.73280678 10.0731873   7.68244635
  26.59321107 23.94707186 31.09683013 34.12774548  7.26124701  6.22036345
  10.89381621 10.40065965 22.69633052 20.56933869  8.75105826 18.19588377
  19.01957811 30.20547072  7.41793127  6.57275564 15.43137713 11.87787855
   5.94641616  6.11607618  5.58824431  7.0966544  10.74495078  9.26664164
  17.18650724 15.28374087  4.61582884  3.30730975  8.47235479]
 [18.01582232 12.70000636 21.95108615 15.85882253 33.44489115 31.37391201
  54.96684484 49.3877272  57.17301024 46.9720626  20.00400442 17.83089834
  29.89267394 25.25145455 50.34490897 42.40244971 18.61316923 21.45547011
  32.27947743 45.60429309 25.79129432 20.87605895 41.6453629  37.38466851
  16.17292462 15.31444256 15.28146942 17.6105574  17.13731709 19.87698518
  39.21961001 31.55799995  9.05775682 11.75432167 10.55780818]
 [21.39518216 20.0787047  27.04434558 24.77933964 25.6646938  27.55108238
  37.07957066 38.00087938 38.52087249 41.64681278 17.42029949 18.0131562
  25.656996   25.67350862 35.55092537 37.69702085 14.40749815 32.88702197
  32.00933637 36.51583638 26.02675364 26.80298358 29.54620306 28.82027488
  19.39452056 17.90045671 19.14845928 14.66790678 18.51803795 15.33407805
  31.61979871 38.69467216  9.03921515  7.53537957  7.46477318]
 [19.26202618 28.26058817 27.0705452  30.41171914 38.27870375 32.87768884
  55.985803   49.5227985  64.03312346 61.37353186 32.5754189  33.15186875
  36.99926355 34.89883956 55.32988963 55.96848144 37.70155011 34.45254089
  56.22321024 62.5261323  32.50015922 30.57310223 48.45454216 43.81794689
  24.82889223 24.06043171 22.94835254 26.29002943 34.981297   35.55973916
  49.84048584 52.85655121  5.40596301  2.6713343  12.64457106]
 [ 8.47839094  9.51721845  7.76120853  7.48302341  7.15997284  9.19864015
  41.3836535  52.09482367 59.5069064  54.9940534   7.51979245 10.01309771
   8.28615678  9.79717305 34.51175645 39.36888647  8.99156233 35.86338209
  22.71844774 53.40228542  8.24687473  4.30537903 23.6790106  24.12598178
   8.94240754  6.46398707  8.55502074  8.94742484  8.1132911   8.54578075
  20.30272072 23.09131383  4.5038193   3.10184132  8.11654767]
 [10.25945727  7.26807904 12.04861347 11.49257089 14.38681708 14.52279437
  39.43973095 47.03372562 53.19059677 49.15486378 11.10635271 10.51981774
  13.08951916 14.98948475 40.68513917 42.9986534   9.75058391 16.1076386
  36.95514593 49.79801733 13.22022796 13.24339401 22.9910731  26.9306819
   7.00846015  6.33016789  0.869941   11.10187554 12.80260707 13.58250234
  26.8726477  31.08812195  5.65002152  5.21786749  5.47087256]
 [ 8.37295271  9.432512    7.41116626 10.06033277 13.22666888 14.89931151
  22.9382347  35.85857362 30.71173496 31.71958017  8.54737668 10.10071036
  24.95546596 31.56968524 27.35405839 33.72562903  9.41966831  9.19147961
  22.68607332 25.62654537 10.89660338 12.92139715 23.07365568 28.88036487
   8.6642197   9.39133282  8.85006957  8.90661405 10.25898145 12.35700306
  27.83967117 32.85761874  7.79265113  7.45030587  9.28586158]
 [ 5.61709641  3.80492758 11.15648607  9.91052267 20.69567513 17.84173591
  22.87845218 25.60419349 25.24690327 26.32509286 11.56348801  6.81388163
  20.9623477  18.67834287 24.38329505 29.49748225  8.46697567 18.06105072
  30.36162779 25.54082464 17.02826325 12.53920886 23.92627881 20.63321293
   7.61671042  5.11789662  4.9207261   6.44068788 14.37277141 11.17325252
  23.82271589 29.55064378  3.85806448  2.68151868  8.65461416]
 [ 4.80881026  4.6522316   0.82837805  1.96752964  2.06259557  2.52928854
  31.04520139 21.05202769 43.77737859 42.12244353  5.73962513  3.62059609
  16.82584824 21.13056147 34.58941669 38.43537922  4.59203885  2.35640057
  24.96365    34.17200478  1.33641762  2.96324502 24.39440115 17.06841986
   4.98975896  4.091964    4.60614893  3.31091841  7.32413272  5.29624178
  22.74146683 29.38508545  5.39571967  5.22800862  9.28606545]]