[[86.4382444  92.18027847 59.83312178 78.30577099 59.62837268 80.90240008
  27.35107108 24.24655547 20.91678986 18.74236684 74.5913928  60.41901663
  37.25963156 33.94233161 23.86373609 22.28946097 74.90322922 85.11185672
  32.10309904 19.22127743 88.48925001 53.25652733 30.62307025 29.08746198
  92.82067802 93.10779488 85.87555143 72.22940428 55.31445702 59.74639796
  30.59750629 29.60483896 96.64068836 95.53221365 76.11835377]
 [61.49216118 61.11176222 61.09434437 60.84019513 52.52850555 35.18584784
  55.08667733 52.4075662  52.36788123 55.98282204 56.3852015  41.73555655
  57.18670951 41.27653894 54.81907313 54.59088433 63.46525068 50.62748806
  63.920315   56.69655912 62.17093447 52.38061187 46.57356302 41.0970099
  56.04281648 51.2930229  64.6908041  61.50453651 66.87119861 56.51837628
  55.56063555 56.16943855 39.22899203 47.76158519 42.05387488]
 [66.74646012 67.04080638 81.76386946 82.59156269 45.87190353 43.08738437
  39.84640852 60.71626199 27.7293405  27.91784006 82.92536776 47.90818433
  41.90977568 32.51225387 34.27833464 32.30473237 67.70360436 77.77164974
  38.12102518 28.66377025 59.86928197 39.42064093 41.22132668 32.66400203
  81.04660404 69.06400248 67.45198892 93.7900485  57.91857013 56.61431872
  35.99740301 37.39782464 80.82156267 82.6133632  84.51136595]
 [61.05482131 49.61774109 81.98215946 85.18475436 42.6514768  46.93897009
  20.87811134 27.45928874 22.6273377  22.58362925 57.36136708 42.97682275
  49.05696069 51.68682986 24.22658489 29.29345073 45.48003316 47.25824333
  29.95284952 23.5503243  65.79679356 65.41201503 28.31282929 40.63112206
  64.61175951 47.20616136 58.69141118 48.74562938 50.02110227 38.05228154
  26.41727534 38.98347426 72.15976586 91.97398514 54.24462398]
 [48.72067639 51.34445374 70.19766203 60.61749805 22.05243872 36.2691127
  38.31257451 30.70561257 28.45793661 34.99334943 49.36345318 62.33008376
  38.31522405 35.06385906 35.98542558 32.05251383 48.57038256 43.86585268
  39.69569442 32.60999886 44.39973691 50.03310068 29.55406066 33.8481929
  50.00054683 56.98775557 49.05841716 49.08717642 41.79376964 45.21428632
  36.54938984 32.35379383 76.34954717 71.54709922 54.63071784]
 [73.72054898 85.72839615 79.66104033 81.31965106 48.5314658  63.41385638
  51.526      41.02093514 44.3426157  45.96078375 54.63150431 74.02175483
  40.17382187 54.89912942 50.37685846 49.2431963  68.99258407 67.97314117
  56.16061378 47.81434439 92.01567103 70.73564205 42.402443   47.04385199
  83.95078965 82.04107306 76.05054176 75.03253864 56.84639047 67.88432893
  54.17577147 54.53518408 92.60101967 82.60428404 50.20036921]
 [93.96237218 87.95644215 88.39894075 92.06374744 76.09281586 72.65213538
  70.27342187 43.76330706 56.50361452 49.90965622 78.00627139 82.23210765
  66.17349974 96.91763962 47.39610355 42.91991898 70.96143905 96.98063119
  48.04304506 38.57077733 76.83536502 75.07758121 55.54999148 52.68169455
  91.53644392 90.92623703 90.11173069 82.50983519 87.25215637 78.10108802
  49.6407913  46.73211583 92.46468529 95.97262655 74.50575372]
 [58.05433906 65.04114459 68.42866558 72.83797195 43.83081524 48.0140967
  27.90117951 27.62811091 20.48206077 22.73681223 52.88678513 54.54236318
  52.5325386  49.7990915  32.57941293 33.99959258 40.76021456 68.29661634
  38.53813802 22.8832145  50.31598373 60.32419847 38.74056304 34.6353696
  56.19739427 79.68281626 58.20179257 84.91466048 45.05840587 55.38485615
  40.98163144 43.00227087 78.69499147 84.21034923 49.15951437]
 [50.55763188 51.45007741 43.7628874  54.40782945 23.1785221  35.28399643
  35.30797916 31.51573783 32.53329842 36.43603834 47.88479817 53.33721877
  47.48263983 53.64857945 43.45171744 44.09620351 57.95567706 43.2676179
  47.25812325 35.45498957 51.79211409 50.2377555  40.05264592 44.63602593
  45.54543786 51.80034717 47.99526539 51.06491575 57.79952313 57.02559759
  48.30579833 54.20830709 63.69617269 58.92944238 52.62752437]
 [76.8777344  74.67241196 89.31139696 96.91367836 90.660237   89.3634411
  56.00234983 91.54579889 55.5681347  76.04896235 88.08634681 98.57065852
  79.23725046 85.6201795  36.90670537 49.86844159 77.74480938 97.5881876
  78.85923453 86.67895791 97.78248388 97.8293702  93.39474345 94.06589425
  77.85746107 97.85168347 73.64232758 83.95673524 73.22780327 96.59540883
  43.14572329 60.21572021 87.44068391 86.79547888 82.42018375]
 [66.28744306 71.15893588 92.80301271 94.00150042 74.47615208 54.94229699
  42.19294422 40.75213138 44.23874748 42.50106696 78.78356563 83.64765177
  47.81609254 44.60137124 48.04770551 39.60879915 79.53326052 80.64049573
  41.78541002 46.11352487 61.29468769 58.15185423 50.71903519 47.19259119
  86.63518649 85.82993894 78.70966522 87.02150887 68.84638449 64.18192524
  38.66764058 53.56699278 94.88747285 90.86104701 65.18077325]
 [65.21529156 64.42006853 82.22641953 86.92967241 53.09076601 64.18107651
  37.80676921 44.93496204 37.35808803 36.68910622 66.30421636 67.52161786
  53.17876366 57.97387355 37.88774142 41.48987827 55.88017084 34.98641817
  40.73214733 37.16307796 69.01021676 75.3890234  47.409353   60.10471626
  67.11250622 63.23944455 64.68528447 62.21170162 52.01434754 55.46482415
  38.20384688 44.88531562 72.920767   81.99684856 55.53763859]
 [37.18366578 45.15546189 33.2816508  37.80958339 27.62999871 22.74302665
  15.44013113 16.81012755 13.22395896 14.8922868  32.72839535 31.11575624
  29.16019102 28.08295666 15.74682651 19.53166508 32.00672949 32.06162051
  29.67950467 16.62107331 26.40700773 28.13219059 20.93678631 20.73027608
  43.88058529 38.1648505  44.15478728 37.1237649  41.45814765 29.78735956
  22.38066644 23.42239166 61.39622738 57.67772589 62.00651444]
 [39.00231449 41.84584381 28.93203965 39.3256676  24.32542942 27.00245381
  14.60448057 18.67224733 13.83121227 14.77942332 27.65733193 33.63966759
  19.4570597  28.41054834 15.63318973 16.71695011 28.53043612 15.54938226
  15.83774018 14.88750069 24.75934686 31.52258515 17.13962027 24.23622088
  33.29928648 41.23671207 38.87427792 33.49936327 24.99708718 29.62396482
  15.76644357 17.03482646 47.79309061 65.3207668  73.20682219]
 [62.10599113 49.64125286 50.32058365 47.11721812 34.8168943  41.51965553
  24.4976773  32.84465119 21.63547694 24.11257544 44.31512712 44.56964949
  31.35719992 36.27423529 26.33507392 27.66579738 44.13303081 50.34959508
  29.95305471 22.67154597 41.18179391 43.7481452  27.13618808 32.8635938
  56.77753587 57.52199004 56.8143183  56.49149008 41.46046232 41.55289722
  30.93473142 28.98506884 82.61345661 88.82438754 67.49468609]
 [58.07834988 54.41661466 42.80362229 58.78692705 51.79718898 48.96183971
  35.6813476  29.24607909 25.16204517 28.29803151 60.49811    46.55611481
  38.96525648 32.92531298 41.88341248 38.21656134 58.56795268 38.82330961
  52.12899693 29.41767408 60.96653039 63.01506041 41.81508895 45.95778565
  58.23208122 68.0754954  58.24785064 56.16381767 57.1445157  53.2196273
  49.92846559 47.05102213 64.16516724 77.4377718  63.67873518]
 [59.35505906 64.86024343 53.93536165 59.38164803 37.26678539 33.37310597
  32.48526731 29.15449589 25.59977634 25.46557146 34.56415706 45.50279194
  51.91417769 53.54687776 34.93030514 32.47871164 66.21727857 62.93343549
  39.10725225 26.28514772 46.38557814 54.45149139 41.75618602 38.89132574
  21.56287529 57.87992369 95.02025268 55.44423762 51.01018298 49.6818951
  43.86258419 43.84275339 51.60839458 72.03032471 71.1885981 ]
 [71.70437388 70.94477001 71.37246879 68.89821571 51.28040288 51.89952383
  37.37414134 28.67490365 35.99765151 33.35143321 68.10836027 67.27305959
  35.54695637 31.7320846  35.96772191 31.77735274 67.6863739  70.65181101
  45.63463367 40.82193789 58.90632056 57.29240596 34.80833315 34.04680683
  70.68837239 70.93614747 71.31691279 70.70992379 61.9412395  57.13810985
  33.48464215 33.72930679 71.94934056 74.0299648  68.04679362]
 [68.02584257 58.33659568 54.44895192 55.69500349 31.07459805 38.27095068
  29.47063241 31.88279306 39.39883851 35.31357302 54.16413487 47.69671599
  31.72132089 39.65341811 30.93678677 33.40992999 51.0059597  36.32752781
  33.52285322 38.34303734 39.42828295 40.79809619 27.61229922 42.53613621
  63.77224252 52.09577939 67.68031801 60.28446993 45.95704211 49.54509427
  33.06922313 31.6442831  60.8058011  72.58328785 44.93689482]
 [81.65438821 81.05649927 97.00637419 91.54013643 94.78475276 93.06211112
  52.46638309 68.17720905 37.22355855 40.80874133 74.98401319 84.30491905
  62.08030901 56.32932699 45.06959351 39.12743116 79.12361086 93.45606749
  56.07434158 48.87732418 96.18452949 90.49744697 56.43445549 67.25318498
  80.22462888 83.22352183 81.79778003 86.55845803 67.27907451 78.17539915
  55.50432108 44.80713651 81.92304362 79.90158375 50.9987704 ]]