[[ 2.12561744  1.30832292  4.63221211  2.77895817  4.58659797  2.38797847
   4.34115361  3.69274029  3.5612063   3.57764409  4.00911786  6.96741936
   9.03444134 10.77056642  5.21146516  5.66995503  4.43196658  2.86045609
   6.30586633  3.46648226  1.65836707  6.20131613  5.97051806  6.00164152
   1.21427358  1.12869858  2.12278968  4.59046902  7.67143055  7.84882516
   7.25440856  9.2081045   0.81689978  1.08103788  6.51013009]
 [10.10854443 10.63898888  8.04687941  9.77740389 13.48224888 24.82831551
   5.6563286   5.97028769  4.89282724  5.2258051  12.82688298 23.41914644
   6.81505296 11.69355206  5.57989864  5.7156601   6.62427699  9.89697724
   4.39771616  5.02295174  8.40959312 14.2415909  11.7481055  14.80376954
  13.57004761 17.53228694  9.11949937  9.9780673   7.38720571 12.00835901
   5.29940193  5.50631774 24.59390164 19.25450063 18.67512397]
 [11.04112602 11.17686105  6.03137034  6.55873621 22.06964436 21.14730051
  19.08293297 11.47715936 14.23955517 15.42951036  6.06634325 22.84489224
  23.35033661 25.10617159 21.63044068 22.15488556 11.37891366  7.32888165
  20.62767007 15.29815634 14.85766502 28.18327916 20.54271966 22.68057944
   6.52571028 10.93738522 10.94304132  2.1444342  19.48123558 19.11351424
  23.46347646 22.74730207  5.92038356  4.64025211  6.27619059]
 [14.48089015 16.65354782  3.37745332  2.74434839 13.77879651 14.91033958
  12.65735477  9.25309051 11.78338123 12.01680362 12.47251337 16.05281881
  10.54435156  6.84555387 12.78533715 10.1299114  11.39686428  8.42103478
  10.88076437 12.23916913  6.38524697  5.63751254 14.13339865  8.80556039
  12.34519342 17.63959381 13.15863596 17.47300193 10.62134372 10.73555715
  12.00192369 10.72095082 10.90624762  2.64912019 13.43772747]
 [15.03234628 14.38226661  7.95675282 10.24884668 31.84084902 20.87217732
  18.83984321 15.71935201 22.64448383 18.06912371 14.645358   11.49288038
  22.62606646 20.36395614 21.39242128 16.3410205  14.25719315 15.2015895
  19.75967366 21.60543231 16.52541454 15.15929496 25.83845876 16.83622377
  14.01013068 12.4285807  14.93538758 14.20067594 17.18122126 18.38719248
  25.80752091 19.14714333  6.93867905  9.2295138  19.61480211]
 [ 5.9316184   3.31990659  4.90209666  4.87148865 14.95260107  7.49992552
  10.79702327  9.48494594 10.01379617 10.28324951 14.20327607  6.64326783
  18.76822618 11.6238722  11.31792738  9.94324577  7.16468695  7.96333531
   9.36028536 10.02595011  2.60916226  7.51587909 15.77740629 11.39943733
   5.11436006  4.9756221   5.56269737  5.83555655 10.73986238  8.9423833
  11.88239909 10.47815984  1.77359485  5.09715387 15.51261385]
 [ 1.65488548  2.84002521  2.79924494  1.43589985  7.14920484  7.76806162
   7.00359748 12.02290936  8.21769281  9.04580487  8.83622332  4.97640329
  12.75861796  0.82004591 14.01563795 13.62667848  8.97229381  0.67888647
  13.6646583  12.07299525  6.4919553   7.01629556 12.49741191 13.24038169
   2.45698029  1.82250911  2.59683228  4.54476819  5.02060151  8.85619318
  17.03875711 16.55758594  1.83174156  1.08350517  8.72417221]
 [ 9.84510208  9.11072037  5.65498876  4.7013748  10.61774812 12.89199281
  11.16334162  8.06202161 16.29401541 13.83691165 10.5151278   9.61471727
  11.96557252  8.78287783 10.8204451   8.61845419  3.94862782  5.43419018
   8.97529471 14.84874224  9.64099968  7.2387566  10.42221801  8.98031029
   7.10139396  5.09882749  8.00088574  1.70790089  5.90265802  6.60005008
  12.00215371  8.19445041  5.00723394  4.9493527  14.50296022]
 [11.44999014 11.38116506 14.91957159 11.09301188 31.04265746 19.65883359
   8.1530978   7.14822421  7.5261735   8.5729989  13.43761346 11.86565222
  12.86883119 13.16599378 10.40401936 10.10208161  8.4708266  12.31156177
  10.10054223  8.38995199  9.97450648 13.33756204 10.84547959 10.59560008
  15.10185259 11.43435955 11.60030301 10.44885709 10.5795028  11.68685717
  12.06247995 10.68714168 11.60400028 12.73626348 16.56534496]
 [ 7.89831559  7.82299501  3.08599357  0.79221187  2.36457876  2.08978827
   6.35180271  0.88026174  4.2709105   2.03632024  3.90257789  0.30206759
   5.99853138  2.97308624  8.77971661  4.03123372  5.56345653  0.35631483
   2.13482677  1.36911579  0.64127416  0.51203494  1.51821798  0.78770379
   8.80188464  0.55668039  8.00808939  4.49138073  6.84755283  0.93893267
  10.45081885  4.94354715  4.16605975  4.48820617  5.10049429]
 [ 8.20391791  8.49133085  1.72459409  1.49018997  5.59927812 10.44234204
  14.63506379 16.15980367 16.27346985 15.859704    6.1443844   5.31416372
  15.29202478 17.73071746 17.0833618  17.71647024  6.0421723   4.65147705
  19.57145645 15.81916961  9.9882785  11.53797092 13.8698058  15.2949394
   3.64130833  4.66363123  5.86502109  3.52248143  9.76680643 11.45675274
  20.87227663 15.86337477  1.39953007  3.03332227 12.17653527]
 [11.5079046  10.55292829  3.70026252  3.03870161 13.11109704 10.11190609
  12.70383791 10.93291545 13.22227646 12.32636921  8.51637844  8.94549755
  13.33533519 10.88126456 14.57011078 13.87367272  9.849918   15.69833294
  14.08561514 13.26288819  6.61320056  4.99697332 11.94861526  9.354929
   9.81558314 12.11220106 11.87464278 10.54388846 10.56618153  9.96712982
  16.18030607 14.00989536  9.55495682  5.6731865  16.69844818]
 [27.88216709 24.68293196 26.54369992 29.5379613  23.27028225 28.50181349
  19.25298658 21.27411047 19.07732809 23.60536814 32.3602912  33.61980561
  26.64132534 31.24301477 22.5653347  24.96225634 28.63041576 28.11037674
  24.85993213 23.56184829 30.33562766 34.5931192  23.92968512 26.81652619
  25.49024582 28.70866086 24.16237415 26.14404822 25.54719946 32.35353201
  25.33966717 29.01612461 12.02906683 17.71439643 15.8887945 ]
 [ 6.01059976  5.87524293  7.68539645  6.74275888  8.20432572  8.153741
   9.16772648  9.38581007  9.3305522  10.62141413  6.2198556   6.90156657
  13.98959007  9.92983243  9.33369939  9.74682905  4.50723121  8.95477001
   8.45939917  9.47035648  8.79806952  7.73735035  9.24966808  9.07895234
   5.83939603  6.28550925  5.46255581  4.71268657  6.77203201  7.19405423
  10.50867055  9.09535172  6.3170922   5.65302665  7.46857836]
 [ 7.05618588  8.80785933  8.25059719  8.24087125 10.61501228 10.17063749
   8.3883488   7.56207732  6.86697266  7.0095776   9.97932546  9.7736547
  16.20646083 13.09904114  8.67366543  7.3326038   7.81229118  6.75353372
   6.51188744  7.27743822 10.16401688 10.25435055 11.05559565  9.93888366
   7.40535229  7.40362504  7.82537433  6.99967134 10.8241729  10.72967194
   9.75640376  8.59024402  4.32024845  1.50292489  9.81301959]
 [10.53497506 12.27023728 21.28904052 14.71284485 22.05069862 20.03315617
   7.07877001  6.47225345  6.52150682  6.93427232 10.29597599 17.11991982
  23.03535478 27.29449967  7.73819802  7.80825636  9.10872225  8.3329006
   7.99298838  7.08600679  9.09318022 14.57498574 12.23209548 10.64654865
   9.87151722  9.2375457  10.8501941  11.11306069 10.9645505  14.0331987
   9.15858025  9.06618033 11.51254056  6.66288768 13.08803746]
 [11.39983278 12.40841355 12.35478512  9.61866013 23.25143327 29.9333447
  10.45112737  9.41853767  8.53954489 11.29703284 26.77531312 19.77506947
  13.09674648 12.30640684  8.44087779  9.13809849  8.6449157   9.36949765
   8.15219958 10.45422166 14.91360576 11.91267084 13.97916337 14.9906289
  40.17389181 15.52433354  1.36751151 12.96564321 14.4320024  15.68525398
  10.33827728  8.72791293 22.74597093  9.88223706 10.61338447]
 [ 5.13599217  5.46499387  6.2183613   7.32811916 12.8224767  12.53859635
  15.76133298 14.97115274 15.85203092 17.13641354  7.72972969  8.40716386
  18.27243098 16.71964897 17.65297724 15.88589592  7.53299096  5.45403336
  15.18565224 15.79974534 11.14509389 12.27201381 18.20088204 15.52718704
   5.7819615   6.07166334  5.36262531  5.87929102 10.54874744 13.52394992
  19.92334514 15.76756165  4.83610526  4.57227611  9.71345245]
 [ 9.76430451 19.2097806   9.0399396  11.83550831 10.52600616 13.4093652
   9.23004119 11.50386895  9.40135402 12.0105149  10.25493585 19.92986565
  11.53546617 14.66054895 10.05407638  9.98561908  7.77695499 12.29870379
   9.80200304 10.09199901 10.9071025  18.29019413  8.34680054  9.31331336
   9.39084315 19.76372101 10.61111788  9.00952855 10.29906148  9.14610251
  11.76536622 11.39034334 13.97037331 10.48183422 22.24903484]
 [ 4.24824604  3.72463814  0.69259402  1.61026099  1.50559256  1.89994902
   8.87360957  5.86566906 11.07261261 10.43778037  6.00418942  3.51376255
  10.00624212  9.90972134 10.5945702  11.8813489   4.32022045  1.28583341
   9.02928194  9.65346944  0.87703098  2.2015036   8.95670946  6.94126319
   4.64257234  3.2190887   3.7697698   2.75649161  7.13022688  5.27525802
   9.68682052 11.49708947  4.47578023  3.7537986  24.53676554]]