[[ 0.57819756  0.42095676  1.28756247  0.88735176  1.77241781  0.79205724
   0.5539346   0.29565544  0.29292577  0.35818414  0.90345005  1.92891757
   3.16682938  1.95798579  0.64578622  0.49261601  1.01870967  1.22608831
   0.63022626  0.3362852   0.76470935  1.7328826   1.42528626  0.74606965
   0.2891942   0.35601211  0.64093045  1.0503353   1.80196744  2.13689025
   1.09457284  0.95925431  0.32950634  0.41209033  1.9548311 ]
 [ 8.52624219  8.45336597  4.99324935  5.58279215 13.19899575 21.27108683
   1.48549191  2.06650737  1.1721913   1.84947075  9.41115568 16.33548689
   2.9173848   6.59029743  1.74948955  2.03604505  4.36655896  7.10548978
   1.25537207  1.61837348  5.07474074  9.34410584 10.69335348 14.98319005
  10.60268971 11.84053262  7.3211019   7.06643584  3.86503078  6.24549587
   1.70582161  1.9215316  27.81322179 13.09617308 16.62733912]
 [ 3.49110772  3.64289253  1.43002959  2.04779548  5.67661722  4.45083786
   2.9444419   1.71346413  2.36596597  2.11169006  1.38104741  8.29615024
   3.31566876  3.37076553  3.06627129  2.39460219  2.96733329  1.46826574
   2.47310524  2.43847447  2.63475807  8.9140343   2.76309241  2.76347295
   1.9698623   3.85627279  3.68008353  0.65744374  2.92078589  2.79532057
   3.55773881  2.73905506  1.80778384  2.01413581  2.41524275]
 [ 9.68194046 11.32967358  1.01158305  1.21190337  4.89192483  7.19041349
   2.26790212  1.50070241  2.26729221  3.15191267  5.84330796 10.34619314
   1.69783609  1.11574945  1.98487829  1.58773411  5.64501128  2.1637167
   2.06917419  3.08405323  1.74215662  1.48808417  2.9562303   1.70676747
   7.4536465  12.37073746  9.30544701 12.875166    3.67917572  4.45249491
   2.12929701  1.77094699  7.41647326  1.96449809  5.31911623]
 [ 4.26391312  3.59546065  3.13921064  3.30667794 32.34418072 15.43609904
   4.2687357   3.08412152  7.66224024  3.01424202  4.53151594  3.26194886
  12.95364539  7.23232977  4.7532067   2.12227309  3.7220308   3.77567003
   2.97816616  6.32006297  9.72485445  9.4700188  20.45122426  5.05058424
   4.14798911  3.27051846  4.08837467  3.70954451  4.75416295  5.58906933
   5.93868584  3.0375594   3.52664801  3.48365518  0.6808049 ]
 [ 3.55280002  2.01293543  3.60785152  2.56558559 12.82446439  3.90010761
   5.03833897  2.13869337  2.57350718  4.04352522  8.32525817  2.6299359
  17.5547616   4.00646009  5.05218273  2.76122691  2.85617329  4.23331721
   2.34063939  3.30888915  2.85126618  3.8784114  14.97398191  3.62457936
   3.90997863  2.40999074  3.4604768   2.80122793  5.3104809   2.90857057
   4.39770358  3.41215018  1.57818114  3.97800011  8.99674742]
 [ 0.72879698  1.11225655  1.32343598  0.55628837  2.02999007  2.17486849
   2.12923409  2.04010426  1.67224636  1.90739782  1.64049383  1.0160817
   3.10723946  0.21864722  1.97742877  1.77085783  1.77331583  0.27272274
   1.64881681  2.77259628  2.04727516  1.75457512  2.79099102  2.39851404
   1.01620009  0.73097158  1.08827036  1.4552978   0.68931802  1.33242671
   2.25682847  2.28031871  0.78831527  0.40867666  2.57895811]
 [ 5.62022738  5.27036335  2.52815099  2.21294684  5.99846552  9.26434262
   4.67796922  1.41554306 11.76050019 11.63854065  6.29815956  5.56114018
   3.00033523  2.81496497  2.67201647  1.90772723  1.67738995  3.84454198
   2.8567365  11.9490569   4.73499041  3.22302686  3.07336852  3.09011784
   4.13747874  3.09550796  4.47343096  1.05485055  2.04715342  2.40805675
   2.43866416  2.00252651  2.90797523  3.14912241  9.40918671]
 [ 4.65072079  4.49797538  6.69145019  2.84731337 19.73290157  9.31160177
   1.14156536  1.40692978  1.64695273  2.1842501   3.38607984  2.199587
   1.90722777  2.48238903  1.03624882  1.14468455  2.03565051  3.06022288
   0.96909488  1.96228038  2.23591106  2.46192728  1.25976678  2.27345591
   7.10907863  4.05369941  4.46728377  3.66937089  1.78285608  1.91298416
   1.32195051  1.20545758  6.24959387  8.08658084  7.77537741]
 [ 4.15350877  3.89135648  1.47709851  0.36132673  1.32767839  0.68012205
   2.32408804  0.18632624  1.21086452  0.41714342  1.68940415  0.09471304
   2.90313368  0.87826102  3.77513244  0.61802165  2.16542779  0.0866132
   0.44797773  0.33426288  0.2761953   0.1761838   0.93929769  0.19363568
   5.12107201  0.23521725  3.98758073  2.01316574  2.07074034  0.28568901
   3.12206955  0.993043    2.3032529   2.40815254  2.05758604]
 [ 1.57118898  3.1826195   0.39600415  0.38559367  0.9806196   1.97956502
   3.20601404  6.13936908  3.03270631  3.66248376  1.56108194  1.89869422
   2.32100193  2.57127909  1.98035322  2.3628631   1.0778957   1.13134233
   1.82305103  2.73474625  2.21222567  3.56925885  1.95063349  2.05490579
   1.09747115  2.337885    1.7496987   0.86076956  1.42595259  2.38323706
   2.27229886  1.83519745  0.56005372  1.8330383   3.72646167]
 [ 6.39650784  6.6107232   1.59274719  1.41178652  8.60802618  5.02360836
   3.10244955  2.18928911  2.00145696  2.06508036  3.23721399  4.03480313
   3.26048749  2.40084817  2.3401682   2.11282868  4.15457765  4.88164698
   2.04295989  2.23433844  3.10168166  1.64432285  4.24982863  2.29905959
   5.07837682  6.50660025  6.46023656  5.35379954  2.86238766  2.96792485
   2.58761714  2.23002324  5.2049475   2.72406685  8.03017322]
 [ 5.66343464  4.61886242  4.73966613  5.00399525  3.67527182  5.03193329
   2.52567905  3.74764155  3.93806016  7.26556231  5.92284374  6.15849483
   4.39478905  5.64658815  3.09806503  4.40243415  5.34507526  8.14839233
   4.13933939  6.34744075  5.1346178   5.82875882  3.31157678  4.66425847
   5.33995613  5.6121269   4.82170825  5.49686326  5.02831033  5.87554777
   3.94929425  5.44999215  2.88962521  4.34463961  4.73531014]
 [ 0.90296476  1.03024751  1.01596574  1.18368392  0.99891926  1.13042247
   0.77086216  0.90051088  1.34094132  1.69100968  0.84814473  1.31855643
   1.48544855  1.64329059  0.83539084  0.9872669   0.6493087   1.01018781
   0.90852662  1.51838574  1.21089952  1.16822505  0.75234257  1.13618627
   0.90357842  1.16872976  0.82520055  0.65206704  1.17301414  1.21671434
   0.98431804  1.12039864  1.3262604   1.43376585  2.48077005]
 [ 1.73124202  1.71409848  1.5926352   1.24266572  1.2361658   1.15615855
   0.68569498  0.5926495   0.66095445  0.71480732  1.46320906  1.67001674
   1.61787435  1.64465922  0.77423481  0.62153495  1.12610637  1.1531356
   0.61175718  0.69540739  1.47862249  1.32349882  1.01218695  0.97241349
   1.47004113  1.55866532  1.67088019  1.45755558  1.40081102  1.60175688
   0.94185276  0.93899086  1.51813519  0.53252271  2.37035387]
 [ 8.09838514  9.29461721 15.36786157  8.73575242 11.87004509 14.55007772
   3.13272834  1.89845057  1.24722409  1.52632262  7.66191788 14.60349868
  20.5018863  20.45798336  2.52167947  2.35459691  6.00460507  3.94664389
   2.58068727  1.64587148  9.98281277 12.22978985  8.67023407  8.83683723
   7.29258812  6.47873389  8.09211449  7.47933646  7.03415273 10.85697564
   4.14942251  4.08897827  9.85640897  5.9955073   7.14547125]
 [ 6.17065841  5.84498322  5.72667725  3.40335815 11.4408306  10.26209356
   3.94152126  3.27925388  3.33930662  4.51767117 14.92885453 11.98579259
   6.18400046  4.14228633  2.07186776  2.50059103  3.77742562  4.47697968
   2.09897842  4.39037206  8.47952402  4.08412065  6.12701762  5.15749642
  24.08505236 11.56249549  0.76966508  7.05078575  6.03599428  5.60375946
   2.68278542  2.43604    13.71516339  6.13593147  5.72790076]
 [ 1.11847361  1.1204671   1.30093402  1.43395065  2.11056682  2.30231876
   2.15826248  2.12346874  2.16613567  2.65661514  1.32450858  1.5421012
   2.52210277  2.61033571  1.85304593  2.06941103  1.29720652  1.09503259
   1.7863595   2.65567012  1.96256106  2.21805573  2.2824428   2.29441438
   1.13841147  1.20858338  1.11905504  1.14689552  1.55593358  2.17159147
   2.18410658  2.17220003  1.12414767  1.05196648  2.43612841]
 [ 4.04975168  8.99608474  2.73284986  3.40341894  3.62258622  6.22527759
   1.6829837   3.87867529  1.86880249  5.16195384  3.26251248 10.81165444
   1.45698873  3.05710016  1.46653616  2.16665759  2.2995371   3.64652716
   1.60161478  3.52068877  3.79465634  9.24644428  1.00695578  2.02966752
   3.76774465 10.91446568  4.31823883  3.48618931  2.58008141  2.19070958
   1.39320811  1.87467185  7.15114373  4.96080587 13.85794053]
 [ 1.81308373  1.42846953  0.25702256  0.63964205  0.48614252  1.16415772
   1.43665921  1.03110611  2.13696887  1.66394741  2.43633158  1.32004529
   2.59062608  3.8038607   1.87897548  1.89232327  1.70170331  0.39301009
   1.76038386  1.82525183  0.34250951  0.82915715  1.79256617  1.72092864
   2.01104473  1.20986421  1.48743096  1.08425378  2.90954773  2.00354811
   2.18136665  2.6339703   1.97394334  1.51773733  6.30989776]]