[[1.70893273e+01 1.69803079e+01 1.48167208e+01 1.48591833e+01
  1.50670286e+01 1.68693133e+01 2.69876323e+01 2.96495687e+01
  3.84486097e+01 3.21482901e+01 8.11332502e+00 9.23402496e+00
  4.65903794e+00 4.24669344e+00 1.40541768e+01 1.27217907e+01
  7.86444147e+00 3.89597081e-29 8.56141157e+00 3.40379232e+01
  1.01030073e+01 1.00430894e+01 1.28590268e+01 1.32309132e+01
  1.24310060e+01 1.40423962e+01 1.64728507e+01 1.07468626e+01
  4.07990969e+00 3.30984023e+00 3.78068701e+00 2.84431969e+00
  5.43405158e+00 4.67778318e+00 5.79556886e+00]
 [2.45477880e+01 2.73401782e+01 1.99171925e+01 1.78607394e+01
  1.70408557e+01 1.52000142e+01 1.43450306e+01 1.86830596e+01
  1.47476290e+01 1.44999835e+01 1.02046581e+01 9.77499714e+00
  5.70320996e+00 6.02859556e+00 7.74193635e+00 9.58500731e+00
  7.92363567e+00 2.28138834e-29 5.38922671e+00 1.39511370e+01
  1.26977318e+01 1.17803438e+01 1.05537896e+01 1.11122890e+01
  1.66108577e+01 1.87533771e+01 2.32421904e+01 1.70248514e+01
  5.04512550e+00 3.28580642e+00 3.41252850e+00 3.96838003e+00
  1.04993942e+01 1.40171423e+01 7.27139553e+00]
 [8.79808909e+00 7.90278903e+00 1.12933022e+01 8.25451537e+00
  1.13753658e+01 7.94013048e+00 1.47424509e+01 1.31904865e+01
  1.49314743e+01 1.14256290e+01 4.74341646e+00 3.02460767e+00
  2.67763905e+00 1.92153372e+00 6.08208677e+00 4.61511821e+00
  2.45209405e+00 1.89132836e-29 3.37228133e+00 1.16121819e+01
  6.24284093e+00 4.35019482e+00 7.45540845e+00 5.47445347e+00
  8.05251281e+00 6.43106379e+00 7.98317357e+00 5.47910826e+00
  1.40306946e+00 1.37827556e+00 1.80578272e+00 1.40942717e+00
  4.00002513e+00 3.77755803e+00 7.46060026e-01]
 [1.77362507e+01 1.90032179e+01 1.65415973e+01 1.58167859e+01
  1.16684352e+01 1.22419981e+01 1.04022472e+01 1.35925921e+01
  1.30969856e+01 1.46194750e+01 6.94259095e+00 7.96567238e+00
  2.26711008e+00 2.98731200e+00 5.28132541e+00 8.46817506e+00
  5.73569362e+00 9.16547262e-30 5.01979231e+00 1.28804434e+01
  7.62960342e+00 8.31589097e+00 6.59598354e+00 7.95482126e+00
  1.38084462e+01 1.25651381e+01 1.65386232e+01 1.18865131e+01
  2.62273161e+00 2.50573517e+00 1.80806214e+00 2.47032820e+00
  5.39875286e+00 6.44840517e+00 2.43343933e+00]
 [1.42006708e+01 1.28626183e+01 2.03529525e+01 1.37699530e+01
  1.13565760e+01 1.09431894e+01 1.19088324e+01 1.39725776e+01
  1.26496962e+01 1.22686410e+01 6.06003599e+00 5.44969730e+00
  2.96544356e+00 2.36577708e+00 5.86905139e+00 6.45875571e+00
  3.99331043e+00 3.75156818e-29 4.14092338e+00 1.19939141e+01
  8.57193765e+00 7.65951996e+00 6.83646852e+00 6.97987885e+00
  9.24900434e+00 8.12077043e+00 1.15489014e+01 6.93685610e+00
  2.11553680e+00 1.63061618e+00 1.77369067e+00 1.71888650e+00
  3.55048716e+00 3.05971108e+00 7.67807197e+00]
 [9.78769281e+00 9.68737953e+00 8.18192415e+00 6.11329438e+00
  7.94962420e+00 6.20810730e+00 8.77975267e+00 8.09522823e+00
  9.00465366e+00 7.98636287e+00 3.52285300e+00 3.02061296e+00
  2.24163142e+00 1.63692342e+00 4.00970551e+00 3.90009160e+00
  2.51432140e+00 3.72007991e-29 2.38223595e+00 8.08366153e+00
  5.49261598e+00 3.60015689e+00 5.32812415e+00 4.48509452e+00
  6.03408932e+00 4.81306934e+00 9.18212506e+00 4.22214987e+00
  1.55920042e+00 1.09757748e+00 1.37710263e+00 1.19602937e+00
  6.89347890e+00 5.11656155e+00 9.39594515e-01]
 [1.69756288e+01 1.72627254e+01 1.90820181e+01 1.98321350e+01
  2.03314580e+01 1.95253219e+01 3.16084581e+01 3.20081995e+01
  3.66620523e+01 3.59724126e+01 1.01928554e+01 1.25219326e+01
  7.41833874e+00 7.73381118e+00 1.81412070e+01 1.61416367e+01
  1.11374204e+01 6.10034638e-29 2.05766578e+01 3.19193464e+01
  2.12494296e+01 1.39121372e+01 1.78041420e+01 1.68384879e+01
  1.35072524e+01 1.52910519e+01 1.70261273e+01 1.42903351e+01
  6.71582504e+00 6.09861860e+00 6.87728532e+00 5.22467241e+00
  1.08306280e+01 1.74837853e+01 6.93607192e+00]
 [2.07460405e+01 1.93315711e+01 2.15883093e+01 2.00495293e+01
  1.94562343e+01 2.29406642e+01 4.16447442e+01 4.80798972e+01
  4.20959825e+01 3.31424524e+01 1.12659420e+01 1.10628113e+01
  7.09417549e+00 6.35844173e+00 2.25405233e+01 2.17310241e+01
  8.96949253e+00 1.36805976e-28 1.08300062e+01 3.20925232e+01
  1.44130530e+01 1.31200091e+01 1.60926257e+01 2.02162346e+01
  1.64924993e+01 1.57437650e+01 1.95037194e+01 1.43640732e+01
  4.56948718e+00 3.74490934e+00 5.28263285e+00 5.39632199e+00
  2.68703519e+01 3.06310274e+00 1.37743584e+01]
 [9.22040899e+00 9.02644771e+00 9.14037609e+00 8.77685320e+00
  8.45093091e+00 7.50034588e+00 1.12109910e+01 1.50523844e+01
  1.11534004e+01 1.21409113e+01 4.30740708e+00 4.15754009e+00
  2.76535381e+00 2.17521501e+00 4.64636320e+00 4.76779446e+00
  3.29578792e+00 2.66074500e-30 2.85201081e+00 1.15098700e+01
  6.31726186e+00 5.26444449e+00 6.11590995e+00 5.22051779e+00
  6.06802915e+00 5.84343941e+00 7.61484035e+00 4.93790478e+00
  1.85231541e+00 1.57679178e+00 1.77104304e+00 1.46970032e+00
  3.98368882e+00 4.62385296e+00 2.31349357e+00]
 [6.14889811e+00 6.66234051e+00 5.12246657e+00 6.58968414e+00
  5.84668541e+00 7.45228127e+00 8.24698510e+00 1.10245839e+01
  1.03684560e+01 1.15257041e+01 2.64576336e+00 7.68384338e+00
  2.02804335e+00 2.79683146e+00 4.83919124e+00 6.21573301e+00
  2.60224324e+00 2.15313781e-29 3.95677015e+00 1.02145941e+01
  3.83964957e+00 4.51329267e+00 5.50164546e+00 6.11299813e+00
  4.54181138e+00 1.04765450e+01 6.63479690e+00 4.49432996e+00
  1.35827681e+00 1.23878082e+00 1.84096668e+00 1.74771906e+00
  1.21780535e+00 2.47863218e+00 8.51200809e+00]
 [1.24484947e+01 1.30264465e+01 1.69791328e+01 1.54820478e+01
  1.78368046e+01 1.42889437e+01 2.28175985e+01 1.84105619e+01
  1.84122441e+01 1.68760502e+01 5.76099227e+00 5.83822502e+00
  3.62324810e+00 3.44554795e+00 7.26177236e+00 6.71846570e+00
  4.02447354e+00 8.11543341e-30 3.40459396e+00 1.54434824e+01
  1.00696943e+01 9.17716688e+00 9.37551389e+00 8.51956706e+00
  8.77858012e+00 1.07786057e+01 1.20843004e+01 6.57220885e+00
  2.18383167e+00 1.84610460e+00 2.16285841e+00 2.14104605e+00
  3.72582610e+00 4.40354768e+00 5.58172844e+00]
 [2.35000081e+01 2.47554437e+01 2.52862251e+01 2.65350005e+01
  2.46566025e+01 2.34201637e+01 2.47078990e+01 2.47628963e+01
  4.05363747e+01 3.95959572e+01 1.20958120e+01 1.30533410e+01
  7.82731824e+00 6.27055710e+00 1.61287113e+01 1.35596852e+01
  1.06275432e+01 2.21317244e-29 1.05818782e+01 3.74881605e+01
  1.82267420e+01 1.66685035e+01 1.76668828e+01 1.80297864e+01
  1.68671886e+01 1.75624112e+01 2.50091075e+01 1.49034765e+01
  6.11469430e+00 7.16899786e+00 5.49558223e+00 4.44263094e+00
  4.13568821e+00 3.27736110e+00 1.13821673e+01]
 [6.75481928e+00 7.42111427e+00 8.25172057e+00 5.93414337e+00
  7.57389084e+00 5.14166134e+00 8.17568279e+00 6.15819486e+00
  7.30232895e+00 6.27184237e+00 2.99650142e+00 2.54035663e+00
  2.23496377e+00 1.29632177e+00 4.18125625e+00 2.95063460e+00
  1.82708357e+00 1.67955034e-29 1.97374275e+00 6.49888827e+00
  4.37059949e+00 3.12173895e+00 5.13062697e+00 3.54555064e+00
  5.34537136e+00 4.01271321e+00 6.08054682e+00 3.13446176e+00
  1.30100434e+00 8.50654175e-01 1.56154694e+00 8.15037601e-01
  3.08654104e+00 2.98576079e+00 1.05818876e+01]
 [1.25673756e+02 1.34448873e+02 1.12878237e+02 1.16547629e+02
  1.01957282e+02 1.11198833e+02 1.17432421e+02 1.45349751e+02
  1.37399004e+02 1.51437855e+02 6.24775704e+01 7.32143929e+01
  2.40162623e+01 3.13031117e+01 7.07268706e+01 6.83262825e+01
  5.31046644e+01 1.31856438e-28 5.32674112e+01 1.36867376e+02
  6.85409088e+01 7.50642602e+01 6.74439624e+01 7.61762132e+01
  8.53453771e+01 9.50568700e+01 1.26299220e+02 8.00999650e+01
  2.29000623e+01 2.64031171e+01 2.26881227e+01 2.14212943e+01
  2.61910115e+01 2.14050356e+01 5.39443726e+01]
 [1.21620609e+01 1.42359344e+01 1.07069349e+01 1.12819630e+01
  1.36639274e+01 1.06647066e+01 2.47372855e+01 2.27924432e+01
  2.36877984e+01 2.26622687e+01 4.18328278e+00 6.20202021e+00
  4.07279834e+00 3.34497961e+00 1.24478483e+01 1.04831840e+01
  3.96042307e+00 8.71450785e-29 5.20380102e+00 1.94864906e+01
  6.99222380e+00 7.16439499e+00 1.26504140e+01 8.86746906e+00
  8.04777617e+00 1.03094396e+01 1.27211818e+01 9.21753185e+00
  2.10432453e+00 2.23392415e+00 4.29833311e+00 2.34743200e+00
  5.26426500e+00 6.88303454e+00 5.36251052e+01]
 [1.77685069e+01 2.12824784e+01 2.64342246e+01 1.72455461e+01
  2.45836746e+01 1.62630850e+01 2.43077902e+01 2.56478701e+01
  2.82470366e+01 2.76007246e+01 2.52613201e+01 1.54636031e+01
  1.44487511e+01 4.92195975e+00 1.16103739e+01 9.41557697e+00
  5.67556556e+00 6.69947178e-29 5.35056450e+00 2.68142076e+01
  1.74989962e+01 2.41747768e+01 1.38887003e+01 1.27944390e+01
  1.68931743e+01 2.41661661e+01 1.39049609e+01 1.38275723e+01
  2.13411503e+00 4.41864645e+00 3.13820544e+00 2.53175417e+00
  9.19181099e+00 1.07673102e+01 1.20121051e+02]
 [1.48587342e+01 1.41432459e+01 1.27811289e+01 1.36338867e+01
  1.16893743e+01 1.27829125e+01 1.39648356e+01 1.51368979e+01
  1.65952289e+01 1.61072373e+01 5.12776344e+00 5.22303412e+00
  3.92965436e+00 3.81063116e+00 8.93246251e+00 6.65406960e+00
  2.98404280e+00 7.14271599e-30 3.54632205e+00 1.62884150e+01
  8.54256361e+00 7.67076239e+00 8.51440459e+00 8.78894141e+00
  8.78470081e+00 8.38538619e+00 1.26120939e+01 5.64426713e+00
  2.20274710e+00 1.64262737e+00 2.56553367e+00 1.97322552e+00
  3.13963931e+00 3.37581179e+00 1.66826648e+00]
 [5.26146001e+01 4.84433920e+01 5.86034242e+01 4.80199783e+01
  5.32569511e+01 5.52711957e+01 5.60463216e+01 7.78456636e+01
  7.03609039e+01 6.84176159e+01 2.31675183e+01 2.46565411e+01
  1.40092662e+01 1.50331455e+01 3.19640829e+01 2.97040642e+01
  1.38719514e+01 3.51195685e-28 2.94442808e+01 5.94867331e+01
  3.50691544e+01 3.27818997e+01 3.27672258e+01 3.83395047e+01
  3.50566743e+01 3.30157875e+01 4.43451251e+01 2.67047932e+01
  8.48217683e+00 8.19796267e+00 1.30334315e+01 9.51533295e+00
  7.24932219e+00 8.14813003e+00 7.60179962e+00]
 [2.44952269e+01 2.60046226e+01 2.52025062e+01 2.29497731e+01
  4.17509579e+01 3.46771838e+01 5.13262357e+01 4.77378682e+01
  5.14057194e+01 4.58250887e+01 1.16460499e+01 1.24916617e+01
  1.05227120e+01 7.77387627e+00 2.61919870e+01 2.53375147e+01
  1.05332311e+01 1.67009288e-29 1.42119647e+01 4.65393264e+01
  1.95125615e+01 1.59125346e+01 3.53509470e+01 2.95590151e+01
  1.73911290e+01 1.90870550e+01 2.38966528e+01 1.64315200e+01
  4.74358127e+00 4.95292669e+00 8.95518861e+00 6.76716056e+00
  4.78092280e+00 4.81060663e+00 1.76255262e+00]
 [1.93529519e+01 1.91103365e+01 5.90541765e+01 3.43213488e+01
  4.01335286e+01 2.02491819e+01 2.61655848e+01 3.51071777e+01
  2.52722567e+01 3.47070429e+01 6.22870296e+00 8.12199776e+00
  5.13745849e+00 3.78372152e+00 1.21520603e+01 1.08088329e+01
  4.66808944e+00 4.23864045e-29 6.94064573e+00 2.75122424e+01
  1.74038727e+01 1.39229429e+01 1.70278160e+01 1.21267512e+01
  1.01318970e+01 8.02801816e+00 1.38444823e+01 1.24147846e+01
  2.43552893e+00 3.57896236e+00 3.97240534e+00 2.78693673e+00
  1.38217688e+01 4.58050243e+00 2.41422046e+01]]