[[1.66837982e+01 1.73972651e+01 2.29658838e+01 2.68790832e+01
  4.11565697e+01 6.05395184e+01 1.16143126e+02 1.96158289e+02
  1.95415998e+02 1.46762540e+02 9.38489955e+00 1.06439645e+01
  1.28887291e+01 1.13724941e+01 6.03484262e+01 5.62722180e+01
  5.23091298e+00 3.74262248e-29 2.40043234e+01 1.48122503e+02
  1.89583752e+01 2.32505521e+01 4.76530619e+01 6.18800673e+01
  1.24160864e+01 1.56497575e+01 1.65578585e+01 8.94213685e+00
  3.45904441e+00 2.80381016e+00 1.22234696e+01 8.54499074e+00
  7.23511619e+00 7.06508195e+00 9.77173277e+00]
 [7.85749776e+00 8.21582443e+00 6.44224483e+00 6.06741729e+00
  7.48953499e+00 6.46817877e+00 1.12605211e+01 1.47490214e+01
  2.30366827e+01 1.65771126e+01 3.64689809e+00 3.50000833e+00
  8.93658235e+00 3.96126813e+00 7.83350273e+00 5.60190003e+00
  2.34211748e+00 1.16450327e-29 3.26401524e+00 1.64011580e+01
  4.86580052e+00 4.39777313e+00 9.23761890e+00 6.36526326e+00
  6.11633905e+00 6.00998717e+00 7.48125562e+00 5.82212306e+00
  1.67199253e+00 1.33656001e+00 3.70715297e+00 1.77158541e+00
  3.15634431e+00 3.43440968e+00 5.36848376e+00]
 [1.70783515e+01 1.68064315e+01 2.01129000e+01 2.10113584e+01
  2.63468019e+01 3.02319676e+01 5.65208098e+01 7.85432391e+01
  1.36426743e+02 1.21575992e+02 9.34919153e+00 9.02319467e+00
  1.00659913e+01 9.71486101e+00 3.92490548e+01 3.54369277e+01
  6.50311022e+00 1.30316281e-28 2.44490039e+01 9.43030687e+01
  1.39308448e+01 1.36150286e+01 3.05885522e+01 3.31025428e+01
  1.37572490e+01 1.54199820e+01 1.64492588e+01 1.09690478e+01
  3.72255821e+00 4.07151486e+00 1.38309506e+01 8.52547471e+00
  2.75725387e+00 3.92708392e+00 1.01282846e+00]
 [2.24390644e+01 2.28172040e+01 2.49199020e+01 2.51228088e+01
  2.83094734e+01 3.74137361e+01 4.99527296e+01 8.05783818e+01
  8.92255240e+01 9.57127611e+01 1.09259747e+01 1.17491043e+01
  5.86765284e+00 9.53977889e+00 2.26447322e+01 3.91785937e+01
  8.03034934e+00 3.45193402e-29 1.70877771e+01 7.47142667e+01
  1.47180988e+01 1.65097786e+01 2.11702816e+01 3.24390840e+01
  1.77609864e+01 1.69334148e+01 2.13273454e+01 1.45423194e+01
  5.01479686e+00 4.33180894e+00 5.62036189e+00 7.92345229e+00
  3.82239446e+00 4.93551876e+00 3.57162057e+00]
 [1.28972619e+01 1.26148006e+01 1.66143146e+01 1.50944902e+01
  1.84726614e+01 3.48280649e+01 3.48935639e+01 6.91995661e+01
  5.26931782e+01 5.74123520e+01 5.82678723e+00 6.21303688e+00
  5.46887504e+00 4.84472141e+00 2.00194287e+01 2.76581220e+01
  4.50255994e+00 1.09704334e-28 1.16217147e+01 4.68742223e+01
  8.47013187e+00 1.04609446e+01 1.58849153e+01 2.45631892e+01
  9.33577279e+00 8.71870550e+00 1.14772422e+01 7.05508055e+00
  2.23553210e+00 2.16466911e+00 6.32765282e+00 4.32476165e+00
  2.49804989e+00 2.28409166e+00 1.11552372e+01]
 [6.27893255e+00 6.07268343e+00 7.09369648e+00 6.23508897e+00
  8.24308380e+00 1.11554340e+01 1.56047483e+01 3.31577993e+01
  3.07300719e+01 2.40119000e+01 3.54220449e+00 3.07298445e+00
  5.82458647e+00 6.11513036e+00 1.08335437e+01 1.22854378e+01
  2.61378563e+00 4.01294259e-29 5.74412449e+00 2.26000234e+01
  5.58010480e+00 6.23931036e+00 8.07704935e+00 1.44570005e+01
  4.98267063e+00 4.33679901e+00 6.19877134e+00 3.89767327e+00
  1.86541073e+00 1.35338011e+00 3.88886686e+00 2.76347523e+00
  1.49667207e+00 1.22361621e+00 2.13438680e+00]
 [2.32339113e+01 1.98818260e+01 2.91681587e+01 2.37287821e+01
  4.31723985e+01 3.72041338e+01 1.07091863e+02 1.10203827e+02
  1.87616122e+02 1.97697108e+02 1.35850799e+01 1.16754573e+01
  1.41977961e+01 1.05180799e+01 6.56167126e+01 6.25782158e+01
  9.76968950e+00 1.38801822e-28 6.65997091e+01 1.67999564e+02
  2.29035767e+01 1.66835680e+01 4.70618604e+01 3.88842690e+01
  1.90826654e+01 1.57577305e+01 2.15449339e+01 1.41505259e+01
  7.58293618e+00 5.92516852e+00 2.28787054e+01 1.73822573e+01
  5.77751078e+00 9.26915100e+00 8.42838738e+00]
 [1.59361540e+01 1.49683119e+01 1.58483123e+01 1.37653860e+01
  1.89020513e+01 2.22303788e+01 7.15075940e+01 1.13740244e+02
  1.17662585e+02 8.43652364e+01 8.90843474e+00 8.19723901e+00
  9.05689663e+00 8.11870448e+00 5.48177144e+01 5.65972100e+01
  7.51917887e+00 1.75276749e-28 2.78699027e+01 8.13420945e+01
  1.08017911e+01 9.20353353e+00 2.72945257e+01 3.12025942e+01
  1.32300971e+01 1.15520396e+01 1.50806280e+01 1.12764172e+01
  4.14767689e+00 2.90372961e+00 1.39721708e+01 1.26128185e+01
  2.36292594e+01 2.38087023e+00 1.14230821e+01]
 [1.72885871e+01 1.60594821e+01 2.14403350e+01 1.57551742e+01
  3.20096478e+01 3.05998150e+01 8.10137534e+01 1.30800721e+02
  1.43699884e+02 1.29119436e+02 9.88061122e+00 7.00212657e+00
  8.33219492e+00 6.79095079e+00 2.62943138e+01 3.62547121e+01
  6.43032000e+00 4.17057107e-30 1.68056729e+01 1.21810177e+02
  1.52797280e+01 1.05731648e+01 2.57729758e+01 3.07076722e+01
  1.26822462e+01 1.03169619e+01 1.55951325e+01 1.01759330e+01
  4.08667659e+00 2.65299287e+00 6.22853833e+00 7.93166168e+00
  6.07229035e+00 7.42990518e+00 4.52610923e+00]
 [4.26093248e+00 4.11702379e+00 3.27661738e+00 3.95082720e+00
  5.64635283e+00 6.39421256e+00 2.39658231e+01 2.61923611e+01
  4.86770788e+01 4.62544553e+01 1.87197923e+00 2.88877686e+00
  1.93448623e+00 2.31291761e+00 1.99670629e+01 2.01855594e+01
  2.04860224e+00 5.02001234e-29 1.51280703e+01 3.88604289e+01
  2.42564569e+00 2.63169048e+00 9.44587362e+00 8.77178968e+00
  3.39759944e+00 8.22485610e+00 4.45680266e+00 3.25214046e+00
  1.11443744e+00 1.09102103e+00 4.52740881e+00 4.44372999e+00
  1.05265761e+00 2.05502880e+00 8.35097410e+00]
 [2.46458350e+01 2.37265754e+01 3.79810112e+01 2.87859569e+01
  6.76360084e+01 4.45106080e+01 2.09621692e+02 1.46673468e+02
  2.63509348e+02 1.72383909e+02 1.04292111e+01 9.10684124e+00
  1.52714722e+01 7.68749548e+00 6.74318009e+01 6.07709389e+01
  6.08123995e+00 7.16859988e-29 2.69588177e+01 1.62979168e+02
  2.53139856e+01 1.78807249e+01 5.71136317e+01 4.04443181e+01
  1.56371995e+01 1.84400147e+01 2.26320511e+01 1.06796302e+01
  4.25858991e+00 3.39668186e+00 1.29898024e+01 8.96335862e+00
  6.85776730e+00 8.35484671e+00 9.92559403e+00]
 [3.40261786e+01 3.61015628e+01 3.84616252e+01 4.03691258e+01
  4.36008549e+01 4.73882181e+01 1.27610062e+02 1.19275771e+02
  3.55675047e+02 3.71336844e+02 1.90358465e+01 2.14924060e+01
  8.94621920e+00 1.17702691e+01 6.90687726e+01 6.59003411e+01
  1.61853161e+01 4.67317610e-29 6.69897559e+01 3.00041668e+02
  2.74826182e+01 2.87553931e+01 3.72163504e+01 4.10987236e+01
  2.64483519e+01 2.73125896e+01 3.65238800e+01 2.33821304e+01
  8.97579626e+00 9.24491004e+00 1.41517115e+01 1.32156115e+01
  5.13209131e+00 4.73563678e+00 8.56502547e+00]
 [1.02067158e+01 1.10918321e+01 1.10452773e+01 1.09621626e+01
  1.73654867e+01 1.25129679e+01 5.13841876e+01 2.69541439e+01
  6.47603357e+01 3.18721582e+01 5.05300761e+00 5.62108817e+00
  5.54940128e+00 3.97610490e+00 2.49683591e+01 1.16063047e+01
  3.76863913e+00 4.65803013e-29 8.27581296e+00 3.36017596e+01
  7.72412518e+00 7.22438232e+00 1.94707804e+01 1.17067510e+01
  7.42622191e+00 7.54401451e+00 1.00184478e+01 5.77644195e+00
  2.08537047e+00 2.12798930e+00 6.44636331e+00 2.72934610e+00
  2.09090493e+00 2.02611339e+00 2.72168396e+01]
 [4.42116346e+01 4.37997906e+01 4.43242802e+01 4.35003743e+01
  5.81834043e+01 6.09815836e+01 1.79042379e+02 1.81623213e+02
  1.72557440e+02 1.91169831e+02 2.32194640e+01 2.64280109e+01
  2.21722494e+01 1.83038480e+01 1.09124576e+02 7.80167894e+01
  2.15997792e+01 9.60679787e-29 4.66124137e+01 1.33086069e+02
  3.03098517e+01 3.27808302e+01 7.58773224e+01 6.51220062e+01
  3.25325841e+01 3.34427120e+01 4.17985430e+01 2.93500166e+01
  1.03056507e+01 1.09208658e+01 3.04033813e+01 2.12951702e+01
  1.12527520e+01 9.68099608e+00 4.23953406e+01]
 [4.00831396e+01 4.00747852e+01 3.95204304e+01 3.69150002e+01
  5.49928164e+01 3.58823980e+01 1.63645341e+02 1.57540930e+02
  2.54187684e+02 2.49706838e+02 1.96177174e+01 2.21181329e+01
  2.58595866e+01 1.14633812e+01 1.05760176e+02 9.51170855e+01
  1.93389907e+01 6.88276353e-28 5.52375089e+01 2.05850290e+02
  2.83100552e+01 2.22358070e+01 7.48196337e+01 4.64790253e+01
  3.11259762e+01 3.56673427e+01 4.24073134e+01 3.02510589e+01
  1.00735698e+01 9.73980620e+00 3.59916626e+01 1.90832831e+01
  5.78746620e+00 8.22771511e+00 4.72178892e+01]
 [7.49634482e+00 9.38325259e+00 1.01071712e+01 6.07679302e+00
  9.86983956e+00 6.58784936e+00 1.07988122e+01 1.34136440e+01
  1.53421042e+01 1.51887119e+01 1.29984159e+01 7.11548296e+00
  5.62321369e+00 2.41205520e+00 6.22515768e+00 6.19966143e+00
  2.65473449e+00 4.03553687e-29 2.80849206e+00 1.33220378e+01
  7.54577577e+00 1.06072414e+01 6.81595408e+00 7.33690034e+00
  7.87092350e+00 1.14360560e+01 5.50827720e+00 6.42452471e+00
  9.17794987e-01 2.45221267e+00 1.92562911e+00 1.88727821e+00
  5.64673510e+00 6.44510890e+00 7.58304581e+01]
 [7.11349902e+00 6.57901593e+00 6.66411159e+00 6.36809950e+00
  9.43705615e+00 1.01642969e+01 1.45252239e+01 1.60744859e+01
  2.14784491e+01 1.89990247e+01 2.72572084e+00 2.72603524e+00
  4.78926709e+00 5.47537686e+00 1.35574397e+01 1.09535456e+01
  1.78723943e+00 6.22061161e-30 6.19210854e+00 2.03576645e+01
  5.13876701e+00 5.15284351e+00 1.15044910e+01 1.21156061e+01
  4.47637328e+00 4.20822230e+00 5.87062847e+00 2.90181588e+00
  1.38322260e+00 1.11262107e+00 5.24063721e+00 3.50787928e+00
  1.76336360e+00 1.63455234e+00 1.73094663e+00]
 [2.74043247e+01 2.65314747e+01 3.00369081e+01 2.86966899e+01
  4.89700336e+01 5.66657005e+01 1.05833625e+02 1.52410297e+02
  1.31233705e+02 1.51826610e+02 1.24398622e+01 1.65987340e+01
  1.81288508e+01 2.37211171e+01 6.23429412e+01 6.72309116e+01
  1.15079596e+01 2.42668748e-28 4.09442642e+01 1.09818711e+02
  2.11431118e+01 2.56001892e+01 5.54697140e+01 6.51742693e+01
  1.89755906e+01 2.00350775e+01 2.41866407e+01 1.76043832e+01
  5.88873127e+00 6.30334262e+00 2.45543721e+01 2.23158854e+01
  6.65801319e+00 6.70435317e+00 6.86191268e+00]
 [9.18036376e+00 8.74574943e+00 1.26494032e+01 9.40132081e+00
  3.52754155e+01 3.06617849e+01 4.21087166e+01 4.07921980e+01
  2.70357629e+01 2.78825987e+01 5.33593960e+00 4.48310663e+00
  8.83764807e+00 7.18334476e+00 2.08072021e+01 2.07242006e+01
  3.72943418e+00 8.68608199e-30 1.06408126e+01 2.48471627e+01
  1.27269138e+01 8.89894853e+00 3.31622872e+01 2.94360129e+01
  7.19889541e+00 6.74091296e+00 8.92555189e+00 5.94073199e+00
  1.94411771e+00 1.96781677e+00 7.62297279e+00 5.83768330e+00
  2.37066272e+00 2.09968513e+00 8.39476629e-01]
 [1.86225501e+01 1.82312855e+01 5.05781505e+01 3.91116067e+01
  6.49882120e+01 4.11329046e+01 1.52559703e+02 1.46564604e+02
  1.99512428e+02 2.04058731e+02 8.46023940e+00 1.00755861e+01
  1.59612062e+01 1.27862019e+01 9.21071845e+01 6.88988073e+01
  8.20271561e+00 6.52427261e-29 5.37345339e+01 1.54050451e+02
  2.24306964e+01 2.38137312e+01 6.35815224e+01 4.24814998e+01
  1.39432240e+01 1.18685124e+01 1.64013792e+01 1.34119609e+01
  4.08264342e+00 4.45424578e+00 2.30455105e+01 1.28541030e+01
  7.28607207e+00 3.43370348e+00 3.09632107e+01]]