[[1.77283183e+00 2.04450787e+00 1.98374993e+00 2.26383597e+00
  2.90837478e+00 2.87313237e+00 1.62351298e+00 1.64695553e+00
  1.78049231e+00 1.75478462e+00 1.75090708e+00 1.22821652e+00
  8.69296276e-01 6.83075108e-01 1.07902924e+00 8.91478985e-01
  6.65930604e-01 9.46920844e-30 6.67023871e-01 1.67784323e+00
  1.82046520e+00 1.69892881e+00 1.74972771e+00 1.17127456e+00
  1.86706951e+00 1.81892087e+00 1.74693935e+00 9.28248564e-01
  3.89460126e-01 4.45202548e-01 4.43776134e-01 2.91565710e-01
  1.84081601e+00 1.51289771e+00 2.08163445e+00]
 [3.50385923e+00 3.67670040e+00 2.18444842e+00 2.79042804e+00
  4.14899831e+00 8.89086343e+00 8.78016270e-01 1.52358102e+00
  1.08836372e+00 1.65447108e+00 8.76461907e-01 9.16996711e-01
  3.60651333e-01 1.17226141e+00 5.60551446e-01 8.83663855e-01
  6.43325929e-01 2.60262955e-30 3.25196526e-01 1.45129600e+00
  1.18912711e+00 2.06214506e+00 2.00137188e+00 9.63439108e+00
  1.76956765e+00 2.03895432e+00 3.57744475e+00 1.78499310e+00
  3.07649171e-01 3.01836301e-01 2.26867431e-01 2.73915312e-01
  1.00067167e+01 8.02592384e+00 2.79561799e+00]
 [3.38094881e+00 2.89699631e+00 2.34633880e+00 1.76312554e+00
  4.91095677e+00 4.40368658e+00 1.39362947e+00 1.74213539e+00
  1.69675345e+00 1.57743407e+00 1.18711688e+00 7.93774754e-01
  5.16014235e-01 5.85949339e-01 1.15765445e+00 1.03799157e+00
  6.31800195e-01 3.24589725e-30 7.31614950e-01 1.54345631e+00
  1.07160166e+00 9.64520953e-01 1.07108292e+00 1.26128358e+00
  3.70559366e+00 1.96733364e+00 3.16453107e+00 1.81234639e+00
  3.32325700e-01 3.00652927e-01 4.51999909e-01 4.03608981e-01
  4.55433652e-01 1.06461333e+00 6.47184710e-01]
 [3.99433463e+00 3.68594059e+00 2.20219333e+00 2.08986887e+00
  7.52132872e+00 2.17726221e+01 1.80943722e+00 1.97065598e+00
  3.41135618e+00 2.79599010e+00 8.42074332e-01 4.62520847e+00
  3.80002185e-01 5.18804335e-01 7.43258903e-01 6.72184537e-01
  4.32595140e-01 2.29968825e-30 3.97104900e-01 2.90791729e+00
  1.19465700e+00 1.21140741e+00 2.64565141e+00 1.71867966e+00
  3.41923919e+00 1.61855870e+00 2.52309442e+00 1.14545958e+00
  2.26010870e-01 3.10984336e-01 2.25563299e-01 1.96285408e-01
  1.64475612e+00 1.26605669e+00 2.79871796e+00]
 [3.60811428e+00 3.40335092e+00 3.38640683e+00 3.72857027e+00
  2.03075684e+01 8.29230095e+01 2.37746041e+00 4.35019326e+00
  3.24674433e+00 2.31308180e+00 1.21641967e+00 1.44662118e+00
  8.90643410e-01 1.72712392e+00 1.30511992e+00 2.44685382e+00
  7.93248122e-01 6.49273485e-30 6.96806465e-01 2.50376107e+00
  1.66535853e+00 5.79331462e+00 3.91000364e+00 2.35956318e+01
  1.94383113e+00 1.89064618e+00 2.92353094e+00 1.33280524e+00
  4.95012323e-01 5.37248538e-01 4.68647324e-01 5.28844353e-01
  9.22541164e-01 5.25626122e-01 3.29138077e+00]
 [2.21006650e+00 1.78689791e+00 1.98742076e+00 1.23250586e+00
  9.16226477e-01 1.17536249e+00 7.84506966e-01 1.30786871e+00
  1.51736865e+00 3.02526016e+00 6.64477335e-01 5.96023716e-01
  3.60068764e-01 3.73977936e-01 4.65915960e-01 6.18383179e-01
  4.05524880e-01 7.25807375e-30 3.36486755e-01 2.06667438e+00
  1.32134260e+00 2.05286915e+00 5.14446699e-01 6.83420014e-01
  1.32353956e+00 9.34810162e-01 2.04231942e+00 7.40482679e-01
  2.87047333e-01 2.25787303e-01 2.11743907e-01 1.91574411e-01
  8.27719456e-01 3.09355392e-01 4.85949388e-01]
 [4.75172525e+00 3.92129259e+00 3.57830613e+00 3.35768107e+00
  2.28629091e+00 7.13669515e+00 2.47490606e+00 3.29896580e+00
  3.68666648e+00 2.94764467e+00 1.33442072e+00 1.40453085e+00
  1.00655667e+00 1.06278367e+00 1.38024094e+00 1.48133014e+00
  9.65357340e-01 5.10824041e-30 9.19395873e-01 3.18826435e+00
  2.06641270e+00 2.02316770e+00 1.84937722e+00 2.41869840e+00
  2.65583718e+00 2.53087942e+00 4.30004207e+00 1.75762715e+00
  6.69370884e-01 5.51590197e-01 5.64925398e-01 5.21224546e-01
  1.28238161e+00 1.37947444e+00 2.10663352e+00]
 [2.02652481e+00 1.45590475e+00 2.21501206e+00 1.53224021e+00
  3.38888799e+00 2.02148145e+01 1.79873311e+00 2.59392529e+00
  4.93830297e+00 8.41960871e+00 7.76659774e-01 7.10202919e-01
  6.28277405e-01 5.91952023e-01 8.68082009e-01 1.25188081e+00
  4.87676724e-01 9.57509372e-30 6.14816553e-01 6.17001649e+00
  1.20194035e+00 1.04530993e+00 1.23045108e+00 2.11332978e+00
  1.26708241e+00 1.09845722e+00 1.61073669e+00 7.67694882e-01
  3.10363859e-01 2.86661232e-01 3.47343708e-01 3.75981966e-01
  2.99630080e+01 1.05007343e+00 2.64353448e+00]
 [1.41816113e+00 1.28017037e+00 9.20127206e-01 1.00091549e+00
  6.50156714e-01 6.83070496e-01 9.23527145e-01 1.00743287e+00
  1.58337384e+00 1.99455930e+00 4.88423284e-01 5.07040271e-01
  3.02742666e-01 3.49500450e-01 4.62507996e-01 4.50129361e-01
  3.84446736e-01 3.72281958e-31 3.10550520e-01 1.81816002e+00
  5.90957075e-01 6.69221222e-01 4.94505095e-01 4.97788444e-01
  7.37354425e-01 7.17891952e-01 1.17203797e+00 5.25890240e-01
  2.31167352e-01 2.34101647e-01 2.22949248e-01 1.89918572e-01
  1.24825934e+00 1.44680041e+00 6.25877333e-01]
 [8.50501773e-01 7.38533886e-01 6.09499165e-01 6.03563799e-01
  2.04148972e+00 6.76398059e-01 4.69873679e+00 7.39794753e-01
  2.07726749e+00 1.02197998e+00 2.91188504e-01 4.56230849e-01
  3.38581408e-01 3.09245375e-01 9.91179095e-01 4.06486511e-01
  2.73779088e-01 1.80575888e-30 3.39490297e-01 1.45949714e+00
  5.10994426e-01 4.20883456e-01 8.03541499e-01 4.63423867e-01
  5.22057696e-01 8.39136356e-01 8.41306543e-01 3.77407092e-01
  1.44611963e-01 2.27024104e-01 2.51520527e-01 1.98822765e-01
  4.71991146e-01 3.60302845e-01 1.46370673e+00]
 [3.28666769e+00 3.30467460e+00 3.02144613e+00 2.11442132e+00
  1.51441043e+00 1.63717518e+00 2.36033210e+00 1.82178062e+00
  4.38224651e+00 2.33995088e+00 8.64084444e-01 8.95777107e-01
  5.53037607e-01 5.34415113e-01 1.04508727e+00 7.73988676e-01
  5.89767380e-01 1.10079175e-30 4.55717061e-01 2.79042529e+00
  1.28454226e+00 1.10757562e+00 1.02907417e+00 8.53580305e-01
  1.56028867e+00 1.89356479e+00 3.06157823e+00 9.79282688e-01
  3.14394024e-01 3.05066229e-01 3.14474650e-01 3.20539014e-01
  6.47373430e-01 9.76268615e-01 1.49041527e+00]
 [2.43905665e+00 2.91714046e+00 2.25043123e+00 2.15954531e+00
  3.11625249e+00 3.46237920e+00 1.89664941e+00 2.20874769e+00
  2.75359895e+00 3.00651678e+00 1.08249185e+00 1.30186665e+00
  7.21025732e-01 7.07100039e-01 1.39201412e+00 1.26073902e+00
  9.78042909e-01 1.51106344e-30 7.62724540e-01 2.45713061e+00
  1.82355791e+00 1.36873833e+00 1.17706422e+00 1.64818096e+00
  1.68680937e+00 3.30068026e+00 2.57622726e+00 1.19168075e+00
  5.46999913e-01 8.94183557e-01 4.60455362e-01 4.15999254e-01
  3.12840887e+00 2.32919965e+00 4.52410693e+00]
 [3.36231153e+00 3.53060296e+00 2.61146814e+00 2.77540050e+00
  2.01441843e+00 1.88754685e+00 2.56471744e+00 2.29765491e+00
  6.59626789e+00 4.04951190e+00 1.74548794e+00 1.78421770e+00
  9.27634642e-01 7.84761670e-01 1.76356323e+00 1.19288806e+00
  9.89002684e-01 6.80235799e-30 9.13374835e-01 5.15149646e+00
  1.68786999e+00 1.75403359e+00 1.56738253e+00 1.38058247e+00
  2.38527650e+00 2.28667774e+00 3.02936383e+00 1.60482109e+00
  6.62686316e-01 6.10697729e-01 6.61997811e-01 3.57571539e-01
  7.76263197e-01 7.53519154e-01 6.32872155e+00]
 [3.33245649e+00 3.55875665e+00 2.81437259e+00 3.12573201e+00
  2.08700605e+00 2.41424627e+00 2.60922312e+00 3.15355560e+00
  4.12190980e+00 7.08005123e+00 1.78606302e+00 2.60101519e+00
  9.49850830e-01 1.43514144e+00 1.78147352e+00 1.91869535e+00
  1.45527644e+00 3.79375861e-30 1.14434435e+00 4.81062565e+00
  2.19717109e+00 2.32052216e+00 1.69623072e+00 2.22406392e+00
  2.47992764e+00 2.89642215e+00 2.95220841e+00 2.00452675e+00
  8.84108834e-01 1.10012944e+00 5.42422089e-01 7.23650330e-01
  1.26693002e+00 1.42194401e+00 9.40244977e+00]
 [1.73302446e+00 1.73420766e+00 1.37844904e+00 1.19369380e+00
  1.01580256e+00 1.14978591e+00 1.91560729e+00 1.89506909e+00
  3.02193100e+00 2.32648763e+00 5.53780695e-01 6.49006956e-01
  5.62378321e-01 3.91105384e-01 1.19290740e+00 8.56199425e-01
  4.36687480e-01 7.31952823e-30 4.99000665e-01 2.33824855e+00
  7.59333663e-01 7.09102961e-01 1.09471120e+00 8.74272342e-01
  1.03152368e+00 1.18287356e+00 1.78847225e+00 1.04380209e+00
  2.80873485e-01 2.70363955e-01 4.86761713e-01 2.44766133e-01
  9.22477370e-01 1.54556596e+00 9.66589372e+00]
 [2.97535559e+00 3.23099369e+00 3.37665036e+00 2.21252673e+00
  2.60897709e+00 1.49767203e+00 2.11165046e+00 2.00866578e+00
  2.03201470e+00 2.39880038e+00 4.32009435e+00 2.81395403e+00
  1.36002017e+00 8.54360795e-01 1.29801683e+00 1.07648722e+00
  1.15065235e+00 1.58652246e-29 6.20437579e-01 2.21569310e+00
  2.48286486e+00 3.99391629e+00 1.47609733e+00 1.58305365e+00
  2.87064300e+00 4.01580291e+00 2.26462335e+00 2.36897991e+00
  5.14954571e-01 1.06949148e+00 4.93491852e-01 4.22878065e-01
  1.98073788e+00 2.17074440e+00 3.27770957e+01]
 [1.41738540e+00 1.33670234e+00 1.25462013e+00 1.12472493e+00
  1.44660065e+00 9.87045205e-01 1.17184037e+00 2.14568741e+00
  7.84700713e+00 7.81616246e+00 4.46709869e-01 5.87426524e-01
  9.44465185e-01 4.95636180e-01 1.00138735e+00 1.00435799e+00
  3.29134295e-01 2.57219552e-30 5.98126987e-01 9.95952485e+00
  1.00931155e+00 7.42488682e-01 8.77858907e-01 8.34898713e-01
  8.13262806e-01 8.72741000e-01 1.07855714e+00 5.18591306e-01
  2.22153309e-01 2.42874075e-01 3.64610480e-01 2.80260505e-01
  8.93502858e-01 1.39126957e+00 7.22187392e-01]
 [3.28642792e+00 4.07305083e+00 2.62570506e+00 3.16786220e+00
  4.74715584e+00 8.12938252e+00 2.62090863e+00 4.17469484e+00
  4.38320009e+00 5.76241401e+00 1.27765204e+00 1.80211069e+00
  1.18750515e+00 1.66509437e+00 1.61820888e+00 2.29023407e+00
  8.46013057e-01 1.35617193e-29 1.09119367e+00 4.90284871e+00
  3.07618417e+00 2.31028059e+00 2.78694789e+00 5.73371538e+00
  1.86047369e+00 2.27115627e+00 2.81275377e+00 1.54280462e+00
  5.80185412e-01 6.76709420e-01 7.24666463e-01 7.87095229e-01
  1.32654301e+00 1.37343315e+00 3.10976660e+00]
 [7.04629619e-01 7.44013890e-01 1.12873399e+00 7.26503774e-01
  7.25079625e-01 6.88954919e-01 7.40268118e-01 1.40859773e+00
  1.78261762e+00 3.92198893e+00 4.96330452e-01 3.97459762e-01
  3.15314235e-01 3.14862200e-01 5.19152192e-01 7.36247096e-01
  3.05882291e-01 1.23058676e-30 3.94612466e-01 2.70932360e+00
  5.88910616e-01 6.01498485e-01 5.44156411e-01 6.01880429e-01
  6.35137628e-01 6.19865720e-01 6.75460245e-01 4.32512812e-01
  1.94290418e-01 2.14935897e-01 2.37984832e-01 2.17551843e-01
  3.27471803e-01 2.29761782e-01 2.70131856e-01]
 [5.23791327e+00 5.78787015e+00 1.97824738e+01 1.21446175e+01
  1.52855732e+01 7.81735474e+00 6.61911037e+00 1.25021841e+01
  6.79909084e+00 9.95331724e+00 2.48138202e+00 2.88983893e+00
  1.87804955e+00 1.58469681e+00 2.43745012e+00 2.36041986e+00
  1.37556032e+00 1.32155125e-29 1.14669929e+00 8.97150750e+00
  1.33436833e+01 5.64888361e+00 4.69384494e+00 7.24837573e+00
  3.17101339e+00 2.49370225e+00 3.82052385e+00 3.35941610e+00
  9.52016873e-01 1.04334984e+00 8.40389619e-01 6.86454583e-01
  3.49457017e+00 1.63131147e+00 9.18723744e+00]]