[[5.08038085e+00 6.06152077e+00 6.02041927e+00 6.45274449e+00
  8.46257909e+00 9.81729205e+00 9.87681251e+00 1.16754832e+01
  1.29746077e+01 1.03972588e+01 4.03381751e+00 3.75864375e+00
  3.19386119e+00 2.97536445e+00 6.60848168e+00 6.62896437e+00
  2.06246976e+00 2.14905013e-29 4.37550317e+00 1.07482886e+01
  5.17008482e+00 5.24442234e+00 7.08659570e+00 7.55736448e+00
  5.02403136e+00 5.29528909e+00 5.09578025e+00 2.96277918e+00
  1.28674392e+00 1.29438074e+00 2.27697552e+00 1.93019210e+00
  4.10486855e+00 2.89815215e+00 4.65596535e+00]
 [6.72438987e+00 7.05099390e+00 5.80296304e+00 6.13301063e+00
  7.21746170e+00 1.16963443e+01 4.02813891e+00 5.75683175e+00
  5.12584320e+00 5.20872346e+00 3.21990587e+00 2.85004686e+00
  1.34755236e+00 2.10591314e+00 2.54877554e+00 2.91410792e+00
  1.78588389e+00 5.74151110e-30 1.52957083e+00 5.03935830e+00
  3.61287383e+00 4.40453891e+00 3.84079288e+00 1.14839567e+01
  5.21281915e+00 5.21827881e+00 6.09937151e+00 4.88335831e+00
  1.22258827e+00 8.99055985e-01 9.34830687e-01 9.97991098e-01
  1.25955322e+01 8.80151055e+00 7.53909594e+00]
 [1.11536805e+01 1.11108746e+01 1.24109203e+01 1.19600235e+01
  1.84132535e+01 1.80225035e+01 2.17204956e+01 2.42471811e+01
  2.92951096e+01 2.66805802e+01 6.30175708e+00 5.58765480e+00
  5.36554211e+00 4.83811885e+00 1.41193849e+01 1.23930323e+01
  3.36167181e+00 3.38443707e-29 8.61824079e+00 2.41036047e+01
  8.29775056e+00 8.31756065e+00 1.30791735e+01 1.29513596e+01
  1.09990430e+01 9.11023541e+00 1.08942148e+01 7.05733073e+00
  2.69437614e+00 2.79653248e+00 5.29370274e+00 3.68957370e+00
  2.27456600e+00 3.76513868e+00 1.38678867e+00]
 [1.17626373e+01 1.21936798e+01 1.03912447e+01 1.15713858e+01
  1.62291530e+01 4.04273144e+01 1.30373574e+01 1.64903130e+01
  1.93189413e+01 1.82087184e+01 4.23164962e+00 9.65852009e+00
  2.09509481e+00 2.94455734e+00 6.39206006e+00 7.92605914e+00
  2.51232057e+00 9.22813733e-30 3.97833365e+00 1.57719707e+01
  5.62742533e+00 7.44014555e+00 8.43062797e+00 9.31657352e+00
  1.00234860e+01 7.76825189e+00 9.14411808e+00 5.40410732e+00
  1.40475082e+00 2.10551275e+00 1.77267944e+00 1.92269810e+00
  3.67874429e+00 3.90548176e+00 5.35961260e+00]
 [9.07451907e+00 8.91085911e+00 1.11628793e+01 9.41605155e+00
  2.45018625e+01 7.76903366e+01 1.56035847e+01 2.21644697e+01
  1.73572568e+01 1.59021480e+01 4.20095537e+00 4.81159902e+00
  3.65181522e+00 4.10425422e+00 8.67796088e+00 1.07696075e+01
  2.60388988e+00 3.60771257e-29 4.72171770e+00 1.43547404e+01
  5.93605941e+00 9.54218633e+00 1.01514025e+01 2.62784722e+01
  5.94394741e+00 5.86158557e+00 7.89892406e+00 4.22856037e+00
  1.69982968e+00 1.75523081e+00 2.87153311e+00 2.33367644e+00
  2.00719723e+00 1.53525660e+00 8.56379233e+00]
 [4.57557976e+00 3.97959833e+00 4.54143570e+00 3.44805282e+00
  3.32978895e+00 3.59159321e+00 3.91006720e+00 6.80838766e+00
  6.95995186e+00 7.48772567e+00 1.98870567e+00 1.95170084e+00
  1.26482520e+00 1.38401027e+00 2.48895507e+00 2.93495301e+00
  1.24390525e+00 1.83742325e-29 1.60355824e+00 6.36175808e+00
  3.13399670e+00 3.31045322e+00 2.33554004e+00 3.14759204e+00
  3.12943551e+00 2.73704247e+00 4.19526323e+00 2.04650821e+00
  1.00720790e+00 7.95428277e-01 9.12187595e-01 8.48830629e-01
  1.37277792e+00 7.82990913e-01 1.09668217e+00]
 [1.56942576e+01 1.46256534e+01 1.60819123e+01 1.52521801e+01
  1.56952273e+01 1.98491226e+01 2.10545832e+01 1.99981428e+01
  2.85084076e+01 2.73430476e+01 7.76188357e+00 8.73788284e+00
  7.25153688e+00 7.42887517e+00 1.32097977e+01 1.31731000e+01
  5.09400915e+00 4.11205526e-29 9.63064102e+00 2.66906148e+01
  1.18068879e+01 1.12651202e+01 1.31279070e+01 1.34639768e+01
  1.15742400e+01 1.14732086e+01 1.50899623e+01 8.48359653e+00
  4.48244437e+00 4.47092380e+00 5.36537236e+00 4.63950339e+00
  3.82766785e+00 5.33716912e+00 6.95372250e+00]
 [5.19025321e+00 4.47010829e+00 6.23281501e+00 4.76631741e+00
  6.80778170e+00 2.47637360e+01 9.78970404e+00 1.64977962e+01
  1.40196970e+01 1.58259256e+01 2.90149602e+00 2.68235688e+00
  2.85474379e+00 2.57654144e+00 6.73968107e+00 7.85278383e+00
  1.88340962e+00 3.29083705e-29 3.75310478e+00 1.32847845e+01
  3.87210339e+00 3.54820794e+00 5.11584119e+00 7.21405301e+00
  4.12548083e+00 3.67901668e+00 4.51340901e+00 2.88938781e+00
  1.22962360e+00 1.08477808e+00 2.11200848e+00 1.99751138e+00
  4.77789732e+01 1.42058109e+00 7.33600260e+00]
 [6.69823456e+00 6.14960204e+00 5.73051261e+00 6.27233572e+00
  6.01336152e+00 5.13023454e+00 8.30422107e+00 7.85051137e+00
  1.01279945e+01 1.10945897e+01 3.59824443e+00 3.83778616e+00
  2.39265533e+00 2.13574713e+00 4.62341154e+00 4.23324257e+00
  2.34884732e+00 1.73851351e-30 3.05674205e+00 1.04804859e+01
  4.22065789e+00 4.54127546e+00 4.82266635e+00 4.16031121e+00
  4.65958201e+00 4.48677979e+00 5.69000433e+00 3.51512235e+00
  1.55680553e+00 1.76987354e+00 1.88461955e+00 1.50428166e+00
  2.33011378e+00 2.83172883e+00 2.22314117e+00]
 [3.37818471e+00 3.17810375e+00 2.73105607e+00 2.96066306e+00
  4.31546082e+00 3.60716688e+00 7.93354483e+00 4.50342584e+00
  7.35437508e+00 6.31579470e+00 1.54152464e+00 2.21234594e+00
  1.45235190e+00 1.37085901e+00 3.70811129e+00 3.02085260e+00
  1.13329843e+00 1.22038283e-29 2.26763958e+00 6.57312836e+00
  2.23581245e+00 2.01121368e+00 3.36743957e+00 2.57886931e+00
  2.72075908e+00 7.98105036e+00 3.40129493e+00 2.20057023e+00
  8.20737435e-01 1.02670892e+00 1.25739362e+00 1.12297615e+00
  1.06696266e+00 2.12042382e+00 8.56482543e+00]
 [8.59198557e+00 9.05159668e+00 9.80968565e+00 8.62911083e+00
  9.48272812e+00 8.51427160e+00 1.55576437e+01 1.27616358e+01
  2.32470650e+01 1.54755250e+01 4.26225625e+00 4.81555013e+00
  5.38268901e+00 4.00337708e+00 8.84951778e+00 8.18375612e+00
  2.93050062e+00 7.42830976e-30 4.73579775e+00 1.59927123e+01
  6.27070392e+00 5.87487031e+00 8.04387650e+00 7.49833862e+00
  5.89099609e+00 6.76195241e+00 8.50269345e+00 4.26223720e+00
  1.92589480e+00 1.78720519e+00 3.02737009e+00 2.88103064e+00
  1.97732587e+00 2.52139682e+00 6.68289749e+00]
 [1.05070201e+01 1.15728823e+01 1.12655899e+01 1.12596880e+01
  1.25865203e+01 1.29271038e+01 1.86556425e+01 1.96300451e+01
  3.55071541e+01 3.68830973e+01 5.73686554e+00 6.14223190e+00
  4.50966897e+00 4.35499363e+00 1.23987864e+01 1.14626169e+01
  4.39021292e+00 1.05522850e-29 7.34905460e+00 3.00151842e+01
  8.67253483e+00 7.68790473e+00 9.65374037e+00 1.03092075e+01
  7.82693023e+00 9.79590915e+00 1.13313366e+01 6.45508166e+00
  2.73821776e+00 3.27984601e+00 3.74648781e+00 3.15140760e+00
  4.82879051e+00 2.58813382e+00 9.56814239e+00]
 [1.80980283e+01 1.93710890e+01 1.64285073e+01 2.03220099e+01
  1.36957869e+01 1.40039520e+01 1.79046988e+01 1.74566402e+01
  2.29322785e+01 1.82342653e+01 1.02563732e+01 1.14144328e+01
  5.78757930e+00 5.18548907e+00 1.07125995e+01 8.77900170e+00
  6.09525642e+00 3.99170541e-29 5.99155085e+00 1.87130834e+01
  1.05216165e+01 1.28986837e+01 1.08721876e+01 1.07072112e+01
  1.43059778e+01 1.46528631e+01 1.61951897e+01 9.72449968e+00
  3.66135943e+00 3.61541477e+00 4.17464344e+00 2.63786752e+00
  4.54050807e+00 5.87933714e+00 2.09886950e+01]
 [1.58903195e+01 1.67974720e+01 1.75722652e+01 1.87068063e+01
  1.95586085e+01 2.13261613e+01 2.90898176e+01 3.07281867e+01
  3.47797793e+01 4.15154829e+01 9.56718617e+00 1.24202675e+01
  7.04362752e+00 7.61907530e+00 1.74989716e+01 1.64609032e+01
  7.28043084e+00 2.48916180e-29 1.07421863e+01 3.19659232e+01
  1.20506352e+01 1.42228775e+01 1.64486600e+01 1.71060858e+01
  1.25460636e+01 1.39489435e+01 1.46330545e+01 1.00103500e+01
  4.45257873e+00 5.11268189e+00 5.80983657e+00 5.09629639e+00
  4.95977609e+00 5.82470328e+00 3.12360121e+01]
 [8.43884253e+00 9.48660576e+00 8.54970524e+00 7.95169523e+00
  1.04735350e+01 8.46225686e+00 2.07020859e+01 1.88949271e+01
  2.75391383e+01 2.48412769e+01 4.09490023e+00 4.72403039e+00
  5.06729119e+00 3.37447925e+00 1.43885167e+01 1.01978546e+01
  3.38525290e+00 8.01127048e-29 5.70888022e+00 2.23047957e+01
  5.91418092e+00 5.37064821e+00 1.22863515e+01 8.18799403e+00
  6.24776357e+00 7.30754812e+00 8.77167989e+00 6.04231347e+00
  2.14045450e+00 2.10243365e+00 5.07136533e+00 2.50116909e+00
  3.36582898e+00 4.55096032e+00 3.33986408e+01]
 [7.20046746e+00 7.96658581e+00 9.61258980e+00 5.51382861e+00
  8.44566880e+00 3.97288250e+00 6.62563510e+00 5.78160998e+00
  6.60421156e+00 6.76615611e+00 1.32211026e+01 7.26869661e+00
  4.22715111e+00 1.90222095e+00 3.82671741e+00 2.90173646e+00
  2.43692906e+00 4.30791832e-29 1.71482900e+00 6.53094527e+00
  7.66811517e+00 9.91645541e+00 4.47382071e+00 4.46776693e+00
  7.39959344e+00 9.74399399e+00 4.62718554e+00 5.52075045e+00
  9.71920009e-01 2.90648382e+00 1.23928055e+00 9.91285663e-01
  5.92406258e+00 7.27230604e+00 8.65308890e+01]
 [7.79896863e+00 7.11557554e+00 7.07611381e+00 6.98596072e+00
  7.08553227e+00 7.46857641e+00 8.37641936e+00 1.00413213e+01
  1.60735104e+01 1.77514582e+01 2.76646045e+00 3.83035996e+00
  3.03149212e+00 3.26256412e+00 6.55116249e+00 6.09507369e+00
  1.67745373e+00 6.73776645e-30 3.62984543e+00 1.90499998e+01
  4.83472412e+00 4.94514368e+00 6.06636782e+00 6.53963134e+00
  4.65402796e+00 5.00755906e+00 6.28308003e+00 2.81079739e+00
  1.33925556e+00 1.64011567e+00 2.44342325e+00 1.90610440e+00
  2.30845263e+00 2.60481547e+00 1.89562460e+00]
 [1.44351967e+01 1.51166871e+01 1.36411485e+01 1.43299813e+01
  1.48022262e+01 1.99538164e+01 2.10460403e+01 3.01548087e+01
  3.43847878e+01 3.72479774e+01 7.19533605e+00 1.04411831e+01
  5.80266014e+00 6.99417840e+00 1.62041338e+01 1.70790982e+01
  5.07032524e+00 8.47903501e-29 1.17854328e+01 3.19478004e+01
  9.79401695e+00 1.04477030e+01 1.38898920e+01 1.75503339e+01
  9.80770618e+00 1.17326182e+01 1.26375770e+01 8.49125711e+00
  3.51382940e+00 3.75203653e+00 6.93997180e+00 6.09656684e+00
  3.92732474e+00 4.50201916e+00 6.77753972e+00]
 [6.41547151e+00 6.59996042e+00 6.16547361e+00 6.31631959e+00
  6.90559916e+00 7.04798244e+00 7.64592465e+00 8.41468998e+00
  9.04701076e+00 1.10698812e+01 3.52393228e+00 3.61234201e+00
  2.95000727e+00 2.88776513e+00 5.26188796e+00 5.53704351e+00
  2.52850573e+00 3.87165951e-30 3.13878267e+00 9.67869583e+00
  4.53711807e+00 4.87930916e+00 5.94126606e+00 6.10667579e+00
  4.86642300e+00 5.21339673e+00 6.20990330e+00 4.10620008e+00
  1.49195113e+00 1.55110266e+00 2.24457470e+00 1.75511090e+00
  1.20966359e+00 1.06944399e+00 8.45432304e-01]
 [1.12954363e+01 1.18446747e+01 3.84672946e+01 2.61176335e+01
  3.62346346e+01 2.00003912e+01 3.03566758e+01 4.05717503e+01
  2.81536770e+01 4.12913758e+01 4.56114366e+00 5.76057593e+00
  5.04345510e+00 4.60547262e+00 1.33284669e+01 1.14791022e+01
  3.24901867e+00 3.71040417e-29 6.08658823e+00 3.07233746e+01
  1.94096853e+01 1.32463738e+01 1.73486384e+01 1.48427806e+01
  6.74504531e+00 5.52642512e+00 8.17426022e+00 7.57621069e+00
  1.97465961e+00 2.51443676e+00 3.77556832e+00 2.62842950e+00
  6.13207666e+00 3.14396785e+00 4.66703949e+01]]