[[73.59528649 78.38483903 82.34479026 73.88191055 48.07474311 44.86257759
  30.41474818 27.42789805 25.96081962 26.38998145 63.8517903  68.95021475
  46.42474334 44.77995139 28.21998399 29.48378867 66.77302976 92.54920431
  34.85913775 27.29897724 75.19702135 57.84230861 36.53071383 33.07177398
  78.90415528 82.09666909 75.69690075 71.33514999 55.85543173 65.84765631
  34.07122359 36.06643081 93.74766672 94.91129961 73.2484247 ]
 [92.61049146 93.64300151 87.50569117 92.91572913 76.3284028  62.52914379
  69.88205945 85.33987381 68.77208012 72.39553774 87.43083893 88.42783843
  52.30753232 56.54372839 64.86348929 67.06437152 83.89893185 83.5142545
  73.88313514 74.58232462 88.74008313 86.66197448 58.79287092 50.01184921
  92.50152536 90.62811925 92.64967577 92.38649826 70.67991601 77.29854294
  68.0956989  67.45923112 96.15417395 95.79418928 74.98660747]
 [61.0299637  67.29453184 57.97996588 65.45317697 32.52608745 31.19983798
  19.88211997 54.84200065 13.53428533 13.88400635 47.28945052 48.96489655
  27.26195093 23.57099563 17.25991315 18.63461894 52.03263651 28.6673839
  21.4914494  15.28501301 40.0853954  45.03852135 21.2104222  19.94688397
  51.02768996 69.7049479  60.61054409 58.13123966 36.91295793 39.8091615
  20.30100514 23.8264872  94.35908024 81.67728052 46.52969553]
 [52.46815333 56.28199391 61.14029711 59.84157793 26.90360218 19.37787949
  21.85870535 18.41202637 18.17239971 16.43308051 34.45686729 55.34589426
  34.79683327 35.58961909 23.77022565 19.29836782 34.15293374 35.75301275
  22.55914204 17.15166309 34.87654202 43.36705238 25.38965788 22.80357397
  50.03381576 53.1926855  46.82194333 41.95621048 28.31423261 39.21312709
  31.1806016  24.84364992 82.04914254 86.2185261  78.47795816]
 [70.66781674 75.30268466 82.03079889 85.71664047 40.20128835 18.7360367
  26.83953284 17.57810207 17.68627343 18.34259986 61.86417834 69.63292549
  55.19215507 45.86231331 23.44819938 19.64309667 43.61941111 65.45051824
  24.36446421 19.79673139 69.74813934 64.21803352 36.21258375 17.69176824
  72.1739715  74.31169159 62.39622324 49.81467297 53.00053363 54.93051046
  26.67580181 24.34421016 88.78813135 94.31234476 73.16417208]
 [85.79957093 88.49601692 79.39848607 67.58562073 59.64023617 39.7882652
  44.40293434 31.40374265 39.58630296 39.34643025 69.86836903 57.00241958
  43.70259191 31.52999241 43.28689261 40.13452689 67.70809166 60.17812768
  50.24607411 42.28139805 63.13095305 39.31643216 49.90479094 31.76118339
  87.40890111 86.4903706  85.64145588 78.66565098 58.96869872 49.5745782
  43.12273092 46.31546298 95.52233297 93.87196752 45.85129447]
 [77.1503184  79.66436369 88.96198224 92.62139096 58.03645272 63.92536931
  31.77709183 31.51742658 23.62237947 21.82292984 70.99106235 78.03311701
  58.09675904 64.74912602 26.66422369 28.85030354 48.76248002 72.50602481
  20.60209498 21.05302139 84.56533468 82.16805748 42.01506275 55.90755896
  78.83105868 82.12126709 72.84123849 62.40168653 59.48969772 54.24659387
  30.98794358 31.59299689 96.62178381 94.36347951 84.80917842]
 [60.02785301 58.28018827 61.715258   62.26115152 42.04897575 24.70075591
  20.21341394 20.11617121 17.08621033 20.52398993 44.44397774 46.86191017
  44.39976457 35.93791783 22.9080492  23.79498319 42.73982735 36.60728162
  29.70012025 19.33333211 44.82716892 46.57215747 27.78685187 26.00042669
  56.14023247 56.0600933  55.50755611 49.62181676 49.19968833 46.97004615
  28.55799238 34.83542898 57.0411977  81.3491478  72.52007755]
 [70.78371133 72.32330001 55.51292805 63.20237713 42.19443445 37.13528962
  25.71050952 22.68954869 17.87086244 24.16374135 53.44104948 55.32542822
  45.21974898 39.86073247 31.91899942 25.91166727 57.96449079 81.44867039
  31.87983784 20.85123522 47.94148608 56.76494997 38.96485318 30.05381652
  54.90267658 58.67942827 68.89989062 57.74906603 53.1321419  52.67795175
  41.26925099 32.73830307 92.64379686 83.84863249 75.46656949]
 [95.01267065 94.52720234 91.26401733 95.0256551  72.67806713 77.65756089
  55.27187967 87.87953793 52.80661349 81.0954071  88.82309797 98.38273469
  72.52313483 77.08127863 51.63895098 60.44674909 81.11821653 90.50886205
  64.65583181 84.16463729 93.67813814 95.59946334 83.64707324 87.96808032
  86.94528325 95.30411685 91.64674194 83.31546442 74.69392178 90.26986178
  53.13470908 55.45596036 97.57107795 96.0402996  77.59079249]
 [52.40167231 52.10579371 52.68696993 51.16120642 42.5123966  33.02841921
  18.17529634 14.80354676 11.22040164 13.44072429 50.86886757 56.34562663
  30.57064009 36.03932031 19.65302954 17.15725669 57.15054955 16.88156315
  23.24124848 13.68298435 48.44549308 44.70600058 27.45944272 25.21852292
  53.14606712 52.55257184 52.33256767 56.59586013 49.51825272 50.27955871
  24.98406202 35.42598874 84.02164549 79.86742419 62.13054895]
 [46.91096847 48.69682233 47.34303904 50.393954   35.69087841 36.04498593
  17.45511547 17.40535857 11.40305723 12.15013698 45.37705025 45.13118031
  52.19176759 32.08125861 24.61092429 16.35885615 52.86910024 33.72621795
  13.68847243 11.69893819 39.71540052 40.57332876 27.43076899 39.16334548
  41.87469302 42.49097411 48.30220293 43.19649339 40.8026239  63.57675786
  26.1599474  27.08684358 79.30460319 72.42108893 58.36621733]
 [64.86351583 66.6864924  64.64279683 67.93544614 41.69726856 39.80102602
  14.43158903 22.30832732 14.06881612 17.53869072 43.71258784 41.14385072
  33.49187986 39.3271086  17.15769945 22.83415926 34.6399977  56.03616988
  27.88965352 19.35381083 46.03947036 49.57030234 32.48331206 29.2548563
  57.81269231 53.0842448  59.73789766 43.35314928 51.6995065  33.18356583
  26.79925563 26.54483839 93.44468734 95.66234157 77.95286053]
 [50.147827   53.846959   35.93773293 44.95526869 26.3501634  25.96713052
  19.03897926 18.36898503 18.41520316 16.55321832 44.50639538 52.49401926
  19.59594634 27.02880752 18.43027444 16.31847076 54.34686858 63.88908824
  20.26646051 18.35962865 29.05938809 34.63646147 18.78982814 19.92462609
  51.68443299 55.7974016  52.56790079 56.81008446 42.14682174 49.9904667
  23.39126138 18.69820232 82.70877416 75.6816861  57.47071331]
 [43.52353645 58.96238105 43.27552456 46.76055458 27.45142417 33.13226425
  22.53891723 29.79095657 17.24672794 17.40688146 29.14641943 34.40231083
  20.15760673 27.46721807 18.91398711 22.08147452 28.66547422 23.79144496
  17.68910319 16.71214498 35.43074227 35.42053281 20.83844488 29.01029304
  42.18026983 53.31550149 50.82392795 51.49585154 30.79714238 28.85057948
  17.00673633 21.03385222 81.92885208 79.80200636 80.29337941]
 [88.29275371 84.39736763 75.16635507 81.18301628 76.53529145 62.5274837
  63.27516061 61.72411733 51.00992579 56.59476697 78.22328895 79.84910784
  85.55015881 64.84102428 57.88885564 48.04434418 74.7022603  76.4835945
  59.57972374 52.25913631 72.72745077 79.57228716 61.87601538 69.1194186
  81.59796015 80.71305884 88.19713986 86.59965684 62.58554292 75.23211167
  52.03337908 52.87308717 87.2066245  93.61496075 70.20619554]
 [65.69953626 63.02817181 66.31247381 65.09763016 49.17728547 50.09781063
  52.22270638 46.60474231 39.34522983 37.81405918 49.55189025 58.01592686
  46.33439797 48.16599527 43.92590682 39.91765253 59.30122935 69.97894124
  42.50087397 37.47859571 49.87968981 55.24517827 45.59279914 42.9073062
  61.24148294 66.06951888 60.35388583 62.56052526 55.04404747 51.93886857
  39.21052274 41.01804116 85.49303236 80.95843397 72.93310362]
 [74.43322144 60.77080318 74.50598247 77.76502188 37.24387775 36.12390734
  18.56918626 18.74177303 19.95146258 18.85296717 53.19068545 53.39506424
  29.77661543 29.48822378 21.44484364 20.31118211 40.03588284 46.22914887
  35.96525295 20.69433521 50.2815487  52.16599395 21.75513512 24.5850331
  66.95096259 53.56361907 61.99024016 48.42444006 44.75449903 35.52553632
  26.50529985 22.8429853  87.25772639 96.60366474 65.24277959]
 [59.0168523  58.34535609 55.31769718 56.05545964 33.87774173 36.46601927
  29.85453258 29.00753372 35.00991004 32.77058747 51.45178952 56.74113331
  31.93560952 29.94729189 29.03307423 27.2821514  47.23327421 40.51039093
  31.68227371 34.56703975 43.85698554 44.6218574  26.33690557 32.93169974
  56.9324111  55.87463575 59.09524359 54.16838156 45.994859   42.90348238
  29.59521634 28.91044613 80.36165459 72.14827979 65.9250112 ]
 [87.68732043 89.39478727 96.9615575  93.06676892 93.14480466 80.3734938
  47.08963664 67.69271959 46.02030542 47.20210692 77.97117019 71.17157366
  53.30617817 65.44428283 49.03794955 68.3735701  73.16582019 95.04436185
  42.58017468 50.45224621 91.47069592 77.46258416 78.93685185 43.28346319
  84.31795903 89.44267725 78.77788385 91.32081346 55.39887934 92.43070123
  52.85505543 68.34342751 99.05589691 98.95056249 74.29835659]]