[[ 3.30194664  3.08403106  2.32145129  3.34028083  6.50084332  6.00782073
   4.44464637  3.54331662  3.86385026  4.00570973  6.26274963  4.69357678
   7.91784417  8.5228212   5.77849022  6.10929622  4.33080657  1.49164261
   7.57876152  4.01575311  3.55691067  5.494763    6.48581788  6.03295913
   3.33938938  2.57573157  3.1059093   3.60167612  6.16405642  5.62903609
   8.01703312  9.06645004  1.37873811  0.91295689  5.58417208]
 [ 1.16551293  0.96844376  2.11093637  1.32255095  4.7594383  10.37197676
   3.97615409  2.0729725   3.63806387  3.78974456  2.25494132  1.93528388
   3.93125234  6.89741254  4.79294622  5.05554901  2.26504309  2.21136288
   3.80163298  3.47661562  1.81889957  2.59431967  6.17424838 14.87364613
   1.31567621  1.52730089  1.10970463  1.25966615  4.3464103   3.50488993
   3.60146753  4.63148762  1.33598772  1.07988862  8.20812644]
 [10.75594719  9.38568321 11.29697125  9.61130979 20.35197339 20.46181831
  18.43873983  9.30110341 13.89098698 14.24798381 15.39139338 15.47359882
  20.95437068 21.67424227 19.27527138 18.85388783 12.45305158 12.95732971
  18.2024435  15.52068017 16.82820991 16.77763845 19.74361566 19.6401548
  14.75167516  8.38161757 11.14845565 11.67089167 20.85050913 19.69417468
  19.73127792 20.03465181  1.35240513  5.50386242 19.5504121 ]
 [ 9.99601307  9.23887307  7.47019055  8.51064774 18.61482173 29.13876243
  13.54696791 11.94520126 12.64124047 11.58582231 12.08927169 12.68563351
  12.87545898 11.86083127 13.89749475 11.37249122  9.8994284  10.73812152
  11.63332998 12.29533272 12.56359629 12.58638984 16.19389372 13.98440495
  11.12666824  9.35084507  9.81698366  9.51152494 10.86507204 13.83044804
  12.94144956 11.54844535  4.54026909  3.25108981  8.14422273]
 [ 6.69109272  5.82336099  3.89366156  3.20151971 19.63030485 30.59058016
  17.6212551  16.65503552 16.62353034 14.77342279  9.25826683  8.15325919
  12.60944588 17.03702889 18.51922568 18.28335637 12.3441303   6.56750516
  16.8607201  15.20333046  7.28698982 10.20559968 17.60420401 26.56607351
   6.24784596  6.12296713  8.7752341  10.85298444 12.20473192 12.99448339
  18.40251915 19.82402706  2.50654281  1.17925471  7.48868761]
 [ 2.84327077  2.12673245  4.29088258  6.56332564  6.5752392   9.77185726
   7.47576263  9.45992882  8.7213976  10.68322633  6.16602824  9.71129351
   7.34759662  9.96453999  7.93097103  8.90133984  5.92664757  7.10643309
   7.9257008   9.38818472  7.44120457 13.21402964  7.19767539  9.43164917
   2.54710452  2.88388973  2.78640658  4.00308655  8.75783453 11.55178744
   8.11949033  9.11398057  0.58040284  0.6455672  12.75259974]
 [ 5.91221988  5.3405274   2.61392138  1.81017315  8.08276842  8.55339461
   8.85413657  8.27461445  8.48979124  8.09818771  6.84925337  5.58955001
  10.1714057   9.79205616  9.85023774 10.0376896   9.67884689  4.59516607
   7.824423    9.16955467  3.14056457  4.57749994  9.53393697  8.29070622
   5.23311479  4.55301584  7.07068933  8.24590827  9.33572209 12.0002569
  10.37584449 11.42964691  0.59538528  0.89881807  4.32481296]
 [ 4.72597768  4.63611987  5.20049214  4.48416249  8.12518352 20.68440386
   6.26168197  7.28480219  6.50430022  8.87303581  6.75800683  6.29222506
   8.08412306  9.35407346  6.11509494  6.84435187  5.71822614  5.88367173
   6.12621563  8.06414316  7.05324367  7.04286025  7.42822075  8.78798578
   5.15283519  5.04019726  4.93294106  4.96840158  6.0899229   7.1727145
   6.94874473  6.38617037 16.005162    3.34760519  5.73081592]
 [ 5.65185098  5.23441535  6.8472865   7.25687855  7.37639098  7.3442326
   6.08083977  3.92296853  4.99387738  5.4510847   9.16735227 11.05817856
   9.50270181 11.21628082  8.73705857  6.86200319  7.9245371   3.60672499
   9.04347354  5.69650433  8.32006003  9.32826318  7.91140397  7.16985696
   8.70223357  8.6775414   5.88453271  7.75350365  9.44279442 13.43555788
  10.95116978  9.11900946  1.25717672  2.80036053  5.62941596]
 [ 1.15094443  1.18352725  2.03229913  1.04414268  6.60542325  4.44526449
   7.91285176  1.28552495  5.06851887  1.83355829  2.71310763  0.27021351
   6.93601021  4.62724798  6.07777807  4.00569971  3.53234856  1.35090678
   3.6948158   1.82266079  1.56839073  0.92412502  2.88032493  1.73083105
   3.1763563   1.36177027  1.85284478  3.55617009  6.04108821  2.78775569
   7.48076058  6.65782553  0.68030602  1.197003    7.13723102]
 [ 8.3508114   8.82763751  6.84639648  7.66085418  5.65087164  8.26984729
   5.08473192  6.05143629  6.66728821  6.46889979  9.8238005  10.17698581
  15.05074213 16.33982547  8.40580751  8.86841187  9.21550797  6.98998942
  10.22400998  7.00001359  7.52890392  9.54294514  7.72222202  9.78328486
   8.66149239  8.4711434   8.75747855  8.22459375 11.19725639 12.11450984
  12.27937704 13.00433657  2.39201344  3.12266399 10.68711446]
 [ 7.9152775   7.87988115  7.67773759  6.95375051  9.64061271  9.48134577
   8.9079979   9.77430288  7.24056793  7.18725363  8.25707853  8.02615514
   9.79808342 12.80295686  9.44286541 10.40042537  6.42969282  8.64163098
   7.40292788  7.16312778  9.30194958  8.3858675  10.66080458  8.82281447
   8.61156392  9.71774607  7.76512274  7.98285129  8.82117329  5.80255432
  11.59713716 10.8255381   5.80167536  5.52019206 11.70283462]
 [16.55049594 15.58190405 15.15158921 16.29296398 19.64354199 25.13027854
  19.14394951 25.65390454 19.39732598 24.88295026 28.79128467 31.45161819
  26.54704799 27.98431403 21.31987506 27.61807522 31.4184973  15.93989855
  25.18600227 23.59311331 23.36023148 26.02027761 19.81735215 27.7059456
  20.48446557 24.12421599 18.45942494 27.21621404 22.93590425 33.52911939
  23.79117769 29.62847652  2.83627157  2.19005123  7.1063896 ]
 [ 4.18896217  3.90350109  6.33889578  5.66146944  7.92407518  8.05854568
   7.17650535  6.95119954  8.1336823   8.85558517  5.47054194  5.14580514
  10.45248069  9.47769963  7.16804476  8.36237991  3.98338765  3.50282431
   7.66342008  8.50816643  7.55871147  7.47382335  8.27293086  8.52761082
   4.56096426  4.2421808   3.73796416  3.55943419  6.68344026  5.87279885
   7.48748449  8.53664388  1.96381237  3.69520123  9.69822611]
 [ 7.63566763  5.94076919  8.06206226  7.38274291  9.48068868 10.07586442
   7.60001686  6.59592551  7.38872807  6.84963599 10.1982986   9.19727318
  11.37686397 13.17761848  8.72047433  6.81159315  8.90388472  7.07567659
   7.05039393  7.43147408  9.09748785  9.77548078  9.64398592  9.02459993
   7.77654179  6.26338777  6.56668662  6.29533065 10.14612731 10.42669951
   9.18007401  8.16935703  3.96507461  4.33437411  4.57359213]
 [ 2.37855646  2.96918013  4.81955535  3.34164206  4.35471697  5.25657054
   5.54981312  4.72332489  6.19508934  5.6527767   5.15962935  4.48447439
   2.38050347  6.62796682  7.01853585  7.69448606  5.17279832  6.09200891
   6.60489115  6.3783669   5.94188323  4.16020869  6.39889732  5.26951333
   3.88669047  3.8072154   2.07618042  2.6288254   8.01180552  6.63672588
   8.74614359  8.00868549  3.33234851  1.74200494  8.17765821]
 [ 8.57711954  9.01730889  8.58212084  8.67319144 12.14172039 11.86830302
  10.52103919 12.3543502  15.72623164 18.19384355 12.61110112 13.00363769
  12.81515583 12.96450962 12.22771348 14.82193871 10.07253045  8.92128519
  14.94392936 18.14061044 12.41041366 11.95592757 12.24094482 13.20287654
   9.63155211  9.19723554  9.63845544  8.86152404 11.69673232 16.9947751
  13.99392869 14.66269523  4.13187162  5.5071388   8.52724953]
 [ 3.77593006  6.29764756  3.31500342  3.38192934  7.62816582  9.10277789
   9.23645847  9.26100115 11.45124913 11.48151881  7.64078794  9.09576983
  10.41401284 10.40150114 11.35222917 11.70217309  9.71482471  6.58644988
   9.06353994 12.28991834  7.04872558  7.02495052 10.35910368 10.4383326
   4.93353203  8.12502064  5.71968653  8.05880097 10.51308292 12.77918057
  11.27124031 12.15018341  2.61168602  0.73766953  9.67386398]
 [ 6.44495057  6.5310196   6.10213186  7.04595482  5.393689    6.12768838
   5.26734361  6.0738101   6.58629694  8.39036442  8.14582188  7.44670111
   8.87444855 11.1397278   7.07499791  7.69354822  7.80374057  7.55425134
   7.55418843  7.55964709  6.81718318  8.91999487  5.83546509  6.23351635
   6.96490748  7.26576406  6.39713266  6.99320132  9.62187765 10.19509411
   8.29080898  8.55908038  2.73409535  3.62821899  7.74912507]
 [ 2.55145878  2.2849877   0.69620684  1.62119391  1.58575338  4.40065628
   7.44633636  5.58375647  5.85101175  7.51730675  4.62355591  6.18550158
   8.40459567  6.99230052  5.65919673  3.88085552  4.98330023  1.16413888
   5.14649863  6.88009979  2.28069722  5.27156723  3.55977065 10.97571861
   3.11186837  2.08994406  4.1068288   1.78865894  9.32487466  1.64200947
   5.62684672  4.38950219  0.18836535  0.25797737 10.80995767]]