[[10.84348064  8.85152554  8.8555594  13.9140309  31.6159422  37.0479529
  52.26535618 59.53080629 58.19506608 56.54260867 14.57063341 13.29156685
  31.95221796 32.57608808 52.76897295 51.86083819 10.98395368  2.59773147
  41.57762792 55.34121973 13.04296723 24.36040904 43.61319505 49.39816226
   8.25276439  7.61234634 10.09211626 10.87042901 16.57030946 12.19328143
  43.03777533 40.13731672  2.43012176  2.2255958  11.71981171]
 [ 1.36191022  1.12843154  2.34348708  1.30840609  4.93885263  5.73579218
  11.11519936  5.31096218 16.35027049 12.06111683  2.55396945  2.37663099
  26.07094256 12.97418206 14.73082144  9.71847336  2.9705162   4.48512466
   8.11246379 11.31503634  2.44968491  2.59033456 14.84989046  8.24408134
   1.54371781  1.75902037  1.36112123  1.50182126  5.94408251  5.21046052
  14.28193494  8.22159226  0.33478833  0.42137993  5.84489094]
 [16.46934814 14.19688801 18.30765546 16.88514026 29.12083999 34.32381229
  47.98106475 30.12881315 64.69005006 64.92410416 22.83443851 24.98745884
  39.3113143  43.52151277 53.58138376 53.91124959 24.09026569 49.89163591
  51.63833582 60.72318993 28.25237741 27.46334371 46.17483018 50.19851866
  18.45092048 14.18672361 16.83313901 18.13980017 28.80712637 28.67305327
  51.55225827 46.2939437   1.63940034  5.74059322 14.27846517]
 [19.06895326 17.28807507 17.91473704 18.47759462 32.47093674 26.96666804
  51.9053061  58.36911555 58.3842193  60.90000518 31.21408646 15.43143565
  36.05981132 38.42672932 49.2337436  56.21434363 31.64240636 40.16768035
  49.96759141 58.24489436 32.85912132 27.9293608  40.66473945 48.69185936
  19.71575597 20.383188   22.89670792 25.59527875 38.7870422  28.45428435
  41.0314625  47.59122399  4.71756067  4.10853659  5.42727164]
 [ 9.50979051  8.24393436  5.79514625  5.13222634 14.79985344 13.71355508
  39.4055854  51.99859261 50.46573055 53.33725673 12.84135302 10.527997
  18.88361806 20.11075683 42.72251542 46.95466418 21.3450603  19.97065368
  41.49982932 49.64522327 10.39776733 11.18823398 27.54705947 24.83201789
   9.81308654  9.1074926  12.75053243 18.10750532 16.05106107 16.02567406
  40.55142239 36.73782306  3.11950858  1.75444669  9.75480064]
 [ 3.90173624  3.24529558  6.70233394 11.86841428 16.27738232 30.35124039
  29.83513787 46.07117533 38.50733177 34.25934302 10.98268751 15.29058824
  33.83606817 44.02746305 34.52072013 37.26017297 12.45350989 15.52048941
  28.39074445 33.35134585 13.24912093 24.90487754 24.89187862 43.31989491
   4.05548632  4.56947609  4.11709499  7.62407075 16.22004595 19.65476939
  34.61526666 29.67171385  0.6327846   1.0088578  24.81938809]
 [ 8.75250018  7.25980809  4.74093329  2.81620097 22.23303249 16.03202535
  45.03560917 45.59894336 55.87199862 58.55193296 11.98776736  7.46869164
  19.91461212 13.86396007 48.92885063 47.68359056 18.5628502  15.5109157
  54.10899381 57.71621223  6.09222022  6.77924693 34.17793955 23.94374686
   8.62793394  6.2532809  10.09528925 13.75406502 15.79320989 15.90354644
  44.24406616 42.82205381  0.89867904  1.56099239  5.24196917]
 [14.51064238 15.52420746 13.22340279 12.95050713 22.55986494 18.56836685
  45.73762497 50.22338521 54.58839635 47.3005991  20.74904199 19.22893747
  25.64750899 29.47476675 49.73759508 49.32915871 22.82900376 31.33764557
  45.49221075 49.3763596  19.67604095 18.26815156 39.63175444 38.01024945
  16.52474284 15.8261196  16.48240804 19.39018675 20.54208501 19.19989333
  45.97000868 40.32397936  7.91540921  5.61053047  8.92360378]
 [14.58780178 13.66950234 25.61867092 18.22819936 39.26517249 43.80543572
  59.32304183 65.36225301 70.85505451 63.44001878 25.17312138 20.1758938
  33.09225638 35.66396502 49.68948956 58.76817736 21.69460269  8.6522784
  49.7201452  66.20801804 30.120483   21.71840587 42.27960395 52.92142971
  23.68535811 19.95325565 16.12829485 22.44562946 24.78771177 20.13954015
  36.19286499 48.08201809  3.27621     7.34760088 11.46096878]
 [ 1.45169579  1.53318149  2.43827533  1.39334576  8.64254174  7.87985889
  23.90331303  7.47673767 33.54747206 13.42827686  3.2947129   0.35283204
   9.23854352  7.80710727 32.72700518 26.76638032  6.38523533  5.55691913
  24.64916986 10.77559667  1.70155605  1.20922558  8.07948732  5.88726458
   3.96653511  1.40336973  2.42782931  5.25553081  8.20288509  2.96237815
  26.93544871 26.34568776  0.67118497  1.16008678  6.95902467]
 [23.95403464 23.13952052 26.50778739 25.55593767 40.30511017 43.23281527
  68.5110246  69.55104841 75.57482087 72.05792562 24.03761843 19.24602414
  42.70114598 31.3765933  64.050805   65.85505585 19.12359783 67.45604167
  58.20080067 71.33601677 30.39316916 29.04485853 54.82980061 52.76879377
  22.99127045 23.10102162 23.31022552 20.60786761 24.75967179 23.02429289
  52.68820024 40.45862291  8.29598795 10.34719278 15.87274976]
 [25.63301903 24.58125968 26.21241024 24.93113734 33.39596225 34.7567473
  60.93331655 59.39046534 72.5287455  72.36084494 27.3983202  28.08447933
  19.43730297 34.60263323 52.60249691 59.79363933 23.70422868 38.27025473
  67.48083375 71.60498488 29.47718668 31.36601258 41.09870613 35.1730639
  29.09974492 27.09465822 25.02903414 28.91614387 28.91554328 16.35567416
  43.80618527 45.39752525  6.16608396 10.10056913 10.47591815]
 [ 9.33395648  8.92215524 10.18677478  8.78880198 24.90690515 22.45468767
  54.94067821 39.61123246 54.77769446 43.49357189 14.1846028  15.48848913
  25.45454921 21.45768058 49.6912347  36.5125567  19.42575832 18.60070321
  34.78809568 42.36448389 17.14920445 14.5736137  35.49049446 30.29235172
  10.63347011 12.42033277 11.41911814 16.16668063 13.06341489 19.73483311
  36.73764653 30.65596212  1.30610366  0.7547266   9.21512582]
 [11.65494914 10.17846794 15.98923016 13.16504994 23.57272357 23.04319429
  44.17004632 41.0860297  40.35469536 40.77805677 13.27694989 10.94931285
  32.90279164 22.76895379 44.70033216 39.63367172 11.81802223 13.5189786
  33.25305464 35.42267238 19.01173011 17.22563765 38.16285592 32.46418441
  11.82681342 10.17066496 10.67729605 10.43614388 15.46905842 12.54450204
  39.18265916 35.67086189  4.45550226  6.14163966 13.1629991 ]
 [36.26818852 25.09591471 37.26633397 34.27369232 49.77973278 42.72455728
  60.07642703 54.99509095 68.19834564 68.85318116 48.8576837  43.06206647
  58.05883028 44.76544483 64.09826106 63.53286212 50.86537058 60.78961994
  68.21761587 68.58485128 43.54793788 40.47289921 58.72854085 51.22800606
  38.74225584 30.57091029 31.74711587 31.51779849 47.75047605 48.30308553
  65.15131623 62.33011327  6.8178554   7.83614727  6.46599268]
 [ 2.4762947   3.49717781  5.06752834  3.68282524  5.08904136  8.71646591
   9.04538037 10.95836604 14.39168098 12.68939048  5.07272428  4.38994812
   3.1666906   8.40439796 11.41748599 16.43953857  5.63512754  5.70682282
  10.81727935 13.01080337  5.84708465  4.45001121  9.74884627  8.65351633
   4.13426003  4.46834516  2.47151907  3.05917716  7.56563799  5.59943364
  13.59000489 15.24748936  3.17634884  1.54385851  7.166407  ]
 [ 7.82325642  8.3373465   8.08243232  7.90610602 16.17127587 16.15206827
  18.24412599 19.77726057 21.01439308 19.47250071 12.42538682  9.25458051
  20.2458729  21.7576033  25.30489642 26.6367218  10.7317557   8.23653516
  25.49266472 19.3858512  13.19087145 12.45808569 23.21419401 24.46022462
   9.26389418  7.72911736  9.00574092  9.14847553 12.0807298  11.52890934
  30.01408095 26.9843376   3.15622331  3.45579438  7.78646462]
 [ 7.16836875 11.05307505  7.29941859  6.77252645 25.23617263 25.85045763
  46.44711604 46.80752421 43.70507841 46.79985876 13.2099944  14.45988084
  32.53578197 35.27722802 43.67597563 46.06494772 22.04943576 18.85032365
  31.48802259 42.24588149 15.21663622 17.21335897 41.36940153 38.76340488
   9.54521703 13.87460283 10.94671891 16.70779938 17.61859015 21.46875514
  39.87886935 44.47455547  4.42760432  1.09852865  9.79429301]
 [ 9.22254747  8.65439447 12.51944802 10.48732268 27.55222483 26.65810598
  29.00905902 29.44422968 19.68225386 21.13348456 12.3344066   9.24174817
  26.58612195 27.71018479 27.97682365 28.79562642 11.51017238 16.94798995
  25.60951552 19.40713756 19.12264605 16.26840453 32.57173934 30.04742245
  10.3031817   9.39462036  9.1946584  10.11756223 12.53798622 12.93407439
  28.15705407 28.46840087  5.35819873  7.12343752  7.69453611]
 [ 4.20653684  3.51704577  0.91539721  2.42776584  2.84410972  9.0504117
  37.42210999 20.17120415 41.46348484 37.14993869  8.57600479 10.81880611
  26.59833026 19.41276687 39.10822456 23.29331266 12.58121256  2.04698977
  45.43509344 34.49759315  2.63567524  9.47698495 13.04630549 31.41358753
   6.43279262  4.48834945  8.24021436  3.16641455 19.27934211  2.90876821
  34.34544005 21.46647388  0.22381382  0.28175154  7.17180555]]