[[11.10705054  8.63938261  5.71327245  7.69189685 11.57429565 10.32339772
  12.14465516  8.99815519 11.45003178 12.38564139 12.59643579 11.53091592
  11.55013767 12.16449599 12.28904415 11.72448416 16.51387839  2.70416962
  14.82912801 12.71717765  6.95065861 10.52249278 11.76888159 10.56208932
   8.26268116  6.83049452 10.04030345 13.06432779 19.54452099 14.39391794
  13.31147072 13.36026728  1.82518244  1.47356459  6.95096534]
 [ 4.25477478  3.75513373  7.2452514   3.85157294 11.2373165  13.47892904
  14.15990199  6.72756656 10.46712009 10.54984665  7.1464528   6.63757309
  16.63813453 19.74521638 14.5586318  16.62857918 10.04957623  8.78684618
  13.39451665  9.62478516  6.39266692  6.93874619 16.96569436 14.39227425
   4.1924551   5.48879247  4.22862688  4.39157394 17.93587095 12.80942459
  13.146884   18.41649992  1.11365375  1.71981303  7.9166699 ]
 [ 8.4843547   6.67571879 10.27966556  6.63349067 12.57307086  9.01481345
  12.51500986  5.05980793  7.08012081  6.10152313 11.58530673  8.37588707
  10.45714303  8.60826051  8.30304391  7.02111627  9.08359157  7.24095753
   7.12253948  7.47726173 12.6607611   8.77492801 11.25428289  8.30176269
  10.79985349  5.91672057  8.16947878  9.06094406 10.85769434  9.70630588
   6.73071431  7.65329136  2.37832382  5.52201698 10.51766665]
 [15.0724527  14.39830482 11.89163447 11.6331004  13.38368307  8.82365501
  10.80885527  9.84615922  8.5699388   9.30206265 19.83407789 10.46222398
  13.93258324 12.03304928 11.48255671 12.15033156 22.60065419 10.6652031
  14.67873374 10.04118889 17.03359024 14.06787607 12.66983394 11.94038147
  15.32820024 15.12498061 17.75560997 20.92091421 20.28556776 16.45938268
  13.19976105 14.83771701  6.6630863   5.36792784  3.69774336]
 [10.47085851  8.40588641  7.09919966  4.68187497  9.09861643  4.30888225
  13.44874129 10.49940642 12.11496783 11.39782002 13.35539782  9.23451734
  10.23945566  9.8204961  12.52486485 10.9649059  18.93088666  6.82938092
  14.78676926 12.7029423  10.52274212  8.19204234 11.85556244  7.05626924
   9.72188184  8.48289424 12.8301415  17.80407152 15.18949805 12.07192514
  11.36688145 14.60153256  4.43376859  2.35021216  6.71416123]
 [ 6.08208408  5.17702105  7.73052358 11.63657979 15.69789603 16.89075984
  16.78624521 11.24793221 11.28357875 11.39466452 10.92268777 15.02999763
  13.02203922 11.78545365 12.7767908  11.82848263 11.97960769 14.38781132
  11.77437088 11.92923507 13.04139186 14.37041294 16.42023143 13.43942842
   4.91125512  5.07129918  6.09857648  8.25876546 13.55749813 15.93981769
  12.25775439 12.84188871  2.91452441  4.21854744 10.92593009]
 [ 6.39492819  6.30344887  3.10155248  2.35373554 10.47034641  8.41386221
  13.29238399 13.24400534 10.91794302 10.65394586  8.99439531  8.01017479
  10.4053712  10.19399461 13.52747449 12.29966664 21.16160046  6.81705447
  16.71752421 10.96588422  5.65222658  5.65309613 12.92997947 10.36862726
   6.10709661  6.06808468  7.9779163  13.88995717 13.98725137 16.36909801
  13.29966277 12.87123984  1.68468026  2.94439651  4.31383532]
 [18.89027764 20.04951003 18.01270096 18.8626437  23.22129014 19.16164681
  26.63677502 21.2302622  19.53001611 18.58179885 26.24001971 25.95094592
  20.0894343  23.08417399 20.4516265  18.94038837 27.23230584 24.45947469
  17.67788458 19.48083556 26.25414776 26.04198847 23.36655332 24.62693058
  20.59956989 21.56872007 21.31663631 24.6995172  22.63117323 24.7618992
  17.38045446 17.25238313  9.00112135  7.21821419 10.7603986 ]
 [ 7.78001682  7.68312749 10.92167108 10.15451988 10.36647643 10.73718645
   8.2093479   7.52180685  5.49948104  5.96517196 10.97410663 11.97951601
  10.98291603 11.42355384  8.7804313   7.72850132 11.11932368  5.51998902
   8.43776932  6.25600995 12.4530344  10.81372935 10.03292177  8.997011
  11.3326489  11.30135416  7.87517452 10.8918151  11.23520776 11.96982539
  10.29119808  8.90937617  2.14933746  4.57263253  5.85820541]
 [ 2.09492395  2.48105857  3.81185303  2.32399646  8.94917908  9.18376176
   8.22547448  3.14702142  7.14577571  3.34606352  4.65658515  0.93849622
   9.68534513  9.4405279   7.93167413  8.24216315  8.11086462  2.38342296
   6.44702844  2.83240172  2.69345973  2.0737959   4.70580875  4.10279301
   5.30234791  1.78756514  3.61428486  7.26293648  9.99767971  3.36358066
  10.95268081 10.3617593   0.77648481  1.39921563  7.09321733]
 [12.09906963 12.70413958 11.85011214 13.74483572 10.62916622 13.87874243
   7.45751567  8.73009892  5.28065534  7.05433113 13.27814081 12.33826489
  10.13110225 14.06304003  6.89767082  7.28053477 12.65571068  7.63656814
   7.3501033   6.75961555 12.09015162 14.90708653  9.00061057 11.11570918
  12.90708799 13.50306973 12.44640915 12.68201307 12.69691527 12.51375747
   8.77281372  9.6642094   4.50721162  5.45364365  8.9261538 ]
 [17.70331486 16.85577969 17.2330967  16.38746762 18.88566107 17.17744929
  11.79792724 12.33008109  8.26611939  7.7158972  17.409519   17.05701472
  17.00628529 18.43439481 12.28356108 12.30316741 15.56458407 18.12443425
  10.65945015  8.9465546  19.54955943 18.18178901 19.50986644 15.43023176
  18.55808959 17.42227798 17.13820673 18.43078724 19.69849835 12.6830648
  17.01140485 15.26107584  4.96892967  6.99023466 13.92157596]
 [ 6.17722589  5.96946773  7.61034937  4.75763888 10.86305178  9.22677979
   8.74155218  9.04995125  6.17669349  8.5587184   8.41166009  6.99976318
  10.25155552  6.995806    8.3214033   9.28247322  9.41785154  6.70687319
   8.2967984   8.19367946  9.70366254  6.29742663  9.35188441  9.17445556
   7.6539386   6.60646043  6.93066273  8.77250089  8.14989936  7.888911
   8.89921291  9.15448642  1.92803723  1.11219495  3.58283428]
 [33.12976871 31.24406595 40.71890409 35.27223345 41.30749748 42.01885497
  28.97076948 32.88040181 32.1324595  32.30290808 35.7248373  30.33324365
  35.6392381  38.93930411 28.97160964 34.71075227 29.05548705 18.55523958
  38.00069544 36.42911891 42.99200378 39.44469188 33.92125787 37.97485331
  31.02624271 28.9088869  32.26270737 28.48157707 34.37360847 30.32854359
  29.23954312 35.88212826 10.37027307 13.57938942 16.74876808]
 [11.00452519  8.9149273  10.0962517  10.47472647 12.36864555 12.69828364
   9.08139343  7.95648779  6.35541676  6.24880484 10.41841426 12.07478985
   9.14407144 13.06241998  7.54428996  7.00217715 10.41669603  7.69678659
   6.42662759  6.49247596 10.75578712 13.04040084  9.92975134  9.77350011
  10.0170032   8.83634524  9.52337701  9.60350883  9.97486499 11.07880661
   7.78074808  7.66721857  6.20150447  6.55546183  7.34339343]
 [ 5.86953516  7.93206945 13.25357802 10.45162013 12.67572143 21.51789125
  20.36086974 20.95319881 26.49716983 23.05899105  9.85840987  9.54038057
   8.13675713 17.14973541 21.29444564 24.96712803 12.04735764  9.47400548
  20.6084082  26.18776416 13.55965444 10.14194208 19.8649818  15.09041713
   8.87326315  9.44230874  6.23904261  6.5842993  17.59210058 10.08962963
  22.1476851  20.45426828  5.17049192  2.57919666 11.35211841]
 [16.34128116 17.92321876 15.50133251 16.92670686 20.03083314 20.31330609
  17.54026105 18.62369817 16.23667806 16.50864695 23.375264   17.73160851
  16.61199537 15.14237343 16.67239859 16.18129933 17.9181467   9.45746738
  14.60006692 15.51085538 21.9281898  18.54568552 17.18068537 17.74401374
  18.18001619 15.40119065 19.34737499 17.79452655 19.23825743 17.02080115
  14.69327719 15.17902397  5.61960267  7.13719045  7.50450518]
 [13.76282247 20.18163161 14.24150987 11.33289497 27.44538882 25.21429522
  24.59700321 23.90758923 23.43246215 21.08941747 24.60178275 21.4793879
  25.14237862 22.35677608 22.39327307 20.35248568 26.57888206 27.28061357
  22.6440064  22.88380052 25.23916867 22.04228268 24.43784948 22.8030135
  17.63442156 22.86394642 20.07032004 25.34472935 25.37796179 27.92170183
  21.16765633 18.96363044  4.82082707  1.33509588 10.85036438]
 [24.60778227 25.73298766 24.94358514 25.60083636 32.61001356 30.1491921
  35.35908768 34.45768612 37.42377912 34.73291047 26.92067861 25.75106973
  31.6552664  29.98819564 35.21706564 35.20568171 32.50876671 32.58628844
  34.20429844 36.35002993 29.31832583 29.09012782 34.72142382 30.1729795
  24.89047993 26.60109045 24.61713989 27.9842495  30.59226114 32.55461754
  33.07787355 33.00114609 10.80589585 16.32056888 16.15533335]
 [ 4.37152294  3.68662584  1.068802    2.13042126  1.75638251  4.45539731
   6.4182833   4.83168533  5.25218326  6.31859518  6.31393319  8.72111237
   8.56124632  5.74466948  5.1597007   3.65425084  7.15985149  1.32987295
   5.86864469  6.16100853  2.04500813  5.54081674  3.49394102  8.96730961
   4.67441333  3.03597869  6.95560421  2.93099234 11.50122374  2.33717951
   5.92019905  4.65421076  0.42457759  0.3758518   5.59190061]]