[[7.69273220e+02 2.29797940e+03 1.81323333e+02 3.91098393e+02
  1.24697490e+02 1.42405077e+03 9.06211719e+01 1.46244129e+02
  1.25971428e+02 7.36206719e+01 1.66959812e+02 1.08269314e+02
  1.02724479e+02 1.49156855e+01 3.48259551e+01 2.85614903e+01
  1.28728201e+02 2.55880508e-27 2.07123992e+01 9.48830387e+01
  8.46565355e+02 8.45147642e+01 8.00860943e+01 7.10697222e+01
  1.22964190e+03 1.71624996e+03 8.40023162e+02 1.16794505e+02
  1.11307502e+01 1.25280872e+01 8.21764889e+00 6.28088314e+00
  1.70313113e+03 1.50592073e+03 6.34222895e+01]
 [1.48842304e+02 1.75084251e+02 9.06909135e+01 8.32482216e+01
  5.44013256e+01 5.28869915e+01 4.89289396e+01 5.97665828e+01
  6.71276230e+01 6.61065144e+01 3.20860128e+01 3.93291989e+01
  1.34737042e+01 1.40731903e+01 2.77420984e+01 3.21616281e+01
  2.49619591e+01 4.59735866e-29 2.28921560e+01 6.71266811e+01
  4.38050698e+01 4.91040499e+01 3.05246266e+01 3.45697863e+01
  8.98208724e+01 8.35085295e+01 1.84571138e+02 7.81794988e+01
  1.24006071e+01 1.04553430e+01 1.10742474e+01 1.12075825e+01
  3.88417065e+01 7.97946606e+01 7.72217512e+00]
 [2.67083900e+02 2.31257902e+02 1.30444285e+02 2.67299672e+02
  3.45170940e+01 3.99009675e+01 3.12808234e+01 1.88937331e+02
  3.70715163e+01 3.72736195e+01 1.08544671e+02 2.16140177e+01
  8.30778642e+00 9.28940674e+00 1.45009709e+01 1.58270757e+01
  1.36976405e+01 1.04612985e-27 1.14619795e+01 3.56335459e+01
  2.99995359e+01 2.73512821e+01 1.86578838e+01 2.19789787e+01
  2.69126629e+02 1.91146127e+02 2.04342940e+02 6.00222567e+02
  5.66345280e+00 6.15805259e+00 5.99095709e+00 5.69752952e+00
  5.92943494e+02 2.34483668e+02 7.64490513e+01]
 [1.80737764e+02 1.61199148e+02 7.11365566e+01 7.96753636e+01
  3.15374622e+01 3.72207791e+01 3.75671657e+01 5.33719433e+01
  5.01945410e+01 4.90383018e+01 1.74915294e+01 2.27766123e+01
  5.45541678e+00 7.40253775e+00 1.74517072e+01 2.14727144e+01
  1.42267867e+01 3.38022368e-29 1.32947889e+01 4.13385062e+01
  2.05995748e+01 2.65894609e+01 1.91006837e+01 2.19875377e+01
  1.17638794e+02 4.13862041e+01 1.07112560e+02 4.92850223e+01
  5.09351832e+00 6.11617944e+00 5.60627786e+00 5.43029148e+00
  3.81042533e+02 2.39669585e+02 1.61479264e+01]
 [2.80030978e+03 3.79777879e+03 2.74963142e+02 2.13478743e+02
  3.10424205e+01 3.43026149e+01 4.48086935e+01 6.81601047e+01
  6.31255767e+01 7.46185420e+01 1.30449367e+02 1.31105537e+02
  9.81575678e+00 6.62305988e+00 2.62638397e+01 3.65015358e+01
  1.31650390e+02 6.54392553e-29 2.48187636e+01 6.71050445e+01
  5.06082410e+01 3.15689486e+01 2.09583864e+01 2.55569056e+01
  6.68520292e+02 6.91814770e+02 2.49143192e+03 5.23255369e+02
  2.48351712e+01 2.21501288e+01 7.79143058e+00 9.72183438e+00
  1.86252195e+03 3.66747110e+03 3.03226426e+01]
 [2.80335300e+02 6.08303606e+02 9.07285040e+01 2.28691919e+02
  1.00718268e+02 7.04285582e+01 3.54636972e+01 3.22426713e+01
  5.55163688e+01 4.99796154e+01 2.20714474e+01 5.92837866e+01
  1.00930569e+01 9.92122687e+00 2.36573166e+01 2.38283882e+01
  3.33632859e+01 6.28524625e-28 2.10852361e+01 5.42730494e+01
  3.86781248e+02 9.59572784e+01 2.49947028e+01 1.84651090e+01
  1.86624508e+02 2.24452799e+02 3.38861799e+02 1.00603233e+02
  8.01679002e+00 1.06220964e+01 1.01448105e+01 6.98093636e+00
  5.70166160e+02 1.06079510e+02 1.40477500e+01]
 [7.39256914e+02 1.02252543e+03 6.38607705e+01 7.80259722e+02
  7.13071540e+01 6.08754375e+01 6.74712265e+01 3.68638959e+01
  7.31690909e+01 8.80629103e+01 4.47748785e+01 1.87434227e+02
  2.08555940e+01 2.85077226e+01 3.78001783e+01 2.29882832e+01
  8.59970102e+01 1.06716993e-28 2.90719135e+01 6.45699848e+01
  7.01838371e+01 1.40423606e+02 4.78378455e+01 3.29110253e+01
  1.61600793e+02 5.88426358e+02 7.63318590e+02 2.47400766e+02
  2.29588695e+01 3.34786684e+01 1.51802647e+01 9.55896380e+00
  1.24261094e+03 4.20765848e+02 8.37878491e+01]
 [1.97505088e+02 2.86064966e+02 1.41069318e+02 1.32573093e+02
  5.85248546e+01 4.99070595e+01 4.00840083e+01 4.23834743e+01
  4.01543229e+01 4.53952153e+01 4.23518062e+01 4.22728786e+01
  2.40634856e+01 1.54016330e+01 2.59697818e+01 3.05977398e+01
  3.34937678e+01 8.86932137e-29 2.19389034e+01 4.15982328e+01
  4.13241461e+01 4.30727467e+01 2.95766782e+01 2.27962797e+01
  1.25020369e+02 1.28912194e+02 2.22447907e+02 8.63616571e+01
  1.38630113e+01 1.32580112e+01 1.36783456e+01 1.33599813e+01
  6.41020508e+02 3.47599693e+02 1.04864138e+02]
 [1.64581112e+02 1.42929618e+02 3.94231051e+01 4.20695192e+01
  2.61387179e+01 2.25039786e+01 3.61348923e+01 5.02506658e+01
  5.25420016e+01 5.44437072e+01 2.20157853e+01 1.98484677e+01
  1.00163751e+01 7.75620657e+00 2.06083978e+01 1.97977754e+01
  1.79015081e+01 2.62257695e-29 1.55003369e+01 5.55111872e+01
  2.76901702e+01 2.11846834e+01 2.17386709e+01 1.79699081e+01
  5.45819373e+01 4.62040980e+01 1.11158995e+02 3.65000021e+01
  9.51624832e+00 7.83881714e+00 7.65671586e+00 7.14167672e+00
  9.37581717e+01 2.22238781e+02 1.62571587e+01]
 [1.39633377e+02 1.03633054e+02 6.80213635e+01 3.45592964e+02
  9.74005422e+01 7.51033931e+01 5.27923009e+01 2.80926486e+02
  7.44302473e+01 1.67139566e+02 5.41818901e+01 9.28365210e+02
  1.53668779e+01 1.97189624e+01 2.59843427e+01 2.88568157e+01
  1.98968581e+01 1.19364757e-28 3.52538302e+01 2.23877391e+02
  2.33726757e+02 4.02229924e+02 1.62208054e+02 1.95267527e+02
  6.60243569e+01 8.01686499e+02 7.47848961e+01 4.81100205e+01
  7.35358597e+00 5.77626865e+01 6.68651124e+00 8.89690700e+00
  2.31154462e+02 1.64904005e+02 1.25959540e+02]
 [5.28590911e+01 7.67692893e+01 1.48424848e+02 1.79938830e+02
  6.45927303e+01 4.14368651e+01 4.62576885e+01 4.06460253e+01
  5.19913503e+01 4.64607330e+01 2.91026109e+01 4.84133539e+01
  1.09543921e+01 1.06547496e+01 2.77248093e+01 1.90133839e+01
  2.41579258e+01 7.81837247e-30 1.37731002e+01 4.91166148e+01
  3.37900629e+01 3.42456173e+01 2.90562464e+01 2.44274634e+01
  7.24536665e+01 9.33452298e+01 8.79474637e+01 5.51131005e+01
  9.37246756e+00 8.89759000e+00 8.01720205e+00 3.26204078e+01
  9.84285927e+01 8.20375400e+01 1.47369502e+01]
 [3.90318774e+02 4.60468109e+02 3.77078154e+02 6.99968102e+02
  1.28443331e+02 1.08482560e+02 6.10890254e+01 4.14685923e+01
  8.16262745e+01 7.12957894e+01 4.91979339e+01 1.36087168e+02
  2.65248167e+01 2.34753848e+01 3.23060362e+01 2.10878112e+01
  4.13363536e+01 2.57153592e-28 1.76036765e+01 6.34629394e+01
  1.22886472e+02 1.44079289e+02 5.62081973e+01 6.29026830e+01
  1.32844910e+02 2.65928074e+02 3.93687459e+02 1.11645669e+02
  1.24284021e+01 2.52307018e+01 1.19078562e+01 7.03357822e+00
  6.38698427e+02 3.63863073e+02 3.36104787e+01]
 [9.59783692e+00 2.66704128e+01 4.03188224e+01 3.16119295e+01
  2.27068149e+01 1.01067937e+01 1.44381263e+01 1.07555617e+01
  1.27010862e+01 1.29977810e+01 1.17762074e+01 8.62927999e+00
  6.72140430e+00 3.52545051e+00 7.82184741e+00 5.35624558e+00
  4.67206421e+00 2.00762530e-28 5.19549245e+00 1.24469088e+01
  1.35820597e+01 1.03190343e+01 1.31748450e+01 6.73932996e+00
  1.10565787e+01 1.60048956e+01 1.76888020e+01 7.94817882e+00
  4.92736265e+00 2.88793468e+00 4.00420996e+00 2.14763470e+00
  1.63345935e+02 3.16171721e+01 1.12501355e+02]
 [5.60913126e+01 5.54993886e+01 4.22984388e+01 6.47969617e+01
  3.64557409e+01 3.87170008e+01 2.75223259e+01 3.36450361e+01
  2.98643470e+01 3.12266144e+01 1.31102522e+01 2.19214662e+01
  5.19034674e+00 9.21491640e+00 1.64442437e+01 1.57490773e+01
  1.18325075e+01 5.40332251e-29 1.34907860e+01 3.06796527e+01
  2.03001978e+01 3.01303314e+01 1.64078762e+01 2.25158525e+01
  2.73589154e+01 4.00460661e+01 4.92001907e+01 2.04420264e+01
  6.53775019e+00 6.53924847e+00 6.32670645e+00 5.84470400e+00
  9.83376675e+01 4.62929958e+01 7.31761380e+01]
 [5.78702921e+02 3.74932308e+02 1.47388981e+02 1.20718209e+02
  4.11197291e+01 4.28335028e+01 4.44917597e+01 6.24607940e+01
  5.62603760e+01 6.60335455e+01 3.80763100e+01 3.27097019e+01
  1.16612921e+01 1.07142168e+01 2.53305066e+01 3.32916537e+01
  3.35506560e+01 1.09809187e-28 2.18244105e+01 5.55617158e+01
  4.50977932e+01 3.55772139e+01 2.50748495e+01 2.63375562e+01
  1.81295655e+02 1.64447704e+02 4.44897213e+02 1.18308280e+02
  1.44529367e+01 9.43551450e+00 1.03951954e+01 1.05209411e+01
  5.31221665e+02 4.43564414e+02 1.00285518e+02]
 [9.11154469e+01 2.24549662e+02 3.35923716e+01 5.26551955e+01
  3.07886059e+01 2.13283589e+01 2.88171901e+01 2.93765848e+01
  3.73847147e+01 3.57980500e+01 1.90777430e+01 2.70678420e+01
  8.30390182e+00 5.93001465e+00 1.74536441e+01 1.34843099e+01
  1.59255827e+01 2.10448137e-28 1.23726659e+01 3.52930481e+01
  2.34116089e+01 3.38646988e+01 1.87748807e+01 3.73490477e+01
  3.79261817e+01 5.47075195e+02 1.40777730e+02 4.82661256e+01
  6.53611617e+00 5.35136097e+00 6.23906379e+00 5.07992573e+00
  1.03167321e+02 1.52846842e+02 2.23431643e+02]
 [2.87282517e+01 2.64153073e+01 5.29042955e+01 3.50794167e+01
  2.81576232e+01 2.68743026e+01 2.47338554e+01 2.36332370e+01
  3.47823899e+01 3.03079447e+01 8.05580529e+00 1.08899437e+01
  9.33346538e+00 7.83081835e+00 1.65343577e+01 1.26284318e+01
  7.24707652e+00 1.47025509e-29 9.79007569e+00 3.21950299e+01
  4.28659405e+01 3.42770479e+01 2.80194296e+01 1.31144491e+01
  1.76892106e+01 3.17504790e+01 7.73569163e+01 9.13301827e+00
  4.33739259e+00 2.90465994e+00 6.59744460e+00 5.03686053e+00
  2.62849958e+01 4.46407938e+01 2.36311465e+01]
 [5.40590667e+03 4.99888520e+03 4.94096591e+02 5.80205209e+02
  7.75846897e+01 8.89428977e+01 4.03999562e+01 3.88228802e+01
  5.68092292e+01 5.80547279e+01 1.67236519e+02 2.38861437e+02
  1.57498707e+01 1.81208895e+01 2.52138119e+01 2.37267201e+01
  1.55100439e+02 8.45553212e-29 2.29313043e+01 6.20444803e+01
  9.08856543e+01 1.07849231e+02 2.85244331e+01 2.89993863e+01
  9.52224099e+02 1.00311543e+03 3.06084758e+03 7.88805288e+02
  3.69279751e+01 2.80745385e+01 1.17703276e+01 1.01429611e+01
  4.61640219e+03 3.49889218e+03 5.36922981e+01]
 [2.90411410e+02 5.26095851e+02 3.84341044e+01 6.65253202e+01
  3.44128814e+01 3.68245692e+01 3.72575505e+01 3.60132808e+01
  4.26258092e+01 4.00936834e+01 2.18882369e+01 4.49085545e+01
  7.67583899e+00 6.62175178e+00 1.80031135e+01 1.53971127e+01
  2.29772404e+01 4.03495680e-29 1.15160479e+01 4.16773585e+01
  2.16512410e+01 2.31974731e+01 2.16890272e+01 2.44775947e+01
  7.25570962e+01 1.48019050e+02 2.97655872e+02 7.58281386e+01
  6.61836682e+00 8.77533865e+00 6.94345090e+00 5.10548083e+00
  1.62018702e+02 2.59295000e+02 1.53710463e+02]
 [6.43741695e+02 1.10294303e+03 4.55332737e+03 6.73103175e+02
  1.60150827e+03 6.66316055e+02 4.42777245e+02 9.79001861e+02
  1.81494796e+02 2.17105007e+02 9.61384289e+01 2.76696080e+02
  6.74082382e+01 3.78306962e+01 4.87093538e+01 7.95173129e+01
  1.09629471e+02 1.04478630e-26 5.33112798e+01 2.27182886e+02
  1.47506225e+03 4.75747181e+02 1.06346532e+02 2.72466261e+02
  8.18816270e+02 4.02215376e+02 4.12597726e+02 8.48294518e+02
  2.08115133e+01 1.81508432e+01 9.41285569e+00 7.16716064e+00
  2.87228779e+02 7.57684730e+02 1.52104119e+02]]