[[3.14433685e+01 3.78093549e+01 3.06460408e+01 2.37144950e+01
  5.14196380e+01 6.21082422e+01 2.13352506e+02 3.19663735e+02
  4.03332877e+02 2.86319607e+02 8.57335831e+00 7.80523312e+00
  1.08984362e+01 9.18690599e+00 8.31953529e+01 7.57807960e+01
  4.20663894e+00 3.86073508e-28 3.31657440e+01 3.18547149e+02
  2.04372172e+01 1.81453537e+01 6.25080203e+01 6.99685360e+01
  1.77972455e+01 2.04602382e+01 2.95312008e+01 8.50851881e+00
  2.65790039e+00 2.31630596e+00 1.29111844e+01 9.13171535e+00
  2.41955715e+01 1.56662778e+01 9.21195335e+00]
 [1.61186418e+01 1.78654824e+01 8.39802721e+00 6.55435792e+00
  6.28279770e+00 6.94653452e+00 1.17691945e+01 1.81441754e+01
  3.03223397e+01 2.24160298e+01 4.71924440e+00 5.38216675e+00
  2.74718534e+00 4.38939016e+00 5.79802078e+00 6.82563075e+00
  2.29126326e+00 1.05774828e-29 3.14658875e+00 2.23559445e+01
  5.09451165e+00 4.77761119e+00 5.39563369e+00 6.65115736e+00
  9.95001458e+00 9.00534039e+00 1.58689793e+01 7.49748483e+00
  1.56206951e+00 1.50142521e+00 1.82245109e+00 2.05893534e+00
  7.61012505e+00 1.18293287e+01 1.02431474e+00]
 [5.91022463e+01 5.54617369e+01 9.31003386e+00 9.32549301e+00
  6.44332634e+00 8.38448211e+00 1.13434535e+01 1.65617438e+01
  3.82822266e+01 3.09208244e+01 9.13059065e+00 3.93788221e+00
  1.62719100e+00 3.69996422e+00 6.43934429e+00 8.61634323e+00
  3.18931747e+00 7.42976237e-29 4.49839790e+00 2.89978868e+01
  3.35841339e+00 3.89547532e+00 4.95500783e+00 9.14504000e+00
  2.04533318e+01 3.04206002e+01 4.96275262e+01 1.45032918e+01
  9.21201223e-01 1.12184430e+00 1.81350743e+00 2.11303304e+00
  5.35868551e+01 3.23266082e+01 2.22041474e+01]
 [6.71723538e+01 7.00200887e+01 4.30294854e+01 4.49295933e+01
  4.78446479e+01 5.78885171e+01 8.41711992e+01 1.25523695e+02
  1.34664403e+02 1.42521239e+02 1.85364211e+01 2.34793759e+01
  7.33638666e+00 1.09927020e+01 3.67463141e+01 5.32994991e+01
  1.43835565e+01 3.38799602e-29 2.68130543e+01 1.14390414e+02
  2.30433748e+01 2.93427941e+01 3.40442589e+01 4.48283853e+01
  4.20874610e+01 3.73447533e+01 5.37019193e+01 3.21677507e+01
  7.65207281e+00 8.18396834e+00 1.05210126e+01 9.53570143e+00
  3.80539017e+01 2.46958010e+01 7.22463056e+00]
 [1.16595862e+02 1.60067351e+02 1.73385518e+01 1.63854702e+01
  1.16744846e+01 1.19630848e+01 2.21539746e+01 4.56774878e+01
  3.08295261e+01 2.85685098e+01 7.73701994e+00 8.55510604e+00
  2.88432861e+00 5.05937963e+00 1.25867566e+01 2.20964542e+01
  7.45450633e+00 2.68627687e-29 7.75823588e+00 2.38524717e+01
  6.64481676e+00 6.83539284e+00 1.00399756e+01 1.52978929e+01
  2.87785337e+01 3.23239415e+01 1.07038922e+02 2.38398201e+01
  2.52528301e+00 2.08422030e+00 3.01971708e+00 4.50649384e+00
  7.57493216e+01 1.32942732e+02 4.12079222e+00]
 [1.22192292e+01 1.53751627e+01 5.56666173e+00 6.58406656e+00
  6.80533645e+00 4.76201343e+00 1.08101973e+01 1.94596785e+01
  2.95801875e+01 1.84299907e+01 2.48360775e+00 2.90747135e+00
  1.68585846e+00 1.55718322e+00 6.26929138e+00 5.80327225e+00
  1.78156851e+00 6.49885194e-29 3.51939102e+00 1.91176258e+01
  5.20504157e+00 5.89082428e+00 4.55181283e+00 5.30400483e+00
  7.55809144e+00 6.42900646e+00 1.18960557e+01 3.94047865e+00
  8.71867304e-01 9.04529140e-01 1.55686428e+00 1.13235283e+00
  1.03923422e+01 6.09695934e+00 2.06170203e+00]
 [2.37990798e+01 2.38727997e+01 1.37931468e+01 1.61337091e+01
  2.06937760e+01 1.67501276e+01 4.25778184e+01 4.76771821e+01
  8.42278154e+01 9.74522704e+01 6.03296619e+00 7.13664125e+00
  5.58766283e+00 4.45254892e+00 2.60101938e+01 3.03785971e+01
  4.83609621e+00 2.72779250e-29 2.22967316e+01 8.10915679e+01
  1.05468669e+01 8.60974648e+00 2.05388232e+01 1.71601289e+01
  1.10454288e+01 1.36687116e+01 2.17773514e+01 8.77679983e+00
  3.07265541e+00 2.77308550e+00 6.83361044e+00 7.06341917e+00
  2.35142266e+01 2.19200633e+01 1.93161582e+01]
 [1.51129009e+01 1.79191147e+01 7.16163828e+00 6.69411774e+00
  6.89730554e+00 1.00528827e+01 2.18950617e+01 5.04439290e+01
  4.32101046e+01 4.06627154e+01 2.75637794e+00 3.67767634e+00
  2.42329812e+00 2.56475260e+00 1.17440723e+01 1.69505158e+01
  2.68520958e+00 2.66450144e-29 6.91201247e+00 3.50756451e+01
  3.28692941e+00 3.77289132e+00 7.37362551e+00 1.13357038e+01
  7.37089333e+00 8.03965863e+00 1.41189504e+01 6.17118647e+00
  1.13177869e+00 1.13566798e+00 2.79493132e+00 3.10448323e+00
  2.37282206e+01 9.35843684e+00 6.92088731e+00]
 [4.01465879e+01 3.36506408e+01 1.66969017e+01 1.23387766e+01
  1.73010467e+01 1.58789390e+01 3.60795562e+01 5.24642925e+01
  6.50930479e+01 5.55439790e+01 7.42188712e+00 5.62162289e+00
  4.42469148e+00 3.19600234e+00 1.46287160e+01 1.49627115e+01
  5.02782891e+00 2.32330797e-29 9.74134170e+00 5.41100432e+01
  9.08509513e+00 6.66673160e+00 1.31764875e+01 1.24323039e+01
  1.36891498e+01 1.15399943e+01 2.95817962e+01 1.07559293e+01
  2.67837473e+00 1.86343641e+00 3.93097311e+00 3.70494135e+00
  1.55252042e+01 2.31813693e+01 5.83956963e+00]
 [5.72869112e+00 5.35375981e+00 5.17635384e+00 5.74062165e+00
  7.98758901e+00 1.02043340e+01 3.96466892e+01 5.34457987e+01
  8.63516580e+01 8.07237119e+01 2.22876994e+00 5.25813099e+00
  2.37731736e+00 3.51378166e+00 2.67677672e+01 3.13455034e+01
  1.83395451e+00 5.45299637e-29 1.61483579e+01 6.33732971e+01
  3.69955266e+00 4.84158249e+00 1.25562707e+01 1.64782691e+01
  4.32765705e+00 5.35882755e+00 4.95324792e+00 2.75129468e+00
  1.00117056e+00 1.04026182e+00 4.58569207e+00 4.48251023e+00
  1.71375867e+00 1.96812070e+00 7.28355491e+00]
 [1.47995885e+01 1.59944734e+01 2.08310890e+01 1.63334198e+01
  2.44623679e+01 1.81997148e+01 4.85613292e+01 3.98900135e+01
  6.36169143e+01 5.31380988e+01 6.36600949e+00 7.51361848e+00
  5.19184480e+00 5.10366764e+00 1.70674807e+01 1.62381370e+01
  3.78411371e+00 4.05312256e-30 8.58086079e+00 4.90004015e+01
  1.24629924e+01 1.09950478e+01 1.65866429e+01 1.35263314e+01
  9.97143723e+00 1.36198735e+01 1.35052701e+01 6.66862384e+00
  2.36633401e+00 2.23704951e+00 4.08677787e+00 3.77999001e+00
  3.05018878e+00 6.31817101e+00 3.94048920e+00]
 [5.37418700e+01 4.98064466e+01 1.90423668e+01 1.84974352e+01
  1.80157324e+01 1.45527579e+01 3.43148743e+01 2.93985872e+01
  5.75339466e+01 5.86497372e+01 8.05741014e+00 8.64487701e+00
  5.02685753e+00 3.65367159e+00 1.51038045e+01 1.13292222e+01
  6.78488161e+00 3.49221140e-29 8.10291661e+00 4.48864104e+01
  1.18306737e+01 9.65180215e+00 1.45385953e+01 1.09012139e+01
  2.21114095e+01 1.90933917e+01 4.52495020e+01 1.49847965e+01
  3.10832257e+00 2.81200950e+00 4.46629065e+00 2.79966035e+00
  6.26470495e+01 4.49732116e+01 4.34686811e+00]
 [3.52725029e+00 4.91311553e+00 5.86548374e+00 4.87585608e+00
  1.07830245e+01 7.78558785e+00 3.39387985e+01 2.42423203e+01
  4.29996120e+01 3.29404474e+01 2.34501556e+00 2.30319387e+00
  2.87432527e+00 1.70917180e+00 1.34142713e+01 8.41818996e+00
  1.57455184e+00 2.15571673e-28 4.12198319e+00 2.59801692e+01
  4.09017164e+00 3.30694603e+00 1.07133377e+01 7.66761844e+00
  2.72479545e+00 2.98287135e+00 4.16785428e+00 2.38664776e+00
  1.00998895e+00 9.03274833e-01 2.53693233e+00 1.36885668e+00
  7.86085699e+00 6.83635912e+00 1.27144482e+01]
 [4.75010692e+01 4.65549745e+01 5.56645162e+01 4.84240845e+01
  5.29199386e+01 4.36350067e+01 7.28995076e+01 5.69341144e+01
  6.58558040e+01 6.67842099e+01 2.77369896e+01 2.74567044e+01
  1.21169729e+01 1.25525827e+01 3.31142205e+01 3.36358273e+01
  2.06985789e+01 7.74288490e-29 1.85614289e+01 5.43186102e+01
  3.74308528e+01 3.16209337e+01 3.62203945e+01 2.79723029e+01
  3.75925926e+01 3.76154487e+01 4.54329323e+01 2.99373217e+01
  1.13148306e+01 8.62015590e+00 8.72498180e+00 1.50446266e+01
  1.21441184e+01 6.12178413e+00 1.95411796e+01]
 [3.87469232e+01 3.77444366e+01 1.98104458e+01 1.77761566e+01
  2.03062236e+01 1.62691377e+01 5.19443877e+01 5.91132108e+01
  8.65147161e+01 8.82695114e+01 8.80019257e+00 8.61304610e+00
  4.85011554e+00 4.54839214e+00 2.65913575e+01 3.11504118e+01
  7.95236714e+00 6.96871255e-29 1.89042342e+01 7.08523007e+01
  1.18087196e+01 9.67884197e+00 1.82250868e+01 1.71056655e+01
  1.88005745e+01 2.24604437e+01 3.60667446e+01 1.47739862e+01
  4.25991164e+00 3.49926739e+00 8.62879750e+00 7.20727381e+00
  2.70488969e+01 1.38718456e+01 2.78459736e+01]
 [1.17493774e+01 2.42420147e+01 5.04432840e+00 6.41978131e+00
  7.83738477e+00 8.83139034e+00 2.58199344e+01 3.87461062e+01
  6.82076722e+01 4.69079549e+01 2.90668281e+00 3.30277406e+00
  1.81889833e+00 1.96547106e+00 1.01570213e+01 9.69889727e+00
  1.90237448e+00 1.58048390e-28 3.36268855e+00 4.37100438e+01
  3.55922669e+00 4.09766412e+00 8.23758772e+00 9.95562927e+00
  5.05722376e+00 1.07118605e+01 1.47332957e+01 5.24108436e+00
  8.78448838e-01 7.02478980e-01 1.79805046e+00 1.59045275e+00
  9.46656168e+00 1.54856896e+01 1.79073297e+01]
 [5.17916412e+00 4.38140254e+00 6.22040228e+00 6.05380715e+00
  8.91839230e+00 7.95658342e+00 3.02608638e+01 3.70751237e+01
  8.39247491e+01 5.88667920e+01 2.16216560e+00 2.29057840e+00
  2.50938957e+00 1.97727021e+00 1.91947922e+01 1.29413615e+01
  1.27896026e+00 5.79158258e-30 7.01980465e+00 6.54672134e+01
  4.42714771e+00 4.09863721e+00 9.42966795e+00 8.04336837e+00
  4.43908443e+00 4.11762041e+00 3.86864957e+00 1.91151981e+00
  9.19277257e-01 7.44783412e-01 3.20576149e+00 2.21782479e+00
  2.83199866e+00 2.98316081e+00 2.51339504e+00]
 [5.66924026e+02 6.28023828e+02 2.80504751e+01 5.65423136e+01
  1.01940546e+01 1.48879436e+01 2.19447916e+01 5.13406974e+01
  4.78061345e+01 6.08521357e+01 1.71589921e+01 3.28112554e+01
  7.08584899e+00 1.41789324e+01 2.10644234e+01 2.71881066e+01
  1.93229854e+01 3.93049289e-29 1.40553152e+01 4.04064509e+01
  8.69793196e+00 1.47180443e+01 1.51024749e+01 2.18044242e+01
  9.44898955e+01 1.34307533e+02 3.54237867e+02 9.32954304e+01
  4.91246319e+00 5.88789070e+00 1.04760851e+01 1.07187085e+01
  4.28755997e+02 2.61692265e+02 1.10049883e+01]
 [1.36792767e+01 1.88919645e+01 6.70536687e+00 6.97927595e+00
  9.66745308e+00 6.58279062e+00 1.72149728e+01 1.33356247e+01
  2.13017785e+01 2.08032524e+01 3.33575380e+00 3.67210441e+00
  3.24766110e+00 1.98051303e+00 9.51394749e+00 7.74845893e+00
  2.61533473e+00 1.27980205e-29 7.17642659e+00 1.99025214e+01
  5.10215106e+00 4.01766493e+00 9.06334594e+00 5.54050446e+00
  5.79544832e+00 7.78953962e+00 1.29806567e+01 4.98785250e+00
  1.27788023e+00 1.40023352e+00 3.92379127e+00 2.41289986e+00
  4.58085548e+00 6.08908890e+00 1.39543445e+01]
 [6.96973536e+01 1.29744783e+02 5.00814036e+01 3.19801742e+01
  3.75772275e+01 2.86637216e+01 7.58308467e+01 8.91045531e+01
  1.21139744e+02 1.41699831e+02 7.04035966e+00 1.20587600e+01
  8.70209377e+00 1.62343207e+01 3.54224768e+01 3.58060999e+01
  6.04233352e+00 3.57399692e-28 1.51126076e+01 9.89267389e+01
  2.41558489e+01 1.63419158e+01 2.94357111e+01 3.01161487e+01
  2.64153735e+01 4.47921013e+01 8.33093667e+01 2.55169752e+01
  2.52359459e+00 2.77034415e+00 8.44605231e+00 8.60141190e+00
  2.17611532e+01 2.83013181e+01 1.23158769e+01]]