[[1.11459032e+01 1.65710652e+01 7.89748982e+00 7.27430348e+00
  9.14095688e+00 8.80537969e+00 1.32196271e+01 1.60547473e+01
  1.84856599e+01 1.27286374e+01 2.96113093e+00 3.44493562e+00
  3.52566870e+00 2.42850475e+00 6.75900661e+00 6.19602342e+00
  2.10628441e+00 4.38987017e-29 3.71981368e+00 1.39388701e+01
  6.89269417e+00 4.60201271e+00 6.50483319e+00 6.73200897e+00
  6.93434661e+00 9.58347215e+00 1.16832684e+01 3.69278367e+00
  1.03270101e+00 1.04311864e+00 1.89145718e+00 1.54615399e+00
  9.83018166e+00 5.41172012e+00 4.70998902e+00]
 [4.94749921e+01 6.70754158e+01 1.45569186e+01 2.06857719e+01
  6.13023554e+00 1.65145145e+01 4.95458751e+00 7.22857837e+00
  6.77730352e+00 7.23936340e+00 1.47372236e+01 3.16368927e+01
  1.50734815e+00 3.87050937e+00 2.48883659e+00 2.88583021e+00
  3.78735385e+00 1.68383118e-29 1.67590707e+00 6.95641786e+00
  8.35784735e+00 1.68512388e+01 2.74447419e+00 3.51818336e+00
  3.65865111e+01 3.85157551e+01 5.31180523e+01 2.13463809e+01
  1.91459465e+00 3.36195966e+00 9.22393961e-01 9.69294055e-01
  5.49616673e+01 6.89790792e+01 1.39572548e+00]
 [7.84926116e+01 7.23122093e+01 1.40594272e+01 1.41944544e+01
  1.81485779e+01 1.20237283e+01 1.20883895e+01 1.33463274e+01
  1.55465451e+01 1.46120782e+01 1.52013808e+01 6.63584906e+00
  3.61753307e+00 4.14547208e+00 8.39200962e+00 7.92458710e+00
  4.53007710e+00 7.11088940e-29 6.01543878e+00 1.42915189e+01
  6.40969616e+00 7.95690636e+00 7.73263472e+00 8.52671675e+00
  2.84033921e+01 3.79635808e+01 6.49125596e+01 1.89772693e+01
  2.38654602e+00 1.95038132e+00 3.78981396e+00 2.82403443e+00
  7.82111652e+01 4.64136337e+01 3.31515682e+01]
 [2.31489003e+02 1.40940995e+02 2.88022086e+01 2.16124027e+01
  3.13070010e+01 7.02729585e+01 2.07668826e+01 2.39407191e+01
  3.16984043e+01 2.99622327e+01 2.98128528e+01 3.74472629e+01
  4.22157073e+00 4.05316243e+00 9.61898125e+00 1.15075381e+01
  6.90909754e+00 2.14094261e-29 6.78946105e+00 2.65255562e+01
  1.09065656e+01 1.56726521e+01 1.18414225e+01 1.39369243e+01
  1.51776675e+02 3.01869102e+01 8.20911055e+01 5.89644141e+01
  6.00148713e+00 4.61062559e+00 2.86990668e+00 2.87083565e+00
  1.49017455e+02 6.68231319e+01 9.26038512e+00]
 [1.15244195e+02 1.56805904e+02 1.79330029e+01 1.40248075e+01
  4.85661806e+01 2.11914936e+01 1.54096032e+01 1.70404444e+01
  2.23897155e+01 1.46405279e+01 9.09810922e+00 8.98203529e+00
  5.31495724e+00 3.07201565e+00 9.33933417e+00 9.44993696e+00
  7.55990131e+00 2.41506874e-29 4.80442630e+00 1.67094783e+01
  1.00634333e+01 5.86063078e+00 1.51982919e+01 8.30871247e+00
  3.18657092e+01 3.18333937e+01 1.05673368e+02 2.44890101e+01
  2.66826859e+00 2.38258373e+00 3.01405293e+00 2.36832964e+00
  8.49753214e+01 1.36161014e+02 5.71288853e+00]
 [2.48905974e+01 4.16384066e+01 1.36455053e+01 2.13037646e+01
  2.54347883e+01 1.02662099e+01 6.64031639e+00 7.90452973e+00
  1.01696060e+01 8.77567353e+00 7.48922550e+00 6.11222001e+00
  6.12945474e+00 2.71862076e+00 3.85675019e+00 3.13951883e+00
  2.73189895e+00 6.81772120e-29 2.10603474e+00 8.59185049e+00
  1.04547033e+01 2.20246238e+01 8.59479021e+00 6.39400642e+00
  2.41429302e+01 1.57747962e+01 2.11992351e+01 6.52259818e+00
  1.42526134e+00 1.51906577e+00 1.49373004e+00 9.08574512e-01
  3.72271592e+01 2.89015668e+01 3.99466114e+00]
 [1.72143533e+01 2.00835234e+01 9.43861213e+00 1.36103279e+01
  1.23227523e+01 1.21974835e+01 1.70424570e+01 1.55521053e+01
  2.29537664e+01 2.18897503e+01 5.86168882e+00 8.98307430e+00
  5.47023292e+00 5.10097284e+00 1.14666723e+01 1.06003782e+01
  4.86916827e+00 1.83021114e-29 8.79294414e+00 2.16151856e+01
  8.60851561e+00 8.89916902e+00 1.07966518e+01 9.77849401e+00
  7.58522429e+00 1.26057060e+01 1.64429452e+01 7.65569968e+00
  4.01357881e+00 4.47629398e+00 4.99998244e+00 3.89254709e+00
  2.54694986e+01 2.60988902e+01 1.34714714e+01]
 [2.01562588e+01 3.63446641e+01 8.30051325e+00 7.78715258e+00
  7.51576970e+00 1.41107821e+01 1.06313849e+01 1.85598674e+01
  2.63070039e+01 2.57140820e+01 3.68268318e+00 4.46006428e+00
  2.86989931e+00 2.01799470e+00 6.13657082e+00 7.31532011e+00
  2.50859408e+00 1.59724350e-29 3.88012904e+00 2.24818522e+01
  3.93802773e+00 4.50644438e+00 5.03596682e+00 6.01464689e+00
  1.21710231e+01 1.29611414e+01 2.33371890e+01 6.59651002e+00
  1.17057434e+00 1.20443378e+00 2.13694537e+00 1.87292961e+00
  3.39351518e+01 1.88943520e+01 1.35469197e+01]
 [4.49556937e+01 4.04312251e+01 1.93288975e+01 1.03211331e+01
  2.49970248e+01 2.83898776e+01 7.99784921e+00 8.38118671e+00
  1.02365004e+01 1.15752367e+01 6.44562977e+00 5.23127638e+00
  3.06480637e+00 2.56806646e+00 5.10404671e+00 4.39607226e+00
  3.51821836e+00 6.11979609e-30 3.15015315e+00 1.08533484e+01
  5.55150782e+00 5.77486649e+00 5.08866988e+00 5.48686044e+00
  1.66196138e+01 1.18057671e+01 3.26260402e+01 9.88682445e+00
  1.64867671e+00 1.75189634e+00 2.14474796e+00 1.45216480e+00
  2.57120951e+01 4.30403442e+01 2.85906644e+00]
 [1.27259036e+01 8.60668740e+00 8.08137444e+00 4.07819948e+00
  5.41526046e+00 3.86535859e+00 6.93062490e+00 6.38877204e+00
  9.32885236e+00 7.50566814e+00 4.34891533e+00 4.69544264e+00
  1.78720425e+00 1.51777985e+00 3.64873182e+00 3.23673353e+00
  1.78572629e+00 8.69803583e-30 1.93814771e+00 7.41663285e+00
  4.09506167e+00 3.20224778e+00 4.03950280e+00 3.69041212e+00
  2.27032680e+01 6.12694056e+00 5.96513829e+00 4.54701051e+00
  9.63161166e-01 9.81299797e-01 1.15637298e+00 9.05075080e-01
  5.42061345e+00 6.38713990e+00 1.11002232e+01]
 [8.83575276e+00 5.04637905e+01 1.04065347e+01 1.33403452e+01
  9.60049715e+00 9.71712340e+00 1.31775210e+01 1.86202326e+01
  1.92687961e+01 1.84738821e+01 7.05273379e+00 1.77826583e+01
  4.68176503e+00 4.88097507e+00 9.33526052e+00 7.33148052e+00
  3.66022816e+00 2.56300700e-30 5.06039412e+00 1.70690379e+01
  7.38438268e+00 1.76500790e+01 8.76404894e+00 7.77202815e+00
  1.09658952e+01 5.37159123e+01 1.62947692e+01 8.79864808e+00
  2.24725684e+00 2.70875502e+00 3.57368091e+00 3.13317676e+00
  7.50083298e+00 3.88586635e+01 6.18859104e+00]
 [7.25063581e+01 5.93103078e+01 1.60653921e+01 1.95627235e+01
  3.44133016e+01 2.86481148e+01 1.47589647e+01 1.37612409e+01
  2.55579805e+01 2.28605355e+01 8.08487529e+00 9.27464520e+00
  6.07510932e+00 4.96055412e+00 1.11649021e+01 8.52702852e+00
  5.90225672e+00 2.34447012e-29 6.67229299e+00 2.13806318e+01
  1.07239012e+01 1.21079421e+01 1.11383475e+01 1.45411311e+01
  2.44515757e+01 2.44315684e+01 6.95082913e+01 1.53885027e+01
  3.17895919e+00 2.81886297e+00 4.23416354e+00 2.59597975e+00
  5.86741440e+01 5.16972365e+01 9.28051137e+00]
 [5.78240795e+00 1.06732523e+01 8.84249802e+00 1.09172699e+01
  9.23083558e+00 9.00288326e+00 1.48435629e+01 1.53741169e+01
  1.93560839e+01 1.78415504e+01 5.12627974e+00 5.74670074e+00
  3.68696955e+00 2.41714233e+00 8.23997318e+00 5.97839556e+00
  3.05084529e+00 1.44746778e-28 4.24578545e+00 1.65536753e+01
  6.03040076e+00 6.53338023e+00 7.76953268e+00 6.78461189e+00
  5.27680426e+00 7.29190446e+00 7.28786479e+00 4.31636892e+00
  2.10870996e+00 1.89363229e+00 2.88764652e+00 1.64426597e+00
  1.01819212e+01 1.07354170e+01 1.67094876e+01]
 [1.10350784e+01 1.06820294e+01 1.10351007e+01 1.08917104e+01
  1.32897508e+01 1.18416126e+01 1.78215761e+01 1.93470247e+01
  1.87280055e+01 2.63134433e+01 6.48740811e+00 7.24123763e+00
  5.18017925e+00 3.71667169e+00 1.00995742e+01 9.20159538e+00
  4.13308982e+00 2.24242061e-29 4.81908289e+00 1.77144075e+01
  8.62709045e+00 7.45394273e+00 1.08438611e+01 8.79021335e+00
  8.08835485e+00 9.55446683e+00 1.11919793e+01 6.05942270e+00
  2.80381192e+00 2.56580748e+00 3.19322778e+00 2.94385606e+00
  9.31940262e+00 5.16359724e+00 2.59428404e+01]
 [3.28257546e+01 3.30081053e+01 1.05344973e+01 9.08642439e+00
  1.53724609e+01 7.92714907e+00 1.62103895e+01 1.50550740e+01
  2.20209653e+01 1.94155362e+01 4.56157801e+00 4.77701261e+00
  3.87594266e+00 2.81319521e+00 9.68662013e+00 7.07968428e+00
  3.90314217e+00 2.10826744e-29 4.35676177e+00 1.85095362e+01
  5.58741891e+00 5.28439039e+00 8.92500881e+00 6.80854925e+00
  1.32374892e+01 1.67634317e+01 3.17882533e+01 1.00941007e+01
  2.13194011e+00 1.89295669e+00 3.53613887e+00 1.94020849e+00
  2.40425125e+01 1.25320880e+01 2.24912599e+01]
 [1.15182434e+01 2.61528690e+01 3.99722956e+00 5.33174787e+00
  4.93258987e+00 3.31679758e+00 5.80833384e+00 6.27436936e+00
  9.36498529e+00 8.68591158e+00 3.89468947e+00 4.30234338e+00
  1.31786002e+00 1.19961247e+00 2.98142922e+00 2.73021754e+00
  2.32695173e+00 3.02811954e-29 1.48612113e+00 7.66325025e+00
  3.71346402e+00 3.45052272e+00 3.70425415e+00 3.20690149e+00
  7.01686915e+00 1.76583537e+01 1.63658368e+01 8.34325904e+00
  9.11364516e-01 7.91421976e-01 9.45317399e-01 8.39554941e-01
  1.19929000e+01 1.93739566e+01 2.36147884e+01]
 [6.05617431e+00 6.90431514e+00 1.13750413e+01 1.39721822e+01
  1.95743885e+01 2.81096161e+01 1.08637152e+01 8.84589928e+00
  1.56930049e+01 1.43173422e+01 4.45276320e+00 3.97949500e+00
  6.77799305e+00 4.06751585e+00 4.32398887e+00 3.43098627e+00
  1.08404844e+00 7.16076300e-30 1.89524207e+00 1.53849212e+01
  1.21881095e+01 1.85526482e+01 5.02674020e+00 8.84782906e+00
  1.35822860e+01 7.12846409e+00 5.32815282e+00 1.63201786e+00
  1.35494334e+00 1.13192860e+00 1.31005731e+00 9.99285530e-01
  1.13885003e+01 1.88425004e+01 5.26808983e+00]
 [3.95687906e+02 4.17018993e+02 2.40794139e+01 4.09756592e+01
  1.15610076e+01 1.17011978e+01 1.49533795e+01 1.72411673e+01
  2.55894630e+01 2.96355650e+01 1.46955095e+01 2.78475524e+01
  4.84895635e+00 4.98660251e+00 1.18087774e+01 1.03066998e+01
  1.54691388e+01 2.09833363e-29 7.53221707e+00 2.53104532e+01
  8.16895917e+00 1.09969116e+01 1.04438573e+01 9.92473911e+00
  7.03630287e+01 9.61541326e+01 2.44057527e+02 6.82854451e+01
  4.38436522e+00 4.69763651e+00 5.59978937e+00 4.13469162e+00
  3.03129698e+02 1.84054507e+02 7.73970253e+00]
 [2.12966292e+01 4.22771792e+01 5.08588549e+00 7.24603608e+00
  8.26506765e+00 1.13918976e+01 1.13292394e+01 9.99999402e+00
  1.08714862e+01 1.27013611e+01 2.92454981e+00 4.42203792e+00
  1.94154945e+00 1.52763097e+00 4.44688415e+00 3.86030532e+00
  2.38430666e+00 1.02511398e-29 2.62230153e+00 1.02779773e+01
  3.48152955e+00 4.01573199e+00 4.70781487e+00 3.84309095e+00
  6.91777843e+00 1.20549569e+01 2.13073352e+01 5.86485104e+00
  1.00304789e+00 1.21708879e+00 1.83977639e+00 1.23909000e+00
  1.08984603e+01 1.61646073e+01 2.50131631e+01]
 [4.55868688e+01 9.47040077e+01 4.08321198e+01 2.02919567e+01
  3.07813871e+01 4.25607307e+01 2.73418400e+01 3.48268040e+01
  2.58161458e+01 3.29895305e+01 5.24322172e+00 1.12699888e+01
  5.13443801e+00 6.16529762e+00 1.16197800e+01 1.11742902e+01
  5.38924677e+00 2.15409180e-28 5.66823386e+00 2.44723050e+01
  1.87328916e+01 1.08645142e+01 1.22369898e+01 1.31602854e+01
  1.80756750e+01 3.04014906e+01 5.35792512e+01 1.89693895e+01
  2.08998438e+00 2.59606568e+00 3.61351502e+00 2.59906737e+00
  1.85807523e+01 2.33104030e+01 2.16950035e+01]]