[[92.17521813 96.26134    75.00195298 88.56419829 59.88070929 93.94292299
  25.48811178 28.12124704 21.38457171 18.43648232 89.93444758 85.0927529
  82.59014311 49.27318329 24.9114052  23.43237574 89.39662628 81.88361058
  31.92254616 20.77396794 95.09525234 71.585095   48.11985886 44.13912558
  96.83487771 97.01059454 92.72997033 83.48837354 59.41282653 68.01987725
  30.39478922 31.84797408 97.14977707 97.83824137 73.37010162]
 [51.00956308 50.05224423 60.28775635 55.92551881 61.20815062 49.46554474
  55.95271611 53.14705946 51.95434393 54.53485946 44.00714357 35.36754839
  57.2265723  44.790408   57.09734074 57.87315215 58.57767396 44.43555603
  63.0037094  55.64977042 56.37267983 51.19696586 58.48614603 56.95815454
  48.72571582 47.13919243 55.90490451 55.38408775 56.76864207 50.24088149
  58.73778297 58.55313665 23.52700236 32.75935605 60.79138593]
 [54.47570586 53.2983593  73.75307383 85.69558502 45.48394199 54.92504162
  47.6890743  81.40526905 35.70513468 39.18171039 73.78445992 55.16888591
  50.28665794 46.71635656 40.93183403 41.52049036 52.75108551 81.67479669
  43.73978103 39.19589052 62.51967031 57.6368447  48.93678102 47.25883959
  76.80260598 62.74679524 52.61623661 91.85366228 52.44114333 55.9686863
  43.14030274 45.27265366 74.46248995 65.9120517  49.41489715]
 [27.55480334 31.66430054 41.47851079 45.15853978 22.61570748 16.61224433
  22.7659951  23.23332586 20.40606271 19.53616551 19.65480509 18.90192553
  25.79963478 27.49724684 23.70844911 21.96248214 31.43549037 29.87452474
  24.44022731 19.76452353 30.89082582 29.76763727 24.43578863 22.8128191
  28.43902487 29.58821833 33.39536827 25.14957559 21.08499478 25.90418616
  25.38190877 25.9258791  53.82775144 58.70010624 39.61013635]
 [80.63965003 80.24464766 76.52024463 72.76057131 21.3564269  36.65697315
  43.92878818 44.52602558 44.23251149 54.2949989  76.32166087 74.88793939
  40.34114668 36.53814714 45.44158428 46.97568403 76.9157824  42.93043624
  57.74698787 51.67056601 59.66634389 55.99512321 32.5275862  42.7023124
  79.98545676 79.045301   80.32728575 79.21964844 69.48137402 69.68168461
  46.60200209 50.98046286 79.52312437 81.56356656 65.78026715]
 [78.7260442  84.42502199 68.28537473 80.03158175 61.18359316 66.84445555
  52.59751941 44.06641214 49.16523533 53.8082627  53.92784704 77.00283131
  36.70321804 55.50367808 55.32307741 60.71957971 77.53073913 69.71372651
  66.91335445 55.57736924 89.44483918 65.5604549  42.76294421 45.94980452
  75.30698315 84.1579241  82.97704055 82.42737046 63.34541086 68.27660357
  61.67130339 63.55639673 84.93168848 63.97817625 55.30991334]
 [88.11827548 89.86824256 59.28465046 90.92465867 55.85491333 57.07810787
  44.40734827 31.3002055  35.94563587 38.44147218 69.42053361 85.83988888
  54.0123846  65.67091401 42.61056989 31.09806123 80.97199772 59.99898459
  42.03550299 34.46810962 66.45759188 81.60015957 50.20236575 46.59157029
  82.16392484 90.26399977 89.10847619 87.46136348 67.05089214 73.57019284
  47.78197159 39.83739274 89.11925629 80.37302085 61.08024594]
 [67.1789326  68.27874035 76.35660411 75.63960729 63.41080939 51.56029177
  42.46169684 30.77445346 27.32441261 30.17700392 68.20272006 64.78196173
  68.17467569 62.41609046 46.94118877 45.76948848 53.1366619  54.62496871
  54.240429   31.21008279 67.04784309 67.23866758 54.30962794 43.66434242
  68.94577577 69.24787075 67.74764825 59.57021431 63.67496022 65.68548298
  60.07539855 60.16820393 83.9412702  85.60105935 73.50507358]
 [50.40232069 49.89003    37.77670038 49.93726959 27.87089879 24.69345022
  37.64512525 39.05541113 36.49699369 39.72287918 48.54045667 51.06747316
  47.29221192 47.11773612 44.11999871 44.42709859 54.25839979 40.08170962
  48.12602143 40.80886325 52.79214341 50.01899061 45.04998918 41.66009417
  49.62933019 51.56665308 48.69152898 49.63145412 57.26498188 56.02864402
  47.54393665 51.10239965 55.20128649 59.38575897 54.16581468]
 [80.69747007 80.86609987 73.90596593 94.96964201 81.25431901 78.13997939
  48.67240882 80.13275424 41.2413949  63.18064565 83.06759583 97.81709891
  69.04906661 71.18609826 42.38424606 42.35378955 75.57198422 60.36990284
  62.54893647 73.69354265 94.15136568 96.3481117  87.46742315 87.90816744
  59.3035645  97.40113798 78.4401935  78.11400391 69.38588064 94.41883348
  47.17029483 56.12641895 94.58509262 91.74345429 80.83843625]
 [57.79267432 41.99553972 74.56170318 79.00276026 56.04444436 49.97950103
  37.54386634 33.58378852 34.69001415 34.18231197 57.30957987 54.57053013
  43.60707742 42.78622505 44.61228844 37.63096205 62.89081844 44.71558705
  43.13166952 37.82171909 52.22435169 43.6553695  45.31647434 44.56604953
  66.78033487 46.16918059 63.94535749 64.83979321 55.25601736 53.97416232
  43.26572473 75.00099332 84.66061801 52.55677511 48.34663017]
 [61.98356726 68.47606667 81.36902362 88.4849164  56.22618561 56.46967862
  43.19295703 36.82707887 40.35810376 37.74871133 58.58850199 77.52812149
  55.17182457 56.23498187 41.84834215 37.30987866 57.30680564 71.76519806
  39.59061149 38.66466436 70.34043372 74.86209336 52.35189642 53.9492357
  58.88592386 74.97584057 64.12087879 63.21589323 45.89612173 65.86836558
  43.21113692 38.94972885 76.98408979 68.70869598 56.20773182]
 [41.4661777  51.4565073  63.18839251 55.91328604 44.41264271 30.24841814
  19.90564888 18.20217401 14.62975841 17.26868102 51.68372112 41.38963009
  42.21606442 37.63767866 22.67064603 22.8212431  38.53963333 29.8709442
  31.45769706 18.77820541 47.64719105 41.72712379 35.13623043 26.19045986
  47.88987099 49.5548742  48.79872222 41.91048536 51.51235129 40.61888552
  34.87239266 33.95987532 82.4930872  53.64836256 71.21468562]
 [37.13206289 36.45281822 27.97648458 37.92679449 25.71981781 28.44450757
  17.78503889 22.89301183 20.32480407 19.69910899 18.87081072 26.24439362
  16.41354798 24.67457553 20.5980846  20.68541302 18.86628299 26.08775101
  27.49352247 23.10000148 22.0584488  30.30447464 18.69517807 26.94425775
  26.63448899 33.27167831 34.21910555 22.79620202 21.13683475 23.92856506
  24.5142379  19.01369849 70.0863379  68.89545724 46.96431882]
 [79.64490345 73.80195023 74.33005341 73.49373442 43.51309451 55.20525331
  34.91644635 40.61159391 30.85567046 34.65443454 65.48218888 61.99765741
  49.53952263 51.07118912 36.6749031  42.23771723 65.18462125 49.66471505
  44.42947261 34.72862286 63.50442584 61.77854085 41.53319307 45.64141696
  75.66947828 70.15249279 76.90447141 72.90475817 61.0624745  55.88185306
  41.02873293 48.20610097 82.93323206 88.85757239 58.85081097]
 [60.79356934 64.18633668 58.37785511 60.09285399 51.81358136 46.30708223
  38.16978593 33.33356625 28.917679   33.93896866 55.71684511 56.38828876
  55.05529209 45.18047911 45.17835535 41.96433529 56.30243274 42.94901046
  57.96202132 35.08158024 58.28617635 63.36925285 44.38660444 61.93466552
  56.15381149 88.58324669 64.45175941 58.01125942 60.91663459 55.42358156
  53.21096562 52.09005355 66.94298815 66.60616597 74.34489613]
 [51.73718392 51.90162177 54.50558696 43.87139434 35.14114739 31.38085915
  29.9833853  28.14404233 22.2316416  24.54549953 36.65711488 46.16049736
  35.04469225 39.61500254 33.94694942 35.34445506 56.46768935 39.83999414
  42.9101819  23.89521565 54.09817659 44.29274033 52.65326008 30.71156911
  33.36773446 58.14503387 78.77237656 52.47186782 47.06087142 44.93853437
  47.49680728 48.24152154 50.49630838 52.09949097 60.33042649]
 [71.06649388 69.33556361 79.13829449 76.33937185 63.79387462 64.07962812
  41.01012282 29.21530163 36.71690304 32.72365909 70.01208456 67.1379105
  46.49744991 40.93523957 35.88664777 32.05257021 67.20311101 46.86025119
  42.47109532 40.29264327 70.89365105 70.73285224 42.1289437  37.96059645
  71.48743836 68.31158058 70.0642778  69.15610988 65.37504533 59.97367409
  35.15565388 33.80007727 72.27016969 76.50869097 62.94189802]
 [80.24856515 81.53155069 57.86859486 67.990453   47.10840804 50.20175618
  40.51291264 45.55904179 44.07567166 42.30140186 60.96196036 71.99882929
  43.9687234  49.08841612 41.8903939  43.47810463 64.796485   48.75157718
  42.65584762 45.31056307 52.59007636 56.96844608 44.02774995 56.19566416
  72.68284442 78.25488453 80.97537981 75.03183324 56.92696766 60.86749978
  41.98712445 45.81937793 83.56622093 84.93661375 68.55105301]
 [78.9411361  75.34298439 95.3427548  87.57502751 92.22445744 84.31576318
  76.26398141 85.27130747 51.33067697 51.56805056 80.3170039  85.69314486
  76.24675739 56.1279142  44.91993539 57.30806645 79.78159663 91.12738335
  64.5744825  60.29295414 93.85717794 90.31634047 64.53429471 81.17699411
  91.26825574 76.51397546 66.28575981 90.70844701 67.60119289 61.84979292
  35.74932309 32.8090022  81.79583995 89.17503845 73.74047067]]