[[ 0.5132712   0.34008381  1.18305204  0.7797586   1.76705714  0.18150321
   0.57680384  0.33790207  0.30676598  0.4433198   0.48192801  1.10065335
   1.87254424  2.01931751  0.81918291  0.63969207  0.44739556  0.41089146
   0.78695006  0.36967042  0.43662176  1.63323824  1.04267734  0.7541388
   0.18861212  0.27211338  0.56305966  0.84786661  1.60709546  2.06786687
   1.34232057  1.18637132  0.28657435  0.20611879  2.19445707]
 [13.93416376 15.44797955  6.21604609  9.70873665  3.375071   10.32225922
   1.57758679  2.44633801  1.57594553  2.90277665 13.30109333 21.19957885
   2.22878116  7.78613374  1.53460422  1.5881783   5.98647047 10.7870686
   1.60082     2.45889778  6.27589052 11.26540871  1.51173142  1.99593428
  14.01460777 14.37176724 12.45903984 10.75890727  4.57272011  8.97760041
   1.72801146  1.74757033 34.57319154 29.639487    7.49584606]
 [ 3.53984666  3.54332986  1.97372803  1.34543267 10.23120342  4.82451527
   2.76636695  1.01744509  2.26585401  2.0655841   1.81373931  5.04174239
   3.69413038  3.43074885  3.25406145  2.90675004  3.6331007   0.94227358
   2.9246944   2.34218956  2.78854392  4.96830863  2.76442475  2.90649758
   1.69836201  2.78051506  3.54891971  0.59670976  3.44376232  2.87530432
   3.9064537   3.36279335  1.95733592  2.77838213  2.47831637]
 [22.62562814 20.32703107  6.55057155  4.30217162 11.01004886 18.17110963
   3.31207989  2.02159533  2.75132678  2.71886603 17.7647658  22.94379061
   4.9515946   3.16545906  2.05118023  1.75584649  7.51870886 10.65416369
   2.03986569  3.08765238  6.12549806  6.71875234  4.47964109  4.66374905
  20.90654626 11.66182871 18.38509778 23.2056331   9.50198745  7.18574879
   2.05828315  2.34561255 14.63489995 13.64912951 13.11033617]
 [ 1.6990957   1.68547503  2.21526801  1.86097263 29.168973   15.24300544
   2.68738384  1.72375469  4.9037045   2.21394656  2.40701884  2.03239305
  12.91563816  4.05611324  3.24553564  1.84623932  1.95925287  7.94732545
   2.17619703  4.15303801  7.47079452  3.42295927 15.85768205  4.24987613
   1.88264104  1.72347619  1.71343661  1.79326752  2.88882441  2.65430842
   4.18702201  2.3662659   2.02962211  1.53239595  6.18876935]
 [ 4.58646102  3.38870436  8.35575453  5.41028864 11.83293084 10.76837847
   4.5417777   3.43218599  3.75797626  4.73498683 12.52173728  4.63569465
  21.79993205  7.60889764  5.75944404  2.68172411  3.32877226  3.89830597
   2.1901788   4.15896378  3.56372651  9.42883293 21.60906319 10.48894316
   7.73610749  3.2147782   3.07451401  3.14517286  5.15760841  4.76156071
   4.99635431  2.9108918   4.84479504  8.65159475 11.41415279]
 [ 0.64640793  0.52348984  2.53188909  0.36597682  2.32152432  2.75099588
   1.97998571  1.56445634  2.33127044  1.37173399  1.70525175  0.63440281
   3.60643767  1.9281784   1.65926371  1.61666556  0.81432799  1.90482497
   1.45573782  2.02111697  2.92305595  0.89067516  1.8107195   1.8914433
   1.0592683   0.43811982  0.58901623  0.64720529  1.79674173  1.28661814
   2.04714443  2.155287    0.77964776  1.8908832   4.78816399]
 [ 4.55460697  5.62982401  2.54877302  2.69603231  4.37139176 10.56503384
   4.81448933  3.62863541 12.37743187 14.25155326  3.23099847  3.56230643
   2.21234893  3.17868869  3.08364428  3.17164197  1.91244887  5.97052249
   3.01443313 12.35977992  3.08715543  3.35042133  2.98932704  4.51234213
   4.14911554  4.65118695  4.81750824  2.57481472  2.01918554  2.17467073
   2.23972637  2.48360607  2.81167407  3.02054101  5.39419859]
 [ 6.71131391  7.2434683   9.39546864  3.52382851 15.91873427 16.02315448
   1.21292849  1.21247411  1.07137172  1.41106021  4.66244146  3.88853025
   1.91743125  3.33548168  1.19130833  1.1196463   3.99640403  2.20538379
   1.12619009  1.25114805  2.86916285  3.04239782  1.37377238  2.86087621
   7.55695499  5.63207767  7.08556022  6.47374166  2.37582471  2.69208241
   1.62503381  1.40381815  9.09660344  7.36725962  3.78173838]
 [ 4.13895147  3.34126182  4.18820353  0.48143496  3.22539229  1.84122719
   2.58487495  0.54054835  2.03993847  0.78664417  2.90896668  0.15284191
   4.4504907   2.88371714  2.29849974  1.30885603  2.94110931  1.59673033
   0.97780036  0.83528375  1.02648534  0.41445133  1.36610709  0.82570639
  12.11675239  0.30628531  3.05875503  3.67879408  3.14300463  0.57142389
   2.82923668  1.70802632  1.21282667  2.01689506  3.86886538]
 [ 2.71816968 14.19136701  1.19641642  2.08619341  1.37084718  3.12883799
   1.66223201  7.52386291  2.01220475  4.01674987  3.8673652  10.20143136
   2.42698801  3.94629964  1.58769117  2.57301723  2.23037942  6.36215132
   1.78111606  2.61826761  2.84540075  9.17097276  1.61274845  2.80668538
   4.99258773 14.88534836  4.81619398  4.38354568  2.19911781  5.11891064
   2.09893442  1.05070589  3.39784702 14.20644061  9.28165701]
 [ 6.85824854  5.23531666  1.46084348  1.22342675  8.44073854  8.70806395
   2.1699017   3.45445116  1.84003826  2.21848366  4.13508417  2.3830378
   4.00680647  6.36498942  2.0899714   3.09674859  3.43305992  2.33849594
   2.21321614  2.28052788  3.60285512  3.92964482  3.74046047  9.18454162
   5.70672389  3.7266275   6.75918549  4.33899864  3.29543945  2.4611488
   2.32247306  2.9884605   3.32972113  6.11073144  7.26138145]
 [ 8.45556081  6.44591837  4.04582299  5.70287048  5.42705557  8.61537792
   4.54944441  7.26166304  6.4487422   7.60998274  6.47056824  8.8233678
   6.49912169  8.44447506  5.93296782  7.262492    7.09007612  6.85138774
   7.83966831  8.18955585  6.24419179  8.28546274  5.60261481  8.18456509
   7.20852172  6.97633807  7.33380027  7.02692416  5.93173322  8.37542514
   7.38773553  8.50651422  1.95883447  6.68684898  4.01555958]
 [ 1.9986933   1.72209068  1.33518949  1.60600442  1.36327683  1.96909615
   1.10596935  1.26236925  1.55011004  2.87058146  1.53239364  2.77161925
   1.96134611  2.47042414  1.35189397  1.34842888  1.42991037  2.29228834
   1.47206916  2.05412127  1.62553231  2.24639593  1.27436144  1.54159333
   2.08336763  2.33263524  2.35818719  1.54927578  1.65906108  2.62175448
   1.58896997  1.18726274  2.59218601  3.50890888  7.3800469 ]
 [ 1.56788849  2.18558207  1.36163867  1.37613589  8.04996912  2.26532205
   1.50334351  1.27979142  2.2593376   1.02820014  1.47996536  1.93269691
   1.90953628  1.95045358  1.5249404   0.84867124  1.55400873  1.95067324
   0.93991564  1.7102829   1.52350488  1.67352351  1.86078657  1.6497532
   1.67473155  2.29613544  1.85343049  1.69696667  1.41256845  1.95887987
   1.52181407  0.99527542  1.34326777  0.88712437  3.60107187]
 [ 3.34919886  3.67732855  2.98063725  2.50723342  3.77467724  2.1666146
   2.11595352  1.23969524  0.76354623  1.06243074  6.49301241  4.44360439
   2.64130585  2.88865641  1.47847511  1.8174871   3.78662328  1.3062181
   1.45956334  1.03063279  3.80064491  2.99923809  3.21000283  1.24386479
   5.68994137  1.53732256  3.40472676  4.93396762  3.41232883  3.49210761
   2.06927739  2.53858249  3.72372672  4.14734292  2.75073652]
 [ 7.59610524  8.98902571 12.05466013 15.90902946 13.8570238  15.70446772
   5.37591279  4.83560951  5.84577258  6.66849202 13.82137417  9.91763564
  17.41047309 15.32328013  3.39853079  4.3429384   3.86691011 15.68980318
   3.26890608  7.17444028 12.70772321 17.06949193  5.08004078 15.58653325
  16.87023361  8.44636464  3.51016009  5.16301576  8.76017719  8.78418992
   4.11817593  4.41555528 14.7511593  16.40210521 10.70635258]
 [ 1.86774527  2.03175808  1.15405205  1.72464774  3.70021575  4.01330944
   2.81675402  2.97886423  2.5860198   3.44811345  1.74652645  2.49421857
   2.65772416  2.79844312  2.10896608  2.61244436  2.04808019  2.69906585
   2.09858129  3.51975692  1.70180344  2.10767532  3.0726942   4.71398358
   1.72771312  2.20842276  1.95408571  2.00963102  1.88035714  2.64739358
   2.2299052   2.60099826  1.80884839  1.52273235  3.1164495 ]
 [ 2.53579657  2.91370787  1.78484618  1.6414638   4.31102863  6.86690927
   3.19499823  3.68938546  2.17221969  3.79580522  2.17610249  2.13037575
   1.86525249  2.25305786  1.32179391  2.12103853  1.730488    3.76680078
   1.37097587  2.92089798  1.84220572  2.00463021  1.52876117  1.62499154
   2.54972429  2.12414021  2.33865848  1.92226068  1.93673482  1.81122687
   1.32685619  1.57707839  2.39576326  2.36316539  4.77064461]
 [ 1.78892117  2.56949435  0.27758041  0.84288434  0.51428196  2.9262221
   0.92512713  0.61971748  1.21419266  1.17775183  1.35462499  1.16359661
   1.26676107  2.30088785  1.5060806   1.23545457  1.30404459  0.5889495
   1.17001417  1.12843956  0.37114767  0.59819439  1.36971318  0.8165494
   0.70587668  2.12511519  3.03910577  0.70842545  2.02725843  2.57369714
   2.5170921   2.4344048   2.40594834  1.16097785  3.2745904 ]]