[[ 3.76758124  1.58381714 12.6763218   5.3701454  24.69211193  4.09720633
  60.00752818 61.46805985 68.46870699 71.70168705  4.61811877  6.13441377
   8.76230686 30.34846117 59.51059035 62.17196898  2.92134378 12.35463108
  51.11599974 69.74363753  2.29572627 15.36934855 37.55804474 43.45521416
   1.40154144  1.15650978  3.2599427   6.08215597 14.1871277  12.57612946
  47.75486687 46.30346194  1.38016054  1.01782321 10.65685202]
 [ 5.52399992  5.10729825  5.58267856  4.40316754  7.0689165   6.4971386
  13.45866896 16.13459437 23.46839043 18.49220227  6.47261682  4.84001832
  11.66806081 13.97000763 11.93318413 12.28236224  5.37685651 10.22361673
   8.66003026 18.5336614   6.55611954  4.98124285 10.33820408 10.95863437
   5.39764945  5.08336665  4.80656825  5.31138424  7.15098575  7.21477295
   9.66627648 10.75674635  4.60956652  4.85648023  8.06372708]
 [12.05477598 12.78235058  5.26388424  2.98972899  8.49051433 11.54152537
  17.293624    7.13576931 36.87122059 32.50370648  6.20662159 10.05128141
   9.84931399 18.60709221 18.17631206 22.60397321 12.28240434  5.80065977
  17.16622671 31.89685356  6.99900489  8.20886221 12.99622914 19.66351503
   5.83691475  9.98605207 12.77858517  2.21947748  8.52992813 10.1961051
  13.05889166 16.79019172  6.72949565  9.08682932 14.35224688]
 [10.24092009 13.75402516 25.08975775 25.46527229 34.30969025 25.83659487
  51.00840249 54.64168491 54.74639676 56.77844472 20.82892436 19.48513718
  34.69507535 40.83316441 49.92050964 54.51519885 31.78188854 29.94321687
  49.29127861 54.6916722  34.5555132  32.85007003 43.55332656 46.51097617
  10.1745888  26.69886587 16.74309134 16.4148303  31.67631981 34.66200448
  47.63291948 45.52636688  5.37566225  6.04851944 17.72169349]
 [ 3.3575748   3.38212121  4.82519299  5.58470671  8.03176019 12.78417047
  21.71893849 29.83911187 21.60245398 20.78742315  4.52667747  4.88670635
  11.85411641 27.91162402 21.77755302 28.43705149  4.35524108 17.62291419
  18.05145335 18.36629011  7.83413757 12.12421323 15.58212376 25.56081752
   3.44322258  3.69326559  3.45108611  3.60929344  7.06498587  6.55671047
  18.06149206 23.6316659   3.23422913  2.95661045  8.93941919]
 [ 3.43150356  2.13388255  4.18965998  2.30411841  4.13405575  4.51967502
  16.03300297 26.59575575 26.1961816  19.84180491  6.06827529  3.77647142
   6.13059369  8.71156335 14.66085515 14.78791803  4.14006954  7.20829652
  11.16868019 19.57707114  1.20368841  4.02476108  7.78760682 13.19883812
   3.04985165  2.41053727  2.91298548  3.22855722  6.88914047  5.81412324
   9.46433143 10.30925685  1.54803851  3.67716949  8.11749644]
 [ 2.83681333  2.09814493 12.80476076  1.88008167 16.20944039 15.70527667
  28.02332357 40.48149448 41.37843378 42.54014235  9.35372126  3.26839181
  14.4710812  10.25697355 29.32021044 41.09552088  4.55351145 15.33633731
  32.23916878 43.28749744  9.98690585  5.00312382 21.55401241 24.29329821
   5.61591167  2.09676634  2.54224989  3.10278296  8.97362505  6.09392322
  21.509729   29.4371032   1.68642519  4.18708343 14.08122663]
 [ 5.14046785  4.27698155  3.87638068  3.81933036  7.47312795 10.38589674
  23.19382496 36.627114   29.40382607 27.03101889  4.43883011  5.63593244
   6.86548765 10.39382188 21.22777622 25.35535118  4.25998874 16.4103094
  17.08884512 26.31635323  5.33299651  5.88966816 13.53968338 21.71258032
   4.06487328  4.31867013  4.29999857  4.25673746  5.198435    5.62655277
  12.27535972 13.98139532  3.10719696  2.30463986  4.85123264]
 [12.29473524 11.7458614  15.99959844 14.64634792 18.44756593 17.42384296
  37.58747641 40.77586792 45.21526561 40.52565266 16.36379468 14.46368961
  20.89113518 19.41521199 31.31824893 33.57699758 15.23904857 35.50788294
  30.24527934 39.77881691 17.3210075  15.74076794 27.30620571 28.82212586
  12.44703597 12.87935287 12.95786167 14.62554463 16.11738944 13.31907775
  24.40915139 26.51077622  9.14065652  6.19443288 19.45635471]
 [ 3.31074769  4.17760219  5.62416586  1.57753438  6.66347528 10.61691648
  36.55267591 15.24512375 47.84698367 30.51447584  3.41698233  0.5540224
  10.68216627 12.68486655 43.66212541 46.00649185  6.96570183 27.57906688
  28.65114539 20.8605378   1.49027839  1.15972806  6.77071588  7.41840933
   3.88713349  0.65107234  5.19535021  4.46714928  9.44669731  1.70041099
  32.34997131 28.27805745  0.70124549  1.09495334  4.67444698]
 [16.18090244  8.74954751 10.46456506  7.17124399 21.22498635 21.95177315
  39.41355724 32.95913363 42.44690017 39.09501539 12.53610305  8.46919518
  20.66761672 20.4947728  27.46346647 32.13824117  9.85125999 23.18100797
  26.87171712 37.73223031 19.26222222 14.01618403 25.8687294  24.677763
   9.19064486  6.73648133  9.81949096  7.84554283 13.95088245 13.57028962
  22.05475246  8.69097062  2.62353509  4.04769198 12.927327  ]
 [ 8.53433921  7.4067009   4.10911843  2.33831228  7.88640334  7.57531496
  24.26231031 26.10805017 28.44624478 31.05305402  9.59535397  4.92493953
  10.45590267  8.75232324 19.56504891 20.04437078  9.40624555  9.74589703
  18.2234332  27.34695253  6.77189853  5.01497555 13.54113939  9.34955603
   9.80128466  5.38319654  7.3699016   8.48467569 11.47854327  7.34115407
  16.20724118 15.50363244  7.55102233  8.49234492  7.26938761]
 [15.23901569  9.47910955  9.19249291  8.62412197 21.09069966 23.30132826
  46.79096093 41.02648881 49.52914457 43.76424558 10.29186439 11.04707952
  18.05317689 18.24710306 38.87958708 35.86720528 12.98840257 32.07435883
  24.95780712 39.19535067 14.34872133 13.37231202 28.57159259 29.79798496
  11.80203259  9.23566251 11.49800666 12.58471512 10.55877337 12.70458688
  22.09397137 21.64530232  3.96989592 11.60000873  8.0483958 ]
 [31.4453809  30.57799495 36.81690211 28.34346319 37.33544144 32.05765562
  47.10795813 38.73954393 44.81954063 42.13038959 39.92444034 32.87118448
  38.31777078 33.61176992 41.47892296 44.17852343 33.00274661 37.38337905
  37.82722982 40.89876727 40.67283278 31.80369212 41.26961434 33.47387981
  36.59719247 31.25223604 31.5989488  33.38500887 36.58134645 31.5430683
  33.80689167 48.94242603  8.65524683  9.11073283 12.54149529]
 [ 5.33260651  7.42964257  9.99064843 10.82219608 21.48814318 20.96820966
  40.76515384 38.4350175  47.44848437 46.32387946 15.13423627 16.32508552
  20.60426973 21.68070707 38.50043252 39.52108528 15.45042934 31.51823025
  38.48466633 44.28594031 16.62844028 16.80695784 30.18746128 29.64309997
   7.84701467  9.58150268  6.23446012  9.10412937 17.99777797 20.72441794
  34.05694799 33.02314548  4.22281806  2.77889409 16.34092498]
 [ 7.83935779  6.92945203  8.76618884  7.3265891  13.18939139 19.17427971
  34.19977332 43.96514795 52.7597331  44.47190872  8.48901235  6.88040727
  12.05938856 14.97482378 26.29121528 30.18380462  6.72555052 32.25508213
  15.75313091 43.4481432   8.86114731  7.66774615 19.4748799  16.50908408
   7.48776641  1.73448073  6.74529153  6.29928133  8.18714745  7.27551389
  15.33499326 16.30865749  6.14264208  6.74820886  5.95850502]
 [ 9.32724235  8.60871671  6.40867956  7.57107688 11.13029094  9.29082429
  36.68344966 44.15154181 53.64165459 47.67445728  9.83871256  9.70934662
   9.42209369 10.00273038 39.40912922 36.22028274  9.96538817 15.69364505
  30.76800463 48.5898969   5.58720083  5.29625171 17.71994527 18.83605344
   8.37358966  7.54064776  3.93943728 10.98224176  9.97419253 11.52268274
  23.07915336 21.24165277  5.44057449  3.4815949   6.41670916]
 [ 7.45282989  8.71081938  4.49277894  7.43944494  8.38204342 10.72613909
  22.27622709 38.63530868 30.8980289  34.30047157  7.18345978  9.22241427
  20.91915004 32.03032569 29.98085113 36.72857824  8.37241169 21.7826485
  26.03186574 26.24057297  6.78465879  9.65282035 22.3054849  28.54229197
   7.09375093  9.14626531  8.10867567  8.17939374  8.69672662 12.57788934
  31.29000616 35.71867958  6.71221166  5.72230626 12.90082336]
 [ 3.77995593  2.92777668 10.09598546  7.13298533 13.2339492   8.9741077
  18.71912355 16.87039528 22.02633128 21.94876261  9.29056514  5.88723511
  18.60324492 14.68195291 22.13744901 21.87996645  7.37531987 15.46295819
  26.58173712 21.63751455 12.39293919  9.86659739 18.39818471 12.71989064
   5.80549237  4.11818292  3.53130479  4.93547282 10.99151024  9.71229904
  23.72720923 21.65468332  2.36271971  1.9945876   6.22329147]
 [ 8.54688817  8.86297742  1.04866147  4.16082518  2.16392227  3.62711291
  13.06110996  7.76102891 34.26095537 33.65737228  5.88173325  3.73461405
   9.84310597 24.08622237 32.66673127 25.80542876  4.39723928  3.11727851
  18.30548464 26.2545539   1.53701975  3.10236632 17.86248048  8.97262808
   2.94435413  8.52086205 13.3840405   2.72853961  8.19728975  9.440069
  32.07747607 39.37455239  6.19705243  3.33089876  5.97076902]]