[[ 2.20841426  1.12060446  7.87198295  3.6386323   9.27056272  1.19748713
  10.20940374  6.98562769  6.70187929  6.23093739  3.37046507  4.96468102
   3.94037976 10.33660022  9.92402658  8.67263081  5.77190346  3.94607671
  10.44142006  6.06090744  1.39813868  7.51435412  9.37097955  7.47048656
   1.02888567  1.01907896  2.1573139   6.94188636 19.28068164 11.67262806
  13.51205124 12.82223271  0.62275614  0.58622231  8.32983656]
 [12.57675951 10.21728045 18.23665142 16.06603361 21.45059649 18.2689254
  23.34520685 21.84404012 17.75593315 18.09801698 16.00650351 10.14276224
  22.47445857 21.13487256 24.31247718 23.06340818 21.17130005 18.27876676
  22.12301493 17.59061845 20.03960866 14.98690921 24.40541948 24.29061872
  12.01470309 11.66416296 10.74051662 13.42337192 22.74284423 17.41157772
  24.9755536  23.87854584  3.99913595  4.42561126 12.66145196]
 [13.91994416 13.71005577 11.06012724  5.41854788 11.87955583 12.15784598
  13.82162117  4.69113696 10.18426002 10.88890724  7.86186974 12.8003601
  14.27313255 10.39825451 13.94969955 12.17955484 13.88759571  6.03056481
  13.21392837 10.84480066 14.33483787 12.41854463 15.02104462 11.83714127
   7.55643651 12.02448067 14.34193211  2.42600827 13.48677386 13.23347555
  12.604268   12.13454201  7.02883513  9.1761232  12.3261333 ]
 [ 4.28644483  6.56964553 10.08708415 12.8245015   9.61411108  8.01607691
  10.32862988  9.68176608  9.20956088  9.02999424  8.25152899  7.59229623
  14.5891376  13.44837293 11.25230698  9.99646081 13.99757886 10.60637562
  11.74734923  9.77390892 12.07283416 13.11757267 12.38233589 11.55242218
   3.78802692 10.46957437  5.88222     5.14110398 12.8930993  12.72042822
  11.93364934 12.49589049  5.11082233  5.2358588   6.8425262 ]
 [10.98502823 11.37454721 11.44866997 15.01363405  8.03049416 12.6698803
  16.55788359 12.77932826 13.57270745 12.05068342 11.4216365  13.06239139
  13.04549823 14.54639627 13.37645059 10.57942035 12.35290631 15.65562998
  10.84667648 12.94388685 13.16408978 18.06246601 12.44473538 13.60420075
  10.87609032 11.90074059 11.10113281 11.67021131 13.09979899 13.61197
  13.12187009 10.60228852 11.58487759 10.91924286  6.69831926]
 [ 6.26601075  4.2734949   8.89913687  4.79868012  7.39848205  8.12372751
  16.97920138 15.10243873 11.87441485 12.16701879  9.18348508  6.64593069
  13.07660538 12.96670852 15.23754094 13.81064562  8.65193931 11.61769598
  13.04434947 11.88826126  3.37005048  5.93816755 13.13572869 14.45114366
   4.16486866  4.30204651  5.84440629  5.85473106 13.34600541 11.3834769
  14.78747868 14.9515382   3.13013748  6.26208222  9.43034138]
 [ 6.34657909  5.74501161 16.61643741  5.24325401 15.9617067  13.02899905
  14.37255622 13.44894276  9.06820807  8.09127538 10.43232656  6.14330748
  13.7431385  10.39323924 13.48405288 11.84978586  9.0755118  12.46994461
  11.55574448  8.68487175 12.48097954  7.33473418 15.10259556 13.38044306
   7.30428169  5.26741169  5.84073706  6.08219776 10.45716917  9.21250025
  12.9230224  12.34785967  6.58801472  8.5637062  10.22983704]
 [16.27008844 13.13961382 12.72542255 13.40206841 16.60144623 12.9105587
  18.26797533 15.49355939 12.99280908 11.44668514 18.19691302 19.18488011
  14.61672655 15.833348   17.65534801 14.7609304  36.71110592 13.15698946
  16.06329438 13.24622931 18.14261063 16.48646251 19.91416075 18.59018856
  16.12820414 14.81992504 16.02738464 29.048118   23.73078982 20.5460475
  16.02403496 14.93184193  5.69606998  4.42077366  6.75371004]
 [16.82412511 17.00799477 18.30655684 19.64118491 11.10925389 10.70754845
  15.22235605 12.44228952 10.10583875  9.89495574 16.22196707 17.12092715
  15.42876998 14.53097002 12.44331925 11.01127364 15.84263828 12.85193718
  10.72179669 10.18236906 16.43356937 17.56285146 15.72456175 13.9365759
  15.2550807  16.74594448 16.97370209 15.82549394 14.32072594 15.43836064
  13.10418906 10.59201396 11.42313861 15.55147975 13.07021715]
 [ 4.49822654  4.89913599  7.50116171  1.85069122  4.3392482   5.38023388
   5.80027889  2.25921114  3.70261664  2.68100692  3.93902551  0.98130198
   7.78770665  7.76608323  5.70351597  5.58023684  7.73868259  6.05518255
   4.38336865  2.16930866  1.68227063  1.31065875  2.21753342  2.18631736
   4.30030682  0.89710992  7.04900203  6.35728314  8.9363635   1.7052999
   9.49281187  8.17780253  1.28279789  1.59124646  3.49433928]
 [13.64781918  7.45805226  8.54955889  5.88267802 13.02976723 13.21947949
  10.68514747 10.54824313  7.99422678  9.1142302  12.39853439  6.71459904
  14.66121893 13.17219515 11.31508593 13.14743957 15.49879593 11.08265775
  12.36842991  8.68395462 14.25506647 10.6576393  13.53353079 13.77002773
   8.92919864  5.64073699  9.57126123 12.57963167 15.34512746 10.90490893
  13.29482093  8.05351559  2.8663669   4.29456188  9.14184575]
 [11.10965959 10.06189868  9.59429211  5.48036624 12.38221822 12.33440879
  19.93951423 21.38945264 16.71909836 16.87586991 18.05299839  9.88018612
  17.72919176 16.76476198 22.03393347 24.46244809 21.6712736   9.60757354
  24.96677386 18.68174962 13.14643261  9.90212608 19.99232985 15.0452923
  14.76746168  9.0260917  10.42904176 15.24717061 27.59050245 16.9702855
  22.89424871 28.18246443  5.06300972  6.92617714 13.74144362]
 [ 9.85712141 12.02604699  9.71516771 10.44990884 11.01485486 10.89032863
   8.28932698  7.49128852  7.09703084  7.6530412   9.0554983  11.17634624
  10.0743715   9.86535295  8.6342678   8.57703516 16.21561164  9.66680569
  10.03742178  8.86295105 10.60466137 10.1960435   9.96885611  9.46055508
  10.24390824 11.65569536 12.26418109 15.71780409  9.95195971 11.66710908
  10.49758302  9.88804501  6.43610091  9.84880704  6.14405615]
 [22.11871698 24.23098143 26.57273067 25.74862937 26.20543805 28.82897484
  22.48465871 23.940825   20.55981063 18.70025337 30.33442276 29.44358823
  26.92594002 29.29118176 23.92035643 21.7019234  40.11107542 23.40996324
  23.38613745 20.60918716 26.26888174 28.14841329 26.40532181 27.52120151
  26.81076456 25.20526377 24.03965202 35.51226621 31.5579101  32.51775172
  27.71702585 21.27980756 12.02418844 10.80018791 16.46406889]
 [ 8.93690524 10.0854855   9.00498455  8.77608167 10.6815813  11.34443968
  10.09339281  9.88488793  7.35923938  7.80420368 10.05878125 10.69025596
  11.48088463 11.88806299  9.27490165  8.41040401 10.22763608  7.33106797
   7.27658204  7.70584416 10.475709   10.56482566 11.63545485 11.26691936
   9.28369051 10.81868064  9.51275343 10.07388828 10.51990662 10.22380945
   9.43574017  8.88559983  7.74721458  4.96590362  8.00858778]
 [20.33273223 17.73122305 22.9288105  23.98845487 22.9213848  25.15075592
  17.82106332 14.34207316 10.3150747  12.29186118 17.92662895 23.32496882
  21.50653442 27.81625451 19.33459348 17.53770057 24.9588158  17.30979435
  17.86327759 12.82230997 19.8068907  19.50697886 24.17110628 14.99448907
  20.27924748  5.28568256 17.90551038 20.7276935  18.98996739 25.61210817
  21.32245611 20.45382828 15.40871601 14.0556808   9.08825109]
 [20.43280396 16.93482153 15.31173568 15.17445981 15.44239962 10.80052625
  14.78781497 12.33451671  8.25053187  9.51636323 19.4209566  17.34416241
  12.67317096 14.4819995  14.36774115 14.48967937 21.25333595  9.37279857
  14.74600717  8.92172786 12.22511859  9.36781693 15.10065653 14.14589537
  15.76773341 12.81351175  8.35237985 22.00645352 19.50357307 17.24231498
  15.87440273 16.53041687  7.43342204  6.02605576  9.09705407]
 [14.41118519 14.13771991 11.35813114  9.1052428  14.61784802 12.75070098
  18.71767345 16.19606557 13.26008361 12.82310218 14.90578457 13.31821379
  15.61037709 12.97121526 15.21618218 14.68302392 15.67380969 17.02914586
  15.44802964 13.51002779 14.24784324 10.29433432 17.06790189 15.79150767
  14.40865128 13.78569053 14.2863663  14.66814618 16.28605688 14.76581049
  14.59896508 14.10193151 14.46324901 12.22163386 11.96780403]
 [ 7.55084491  6.07507126 22.59297221 15.82947737 24.03241541 18.42701757
  25.2538389  21.23056258 20.48451145 18.55328152 19.42607047 12.89400738
  24.44120008 22.65192866 24.30316805 21.62022595 19.37389312 19.63292442
  19.67834208 18.95706916 24.71827018 21.29847586 26.48865169 20.63648513
  12.03217134  9.12956362  7.35813242 12.30717166 21.51720941 19.16700362
  21.83366191 19.82858881  6.0540738   5.41063334  9.29976072]
 [ 5.13280113  6.75523185  2.47601388  4.78114965  3.32476132  3.74525867
   5.0404212   3.31452278  5.89280729  5.76095917  8.06628899  5.91831391
   6.83571378  8.33776629 10.19145126  7.59774786 10.59515665  3.28756663
   9.08424339  5.82925173  3.04269387  3.92056812  8.80773583  5.11293045
   3.06673262  7.0567306   8.68333592  3.82618409 15.3854476  17.29023346
  15.9322485  13.48432947  4.30980844  3.58958755  6.49637604]]