[[3.11513159e+01 3.36984409e+01 4.45884868e+01 5.94213534e+01
  9.10582862e+01 1.60586810e+02 3.78596130e+02 8.06155614e+02
  7.86006082e+02 5.61935426e+02 1.57751690e+01 2.22375146e+01
  2.37512926e+01 2.21689550e+01 1.67538201e+02 1.86918650e+02
  8.34899665e+00 1.97695235e-27 4.68289005e+01 5.62235220e+02
  3.53388596e+01 5.43091760e+01 1.21617539e+02 1.96863050e+02
  2.19189685e+01 3.17614774e+01 3.02776278e+01 1.44197663e+01
  5.19672332e+00 5.35583508e+00 2.38561875e+01 1.64958070e+01
  1.33948602e+01 1.33418173e+01 1.64345355e+01]
 [6.00622911e+00 6.39674679e+00 5.43769397e+00 6.21803847e+00
  5.08821416e+00 5.76646096e+00 6.85160831e+00 8.73550098e+00
  1.21085311e+01 1.13967627e+01 3.74009596e+00 3.92977314e+00
  2.87848399e+00 3.39206012e+00 4.58808175e+00 5.34283141e+00
  2.66205501e+00 6.29158353e-29 2.88907855e+00 1.10616935e+01
  4.05613438e+00 4.42044625e+00 4.84385787e+00 5.37430297e+00
  5.20757356e+00 5.25866095e+00 5.72334352e+00 4.50879233e+00
  1.94104678e+00 1.45713056e+00 1.96421241e+00 1.92630592e+00
  1.38093292e+00 1.45654359e+00 2.04494953e+01]
 [1.37312301e+01 1.35318043e+01 1.65623817e+01 1.60820454e+01
  2.19428049e+01 2.33327183e+01 5.14745914e+01 6.15462142e+01
  1.41128572e+02 1.14714898e+02 9.12242925e+00 7.17171182e+00
  9.97012132e+00 9.94139282e+00 3.91246774e+01 3.61951319e+01
  6.15816959e+00 4.17873736e-29 2.59606629e+01 9.29414706e+01
  1.14777906e+01 1.02643939e+01 2.79454148e+01 3.05490146e+01
  1.18555240e+01 1.18456288e+01 1.31383267e+01 1.03267629e+01
  3.66188403e+00 3.82785104e+00 1.54129105e+01 8.87025775e+00
  2.64117457e+00 4.07596774e+00 5.08462300e-01]
 [4.99954414e+01 5.36497749e+01 5.11692304e+01 6.37031924e+01
  5.97510262e+01 8.13012408e+01 1.23533867e+02 1.71763352e+02
  1.93521587e+02 1.98628164e+02 2.36162046e+01 3.05640608e+01
  1.08733841e+01 1.97484241e+01 6.47097703e+01 8.39410043e+01
  1.88238118e+01 2.45588674e-28 4.64913337e+01 1.61946659e+02
  2.98045330e+01 4.56874637e+01 5.03697775e+01 7.45994479e+01
  3.82359311e+01 4.29160452e+01 4.98897159e+01 3.37186040e+01
  1.01090795e+01 1.15377817e+01 1.92341789e+01 1.62822321e+01
  5.88711648e+00 7.59910465e+00 4.28732025e+00]
 [2.90013518e-28 1.17076188e+01 1.56479006e+01 1.31239358e+01
  1.76093618e+01 2.19339988e+01 3.39363473e+01 7.27622883e+01
  5.68817917e+01 7.00038591e+01 5.14879565e+00 5.42203989e+00
  3.66103148e+00 5.11288585e+00 1.89261641e+01 3.30639378e+01
  3.83429196e+00 1.16157216e-29 1.37205941e+01 5.46493080e+01
  7.84458621e+00 9.16513684e+00 1.49698489e+01 2.27139640e+01
  8.65911741e+00 7.77287977e+00 1.11690886e+01 6.40295012e+00
  1.89235742e+00 1.71016023e+00 3.94725604e+00 5.07223160e+00
  2.63601024e+00 2.49507075e+00 4.40125552e+00]
 [3.66678488e+00 4.22093219e+00 4.13841789e+00 4.33369287e+00
  4.69333096e+00 5.58425910e+00 7.98138346e+00 1.92531164e+01
  1.76774962e+01 1.39332329e+01 2.03355301e+00 2.25389804e+00
  1.92022890e+00 2.08125634e+00 5.04608331e+00 6.23667961e+00
  1.54908562e+00 3.51502057e-29 3.03415878e+00 1.33473779e+01
  3.13868193e+00 3.34876474e+00 3.88387689e+00 6.08862828e+00
  2.86578177e+00 3.13450479e+00 3.75010741e+00 2.39214181e+00
  1.04988724e+00 8.67879784e-01 1.49146209e+00 1.35896962e+00
  9.65727903e-01 7.39810825e-01 2.01461829e+00]
 [1.81559968e+01 1.73230490e+01 2.00657452e+01 1.99472572e+01
  3.38894679e+01 3.21715509e+01 9.60830525e+01 1.08821732e+02
  2.17597494e+02 2.47795805e+02 1.04882635e+01 1.05101359e+01
  9.12300504e+00 7.85416561e+00 6.69115731e+01 7.67986417e+01
  8.18772380e+00 6.69667453e-29 8.24826940e+01 2.11822984e+02
  1.53689011e+01 1.43535091e+01 4.08140659e+01 3.72128616e+01
  1.41951636e+01 1.37423003e+01 1.74071179e+01 1.15203247e+01
  6.63972636e+00 4.93184230e+00 1.91441837e+01 1.87057030e+01
  5.56111482e+00 6.87101420e+00 9.46371240e+00]
 [1.05440336e+01 9.42020526e+00 1.00785794e+01 9.38857577e+00
  1.24059975e+01 1.21824901e+01 3.28864828e+01 4.74347228e+01
  4.83440932e+01 3.79477373e+01 5.37834141e+00 5.28428430e+00
  6.31637361e+00 5.29105919e+00 2.28401273e+01 2.52374508e+01
  4.36403073e+00 6.16208206e-29 1.13561037e+01 3.46899867e+01
  7.20968858e+00 6.51677340e+00 1.48621110e+01 1.54542586e+01
  8.31609920e+00 7.38282093e+00 9.65634906e+00 6.78035632e+00
  2.48847760e+00 2.02825763e+00 6.62612151e+00 6.28254318e+00
  2.71085273e+01 1.47997168e+00 1.00701207e+01]
 [1.70422058e+01 1.52096444e+01 2.07392705e+01 1.32108300e+01
  2.82334926e+01 2.10753031e+01 4.73836694e+01 7.58478368e+01
  8.00906077e+01 8.44596039e+01 9.66122259e+00 6.92002378e+00
  7.27646279e+00 5.04285036e+00 1.68404642e+01 2.10119958e+01
  6.80863527e+00 2.39794714e-28 1.16883321e+01 7.25869114e+01
  1.47223846e+01 8.60876822e+00 1.96949876e+01 1.95693216e+01
  1.29515772e+01 1.01261463e+01 1.49739782e+01 1.03255898e+01
  3.81799022e+00 2.80972313e+00 5.37078293e+00 5.17215742e+00
  6.01045330e+00 5.64511791e+00 2.59034016e+01]
 [3.91700874e+00 3.55820537e+00 3.89535787e+00 3.77241043e+00
  4.66325149e+00 5.26838867e+00 1.59345067e+01 2.11978122e+01
  3.69728619e+01 3.76246274e+01 1.65187363e+00 2.60461476e+00
  1.33201982e+00 1.92619420e+00 1.22362487e+01 1.34148060e+01
  1.53852698e+00 1.65778929e-29 9.70007635e+00 3.13231785e+01
  2.12732254e+00 2.86969747e+00 5.59882612e+00 6.79287009e+00
  2.58888755e+00 3.10072760e+00 3.79280406e+00 2.21723208e+00
  8.75046990e-01 9.38197871e-01 2.71588938e+00 2.74505803e+00
  8.65390961e-01 1.51937300e+00 5.40126646e+00]
 [2.98105018e+01 2.93336334e+01 3.97187698e+01 3.33550490e+01
  6.04311983e+01 4.53788459e+01 2.01837833e+02 1.59499657e+02
  2.49995360e+02 1.86552401e+02 1.14442631e+01 1.19950927e+01
  1.44601537e+01 9.04195322e+00 6.28926436e+01 6.44547372e+01
  7.76959207e+00 3.63797028e-28 2.69653914e+01 1.69137339e+02
  2.39018174e+01 2.05234547e+01 5.05261765e+01 4.26750735e+01
  1.87757523e+01 2.29853755e+01 2.72056013e+01 1.35746043e+01
  4.54378979e+00 4.00273425e+00 1.29494142e+01 1.00420046e+01
  6.70143491e+00 7.96837904e+00 1.06039838e+01]
 [1.08881418e+01 1.15967038e+01 1.08012104e+01 1.12677364e+01
  1.15810339e+01 1.15161689e+01 1.60791045e+01 1.60952954e+01
  3.18239264e+01 2.84210036e+01 6.04934698e+00 6.39744663e+00
  4.50975162e+00 4.34361419e+00 1.07149612e+01 9.63610955e+00
  5.15270223e+00 3.86442516e-29 6.36452286e+00 2.67564978e+01
  8.48610307e+00 7.97017124e+00 9.76448633e+00 9.96294677e+00
  8.40001742e+00 8.63249983e+00 1.18767108e+01 7.65904095e+00
  2.98901029e+00 2.89544556e+00 3.44882961e+00 2.88225862e+00
  3.31695238e+00 1.45143468e+00 8.45396298e+00]
 [1.08328541e+01 1.19926910e+01 9.90747969e+00 1.08042138e+01
  1.31594401e+01 1.15786226e+01 3.15449454e+01 2.65499430e+01
  3.22681088e+01 2.36651973e+01 4.93950771e+00 5.79606818e+00
  4.35353015e+00 3.88713255e+00 1.67665419e+01 1.18581182e+01
  3.89479739e+00 5.38728325e-29 7.43647105e+00 1.97714089e+01
  6.27113875e+00 7.07596463e+00 1.36123374e+01 1.13541409e+01
  7.52917997e+00 8.01950045e+00 1.11096803e+01 6.13729251e+00
  2.07739220e+00 2.12383272e+00 5.19395238e+00 2.86565033e+00
  2.60002496e+00 2.18858391e+00 1.53143300e+01]
 [4.64505035e+01 4.74748064e+01 4.08992772e+01 4.23522560e+01
  6.46681984e+01 4.95076956e+01 2.24254938e+02 1.92382667e+02
  2.22039865e+02 2.41349117e+02 2.06762073e+01 2.74508479e+01
  2.20310697e+01 1.19275859e+01 1.35058512e+02 8.08087155e+01
  2.29914685e+01 1.87677994e-28 5.55437672e+01 1.67558526e+02
  2.76189043e+01 2.74281740e+01 9.29459653e+01 5.28975575e+01
  3.34459661e+01 3.80603454e+01 4.57950291e+01 3.31777486e+01
  9.45420170e+00 1.10044253e+01 3.71435010e+01 2.19563161e+01
  1.57055714e+01 1.06369279e+01 7.08784785e+01]
 [2.35661407e+01 2.57032538e+01 2.23620889e+01 2.16609227e+01
  3.05209375e+01 2.11094313e+01 7.58550408e+01 7.74461185e+01
  1.14522064e+02 1.25397879e+02 1.08662652e+01 1.29543006e+01
  1.59789959e+01 7.28792214e+00 5.73577435e+01 5.11618126e+01
  1.15553743e+01 5.88242742e-29 3.32144913e+01 9.85341617e+01
  1.61716904e+01 1.27908891e+01 4.05714318e+01 2.58936624e+01
  1.79873880e+01 2.06091795e+01 2.44516883e+01 1.73476562e+01
  5.74642611e+00 5.80528384e+00 2.20292371e+01 1.12980219e+01
  4.74618593e+00 5.74304915e+00 4.25487846e+01]
 [4.38187042e+00 4.75116750e+00 4.76978028e+00 5.04599366e+00
  5.94324038e+00 6.90656548e+00 1.10416934e+01 1.50623605e+01
  1.91889919e+01 1.75600801e+01 2.27674140e+00 2.60738444e+00
  1.69293953e+00 2.20055962e+00 4.92094295e+00 5.82345954e+00
  1.52927774e+00 1.12312100e-30 2.26561321e+00 1.46581561e+01
  3.09265848e+00 3.49981488e+00 5.10480746e+00 6.83940805e+00
  2.96901978e+00 3.91970785e+00 4.54220658e+00 2.86634031e+00
  9.12318172e-01 7.16580213e-01 1.32781944e+00 1.57691941e+00
  2.29998095e+00 3.24714775e+00 4.25304513e+00]
 [6.92555101e+00 7.13446188e+00 6.12907608e+00 6.86573016e+00
  7.50436125e+00 8.73993082e+00 1.44655036e+01 1.42639511e+01
  2.37494664e+01 1.76526649e+01 2.16050923e+00 3.13995289e+00
  2.69702205e+00 3.80955667e+00 1.02641853e+01 7.73725045e+00
  1.88760128e+00 3.17634850e-29 4.76315818e+00 2.01530878e+01
  4.14821673e+00 4.87364964e+00 7.67483000e+00 8.09021083e+00
  4.22043527e+00 5.09760146e+00 6.16408572e+00 3.09451553e+00
  1.05369462e+00 1.26929871e+00 3.17156152e+00 2.36810292e+00
  2.28772116e+00 1.99671620e+00 1.25495090e+00]
 [3.12860749e+01 3.31703407e+01 3.40622843e+01 3.76238217e+01
  6.09409721e+01 7.89100888e+01 1.27531244e+02 1.77634923e+02
  1.44428498e+02 1.58247844e+02 1.57018509e+01 2.11433864e+01
  2.61951108e+01 3.37136530e+01 8.63946960e+01 8.68549796e+01
  1.47387729e+01 8.99999972e-29 5.34711690e+01 1.17660244e+02
  2.58473048e+01 3.24184936e+01 7.69117798e+01 8.79389739e+01
  2.21421423e+01 2.64053038e+01 2.94359210e+01 2.19579907e+01
  7.83399256e+00 8.00860920e+00 3.80420755e+01 3.32806692e+01
  6.64071719e+00 5.75474049e+00 1.55354078e+01]
 [1.20356407e+01 1.11861916e+01 1.75547733e+01 1.06829406e+01
  3.97135286e+01 2.37785513e+01 4.39235947e+01 3.12542404e+01
  2.54551965e+01 2.20486578e+01 6.49329598e+00 4.70927150e+00
  8.53211935e+00 4.29030577e+00 1.78890274e+01 1.24737287e+01
  3.52537271e+00 1.03665876e-28 7.02531157e+00 2.10116849e+01
  1.53760953e+01 8.08326568e+00 3.24454858e+01 1.80428161e+01
  8.91817982e+00 7.64714419e+00 1.12104325e+01 6.22376925e+00
  2.13720771e+00 1.89433136e+00 5.36249066e+00 3.39867699e+00
  2.71318167e+00 2.26827754e+00 5.28677881e+00]
 [2.57603893e+01 1.93249755e+01 2.96152216e+02 6.39226374e+01
  1.17587775e+02 6.82912188e+01 3.16924672e+01 6.71772396e+01
  2.42592712e+01 3.22133173e+01 6.87148249e+00 1.15076949e+01
  7.00236243e+00 6.74144063e+00 1.47119588e+01 1.08400893e+01
  5.82261725e+00 1.07340931e-28 1.02609905e+01 2.52449179e+01
  9.36659904e+01 3.44603351e+01 1.84840318e+01 1.52228977e+01
  2.67771275e+01 1.21248842e+01 1.16269704e+01 4.05085056e+01
  2.14805375e+00 2.02878642e+00 6.93538386e+00 4.18635541e+00
  1.76245982e+01 1.92846606e+01 1.33092256e+01]]