[[2.18266560e+01 1.30211520e+01 1.48248341e+01 1.31182395e+01
  1.80995665e+01 2.07168352e+01 4.66261475e+01 7.17203480e+01
  5.86179261e+01 4.32006843e+01 6.79229592e+00 6.46765213e+00
  5.38681481e+00 3.85899824e+00 1.81175334e+01 1.93443437e+01
  5.06057509e+00 1.95660938e-28 8.94914126e+00 4.21645523e+01
  1.08949265e+01 9.34955371e+00 1.69102115e+01 1.96199376e+01
  1.00090302e+01 1.07730744e+01 1.23012930e+01 6.77188679e+00
  2.51865074e+00 2.06245221e+00 4.24947547e+00 3.38959761e+00
  5.57691123e+00 3.93390820e+00 6.49872715e+00]
 [2.37376851e+01 2.33591384e+01 2.45493995e+01 2.33062978e+01
  2.33451551e+01 2.21343021e+01 2.53530346e+01 2.66352549e+01
  2.60515958e+01 2.25862250e+01 1.12529879e+01 1.30404137e+01
  7.04543737e+00 8.23676574e+00 1.37817638e+01 1.42555499e+01
  8.46657709e+00 1.73822066e-28 7.64924853e+00 2.29738404e+01
  1.65822652e+01 1.72212669e+01 1.67437794e+01 1.79352907e+01
  1.89290630e+01 1.91625607e+01 2.29842462e+01 1.58721076e+01
  5.68256943e+00 4.21668132e+00 4.99016477e+00 4.79938079e+00
  4.59837622e+00 4.21560519e+00 1.54365938e+01]
 [1.03660533e+01 8.76434451e+00 1.32982290e+01 9.47121714e+00
  1.18481673e+01 8.85490714e+00 1.62061380e+01 1.54818989e+01
  1.44385856e+01 1.34855245e+01 5.74101988e+00 3.72851314e+00
  2.69678056e+00 2.17206981e+00 5.73317137e+00 5.36907637e+00
  2.88763384e+00 5.55047233e-30 3.20817334e+00 1.24633337e+01
  6.54859417e+00 4.77407443e+00 7.67281905e+00 6.39727794e+00
  9.17363492e+00 7.24301373e+00 9.45915240e+00 7.50214643e+00
  1.48256095e+00 1.69127761e+00 1.84668046e+00 1.55505708e+00
  4.35351579e+00 4.05487381e+00 4.29545643e-01]
 [1.92262414e+01 2.12717481e+01 2.18766342e+01 2.29182598e+01
  2.15617766e+01 2.40253145e+01 2.66602508e+01 3.21003768e+01
  3.25623308e+01 3.31926999e+01 9.93327533e+00 1.29282688e+01
  5.27507995e+00 4.28011606e+00 1.13413100e+01 1.26935426e+01
  6.46004565e+00 3.42997752e-29 7.78889820e+00 2.97387209e+01
  1.30765071e+01 1.40621187e+01 1.50274791e+01 1.54358188e+01
  1.57839766e+01 1.78214833e+01 1.81294861e+01 1.21995659e+01
  4.11127230e+00 4.25787436e+00 3.59610552e+00 3.13502567e+00
  5.75360239e+00 9.43718059e+00 3.15620401e+00]
 [2.02488551e-28 1.12894474e+01 1.70802875e+01 1.24844314e+01
  1.08326990e+01 1.06409774e+01 1.44746891e+01 1.31886736e+01
  1.34397957e+01 1.22215356e+01 5.22107664e+00 4.64546079e+00
  2.76997700e+00 2.40919164e+00 6.48586959e+00 6.30024939e+00
  3.36302936e+00 1.09016448e-29 4.43490552e+00 1.22033406e+01
  6.85076283e+00 6.98759482e+00 7.22723852e+00 6.83710266e+00
  7.94828020e+00 6.72777132e+00 1.02001862e+01 5.68113336e+00
  1.87619453e+00 1.56310991e+00 1.96460206e+00 1.78996601e+00
  4.44164016e+00 3.84119582e+00 5.62222457e+00]
 [8.30355312e+00 8.61289508e+00 9.60066988e+00 8.84195903e+00
  1.04343749e+01 9.13761922e+00 1.22038998e+01 1.20238139e+01
  1.32726797e+01 1.20117458e+01 4.86346409e+00 4.94585189e+00
  3.37061680e+00 2.90147204e+00 6.15245048e+00 5.52631236e+00
  3.38817393e+00 5.38909796e-29 3.64117959e+00 1.23828946e+01
  7.33265879e+00 6.18527237e+00 7.26752199e+00 6.74091466e+00
  6.46272835e+00 6.20063144e+00 8.17040653e+00 4.99569126e+00
  2.21549121e+00 1.91059953e+00 2.19959454e+00 1.57307299e+00
  2.48966192e+00 1.97789541e+00 2.24925936e+00]
 [2.17378639e+01 1.73917236e+01 1.98973804e+01 1.76372607e+01
  1.57234412e+01 1.68330902e+01 2.60887937e+01 3.05598009e+01
  3.65038451e+01 4.15670351e+01 1.03046895e+01 8.42537738e+00
  5.79524165e+00 5.64057589e+00 1.62224250e+01 1.84261760e+01
  8.28718964e+00 2.38078113e-29 1.90318100e+01 3.47112438e+01
  1.19765369e+01 1.00414549e+01 1.43778742e+01 1.56959600e+01
  1.48435207e+01 1.24921662e+01 1.84514385e+01 1.21895745e+01
  6.07619446e+00 3.65314229e+00 5.42553117e+00 5.74820540e+00
  1.39425489e+01 1.32348311e+01 1.07411796e+01]
 [2.49846004e+01 2.02865169e+01 2.24365994e+01 1.89997474e+01
  2.06316448e+01 1.88776178e+01 2.57540347e+01 2.75348410e+01
  2.61236082e+01 2.38368991e+01 1.30007515e+01 1.08193588e+01
  7.50619496e+00 6.17291032e+00 1.50947180e+01 1.57330594e+01
  1.24653204e+01 7.99412577e-29 8.47943977e+00 2.36239503e+01
  1.53491237e+01 1.20728640e+01 1.49012089e+01 1.50296201e+01
  2.05454909e+01 1.59593229e+01 2.35224503e+01 1.95450756e+01
  5.63386114e+00 3.59508265e+00 4.87012410e+00 5.38359244e+00
  3.50825251e+01 2.73518607e+00 2.16149492e+01]
 [1.09744327e+01 8.93290722e+00 1.20280577e+01 8.50787660e+00
  1.09945742e+01 7.32964563e+00 1.27412735e+01 1.08729944e+01
  1.21103589e+01 1.06621042e+01 4.88957670e+00 4.49334629e+00
  3.11702322e+00 2.07446856e+00 5.70752669e+00 4.32603085e+00
  4.04500965e+00 8.66750987e-29 3.07498064e+00 1.11358048e+01
  7.40091032e+00 5.03302656e+00 7.37362414e+00 5.18162505e+00
  6.97000184e+00 6.32130829e+00 8.92155294e+00 6.04176070e+00
  1.98384635e+00 1.85635014e+00 2.14165480e+00 1.49663709e+00
  5.64070301e+00 5.19834038e+00 2.51543985e+01]
 [5.30784171e+00 4.90858560e+00 6.17128085e+00 5.57032793e+00
  6.78304785e+00 6.27002076e+00 8.88820634e+00 1.01453813e+01
  1.18804343e+01 1.20106661e+01 2.59969329e+00 7.23330497e+00
  1.98171624e+00 2.78756738e+00 5.77272628e+00 6.10996525e+00
  2.09065580e+00 1.79210442e-29 4.07270392e+00 1.20733819e+01
  3.73454013e+00 4.55078030e+00 5.39273771e+00 5.57771345e+00
  3.91345164e+00 4.54518720e+00 5.13549784e+00 3.27823157e+00
  1.26671982e+00 1.36575080e+00 1.98049117e+00 1.76745871e+00
  1.29576865e+00 1.75578033e+00 7.31198134e+00]
 [1.10122039e+01 1.13676582e+01 1.37415524e+01 1.37634450e+01
  1.63915908e+01 1.19971776e+01 2.36736158e+01 1.73117153e+01
  1.82323587e+01 1.52599599e+01 5.69919495e+00 5.86070172e+00
  3.10125101e+00 3.29349622e+00 7.39932150e+00 6.67494475e+00
  3.97399887e+00 4.26392745e-29 3.64261419e+00 1.40440857e+01
  8.23555455e+00 7.68308679e+00 9.03163671e+00 8.10009729e+00
  7.48675468e+00 9.53412107e+00 1.05353968e+01 6.17002695e+00
  2.18973750e+00 1.87834271e+00 2.12843526e+00 2.25318990e+00
  3.86037520e+00 4.77645785e+00 6.57489060e+00]
 [3.63664984e+01 3.82457899e+01 4.05997281e+01 3.91393163e+01
  4.05047278e+01 3.66120951e+01 5.05303967e+01 4.28449798e+01
  8.35233241e+01 7.78195905e+01 1.94673729e+01 2.11337670e+01
  1.22475202e+01 1.08236402e+01 3.07245752e+01 2.47921911e+01
  1.77567614e+01 1.28420983e-28 1.78177850e+01 7.49307541e+01
  2.91046367e+01 2.50886191e+01 3.12404960e+01 2.60628015e+01
  2.77400470e+01 2.74917034e+01 3.85637463e+01 2.43495041e+01
  9.38423040e+00 9.86383921e+00 9.85864216e+00 7.76056459e+00
  7.27564216e+00 4.49531164e+00 1.88896253e+01]
 [7.10921779e+00 8.11727950e+00 7.05411007e+00 5.93566647e+00
  7.29164814e+00 5.33727323e+00 6.91874826e+00 6.41853962e+00
  6.96048430e+00 6.68667308e+00 2.65635315e+00 2.39885353e+00
  1.90298189e+00 1.39322317e+00 3.93175826e+00 3.07756604e+00
  1.75309879e+00 2.85189640e-29 2.30524921e+00 6.48304326e+00
  3.65777883e+00 3.06513446e+00 4.67481103e+00 3.62329984e+00
  5.20979074e+00 3.70334555e+00 6.07710833e+00 2.75105834e+00
  1.13547112e+00 7.65868916e-01 1.48693679e+00 8.62295308e-01
  5.01876608e+00 3.72400265e+00 1.22388892e+01]
 [7.84324969e+01 7.42170203e+01 7.79578279e+01 6.74835526e+01
  9.31234983e+01 6.65972926e+01 1.17341930e+02 9.36064596e+01
  8.42637150e+01 8.60514343e+01 5.30749321e+01 4.26915481e+01
  2.09391045e+01 1.73400953e+01 6.47499364e+01 3.77895247e+01
  3.96463995e+01 1.08055992e-28 4.22972618e+01 7.51599246e+01
  5.47657141e+01 4.52266258e+01 7.39607155e+01 4.50546001e+01
  6.21815280e+01 5.48130545e+01 7.38636507e+01 5.59284391e+01
  1.85882526e+01 1.67783239e+01 2.22434200e+01 1.14355921e+01
  2.69250757e+01 1.71897092e+01 1.31265877e+02]
 [9.72894996e+00 1.13299996e+01 1.05141676e+01 9.77011543e+00
  1.07063290e+01 8.91747851e+00 1.71006311e+01 1.61793176e+01
  1.84001320e+01 1.75714418e+01 3.79215820e+00 4.80753874e+00
  3.29089590e+00 2.98943166e+00 9.15151714e+00 8.05213398e+00
  3.23964067e+00 2.06611874e-29 4.60757453e+00 1.57602039e+01
  6.87827412e+00 5.78484905e+00 8.86007869e+00 7.44194723e+00
  6.91591257e+00 8.34722510e+00 1.06844701e+01 7.53935653e+00
  1.82587846e+00 1.83305899e+00 3.14917154e+00 2.28703819e+00
  4.70417865e+00 7.23312094e+00 2.12760821e+01]
 [1.60557449e+01 1.67276558e+01 1.80127792e+01 1.70894335e+01
  1.89678996e+01 1.73859920e+01 2.26170609e+01 2.49678039e+01
  2.77783946e+01 2.84902043e+01 7.29191866e+00 8.65966873e+00
  4.75668663e+00 5.23339345e+00 1.01336587e+01 9.83066790e+00
  4.81850200e+00 2.99992338e-30 5.11215268e+00 2.60498911e+01
  1.04910664e+01 1.14159779e+01 1.31735862e+01 1.34783792e+01
  1.09275366e+01 1.33622412e+01 1.62518907e+01 9.54582321e+00
  2.46423670e+00 2.43461683e+00 2.94960997e+00 2.57478564e+00
  4.72120734e+00 6.50758212e+00 7.81503750e+00]
 [1.13749010e+01 1.21274608e+01 9.71325996e+00 1.16492403e+01
  9.81389072e+00 1.16611658e+01 1.23058964e+01 1.42989046e+01
  1.51789178e+01 1.55842257e+01 4.03389420e+00 5.20204023e+00
  3.65671071e+00 3.85285925e+00 8.45329601e+00 7.13063526e+00
  3.12267577e+00 2.82503815e-29 4.45600464e+00 1.51734323e+01
  6.56580521e+00 7.55938260e+00 8.04931341e+00 8.02121369e+00
  6.87594137e+00 8.35879060e+00 1.04956446e+01 5.00248964e+00
  1.95279460e+00 1.87771084e+00 2.77937511e+00 2.24087801e+00
  3.44549896e+00 2.87803697e+00 1.88611202e+00]
 [8.70068098e+01 8.26378269e+01 1.00320503e+02 8.14530922e+01
  1.10142294e+02 9.17355289e+01 1.09244276e+02 9.14879255e+01
  9.15877977e+01 8.18012901e+01 4.36812427e+01 4.54432434e+01
  2.80533758e+01 2.66028625e+01 5.61933806e+01 4.10217471e+01
  2.93263274e+01 6.92597444e-29 3.98649184e+01 7.70841926e+01
  6.63312581e+01 5.52680571e+01 7.22752157e+01 6.18728701e+01
  5.91475865e+01 5.71788519e+01 7.60782666e+01 5.29409807e+01
  1.71524274e+01 1.61289656e+01 2.21492411e+01 1.72426085e+01
  1.07116342e+01 1.05213142e+01 2.37889429e+01]
 [3.14598764e+01 3.30302521e+01 3.23813610e+01 2.80646639e+01
  5.51750039e+01 3.61466192e+01 6.24790075e+01 4.45125611e+01
  4.99964183e+01 4.22465511e+01 1.41950082e+01 1.61316267e+01
  1.25697082e+01 8.40621637e+00 2.85755563e+01 2.20871344e+01
  1.34911137e+01 1.63408914e-28 1.25024145e+01 4.36033755e+01
  2.47252655e+01 1.87657982e+01 4.31867721e+01 2.68582158e+01
  2.09282062e+01 2.39202071e+01 3.08695291e+01 2.04270260e+01
  5.88070230e+00 6.76295886e+00 9.43391660e+00 6.38864661e+00
  6.24912272e+00 5.66719787e+00 1.13578391e+01]
 [3.14321563e+01 2.71697918e+01 3.08263798e+02 6.97463290e+01
  1.38900735e+02 7.23736217e+01 3.31032483e+01 7.77594331e+01
  2.85815931e+01 3.90601144e+01 1.04916688e+01 1.42577486e+01
  5.76685358e+00 4.63910357e+00 1.09002278e+01 8.71414389e+00
  8.03742668e+00 8.89656286e-29 6.37411628e+00 3.36453608e+01
  1.06114541e+02 3.66566615e+01 1.90064822e+01 1.61574996e+01
  2.99872920e+01 1.77626928e+01 1.64812981e+01 4.29092329e+01
  3.59672685e+00 3.09540346e+00 4.07357442e+00 2.32359186e+00
  2.74062097e+01 2.43162902e+01 1.48467084e+01]]