[[4.81542655e+02 9.93443538e+02 5.06257154e+02 4.92242897e+02
  8.51267814e+01 8.94553577e+02 8.95821524e+01 1.76728056e+02
  1.12749309e+02 7.44665969e+01 2.74185960e+02 1.65210090e+02
  4.44319602e+01 9.67568378e+00 3.16604641e+01 2.93942019e+01
  1.36159111e+02 9.77234538e-28 1.23357930e+01 7.68187711e+01
  1.11222206e+03 9.33821476e+01 4.30371027e+01 4.85641173e+01
  1.18298340e+03 1.12078972e+03 5.04600120e+02 2.60881811e+02
  8.85812979e+00 8.42862132e+00 7.53013805e+00 4.60057800e+00
  1.44698786e+03 1.04565526e+03 6.40602834e+01]
 [1.55235295e+02 1.37006319e+02 1.51930001e+02 1.31869384e+02
  6.78426995e+01 6.54496937e+01 6.26202776e+01 8.14509447e+01
  8.39421023e+01 8.69418385e+01 5.40939894e+01 4.51292011e+01
  1.86913904e+01 2.03776029e+01 3.70447695e+01 4.37230000e+01
  3.03999082e+01 6.35624069e-28 2.73345686e+01 8.39457719e+01
  6.27309004e+01 6.16297772e+01 4.36316212e+01 4.64686632e+01
  1.17172613e+02 1.08339598e+02 1.45659695e+02 8.49439998e+01
  1.89504203e+01 1.42734540e+01 1.44648780e+01 1.43885533e+01
  1.29679741e+02 1.47115982e+02 9.46101869e+01]
 [4.96170424e+01 6.70560408e+01 8.50583891e+01 7.33560390e+01
  4.10690651e+01 2.53247814e+01 2.49004685e+01 4.91225984e+01
  2.73469735e+01 2.70524903e+01 5.42161753e+01 1.70870708e+01
  6.64941924e+00 6.40765776e+00 1.16789539e+01 1.25511743e+01
  2.12004397e+01 4.50725975e-29 8.72969739e+00 2.44429365e+01
  2.35562114e+01 2.08910064e+01 1.49440669e+01 1.38726370e+01
  3.43390285e+01 6.09516309e+01 4.05581532e+01 6.88350382e+01
  4.97190877e+00 5.71008002e+00 4.57798576e+00 4.77654891e+00
  1.67643035e+02 5.09468603e+01 2.32549731e+00]
 [1.02729816e+02 1.10487699e+02 9.37591723e+01 1.14911082e+02
  2.63685961e+01 3.42668435e+01 2.98186924e+01 4.79662160e+01
  4.03514869e+01 3.91328086e+01 1.55821210e+01 3.02601451e+01
  5.54995381e+00 8.81102268e+00 1.53008247e+01 2.25705211e+01
  1.04062183e+01 8.79444599e-29 1.15826254e+01 3.00235721e+01
  2.04135825e+01 3.13827824e+01 1.60459049e+01 2.05038872e+01
  5.33248259e+01 6.01311733e+01 7.00672212e+01 2.91024380e+01
  4.36792758e+00 6.05373605e+00 4.91612268e+00 5.50006473e+00
  1.15343194e+02 1.62348054e+02 2.89389058e+01]
 [9.41655222e-28 9.23082160e+01 2.28987270e+02 2.10512113e+02
  4.52324579e+01 4.78564504e+01 3.36698383e+01 2.76063814e+01
  1.99307780e+01 2.33145878e+01 3.60579443e+01 3.44194843e+01
  1.48127305e+01 1.06679992e+01 1.08883170e+01 1.40219442e+01
  1.04878418e+01 7.14133440e-29 7.31522645e+00 1.94167767e+01
  5.56797181e+01 5.27933643e+01 1.87921659e+01 1.94493611e+01
  7.71435190e+01 5.62234919e+01 6.58120640e+01 2.30051633e+01
  7.61630076e+00 6.20741139e+00 3.92265876e+00 3.78573511e+00
  8.19894591e+01 1.78095690e+02 5.68029681e+01]
 [6.93978132e+01 1.72233696e+02 1.70087362e+02 4.50931725e+01
  3.33095583e+01 1.70826390e+01 2.24059042e+01 1.93624385e+01
  2.48575388e+01 2.15629964e+01 1.70477665e+01 1.34592138e+01
  7.35591984e+00 5.60014799e+00 1.17954848e+01 1.07966350e+01
  1.11116536e+01 1.30588915e-28 7.53052486e+00 2.21733454e+01
  3.38934846e+01 1.34117462e+01 1.52879891e+01 1.15485855e+01
  2.21907817e+02 7.64481222e+01 5.39867396e+01 3.98193593e+01
  6.73808475e+00 4.31925114e+00 4.50737463e+00 4.71741881e+00
  2.77253156e+02 6.97901708e+01 9.44560697e+00]
 [7.93276983e+02 3.62497152e+02 4.07412315e+02 4.91748017e+02
  1.93870585e+02 1.39962552e+02 1.50190893e+02 5.90813290e+01
  1.03273348e+02 1.46353820e+02 7.55027899e+01 9.54301597e+01
  3.65317910e+01 2.18422722e+02 4.73858899e+01 3.71904321e+01
  5.89410014e+01 4.82821128e-28 4.44300526e+01 8.91218460e+01
  1.00624165e+02 9.67650052e+01 5.91038828e+01 5.05163080e+01
  2.36502444e+02 2.00189266e+02 3.30522129e+02 1.10950113e+02
  2.40249132e+02 5.74006705e+01 1.58527794e+01 1.14709572e+01
  1.23255698e+03 1.91435283e+03 2.66309296e+02]
 [7.87183678e+01 7.76306811e+01 7.42089209e+01 6.56206651e+01
  3.84008253e+01 3.21295019e+01 2.93914170e+01 3.55977294e+01
  3.27309859e+01 3.17189611e+01 2.74213308e+01 2.46213600e+01
  1.12834852e+01 1.23707074e+01 2.23439982e+01 2.64877246e+01
  2.09141858e+01 3.87489251e-28 1.87712975e+01 3.19537111e+01
  2.45107076e+01 2.70465809e+01 2.06410445e+01 2.15202208e+01
  4.83776986e+01 8.55458166e+01 6.45435484e+01 1.02763526e+02
  1.10524995e+01 9.56899216e+00 8.27717802e+00 1.05877064e+01
  3.88793835e+02 8.17399221e+01 1.35888571e+02]
 [9.24298159e+01 1.03326260e+02 7.71813460e+01 8.57201699e+01
  3.33258624e+01 3.18205888e+01 3.24503434e+01 5.91413491e+01
  3.18899768e+01 5.02433648e+01 2.33570222e+01 1.71409205e+01
  1.16484071e+01 7.02436293e+00 1.26974765e+01 1.46232847e+01
  1.35919029e+01 7.60059753e-28 9.53883605e+00 2.97837448e+01
  2.99051129e+01 2.94923658e+01 1.94093844e+01 1.58470690e+01
  5.91022142e+01 9.09994654e+01 6.09506890e+01 3.61468842e+01
  1.07901291e+01 9.71901638e+00 5.79790779e+00 5.81221156e+00
  1.59102335e+02 2.17085615e+02 2.17493446e+02]
 [3.37908431e+02 3.02380276e+02 1.76343514e+02 1.09069089e+02
  9.11773163e+01 1.55134404e+02 1.27996433e+02 1.37923878e+02
  8.49503456e+01 8.76583177e+01 7.88134144e+01 6.96163880e+02
  2.82099672e+01 2.73117428e+01 7.26033227e+01 3.20605199e+01
  4.09417134e+01 7.05362730e-28 2.28055616e+01 1.45933685e+02
  1.43324180e+02 1.80119542e+02 5.52144126e+01 5.46899563e+01
  5.59783955e+01 2.74822388e+02 3.07159751e+02 5.14881088e+01
  1.42525097e+01 1.53087398e+01 7.97655349e+00 8.67641248e+00
  9.01026020e+01 9.58907646e+01 1.76839455e+02]
 [7.01394481e+01 7.76300036e+01 2.18711289e+02 2.95349308e+02
  2.50180057e+02 3.93459877e+01 6.39394806e+01 3.70741601e+01
  4.46601243e+01 3.67193974e+01 1.17171967e+02 2.01506554e+02
  1.18108769e+01 1.06456651e+01 2.56558998e+01 1.96436522e+01
  3.40179533e+01 1.43229193e-28 1.23547938e+01 3.48443348e+01
  5.11682970e+01 3.53507032e+01 3.21524256e+01 2.23301204e+01
  5.94414082e+01 1.04236358e+02 7.26205559e+01 6.58783091e+01
  1.21698955e+01 8.96899716e+00 7.84245540e+00 9.91351568e+00
  1.43343263e+02 9.89679264e+01 5.73690995e+01]
 [1.10663479e+02 1.15266545e+02 9.89861183e+01 9.70892421e+01
  8.16853427e+01 8.40706644e+01 9.11221175e+01 8.79942707e+01
  1.48836954e+02 1.35972752e+02 5.49676663e+01 5.46357457e+01
  3.07474597e+01 2.38912649e+01 6.08412070e+01 4.91488374e+01
  6.07962365e+01 3.25178970e-28 3.60975448e+01 1.33073719e+02
  6.84462553e+01 6.21229683e+01 6.07497953e+01 6.23526048e+01
  8.01639392e+01 7.55719047e+01 1.22954425e+02 6.83537421e+01
  2.21899614e+01 2.68192339e+01 1.78114560e+01 1.53194443e+01
  1.03640417e+02 4.38330056e+01 1.33595996e+02]
 [1.10154561e+02 1.37306067e+02 4.93572092e+01 5.71845941e+01
  2.92399628e+01 1.54968630e+01 1.27881630e+01 1.41960537e+01
  1.74243670e+01 1.39474465e+01 1.56690767e+01 1.59358596e+01
  6.57579902e+00 5.60449710e+00 9.15865993e+00 6.82029316e+00
  1.00044870e+01 1.57733713e-28 7.56160289e+00 1.50914494e+01
  1.34791340e+01 1.57926169e+01 1.39640323e+01 9.46670028e+00
  5.59432398e+01 3.94143263e+01 9.12585388e+01 2.69506988e+01
  5.64192993e+00 3.92794258e+00 4.60649955e+00 2.22619293e+00
  3.06468690e+02 3.69531088e+02 1.17036043e+02]
 [3.37151927e+02 4.62144368e+02 8.52834059e+01 1.72857451e+02
  6.45943294e+01 6.80475242e+01 7.03837534e+01 6.67072455e+01
  4.86186522e+01 5.60685450e+01 3.56720225e+01 7.70527096e+01
  1.52365313e+01 1.90980767e+01 4.11580593e+01 2.40660359e+01
  3.35587588e+01 4.86463674e-28 2.54869119e+01 4.28194316e+01
  3.93807361e+01 5.72001026e+01 4.55628404e+01 3.83843065e+01
  9.94462811e+01 2.00677502e+02 2.77954012e+02 7.98720026e+01
  1.12296092e+01 2.13515743e+01 1.39344528e+01 6.43196732e+00
  7.33348299e+02 4.81554603e+02 8.52918258e+02]
 [5.05788056e+01 5.48859909e+01 5.28193907e+01 4.29041973e+01
  2.90188260e+01 2.37253188e+01 4.58388295e+01 4.46601850e+01
  4.99983152e+01 4.63408873e+01 1.20640572e+01 1.34292559e+01
  8.64705065e+00 6.72726178e+00 2.56340791e+01 2.18567393e+01
  9.76076314e+00 7.07093785e-29 1.20065944e+01 4.25728669e+01
  2.87434667e+01 1.61266430e+01 2.47282561e+01 1.86734048e+01
  3.13036079e+01 3.82018586e+01 5.68274288e+01 3.93498881e+01
  7.13511832e+00 4.98417861e+00 8.35907018e+00 5.27743895e+00
  9.35827816e+01 7.37902201e+01 3.33218563e+02]
 [1.33133020e+02 1.51707947e+02 1.59985124e+02 1.81730193e+02
  5.11324769e+01 4.56139168e+01 3.94021820e+01 4.05655443e+01
  3.96555669e+01 4.08828257e+01 3.34005142e+01 5.13354131e+01
  1.25173031e+01 1.42198163e+01 1.69627114e+01 1.66131938e+01
  1.69852366e+01 3.89544470e-29 1.16161890e+01 3.85324358e+01
  4.34022203e+01 6.09740715e+01 2.41944012e+01 3.61702442e+01
  6.38605232e+01 1.05022894e+02 1.52949345e+02 4.81311454e+01
  9.73041900e+00 7.71869513e+00 6.08169645e+00 5.94182863e+00
  1.12136748e+02 1.02232317e+02 3.40368176e+01]
 [5.85012396e+01 5.76327587e+01 5.14045099e+01 4.72681000e+01
  2.67728967e+01 3.04782399e+01 3.16630998e+01 3.60637252e+01
  4.48089708e+01 4.06168303e+01 1.20300713e+01 1.66529180e+01
  9.95283841e+00 9.44077697e+00 2.01703711e+01 1.68822627e+01
  1.05428007e+01 7.04466451e-29 1.25154173e+01 4.32352982e+01
  1.96532099e+01 2.16762277e+01 1.90831088e+01 2.20628098e+01
  3.00567431e+01 3.10357102e+01 4.57307633e+01 1.96484681e+01
  6.02516210e+00 4.77739738e+00 7.65047216e+00 5.90280369e+00
  4.00589542e+01 3.59862064e+01 1.55680170e+01]
 [2.24609042e+02 1.27752524e+02 3.38321527e+02 3.43167156e+02
  9.00724501e+01 9.20749641e+01 5.22760974e+01 4.95037693e+01
  5.93034578e+01 5.34495957e+01 5.12848738e+01 6.80770378e+01
  2.31477513e+01 2.26679871e+01 3.80460975e+01 2.84271101e+01
  2.21689674e+01 1.22284590e-28 4.10011249e+01 5.21667119e+01
  8.29007047e+01 9.45322443e+01 4.19169237e+01 4.20813349e+01
  1.23753094e+02 1.00860560e+02 1.09716591e+02 4.95188516e+01
  1.50198821e+01 1.46860144e+01 1.77346205e+01 1.30368951e+01
  1.01503239e+02 4.27935508e+02 9.90435060e+01]
 [8.02487888e+01 7.95624332e+01 6.19129420e+01 6.13273798e+01
  5.85142552e+01 5.56431470e+01 5.93743487e+01 5.64941923e+01
  6.40599432e+01 5.92588948e+01 2.74568184e+01 3.46787495e+01
  1.20867244e+01 1.01858054e+01 2.32720867e+01 2.47820384e+01
  1.77427538e+01 1.89435595e-28 1.19900845e+01 5.78069510e+01
  3.60799051e+01 3.21395924e+01 3.47206611e+01 4.24127353e+01
  4.89694591e+01 5.69199382e+01 7.53760462e+01 4.10221820e+01
  7.71887259e+00 7.32520173e+00 7.59628011e+00 5.73944913e+00
  3.38771702e+01 2.22711707e+01 4.67446336e+01]
 [5.26798697e+02 6.27705913e+02 3.55491760e+03 1.49267406e+03
  1.70422934e+03 9.20235295e+02 3.36564422e+02 7.21920855e+02
  1.39800094e+02 2.50638796e+02 8.30991607e+01 1.25385225e+02
  4.16339816e+01 3.74141026e+01 7.89201664e+01 4.86252017e+01
  7.08318129e+01 1.60348258e-27 3.76814448e+01 1.96303363e+02
  1.18346401e+03 4.05783255e+02 1.85855892e+02 1.55018737e+02
  3.92036990e+02 3.36034826e+02 2.71052523e+02 7.75830786e+02
  1.97128095e+01 1.45753953e+01 1.79767514e+01 9.13550865e+00
  2.54914634e+02 5.80437419e+02 1.35201524e+02]]