[[8.32639824e+00 6.74125123e+00 7.33180296e+00 6.70957496e+00
  1.09286837e+01 1.55698959e+01 1.75083176e+01 2.53546916e+01
  2.28228564e+01 1.68316855e+01 3.51271197e+00 3.59603816e+00
  4.43453749e+00 3.01555440e+00 9.38535294e+00 9.64504233e+00
  2.32245804e+00 8.62314095e-29 5.05452956e+00 1.66721817e+01
  8.91748114e+00 5.32061829e+00 9.61693234e+00 1.03919905e+01
  5.09633208e+00 5.72361029e+00 6.07770622e+00 3.21309329e+00
  1.29573051e+00 1.18073902e+00 2.80546027e+00 2.10186252e+00
  5.15471470e+00 2.87073538e+00 5.35318644e+00]
 [4.36742722e+00 4.51317886e+00 4.67020250e+00 4.65604173e+00
  3.77181216e+00 4.63414976e+00 4.10481389e+00 5.10672931e+00
  5.10575315e+00 5.33636807e+00 2.65556517e+00 3.01102479e+00
  1.56880135e+00 1.94740394e+00 2.59248307e+00 3.01543698e+00
  1.65756627e+00 5.81811648e-29 1.80022215e+00 5.08160719e+00
  3.32162320e+00 3.44190764e+00 2.85918443e+00 3.43369612e+00
  3.98381712e+00 3.90144110e+00 4.05289552e+00 2.84409449e+00
  1.23679288e+00 1.09792443e+00 1.14076532e+00 1.15146612e+00
  2.32860853e+00 2.29277731e+00 5.85651762e+01]
 [1.28901100e+01 1.18785012e+01 1.29972219e+01 1.18448537e+01
  1.44461151e+01 1.72654944e+01 2.02066025e+01 2.10381768e+01
  2.70124233e+01 2.42350876e+01 6.30823221e+00 6.29701942e+00
  4.70811992e+00 5.03443840e+00 1.39149362e+01 1.07429735e+01
  3.40294097e+00 9.27463516e-30 8.07749770e+00 2.20011827e+01
  7.67284638e+00 7.75086103e+00 1.23333706e+01 1.11728083e+01
  1.64620777e+01 9.73360073e+00 1.25741297e+01 8.23463098e+00
  2.66585374e+00 2.54698983e+00 5.34273987e+00 3.42035527e+00
  2.25935166e+00 4.02572946e+00 6.40114246e-01]
 [1.26811016e+01 1.51745900e+01 1.20306562e+01 1.33334822e+01
  1.31874430e+01 1.83823301e+01 1.91989944e+01 2.48027785e+01
  3.06522815e+01 2.98006067e+01 5.26275222e+00 6.74666557e+00
  3.22014983e+00 3.67121923e+00 9.34770388e+00 1.20455756e+01
  3.13674113e+00 3.95590678e-29 6.01686863e+00 2.47704843e+01
  7.38157974e+00 8.66675827e+00 9.24465424e+00 1.17859287e+01
  8.66200393e+00 9.28273223e+00 1.09578658e+01 6.72322455e+00
  2.17393873e+00 2.44321824e+00 2.57515834e+00 2.80628092e+00
  4.16591630e+00 3.95007695e+00 3.24525225e+00]
 [1.96988633e-28 9.09870321e+00 1.13513796e+01 8.99598286e+00
  2.29122155e+01 2.57203604e+01 1.60684968e+01 2.33455658e+01
  1.72366321e+01 1.82308041e+01 4.35413306e+00 4.95942777e+00
  3.08225530e+00 3.22096202e+00 7.93226825e+00 1.06403652e+01
  2.76472712e+00 1.00428800e-29 4.97961171e+00 1.55918356e+01
  5.85013012e+00 6.26486888e+00 9.49743749e+00 1.02247966e+01
  6.25575071e+00 6.24743188e+00 8.41950694e+00 4.53443634e+00
  1.70099685e+00 1.76951484e+00 2.49265136e+00 2.39579448e+00
  2.55567668e+00 1.95913339e+00 6.18640127e+00]
 [3.97995864e+00 4.10644098e+00 4.09054640e+00 3.74752394e+00
  4.27003424e+00 3.47686555e+00 4.01167123e+00 5.01827712e+00
  9.11112516e+00 6.48698297e+00 2.20775634e+00 2.18540650e+00
  1.99333298e+00 1.37385349e+00 2.60794946e+00 2.53685220e+00
  1.50811548e+00 2.03390195e-29 1.61915505e+00 8.12520696e+00
  4.01431033e+00 2.51447981e+00 2.58112405e+00 2.74989777e+00
  3.13355255e+00 3.17725376e+00 3.84153569e+00 2.31538168e+00
  1.11414076e+00 8.48559036e-01 1.03584220e+00 8.42577036e-01
  1.10392871e+00 7.13909228e-01 2.22461203e+00]
 [1.50877055e+01 1.41382216e+01 1.34405481e+01 1.46224452e+01
  1.30412169e+01 1.60008033e+01 1.92609179e+01 1.97893810e+01
  3.03976534e+01 3.15566655e+01 8.25403751e+00 8.54697442e+00
  5.50226857e+00 5.94367190e+00 1.21635704e+01 1.30991476e+01
  5.32793537e+00 1.25367470e-29 9.75845999e+00 3.05004137e+01
  9.53170614e+00 1.02604841e+01 1.11326330e+01 1.17911094e+01
  1.05879378e+01 1.07549114e+01 1.46133693e+01 8.10919489e+00
  5.08665588e+00 4.09539302e+00 4.53408347e+00 4.31545583e+00
  2.84369891e+00 3.53336123e+00 9.44373062e+00]
 [5.29121187e+00 4.62225878e+00 6.08104409e+00 5.00493651e+00
  5.82430232e+00 7.67249439e+00 8.72271462e+00 1.14675943e+01
  1.01193884e+01 1.80532038e+01 3.10050079e+00 3.14292299e+00
  2.94063229e+00 2.50375749e+00 6.13576723e+00 6.62050837e+00
  2.10164129e+00 6.05418863e-29 3.84702207e+00 1.16300431e+01
  4.06133736e+00 3.78128732e+00 5.03876098e+00 5.60681060e+00
  4.14789216e+00 4.09496082e+00 4.43059605e+00 3.03131996e+00
  1.35956772e+00 1.30120277e+00 2.34607815e+00 2.05851548e+00
  6.54592629e+01 1.55078308e+00 1.18750244e+01]
 [5.93425345e+00 5.25084189e+00 5.25267238e+00 5.03383496e+00
  5.09716683e+00 4.78251158e+00 7.29178503e+00 7.41073602e+00
  8.84195308e+00 8.88873781e+00 3.21637916e+00 3.07217410e+00
  1.96300811e+00 1.83711704e+00 4.46921610e+00 3.92850694e+00
  2.29400421e+00 4.98929091e-29 2.86070499e+00 8.83530790e+00
  3.70955623e+00 3.50293487e+00 4.37033399e+00 4.08107926e+00
  4.08438660e+00 4.07921306e+00 4.85799488e+00 3.39887293e+00
  1.26862073e+00 1.44957419e+00 1.81861070e+00 1.38742675e+00
  2.75335103e+00 4.81302457e+00 1.90954253e+01]
 [3.65008870e+00 3.11534909e+00 3.76470066e+00 2.78920949e+00
  3.55845440e+00 2.92293384e+00 4.13411294e+00 4.70336955e+00
  6.58838992e+00 6.47171567e+00 1.69303128e+00 2.53995749e+00
  1.26824990e+00 1.47233480e+00 3.34161645e+00 2.86421077e+00
  1.18231897e+00 1.17298511e-29 1.89844996e+00 6.23352251e+00
  2.13526710e+00 2.32644727e+00 3.33153781e+00 2.57003916e+00
  2.21899252e+00 2.55741583e+00 3.36939201e+00 1.72770800e+00
  7.90488771e-01 9.77566494e-01 1.09416671e+00 1.00502543e+00
  9.00825624e-01 1.43419855e+00 6.81832499e+00]
 [9.46439228e+00 1.04976468e+01 1.04797162e+01 1.02870165e+01
  1.05788255e+01 8.54191596e+00 1.67493209e+01 1.32540738e+01
  2.21105551e+01 1.64146312e+01 4.55914789e+00 5.64495471e+00
  6.12510621e+00 4.07589799e+00 9.87494499e+00 8.66187074e+00
  2.89267962e+00 3.50101293e-29 5.32088200e+00 1.64264835e+01
  6.42004897e+00 5.88895638e+00 9.04305143e+00 7.51355493e+00
  5.83223771e+00 7.55625784e+00 9.13363341e+00 4.30354563e+00
  1.73810577e+00 1.80987645e+00 3.57148076e+00 3.04500689e+00
  2.17293052e+00 3.05815136e+00 7.49227925e+00]
 [1.01565524e+01 1.04956649e+01 1.07970300e+01 1.04536632e+01
  1.04811440e+01 1.16428016e+01 1.23459800e+01 1.36015430e+01
  1.65418698e+01 1.68934944e+01 7.06650042e+00 7.02933950e+00
  6.50225297e+00 7.32936671e+00 9.83189667e+00 1.08774559e+01
  5.25199521e+00 3.81840700e-29 6.23154998e+00 1.49975755e+01
  9.35533052e+00 9.44876966e+00 9.49094403e+00 1.16159765e+01
  8.66776624e+00 9.62398071e+00 1.08254392e+01 7.10777306e+00
  4.04883549e+00 3.84443832e+00 4.13904926e+00 4.08298636e+00
  6.52442064e+00 2.16327769e+00 1.13796451e+01]
 [1.67796609e+01 1.81873562e+01 1.60276005e+01 1.82905434e+01
  1.37377930e+01 1.39593442e+01 1.75514665e+01 1.78907768e+01
  2.15543250e+01 1.85894527e+01 1.02935318e+01 1.03170537e+01
  5.97937119e+00 5.08334556e+00 1.09461600e+01 8.89861213e+00
  6.14646274e+00 6.77229021e-29 6.38843189e+00 1.88506245e+01
  1.06477136e+01 1.19338580e+01 1.11797463e+01 1.08638239e+01
  1.35485265e+01 1.34353902e+01 1.53293381e+01 9.43829516e+00
  3.81725577e+00 3.38263272e+00 4.41744871e+00 2.71693976e+00
  3.99914228e+00 4.78869830e+00 2.00716159e+01]
 [1.71518661e+01 1.69794131e+01 1.94391966e+01 1.79087142e+01
  2.27429519e+01 2.08033860e+01 3.14157065e+01 2.68642617e+01
  3.24591841e+01 3.71187538e+01 1.09472965e+01 1.10641321e+01
  7.44618294e+00 6.10403334e+00 1.67320596e+01 1.34865522e+01
  6.99346997e+00 1.67224026e-29 9.23895869e+00 2.87926882e+01
  1.37674307e+01 1.20673649e+01 1.72868489e+01 1.45557230e+01
  1.34349783e+01 1.36945132e+01 1.53656409e+01 9.97518453e+00
  4.39509384e+00 4.43256869e+00 5.48321677e+00 3.98155354e+00
  7.43507979e+00 4.91705252e+00 6.67410629e+01]
 [6.64425640e+00 7.14635278e+00 6.40702046e+00 6.31387916e+00
  7.41392859e+00 6.43297318e+00 1.31785219e+01 1.26845084e+01
  1.66916957e+01 1.52805686e+01 3.12318987e+00 3.70032529e+00
  3.94411524e+00 2.68162783e+00 9.62377837e+00 7.00723823e+00
  2.51693162e+00 1.57527310e-29 4.15137018e+00 1.40797593e+01
  4.60378169e+00 4.20744233e+00 8.56884919e+00 6.14132528e+00
  4.80030333e+00 5.50139856e+00 6.97087910e+00 4.79733296e+00
  1.67358523e+00 1.63136290e+00 3.70470892e+00 1.97088840e+00
  2.95204754e+00 4.09867703e+00 2.13438665e+01]
 [3.75069793e+00 3.88603283e+00 3.50356452e+00 3.74067185e+00
  3.72923269e+00 3.67862922e+00 4.34848146e+00 4.48531401e+00
  5.38209712e+00 5.05843898e+00 2.01936030e+00 2.38977621e+00
  1.27564545e+00 1.44341876e+00 2.58013642e+00 2.48387383e+00
  1.26880268e+00 8.38389202e-31 1.35938313e+00 4.91997157e+00
  2.57080551e+00 2.79651392e+00 2.95678032e+00 3.29133476e+00
  2.51129606e+00 3.43648056e+00 3.64859355e+00 2.16415464e+00
  7.77512878e-01 7.68912802e-01 9.58890433e-01 8.62232341e-01
  2.84474106e+00 3.47976088e+00 3.55420426e+00]
 [6.90362929e+00 6.64900884e+00 5.64880180e+00 6.37102663e+00
  5.70611036e+00 1.00737516e+01 7.20235360e+00 7.87531465e+00
  1.13788744e+01 1.33306373e+01 2.36245673e+00 3.57671983e+00
  2.43167966e+00 3.10407581e+00 4.87638788e+00 4.36264535e+00
  1.70058148e+00 1.79308672e-29 2.90107659e+00 1.37107951e+01
  3.87671631e+00 6.14026835e+00 4.77394498e+00 5.45227763e+00
  3.98309620e+00 4.67099401e+00 5.60568310e+00 2.64760098e+00
  1.36552960e+00 1.74346816e+00 2.09617282e+00 1.65722236e+00
  3.09711964e+00 3.32780782e+00 2.24142079e+00]
 [2.01416240e+01 2.13434030e+01 1.92299104e+01 2.13041376e+01
  1.96661975e+01 3.07312218e+01 2.42456070e+01 3.18068738e+01
  3.54654773e+01 4.09386598e+01 9.70702494e+00 1.35824265e+01
  6.74799458e+00 8.51646797e+00 1.76516503e+01 1.87293330e+01
  6.90561298e+00 2.13016322e-29 1.26300817e+01 3.57788125e+01
  1.27691040e+01 1.52490116e+01 1.65540872e+01 2.17090856e+01
  1.39119325e+01 1.59056278e+01 1.83619127e+01 1.20754909e+01
  4.33253981e+00 5.03427965e+00 7.42945329e+00 6.63897054e+00
  5.32432488e+00 4.28878225e+00 1.65901710e+01]
 [7.96537538e+00 8.36929566e+00 7.36113019e+00 8.07180376e+00
  1.00240792e+01 8.12360578e+00 8.65910077e+00 9.18557676e+00
  1.12465355e+01 1.24947148e+01 4.28850653e+00 4.59754254e+00
  2.96026491e+00 2.65087913e+00 5.38840595e+00 5.35364502e+00
  3.07381579e+00 3.50626326e-29 3.17224136e+00 1.15478356e+01
  5.74288167e+00 5.99710263e+00 6.43351262e+00 6.05832430e+00
  5.94790037e+00 6.82136931e+00 7.60467269e+00 4.95644289e+00
  1.88351471e+00 1.88438124e+00 2.19249633e+00 1.65810953e+00
  1.45666611e+00 1.03616965e+00 5.11932363e+00]
 [3.27896112e+01 2.80817553e+01 3.53101446e+02 7.58166248e+01
  1.82436879e+02 8.29578046e+01 4.03995320e+01 8.55133534e+01
  1.99074047e+01 3.54013398e+01 8.85394624e+00 1.42770347e+01
  6.56624630e+00 5.82430630e+00 1.11799264e+01 9.07934395e+00
  6.89710810e+00 8.14568331e-29 5.69974563e+00 2.58657563e+01
  1.24782486e+02 3.98594704e+01 2.04234036e+01 1.64835102e+01
  2.87078543e+01 1.49695463e+01 1.33823936e+01 4.73666060e+01
  2.74372941e+00 2.64820510e+00 3.35028240e+00 2.41538094e+00
  2.50681395e+01 2.92417588e+01 2.40582562e+01]]