[[ 0.41083743  0.19869355  0.39126243  0.34806511  1.99898319  0.48523895
   0.56379233  0.19420137  0.1654298   0.20879816  0.29912584  0.58896992
   2.01579569  1.33892855  0.5637939   0.36929039  0.37808402  0.43772689
   0.74216097  0.2009069   0.4551632   0.84734307  1.18166146  0.48982739
   0.10730734  0.15288498  0.30995426  0.25310184  2.08971089  1.92304467
   1.09314592  0.99060365  0.15340006  0.13499679  1.77510098]
 [ 0.7635026   0.93372081  0.69901795  0.94244211  0.99020579  1.38043574
   0.99431179  1.1162959   1.1839888   1.60360391  1.07053035  1.30304057
   1.83021534  2.04607376  1.22747398  1.25318323  1.34381301  1.1901221
   1.43638871  1.41755242  1.10354934  1.23955078  1.19458157  1.37194406
   0.75626892  0.89568769  0.81956099  0.78057045  1.42167783  1.90975542
   1.88626382  1.75380998  0.76776718  0.62158632  1.73168807]
 [ 6.01232832  4.32863132  2.69914509  2.02186961  2.63521577  6.56320555
   1.30978901  1.14373954  0.86897263  0.9184237   2.0906653   4.30754406
   2.24547492  2.56282785  1.77252957  1.58002527  2.42410878  2.15949089
   1.5798054   1.06252372  2.87427036  2.38924066  1.80899208  1.95635156
   9.35476884  3.26067561  6.5932995   3.31766024  2.60348981  2.20718965
   1.895522    1.9862864   0.30712838  2.55288917  7.57757858]
 [ 2.26016594  2.61544978  1.08903789  0.86777546  1.44091384  2.38393797
   0.78235708  0.71336913  1.27037079  1.419664    1.13941316  1.05126091
   1.03727835  0.89804941  0.64762573  0.62495124  1.05129927  1.64376247
   0.64376038  1.53238798  1.15561785  0.99180598  0.79724704  0.7378568
   1.48092401  1.2659595   1.83005764  1.48061604  1.00723966  1.01593546
   0.6491141   0.74305265  1.3314899   0.74018055  3.50991346]
 [ 3.47004346  2.68224969  1.20241716  1.08258276 15.66146723 14.53506224
   2.01168319  2.02869213  1.76774729  1.41890359  2.06635769  2.62611803
   2.78057004  3.25438167  2.51215333  1.90904931  3.22590832  4.21759625
   2.1063708   1.65641638  2.38081594  2.06627108  6.38659903  4.77001791
   1.6982571   2.39055076  2.8915378   2.96174422  2.88503391  4.06132961
   3.28834897  2.64825976  1.07140535  0.42676626  3.28928092]
 [ 1.52354065  0.63938937  0.76316056  1.46415271  3.9051544   2.02085805
   1.92425261  1.81910524  5.91398001  5.36570925  2.21592689  2.28307149
   7.32914895  2.57860367  2.36039633  2.22137139  2.11513362  2.41283343
   2.45604834  7.33338804  4.49800728  2.36329482  2.61434932  1.92781892
   0.40258241  0.929231    1.81227673  1.20784696  2.61604395  2.60254059
   2.92473235  2.36435955  0.16249498  0.27682955  6.51739372]
 [ 0.67134652  1.32454972  0.76015365  0.80911832  1.13271058  2.59651872
   0.84305753  1.11154778  1.14333196  0.86098421  1.3211921   1.35142418
   1.4598256   0.40735294  0.87905016  0.82528094  1.43487715  0.36322996
   0.58221401  1.16503779  1.25060619  1.48253836  1.01236927  1.18062011
   1.05682393  1.40136192  1.48190832  1.51072223  0.27278617  0.87395564
   1.24339288  1.21385312  0.07696061  0.04731445  1.36410912]
 [ 1.63715554  1.22949795  2.00480656  1.62164792  2.7356883   4.43894514
   1.78999391  2.15793391  2.50649566 10.95551022  1.69389363  1.9041287
   2.25999435  2.12183785  1.30032642  1.85433058  1.32403151  5.35909114
   1.67676759  6.14310062  2.52039252  2.13198004  1.88419682  2.25095683
   1.58848411  1.02775812  1.39906684  0.63181217  1.66553255  1.9350827
   1.60625281  1.76865418  7.65578398  0.89469284  2.70755413]
 [ 1.12925688  0.82951322  0.62527216  0.66087319  0.62037293  0.82411681
   0.58833748  0.53793811  0.56385393  0.8306112   0.90882229  1.43417933
   0.9899034   1.72766907  0.85391714  0.85469751  1.17617672  0.71360627
   0.95733242  0.82315523  0.86117149  1.0303871   0.73251674  0.89744118
   0.73958237  0.56406137  1.20869945  0.76205645  1.08550723  1.31367009
   1.2733025   1.24375643  0.75690266  1.25916212  1.45360343]
 [ 0.28778378  0.27634839  0.44852978  0.53459939  1.44633252  0.419452
   0.52394501  0.493508    1.47519699  1.46921883  0.44816931  0.07949195
   1.04001011  0.99718467  1.21752491  0.93754204  0.62273768  0.40817497
   0.97659454  0.87846352  0.3753307   0.24813731  2.15345361  0.70752824
   0.91416365  0.21472802  0.30455746  0.6755834   0.87493819  1.22365526
   2.07066836  1.5014193   0.40176768  0.2959105   0.98024976]
 [ 2.92537197  3.06114951  1.166061    0.68914174  0.4512427   1.3551661
   0.64748716  0.67594419  0.90801805  0.90148556  0.65336923  0.53786624
   1.53190429  1.96935134  0.93766596  0.89283019  1.26368518  0.77168295
   0.97626073  0.95939046  1.51497326  1.69028924  0.95904405  1.09030614
   1.78729829  1.55379298  2.84858284  1.22324121  1.38495149  1.96536976
   1.22391502  1.41877616  0.44734798  0.9583689   1.7385684 ]
 [ 1.07497891  0.95372371  1.12047423  1.00263113  1.13409781  1.27416139
   1.11522658  1.2600579   0.99973071  1.12092797  1.37630131  1.44148294
   1.70974389  1.92604042  1.33966639  1.54848243  1.14968273  1.20548871
   1.49605353  1.01953624  1.39100566  1.30638008  1.20820155  1.61992413
   1.25674669  2.4444956   1.07313148  1.11132521  1.70193396  1.72105498
   1.77776102  1.92647864  2.47032129  1.79509961  2.39375375]
 [ 1.996592    1.9506401   2.85361309  3.06333024  2.71143623  3.83762876
   2.97685921  3.47845846  5.73626557  4.99987781  4.30057394  4.68831546
   4.31509801  4.50275199  3.41550369  3.62901339  4.20105488  3.85547907
   3.22986199  6.27146035  4.16181594  4.49481525  3.0353531   3.79953732
   2.50006208  3.34876171  2.14111897  3.12959456  4.55286281  5.13441505
   3.58562289  3.8295699   0.24418672  0.21333577  3.42535117]
 [ 0.69721961  0.6222502   1.21262671  1.10437594  0.89905958  1.47355521
   0.48631972  0.78320729  0.77948486  1.28548682  1.38133393  1.64397205
   1.35920771  2.34307853  0.5604201   1.09235596  1.41984628  0.31062733
   0.73521179  1.12773648  1.52161063  1.54279906  0.63801996  1.41076373
   1.1798437   1.05687464  0.75320907  1.12519207  1.87428256  2.06667147
   0.62050699  1.44407127  0.17570213  0.23140639  1.36538005]
 [ 1.57026478  1.50148838  1.20595316  1.331298    1.19180632  1.62043225
   1.00913664  1.04575368  0.99018257  1.04576037  1.75675768  1.98123494
   1.65818578  2.19861171  1.06170219  0.96704086  1.71201788  1.73390318
   0.90279416  1.0190315   1.24307198  1.79777318  1.23479308  1.42934932
   1.5169991   1.45948493  1.38126223  1.46819855  1.73939849  2.2137447
   1.20100572  1.24024271  0.81043631  1.1309954   1.29808654]
 [ 1.42704085  1.27000231  1.02275116  0.84669152  1.69289332  1.74110114
   1.79378378  1.54629747  1.69605228  1.45502248  2.5100455   1.8617437
   2.97679652  2.77878279  2.66020012  2.54537494  3.29333362  0.67286472
   2.61163109  1.63687407  2.23732813  1.55021896  2.27329288  1.88534307
   1.94273396  1.36445364  1.22658999  2.04913536  3.44620139  3.94476023
   3.40756609  3.1611116   0.80492269  1.02368243  2.25754404]
 [ 2.008444    1.87091014  1.8135922   2.59990304  2.12658248  5.83667531
   2.22861688  2.66901128  4.97418961  6.24071991  3.17360049  3.13828988
   3.51233379  4.30937494  2.14553727  2.84164905  3.11902773  3.16392491
   2.87030102  6.75739072  2.65355946  5.39223299  2.38889906  3.18619601
   2.20059358  2.3651102   1.84119133  2.34001709  3.95123794  4.7250791
   3.40497669  3.96305599  3.32061479  4.30824197  3.53108535]
 [ 0.88537148  1.29175412  0.52689817  0.65276472  1.29512125  3.94153708
   0.96336314  1.41838064  1.4702035   2.21039524  1.05032358  1.22669247
   1.19224282  1.97468624  0.88656127  1.49478798  1.18812993  0.83865314
   0.82335873  2.19693365  1.09350418  1.32953309  1.18593722  3.36511907
   0.88604835  1.11312965  1.14309451  1.11875663  1.2799316   1.50656481
   0.90586955  1.17885167  1.2491127   0.2696703   4.81828772]
 [ 0.79449331  0.6825952   0.67583298  0.68971026  1.54152351  0.53312693
   0.54416222  0.96018271  1.80062142  3.0212607   0.91058064  0.75706434
   0.97345063  1.15184574  1.12502499  1.24661543  0.81183953  1.31075296
   1.28467829  2.44904144  0.83111269  0.85325367  0.98156218  0.62287089
   0.75641306  0.93751983  0.63154459  0.67819613  1.05870451  1.20445562
   1.12182679  1.24243723  1.03791754  0.7156027   2.70841822]
 [ 1.83964779  1.41892674  2.62306163  1.5303383   3.0329669   2.32882417
   3.15180282  3.01877011  2.83030004  2.96069127  2.88755036  3.11861528
   3.47378528  3.59195261  2.9756786   3.41888522  2.66920361  1.53917558
   2.59628598  2.75102148  2.82851642  2.61730385  2.87500796  2.60299239
   2.1464201   1.56830441  1.53061804  1.82956857  3.56557441  4.28865383
   2.93179083  3.85468214  2.85414054  1.68426968  3.77785683]]