[[ 1.52753721  0.64264291  1.27453531  1.16995873  5.2190673   1.4196408
   3.27055986  2.34318703  2.32454494  2.4117909   1.1663668   1.80995147
   5.57037148  7.68398867  4.11661889  3.91738134  1.52324697  2.65302377
   6.85681149  2.38413917  0.76041587  3.24925216  4.97081494  3.75440082
   0.41728123  0.48884737  1.09512774  1.12341813  7.09965218  6.80089763
   7.218266    7.82704045  0.34985774  0.26898624  5.69393397]
 [ 2.28896688  2.61043841  2.48546232  2.77757774  3.73267622  4.66417988
   4.10796538  4.1415469   3.96618319  4.15867591  3.66189005  4.56423142
   5.10231625  5.61809512  4.41439254  4.4886808   3.7866152   6.17797668
   4.4724591   4.07074123  3.7892865   3.92009023  4.14966768  4.62573062
   2.72118197  2.8292349   2.25292877  2.608783    4.38393853  5.1173534
   4.96119885  5.0807802   1.67459196  1.46924966 30.44037236]
 [13.98902282 11.22616534  9.88647716 10.47849281 15.74967507 21.57365247
  17.68093588 14.12984033 12.75574345 13.37833542  8.19276268 17.5758871
  19.15715857 20.82486962 19.40092619 16.30203481  9.86784691  8.92397428
  17.2913771  14.33491552 15.12991793 17.32054981 19.25452201 17.67046593
  20.77409621 10.48881946 15.50919925  8.38941323 20.31298983 18.0802631
  19.28405452 18.00224355  1.27328987  6.21670956 15.15539837]
 [ 6.71305482  7.36734737  6.65395009  6.15163706 10.75332825 11.35877444
   9.5620788   8.90199932 10.18651574  9.76795354  9.5649409   8.29293392
  12.78864799  9.96486425  9.22264332  9.12018128  7.99386827  9.55070619
   8.31685754  9.89571572 10.32352708  8.59807238 10.11266113  9.56383202
   7.35623328  7.0419636   7.21753958  8.10297145 10.36518325  9.9552773
   8.43769964 10.04713828  3.13416156  2.13862695  7.90191735]
 [11.65763521  7.11766045  4.10701233  3.63035342 20.00670854 20.70797922
  16.04212973 16.70669839 15.75224667 14.52049154  8.39700154  9.76650696
  12.31830852 14.55389279 17.4825676  16.3014313  13.08339327  9.25168771
  16.0087637  15.05338707  7.49207546  8.15761334 17.61033276 16.44075149
   6.149102    7.92251408  8.55228178 11.1048181  12.6237315  15.08994999
  19.55586425 17.88099046  2.75946097  1.04660178  8.19432908]
 [ 4.59216069  2.15684269  2.16017127  5.95432424  7.78503725  9.65552584
   8.44256479  8.85231362 13.20463375 11.36941398  8.25477787  9.34808921
  12.61766533 11.193924    9.94607724  9.88385374  8.40812446  8.27117789
   9.98032225 13.4383579   7.9243796   9.64269387  8.66161302  9.94132305
   1.33162906  3.53834489  5.40785937  4.61893482  9.75924622 10.40076559
  10.88928756  9.68737353  0.39108804  0.97229657 13.05141639]
 [ 1.76672722  3.39150331  2.89451313  2.66642145  5.02622053  7.60379167
   6.54903566  8.96641992  7.74942002  6.69521795  7.79053364  6.85972414
   9.52015011  2.48862016  8.44992588  8.92766838  6.50388362  2.13112415
   6.23086507  8.23283852  6.84539084  7.69162502  8.78582903 10.11307202
   3.79389324  4.47097428  3.77874991  5.59412472  1.96579988  5.79272316
   9.96007086 10.594032    0.22643243  0.18223447  3.14737577]
 [ 4.35391022  4.07774382  5.28267659  4.97280971  7.3320793  10.34673843
   8.8539193   9.19419965  8.40940009 14.41004318  6.23297337  7.02809083
  10.24782094  9.30439441  9.11844873  8.77139916  5.20468218  9.71812259
   8.90971087 10.71231125  7.74283071  7.4885832   8.91692302  9.5131351
   5.01553624  3.58715678  4.2765376   2.27986783  6.51065184  7.73650648
  10.43601355  8.31720027 11.70462346  1.75634899  6.43833244]
 [ 4.64251276  3.9235225   4.5310485   4.44602751  6.52346926  7.29617049
   7.2585334   4.80898454  6.61393651  5.71454729  7.75005456  9.57461936
   8.09658083 11.29858226 11.15721517  8.87433634  8.47816247  4.35901887
  10.43085737  7.16237772  6.59803538  7.43365566  8.53188403  9.05222896
   4.87819515  3.63699851  5.35011239  6.03252394  7.0258038   9.03417708
  11.86766792  9.87977922  1.57487209  2.04192574  6.54200287]
 [ 1.03755897  0.98952604  1.97072052  2.28900549  3.30280556  1.71624205
   2.62017654  2.69020301  4.62362294  4.435445    1.98853605  0.35819179
   3.82734132  4.35148336  3.51335169  5.21098906  2.56802986  1.55429812
   4.88582782  3.15946218  1.40578534  1.22226664  4.68782171  3.66484875
   3.39832545  0.89533125  1.05151103  2.92283847  4.55969267  5.19414312
   7.78312127  6.97434793  0.96303373  1.4214244   3.43812856]
 [ 7.62915146  7.89907765  3.66441453  2.89609776  3.11956786  8.00479237
   5.43463669  5.79576759  6.54026628  6.38042206  3.26147525  2.49529341
  16.99075851 14.76744428  9.24408547  8.63329537  5.8702514   5.94174968
  10.91245771  6.9391059   7.04679448  8.33654814  8.88936188  9.21823437
   6.25763487  5.154695    7.42578383  4.72708662  8.30381259 10.65012575
  13.31646315 11.88658705  1.38598003  2.63903359  8.9736691 ]
 [ 5.97792132  5.91986718  6.62351492  6.5519812   7.18344265  7.99104234
   7.17807307  8.36581717  5.83362114  6.44681185  7.96022102  7.76715273
  11.83380474 15.49585627  8.65217521 11.33774437  5.83604815  7.11194467
   9.22897791  5.94360831  7.99463682  8.91263092  8.42843586 10.3894506
   6.8486142   7.73880322  5.81329353  6.54022392 10.30747724  8.70109658
  11.53062993 13.32765741  5.26944503  4.08995146  6.44573707]
 [11.3508146  10.15503516 18.90821566 19.22706741 21.07133076 28.94765495
  24.75023486 26.54426321 25.97956402 28.08132977 29.35429133 28.54564789
  30.4138428  30.4007691  25.91050255 27.97519209 27.01173484 21.15062392
  26.09386406 29.35122038 29.96431093 30.09818675 24.96009699 29.59969203
  16.06431541 20.10988956 12.11970046 20.19313372 28.75195125 31.45948231
  27.11938713 30.13342232  1.2541794   1.25672684 11.77212994]
 [ 3.55441346  2.80847541  8.5890942   5.89182246  9.19453889 10.00060831
   7.05078588  7.02229276  8.3138138   8.7119961   8.96904266  6.87621209
  11.18758674 10.94370094  6.45649294  8.54252983  6.68104175  2.08662406
   6.91804124  9.05670183 10.00344233  8.37161776  7.47598658  9.51035066
   6.36734255  4.41008349  3.6926648   5.51146049  9.876341    8.1038154
   6.91481676  8.95792405  0.94739384  0.95385776  5.86820984]
 [ 7.22498614  7.10544461  6.87249888  7.72460137  9.4328701  10.51542741
   8.58411075  8.31413452  8.27926189  7.39073906 10.28063013 10.39514324
  12.1738409  13.3223449   9.35626623  7.87879078  9.13776761  9.32800267
   7.6211366   8.15239972  8.06166322 10.61891752 10.22988425 10.41016153
   7.74905561  7.46095749  6.94863301  6.8471805  10.03891155 11.19167695
   9.82814215  9.34290979  2.76276617  4.45971296  5.03524005]
 [ 2.35007793  2.16672468  1.86165703  1.78655467  4.59567482  4.9121091
   5.5167436   5.19029693  5.75056903  5.41879945  4.37594479  3.60856098
   6.11420284  6.07567152  7.25920455  6.96565953  4.9875043   1.89623427
   6.50449109  5.75025154  4.21998871  3.49890527  6.36053502  5.40200074
   3.06784364  2.69568609  2.03156824  3.38047189  5.40688491  6.34584939
   8.18355076  7.62134033  2.31293538  2.98279588  6.99562863]
 [ 8.08189216  7.80982003  7.60862377  8.60018539 11.21500525 15.56242631
  10.72848616 10.57230513 11.36805743 14.33595409 11.1113295  12.12556611
  12.52129121 14.69921338 10.90333827 11.73732031  9.54893019 11.70118383
  11.43792101 13.85492684 11.02047381 14.43289158 11.77301491 12.09942566
   8.63041874  9.27630724  8.0923252   8.50735482 12.61471055 17.18152021
  12.89879344 13.07868186  6.12460516  7.20644181 10.32087176]
 [ 5.4988708   7.95295322  3.88844431  4.37703446  6.91238661 10.05955287
   7.66429827  8.94769819 10.56397304 11.97047783  7.97929003  9.04968999
   7.92394428  9.12372229  8.8232014  10.5404988   9.32949838  6.9748281
   8.52304649 12.37849961  6.72322745  7.61960706  7.87726243  9.82131398
   6.29749559  7.85053688  7.77079909  8.74797101  9.64636442 11.30569062
   8.62529255  9.34585042  4.23403258  0.95367077 10.19037804]
 [ 5.99962807  6.29003572  6.13318394  7.4122698   6.03912677  6.53259844
   4.93704205  6.43167127  7.32566175  8.90652121  8.10444803  7.58973626
   8.10938904 10.26249903  7.09188635  8.17185142  8.05872342  7.03924889
   9.0270498   8.40862673  6.9517377   9.14959252  5.45471216  6.4479532
   6.96395568  7.09003537  6.0423834   6.77800879 10.57629061 10.41975666
   8.81791387  9.52877379  3.25434021  3.29277231  7.27014236]
 [ 5.21844958  3.94190348  7.61981886  4.38597952  8.25435636  7.08355998
   8.85690141  8.70794178  9.10097127  9.61430479  7.86551262  8.36122888
  10.39561558 10.28049727  9.37432727 11.35007793  7.32949678  4.26329522
   9.25042728  8.94977502  8.04050526  7.51146526  8.13727882  7.91316856
   5.88295669  3.86849296  4.21623662  5.12896818  9.38218405 11.34176004
  10.05708785 12.85807354  7.49281289  4.4007536  12.35188302]]