[[88.34243816 94.7048887  88.0059957  85.83313773 40.65287391 81.56411359
  16.73397744 16.33255475 11.48370003 10.67022433 91.04116827 83.15324567
  55.81247752 24.65478473 13.88696467 11.93859955 89.30363844 30.06591767
  16.73433827 10.98516346 94.8419506  57.02760996 22.24508457 17.54516253
  96.86118721 95.72543758 90.92272134 91.21408198 48.53604981 48.54772278
  19.37455326 17.1319055  98.20910139 97.9772915  68.13792645]
 [81.35875686 79.24493297 80.85651349 78.66713565 67.13877053 65.87381942
  62.66835464 66.05654745 65.20678633 67.75449594 74.59287525 68.4086422
  60.79124352 58.78765531 63.07858133 65.08462691 69.44684913 67.49384773
  67.90980747 67.24673951 71.56300996 70.19197294 63.32460624 62.6006236
  80.03580324 78.56537199 80.96949835 77.91599862 67.17169821 66.52762806
  62.90788712 63.48869129 93.25768968 94.27435717 49.17545723]
 [53.84701424 63.37350016 64.70058192 64.89406682 44.77497406 31.64392623
  21.78810544 32.99213977 12.91372398 14.93360764 70.41279445 47.69247286
  27.05623074 26.50516839 16.2834036  19.04590764 61.477027   43.36846611
  18.68753111 15.9258452  46.44997788 46.68432522 23.3302699  21.94040675
  43.33367239 65.68079688 50.02528955 70.12889612 37.88442361 40.53402485
  16.52375544 25.14025299 94.4776242  78.67439599 55.0586686 ]
 [54.3825692  53.64238904 51.85659407 53.01625357 21.50152758 21.17410278
  14.85123024 17.21562049 13.409803   12.82683471 28.32017548 37.19546809
  22.04133639 23.91593621 15.09611883 17.0890334  26.51986081 21.232343
  16.01016268 11.99430463 28.54946766 31.13406723 17.55250062 16.63812314
  45.2862712  45.61604523 46.15067851 35.07486959 20.82596401 24.66690038
  16.10804508 19.69151076 86.77663689 87.89750919 70.46381122]
 [55.72642911 72.21012969 82.84927223 84.95273741 39.49651229 38.53019032
  33.614589   19.7558497  18.21437794 18.56962933 69.53820886 67.78163703
  59.19943908 48.20327472 23.99764258 21.48213485 49.63113985 65.78729959
  23.5174424  18.74623764 71.30724282 68.74331475 34.84479832 31.27320041
  75.82836798 71.29832131 66.8499141  56.33956119 56.52340623 52.93514673
  30.77485425 28.25479986 88.52712631 95.14169252 75.23957674]
 [80.07266879 90.46300465 89.82121138 71.64713949 60.72929098 47.43981595
  47.15324035 34.15562233 36.02570371 37.79239663 63.74142046 57.57186647
  46.56248392 45.62905103 44.98507526 42.06487117 61.95027369 53.10600891
  46.41745997 36.67270907 66.9068448  51.4322537  51.30270501 41.7499953
  94.30156105 85.13636071 75.99895435 79.43529418 59.02183168 52.94094662
  47.38376015 54.23764964 98.22227848 95.04953994 55.41575256]
 [92.89046911 86.95650175 87.73900327 89.67087564 74.71973813 66.51204115
  51.06742669 26.76930651 26.32797138 31.05114908 71.26294549 76.59138049
  63.20813486 91.45376789 32.91856301 25.34698092 71.95008695 82.07486074
  28.36899089 24.05625623 72.26531413 72.53850104 46.64454552 43.327141
  84.7440774  83.22161163 85.46697519 76.538889   92.84719206 81.1903013
  34.82397434 28.16010465 98.14360783 98.73348437 88.75469453]
 [64.77395243 68.48557071 64.46618755 65.19944449 48.34190961 43.32822355
  29.83351466 28.54065311 27.20005846 25.31803237 55.12542531 55.05739566
  39.32186162 45.97168093 33.20572545 35.09313667 51.79365813 62.19938411
  43.4743628  29.43222961 46.72900644 53.56392    36.52775069 36.5135872
  58.49720564 74.93753176 62.2992727  77.28885765 52.92783511 56.89395345
  36.81920913 42.77843678 69.51935047 92.57505516 73.67528439]
 [72.31012342 77.20722005 66.57800001 75.71051428 42.65119159 48.54529612
  32.30236498 38.37808182 23.85426387 32.30133346 56.28011732 53.42073215
  48.04476808 43.20102676 31.69873076 33.03340136 50.23284636 66.40452257
  34.78102033 24.14431195 53.19099664 62.5864025  37.89152443 35.15033356
  70.5888455  81.13450195 67.12502679 64.15566236 59.75728473 60.57179785
  37.8352796  41.38839535 91.00395299 92.09857482 74.51223156]
 [96.05243977 96.04482498 92.31113245 89.50914046 84.6268952  91.08936522
  81.12338851 78.88881116 59.61674579 60.07736848 92.56965148 98.17494575
  85.13241205 80.71981643 76.33461558 58.32916359 88.926546   93.46614469
  58.69211718 73.96651861 94.35963815 94.63103255 77.69244619 77.98730126
  85.72935893 96.21316584 95.85761044 87.1046642  82.21124249 81.34053907
  56.73951008 60.20973971 96.3247963  95.03668296 89.17098852]
 [56.53870394 58.41360795 76.47619555 83.14951835 73.7750769  36.87187558
  20.74638429 16.21186196 13.2103922  14.27295263 83.82124886 89.07387248
  32.76282089 38.57046119 24.01687613 19.57884815 69.03423958 24.3081653
  25.33812348 14.71943331 56.16350826 50.04330475 31.60598491 27.39639027
  63.77700078 71.10750377 59.04162397 72.36183839 58.14176173 52.77760679
  29.24102783 38.69871936 91.4299366  85.40443271 68.71224342]
 [65.13406747 65.01376014 60.72373912 60.85205486 55.98453539 57.70193977
  52.97928719 54.12209337 52.48852842 51.88924973 61.91958491 60.37042056
  55.95897853 50.51126812 53.54091895 51.22861075 67.55713761 60.56595955
  53.46076729 52.7377286  58.49103368 58.59800881 53.94887501 55.76882021
  63.33948993 60.76862752 66.02689722 62.89575869 56.49093981 60.69982783
  49.61944033 50.00562997 83.70513005 82.87186909 75.67236534]
 [74.51545112 76.66578472 58.22810193 60.1125961  44.84890157 32.13602566
  18.03325306 21.06246087 21.00169957 21.06908959 44.68385109 44.09199073
  33.4475501  33.51749751 21.67933615 21.44143473 43.96651574 49.26201242
  30.88573868 23.49802566 37.93236529 39.83029901 31.17634269 25.79307379
  66.33118713 58.99476953 72.15094022 57.66073811 42.49557898 36.53102485
  28.27999887 24.69057751 96.11228884 96.97826179 68.6423812 ]
 [69.86862791 76.44086937 37.6819692  56.86870677 26.11424746 32.71182088
  15.79658171 17.43721125 12.45275977 13.15962676 29.22583599 47.8872423
  22.89226808 34.24025195 15.88188935 15.24369057 32.05954551 60.70101471
  19.0843485  13.46879535 28.61412065 39.68201821 19.70441141 25.07935988
  47.13134043 64.62475362 66.79779915 44.13065094 25.23437584 39.03587931
  17.57256579 14.47100341 93.44481542 93.41665366 74.99286197]
 [54.99955858 54.57180468 56.65678851 52.49036496 36.92115634 38.78173607
  29.85809724 29.27277708 24.79970603 22.41365583 39.71135768 37.72615329
  26.68984363 33.4210813  24.92152867 24.57525638 35.43663422 41.87066185
  22.04185413 24.65035247 50.33256657 40.70109066 29.5217236  31.65329165
  50.53293138 51.80908817 56.64607598 56.1636618  42.7996258  34.19307679
  22.17559645 25.01746732 87.58237778 80.29010304 78.60972372]
 [83.4172675  84.58738436 85.00983164 86.79481587 63.01248968 60.90870335
  49.98796417 46.94146708 42.3704868  43.79529617 72.3787659  77.5164502
  59.99576943 59.85437894 47.72452755 46.58926315 66.7668357  88.10556857
  55.58212122 45.03505658 71.24493821 76.28873163 52.04625295 59.36548558
  78.01314359 82.38334255 85.1635097  75.18223575 67.66608902 63.70251183
  51.90360633 52.52029648 91.17351872 87.63192185 66.99359928]
 [68.48581943 67.69452179 69.23903315 63.80673734 52.62046441 47.08428221
  47.16473907 48.41415539 44.76637468 43.67990824 56.58096708 56.4556541
  51.24950879 44.70638079 45.09985358 45.42026891 59.19884982 45.97151579
  49.34387301 43.68979992 55.86885077 50.95064676 47.06081153 48.96069949
  65.1257881  61.63501438 66.01661241 63.13507617 55.6602184  47.08026877
  47.07715842 46.58451004 79.2172427  77.92892987 71.68466875]
 [61.32058186 47.60299228 68.4113648  70.50529331 31.65917555 30.13980292
  16.52503907 13.92607116 17.66450578 15.62867969 42.1567767  45.35832278
  27.18162995 24.28429487 19.01739354 15.99821631 29.95032394 40.03984228
  27.66842706 18.04826871 43.64913114 47.23575374 19.94616824 19.03783556
  56.01914496 49.78172199 46.432286   35.87344667 33.44164444 32.98099162
  20.5891718  18.35237422 80.71784307 95.15745033 60.83667062]
 [60.44446906 59.79601709 51.58494036 56.31641926 35.25261499 44.74544247
  33.85266713 39.55680555 41.72675887 42.24110855 51.8880771  57.24853228
  33.1105335  39.43288742 30.62927988 37.8275241  46.516758   38.03149393
  34.11943712 42.09248277 43.67459593 49.03437409 29.43822816 45.14042472
  57.33471006 59.16178365 59.89093661 56.09843927 43.34292663 40.50497727
  30.55117707 32.98329309 75.68504295 70.77402301 66.38379703]
 [83.83973874 88.11258756 76.71401083 86.35095401 77.10785442 78.57659605
  73.78595141 73.51418842 63.91172808 68.06854739 73.82216687 73.43083397
  65.91450387 66.03972378 66.17426975 60.78631132 75.27235149 83.92321843
  61.1552669  67.92265856 76.25788634 76.46932555 74.0504005  74.41918527
  80.33817526 86.8395296  85.39739687 84.00879316 67.4079615  62.423653
  53.96373988 48.6320977  76.19343508 87.3532291  69.41456564]]