[[6.07957474e+00 8.60150014e+00 1.09700608e+01 1.11043552e+01
  1.11715969e+01 1.14408871e+01 1.88011310e+01 1.83490592e+01
  1.70533914e+01 1.25431278e+01 4.34751969e+00 5.18356447e+00
  3.60104565e+00 2.81310792e+00 7.40567317e+00 6.95270689e+00
  3.14348640e+00 5.43496958e-29 4.55436834e+00 1.31928863e+01
  7.32870307e+00 7.08618927e+00 8.80835590e+00 8.63299496e+00
  5.11787702e+00 8.60245066e+00 6.51313287e+00 3.95659826e+00
  1.95380055e+00 1.61572338e+00 2.36008355e+00 1.86001814e+00
  1.74243510e+01 8.62688730e+00 7.54324766e+00]
 [1.41740747e+02 1.67918475e+02 2.46036597e+01 2.35572948e+01
  1.76053575e+01 1.27398199e+01 1.66045017e+01 1.64936844e+01
  1.57674371e+01 1.45403924e+01 1.02345016e+01 1.12116147e+01
  4.75345910e+00 6.18158091e+00 8.57541261e+00 8.66455918e+00
  9.22635336e+00 6.03212963e-29 5.39496244e+00 1.46286394e+01
  1.31559657e+01 1.04064957e+01 1.10366644e+01 1.03799347e+01
  3.71785761e+01 5.16857348e+01 1.36769061e+02 4.35410312e+01
  4.05258497e+00 3.12261194e+00 3.50993244e+00 3.42329560e+00
  1.09296018e+02 9.47079703e+01 9.33356283e-01]
 [1.77119111e+01 1.91143704e+01 1.21362309e+01 9.67393537e+00
  6.93056699e+00 5.80041838e+00 6.59954119e+00 6.59010626e+00
  6.06793176e+00 5.90116805e+00 4.56108227e+00 3.79629484e+00
  1.83332470e+00 1.57303484e+00 3.54223525e+00 3.22237020e+00
  2.60068478e+00 8.74338835e-29 2.20240330e+00 5.90301796e+00
  4.80980942e+00 4.34997807e+00 4.37847899e+00 3.74648576e+00
  9.57280208e+00 1.24973155e+01 1.72339072e+01 7.46179216e+00
  1.21332084e+00 1.34456273e+00 1.47287456e+00 1.05690330e+00
  6.46916650e+00 2.01821583e+00 5.73434035e-01]
 [1.18432440e+02 1.01410029e+02 5.75240858e+01 4.86865129e+01
  2.36946214e+01 3.15848898e+01 2.13047329e+01 2.68269996e+01
  2.62146452e+01 2.60418349e+01 1.79432989e+01 1.94876732e+01
  4.79634020e+00 6.56462476e+00 9.69746268e+00 1.20958571e+01
  1.16923553e+01 5.09443389e-29 9.36018082e+00 2.43473759e+01
  1.79124840e+01 2.57189786e+01 1.24836001e+01 1.67231734e+01
  5.37717684e+01 3.84120377e+01 9.21660026e+01 3.71654481e+01
  5.62526224e+00 5.53005959e+00 3.35725412e+00 3.48421033e+00
  2.43868366e+02 1.08408579e+02 1.63617777e+00]
 [4.00156595e+01 4.16832898e+01 2.98698198e+01 2.76326578e+01
  1.74575396e+01 1.55996716e+01 1.82307087e+01 1.81669933e+01
  1.68833098e+01 1.50207610e+01 9.63754123e+00 9.24347431e+00
  4.29521334e+00 4.11799174e+00 8.78249113e+00 8.65792337e+00
  6.80419187e+00 1.37694455e-29 4.80070276e+00 1.45834644e+01
  1.24724012e+01 1.17574125e+01 1.10550298e+01 9.96402456e+00
  1.95908537e+01 1.77826102e+01 3.18034615e+01 1.35607147e+01
  3.29209349e+00 2.72441668e+00 2.34278441e+00 2.30876143e+00
  1.59479621e+01 2.41386819e+01 3.41057447e+00]
 [1.46490654e+01 1.44902441e+01 1.00737139e+01 7.75569492e+00
  7.96965062e+00 6.18804973e+00 6.26315649e+00 6.39770798e+00
  6.64738720e+00 6.53118948e+00 3.14691737e+00 2.63950501e+00
  2.18361013e+00 1.84366231e+00 3.15374313e+00 3.53479357e+00
  1.47805999e+00 1.36851795e-29 2.49781354e+00 6.46296674e+00
  6.50730504e+00 4.22729574e+00 4.27970302e+00 4.10974938e+00
  6.17750297e+00 8.49770523e+00 5.95794630e+01 2.95460172e+00
  2.11480234e+00 1.03172987e+00 1.54436509e+00 1.29131124e+00
  1.40567755e+01 8.17852623e+00 3.55679843e+00]
 [3.91716002e+01 3.71505316e+01 2.30160535e+01 2.85959891e+01
  2.30492115e+01 2.26941648e+01 2.77225891e+01 2.68312636e+01
  2.97727952e+01 3.17763313e+01 6.60021902e+00 9.35551338e+00
  7.41940238e+00 5.82923497e+00 1.61923229e+01 1.38215413e+01
  3.62125938e+00 5.28282697e-29 1.02611575e+01 2.97553194e+01
  1.55021763e+01 1.36112009e+01 1.81758281e+01 1.61012473e+01
  1.33342698e+01 1.91760024e+01 3.46414534e+01 7.42994579e+00
  4.20384170e+00 4.11345302e+00 5.53655014e+00 4.11164087e+00
  8.62399393e+01 6.78903052e+01 4.35212070e+01]
 [2.03674962e+01 1.15727708e+01 1.68070478e+01 1.20454024e+01
  1.28583207e+01 1.31924709e+01 1.48472663e+01 1.67503498e+01
  1.54337063e+01 1.53133689e+01 6.75750966e+00 5.51745858e+00
  3.86209177e+00 3.91960167e+00 7.98360514e+00 9.14753493e+00
  5.92873674e+00 6.92868744e-29 5.64795017e+00 1.44819800e+01
  8.46561176e+00 7.95998143e+00 8.87974522e+00 9.85560879e+00
  1.18818639e+01 8.07159419e+00 1.19171031e+01 1.00932573e+01
  2.87872582e+00 2.07773076e+00 2.40691417e+00 2.96636834e+00
  2.40906544e+01 1.21674690e+01 5.95812794e+00]
 [3.26933465e+01 3.29742164e+01 1.02981414e+01 1.01959126e+01
  9.56842697e+00 7.96034220e+00 1.15067096e+01 1.33706923e+01
  1.37268297e+01 1.38979522e+01 4.05273119e+00 5.12200306e+00
  2.22071574e+00 2.09631229e+00 5.28053189e+00 4.97609222e+00
  4.45755442e+00 2.80476436e-29 3.30054963e+00 1.38167341e+01
  5.83207645e+00 5.34718533e+00 6.56720908e+00 5.54666034e+00
  8.62563522e+00 1.00168763e+01 2.39122170e+01 7.45340359e+00
  1.69389836e+00 1.60812514e+00 1.79036919e+00 1.42452684e+00
  3.00993179e+01 4.91970839e+01 1.79103683e+01]
 [1.52599679e+01 1.45346603e+01 6.69686875e+00 6.72072919e+00
  4.24046204e+00 4.04992341e+00 6.11878822e+00 6.06438238e+00
  7.70596560e+00 6.57175732e+00 3.00602947e+00 5.46181828e+00
  1.59363487e+00 1.82551363e+00 4.16069997e+00 3.22111172e+00
  2.62034716e+00 2.83574422e-29 2.88266742e+00 6.75175547e+00
  3.64100378e+00 3.31300615e+00 3.32827869e+00 3.27326842e+00
  9.29494319e+00 6.91522286e+00 1.31302260e+01 5.44279754e+00
  1.07598085e+00 1.10090092e+00 1.58247319e+00 1.08982239e+00
  5.18978266e+00 4.74423944e+00 3.32045663e+00]
 [1.05738007e+01 1.00639406e+01 1.51981604e+01 1.26917710e+01
  1.35355570e+01 1.02262227e+01 1.14745343e+01 9.08491471e+00
  9.82099130e+00 9.12662059e+00 5.59137878e+00 4.93220925e+00
  2.56073998e+00 2.62766507e+00 5.34474678e+00 4.67766392e+00
  4.17985122e+00 3.91153111e-29 2.86329561e+00 9.05665690e+00
  8.37110849e+00 7.08439690e+00 6.75467363e+00 5.84216962e+00
  8.33598327e+00 8.42866137e+00 1.06733188e+01 7.25634091e+00
  1.94963021e+00 1.48673445e+00 1.72783250e+00 1.73378268e+00
  3.13316544e+00 3.19425709e+00 1.75951644e+00]
 [2.62417947e+01 3.41801972e+01 2.23885504e+01 3.03192195e+01
  1.98671167e+01 2.07806732e+01 1.99112501e+01 1.96556700e+01
  2.40608912e+01 2.36100538e+01 9.11110557e+00 1.12581786e+01
  6.60491129e+00 5.53088498e+00 1.13343401e+01 1.16055493e+01
  8.98817538e+00 2.85783671e-30 7.73439420e+00 2.30534779e+01
  1.49969332e+01 1.44839040e+01 1.47128621e+01 1.41723586e+01
  1.33966178e+01 1.96451613e+01 2.84628997e+01 1.38443748e+01
  5.43913919e+00 4.67148503e+00 4.48087582e+00 4.06645078e+00
  3.61170896e+01 3.33580776e+01 4.64585130e+00]
 [7.44415833e+00 9.42451551e+00 6.76289306e+00 6.75917618e+00
  7.06080598e+00 5.84219943e+00 8.74149743e+00 7.57190399e+00
  8.18238406e+00 7.70398483e+00 2.65914008e+00 3.17720708e+00
  2.10634448e+00 1.36185455e+00 4.53900322e+00 3.34141114e+00
  1.96790131e+00 8.02053816e-30 2.50438666e+00 7.64533573e+00
  3.91332661e+00 3.56692589e+00 5.03975215e+00 4.10491569e+00
  4.61800210e+00 4.89727225e+00 7.47559972e+00 3.37841675e+00
  1.05081706e+00 1.03894723e+00 1.61855381e+00 9.40383989e-01
  1.04202312e+01 5.23423594e+00 1.38735428e+01]
 [3.63167336e+02 4.03442901e+02 1.46319742e+02 1.66827640e+02
  1.10977537e+02 9.91080884e+01 1.05517003e+02 1.09052168e+02
  1.00520199e+02 1.06370471e+02 9.05824711e+01 1.10193157e+02
  2.30314480e+01 3.08904406e+01 7.27559009e+01 4.25711990e+01
  9.00920656e+01 1.60585775e-28 7.32856359e+01 9.54732774e+01
  8.81498689e+01 9.38778308e+01 6.83949563e+01 5.59761317e+01
  1.58404927e+02 1.86803555e+02 3.20883796e+02 1.47677949e+02
  3.37967852e+01 4.08493038e+01 3.62654853e+01 1.57545462e+01
  3.32783821e+02 2.23012907e+02 1.49644987e+01]
 [4.03426397e+01 4.47741785e+01 1.25856668e+01 1.14290494e+01
  1.19510223e+01 9.73225247e+00 1.55286617e+01 1.63301026e+01
  1.61031664e+01 1.77444339e+01 4.70426145e+00 5.84577509e+00
  3.13256554e+00 2.80004414e+00 8.07135527e+00 8.11558204e+00
  4.10987353e+00 3.52710239e-28 4.26321165e+00 1.55555157e+01
  6.36065702e+00 6.07608208e+00 8.86840613e+00 7.73900249e+00
  1.46539089e+01 2.90442833e+01 3.85117159e+01 1.12403628e+01
  2.22112682e+00 2.13058458e+00 2.89376666e+00 1.94612488e+00
  5.29865798e+01 3.60902656e+01 1.30520484e+01]
 [6.99217959e+01 6.92836985e+01 2.10750191e+01 1.23694700e+01
  1.18245850e+01 1.12149310e+01 1.06940770e+01 1.20384831e+01
  1.28718695e+01 1.42338023e+01 1.13985904e+01 7.19346232e+00
  3.06488689e+00 3.29579057e+00 5.87535682e+00 5.98175329e+00
  7.58552857e+00 5.54576258e-30 3.95141046e+00 1.38294083e+01
  1.07766992e+01 9.54032635e+00 7.29521738e+00 9.75063750e+00
  2.76466848e+01 2.32274452e+01 6.42010630e+01 2.26644704e+01
  3.25431340e+00 2.01780335e+00 2.06284852e+00 2.18837375e+00
  4.65087316e+01 5.85992484e+01 1.06674301e+01]
 [7.81359578e+00 9.02636123e+00 9.02163541e+00 7.52458102e+00
  7.56871131e+00 6.89647098e+00 8.90750191e+00 7.45067630e+00
  9.26270124e+00 8.43443684e+00 3.29976893e+00 3.41456520e+00
  2.86968059e+00 2.38148826e+00 5.39482941e+00 4.03583022e+00
  2.07785854e+00 3.65408169e-30 2.66407945e+00 8.71489973e+00
  5.78744186e+00 4.62351960e+00 5.75889494e+00 4.74749122e+00
  7.71114895e+00 6.98875159e+00 1.24457523e+01 3.24074991e+00
  1.40361697e+00 1.12776169e+00 1.98142878e+00 1.39959840e+00
  4.82997638e+00 6.18956202e+00 2.16033924e+00]
 [7.97078029e+01 9.18296652e+01 4.73596677e+01 4.81726171e+01
  4.85491346e+01 4.62913915e+01 4.53906252e+01 4.07372704e+01
  4.21720387e+01 4.07711211e+01 1.85525764e+01 2.36454324e+01
  1.17559574e+01 1.28644679e+01 2.54500652e+01 2.15077287e+01
  1.34029828e+01 1.08971341e-28 2.40309684e+01 4.04480385e+01
  2.92759209e+01 2.83586398e+01 2.91168709e+01 2.87015125e+01
  3.25985723e+01 4.06447806e+01 6.18142502e+01 2.92640382e+01
  7.05370688e+00 7.85754558e+00 1.12215370e+01 8.83308259e+00
  3.72199359e+01 3.22422995e+01 2.09394900e+01]
 [1.54536871e+01 2.13044204e+01 1.52185593e+01 1.48318796e+01
  1.85360701e+01 1.58703820e+01 2.34617987e+01 2.04962979e+01
  2.04387778e+01 1.93949284e+01 7.73893625e+00 7.08049869e+00
  4.81501371e+00 3.51927557e+00 1.06253357e+01 1.00035700e+01
  6.23926253e+00 7.86052462e-29 5.69998035e+00 1.86849130e+01
  1.09591862e+01 9.72293574e+00 1.39660992e+01 1.14845768e+01
  1.09611939e+01 1.21362797e+01 1.58592185e+01 9.87726329e+00
  2.81872190e+00 2.93053880e+00 3.69350160e+00 2.62686187e+00
  3.83548524e+00 7.95540805e+00 1.65009236e+01]
 [1.29794692e+01 1.56426041e+01 9.75294126e+00 1.33222293e+01
  9.27207071e+00 1.04270844e+01 1.04967710e+01 1.07613199e+01
  1.06659356e+01 1.14313506e+01 4.42012543e+00 7.26338020e+00
  3.33906148e+00 4.04558945e+00 5.92519605e+00 5.91455383e+00
  3.82140213e+00 6.23774773e-30 4.33209918e+00 1.10376645e+01
  6.45517406e+00 7.92388790e+00 6.39792660e+00 7.33504100e+00
  7.25778013e+00 9.63600513e+00 1.37056203e+01 5.54689777e+00
  2.33368087e+00 2.44669431e+00 2.67478278e+00 2.12128170e+00
  9.80542645e+00 5.10601567e+00 2.91666978e+01]]