[[1.76822413e+01 1.89271703e+01 2.45324131e+01 2.65891757e+01
  4.26415100e+01 6.56783046e+01 1.23875222e+02 2.45738062e+02
  1.54570127e+02 1.14001319e+02 7.41921683e+00 9.16885169e+00
  9.37755961e+00 6.45609701e+00 5.14590641e+01 5.27210559e+01
  3.17857581e+00 4.18863014e-28 1.81320944e+01 1.08548346e+02
  1.70390601e+01 2.20896040e+01 4.49502482e+01 6.46828868e+01
  1.11181994e+01 1.49318738e+01 1.63454059e+01 6.12259272e+00
  2.17010499e+00 2.12757460e+00 8.97496045e+00 5.09614596e+00
  7.13927257e+00 7.38365241e+00 1.01761766e+01]
 [9.86215915e+00 1.19890392e+01 9.98380999e+00 9.14322814e+00
  6.56987606e+00 6.24158681e+00 8.54970445e+00 7.11632465e+00
  1.08788112e+01 8.01681731e+00 3.93762595e+00 4.59252151e+00
  6.87741199e+00 7.65732709e+00 7.85861804e+00 5.77700199e+00
  2.30853015e+00 2.57345392e-29 3.49742623e+00 8.81883736e+00
  5.31761596e+00 5.66893511e+00 8.96076821e+00 6.89899317e+00
  5.56078540e+00 6.88611668e+00 1.02795511e+01 4.53160980e+00
  1.82123892e+00 1.44100648e+00 4.06393241e+00 3.15510865e+00
  1.45091778e+01 1.31522999e+01 8.55770657e-01]
 [1.59693401e+01 1.57288670e+01 9.67869834e+00 8.04680302e+00
  7.84051674e+00 9.41010084e+00 1.17953725e+01 1.40837320e+01
  2.43835229e+01 2.83717625e+01 5.20552627e+00 3.33804059e+00
  5.20479323e+00 5.57127949e+00 1.81322037e+01 1.46617322e+01
  3.60404384e+00 1.13671844e-28 1.16890893e+01 2.39562965e+01
  5.16679410e+00 4.52728207e+00 1.31152856e+01 1.42184843e+01
  1.07010568e+01 1.02647109e+01 1.48393113e+01 7.31746590e+00
  2.23894743e+00 1.76196697e+00 1.06982178e+01 5.24803117e+00
  4.30266754e+00 2.07029029e+00 9.44716639e-01]
 [1.81087409e+02 1.93916365e+02 6.84381131e+01 7.54477187e+01
  5.71668449e+01 7.28459549e+01 7.26431192e+01 1.07407887e+02
  1.03120285e+02 1.08990325e+02 3.86530018e+01 4.44177463e+01
  8.19468987e+00 1.49919304e+01 3.51727204e+01 4.54169847e+01
  3.07760718e+01 9.34717807e-29 3.06065300e+01 8.97685295e+01
  3.38753234e+01 4.77487666e+01 3.41779357e+01 4.96158224e+01
  9.37751586e+01 9.16849802e+01 1.48432364e+02 7.94669844e+01
  1.45925412e+01 1.44201137e+01 1.32698950e+01 1.01446530e+01
  9.57771780e+01 5.42123188e+01 3.60536284e+00]
 [3.82984685e+01 3.59623129e+01 2.00563621e+01 1.57431468e+01
  2.37136387e+01 2.15327908e+01 2.40666208e+01 2.94722961e+01
  2.47083765e+01 2.26800204e+01 8.59716405e+00 7.44374243e+00
  6.97729925e+00 8.35505643e+00 1.83972528e+01 1.71755112e+01
  6.74371050e+00 7.03446411e-30 9.93619650e+00 2.12052293e+01
  9.94736724e+00 9.48798517e+00 1.95972388e+01 1.66819500e+01
  1.84608081e+01 1.53793411e+01 3.03681004e+01 1.26423911e+01
  3.13097469e+00 2.83438203e+00 7.77936598e+00 5.39884313e+00
  1.22886735e+01 1.27763436e+01 4.52146186e+00]
 [9.00207492e+00 8.44780712e+00 4.50981387e+00 4.63850022e+00
  4.01469877e+00 3.67545784e+00 3.96813778e+00 5.75450014e+00
  5.34123085e+00 5.52878219e+00 1.80046232e+00 1.62265927e+00
  2.26121017e+00 2.11952603e+00 2.71063245e+00 3.63545407e+00
  9.35939286e-01 7.18516261e-30 2.33403413e+00 5.06833704e+00
  3.49566934e+00 3.14077846e+00 2.78624452e+00 3.68242172e+00
  3.83392364e+00 2.66547747e+00 9.36413501e+00 1.95273380e+00
  1.03207627e+00 7.28946492e-01 1.33683078e+00 1.04527097e+00
  5.66103392e+00 3.14160609e+00 2.75790885e+00]
 [3.76698517e+01 3.10816330e+01 1.58421045e+01 1.51293544e+01
  2.02227579e+01 1.99567296e+01 3.92858640e+01 4.72406997e+01
  7.62635118e+01 9.40303084e+01 6.04578267e+00 6.33666049e+00
  6.38729354e+00 5.57371848e+00 2.07263801e+01 2.88636929e+01
  3.69689034e+00 6.37912361e-29 2.01732302e+01 8.06035054e+01
  1.14176200e+01 9.11445285e+00 1.81198443e+01 1.91752455e+01
  1.35985638e+01 1.38311402e+01 3.18054376e+01 8.57440817e+00
  3.21303448e+00 2.78737878e+00 6.44025635e+00 7.06748616e+00
  4.89967932e+01 5.20764750e+01 5.26982641e+01]
 [1.73644899e+01 1.42452795e+01 9.07863912e+00 7.30063484e+00
  7.10789850e+00 8.73972711e+00 1.11636221e+01 1.48808573e+01
  1.53966670e+01 1.45550697e+01 4.64775226e+00 5.09054476e+00
  2.94985516e+00 2.50839497e+00 9.80331870e+00 9.71420792e+00
  3.25258803e+00 4.67037911e-29 6.78796961e+00 1.39448593e+01
  4.87283520e+00 4.94730484e+00 6.80547677e+00 6.25952909e+00
  8.92556341e+00 7.89101214e+00 1.22936318e+01 6.85230421e+00
  1.61081783e+00 1.53953486e+00 3.59946806e+00 3.03220072e+00
  1.66989280e+01 9.46397404e+00 5.45479237e+00]
 [6.59112452e+01 5.86801336e+01 1.42742480e+01 1.30483914e+01
  2.20395659e+01 1.49930294e+01 2.11768351e+01 3.50703996e+01
  2.68248881e+01 3.42623414e+01 8.61576181e+00 8.30723756e+00
  4.58190353e+00 3.21746993e+00 1.23382515e+01 1.46032911e+01
  7.55631020e+00 2.60947023e-29 1.18871437e+01 2.65992931e+01
  9.97239575e+00 6.80753305e+00 1.18846248e+01 1.08723083e+01
  1.79244099e+01 1.79402223e+01 4.92886997e+01 1.67839856e+01
  3.21817687e+00 2.61205101e+00 4.23701321e+00 4.07245753e+00
  4.66525163e+01 5.22619704e+01 2.45004480e+01]
 [1.62721126e+01 1.61026705e+01 6.25552261e+00 6.41454782e+00
  5.51640722e+00 6.54315547e+00 2.38053534e+01 3.49563763e+01
  5.73517960e+01 5.70816039e+01 3.38752773e+00 3.63151834e+00
  2.03762635e+00 2.74836894e+00 2.41478825e+01 2.69094821e+01
  3.54550694e+00 5.65164066e-29 2.02448296e+01 4.69378318e+01
  3.01200596e+00 3.16297606e+00 9.36650343e+00 1.10185535e+01
  1.02153299e+01 7.37824392e+00 1.44619064e+01 6.37025914e+00
  1.49342997e+00 1.40426206e+00 5.76504028e+00 5.27983165e+00
  5.17751917e+00 4.48597341e+00 3.48500219e+00]
 [1.46335946e+01 1.37447156e+01 2.36755385e+01 1.68847319e+01
  3.64303355e+01 2.33398716e+01 5.21104418e+01 3.52955008e+01
  2.64761107e+01 2.55753041e+01 7.96042495e+00 6.06057626e+00
  1.27932693e+01 6.99321880e+00 1.70291513e+01 1.75099495e+01
  4.48340295e+00 9.06125926e-29 9.12394120e+00 2.21404257e+01
  1.67607513e+01 1.10694198e+01 2.47263113e+01 1.66457691e+01
  1.07053931e+01 1.08434587e+01 1.32646847e+01 7.17488071e+00
  3.33343174e+00 2.35036436e+00 5.34681671e+00 4.87179040e+00
  3.51436057e+00 3.56384227e+00 4.30558441e+00]
 [1.21372439e+01 1.44471784e+01 8.06088273e+00 1.11039742e+01
  8.25950757e+00 8.61255234e+00 8.96077795e+00 8.59935321e+00
  1.43120860e+01 1.22140554e+01 3.59527764e+00 4.50497227e+00
  2.50072201e+00 2.88604356e+00 5.80559276e+00 5.35652926e+00
  3.20492558e+00 1.35408951e-30 4.10901029e+00 1.18481048e+01
  6.58680279e+00 6.81193765e+00 5.97150420e+00 6.34421976e+00
  5.82466049e+00 7.43091301e+00 1.28090232e+01 5.20445731e+00
  1.88879694e+00 1.61366186e+00 2.06962556e+00 1.82389003e+00
  1.43924586e+01 1.15584048e+01 2.65949938e+00]
 [1.32825911e+01 1.67294176e+01 9.80364479e+00 1.25768860e+01
  1.41405207e+01 1.16618466e+01 3.15979029e+01 2.36632230e+01
  3.46721518e+01 2.44533076e+01 5.32310264e+00 7.78996339e+00
  4.20088004e+00 3.57463528e+00 1.64733075e+01 1.11475095e+01
  4.62015606e+00 2.42214988e-29 7.79686284e+00 2.21648425e+01
  6.73418617e+00 7.65613510e+00 1.37464902e+01 1.10645760e+01
  9.37032106e+00 1.13294729e+01 1.34045090e+01 7.32710867e+00
  2.17954371e+00 2.53840316e+00 4.88477402e+00 2.63332126e+00
  8.73294435e+00 7.95697449e+00 3.39603220e+01]
 [1.09530736e+02 1.16787073e+02 5.34790088e+01 5.88780211e+01
  4.44268028e+01 4.28149273e+01 7.65555381e+01 7.84142149e+01
  6.18925674e+01 7.24937655e+01 3.23477286e+01 4.04096530e+01
  1.50668513e+01 1.68145645e+01 5.95766814e+01 3.94185370e+01
  3.29852531e+01 6.31234245e-29 3.69218934e+01 5.00319304e+01
  3.31390716e+01 3.73936499e+01 4.27077104e+01 3.41885641e+01
  5.52176458e+01 6.62968329e+01 9.90881085e+01 5.20988401e+01
  1.40854924e+01 1.64135899e+01 2.64245051e+01 1.69581497e+01
  7.95959905e+01 4.53686457e+01 8.56047047e+00]
 [1.07167191e+02 1.43521194e+02 2.96410498e+01 3.22352819e+01
  2.79909734e+01 1.72844808e+01 7.66083655e+01 7.78071085e+01
  1.31252351e+02 1.26132446e+02 1.57289905e+01 2.06255642e+01
  1.40267448e+01 6.83061885e+00 5.94252551e+01 5.22385087e+01
  1.97262856e+01 2.13949890e-27 3.93397476e+01 1.10527886e+02
  1.62821907e+01 1.38768287e+01 3.68558989e+01 2.33025403e+01
  4.74200428e+01 9.27494729e+01 1.13965859e+02 4.45227629e+01
  7.19688399e+00 7.84799948e+00 2.20811872e+01 1.11494406e+01
  8.11628381e+01 6.60123831e+01 1.98793830e+01]
 [4.35784507e+01 4.52865862e+01 8.85850700e+00 6.91142325e+00
  5.54731815e+00 6.06783506e+00 1.07791260e+01 1.25705170e+01
  3.16582977e+01 2.49797923e+01 6.12809853e+00 4.48733242e+00
  1.37650043e+00 1.70493155e+00 6.92563047e+00 7.55895548e+00
  5.09975867e+00 4.81068351e-30 4.52960036e+00 2.50473339e+01
  4.44399790e+00 4.24699123e+00 4.99414244e+00 5.69806689e+00
  1.69204472e+01 1.64770496e+01 4.06259970e+01 1.38923000e+01
  1.80441413e+00 1.17534477e+00 1.85065116e+00 1.98849847e+00
  2.88320372e+01 3.09332879e+01 7.86260555e+00]
 [5.92595158e+00 8.41872956e+00 6.62056489e+00 6.50932277e+00
  9.65943004e+00 7.68416517e+00 1.70429404e+01 1.40619113e+01
  2.93158200e+01 2.37082311e+01 2.73355890e+00 3.55963701e+00
  3.53939773e+00 2.67631462e+00 1.25472129e+01 8.31035126e+00
  1.49032436e+00 3.84216598e-30 5.61944514e+00 2.79477332e+01
  5.43817643e+00 4.28242732e+00 1.00818581e+01 6.79423393e+00
  8.54632994e+00 7.48747384e+00 6.94782476e+00 2.51376571e+00
  1.12124599e+00 9.14423746e-01 3.82219284e+00 2.23229042e+00
  4.48811590e+00 3.66536823e+00 2.54882465e+00]
 [6.90927998e+01 7.59062452e+01 2.84509747e+01 3.42225989e+01
  3.83446874e+01 4.12851758e+01 4.87253787e+01 4.92200442e+01
  5.59921226e+01 5.34362471e+01 1.24703597e+01 1.93395101e+01
  1.12006801e+01 1.52855675e+01 3.35531874e+01 3.38498059e+01
  1.25263548e+01 7.51473503e-29 3.08663708e+01 4.94077712e+01
  1.76221444e+01 2.25332970e+01 3.21119780e+01 3.43153009e+01
  2.47217286e+01 3.14641594e+01 5.19365164e+01 2.49289912e+01
  5.88239192e+00 6.82471645e+00 1.57050301e+01 1.59574684e+01
  3.66441075e+01 2.30904685e+01 1.33183319e+01]
 [2.07591093e+01 2.09942478e+01 1.01392695e+01 9.72436922e+00
  1.13981945e+01 8.17111130e+00 1.55975843e+01 1.28936956e+01
  3.58498420e+01 2.94773584e+01 5.68054894e+00 6.20991546e+00
  2.85385832e+00 2.18977717e+00 1.70536375e+01 1.41535938e+01
  5.27310558e+00 3.43791846e-29 1.85127082e+01 3.43972470e+01
  6.51042460e+00 5.79610257e+00 1.00772858e+01 6.21722388e+00
  1.07661621e+01 1.16320432e+01 1.82835302e+01 9.11998298e+00
  2.29977639e+00 2.97785308e+00 7.42756169e+00 4.75044465e+00
  3.99499288e+00 4.11054155e+00 9.56580593e+00]
 [2.25254329e+01 3.17766697e+01 8.60106880e+00 1.01526570e+01
  1.34877618e+01 1.06552105e+01 1.89256174e+01 1.41734665e+01
  2.66367995e+01 2.24861450e+01 3.19979522e+00 5.63770014e+00
  7.66386878e+00 1.30119098e+01 1.76190601e+01 1.20281894e+01
  2.42569970e+00 1.61247047e-29 9.03020767e+00 2.49365961e+01
  6.24860502e+00 7.66333973e+00 1.83439085e+01 1.31357995e+01
  7.76644136e+00 1.20359230e+01 2.26125412e+01 6.29142691e+00
  1.65500842e+00 1.93317180e+00 7.95465903e+00 6.14840224e+00
  1.19036937e+01 8.76407324e+00 3.65056067e+01]]