[[2.86848590e+02 7.79110352e+02 1.30708524e+02 7.24520822e+01
  2.16377578e+02 1.54963607e+02 3.71752266e+01 2.54195790e+01
  2.67565320e+01 1.97527393e+01 2.96329374e+01 2.40121869e+01
  8.71798003e+00 7.61858585e+00 1.25873322e+01 1.22783271e+01
  1.32662688e+01 2.50717449e-28 1.41196556e+01 2.33099394e+01
  1.02921204e+02 2.44536372e+01 2.56011764e+01 1.66825732e+01
  3.84508702e+02 4.72513906e+02 2.96106593e+02 3.15778420e+01
  5.68872175e+00 7.35331260e+00 5.49096873e+00 4.80484280e+00
  4.61863711e+02 7.96797857e+02 8.73930448e+01]
 [3.77495727e+03 4.22855386e+03 2.82302657e+02 3.09609767e+02
  7.71547928e+01 4.54917030e+01 8.15681731e+01 8.56939069e+01
  1.28418832e+02 1.27446458e+02 1.58325027e+02 1.93537572e+02
  1.63815319e+01 1.59909616e+01 5.09718545e+01 5.14715506e+01
  1.73350272e+02 2.98471504e-28 4.19243235e+01 1.30996882e+02
  6.90734003e+01 7.10252202e+01 4.71934559e+01 3.88522428e+01
  1.00404890e+03 1.41263593e+03 3.53665312e+03 1.20494948e+03
  3.52619033e+01 2.49248996e+01 1.94638145e+01 1.76093429e+01
  2.31191935e+03 2.69104868e+03 5.30780914e+00]
 [8.20991488e+01 8.77927382e+01 5.37325050e+01 3.64380941e+01
  1.87257385e+01 2.10435834e+01 1.81776096e+01 3.00925183e+01
  2.70351064e+01 2.72175160e+01 1.89354967e+01 1.33746895e+01
  5.10140436e+00 4.34782529e+00 1.12045649e+01 1.24095247e+01
  1.34257448e+01 2.72382613e-28 1.02995423e+01 2.71124868e+01
  1.58482856e+01 1.35693996e+01 1.12058038e+01 1.24766380e+01
  4.41172744e+01 5.15467083e+01 7.36260198e+01 4.23669362e+01
  5.59825565e+00 5.43021804e+00 4.42628063e+00 4.19573084e+00
  3.75691188e+01 8.53318452e+00 4.67303815e+00]
 [4.70752185e+02 2.45744127e+02 7.64876011e+02 3.81385760e+02
  6.66753441e+01 8.28585398e+01 3.62184687e+01 5.49906901e+01
  5.35811204e+01 4.96267690e+01 5.25377544e+01 4.18867994e+01
  1.12430772e+01 1.57816565e+01 1.76928641e+01 2.77213720e+01
  2.12152200e+01 1.77209167e-28 1.53993025e+01 4.39216196e+01
  6.81114715e+01 9.04942877e+01 2.21185573e+01 3.61371102e+01
  2.57686586e+02 1.19281251e+02 3.29690653e+02 1.15142474e+02
  1.20586709e+01 8.30285394e+00 5.62183075e+00 7.81584385e+00
  2.84002507e+03 1.53255088e+03 5.54859396e+00]
 [2.04977769e+02 1.77820828e+02 2.64871765e+02 1.88646199e+02
  5.56953206e+01 5.00811182e+01 3.11354571e+01 3.89954120e+01
  3.22001695e+01 3.86312475e+01 4.16447148e+01 3.32188568e+01
  1.63105529e+01 1.18577178e+01 1.44437454e+01 1.98856542e+01
  1.93431512e+01 9.99048342e-29 1.02573961e+01 3.16092803e+01
  6.75483780e+01 5.29300937e+01 2.38571708e+01 2.32339945e+01
  1.10828706e+02 6.99038787e+01 1.35843679e+02 4.89953392e+01
  1.01656494e+01 6.98927296e+00 3.86173892e+00 8.98521630e+00
  1.25304892e+02 2.70420853e+02 2.32921958e+01]
 [2.40160746e+03 2.34139827e+03 1.39097660e+02 6.90506895e+01
  5.06946697e+01 4.98940596e+01 5.70044020e+01 6.78604903e+01
  7.34442086e+01 6.66690646e+01 2.13777524e+02 6.76950509e+01
  3.60964696e+01 3.72647307e+01 4.28409147e+01 5.46239739e+01
  4.13246043e+01 2.59366115e-28 4.73710777e+01 6.80227831e+01
  1.33469060e+02 5.16741714e+01 5.58480335e+01 5.27639431e+01
  1.56638454e+04 4.74246403e+03 2.72298429e+04 1.56941501e+01
  3.11583574e+01 4.37478485e+01 1.66265434e+01 3.33360971e+01
  1.75122328e+03 1.70590088e+03 3.96754231e+01]
 [1.74421592e+02 4.97522649e+02 3.97877288e+02 9.01549236e+02
  1.50928701e+02 1.20315529e+02 9.97774869e+01 5.31585532e+01
  7.39680829e+01 7.09593211e+01 3.46148333e+01 1.62880973e+02
  3.81725484e+01 3.37819186e+01 4.59735836e+01 3.06651582e+01
  2.87670841e+01 1.72137731e-28 2.42300195e+01 7.14219798e+01
  1.71040055e+02 1.85836544e+02 7.47177507e+01 5.58038697e+01
  6.58412315e+01 4.14296302e+02 2.38065696e+02 8.59911674e+01
  1.49101305e+01 2.64753752e+01 1.82703088e+01 1.01885206e+01
  1.28964428e+03 2.99824300e+02 2.09066519e+02]
 [3.74687441e+02 1.21700459e+02 1.13955175e+02 6.45124176e+01
  3.14040694e+01 3.05965532e+01 3.32421576e+01 3.42996613e+01
  3.82594107e+01 4.02085220e+01 3.14947496e+01 2.16010071e+01
  1.14839024e+01 8.46847653e+00 1.95069758e+01 2.07042403e+01
  1.56578666e+01 1.49173838e-28 1.55821373e+01 3.79946817e+01
  2.36842433e+01 2.24300482e+01 2.08225957e+01 1.71523563e+01
  8.22332029e+01 5.75409837e+01 9.08758249e+01 8.19302929e+01
  8.60922680e+00 6.64993453e+00 6.53637352e+00 7.39797338e+00
  4.31456063e+02 8.03972424e+01 3.70340693e+01]
 [2.20647768e+02 2.98377089e+02 3.88336238e+01 1.14649565e+02
  4.06496668e+01 2.73600482e+01 5.27160988e+01 4.59596752e+01
  5.40511901e+01 6.40639750e+01 1.70896702e+01 2.41291440e+01
  1.00049458e+01 7.19889797e+00 3.07262621e+01 1.90153106e+01
  3.42701850e+01 7.60806227e-28 1.53237269e+01 5.44361027e+01
  2.27367516e+01 2.56944996e+01 3.24254387e+01 1.98803963e+01
  5.81914223e+01 2.02905365e+02 1.72195578e+02 4.77630674e+01
  9.34613245e+00 8.09507476e+00 8.25017389e+00 6.55402671e+00
  2.58080635e+02 7.96350223e+02 2.29867035e+02]
 [3.18508413e+02 3.17347892e+02 9.35821082e+01 9.09217453e+01
  4.27164866e+01 4.17191487e+01 6.06651024e+01 1.97689922e+02
  5.18906370e+01 9.05405767e+01 4.08115464e+01 3.39743953e+02
  1.07117002e+01 1.32728988e+01 3.30975861e+01 2.99840488e+01
  2.90219943e+01 1.41448813e-27 2.62609289e+01 1.15608188e+02
  4.60381999e+01 8.63836828e+01 2.37473134e+01 6.17738287e+01
  1.22554370e+02 3.14860585e+02 2.43039815e+02 6.00911315e+01
  9.02269384e+00 1.06953484e+01 7.85803814e+00 8.48492721e+00
  8.64208572e+01 1.33945107e+02 4.51616841e+01]
 [3.68396853e+01 3.84082616e+01 5.71181802e+01 3.83584471e+01
  3.91777129e+01 2.32790330e+01 2.78558735e+01 2.07561557e+01
  2.73104411e+01 2.39553991e+01 2.51382029e+01 2.08286721e+01
  7.70358137e+00 7.05783070e+00 1.71149856e+01 1.36284413e+01
  1.88176456e+01 9.76695841e-29 1.13648770e+01 2.48087351e+01
  2.91208507e+01 2.09557842e+01 2.02096594e+01 1.40905906e+01
  3.07665253e+01 2.88239842e+01 3.93280599e+01 2.63993129e+01
  9.13641190e+00 6.83722910e+00 5.80193696e+00 7.58794241e+00
  2.29831238e+01 1.63792631e+01 9.59685358e+00]
 [3.11216780e+02 3.20231014e+02 1.67408070e+02 2.39532194e+02
  5.75132804e+01 5.86333383e+01 3.15651209e+01 2.91619953e+01
  4.46272913e+01 3.80858337e+01 3.75891153e+01 5.87938493e+01
  1.36407994e+01 1.07766476e+01 1.75860133e+01 1.53451169e+01
  3.13270413e+01 1.97268454e-29 9.21265597e+00 3.28249134e+01
  5.08790485e+01 5.73015016e+01 3.01907499e+01 2.86608447e+01
  1.23842084e+02 1.39034436e+02 2.91141777e+02 8.78799030e+01
  9.97769539e+00 1.24418964e+01 6.18511680e+00 5.22663936e+00
  3.10938584e+02 4.35936154e+02 2.60546819e+01]
 [5.18166627e+01 1.15554685e+02 4.54485521e+01 1.01246826e+02
  1.24030172e+02 1.78682872e+01 2.15277629e+01 1.47821156e+01
  1.58106188e+01 1.48788702e+01 2.33602716e+01 2.93217096e+01
  7.99435825e+00 5.82770685e+00 1.35978534e+01 7.59379875e+00
  9.42709929e+00 4.04770907e-28 8.28251951e+00 1.77528428e+01
  1.56296773e+01 2.44986910e+01 1.32721170e+01 9.81519888e+00
  1.11457118e+02 5.59280155e+01 1.25911650e+02 2.58590571e+01
  5.18057663e+00 6.00181658e+00 4.77769373e+00 2.26169342e+00
  4.59439861e+02 1.04054533e+03 2.53990803e+02]
 [2.37659631e+03 2.85420691e+03 2.45061627e+02 4.73158136e+02
  8.94401965e+01 9.27970593e+01 7.82182924e+01 9.40006163e+01
  8.05709908e+01 8.62339698e+01 1.24374061e+02 1.72393908e+02
  1.56066933e+01 2.26190475e+01 4.98048545e+01 3.89971718e+01
  1.44898176e+02 2.62345015e-28 3.66142853e+01 7.62050001e+01
  7.01854571e+01 8.62210094e+01 4.65713172e+01 5.29771401e+01
  5.16290505e+02 7.40114660e+02 1.93341857e+03 4.06577607e+02
  3.18851066e+01 3.15243461e+01 1.74696293e+01 1.28857439e+01
  3.55580615e+03 2.64191267e+03 6.88278808e+01]
 [1.08459789e+03 7.00766475e+02 3.55940956e+02 1.65531745e+02
  5.16742569e+01 3.12007588e+01 5.51153089e+01 5.44910155e+01
  8.81713610e+01 8.29853875e+01 3.29678452e+01 6.06668028e+01
  1.04837987e+01 7.81106214e+00 3.83553686e+01 3.06221460e+01
  3.79728382e+01 5.70238337e-27 2.65457605e+01 7.91129207e+01
  3.91612620e+01 2.69714489e+01 2.94651436e+01 2.11179561e+01
  7.89527607e+02 1.05744828e+03 1.39283456e+03 7.15513488e+02
  1.18012042e+01 1.24649236e+01 1.32493540e+01 7.43082658e+00
  3.79116347e+03 1.04836781e+03 1.06383977e+02]
 [4.84066091e+02 5.69953446e+02 9.42649664e+01 4.60840920e+01
  3.13489678e+01 2.92523081e+01 3.28955094e+01 4.50492361e+01
  5.57275251e+01 6.33048650e+01 5.43725241e+01 3.16156005e+01
  8.09453418e+00 7.28997552e+00 2.39393279e+01 2.43089681e+01
  4.42074034e+01 2.45642531e-29 2.19282904e+01 5.61545845e+01
  4.27194261e+01 4.15280766e+01 1.74606724e+01 8.55180315e+01
  1.83176242e+02 1.59167830e+02 4.96971662e+02 1.37018044e+02
  1.48634954e+01 8.50962988e+00 9.02690009e+00 9.58473771e+00
  2.94707649e+02 4.29695584e+02 1.13997544e+02]
 [3.45621846e+01 1.56333245e+02 4.69875200e+01 4.71740790e+01
  1.99182181e+01 1.83705769e+01 2.26782690e+01 2.76864836e+01
  3.01820992e+01 2.88018566e+01 1.40880542e+01 1.31934522e+01
  1.20010267e+01 8.82033553e+00 1.68241854e+01 1.26356357e+01
  1.38940431e+01 6.96678174e-29 1.09115467e+01 2.83930702e+01
  1.46067104e+01 1.53246484e+01 1.62787470e+01 1.41751297e+01
  2.52294278e+01 7.26948388e+01 5.11354717e+02 1.29473330e+01
  5.80678712e+00 4.33840439e+00 7.57631684e+00 5.76386503e+00
  1.41379511e+02 7.53054377e+02 2.09786479e+01]
 [3.72525536e+02 4.27052116e+02 9.47538754e+01 8.01388052e+01
  7.86196678e+01 4.26602298e+01 3.27918833e+01 3.69464086e+01
  5.00381178e+01 5.91148068e+01 3.01637444e+01 3.49999672e+01
  1.18120093e+01 1.09976476e+01 2.49734456e+01 2.34790493e+01
  2.33444511e+01 1.22829755e-28 2.65445982e+01 5.58007224e+01
  3.25783075e+01 2.95269396e+01 2.34302808e+01 2.18715012e+01
  1.01386388e+02 1.35682548e+02 2.42194436e+02 7.59789766e+01
  1.13202146e+01 8.74365099e+00 1.08988115e+01 9.52153021e+00
  1.61572551e+02 2.43722829e+02 1.20355703e+02]
 [7.00542582e+01 9.34628874e+01 4.73420089e+01 4.52163181e+01
  3.20597130e+01 4.23945456e+01 2.99790504e+01 3.15048568e+01
  3.40005381e+01 3.51123927e+01 2.06856991e+01 2.20387828e+01
  7.85124924e+00 6.16501441e+00 1.54805147e+01 1.42687130e+01
  1.17247366e+01 1.17361162e-28 1.06490760e+01 3.59856341e+01
  2.27672516e+01 2.53242661e+01 2.01854386e+01 2.19019240e+01
  3.69207788e+01 4.11085958e+01 6.98775754e+01 3.19170242e+01
  5.46004049e+00 6.38719815e+00 6.31807150e+00 1.10276408e+01
  1.41346296e+01 4.34590447e+01 4.86186562e+01]
 [3.81358405e+02 4.28191836e+02 1.43058415e+03 1.00823917e+03
  1.07759015e+03 4.40339209e+02 7.73453175e+01 2.01439215e+02
  8.87713360e+01 1.09581645e+02 5.50668282e+01 5.08616506e+01
  8.04327671e+01 2.56742924e+01 5.35948510e+01 4.26003353e+01
  7.63478686e+01 5.70198567e-28 3.27942028e+01 1.24769560e+02
  8.19644088e+02 3.17674162e+02 8.72076509e+01 2.14828308e+02
  1.19632158e+02 8.74182131e+01 1.81570589e+02 3.41860102e+02
  1.74844904e+01 2.42454920e+01 1.39918128e+01 1.08605898e+01
  1.01352234e+02 1.02659588e+02 1.48561070e+02]]