[[4.82583227e+00 7.73899831e+00 5.78696093e+00 5.67106809e+00
  8.55196495e+00 7.90563424e+00 1.00781702e+01 1.13992761e+01
  1.09205220e+01 7.84629945e+00 4.11621594e+00 3.05984615e+00
  2.02481203e+00 1.67251858e+00 4.97566341e+00 4.60678463e+00
  1.50558965e+00 2.63020189e-29 2.74504388e+00 8.11569619e+00
  7.76942091e+00 4.16134667e+00 5.56857377e+00 5.00576946e+00
  7.23836258e+00 5.61070017e+00 5.21349651e+00 2.40042284e+00
  8.89650059e-01 9.93152326e-01 1.47487079e+00 9.28507368e-01
  8.33372419e+00 5.44303692e+00 6.45374028e+00]
 [9.53732443e+00 1.02264605e+01 1.43248563e+01 1.04354695e+01
  5.59215508e+00 8.10824965e+00 4.14146272e+00 5.09432564e+00
  4.80438801e+00 5.36895743e+00 5.73016291e+00 1.41117966e+01
  1.68516593e+00 3.33763236e+00 2.60419582e+00 2.85240836e+00
  1.87724515e+00 1.87418842e-29 1.62717676e+00 4.97247820e+00
  7.21232902e+00 1.66023846e+01 2.96448768e+00 5.43286591e+00
  7.96580363e+00 1.36926488e+01 6.54724432e+00 3.94011442e+00
  1.28556999e+00 1.78919424e+00 1.04093871e+00 1.00918994e+00
  2.42791470e+01 1.72923301e+01 7.45000675e-01]
 [1.97453523e+01 2.23409639e+01 1.21870929e+01 1.41191495e+01
  1.01594412e+01 1.15753830e+01 1.18044189e+01 1.16897121e+01
  1.41563449e+01 1.28391457e+01 6.39323494e+00 5.92360183e+00
  4.22436609e+00 4.20776523e+00 1.06892650e+01 8.22833768e+00
  3.00887561e+00 1.48917033e-28 6.91971402e+00 1.28515371e+01
  7.03626202e+00 1.20901549e+01 9.72004721e+00 8.99794614e+00
  2.14379377e+01 1.60213070e+01 1.89661736e+01 8.77043666e+00
  2.37271870e+00 2.27698979e+00 4.58898850e+00 3.03697078e+00
  8.41990345e+00 5.20988927e+00 1.49612991e+00]
 [4.55543699e+02 1.80921761e+02 4.70695461e+01 3.51379028e+01
  4.65238066e+01 7.54446349e+01 2.43714284e+01 2.78657907e+01
  3.18671228e+01 2.87329759e+01 4.56280278e+01 4.46793297e+01
  5.23125825e+00 6.28713579e+00 1.02197630e+01 1.30256145e+01
  1.44588499e+01 4.57136960e-29 7.73444179e+00 2.64472007e+01
  2.06848670e+01 2.63821436e+01 1.43866641e+01 1.69266756e+01
  1.96890133e+02 8.09137287e+01 1.39425742e+02 8.33532849e+01
  9.46568475e+00 6.35200439e+00 3.01898897e+00 3.51398867e+00
  3.01135326e+02 1.15130189e+02 2.28420260e+00]
 [5.80604080e+01 5.30031917e+01 3.04752554e+01 2.02986320e+01
  7.16698852e+01 4.00549072e+01 1.65645378e+01 1.94725382e+01
  1.68157587e+01 1.65223179e+01 1.51777520e+01 1.46625961e+01
  8.15380216e+00 5.44681103e+00 1.12796477e+01 1.12995540e+01
  8.20911161e+00 1.15698254e-29 6.18937096e+00 1.49495162e+01
  1.65048261e+01 1.10307409e+01 3.11307661e+01 1.53996738e+01
  4.23434904e+01 4.73517674e+01 4.42183076e+01 1.85657458e+01
  4.34277726e+00 4.09105980e+00 4.28595966e+00 3.11517245e+00
  2.06862626e+01 2.13800040e+01 6.97183827e+00]
 [2.19761425e+01 1.48811907e+01 9.11249384e+00 9.81450329e+00
  8.60984649e+00 4.57555228e+00 3.72787030e+00 4.31692352e+00
  4.91841532e+00 4.39939473e+00 3.00206113e+00 2.47419377e+00
  3.07991568e+00 1.52589678e+00 2.55530032e+00 2.48124855e+00
  1.03585442e+00 1.10056267e-29 1.57941819e+00 4.41403596e+00
  9.17181806e+00 5.13235944e+00 4.57185001e+00 2.99899175e+00
  1.52464074e+01 4.65911789e+00 1.68871710e+01 2.30605930e+00
  9.81443532e-01 8.93020674e-01 1.19758267e+00 8.65854936e-01
  2.16751826e+01 1.10454688e+01 4.91729662e+00]
 [2.48685068e+01 2.30724344e+01 1.06184080e+01 1.26512705e+01
  1.34372012e+01 1.29516264e+01 1.65746640e+01 1.61098900e+01
  2.22074712e+01 2.33197446e+01 5.05146386e+00 8.54440470e+00
  5.56212041e+00 5.84161747e+00 1.09308127e+01 1.12445836e+01
  3.21667568e+00 3.25837560e-29 8.68687529e+00 2.27397831e+01
  8.96445469e+00 9.27461149e+00 1.08015609e+01 1.05222652e+01
  8.12861860e+00 1.26255555e+01 2.20353196e+01 6.35503254e+00
  4.02344840e+00 4.51699130e+00 4.52548231e+00 4.15146395e+00
  3.88254183e+01 4.13939494e+01 4.59716638e+01]
 [2.72653306e+01 1.71449037e+01 8.23198370e+00 5.69400454e+00
  7.40199945e+00 2.15544900e+01 1.05771166e+01 1.48360510e+01
  1.22069424e+01 1.48378610e+01 5.59345369e+00 1.10834176e+01
  2.01368317e+00 1.93868432e+00 4.17677323e+00 5.61551596e+00
  2.26428582e+00 2.59597709e-29 2.83041843e+00 1.19144730e+01
  4.44953611e+00 4.33190285e+00 4.36443549e+00 6.36809899e+00
  1.15101470e+01 1.45008636e+01 1.49227587e+01 8.05164781e+00
  1.10845294e+00 1.23472643e+00 1.34273366e+00 1.50946755e+00
  2.60101254e+01 1.46055266e+01 1.14913531e+01]
 [3.11321244e+01 2.97174164e+01 9.95737718e+00 7.13313848e+00
  2.25047780e+01 1.11181074e+01 8.46141258e+00 9.29984014e+00
  1.02722873e+01 1.21177662e+01 4.20951063e+00 4.72121969e+00
  2.17290028e+00 2.14514909e+00 5.13698736e+00 4.86701296e+00
  3.30129947e+00 1.76698815e-29 3.65146183e+00 1.10837400e+01
  4.48676574e+00 4.57399852e+00 5.04924296e+00 4.54446843e+00
  1.21290769e+01 8.61262727e+00 2.32258332e+01 6.80549302e+00
  1.61331677e+00 1.77495403e+00 1.97507950e+00 1.63220395e+00
  2.86862856e+01 3.08446986e+01 2.08921586e+01]
 [2.54375201e+01 2.17123038e+01 8.00620379e+00 7.01227386e+00
  3.78001706e+00 3.22945507e+00 5.71482654e+00 7.00492710e+00
  9.64868359e+00 8.35272339e+00 8.12895685e+00 2.42931680e+00
  1.40035079e+00 1.33106397e+00 3.76128649e+00 3.64674542e+00
  2.81827120e+00 2.81603033e-29 2.68817617e+00 8.67051789e+00
  4.52813428e+00 2.29477553e+00 3.08024040e+00 3.12903273e+00
  3.02307242e+01 6.47348880e+00 1.69626265e+01 7.15831191e+00
  1.38244795e+00 9.25755446e-01 1.32797240e+00 1.08407092e+00
  6.94645828e+00 1.07337518e+01 4.44836212e+00]
 [6.66797217e+00 7.10448991e+00 9.16975751e+00 8.70347239e+00
  8.72705954e+00 8.56122614e+00 1.02179500e+01 1.35983002e+01
  1.17519650e+01 1.31133333e+01 4.39169195e+00 5.82022242e+00
  6.06223976e+00 4.57824654e+00 7.61569306e+00 6.63956323e+00
  2.87680386e+00 3.59775681e-29 4.25556246e+00 1.14779596e+01
  6.36251930e+00 6.43282909e+00 7.92931658e+00 7.13910351e+00
  5.70104940e+00 7.93866891e+00 6.65500690e+00 4.39950780e+00
  1.86361206e+00 2.01248827e+00 3.39162478e+00 2.88434719e+00
  3.82566073e+00 3.61051803e+00 2.73783646e+00]
 [2.46875606e+01 3.01798688e+01 8.53271412e+00 1.25387046e+01
  1.19901659e+01 2.37364670e+01 1.07199507e+01 1.06044798e+01
  1.51809866e+01 1.24992817e+01 5.71497716e+00 6.02551941e+00
  4.15236571e+00 4.36163909e+00 6.78928015e+00 6.49620216e+00
  4.20254882e+00 2.08437079e-30 4.29156065e+00 1.26501545e+01
  1.05742023e+01 9.60858193e+00 8.71999198e+00 1.21267363e+01
  1.10793018e+01 1.62455602e+01 2.51576290e+01 8.26464027e+00
  2.81412644e+00 2.41478596e+00 2.57274251e+00 2.17222480e+00
  2.67246646e+01 3.11743628e+01 5.44418130e+00]
 [1.77426362e+01 2.81942492e+01 1.83449566e+01 2.19773364e+01
  1.49996307e+01 1.36965191e+01 1.86918134e+01 1.69607890e+01
  2.29523368e+01 2.10972806e+01 1.11656398e+01 1.27889668e+01
  6.05737551e+00 4.66699563e+00 1.11217068e+01 8.93421363e+00
  6.31342067e+00 1.77175377e-29 6.87023467e+00 2.06168009e+01
  1.36091221e+01 1.27818973e+01 1.18316112e+01 1.04141157e+01
  2.04856274e+01 2.21313738e+01 1.86861177e+01 1.01174096e+01
  3.91610864e+00 3.60562038e+00 4.18531456e+00 2.82700770e+00
  1.26966158e+01 2.29505633e+01 3.96654146e+01]
 [8.13422649e+01 9.09451567e+01 2.14821204e+01 2.51628800e+01
  2.12376863e+01 1.97209711e+01 2.76167012e+01 2.57149977e+01
  2.97790389e+01 2.87915460e+01 1.52039495e+01 1.68422452e+01
  6.17735830e+00 7.33043750e+00 1.62583871e+01 1.36797759e+01
  1.17119200e+01 3.24426080e-29 1.12385924e+01 2.64518863e+01
  1.40198372e+01 1.43153547e+01 1.52570395e+01 1.51829566e+01
  2.83983091e+01 3.49847858e+01 6.60158915e+01 2.15336702e+01
  5.73356783e+00 6.08850973e+00 5.82037712e+00 4.55451881e+00
  1.01124986e+02 5.72892426e+01 1.13827400e+01]
 [4.69893774e+01 6.12979150e+01 8.13521893e+00 9.87182231e+00
  9.66376584e+00 6.66332319e+00 1.41455943e+01 1.38007724e+01
  2.07547497e+01 2.03985816e+01 4.48020054e+00 6.71528160e+00
  3.21221859e+00 2.41364941e+00 9.38741316e+00 7.15962716e+00
  5.08594712e+00 5.22916575e-28 4.86674222e+00 1.90968792e+01
  4.32322390e+00 4.69982483e+00 7.99232656e+00 6.08551256e+00
  1.59164826e+01 3.71823916e+01 4.84123186e+01 1.46753059e+01
  2.13284968e+00 2.32763481e+00 3.53568571e+00 1.85079309e+00
  5.32168329e+01 4.11941242e+01 1.70571131e+01]
 [3.35221637e+01 3.55728319e+01 7.10503439e+00 4.35387473e+00
  3.85848802e+00 6.71009374e+00 5.53339820e+00 6.89964190e+00
  1.20688842e+01 1.12036483e+01 4.97956947e+00 3.40808611e+00
  1.18424097e+00 1.18853849e+00 3.47262379e+00 3.58146834e+00
  3.62562567e+00 3.20935609e-30 2.22193688e+00 1.07092778e+01
  3.91185641e+00 3.27189765e+00 3.10788090e+00 4.34189613e+00
  1.26115867e+01 1.21363647e+01 3.31765705e+01 1.09053260e+01
  1.39425043e+00 9.57535439e-01 1.13186215e+00 1.11186437e+00
  2.40541886e+01 2.44933101e+01 8.53138978e+00]
 [1.12321099e+01 4.26113229e+01 1.36728069e+01 1.23167571e+01
  1.63155329e+01 1.57533446e+01 9.28083909e+00 8.43567636e+00
  1.34148582e+01 1.18628663e+01 1.35692377e+01 1.67865284e+01
  3.28450473e+00 3.61265406e+00 5.02304583e+00 5.52048927e+00
  2.09139987e+00 1.61288714e-29 2.81031364e+00 1.38221241e+01
  1.70561678e+01 8.54602473e+00 7.98215500e+00 7.82773387e+00
  8.26452356e+01 4.39261363e+01 2.12752821e+01 4.79805008e+00
  2.18634410e+00 1.55011874e+00 1.77789161e+00 1.69473500e+00
  1.76747927e+01 1.10726083e+01 7.13132885e+00]
 [3.71978709e+01 4.17856488e+01 1.05788459e+01 1.21825231e+01
  1.05270309e+01 1.09766751e+01 1.40206849e+01 1.69043413e+01
  2.17248014e+01 2.42643229e+01 5.59138099e+00 8.50904631e+00
  3.75213923e+00 4.52465221e+00 1.00882208e+01 1.02359566e+01
  4.50695983e+00 3.06283538e-29 7.72607605e+00 2.13917611e+01
  6.78266563e+00 7.55501791e+00 8.94829140e+00 9.57175965e+00
  1.10706684e+01 1.40979311e+01 2.47831239e+01 1.03921283e+01
  2.70074134e+00 3.22569974e+00 4.13396699e+00 3.91650395e+00
  2.19757053e+01 1.65567830e+01 1.32400326e+01]
 [6.95832893e+00 9.38271697e+00 5.61470158e+00 5.46998513e+00
  6.59822742e+00 9.60042804e+00 6.12330075e+00 6.72355114e+00
  6.88328226e+00 7.23334873e+00 2.66747633e+00 2.92641631e+00
  1.43629359e+00 1.57205953e+00 3.12194695e+00 3.52177273e+00
  1.70665320e+00 2.11794596e-29 2.40600802e+00 6.76401876e+00
  3.48968263e+00 3.79913501e+00 3.80283123e+00 3.85803102e+00
  4.22105046e+00 5.67589150e+00 7.11816771e+00 3.26270724e+00
  9.97910315e-01 1.13553767e+00 1.34824886e+00 1.26147322e+00
  2.10426800e+00 4.69630138e+00 1.20033099e+01]
 [1.66895421e+01 2.21599980e+01 6.94717227e+00 8.69429350e+00
  1.45666585e+01 1.36837332e+01 1.52639946e+01 1.39125112e+01
  2.06302220e+01 1.76676018e+01 3.49547863e+00 6.60642980e+00
  4.05103198e+00 5.52423935e+00 8.53541814e+00 6.90519465e+00
  2.55997336e+00 1.19205737e-29 4.29896752e+00 1.86405468e+01
  5.27940360e+00 6.79703903e+00 8.95866662e+00 8.02916678e+00
  7.04719767e+00 1.03569213e+01 1.65759770e+01 5.56800583e+00
  1.56683700e+00 2.07079643e+00 3.16203711e+00 2.16386178e+00
  1.10753951e+01 7.12279332e+00 9.54548191e+01]]