[[90.23247008 95.02857965 74.62202332 61.04263247 76.50450735 63.76838775
  19.26733083  8.40258163 12.69088244 12.71100315 61.788703   56.20219016
  35.4191955  39.79055706 16.27563642 15.88454904 61.39645197 33.14955967
  35.23580167 15.08863487 72.99262797 41.08720041 29.41194294 17.34660823
  93.28024302 93.5647071  90.47626984 70.07326918 51.58257079 59.14073312
  29.45046876 37.14490622 91.9598427  96.85843907 76.6652828 ]
 [95.78082742 95.57905291 83.27108778 86.37499811 70.39595745 58.11401801
  72.91896541 74.02849421 79.71371161 80.96542606 87.45286286 83.49963
  54.24701311 45.58903486 72.23989478 74.11775079 92.49407162 72.6938385
  79.39072516 81.32709542 70.14082231 61.93904558 66.59317941 59.73780978
  94.78639523 94.6093724  95.73856946 95.71550044 82.42571806 77.71487922
  68.68341933 69.13150925 93.21142887 95.2245576  64.28330008]
 [58.41271754 57.67222769 59.31705923 50.53050404 41.38433785 41.96921246
  36.52325753 46.9521534  36.82714362 35.78708765 51.23336164 47.79854411
  30.27916708 26.66754523 25.08560951 31.41334042 57.14082318 42.47853115
  32.39168698 37.89559618 46.53561727 35.21718839 28.40270815 30.72436095
  46.07772856 54.01875537 56.40154428 61.5864867  47.41399637 48.59862329
  20.45117131 30.15133816 62.17707435 41.71902203 55.34302079]
 [30.51652308 29.48946234 79.73406625 68.06529232 29.75893455 26.50723045
  22.43329994 24.4876733  23.98751769 22.59381892 29.24625917 22.70681963
  34.99104424 33.87304534 23.66889545 27.59762063 24.95562677 45.71882411
  23.84761413 22.95151282 43.95696099 43.64156257 24.78953674 28.61124255
  35.81150134 30.75439292 41.24183055 30.89237979 26.2925913  22.00068123
  21.74589286 30.42913119 76.78188645 80.58524411 38.59078721]
 [56.08439853 54.24019948 73.41152683 72.84074979 23.50541675 30.64952007
  33.23498701 35.43085042 34.34327538 40.43942135 51.65883684 47.17756404
  40.52441615 38.10343933 25.81906904 33.76923649 44.50795861 72.59359732
  31.95849927 37.2131684  58.66116159 59.56655451 20.53913738 31.49206231
  51.76589732 39.79755703 52.29533825 48.75653116 45.94630406 39.2914225
  20.00845535 44.2482819  68.21508655 79.84348761 56.71353711]
 [95.81295422 96.84529294 77.0249286  67.90301863 63.04963211 74.43715773
  78.48871745 79.13475385 79.63082234 78.58352586 94.88809854 88.46142017
  76.40026034 85.73479553 81.8936068  84.08894602 90.81999705 84.21503885
  87.43288372 79.35754002 79.65172939 74.62841385 78.27228546 80.95838968
  99.67102884 99.57721018 99.5644097  61.8564998  87.18230379 93.42942211
  78.61887576 90.55591964 94.61872276 97.49235641 68.92550187]
 [61.94943948 83.8158367  88.3322918  93.83959302 71.53296359 66.98142346
  53.65137544 36.42642869 35.90621047 31.68541947 65.00325567 86.44241457
  65.233665   65.01098645 48.31671043 35.65492009 71.95577747 52.64137258
  37.63910352 34.2729567  81.90139241 84.65316565 60.55281469 54.12071108
  63.92006222 89.54551049 71.90373818 78.29242284 55.17822051 68.57733168
  51.65586792 39.07210153 87.34144911 63.21249944 56.7614775 ]
 [82.17777935 69.41321047 74.9398351  69.8472851  49.37971615 34.01730281
  44.44896228 39.79224244 43.68507466 42.5812566  60.24364259 41.92149815
  54.55647338 48.38962156 45.91239533 44.44849327 55.59991327 49.76002528
  49.40491544 44.83539755 53.91657502 52.99912702 48.9071167  40.32247128
  67.54644987 58.7297066  65.51923486 72.88938829 58.90972882 55.36235876
  45.94750097 48.40035581 83.86497037 63.77274354 54.78956007]
 [61.11248274 69.35949084 49.96446904 78.20742418 37.43459254 41.91684435
  55.47423852 43.71770459 50.76098585 50.70208944 48.6552449  55.88802084
  51.7176829  47.98677801 56.86985819 43.23219109 67.99232871 90.60248759
  44.3687464  50.48663396 51.55022805 59.53957082 57.3459303  47.88551619
  56.59672993 83.87597502 62.18493059 58.88500505 57.77931809 56.39269681
  50.00337152 47.21833195 69.00283419 84.33407062 76.29147283]
 [80.92264948 82.98514648 78.59828343 78.97140168 74.0546665  73.84391478
  62.1121458  79.9902959  40.01846497 55.11302714 65.89890657 96.45757538
  65.85541593 67.89258907 50.19029997 46.53771225 72.936642   91.97431555
  49.86647706 64.2222364  76.50173449 90.13879897 58.94205174 77.3156477
  62.78788784 92.91727503 81.79381647 71.90197096 65.29598501 74.19421618
  46.67220842 52.32058521 79.82979994 83.05934447 76.12319245]
 [52.29507603 53.91529802 53.26755692 48.83719153 39.47561674 34.60417255
  26.96245331 24.39369539 34.75807268 30.93323235 57.13846636 53.29304088
  25.90774095 32.312104   35.64819926 31.2600487  60.78705638 36.29437111
  40.31656425 34.82531496 47.10986773 44.83526307 33.36569048 31.3871378
  54.05538917 49.44996659 54.86146396 56.95495626 55.0476669  52.34710852
  34.86590884 43.34508834 65.76620091 58.05548244 50.15119492]
 [79.85352108 76.81837571 79.75065877 79.83412062 55.70365739 46.50513715
  42.29493441 40.71162087 43.46540917 42.55421757 64.47721248 70.86851081
  48.06350067 42.2127276  40.85372025 38.05723523 63.64076837 72.63608704
  35.20282031 39.10655291 56.85091592 62.07015402 47.99482442 41.66218908
  77.30782574 72.79991235 78.03588851 73.75934961 47.81145556 57.10609155
  39.04987936 37.896768   76.87110881 81.61295927 62.84435591]
 [54.38181984 64.73149544 53.9150126  69.05761981 76.36939834 34.94089626
  25.88792003 22.58674588 18.13293823 20.26967577 52.78575576 52.33969479
  37.54550951 36.0785728  28.67246621 23.47694394 40.18892187 88.09964594
  31.20243247 24.13452664 35.48659992 48.42055326 29.16304511 26.63935456
  72.39493204 54.59741489 73.36679292 52.67503564 40.06031123 43.57219107
  29.50111487 24.86742787 92.68531548 95.77702028 71.09619238]
 [80.22038249 81.50550663 52.07316077 64.75147931 33.27240741 36.0134371
  26.86952168 30.32809334 28.92761507 28.89660618 46.8666594  50.12175955
  25.67566643 28.63888661 24.86995399 28.56689381 51.31896752 50.09439223
  22.99064564 30.09581052 33.78126905 36.81901597 26.65544316 33.02042389
  67.24804224 71.11549885 79.07941321 64.11831522 36.87073771 32.79179257
  20.18489722 25.33549716 86.56505107 88.36203833 63.52995807]
 [83.82026373 72.44498524 87.1859287  74.81345047 49.71453816 47.4190319
  33.74591419 33.24534613 34.05276559 33.22022721 56.13566499 63.57855913
  33.48535679 38.60131434 32.97314381 30.97012821 55.93973555 64.5589323
  35.14299879 34.94416629 58.56744572 51.48717508 34.99521137 35.80624807
  90.5713283  86.19013793 86.60694794 90.60055769 49.78119957 49.43815256
  31.39123573 32.84872374 94.87110125 87.06424589 65.1263317 ]
 [75.35469684 77.83405826 70.29391977 64.72397416 58.51151043 50.93029153
  53.99888432 57.96398973 49.03013708 55.01615816 69.20320437 66.0004604
  57.49411592 52.48871233 58.56245579 57.68828882 71.73311913 63.01378046
  66.31573454 52.44148104 67.29419111 69.57665965 52.08905067 79.91790658
  74.90912852 74.03790484 76.84457552 72.88790655 68.35954316 65.43798778
  62.95914422 63.16823191 73.16840062 77.98307044 79.0165254 ]
 [50.82384676 63.63550813 54.83831742 58.77021615 32.02923836 34.02448569
  36.65090865 46.33689239 33.81511077 37.1732663  32.40608872 26.75256156
  50.69704252 48.08508319 40.93374872 40.17460191 67.44628269 66.19550258
  48.15017689 33.02603397 26.38025179 40.85307793 37.00553903 40.2125661
  13.22935687 43.82714566 90.12454339 47.9988572  48.73787277 50.55776304
  48.63343594 50.4538407  77.944111   96.46661519 55.91944804]
 [65.42712105 65.79367094 51.70297046 45.22933163 44.24162957 29.8481213
  22.92756995 25.26067769 28.80331151 32.67170951 44.54377334 39.77965026
  30.20514849 24.72375976 26.19464196 25.94498861 42.75822515 35.83880515
  29.4769841  32.71738236 37.29995653 33.10231694 24.72277476 22.80627566
  58.76833729 60.20787319 62.43659385 53.10782762 41.39228683 32.16029636
  25.62481944 24.53151371 61.55596171 76.22947374 70.42754322]
 [60.65574147 62.85656149 59.55136351 59.21853122 45.42627187 52.62169704
  39.26086198 43.07092888 34.54556052 37.78603657 55.45107754 56.65182234
  45.66249005 44.80855636 33.12241071 33.56638966 46.36788297 46.14443296
  28.30991799 37.03561951 51.38253883 55.72733293 41.57213306 49.61908715
  57.78693369 56.96694074 61.51534484 58.15784462 46.43632743 46.66912545
  33.28223143 55.57701165 56.67191014 69.61247235 52.8025616 ]
 [86.68748684 84.58808069 98.10498214 96.59822516 96.17424393 91.80420752
  61.3024114  82.60089601 57.81314072 66.53784275 81.56812934 69.74728674
  83.25101173 51.54890028 61.23305722 61.88772161 88.64737073 93.73018741
  63.83625387 67.68978457 97.63307049 92.59502383 70.91189355 87.58218799
  82.83305422 70.48729718 75.30959662 94.58947788 74.11292276 77.09694801
  49.08210422 49.7883384  73.11118212 80.83725917 43.18739403]]