[[ 1.51803697  0.94393049  3.30379933  4.7780121   3.02371379  3.25321254
   5.22335589  3.76809339  5.17970943  5.04913955  8.58286982  7.16178231
   8.22635666  8.73527545  6.43361812  5.95982626  6.96788705  3.47762131
   6.85029608  5.25332882  5.51014199  6.99192856  6.39746282  5.20501967
   1.75599724  1.1110012   1.59299971  5.32669318  8.06691541  7.98765942
   7.91037764  7.17803278  1.65929461  0.66165346  5.66152403]
 [ 0.24198759  0.23115123  4.22541672  2.91128947  5.10227683 10.35799795
   3.7023163   4.40084097  2.98223862  3.41084351  3.16512911  6.08837747
   5.58038276  9.51534011  3.69079826  4.10739699  1.00163701  4.5646552
   3.0813316   3.08707506  7.32378435 14.47846067  4.18309395  8.35337904
   0.75200501  0.91704655  0.17723644  0.3129841   3.00505701  5.57863889
   3.67323836  3.9619209   0.97888103  0.61190067  9.02276264]
 [14.0486193  14.67607891 13.45372811 19.57972171 22.45261234 23.08588329
  23.7179609  18.23899042 19.28373206 16.88161516 17.29803672 21.16980309
  25.07354398 25.80848174 23.93191795 20.8291275  12.80596582 23.22386425
  21.76224956 17.96281779 20.66070775 31.37804732 24.63684603 22.1579039
  22.39058254 16.78964749 14.52912275 12.74910177 20.09555884 20.37829206
  21.20294618 21.8242629  13.93498118 25.47132135 17.71874019]
 [29.53063259 21.7107344   4.90673815  6.271004   20.76478094 24.13545217
  15.09538043 12.40879825 14.26646487 13.08140079 25.39981284 24.22064933
  16.28087987 13.49442853 13.67164187 12.96746663 17.00805658 11.79383927
  11.97768425 13.82014761 13.34935032 12.72299059 16.12396023 13.40154811
  27.36243034 20.86205992 17.44111565 22.36343586 20.63887324 16.83137206
  11.67779921 13.68088007  8.14138533  6.05382471 15.88675928]
 [15.88603034 16.16741819  8.44648363  7.83778092 30.24725422 24.5135038
  17.68151972 17.692558   17.9349438  17.29566135 18.82747952 20.82388235
  20.25854517 17.50271317 20.16305284 19.1885723  18.88889749  8.40695303
  19.28393967 17.59985856 14.3333164  12.41379301 26.8011277  20.873186
  19.77780713 26.95822748 17.02259076 18.47525456 19.62831462 22.99860943
  22.20642932 15.34086926 11.26145336  6.31258301 16.97554032]
 [ 0.87674575  0.61551821  5.0460172   9.65137936 10.70818012  6.82628573
   5.13286252  5.03413221  5.33272077  5.18561272  1.33250618  3.23318606
   6.51881922  3.51062374  4.88464733  3.81967038  2.27652018  3.57347867
   2.91513501  5.1495546   5.47356196  7.41221065  6.40755147  4.6015049
   0.09701482  0.0978272   0.061747    9.08903994  2.74611742  1.90716592
   5.66278874  2.35205369  1.17111171  0.63124933  8.54249585]
 [ 8.83256502  3.88692936  2.35738088  1.31683332  6.36858874  7.21036082
   8.91236642 11.0391597  10.78013793 10.41295039  9.48615277  4.53459332
   9.50519457 11.24179234 11.48792131 13.07427562  8.04594578  9.96442579
  13.49426062 10.91204141  4.29256949  4.22481609  8.75380896 10.20489216
   7.89143512  2.72887257  6.65539755  5.78606978 14.88965655 11.70004987
  12.79495163 15.92050774  2.62946018  8.72716121 12.48128859]
 [ 5.97992908  9.77878651  5.41356283  6.1648714  11.6388939  23.96432063
  14.14294042 17.21182415 13.93803983 15.71345415 10.69924444 21.50980586
   9.56638675 11.07781312  9.83061986 12.05556056  8.04030963  8.65941957
   8.97415935 14.05960276 10.12925532 10.23569217 10.25097732 14.97039147
   9.45444834 14.80043286 10.75894201  7.16315861  7.58473017 10.27940461
   9.43875926  9.87551088  5.05576021 11.58540363 17.00072912]
 [ 8.62261799  6.90798638 12.81145089  4.86582208 20.7248241  17.0334487
   8.90411905  8.84618227  9.6469926   9.59035195 11.98471168 10.93530811
  11.23218155 14.29924322  9.50781912 11.0653798   6.54980529  2.10426146
  10.57254443 10.27958826 10.17268436 10.59891856  8.92982629 10.94617097
  11.79668862  3.56024351  8.38753727  8.39019587  9.97378792 12.3648573
  11.97073364 11.7591751   7.66983158  3.26647613  6.93398055]
 [ 6.46284821  5.67767665  6.72429684  6.09061225  6.55315839  5.71621454
   5.85114218  2.83436903  7.44114023  5.08439296 13.12592672  0.68971355
   8.60934139  6.80856389  5.70374216  5.66004913  7.08273992  1.83106847
   5.10453671  4.81661427  7.52440641  2.39452989  7.6453149   3.91627324
  15.48801005  1.91036595  5.70868587  8.56526948 10.00458424  6.42201612
   7.88738912  6.68470375  6.41667293  6.65599821  7.49802699]
 [ 9.46539331  9.97287236  8.55157812 11.08108331  8.79341932 12.72622218
   9.89023014 15.98141773 14.95675782 16.93304234  9.98219895 14.89184476
  20.38778194 20.96009162 15.86245815 15.2294063   9.29300307 13.36939456
  15.09648162 16.11221033 10.29288072 13.7631492  13.0911223  15.90252902
  10.01648514 13.6194535   9.28353502  9.49167789 11.22842282 15.40798772
  20.38148319 16.47644079 10.94712688 12.79730136 14.30737366]
 [ 6.33445483  7.2396751   4.06485526  4.17904767 11.6129021  18.82662121
  14.36394346 14.80439026 14.78574598 13.96574791  9.80299199  7.26299761
  14.63090445 17.08478266 15.77204264 16.11115093  8.53746237  7.67484788
  16.39864104 15.07098991 11.81533662 10.4082117  13.86234145 17.62775616
   6.91620087  8.50634848  6.74309936  6.93667688 13.4848255  11.08343806
  16.24306993 15.75013951  6.60694652  5.83624912 13.13146211]
 [18.62097631 15.7938721  21.76237789 14.99012466  9.23575895 26.78312975
  22.47758736 25.91571062 26.32365698 28.74109594 25.23030321 22.82849899
  28.44846862 28.89276104 23.45125769 27.62096277 26.91491438  3.85627715
  25.88198351 28.02800287 30.89900469 25.26284121 25.99779759 28.26486995
  13.30606453 21.60483953 10.88811499 20.60921661 30.2824458  26.17620484
  25.84331533 31.0830856   2.56135773  2.11248517 11.10300026]
 [ 2.7456525   2.59705456  4.56473713  3.44352888  7.90057466  7.65347478
   9.48687998  8.29661422 10.69164679  9.64791449  5.72915543  4.89670995
  10.16280568  9.28136203  8.1185929  10.02094992  4.14804147  6.19486798
   7.05687663 10.4467024   6.74794909  6.11309561  8.73248111  9.46347163
   3.69894598  3.36158792  2.70013852  3.39591416  6.63008212  6.33330021
   6.72502617  8.95493497  2.46185792  1.91610961 10.50657066]
 [ 3.63144907  6.33695633  1.99268055  4.46165229  9.29727267 10.12694392
   8.66104211  8.41994688  8.01571641  8.16584142  7.62861615  7.03758743
  10.25985798 11.92796035  8.07012253  7.24098731  7.49236954  5.92014489
   6.44290889  8.43508896  6.46557766  8.97173542  9.49233986 10.31820369
   1.82587278  3.03064985  3.01029519  1.85823317  8.99703232  9.23182272
   8.37697773  8.18161888  1.33171244  3.42106589 10.44205371]
 [ 5.21840412  4.85790179  5.29826442  6.11491002  7.20170321 11.68273727
   9.08322548  8.87763715 10.618434    9.7367191   6.33779964  7.11469175
   8.41146462  8.55762203  8.49503285  8.4992822   5.88311953  8.23284384
   6.71960163 10.00114943  6.16218982  5.48177831  9.27149669  4.05756825
   5.15745361  5.64530543  5.1299494   5.80118032  6.4123761   7.36332758
   7.89430163  7.32774421  5.97204217  4.44515511  5.91346754]
 [16.5168677  17.34495558 15.9572952  15.3444114  26.23598603 29.17706129
  14.99899249 14.11818969 15.02960127 15.31087022 31.21267946 34.0382962
  13.87503583 19.69480306 12.2212215  17.55222005 10.152347   15.3249921
  12.40127566 16.07751242 30.80406126 22.78234425 18.14537374 22.20602362
  43.33603306 26.48272157  3.74969669 17.7875181  18.35055401 18.06436861
  11.41253455 14.83481821  9.74431154  1.41840626 19.00885009]
 [ 6.53310813  6.4376949   5.77240511  6.87566248  5.92387392  7.68006009
   9.80304278 11.55768947 12.50539087 13.41046262  8.2569725   9.67106297
   9.59480472 10.17184932 10.58153278 11.31101069  8.25504968  8.9366262
   8.57957687 12.54253343  7.76569295  8.46984484  9.44190957  9.98085072
   6.41708207  6.25582628  6.38897355  7.26389563  9.87524211 11.86454717
   9.71960637 10.09058085  8.37231118  5.17848436  7.74755944]
 [ 6.0247958   6.31015521  7.06271538  7.1638846   9.34920636 11.91641069
   8.01913543  9.19190316  6.99362001  7.78413427  7.15056504  7.52250333
   8.35341484 11.42604271  6.6797785   8.28478334  6.7493112   8.32740688
   6.39622532  6.96137865  7.87573116  8.36018943  7.8319728   8.74041832
   6.6066202   7.86546386  6.2663385   5.94516642  8.48698653  8.29699481
   7.1022828   6.35756215  8.4369305   7.52251118 13.03626133]
 [ 3.79373954  4.37764465  0.47641532  0.83299017  1.30006512  2.85285583
  12.09794864  5.70487672 13.43561986 10.72774647  5.17770248  9.05948881
   4.19297412 11.09157982  9.75186492 10.03153522  2.97238039  1.95952371
   8.36824677 10.11284005  0.62886366  1.98118722  7.28463623  3.27336746
   4.87946483  8.35102163  6.87517814  1.54061489  6.64147865  6.58481523
  11.09216061  9.91981873  7.98931802  5.60870251 27.74915992]]