[[5.56221075e+00 2.30855886e+00 1.40056536e+01 2.24020239e+01
  1.50767364e+01 2.70269883e+01 6.42025647e+01 8.12300677e+01
  7.33141093e+01 7.33605150e+01 1.54700757e+01 2.14603338e+01
  3.80989193e+01 3.37190788e+01 6.65374523e+01 6.82055618e+01
  1.47104872e+01 5.53815640e+01 4.52488997e+01 7.02638614e+01
  1.20842521e+01 3.71151325e+01 5.16411479e+01 6.72575317e+01
  2.69722984e+00 2.95673076e+00 4.99438847e+00 1.35864283e+01
  1.96774600e+01 1.71115154e+01 4.81366414e+01 3.93968901e+01
  1.42147211e+00 8.97553929e-01 8.92701995e+00]
 [2.50229525e-01 2.70991229e-01 2.94493409e+00 2.55077971e+00
  5.99434848e+00 7.97340316e+00 7.64312328e+00 6.14758758e+00
  6.75282903e+00 5.09300171e+00 2.17499829e+00 1.98139226e+00
  2.27743694e+01 2.18304665e+01 1.11376317e+01 8.31873897e+00
  1.23175667e+00 6.26774219e+00 6.62296208e+00 5.47501905e+00
  5.39979145e+00 4.94371477e+00 1.26442540e+01 1.06076435e+01
  5.24961284e-01 4.61188309e-01 2.78271429e-01 3.59969699e-01
  4.25719861e+00 4.49300282e+00 1.43407025e+01 1.23864601e+01
  5.84977669e-01 4.65402929e-01 1.03643067e+01]
 [1.13620246e+01 1.03325037e+01 1.06846298e+01 1.11588990e+01
  1.73277328e+01 1.87674558e+01 2.36997843e+01 2.19742840e+01
  3.32151642e+01 3.73047544e+01 1.40844792e+01 1.19295091e+01
  3.08928273e+01 3.41716462e+01 4.05957202e+01 3.71145547e+01
  1.53390396e+01 1.77273172e+01 3.67617619e+01 3.34841339e+01
  1.51713541e+01 1.17498305e+01 3.32425621e+01 3.50137469e+01
  1.11765832e+01 1.07569799e+01 1.13677213e+01 1.06369980e+01
  1.89625933e+01 1.57690112e+01 4.94300076e+01 3.77133731e+01
  7.12093571e+00 1.01217179e+01 1.11883256e+01]
 [1.17389962e+01 2.32700957e+01 7.13429231e+00 1.34650309e+01
  2.55150448e+01 2.33041099e+01 4.49943065e+01 4.78293550e+01
  4.61655081e+01 4.96205521e+01 2.15170162e+01 2.40788450e+01
  2.55037613e+01 3.21780125e+01 4.70528364e+01 4.52142381e+01
  3.62021303e+01 2.41151177e+01 4.73977776e+01 4.69090980e+01
  2.18620481e+01 2.30272080e+01 3.83051742e+01 3.92828957e+01
  1.30322236e+01 2.36392214e+01 1.85677766e+01 2.13207531e+01
  3.18174138e+01 3.82100332e+01 5.13294916e+01 3.94957963e+01
  2.58939700e+00 2.85061528e+00 2.50755041e+01]
 [1.04789245e+01 1.09694857e+01 5.55879622e+00 6.07880056e+00
  1.00080034e+01 1.31780145e+01 2.56894841e+01 2.67782403e+01
  2.63528606e+01 2.37415813e+01 1.06644864e+01 1.05716352e+01
  1.73354626e+01 2.68480319e+01 3.28862027e+01 2.91669509e+01
  1.55170574e+01 5.11143489e+00 3.09577524e+01 2.49646231e+01
  8.63861035e+00 1.06776041e+01 1.68716728e+01 2.26112220e+01
  8.62267846e+00 8.75574025e+00 1.16907176e+01 1.25807708e+01
  1.41512568e+01 1.59339752e+01 4.03064785e+01 2.65869540e+01
  6.68986591e+00 3.77229721e+00 1.10091851e+01]
 [3.59140870e-01 3.49419560e-01 2.49729643e+00 4.56140509e+00
  4.99313404e+00 5.48343104e+00 5.46368409e+00 6.71054615e+00
  5.79115240e+00 6.51683357e+00 7.99160002e-01 2.12043188e+00
  4.78598177e+00 4.87638383e+00 5.18157630e+00 5.59647127e+00
  2.05693448e+00 2.33299075e+00 4.30793102e+00 5.91288303e+00
  2.08614721e+00 4.53594723e+00 3.90498488e+00 5.65012611e+00
  2.43957409e-02 5.59668578e-02 3.42394400e-02 7.69645232e+00
  2.88778979e+00 1.55676340e+00 6.32122565e+00 2.83942880e+00
  3.05866079e-01 1.79543012e-01 4.79113358e+00]
 [1.33792277e+01 5.23621001e+00 3.51708790e+00 1.57476974e+00
  9.58461706e+00 1.11102047e+01 2.11244109e+01 3.23712719e+01
  3.70204769e+01 4.19872924e+01 1.13533858e+01 3.36292338e+00
  1.09153458e+01 1.07262391e+01 2.17827376e+01 3.35603246e+01
  9.24711791e+00 1.95079732e+01 3.13372549e+01 3.86788557e+01
  5.46725135e+00 4.15185985e+00 1.46846976e+01 1.85968810e+01
  1.32017738e+01 2.98944622e+00 9.60629730e+00 7.80674586e+00
  1.18905414e+01 7.21995430e+00 1.82086157e+01 2.71032025e+01
  3.31831884e+00 1.09793774e+01 1.43075579e+01]
 [3.80844156e+00 8.12495359e+00 5.97034507e+00 7.90436232e+00
  1.11764500e+01 9.71684429e+00 1.49271724e+01 1.72638055e+01
  1.75801074e+01 1.54139751e+01 8.89029218e+00 9.87932005e+00
  1.40138508e+01 1.43331900e+01 2.30734814e+01 2.08547572e+01
  1.15496969e+01 1.55790174e+01 2.15220196e+01 1.64555480e+01
  1.10928849e+01 1.16898027e+01 1.59843783e+01 1.47151608e+01
  7.33146831e+00 8.05403032e+00 8.86340618e+00 6.09616107e+00
  1.10222257e+01 1.28170106e+01 2.53024956e+01 1.98378105e+01
  3.24588115e+00 7.50701853e+00 8.07001985e+00]
 [1.82553391e+01 1.36405385e+01 1.83656623e+01 8.90087180e+00
  2.02964067e+01 2.29700062e+01 2.22848205e+01 3.33596215e+01
  2.51920034e+01 2.71162116e+01 2.45295547e+01 1.92412572e+01
  2.36848293e+01 2.14471737e+01 2.28363154e+01 3.32012599e+01
  1.49917816e+01 3.10755204e+00 3.44183674e+01 2.46694512e+01
  2.26100582e+01 1.57744888e+01 2.10185241e+01 2.61879133e+01
  1.74332049e+01 7.41603670e+00 1.77996114e+01 2.06922446e+01
  1.98952953e+01 1.81963237e+01 2.56800582e+01 2.93399249e+01
  1.24734498e+01 5.53458086e+00 8.13154987e+00]
 [4.13421564e+00 4.21078101e+00 5.25392459e+00 5.57144861e+00
  9.56341987e+00 1.15815454e+01 2.43731819e+01 1.41442258e+01
  4.42301535e+01 3.47461890e+01 5.46988274e+00 1.03103367e+00
  1.25273046e+01 1.40582616e+01 3.66186665e+01 4.17657317e+01
  8.91039284e+00 3.67486846e+00 3.84425979e+01 2.60747320e+01
  5.00505407e+00 3.30047127e+00 2.32481427e+01 1.37907366e+01
  5.23358724e+00 2.17736469e+00 4.86708120e+00 7.62232588e+00
  1.08077457e+01 9.74144267e+00 3.42410099e+01 3.25570126e+01
  4.78264545e+00 2.78175157e+00 5.87421612e+00]
 [2.07728414e+01 1.92940374e+01 2.20794516e+01 2.14972958e+01
  3.67073485e+01 3.46946088e+01 5.04391058e+01 4.14810772e+01
  3.36962181e+01 3.30249905e+01 1.80938341e+01 1.55068233e+01
  4.30247556e+01 3.20162983e+01 3.54694179e+01 4.01632045e+01
  1.44828356e+01 3.36719675e+01 3.23669108e+01 3.10796699e+01
  2.71144819e+01 2.36832154e+01 4.08225806e+01 3.70788609e+01
  1.88088900e+01 1.86028645e+01 1.85038372e+01 1.54793808e+01
  2.00842127e+01 1.79948304e+01 3.21309289e+01 2.78294396e+01
  1.00563416e+01 1.26318615e+01 2.25001040e+01]
 [3.11423331e+00 3.46565052e+00 3.84008196e+00 3.70086377e+00
  7.99962681e+00 6.83106129e+00 1.20067817e+01 1.20051321e+01
  1.39394674e+01 1.36470578e+01 6.16703740e+00 5.43017135e+00
  8.81132041e+00 1.13047930e+01 1.34868579e+01 1.32846622e+01
  6.51079445e+00 4.98588401e+00 1.57010911e+01 1.41154535e+01
  7.35992088e+00 7.37882964e+00 9.49301679e+00 9.22213167e+00
  3.63601631e+00 3.89090525e+00 3.43325345e+00 4.36820449e+00
  9.05080054e+00 7.40642094e+00 1.30666293e+01 1.32244704e+01
  3.55814398e+00 2.16388480e+00 6.41475980e+00]
 [1.39401389e+01 9.37149560e+00 1.16299334e+01 8.57834114e+00
  8.70677710e+00 2.28043890e+01 3.79976306e+01 3.61568816e+01
  3.97649197e+01 3.33130546e+01 1.20282846e+01 1.39052024e+01
  1.97294363e+01 2.21301006e+01 3.47356556e+01 3.44635754e+01
  1.96963122e+01 5.27188450e+00 2.93728359e+01 3.01325251e+01
  1.52897187e+01 1.51320043e+01 3.02053933e+01 3.00302792e+01
  6.08632062e+00 1.10599299e+01 7.81060241e+00 1.49253590e+01
  1.68539538e+01 1.84283851e+01 3.01623100e+01 2.89534939e+01
  1.76174462e+00 7.32399913e-01 9.50605124e+00]
 [3.69713506e+00 3.33500333e+00 1.13637580e+01 8.05743085e+00
  1.65270957e+01 1.66159650e+01 2.62983329e+01 2.52993408e+01
  2.22214515e+01 2.42923270e+01 1.21892778e+01 1.17486919e+01
  2.47875345e+01 2.12895970e+01 2.97494961e+01 2.88755597e+01
  1.16824737e+01 1.20533245e+01 2.31837972e+01 1.97592218e+01
  1.59503114e+01 1.59682356e+01 2.44440788e+01 2.13095852e+01
  7.19222713e+00 6.37027288e+00 4.05283657e+00 8.21611864e+00
  1.62879335e+01 1.70735036e+01 3.05316107e+01 3.33425186e+01
  1.93774089e+00 1.51741050e+00 7.90154111e+00]
 [8.28213137e+00 1.48371693e+01 7.26042455e+00 1.45690041e+01
  2.69294306e+01 2.62690196e+01 4.69056489e+01 4.74706560e+01
  5.06911258e+01 5.04926066e+01 2.67823795e+01 2.16155062e+01
  4.48015618e+01 3.37560834e+01 5.10863943e+01 5.28321337e+01
  2.90598030e+01 2.42221113e+01 5.20805085e+01 4.88201521e+01
  2.43507556e+01 2.64901864e+01 4.37730760e+01 3.95102886e+01
  5.43983038e+00 7.55979280e+00 7.08643761e+00 5.63761161e+00
  3.03587255e+01 3.11265923e+01 5.23161921e+01 4.92872345e+01
  2.03104084e+00 5.48215836e+00 1.21697959e+01]
 [6.78386898e+00 6.18443281e+00 6.60583888e+00 9.70692403e+00
  1.03538326e+01 1.05645205e+01 1.76942321e+01 1.61742435e+01
  2.78535728e+01 2.17091088e+01 7.79960213e+00 9.36771721e+00
  9.77705126e+00 1.22757150e+01 1.69420766e+01 1.79383676e+01
  8.27512065e+00 1.23406705e+01 1.36984584e+01 2.33911318e+01
  7.00045089e+00 7.11546229e+00 1.48986324e+01 5.32493054e+00
  6.91954337e+00 7.66440200e+00 6.28182196e+00 7.39012644e+00
  8.29878322e+00 9.03825408e+00 1.29075776e+01 1.31052029e+01
  7.15826025e+00 5.61391101e+00 5.44990487e+00]
 [8.71413825e+00 3.42684714e+00 7.72674615e+00 8.10941760e+00
  1.55327242e+01 1.42319846e+01 2.75435155e+01 2.35344177e+01
  3.28445578e+01 3.05991520e+01 6.28787702e+00 7.21792950e+00
  1.49518038e+01 1.45902399e+01 3.05277463e+01 2.64224975e+01
  7.23452758e+00 3.65066852e+00 2.47973348e+01 3.25080302e+01
  9.82154502e+00 1.14162709e+01 2.29185079e+01 1.92741503e+01
  4.48137191e+00 4.51413899e+00 1.22453067e+00 9.31913013e+00
  9.41090891e+00 1.06562724e+01 2.45351897e+01 1.95402954e+01
  2.47434866e+00 4.69535371e-01 6.79399682e+00]
 [1.21348540e+01 1.16944755e+01 1.55244300e+01 1.93148035e+01
  2.15776981e+01 2.88860360e+01 3.40680198e+01 3.36523012e+01
  3.22305998e+01 2.95332698e+01 1.84153820e+01 2.19805619e+01
  2.86418843e+01 3.43634123e+01 3.51939315e+01 3.74049569e+01
  2.29435550e+01 2.19262121e+01 3.42761835e+01 2.89690326e+01
  2.01761623e+01 2.52618235e+01 3.38833838e+01 3.57819156e+01
  1.43298810e+01 1.39619292e+01 1.33889913e+01 1.74248802e+01
  2.15089255e+01 2.51022032e+01 3.69249951e+01 4.11132293e+01
  1.39606837e+01 7.22203279e+00 7.79337723e+00]
 [1.79740561e+01 1.41192538e+01 1.27541551e+01 1.27357310e+01
  1.61504092e+01 1.01422892e+01 2.04267512e+01 1.76272328e+01
  3.64245084e+01 3.17219208e+01 1.52275521e+01 1.59629064e+01
  1.65979035e+01 1.59157379e+01 3.64882949e+01 3.32955779e+01
  2.08535809e+01 1.35173165e+01 4.92149036e+01 3.54008866e+01
  1.46931281e+01 1.27546179e+01 2.07542810e+01 1.40851997e+01
  1.68507685e+01 1.61193030e+01 1.60955451e+01 1.66180453e+01
  1.95590435e+01 2.17581787e+01 3.91267853e+01 2.39412510e+01
  1.60176732e+01 6.58424413e+00 1.03889967e+01]
 [5.12030978e+00 6.27739083e+00 5.89834370e-01 9.72714294e-01
  1.20377426e+00 2.22145367e+00 1.50000804e+01 5.81188240e+00
  1.73474582e+01 1.36535601e+01 4.73971934e+00 7.73105639e+00
  7.93239935e+00 2.61253409e+01 2.01300851e+01 1.74739760e+01
  2.81647548e+00 2.65060573e+00 1.75779430e+01 1.35285627e+01
  7.44311468e-01 2.23369481e+00 1.49161372e+01 5.35526287e+00
  5.37746765e+00 9.70483898e+00 9.37894936e+00 1.74077871e+00
  7.01521797e+00 6.14719000e+00 2.79042758e+01 2.81861976e+01
  8.58681729e+00 6.90109587e+00 1.06123497e+01]]