[[1.91242023e+00 1.04913038e+00 6.26285191e+00 9.35568796e+00
  3.94993569e+00 4.70798878e+00 9.74432824e+00 6.06538242e+00
  8.08858883e+00 8.07157603e+00 9.06516958e+00 1.21324925e+01
  1.46302400e+01 1.46923764e+01 9.57566240e+00 8.99476064e+00
  1.45480930e+01 7.18605142e+00 1.13654910e+01 8.53981818e+00
  5.19758100e+00 1.19062729e+01 1.01194905e+01 8.97662367e+00
  1.24157609e+00 1.70341183e+00 1.99010755e+00 8.77994687e+00
  1.77161161e+01 1.29948325e+01 1.26581611e+01 1.43792840e+01
  3.46929309e+00 1.04868108e+00 6.61729107e+00]
 [3.59634429e+00 3.79550299e+00 7.25736530e+00 6.57201906e+00
  1.60631110e+01 1.62746627e+01 1.48438176e+01 1.42484182e+01
  9.78735682e+00 9.23736199e+00 5.65315846e+00 4.83712632e+00
  1.57409551e+01 1.76232246e+01 1.21535092e+01 1.24767494e+01
  4.92288233e+00 1.46914748e+01 1.02162646e+01 9.08193182e+00
  1.33592707e+01 9.07520473e+00 1.55734850e+01 1.59598140e+01
  3.50981231e+00 3.46158187e+00 3.70239143e+00 3.45869406e+00
  9.47303449e+00 9.73618403e+00 1.23857614e+01 1.34393199e+01
  4.40657153e+00 3.35130488e+00 1.13039524e+01]
 [1.26018463e+01 1.25564864e+01 1.33975798e+01 1.34153238e+01
  1.53167218e+01 1.15683240e+01 1.32600902e+01 1.02822794e+01
  8.26571906e+00 7.75918045e+00 1.23408211e+01 1.35672209e+01
  1.08816202e+01 9.64826664e+00 7.93061856e+00 8.15707405e+00
  1.10686797e+01 1.36354626e+01 6.92647848e+00 8.25075127e+00
  1.41231333e+01 1.12896665e+01 1.10978795e+01 9.22591333e+00
  9.99819190e+00 1.30966544e+01 1.32021123e+01 1.08467972e+01
  1.02761277e+01 1.20333837e+01 6.80526439e+00 7.59511278e+00
  1.07065020e+01 9.86712413e+00 6.79120750e+00]
 [7.67738609e+00 1.21692725e+01 5.99656572e+00 8.68900227e+00
  1.05755238e+01 1.01043049e+01 1.31959047e+01 1.19462185e+01
  1.17359297e+01 1.18561920e+01 9.98851921e+00 1.05642610e+01
  1.49273148e+01 1.40900185e+01 1.29729267e+01 1.20418598e+01
  1.37538076e+01 1.31433115e+01 1.44953305e+01 1.27228712e+01
  1.15601431e+01 1.24031742e+01 1.39910871e+01 1.32404270e+01
  7.47282884e+00 9.90381044e+00 1.15292764e+01 9.97137803e+00
  1.22652589e+01 1.46534046e+01 1.29862480e+01 1.35649452e+01
  6.59313659e+00 5.70038615e+00 1.13797096e+01]
 [1.09487688e+01 1.27145395e+01 8.27868186e+00 1.06696214e+01
  7.36770592e+00 9.54696030e+00 1.94600441e+01 1.65063527e+01
  1.80069909e+01 1.57238226e+01 1.19550385e+01 1.31276222e+01
  1.06716807e+01 1.32327022e+01 1.56992344e+01 1.47026323e+01
  1.56562231e+01 1.00052574e+01 1.49573297e+01 1.71689108e+01
  1.08314302e+01 1.32315759e+01 9.51750638e+00 1.35055417e+01
  9.15050038e+00 1.01239653e+01 1.22432843e+01 1.34946185e+01
  1.48794753e+01 1.53157857e+01 1.21384429e+01 1.13696458e+01
  8.68195647e+00 7.12710030e+00 8.30431547e+00]
 [5.84429495e-01 5.99347813e-01 5.57829004e+00 7.62678983e+00
  9.91196004e+00 9.23197746e+00 8.62366944e+00 7.46061580e+00
  7.20733356e+00 7.69838155e+00 1.39680262e+00 3.44920875e+00
  4.62173681e+00 4.24170544e+00 6.02861543e+00 5.44151303e+00
  3.24836515e+00 4.44351770e+00 4.61021896e+00 7.53990234e+00
  3.88343261e+00 6.10510758e+00 5.99810084e+00 6.30579657e+00
  3.93082325e-02 1.78425766e-01 2.17849000e-01 1.16451875e+01
  5.91729974e+00 2.20339808e+00 7.30255496e+00 3.50778546e+00
  7.59488617e-01 4.67403355e-01 6.17899188e+00]
 [1.39126048e+01 6.25861536e+00 5.10976832e+00 2.97647191e+00
  1.09242205e+01 1.26341751e+01 1.49067198e+01 1.83858863e+01
  1.44525613e+01 1.41890645e+01 1.23945628e+01 4.96505608e+00
  1.26791328e+01 1.12179631e+01 1.70175939e+01 1.60705497e+01
  9.05794043e+00 1.61553927e+01 1.59397631e+01 1.42785565e+01
  7.42311399e+00 6.20024035e+00 1.47300680e+01 1.56156008e+01
  1.29451916e+01 4.14467837e+00 1.04628682e+01 6.76474660e+00
  1.55572417e+01 1.06547926e+01 1.56535561e+01 1.57677896e+01
  5.84061928e+00 1.43134358e+01 1.18159905e+01]
 [4.46707155e+00 6.60065855e+00 1.10527441e+01 1.30414994e+01
  2.02184061e+01 1.46674128e+01 1.98526699e+01 1.94326695e+01
  1.76223994e+01 1.62170222e+01 1.29258687e+01 1.07078401e+01
  1.83476051e+01 2.23969495e+01 1.87905311e+01 1.96382064e+01
  2.10525008e+01 2.31120729e+01 1.79074600e+01 1.70893741e+01
  1.92717490e+01 1.88083442e+01 2.08563208e+01 2.31689743e+01
  9.75977701e+00 8.23834297e+00 8.59193829e+00 8.97947902e+00
  1.96980473e+01 1.72976253e+01 1.69194265e+01 1.94071100e+01
  4.68265994e+00 9.65148622e+00 8.81467295e+00]
 [9.05502734e+00 7.66504850e+00 1.32498881e+01 6.95507267e+00
  8.81163841e+00 1.21956081e+01 1.21087480e+01 1.27184531e+01
  1.28912501e+01 1.09992428e+01 1.15383519e+01 1.18636042e+01
  1.14793498e+01 1.39737044e+01 9.77349925e+00 1.13133766e+01
  8.84382463e+00 3.34012288e+00 9.55650345e+00 1.28142972e+01
  1.32228595e+01 1.23905553e+01 1.16144215e+01 1.33601307e+01
  8.38925614e+00 4.14072475e+00 8.63541082e+00 9.18897658e+00
  1.04719564e+01 1.12026777e+01 1.08512253e+01 1.02629702e+01
  8.04763304e+00 5.21000714e+00 5.94434244e+00]
 [3.87706252e+00 3.80075288e+00 5.62460494e+00 5.83738689e+00
  7.35140052e+00 7.16846361e+00 6.26473955e+00 2.45380107e+00
  5.94290093e+00 4.00029967e+00 4.85387280e+00 1.55067881e+00
  9.79764980e+00 9.33773767e+00 6.30942628e+00 4.99943058e+00
  6.58532701e+00 1.84388705e+00 5.47385317e+00 3.75071041e+00
  6.05026055e+00 3.45702320e+00 8.26095868e+00 4.09679752e+00
  4.76204846e+00 2.04072436e+00 4.41891091e+00 6.51257283e+00
  7.78672431e+00 7.63700982e+00 9.39897683e+00 6.72016907e+00
  4.79397364e+00 2.94190230e+00 5.59686301e+00]
 [1.50098381e+01 1.41271782e+01 1.41735761e+01 1.61589037e+01
  1.36384802e+01 1.52012317e+01 1.11065120e+01 1.06770563e+01
  1.24992023e+01 1.17850625e+01 1.27090552e+01 1.26197401e+01
  8.61196693e+00 1.20299552e+01 1.11323843e+01 1.07293269e+01
  1.35022658e+01 1.45353912e+01 1.01574563e+01 1.27133015e+01
  1.35422491e+01 1.51571898e+01 1.11518134e+01 1.30135768e+01
  1.46459444e+01 1.44600767e+01 1.48889596e+01 1.56551264e+01
  1.17466896e+01 1.13827178e+01 1.03831618e+01 9.90399760e+00
  8.96555185e+00 1.13218852e+01 9.19487320e+00]
 [6.73324780e+00 8.19929086e+00 1.06655650e+01 1.01051478e+01
  1.92420090e+01 1.64822281e+01 2.66796069e+01 2.74403098e+01
  2.34344602e+01 2.63800807e+01 1.56284255e+01 1.35703030e+01
  2.32724747e+01 2.16647838e+01 2.63305815e+01 2.87827799e+01
  1.82594450e+01 1.05228216e+01 2.95541796e+01 2.74651769e+01
  1.67571803e+01 1.56892599e+01 2.33893241e+01 2.06013288e+01
  8.36277425e+00 1.02864158e+01 7.62902421e+00 1.16198590e+01
  2.60634497e+01 2.14412854e+01 2.82901141e+01 2.94845945e+01
  8.92896818e+00 6.24506916e+00 1.12058759e+01]
 [7.81267755e+00 5.27943098e+00 8.02273004e+00 4.61024447e+00
  4.34756718e+00 1.14242446e+01 1.05119695e+01 1.15697019e+01
  9.38424148e+00 1.04952374e+01 6.00869377e+00 5.67136265e+00
  9.89244844e+00 8.43106383e+00 9.57095306e+00 1.03302872e+01
  8.38941330e+00 1.74569506e+00 9.43468417e+00 1.03936345e+01
  8.88506224e+00 7.04986748e+00 1.10739318e+01 1.11411196e+01
  2.99953878e+00 4.78075974e+00 4.35591763e+00 6.88185272e+00
  8.12574770e+00 7.54258426e+00 9.99418228e+00 1.03395672e+01
  2.10213022e+00 4.81785376e-01 3.88343223e+00]
 [1.22584650e+01 1.15208249e+01 3.10914913e+01 2.28302879e+01
  4.12844556e+01 3.84626725e+01 3.62471655e+01 3.51842836e+01
  3.60900318e+01 3.56442550e+01 3.41333056e+01 3.20375295e+01
  3.78906516e+01 3.91116304e+01 3.63305129e+01 3.11850030e+01
  3.19081434e+01 3.06636161e+01 4.60171234e+01 3.77054742e+01
  4.24277986e+01 4.00887136e+01 3.91463669e+01 3.48896825e+01
  2.06326112e+01 1.79494188e+01 1.31245777e+01 2.32891855e+01
  3.90813309e+01 4.24916631e+01 4.19021538e+01 3.09760355e+01
  8.10152388e+00 7.45894263e+00 1.38126289e+01]
 [3.11777362e+00 4.62873841e+00 3.08279515e+00 5.16545405e+00
  1.14977862e+01 1.47911143e+01 9.50786444e+00 9.96310874e+00
  6.21922292e+00 7.10334847e+00 8.01013360e+00 6.12634819e+00
  1.00054454e+01 1.38374759e+01 6.93874072e+00 8.20780542e+00
  6.05446548e+00 3.99317179e+00 5.64391598e+00 6.87086917e+00
  9.51265141e+00 1.15989431e+01 1.05328435e+01 1.31217549e+01
  1.68103557e+00 2.36733166e+00 2.39467219e+00 1.42328993e+00
  9.36941312e+00 8.45028568e+00 6.85610114e+00 8.60304274e+00
  1.32595052e+00 2.99720359e+00 7.99022609e+00]
 [1.08847445e+01 9.46152965e+00 1.57157612e+01 1.73726165e+01
  2.20700832e+01 1.95259705e+01 1.75546218e+01 1.54896858e+01
  1.13249157e+01 1.23701254e+01 1.45076764e+01 1.50170111e+01
  2.17693765e+01 2.37300938e+01 1.43728063e+01 1.41954652e+01
  1.23086538e+01 1.42263420e+01 1.19498913e+01 1.29149678e+01
  1.69761001e+01 1.59839823e+01 2.17632483e+01 9.11211967e+00
  1.13059916e+01 1.08043904e+01 9.92713231e+00 1.20565566e+01
  1.49670970e+01 1.55166550e+01 1.43875723e+01 1.44224813e+01
  1.15469331e+01 1.06348529e+01 7.39404754e+00]
 [1.14899275e+01 3.67418385e+00 1.05289938e+01 9.37424244e+00
  1.21707704e+01 1.27730816e+01 1.43956331e+01 1.24696654e+01
  1.03776502e+01 1.08859499e+01 7.59030334e+00 6.92376521e+00
  1.21226560e+01 1.29829597e+01 1.31257821e+01 1.28317938e+01
  1.00866129e+01 3.47195854e+00 1.17559774e+01 1.01369303e+01
  1.04523311e+01 1.23255687e+01 1.30913646e+01 1.34678700e+01
  4.04343461e+00 4.21346328e+00 2.19352184e+00 1.20142343e+01
  1.17809218e+01 1.31424144e+01 1.27190681e+01 1.22513478e+01
  2.66282017e+00 7.92885767e-01 5.75847301e+00]
 [1.39991801e+01 1.41477130e+01 2.58420617e+01 2.71880180e+01
  2.73200446e+01 3.23887394e+01 3.17364125e+01 2.78525328e+01
  2.42753808e+01 2.25334784e+01 2.73971875e+01 2.68745118e+01
  3.00618151e+01 2.89205497e+01 2.66945682e+01 2.37666257e+01
  2.45492069e+01 3.17952491e+01 2.66856732e+01 2.37157134e+01
  3.35189474e+01 3.17925492e+01 3.07230564e+01 2.99281973e+01
  1.88956715e+01 1.80357448e+01 1.59354249e+01 2.04549938e+01
  2.57918306e+01 2.89010843e+01 2.63835977e+01 2.27577797e+01
  1.41800630e+01 1.00844617e+01 1.22529867e+01]
 [1.33804122e+01 1.43278541e+01 1.91433777e+01 1.94248926e+01
  2.62642576e+01 1.96989123e+01 3.07258044e+01 2.80209047e+01
  2.07664076e+01 2.08717612e+01 2.07453638e+01 1.82007853e+01
  2.80038894e+01 2.55787979e+01 2.27341752e+01 2.35328673e+01
  2.46744473e+01 3.09062593e+01 1.51530495e+01 1.92300997e+01
  2.47333679e+01 2.13958136e+01 2.87633351e+01 2.60184548e+01
  1.71560245e+01 1.68180575e+01 1.39613501e+01 1.79979293e+01
  2.39725499e+01 2.14124691e+01 1.94565660e+01 1.32388364e+01
  1.53781373e+01 1.27429313e+01 1.79209197e+01]
 [2.95039404e+00 3.09015201e+00 6.68826177e-01 1.27638734e+00
  8.27526483e-01 2.17389277e+00 8.31953887e+00 4.41271908e+00
  6.94628766e+00 6.94110230e+00 6.54734211e+00 9.96037400e+00
  3.45605724e+00 8.12274333e+00 6.76964040e+00 8.59237980e+00
  4.43702303e+00 1.02537133e+00 8.43273992e+00 5.98813632e+00
  7.68917233e-01 2.30963886e+00 5.20240008e+00 2.99038309e+00
  5.02527168e+00 7.76973051e+00 5.68464717e+00 1.53477449e+00
  9.89196174e+00 7.78011287e+00 9.38291334e+00 9.72461835e+00
  7.07321674e+00 4.02063089e+00 8.47889473e+00]]