[[ 0.77486197  0.66980061  1.80567188  2.42164357  1.44510672  1.2434226
   1.56242036  0.53387491  0.72670996  0.80776632  5.0931819   3.04320122
   3.6252886   3.06271225  1.17763073  0.95530229  2.37708079  0.80520356
   1.29951153  0.85435669  4.21539697  2.89946561  2.42995587  1.21421674
   1.02495381  0.66414911  0.94623442  2.23366243  2.95693774  2.76525962
   1.84435112  1.90088689  1.4900975   0.53367246  2.12888215]
 [ 0.13061118  0.12330165  2.30119611  1.59091364  2.44430626  7.27991814
   0.89177737  1.17465903  0.76386392  1.29336672  1.55385128  3.59347395
   1.65727967  5.44193393  0.77816608  0.97936386  0.34965237  1.78228934
   0.68871658  1.02887865  3.77633119  9.56357424  1.00598764  5.34135369
   0.42682616  0.55081088  0.10353124  0.1528517   0.83899182  2.47729505
   0.9168784   1.08078987  0.81814091  0.34683392  5.02567813]
 [ 3.57479218  4.76270326  3.14700306  5.31555142  3.51859521  4.60912438
   2.79890706  2.55229282  2.40824105  2.26736234  5.04330134  5.53492284
   2.87284148  3.70406016  2.45613375  2.48590329  3.6454917   2.93482481
   2.1578231   2.40670088  3.50918751 10.36526726  2.62000425  2.87807493
  10.35691378  5.33796278  4.49949945  4.18061633  3.25172383  3.22068972
   2.11061055  2.71591305  6.06050672 12.82081461  8.95870589]
 [20.53646206 13.36043512  2.22833757  3.50967055 13.38571588 15.94890257
   4.28110838  3.32795495  3.84457954  2.84803616 13.84839263 18.429425
   8.29699983  6.36449511  2.63369953  2.17881482  8.08037879  5.2289075
   2.28159351  3.5963704   9.27149742  8.20506467  6.79024171  5.46388671
  16.32101586 14.84051529 11.2200008  15.4520532   8.98586272  8.3045089
   2.26056837  2.82924726  5.89419462  4.80992975  9.06723983]
 [ 6.60187786  5.90835713  4.30451146  2.57304735 28.87161966 22.11200132
   3.9339651   3.59199857  3.3619293   2.79951339  6.8941587   8.29929623
  11.20989539  4.31311345  5.43244107  3.17260803  5.42986339  3.88275734
   2.84247887  3.05343915  7.53548144  4.11047246 26.27055575 11.51798789
  10.6831167  14.36450992  6.74806912  6.69282496  5.39464926  6.46020724
   5.34019395  2.45424902  5.15163771  2.94453187  6.997422  ]
 [ 2.36672966  1.59042147  9.85346773 10.25740709 11.33709369  4.02114805
   2.29106649  1.65995199  2.03797093  2.0156463   1.58343265  2.73575314
   7.67320186  1.63649146  2.01155413  1.05339929  1.59818315  5.43497403
   0.73383129  2.04012     8.90512882  7.31832068  5.41707735  2.48418274
   0.16825237  0.09057     0.12175485  9.71282044  1.26648925  0.90325049
   2.0945549   0.74481242  3.14481084  1.2294479  11.56187682]
 [ 1.92616308  0.80240857  0.6834711   0.29233201  1.58961012  2.06383589
   1.40512744  1.77725345  1.84061342  1.72527323  1.762643    0.69501264
   1.66666182  1.80301905  1.39503681  1.63992994  1.69321841  1.73083578
   1.5896179   1.85758976  0.91567277  0.76991806  1.27861069  1.46191494
   2.04153733  0.59149235  1.37169879  1.35001493  2.48433985  1.84787155
   1.6870086   2.13639855  0.8701526   2.76752607  4.63368546]
 [ 3.56677847  6.08239087  2.62351288  3.04198177  7.58653388 17.63411949
   6.62825501  6.29945841  7.17437878 10.07429194  7.24095213 15.98153588
   3.51568398  3.80242578  2.39297226  3.00298255  3.75757944  2.88946485
   2.19144557  7.56007759  5.58953575  6.26703399  4.00120688  6.8230021
   5.90785647 10.17748725  6.26647866  4.871813    2.78526792  4.24360077
   2.3918177   2.47921284  3.15072833  7.48334808 11.32501802]
 [ 2.95453282  2.42693574  5.60852968  1.07080927 12.73253824  5.88409266
   1.2280739   1.35803847  1.50876807  1.59210423  3.29213683  2.07180971
   1.88595645  2.29310067  1.01250803  1.18779263  1.62225982  0.84557603
   1.08383835  1.75002948  2.44416996  1.69646649  1.09129779  1.62026881
   5.78412046  1.00702003  2.99250995  2.8435779   1.87964221  1.84344449
   1.49461134  1.41959782  2.80625138  1.65486525  2.69865431]
 [ 4.60322416  3.32564298  3.79889021  3.52915057  2.47735473  1.68986167
   1.39879054  0.57730823  2.36734036  1.05609128 10.65141118  0.27099859
   3.21028828  1.90284777  1.17786506  1.03707639  4.48489823  0.67586046
   1.11253514  1.13570689  4.91854448  0.70917667  1.903532    0.88054491
  11.72846639  0.95426998  3.21150555  5.39786085  6.10496074  2.00531521
   1.80041577  1.71752941  4.17690804  4.56100345  4.90770143]
 [ 2.45685119  2.69061404  1.92783728  2.42552568  1.38513528  2.77376483
   1.6016987   7.46675341  4.08974911  7.32367236  2.07644539  3.68855089
   2.06775455  2.68155091  1.88754037  2.6180136   1.93483916  2.12887558
   2.06258706  5.26950328  1.94052057  2.56118253  1.56879324  2.61789543
   2.47329131  3.86763869  2.46220415  2.41885867  1.89300798  2.86735551
   2.23851723  2.44503365  4.26477875  5.19346955  3.84645427]
 [ 3.96454297  4.2770078   1.67883903  2.1808201   5.44180466 11.35495228
   4.65473348  5.03854691  4.37491724  3.45289602  3.92433261  2.86801723
   5.22179972  7.73291301  3.55679768  3.76417175  3.05152979  4.18035945
   3.14326792  4.24182675  7.21664626  4.45354471  5.26049328 10.8865943
   3.77718283  4.5164181   4.15873446  3.31591007  3.5894687   2.96276401
   3.35030729  3.64402765  4.03483251  4.14183765  6.40354624]
 [ 5.24438735  4.82370589  4.66994612  2.76366993  1.34049843  4.04734034
   3.12489257  3.77095997  6.39424362  7.18093632  3.94696265  5.25524121
   4.38413715  4.46750168  3.56966742  4.10823068  4.81043824  1.02649735
   4.108064    7.31131092  9.4396144   4.13473375  3.55983214  3.92437664
   5.21314404  7.95705588  3.57857205  4.90853607  4.67754144  4.28063472
   4.49907751  4.75642547  0.88945195  0.89630926  4.41132389]
 [ 1.07836498  1.0416106   0.90685281  0.91727304  1.01546664  1.25445056
   1.09809998  0.89166804  2.06925483  1.51889733  1.08160177  1.19530907
   1.48334187  1.67852395  0.9314441   1.35159356  0.94237387  0.99379921
   0.75155707  1.99279114  1.09267192  1.0109392   1.0216301   1.31683681
   1.22817345  1.20322154  1.04303396  0.9804665   1.12991578  1.3097405
   0.65631208  1.39101372  0.93382624  0.74549894  4.24930123]
 [ 1.14838222  1.75215076  0.47817106  0.99043912  2.56097241  1.39389025
   1.17953035  0.90094223  1.02116928  1.01797629  1.4432058   1.64199904
   1.44777804  1.87716598  0.93159864  0.74894538  1.45362638  1.30563972
   0.68966785  0.92972343  1.10356962  1.45196001  1.20652921  1.24350482
   0.48193297  0.85208776  0.90164708  0.4803076   1.49362951  1.75314671
   1.05949327  1.07938009  0.44019496  1.03532627  4.27159255]
 [ 1.75828553  1.66207749  2.08621572  2.08157529  1.86287056  7.29648021
   1.66903633  1.49444382  1.17294044  1.16788849  2.15171751  2.50011952
   2.5479917   2.94785687  1.62762841  1.67859614  1.79998687  2.1863632
   1.31631406  1.25126987  2.56706808  1.8421175   1.97757198  1.58747497
   1.70788287  1.8479973   1.81652081  1.86423008  1.96220048  2.64377558
   1.85140428  1.97633965  2.15436383  1.32301057  2.22605466]
 [12.45521982 11.91850529 10.94864744  8.40171241 14.03128106  9.79338679
   6.41095027  3.54083481  7.93307988  6.03076159 22.50305146 25.06744753
   8.35346189  4.64691412  3.19150138  3.01888668  5.08022979 11.35687826
   2.89523522  8.25149311 22.54181078 12.62273817  8.83921475  4.83938998
  34.90980356 20.9625305   2.70770741 12.88026028 11.71974249  7.57918152
   2.69977178  2.91969795  7.17440863  0.8525574  12.51923204]
 [ 1.90573676  1.92644561  1.15813268  1.3921844   0.93675384  1.19704319
   1.46495495  1.67679883  2.185317    1.85107961  1.38668466  1.69421301
   1.49634733  1.82042894  1.33532557  1.57241814  1.49396328  1.50310744
   0.98158233  2.05533824  1.23924081  1.37346544  1.22887544  1.50276068
   1.58902807  1.53862661  1.8500165   1.74840271  1.43171492  1.97186894
   1.34698137  1.50689652  1.93098044  1.28554746  1.77853336]
 [ 1.96499441  2.38617541  1.48838829  1.4569606   2.80985499  5.62069077
   1.56744699  2.08903041  1.26990345  1.83614718  1.42544152  1.66198259
   1.38230224  2.27086504  0.97534068  1.32038185  1.35477762  1.10458439
   0.92590362  1.37201553  1.315234    1.76204618  1.07827804  1.53683997
   1.59965308  2.23023485  2.16142145  1.28101443  1.54509263  1.8632319
   1.03213446  0.88533879  3.49534879  3.537841    5.85126071]
 [ 1.4480698   1.66673183  0.15994199  0.31968304  0.49439021  0.94759021
   3.28002068  1.46962578  4.45749356  2.13974835  1.96710673  3.50179407
   1.16755757  3.11143565  2.11535232  2.01438738  1.12675036  0.63431181
   1.7848164   2.68067632  0.22483714  0.88045528  1.6849329   0.79879858
   1.88474162  3.6871117   2.7516287   0.59435403  2.33841889  2.39093388
   2.53854604  2.38102691  3.23946583  2.63231156  9.97220166]]