[[3.03681686e+02 7.10107389e+02 3.87844733e+02 4.50832471e+02
  7.81682107e+01 6.88591872e+02 6.21479868e+01 8.71905159e+01
  7.64928486e+01 4.90687497e+01 1.48106886e+02 1.22307904e+02
  2.45728071e+01 1.92087440e+01 2.87076400e+01 2.14794517e+01
  6.97466627e+01 2.02161576e-27 1.34835374e+01 5.84297439e+01
  8.67374098e+02 1.20272502e+02 4.36695587e+01 3.56297008e+01
  6.88822886e+02 8.53801805e+02 3.28058675e+02 1.58674012e+02
  1.04510169e+01 1.00830767e+01 8.25008097e+00 5.20608293e+00
  1.52353828e+03 7.12728486e+02 6.12106118e+01]
 [3.83225095e+02 4.24029365e+02 1.30699583e+02 1.37587407e+02
  7.19104604e+01 5.62257980e+01 6.28670736e+01 6.91835677e+01
  8.89312482e+01 9.46151549e+01 5.11535849e+01 4.22284201e+01
  1.51903823e+01 1.35210602e+01 3.10257310e+01 3.49373312e+01
  3.30759554e+01 1.53630135e-28 2.41003440e+01 9.08670848e+01
  6.28355153e+01 4.95667151e+01 3.64614916e+01 3.35730753e+01
  1.28764236e+02 1.46400755e+02 3.93005711e+02 1.24160376e+02
  1.59658014e+01 1.02271624e+01 1.06522209e+01 1.10304454e+01
  3.27373954e+02 3.72618622e+02 9.49092601e+00]
 [3.50105966e+01 5.95848577e+01 1.27036494e+02 5.60794228e+01
  2.69834606e+01 1.91584566e+01 2.05248976e+01 5.15766199e+01
  2.60993085e+01 2.73131811e+01 7.68987968e+01 1.45152120e+01
  5.61551291e+00 4.26553694e+00 1.04374923e+01 1.06509423e+01
  9.26767389e+00 4.57150000e-29 9.02061640e+00 2.70173312e+01
  1.64321833e+01 1.16175543e+01 1.29723998e+01 1.19095276e+01
  4.25136735e+01 6.55935647e+01 2.86207341e+01 8.46452452e+01
  5.27503056e+00 5.29001771e+00 4.02157740e+00 3.88148248e+00
  1.68433987e+02 8.35547400e+01 1.14278747e+01]
 [4.78269924e+02 2.53895577e+02 3.55269765e+02 3.48066129e+02
  6.64204402e+01 7.61731245e+01 3.99721155e+01 5.80118240e+01
  5.72758062e+01 5.38357209e+01 6.16443842e+01 4.15491052e+01
  1.21319616e+01 1.36101947e+01 1.95434893e+01 2.79226133e+01
  4.12124580e+01 2.85508650e-28 1.53361179e+01 4.73654429e+01
  7.51148679e+01 7.76524515e+01 2.53348572e+01 3.17638897e+01
  2.96391046e+02 1.07969649e+02 3.70561315e+02 1.39737011e+02
  1.40281203e+01 8.03269706e+00 6.16086174e+00 6.89199394e+00
  5.44179769e+02 1.17305269e+03 1.14799319e+01]
 [2.07714055e+02 3.34413707e+02 2.10939727e+02 2.35953943e+02
  4.96057686e+01 5.87932706e+01 3.53641758e+01 4.27610678e+01
  3.31268723e+01 4.28930752e+01 3.38589014e+01 3.57660837e+01
  1.56857348e+01 1.28346247e+01 1.46342862e+01 2.41419945e+01
  1.57316626e+01 5.72455786e-29 1.13325012e+01 3.43612191e+01
  5.81106254e+01 6.09789658e+01 2.14231593e+01 2.86950644e+01
  9.64587557e+01 9.08918918e+01 1.83332334e+02 4.61712536e+01
  8.07575339e+00 6.86075618e+00 4.11099313e+00 6.05897462e+00
  1.13338610e+02 6.13002778e+02 2.98729646e+01]
 [3.27040760e+01 3.15133827e+01 3.68113529e+01 2.85189036e+01
  2.14226067e+01 1.70049261e+01 2.01712457e+01 2.24801508e+01
  2.62774368e+01 2.31649380e+01 3.80757548e+01 1.72544395e+01
  8.97267108e+00 8.97767308e+00 1.53105238e+01 1.53311671e+01
  1.32433579e+01 7.53568629e-29 1.12485954e+01 2.28089735e+01
  3.89991515e+01 1.53141359e+01 1.59425719e+01 1.40247005e+01
  4.01765151e+01 4.82529581e+01 3.11480667e+01 2.33272993e+01
  1.00606787e+01 8.65055262e+00 7.40115501e+00 7.71542150e+00
  2.07200022e+02 3.67239380e+02 1.43542376e+01]
 [1.08275835e+02 1.26228915e+02 5.49137449e+02 4.64823429e+02
  1.16110158e+02 1.13505060e+02 7.16960395e+01 5.64037173e+01
  1.92213224e+02 8.61090681e+01 7.03102743e+01 7.34258313e+01
  3.73564577e+01 3.20008981e+01 3.79974493e+01 2.85076024e+01
  2.32516131e+01 2.59700246e-28 2.05871106e+01 6.41085991e+01
  4.69927964e+02 1.24896855e+02 6.22535904e+01 5.16854499e+01
  3.69192387e+02 1.89918175e+02 8.76801093e+01 4.21973506e+01
  2.50332527e+01 1.57785269e+01 1.39103221e+01 9.74798303e+00
  7.38336745e+02 8.49852420e+02 1.65994729e+02]
 [7.34064365e+02 5.92942736e+02 2.60951047e+02 5.94432466e+01
  2.45427655e+01 4.03300313e+01 2.50708603e+01 3.90313316e+01
  3.28663425e+01 3.90848097e+01 7.79574672e+01 3.26196298e+01
  1.28739926e+01 9.63019901e+00 1.45197006e+01 2.48025649e+01
  3.96061102e+01 1.80357038e-28 1.61977587e+01 3.61163981e+01
  4.16874166e+01 2.04188643e+01 1.50529056e+01 2.15173481e+01
  3.53656535e+02 1.59597321e+02 5.49632772e+02 1.92730179e+02
  1.41402470e+01 7.70776131e+00 5.43915761e+00 7.52905902e+00
  7.48397627e+02 6.46134994e+02 1.09484780e+02]
 [8.83378345e+02 8.75209176e+02 5.96460002e+01 9.43743302e+01
  3.23848139e+01 2.48317222e+01 4.39597741e+01 5.27406488e+01
  9.10532415e+01 6.63149444e+01 3.94511592e+01 4.85933978e+01
  9.25234814e+00 6.30165331e+00 2.57126217e+01 2.48319738e+01
  4.86305882e+01 8.09859235e-29 1.85417798e+01 6.31732021e+01
  2.65543228e+01 3.07610656e+01 2.31718468e+01 2.16362956e+01
  1.67475457e+02 1.91757403e+02 7.18180320e+02 1.58833432e+02
  1.18842039e+01 9.92941333e+00 8.40987083e+00 8.51780064e+00
  5.12249983e+02 7.38943248e+02 3.12589270e+01]
 [4.64764106e+02 3.90037422e+02 1.92612576e+02 8.93200702e+02
  1.68212580e+02 1.92939951e+02 7.74759513e+01 1.33868885e+03
  1.41591007e+02 6.44968561e+02 1.07972659e+02 3.60407672e+03
  2.32173719e+01 3.06763536e+01 3.00684183e+01 5.18919186e+01
  2.08858581e+01 1.40588469e-27 6.11333753e+01 9.32964958e+02
  6.69637824e+02 1.00234647e+03 6.28757337e+02 6.52260256e+02
  1.93334207e+02 3.33004424e+03 2.85057218e+02 1.34621473e+02
  8.77537632e+00 1.38784520e+02 9.11339622e+00 9.48546895e+00
  4.33477158e+02 1.87253308e+02 1.12308580e+02]
 [4.47829889e+01 9.56759298e+01 8.83992018e+01 6.00392944e+01
  6.87683345e+01 3.11774743e+01 3.85227508e+01 2.75941682e+01
  3.44944835e+01 3.13690243e+01 1.71494588e+01 2.19112276e+01
  1.06789266e+01 9.97952669e+00 2.13577488e+01 1.49842057e+01
  1.47171285e+01 1.25669432e-28 1.02792453e+01 3.16522883e+01
  3.80716696e+01 2.63086710e+01 2.75821205e+01 1.90208498e+01
  2.13092597e+01 5.15780370e+01 6.01464652e+01 2.34352853e+01
  7.31519829e+00 6.37991142e+00 6.64262421e+00 7.26479936e+00
  3.26214339e+02 2.76328564e+01 1.43982856e+01]
 [6.69854799e+01 8.83406777e+01 1.60796212e+02 2.11283785e+02
  6.24154301e+01 6.18616400e+01 3.59689354e+01 2.72845585e+01
  4.24163785e+01 4.25919450e+01 2.24353313e+01 4.13920382e+01
  1.44714232e+01 1.10585259e+01 1.91651280e+01 1.64276863e+01
  2.42851836e+01 1.55182888e-28 9.50348227e+00 3.61432989e+01
  5.56452691e+01 5.32102724e+01 3.40659308e+01 3.17836500e+01
  2.89334540e+01 1.01890333e+02 9.54959158e+01 3.26400766e+01
  6.81060663e+00 1.02333744e+01 5.93623022e+00 6.27186384e+00
  4.65959972e+02 7.46704842e+01 2.46118088e+01]
 [4.72364344e+01 4.18287067e+01 9.47936129e+01 5.14369917e+01
  1.20922429e+02 1.73605785e+01 2.17882774e+01 1.80928443e+01
  2.43689602e+01 2.15755771e+01 2.74338450e+01 1.34495655e+01
  9.05107819e+00 5.32468803e+00 1.55724442e+01 9.34425879e+00
  9.83560376e+00 2.74897918e-28 8.52537330e+00 2.35822886e+01
  1.92590338e+01 1.59697029e+01 1.62468361e+01 1.10450550e+01
  1.32958244e+02 1.94978389e+01 4.90075154e+01 2.24435284e+01
  6.61175167e+00 4.93873995e+00 5.90336940e+00 2.91927589e+00
  2.16984193e+02 1.72326877e+02 1.04701880e+02]
 [5.43738996e+02 6.53490548e+02 1.64785542e+02 1.57742721e+02
  7.09368012e+01 7.71084465e+01 6.38264042e+01 8.55838788e+01
  6.79270819e+01 8.22464469e+01 6.36780296e+01 5.64970349e+01
  1.61920135e+01 1.81641246e+01 4.23091063e+01 3.25068163e+01
  4.89158976e+01 1.94816309e-28 2.82250421e+01 6.72113224e+01
  6.16508264e+01 5.40177032e+01 4.07546547e+01 4.53232721e+01
  1.80974939e+02 1.79766135e+02 4.48105479e+02 1.18545175e+02
  1.92015578e+01 1.62871788e+01 1.59630588e+01 1.12862895e+01
  3.07896765e+02 9.24213722e+02 1.94937571e+01]
 [1.04805756e+03 6.63664026e+02 2.69504994e+02 1.73410039e+02
  3.99673187e+01 4.51271792e+01 5.58049629e+01 6.90603482e+01
  8.54209644e+01 8.07864816e+01 4.93659620e+01 5.16070113e+01
  9.25544136e+00 1.14090260e+01 3.24023378e+01 3.19620345e+01
  4.77663096e+01 4.30679878e-27 2.33210304e+01 7.32459963e+01
  4.08465469e+01 4.24618914e+01 2.62134167e+01 2.72680600e+01
  5.57094669e+02 3.98781316e+02 8.82708099e+02 3.60749084e+02
  1.57266451e+01 1.41083666e+01 1.13064193e+01 7.62262640e+00
  1.14238859e+03 8.04107197e+02 7.42759242e+01]
 [4.39516430e+02 5.86605895e+02 9.78252908e+01 8.15598617e+01
  3.85269665e+01 3.04619686e+01 3.44954847e+01 4.26163816e+01
  6.10548764e+01 6.15169574e+01 5.11800433e+01 4.66308677e+01
  8.61010579e+00 8.78045610e+00 2.16821385e+01 2.27528184e+01
  4.38474536e+01 1.56697730e-29 1.88193992e+01 5.48577231e+01
  5.64174489e+01 5.25398893e+01 1.97479926e+01 8.56968095e+01
  1.65811946e+02 2.16180536e+02 4.38837103e+02 1.55655703e+02
  1.25169546e+01 8.97311723e+00 8.51095448e+00 7.32695715e+00
  1.33266870e+02 4.12654939e+02 7.69909282e+01]
 [4.43199871e+01 4.83321523e+01 3.16191148e+01 3.89237219e+01
  2.29131000e+01 2.06678395e+01 2.61789525e+01 3.00383313e+01
  3.21315995e+01 2.95065833e+01 8.59401419e+00 2.14999376e+01
  9.45388482e+00 9.61254428e+00 1.74679254e+01 1.37674780e+01
  1.24787144e+01 9.95694393e-30 1.07908429e+01 3.02291383e+01
  1.51700595e+01 1.58584667e+01 1.73336931e+01 1.55366774e+01
  1.93582777e+01 4.55553895e+01 2.49328589e+01 1.22834491e+01
  4.78319143e+00 3.39034251e+00 5.82767736e+00 5.24398773e+00
  2.45025958e+01 2.45754493e+01 3.95679420e+01]
 [1.40501829e+03 1.48916565e+03 1.06888684e+02 1.52944474e+02
  4.87354673e+01 6.19611098e+01 3.99578571e+01 4.25132129e+01
  5.83866267e+01 6.50675926e+01 4.41653100e+01 7.74910664e+01
  1.24783421e+01 1.06973061e+01 2.92800919e+01 2.30139835e+01
  5.01326049e+01 3.83499844e-28 2.07597665e+01 6.07305395e+01
  3.79735688e+01 4.91859934e+01 2.58075730e+01 2.29848204e+01
  2.40222384e+02 3.22107282e+02 8.51563905e+02 2.31679780e+02
  1.30818412e+01 1.61294717e+01 1.18376765e+01 8.72912050e+00
  7.03616550e+02 5.23554532e+02 7.46037281e+01]
 [9.08014965e+02 2.22717449e+03 1.46523641e+02 5.47843467e+01
  6.07201536e+01 6.65301632e+01 7.85411050e+01 1.07574940e+02
  1.28447825e+02 1.30203516e+02 7.47459847e+01 5.47538792e+01
  9.20184692e+00 9.66065787e+00 4.35465074e+01 5.14261923e+01
  5.37067292e+01 4.08620885e-28 3.10862130e+01 1.31009053e+02
  3.90292326e+01 2.49178598e+01 3.19575274e+01 5.04395047e+01
  4.38045033e+02 4.07278568e+02 7.09064241e+02 1.71215114e+02
  2.04625208e+01 1.27232478e+01 1.38734283e+01 2.04477352e+01
  3.52147423e+02 6.67294881e+02 4.81209986e+01]
 [1.65916054e+03 3.31949191e+03 4.05884384e+03 2.35154455e+03
  2.67737297e+03 1.06575713e+03 2.03812053e+02 5.91581860e+02
  3.06793768e+02 2.41846262e+02 1.43263549e+02 2.15619122e+02
  1.76060313e+02 2.68511917e+01 9.27289410e+01 4.57636152e+01
  2.55537293e+02 2.40204898e-26 4.15651518e+01 2.32419305e+02
  2.22473962e+03 7.13180439e+02 2.06679851e+02 5.77611761e+02
  6.70821723e+02 1.01315651e+03 1.70872184e+03 1.18303802e+03
  4.19286959e+01 3.42966229e+01 1.71882079e+01 1.37745636e+01
  6.23211816e+02 8.53574991e+02 5.79611351e+01]]