[[1.43202365e+01 1.31332262e+01 1.36862480e+01 1.32340380e+01
  1.44388583e+01 1.45646138e+01 2.25061790e+01 2.60391305e+01
  2.77303450e+01 2.25979301e+01 7.35095774e+00 7.04093361e+00
  5.14610859e+00 3.52253734e+00 1.17686692e+01 1.01049371e+01
  5.91106685e+00 5.04026962e-29 6.79846031e+00 2.30058664e+01
  1.11827765e+01 8.93705208e+00 1.20541771e+01 1.12538481e+01
  1.10565893e+01 1.17911896e+01 1.28128320e+01 8.05515540e+00
  3.45459026e+00 2.74353347e+00 3.77259289e+00 2.43537124e+00
  1.39708990e+01 3.25700836e+00 7.97763783e+00]
 [5.53202106e+01 6.13844547e+01 1.82909899e+01 2.24190657e+01
  1.66804216e+01 1.53959494e+01 1.71151999e+01 1.84536509e+01
  1.80303954e+01 1.76965487e+01 8.40110399e+00 1.04919412e+01
  5.08557463e+00 5.61904864e+00 8.83728352e+00 9.72238583e+00
  6.34430454e+00 3.92815467e-29 5.59756671e+00 1.70871734e+01
  1.20786737e+01 1.28516108e+01 1.16981638e+01 1.10637456e+01
  1.85045905e+01 2.50009946e+01 5.77748013e+01 2.03884150e+01
  3.50812776e+00 3.44992736e+00 3.35768916e+00 3.37525794e+00
  4.63446416e+01 3.82077900e+01 1.45563992e+00]
 [6.26518626e+00 1.00822111e+01 7.37273668e+00 7.79072783e+00
  6.95822567e+00 5.88274707e+00 8.37869649e+00 7.08598136e+00
  7.29571018e+00 6.82379456e+00 3.21615626e+00 3.54247435e+00
  1.84564991e+00 1.50556955e+00 3.85846972e+00 3.55667337e+00
  2.01176429e+00 1.38132105e-29 2.60872284e+00 6.86417857e+00
  4.17269567e+00 4.47345744e+00 4.73353609e+00 4.11188457e+00
  5.22807641e+00 8.45274211e+00 6.97031440e+00 4.44018458e+00
  1.15661198e+00 1.21950486e+00 1.47981847e+00 1.17704085e+00
  3.34196460e+00 6.09918245e+00 1.22068780e+00]
 [7.21128171e+01 5.12423228e+01 3.02450905e+01 2.70848820e+01
  1.70761003e+01 2.06530408e+01 1.63158503e+01 2.29301805e+01
  1.95306708e+01 2.05471137e+01 1.27764566e+01 1.16047624e+01
  3.29514396e+00 5.08247442e+00 7.16246626e+00 1.08141658e+01
  9.72449352e+00 1.16556813e-29 6.11004433e+00 1.82189323e+01
  1.21261144e+01 1.42810063e+01 9.74491308e+00 1.34873238e+01
  3.88704556e+01 2.16408708e+01 5.14097800e+01 2.66293507e+01
  4.33813333e+00 3.72607698e+00 2.65081927e+00 2.98919764e+00
  5.00419590e+01 4.56779763e+01 2.59857272e+00]
 [3.68584771e+01 7.67089408e+01 2.06934645e+01 2.28393347e+01
  1.35279730e+01 1.33588599e+01 1.66097013e+01 1.72935662e+01
  1.68855393e+01 1.64761223e+01 6.86153405e+00 9.67114815e+00
  3.73487652e+00 3.44309386e+00 8.06668983e+00 8.40895528e+00
  6.07659672e+00 2.31316154e-29 5.12764113e+00 1.59992145e+01
  9.69626123e+00 1.00578251e+01 9.38617854e+00 8.91001559e+00
  1.26845235e+01 1.98678848e+01 4.37064712e+01 1.35284285e+01
  2.47456936e+00 2.99883946e+00 2.45151222e+00 2.16499392e+00
  2.35148206e+01 6.91603893e+01 2.51812841e+00]
 [7.16021727e+00 7.15600103e+00 9.11630297e+00 6.23070540e+00
  7.37521226e+00 5.82335609e+00 6.73764492e+00 7.44100825e+00
  7.47042695e+00 7.11634400e+00 3.64727060e+00 2.66267329e+00
  2.28109174e+00 1.86557171e+00 3.58248355e+00 4.05799993e+00
  2.10643804e+00 6.71807874e-30 2.38444497e+00 7.02394868e+00
  5.85758360e+00 3.69502836e+00 4.45718214e+00 4.46601527e+00
  5.14385786e+00 6.22505465e+00 7.17965593e+00 2.89633540e+00
  1.87671514e+00 1.07625753e+00 1.67752932e+00 1.38665963e+00
  3.31616773e+00 4.25380462e+00 3.22781855e+00]
 [2.79683737e+01 2.38555944e+01 3.18729111e+01 2.21641690e+01
  1.83105479e+01 1.62180523e+01 2.08335659e+01 2.00445880e+01
  2.72560461e+01 2.45075281e+01 1.12727997e+01 8.95282212e+00
  6.43359610e+00 5.94267190e+00 1.37574140e+01 1.29156765e+01
  8.92867066e+00 5.39335018e-29 1.12435386e+01 2.31787463e+01
  2.69381396e+01 1.06621900e+01 1.43527826e+01 1.28575786e+01
  3.46605637e+01 1.72483835e+01 2.45876491e+01 1.30292629e+01
  5.98585874e+00 4.54013033e+00 5.36262290e+00 4.62727713e+00
  5.93777241e+01 2.67489000e+01 7.78150606e+00]
 [1.06340988e+02 8.70533344e+01 3.48362746e+01 1.39543828e+01
  9.78517564e+00 1.01590444e+01 9.76917911e+00 1.26426607e+01
  1.05873914e+01 1.07085298e+01 1.37859989e+01 9.39245096e+00
  3.83852566e+00 3.49736059e+00 6.15958861e+00 7.46134511e+00
  8.84429860e+00 4.27328490e-29 4.74292971e+00 1.05466882e+01
  1.05079561e+01 7.03256850e+00 6.49289413e+00 7.56101975e+00
  5.06974242e+01 2.89850763e+01 8.44711139e+01 2.70206670e+01
  3.39370213e+00 2.44913945e+00 2.29320988e+00 2.50340627e+00
  1.27387589e+02 2.98108552e+01 9.31341842e+00]
 [1.87573761e+02 1.86921167e+02 1.61465011e+01 2.01543783e+01
  7.45362022e+00 6.95288984e+00 1.19981136e+01 1.29260810e+01
  1.44669200e+01 1.40741889e+01 1.05325847e+01 1.14177767e+01
  2.67130592e+00 1.89606441e+00 5.51027493e+00 4.98209456e+00
  1.07346806e+01 2.55024788e-29 3.68974917e+00 1.39153260e+01
  6.81229626e+00 6.89638824e+00 5.89848259e+00 5.07678527e+00
  3.74509031e+01 4.14451150e+01 1.53703232e+02 3.56084159e+01
  2.71039588e+00 2.42085036e+00 2.02300705e+00 1.58872675e+00
  8.63152287e+01 2.63120172e+02 3.64023572e+00]
 [1.16018448e+01 1.18598161e+01 6.98749476e+00 9.16350669e+00
  5.86762040e+00 6.16912213e+00 6.13765639e+00 1.01353795e+01
  7.44264293e+00 9.02200411e+00 3.19962520e+00 2.06121415e+01
  2.20448684e+00 2.71354471e+00 4.22087784e+00 4.48918384e+00
  2.08286059e+00 2.55993518e-29 3.47083189e+00 9.67928765e+00
  7.42795453e+00 6.53543215e+00 6.11568890e+00 6.31485601e+00
  5.04662773e+00 1.31180049e+01 1.00721243e+01 3.93311866e+00
  1.30807534e+00 1.73124725e+00 1.85852282e+00 1.68452837e+00
  5.59814375e+00 2.49629680e+00 4.90194456e+00]
 [8.47266741e+00 1.27824296e+01 1.24654061e+01 1.42139254e+01
  1.29125748e+01 1.16421850e+01 1.15986848e+01 1.02959225e+01
  1.06554365e+01 9.68010589e+00 4.16120642e+00 5.67959412e+00
  2.83575175e+00 3.00165109e+00 5.98923754e+00 5.09272353e+00
  3.79408484e+00 3.71774977e-29 2.98550439e+00 9.62800488e+00
  7.56568200e+00 8.62942528e+00 7.72380753e+00 6.72709555e+00
  5.64225861e+00 9.87106221e+00 1.06275811e+01 6.27212985e+00
  1.62369022e+00 1.68453676e+00 2.00362659e+00 1.81323875e+00
  1.20317327e+01 4.44099421e+00 2.16705247e+00]
 [1.35359934e+01 1.26741286e+01 2.04356561e+01 1.92678359e+01
  1.66830060e+01 1.55492260e+01 1.65934238e+01 1.52674487e+01
  1.78162641e+01 1.74339158e+01 7.82797628e+00 7.31778462e+00
  5.26407733e+00 4.52648594e+00 9.43367838e+00 9.31473722e+00
  6.46450927e+00 5.49871000e-29 6.08996216e+00 1.69620943e+01
  1.34480492e+01 1.04085167e+01 1.24937880e+01 1.17801118e+01
  9.37880006e+00 9.57902806e+00 1.39019360e+01 8.49003385e+00
  4.38475487e+00 3.79658627e+00 3.56582645e+00 3.09521629e+00
  1.82738894e+01 9.69179016e+00 5.68793625e+00]
 [1.27671190e+01 1.27780206e+01 1.07312301e+01 9.20302198e+00
  9.60950854e+00 6.96151739e+00 8.77748845e+00 7.62317418e+00
  1.08701850e+01 9.23359942e+00 5.41662261e+00 5.29232298e+00
  2.94567528e+00 2.06144944e+00 5.26911182e+00 3.88150492e+00
  4.25433092e+00 1.32287377e-29 3.43509521e+00 1.00466305e+01
  5.67449043e+00 5.33977368e+00 5.85439585e+00 4.79261854e+00
  8.98134598e+00 7.41060474e+00 1.11606830e+01 6.41456166e+00
  2.39113872e+00 1.97728946e+00 1.93940109e+00 1.22750683e+00
  1.05735143e+01 5.71611761e+00 7.62242802e+00]
 [2.12185487e+02 2.42223264e+02 1.54650138e+02 1.58902688e+02
  1.37618893e+02 1.20301308e+02 1.43539083e+02 1.39180374e+02
  1.26707334e+02 1.35674479e+02 9.46254255e+01 1.01568610e+02
  3.52020908e+01 3.83247595e+01 8.69105025e+01 5.88590190e+01
  8.69934913e+01 2.66880723e-28 7.25497845e+01 1.20781613e+02
  1.00620155e+02 9.69801193e+01 9.23789827e+01 8.02028837e+01
  1.32793072e+02 1.50553825e+02 2.08289391e+02 1.27865077e+02
  3.80972825e+01 3.91584254e+01 3.73128408e+01 2.19569675e+01
  8.46413669e+01 7.52166014e+01 7.83772253e+00]
 [7.78894755e+01 7.19205296e+01 1.84594821e+01 1.82727023e+01
  1.26982758e+01 1.09527635e+01 1.89188548e+01 1.75855788e+01
  1.77622408e+01 1.84921333e+01 6.65671254e+00 7.53258607e+00
  3.37962207e+00 2.83266519e+00 8.97722524e+00 8.79305575e+00
  5.82436147e+00 3.37491283e-28 4.98118009e+00 1.58134329e+01
  7.77346429e+00 7.37900524e+00 9.62568795e+00 8.08103678e+00
  2.62459516e+01 3.94143468e+01 7.74567536e+01 1.89786384e+01
  2.63687151e+00 2.51185390e+00 3.23060582e+00 2.08047550e+00
  7.56890604e+01 5.09806628e+01 9.76842013e+00]
 [4.66342188e+01 5.92751786e+01 1.80380732e+01 1.62013166e+01
  1.31803749e+01 9.18718874e+00 1.26939725e+01 1.11516451e+01
  1.33738840e+01 1.22318669e+01 8.96667566e+00 9.29598635e+00
  3.79279913e+00 3.08607606e+00 7.08161673e+00 5.44632311e+00
  7.98072998e+00 4.84916365e-30 3.96720009e+00 1.24478900e+01
  1.04951948e+01 9.17477530e+00 8.66240269e+00 7.83330314e+00
  2.05733783e+01 2.56880368e+01 4.77803891e+01 1.92462526e+01
  2.95233491e+00 2.49969748e+00 2.48854603e+00 1.84777390e+00
  1.49054275e+01 3.78182843e+01 1.22081760e+01]
 [1.14000155e+01 1.16311163e+01 1.02342601e+01 1.22910286e+01
  9.63595113e+00 9.69840732e+00 1.31431052e+01 1.12391701e+01
  1.38546864e+01 1.23452302e+01 3.26870653e+00 5.09182924e+00
  3.12395138e+00 3.31340381e+00 7.73365253e+00 6.40466597e+00
  2.82297319e+00 3.35250744e-30 4.89888859e+00 1.28059325e+01
  6.62880043e+00 7.13077574e+00 7.20235196e+00 7.34394144e+00
  7.23230565e+00 9.09257460e+00 9.04742856e+00 4.45950917e+00
  1.47259175e+00 1.59659553e+00 2.38578068e+00 2.07702193e+00
  3.09461146e+00 2.79613863e+00 5.22363613e+00]
 [2.31116272e+02 2.43951577e+02 4.26760087e+01 4.83569025e+01
  3.59135096e+01 2.82589427e+01 3.34042250e+01 2.42684737e+01
  3.41824851e+01 3.12295048e+01 1.83458688e+01 2.67617258e+01
  1.08599174e+01 8.78264528e+00 2.22199265e+01 1.31265192e+01
  1.59040024e+01 2.72409358e-28 1.30109629e+01 3.31260199e+01
  2.49989735e+01 2.07740039e+01 2.49399873e+01 1.68343954e+01
  5.16969257e+01 6.73192389e+01 1.53741642e+02 5.02873657e+01
  6.14965348e+00 6.61101836e+00 9.12910512e+00 5.98795686e+00
  1.09022879e+02 6.14740915e+01 2.10511301e+01]
 [7.86655163e+01 1.73759899e+02 2.12873478e+01 2.43756455e+01
  3.97220374e+01 2.69932304e+01 5.67838916e+01 4.04691747e+01
  4.30557936e+01 3.56910737e+01 1.06764907e+01 1.41878664e+01
  8.52380913e+00 5.45672652e+00 2.67065967e+01 1.82732385e+01
  1.30754331e+01 3.19356445e-28 1.19374516e+01 3.72591786e+01
  1.42742700e+01 1.45157095e+01 3.46710433e+01 2.15295038e+01
  4.38404639e+01 6.51886911e+01 6.49823902e+01 2.44359619e+01
  4.09271831e+00 5.04955066e+00 8.55169273e+00 4.79233431e+00
  3.31930715e+01 2.98399263e+01 6.70597225e+00]
 [2.32920350e+02 5.53712246e+02 1.97553220e+01 5.31668849e+01
  1.30396258e+01 1.37300584e+01 1.52154247e+01 1.63448849e+01
  1.65132374e+01 1.79960883e+01 1.00321790e+01 2.66033901e+01
  3.97947206e+00 4.30516557e+00 8.39426770e+00 8.65068032e+00
  1.85283362e+01 2.91622586e-28 6.59259658e+00 1.75766735e+01
  7.53182165e+00 9.63447563e+00 8.43555097e+00 1.03464171e+01
  6.16917951e+01 1.56252345e+02 3.28878710e+02 7.87580656e+01
  3.72392472e+00 5.05308130e+00 3.64641254e+00 2.99932388e+00
  9.93530205e+01 1.28811206e+02 1.07675479e+01]]