[[2.24100691e+00 2.16558350e+00 1.74275198e+00 1.56464886e+00
  2.69225361e+00 1.43956287e+00 1.56461528e+00 1.33815928e+00
  1.56307816e+00 1.43273146e+00 1.03608279e+00 1.20799732e+00
  4.44670180e+00 6.13824023e-01 1.07310602e+00 8.32424913e-01
  6.42459771e-01 4.40901815e-30 6.45509814e-01 1.43048658e+00
  3.14454357e+00 1.49148115e+00 1.57010885e+00 9.55158865e-01
  1.35560187e+00 1.85509149e+00 1.71021084e+00 8.35186278e-01
  4.08302856e-01 4.30788215e-01 4.70684715e-01 2.82323162e-01
  3.64581628e+00 1.54541744e+00 2.03211578e+00]
 [4.08900043e+01 4.77812410e+01 7.47124341e+00 8.61746366e+00
  3.40113674e+00 9.95887329e+00 1.46576148e+00 1.94304681e+00
  2.05910540e+00 3.86620528e+00 1.23484743e+01 1.46956206e+01
  1.36765309e+00 1.84576924e+00 8.87894504e-01 8.47660691e-01
  2.82294134e+00 6.65706942e-30 5.75730653e-01 3.09978426e+00
  7.43781302e+00 7.50846894e+00 1.11883096e+00 1.04268626e+00
  3.50623981e+01 2.72210385e+01 4.46358291e+01 2.25211853e+01
  1.46971832e+00 1.55893408e+00 4.17660600e-01 3.20697067e-01
  3.17154293e+01 3.36874603e+01 1.97973750e+00]
 [4.83804959e+00 1.18541778e+01 3.51613733e+00 2.76887176e+01
  2.70865987e+00 1.84654352e+00 1.51391754e+00 1.96418024e+00
  1.96821612e+00 2.26294552e+00 1.70489683e+00 5.11215763e+00
  8.22457804e-01 1.07893154e+00 1.12377856e+00 1.15428804e+00
  9.95530886e-01 5.41433327e-30 7.43346989e-01 2.07793720e+00
  2.01138370e+00 2.70244391e+01 1.49027417e+00 1.42813617e+00
  6.73177595e+00 2.38217878e+01 5.54542186e+00 4.42345208e+00
  3.67741877e-01 6.25955326e-01 4.49941877e-01 4.23259251e-01
  3.94138496e+00 1.81490607e+01 1.28779849e+00]
 [1.68532234e+02 5.65616750e+01 1.67575307e+01 8.60258516e+00
  1.65756569e+01 3.53717241e+01 5.04655200e+00 3.49764014e+00
  8.31207500e+00 4.68973754e+00 1.48614309e+01 2.35059400e+01
  1.10185945e+00 1.12729391e+00 1.74968292e+00 1.71693712e+00
  6.18647200e+00 5.88147071e-30 1.16665023e+00 5.92974586e+00
  5.20910745e+00 1.02525647e+01 5.51903186e+00 7.41675644e+00
  8.93716570e+01 4.57185226e+01 5.75187363e+01 4.39882484e+01
  2.44958511e+00 2.21943755e+00 5.19645572e-01 5.40677046e-01
  1.18571467e+02 4.52412114e+01 1.57423227e+00]
 [2.54091325e+01 5.75327017e+01 1.69901837e+01 8.81467815e+00
  1.50877074e+01 1.25792292e+01 4.32805510e+00 4.14109350e+00
  3.96507346e+00 5.49905049e+00 6.69374503e+00 9.12997012e+00
  2.29707948e+00 1.58632606e+00 1.58887220e+00 1.64652616e+00
  2.73630331e+00 9.24270785e-30 1.00748268e+00 4.44335283e+00
  7.53775736e+00 7.78551898e+00 2.96934293e+00 2.56775867e+00
  2.58394073e+01 3.15106532e+01 3.33418130e+01 9.16202736e+00
  1.04788402e+00 1.31403511e+00 5.86919947e-01 4.77501957e-01
  1.87029954e+01 5.40089798e+01 3.43272548e+00]
 [5.44009855e+00 1.28997136e+01 1.27883918e+01 1.32314856e+01
  3.07747918e+00 1.12689914e+00 8.45826141e-01 7.99519100e-01
  1.26298108e+00 1.10045140e+00 4.60122191e+00 1.35978470e+00
  8.36391444e-01 3.74649849e-01 5.51274651e-01 4.86467588e-01
  5.50741419e-01 1.16636712e-29 3.15057187e-01 1.26514588e+00
  7.40544158e+00 1.31937833e+00 1.04119390e+00 5.45386725e-01
  1.37662450e+01 2.61297504e+00 2.50532838e+00 1.12644367e+00
  4.47117400e-01 2.58962698e-01 3.26109096e-01 2.19247524e-01
  1.97696221e+01 2.14654614e+01 1.52184211e+00]
 [4.40840430e+00 4.79317809e+00 4.05122005e+00 3.04365672e+00
  3.57776535e+00 3.13293724e+00 3.06278514e+00 2.31572251e+00
  4.60532071e+00 3.40007227e+00 1.39842442e+00 1.36701612e+00
  1.26297103e+00 1.06214496e+00 1.52270655e+00 1.36411335e+00
  1.03151397e+00 1.05733454e-29 1.10241555e+00 3.87747707e+00
  2.12945699e+00 1.47002536e+00 1.69369090e+00 1.59704874e+00
  3.27419954e+00 2.86924178e+00 4.73523571e+00 1.80500056e+00
  7.34355226e-01 6.22463786e-01 7.14245479e-01 5.86166973e-01
  1.21892311e+01 6.09356210e+00 3.85958317e+00]
 [1.50545175e+01 1.52676967e+01 5.78120886e+00 1.98155453e+00
  4.89787512e+00 3.14808406e+00 3.17794181e+00 3.48809062e+00
  8.13978616e+00 2.11401954e+00 3.49450172e+00 5.02250988e+00
  5.85668949e-01 7.40424858e-01 9.47916318e-01 9.02243784e-01
  1.45289953e+00 8.97147974e-30 6.22791489e-01 4.69906935e+00
  2.69687303e+00 4.03216129e+00 9.94612230e-01 2.27455305e+00
  1.13883299e+01 1.06887348e+01 1.26351458e+01 6.68538031e+00
  4.49994388e-01 4.47134059e-01 3.35058524e-01 3.18996620e-01
  1.71038744e+01 1.38001262e+01 7.99834580e+00]
 [5.70891263e+01 5.44720530e+01 7.59926099e+00 4.82820403e+00
  2.33452287e+00 7.19995136e-01 1.41257459e+00 1.38028490e+00
  2.16904461e+00 2.04364298e+00 2.68889122e+00 2.05915473e+00
  1.23347299e+00 3.26446284e-01 6.74143600e-01 7.11725014e-01
  2.47715555e+00 2.52348021e-30 5.27197463e-01 1.94260675e+00
  5.35087938e+00 1.03720023e+00 9.67340246e-01 6.14923447e-01
  1.46603909e+01 1.11382606e+01 4.50102839e+01 9.83740536e+00
  6.17607342e-01 4.39878327e-01 2.78440338e-01 2.82279146e-01
  3.50579492e+01 1.70974813e+01 1.86198756e+00]
 [2.03081900e+01 2.97406262e+00 5.08204986e+00 5.73943486e+00
  1.23012491e+00 9.94812768e-01 1.37179754e+00 1.48263366e+00
  2.66622743e+00 1.59091372e+00 2.37090159e+00 1.97796288e+00
  1.13012075e+00 3.93961419e-01 6.37290659e-01 6.03768677e-01
  5.77477452e-01 1.17140093e-29 5.08129879e-01 2.02442221e+00
  5.52152779e+00 1.43574882e+00 8.96661445e-01 8.31417626e-01
  8.02546239e+00 2.21711338e+00 3.56543537e+00 1.46524437e+00
  3.70822141e-01 3.25618084e-01 2.39956499e-01 2.56767104e-01
  1.00868503e+01 1.44998324e+00 7.63160907e+00]
 [1.12962388e+00 2.55839358e+00 1.79851098e+00 1.99797472e+00
  1.42463372e+00 1.71389836e+00 2.16309370e+00 3.88656407e+00
  4.77401529e+00 3.42849236e+00 9.82794353e-01 1.21691741e+00
  5.59225649e-01 6.13063711e-01 1.04755318e+00 8.97052665e-01
  5.85382159e-01 5.12430654e-30 5.65990206e-01 3.55158394e+00
  1.16920637e+00 1.18736021e+00 1.02110916e+00 9.08745607e-01
  1.27931483e+00 1.74081041e+00 2.60568610e+00 8.54445707e-01
  3.22739281e-01 3.69717286e-01 3.93494458e-01 4.09483473e-01
  3.26507726e+00 1.40911440e+00 8.11678014e-01]
 [1.03143873e+01 8.57067253e+00 3.52293561e+00 3.49549603e+00
  7.12874596e+00 1.59860977e+01 2.41401371e+00 3.66149142e+00
  2.14414634e+00 2.17173261e+00 1.72182882e+00 2.18631772e+00
  8.40083717e-01 1.99656187e+00 1.09349347e+00 1.35206137e+00
  1.05547724e+00 8.15048023e-30 6.68485245e-01 1.90955053e+00
  4.04749848e+00 7.11618500e+00 1.49657610e+00 6.75150043e+00
  4.23086407e+00 5.57766066e+00 1.18260830e+01 2.32602862e+00
  5.88318248e-01 6.79832483e-01 4.04350283e-01 4.59417170e-01
  1.42574753e+01 6.02768589e+00 4.13099160e+00]
 [5.51986062e+00 5.89125025e+00 3.33441548e+00 2.80551207e+00
  2.86922388e+00 1.89335572e+00 2.56661172e+00 2.69671580e+00
  6.86580653e+00 5.93490082e+00 1.85291440e+00 1.78791431e+00
  1.06127939e+00 8.09021267e-01 1.78441650e+00 1.41141772e+00
  1.16043323e+00 6.48688336e-30 1.04133866e+00 5.94684749e+00
  3.92404778e+00 2.08969014e+00 1.64387538e+00 1.59871250e+00
  3.21737269e+00 2.54334576e+00 4.61741875e+00 2.05460647e+00
  6.88478564e-01 6.49135501e-01 6.84571718e-01 4.65001696e-01
  4.87838782e+00 3.11395281e+00 8.43397111e+00]
 [6.54938926e+01 1.16986677e+02 7.65576082e+00 1.17790233e+01
  3.08407164e+00 3.25283713e+00 3.19655399e+00 3.82780069e+00
  4.20068235e+00 4.87838972e+00 8.00118272e+00 6.70324184e+00
  1.14916080e+00 1.58801914e+00 2.26257284e+00 2.35747940e+00
  5.12069239e+00 2.12302273e-29 1.68561558e+00 4.53344186e+00
  3.67480516e+00 2.92432168e+00 2.05511519e+00 3.10237403e+00
  2.41618475e+01 3.37954133e+01 6.20623864e+01 1.35020728e+01
  1.71383770e+00 1.65300694e+00 7.40928658e-01 9.62239967e-01
  8.90952150e+01 7.56012818e+01 2.78087024e+00]
 [1.71341940e+01 2.25589673e+01 2.09864784e+00 2.96180108e+00
  1.38336581e+00 1.12829280e+00 1.53101363e+00 1.60536735e+00
  1.99013985e+00 2.14167854e+00 1.09124526e+00 1.94332587e+00
  5.02693830e-01 4.50357110e-01 1.07314219e+00 7.84757152e-01
  1.24292423e+00 8.42509847e-29 5.13331404e-01 1.78577513e+00
  8.42604946e-01 9.51025653e-01 1.06782257e+00 9.02256854e-01
  5.11121616e+00 1.18544437e+01 1.76116990e+01 4.66625794e+00
  4.34923115e-01 5.33813008e-01 4.67382714e-01 2.62800454e-01
  1.72687445e+01 1.45194026e+01 3.95546347e+00]
 [1.20829084e+01 1.54110437e+01 1.17325867e+01 3.37616632e+00
  2.99212762e+00 2.51647770e+00 2.10458210e+00 1.61873288e+00
  1.67703494e+00 1.67642147e+00 4.54825006e+00 2.71917957e+00
  9.11370527e-01 9.00911350e-01 1.08501262e+00 1.09829862e+00
  1.72681219e+00 9.40688149e-31 8.00753452e-01 1.67825857e+00
  2.35804965e+00 2.29779186e+00 1.68225587e+00 1.59083577e+00
  5.83489739e+00 6.93914017e+00 1.25953190e+01 4.49857630e+00
  9.06579453e-01 7.58831748e-01 6.52327022e-01 6.43309296e-01
  4.00727854e+00 1.06369028e+01 7.66595271e+00]
 [5.21767504e+00 5.41024774e+00 3.89697155e+00 4.45618862e+00
  7.98503045e+00 5.27522755e+00 2.02020789e+00 2.42609438e+00
  4.87630829e+00 5.49937465e+00 2.97998308e+00 4.49673464e+00
  1.82695266e+00 1.32836507e+00 9.85377765e-01 1.10926602e+00
  5.83445095e-01 2.10769078e-30 5.29212925e-01 5.66611346e+00
  6.04041345e+00 3.38312322e+00 2.21656273e+00 5.32999267e+00
  2.24366411e+01 1.16532288e+01 7.49576375e+00 1.67100363e+00
  4.83964722e-01 3.48589100e-01 3.78546634e-01 3.19880090e-01
  7.42255357e+00 2.86206341e+00 5.56370177e+00]
 [6.63124225e+01 6.79962637e+01 5.67638806e+00 7.71848644e+00
  1.05688464e+01 1.32258300e+01 4.40684798e+00 6.20940690e+00
  4.95125171e+00 5.26066007e+00 2.53990724e+00 4.73265184e+00
  2.05426234e+00 2.07691476e+00 2.36170839e+00 2.78323575e+00
  2.49338390e+00 3.49306780e-29 1.51984133e+00 5.17395312e+00
  6.20233283e+00 4.34789063e+00 5.12656695e+00 8.44475005e+00
  1.06954114e+01 1.49010696e+01 4.03402867e+01 1.10277648e+01
  9.26824502e-01 1.14210285e+00 1.13104277e+00 1.05737817e+00
  3.61161460e+01 2.87944365e+01 9.15216309e+00]
 [2.89506338e+01 5.20493420e+01 8.03150561e+00 3.82699676e+00
  5.18943251e+00 2.31466083e+00 2.61908109e+00 2.69772080e+00
  1.60444457e+00 1.84956020e+00 2.52751281e+00 5.72772346e+00
  4.61498282e-01 5.40026218e-01 7.49288384e-01 7.82460026e-01
  1.78648382e+00 1.26833993e-29 5.39040447e-01 1.71773715e+00
  5.54132306e+00 2.50090617e+00 8.27342366e-01 9.71926668e-01
  8.82878394e+00 2.48453626e+01 3.25610992e+01 6.55512639e+00
  6.67489719e-01 6.60124723e-01 2.97801471e-01 2.82619035e-01
  1.86295229e+01 2.32255824e+01 3.88154978e+00]
 [3.12599198e+01 5.84606886e+01 5.44104923e+00 7.06872443e+00
  2.05530307e+01 1.05374708e+01 8.73133140e+00 5.28144583e+00
  5.68745335e+00 4.50942996e+00 2.35315618e+00 5.17515556e+00
  1.69881939e+00 2.13406116e+00 2.35257771e+00 1.89108373e+00
  2.98459811e+00 1.15924493e-28 1.24332769e+00 4.80617488e+00
  5.99118274e+00 2.09346224e+01 3.97184114e+00 3.11720284e+00
  8.86826632e+00 1.51396123e+01 3.65088874e+01 8.94919898e+00
  1.03913277e+00 1.75988125e+00 9.27640534e-01 6.21061690e-01
  2.03706762e+01 1.23751232e+01 1.70015501e+01]]