[[1.84978595e+01 1.73190287e+01 2.03445092e+01 2.11728853e+01
  3.16631410e+01 4.49147595e+01 9.84596966e+01 1.75078184e+02
  1.71703568e+02 1.29157211e+02 8.53213897e+00 9.34705932e+00
  1.00524212e+01 7.12727229e+00 5.50053647e+01 5.35829171e+01
  4.98311765e+00 2.21567588e-28 2.54296743e+01 1.26513300e+02
  1.54870759e+01 1.76230318e+01 3.89684041e+01 4.99798595e+01
  1.30548554e+01 1.48714277e+01 1.73816466e+01 9.25997882e+00
  2.81053049e+00 2.42093855e+00 1.19359662e+01 7.10874646e+00
  9.29745583e+00 4.19794197e+00 6.82272580e+00]
 [7.28018197e+01 8.38506391e+01 6.36750355e+00 1.40614604e+01
  1.12197967e+01 7.07368383e+00 1.93318464e+01 1.50667646e+01
  3.11600870e+01 2.09598431e+01 5.89753390e+00 8.62247855e+00
  1.33386878e+01 1.08081805e+01 1.65586823e+01 7.82779405e+00
  5.51794645e+00 1.93898464e-29 5.23048069e+00 2.21161431e+01
  5.64926745e+00 5.66289976e+00 1.91072234e+01 8.34681799e+00
  1.98344423e+01 3.11621227e+01 7.72914464e+01 2.66797194e+01
  2.07530362e+00 2.33837927e+00 7.70734165e+00 3.49417451e+00
  6.57850707e+01 4.23338493e+01 1.16380653e+00]
 [7.12152799e+00 8.26924614e+00 6.58553029e+00 7.59987840e+00
  7.18715271e+00 9.32653131e+00 1.03207535e+01 1.39801430e+01
  1.84140145e+01 1.64084322e+01 3.58709263e+00 3.76862864e+00
  4.15228649e+00 5.67984679e+00 1.27542552e+01 1.35889322e+01
  2.97361162e+00 1.93560122e-29 8.65248959e+00 1.53539024e+01
  4.49473221e+00 6.37510130e+00 9.80183417e+00 1.53844533e+01
  5.93077658e+00 7.86888147e+00 7.02289420e+00 4.96842060e+00
  1.84755250e+00 1.83155490e+00 7.99070697e+00 5.17389488e+00
  3.12911270e+00 5.17077614e+00 1.61266335e+00]
 [9.80650653e+01 9.69883980e+01 4.04201738e+01 4.50042244e+01
  5.03740071e+01 5.77532581e+01 6.65469139e+01 1.07016858e+02
  9.90248143e+01 1.11440764e+02 2.08675910e+01 2.49382116e+01
  7.65756905e+00 1.16600844e+01 3.02619737e+01 4.29329791e+01
  1.66104042e+01 9.52918625e-30 2.28625624e+01 8.91488787e+01
  2.23335297e+01 3.14620620e+01 3.40689300e+01 4.59353497e+01
  5.07119919e+01 4.47993493e+01 7.67398929e+01 4.35475926e+01
  8.10727802e+00 8.23336401e+00 1.02330109e+01 8.40975233e+00
  7.40732425e+01 4.66605440e+01 5.07765966e+00]
 [2.88584097e+01 3.95817205e+01 1.37017815e+01 1.33871272e+01
  1.49446966e+01 1.75692971e+01 2.23538769e+01 2.99783088e+01
  2.45042984e+01 2.26779521e+01 6.73984493e+00 7.55337693e+00
  7.35395325e+00 8.09178184e+00 1.73310727e+01 1.72798186e+01
  6.15518593e+00 2.15451073e-29 9.50645879e+00 2.04451749e+01
  7.37162848e+00 9.06245511e+00 1.49451103e+01 1.48874254e+01
  1.40818169e+01 1.51247380e+01 2.88514138e+01 1.13307978e+01
  2.65711803e+00 2.61547555e+00 7.61626276e+00 5.05099292e+00
  1.25644026e+01 2.87390603e+01 2.56491044e+00]
 [3.52868954e+00 3.55338739e+00 3.99800236e+00 3.94457073e+00
  3.91680865e+00 4.98864439e+00 5.22563594e+00 6.58416006e+00
  6.99029364e+00 5.59191220e+00 2.39294406e+00 1.73240088e+00
  2.91506431e+00 3.55786995e+00 3.29502757e+00 4.13038470e+00
  1.37858496e+00 5.97234194e-30 2.20254224e+00 5.84371791e+00
  3.34750459e+00 3.42469796e+00 3.33427081e+00 5.79611929e+00
  3.07005457e+00 2.67429346e+00 3.50013685e+00 1.76968984e+00
  1.15579999e+00 7.99968983e-01 1.71038764e+00 1.38595798e+00
  2.36629014e+00 1.81468754e+00 2.39133239e+00]
 [3.14416203e+01 3.10035971e+01 1.33366699e+01 2.20678622e+01
  1.50428703e+01 1.88509948e+01 3.51954443e+01 4.37703855e+01
  7.21066108e+01 8.84487046e+01 7.90223609e+00 9.54871255e+00
  6.15945181e+00 7.65302899e+00 2.61551529e+01 3.58700064e+01
  7.28954766e+00 9.09743797e-29 2.83026060e+01 7.59634373e+01
  1.19703620e+01 1.07783613e+01 1.72414105e+01 2.14499330e+01
  2.21584140e+01 1.94944958e+01 3.05473587e+01 1.37917124e+01
  4.13171409e+00 3.77691096e+00 9.89978074e+00 9.98223586e+00
  3.27806852e+01 1.69702482e+01 5.74999554e+00]
 [3.03696633e+01 2.69714599e+01 1.14918064e+01 7.31721188e+00
  7.38476312e+00 7.81431720e+00 1.03352481e+01 1.60270680e+01
  1.71872193e+01 1.70162494e+01 5.53472472e+00 5.33210916e+00
  3.52161752e+00 3.88050909e+00 8.02204184e+00 1.25431967e+01
  4.08983672e+00 4.61784027e-29 5.96708075e+00 1.71791512e+01
  5.51671898e+00 5.06087740e+00 6.68957831e+00 8.13798102e+00
  1.61417809e+01 1.07031206e+01 2.47843881e+01 1.03517971e+01
  1.97195497e+00 1.71158684e+00 3.77837930e+00 3.66478224e+00
  3.98167666e+01 2.45758615e+01 7.41527691e+00]
 [1.43089532e+02 1.31034132e+02 1.67830826e+01 1.70748743e+01
  1.24573127e+01 1.22417910e+01 1.97463269e+01 3.47201432e+01
  2.92109758e+01 3.58308931e+01 1.13889044e+01 1.03955144e+01
  4.28160778e+00 3.38782700e+00 1.09519554e+01 1.60358004e+01
  1.01339869e+01 4.15505944e-29 1.16235736e+01 2.70152039e+01
  9.34865909e+00 7.03555558e+00 9.12579892e+00 1.19048987e+01
  3.18027357e+01 3.18546855e+01 1.09821736e+02 2.86975725e+01
  3.42434547e+00 2.71428864e+00 4.00008689e+00 4.93867080e+00
  7.39102986e+01 7.79677708e+01 4.74784239e+00]
 [1.08055726e+01 9.04803062e+00 5.74637516e+00 6.25472217e+00
  5.14132499e+00 4.72125498e+00 1.16454640e+01 1.58430959e+01
  2.49835638e+01 2.38855036e+01 2.38391648e+00 1.00069861e+01
  1.98411038e+00 1.83898490e+00 1.06113979e+01 1.12096897e+01
  1.99627985e+00 2.41872570e-29 1.02068106e+01 2.27932883e+01
  4.72120099e+00 4.19511539e+00 6.16481318e+00 6.24494645e+00
  5.41678755e+00 7.81703972e+00 8.32803746e+00 3.63538111e+00
  1.03189213e+00 1.18221671e+00 2.88347135e+00 2.50897193e+00
  3.32197072e+00 1.41156005e+00 6.07002850e+00]
 [1.13746587e+01 1.37726601e+01 1.72169810e+01 1.69581695e+01
  2.75754756e+01 2.33923790e+01 3.64525679e+01 3.21383964e+01
  2.36569057e+01 2.41384615e+01 5.67846001e+00 6.54554594e+00
  9.21254379e+00 7.42376716e+00 1.31366187e+01 1.40710285e+01
  3.92801558e+00 7.67243604e-29 7.68290307e+00 2.14910906e+01
  1.20230169e+01 1.19307091e+01 1.80680378e+01 1.61896441e+01
  7.73703095e+00 1.08155057e+01 1.19124916e+01 6.45834976e+00
  2.47798797e+00 2.58318064e+00 4.67222962e+00 3.91929261e+00
  6.17527742e+00 4.04122399e+00 3.28698308e+00]
 [7.86511776e+00 7.92128222e+00 8.37329211e+00 7.97659977e+00
  7.49697328e+00 9.11662139e+00 7.85190519e+00 8.83287174e+00
  1.25234894e+01 1.30186974e+01 4.08008461e+00 3.70885315e+00
  2.47540224e+00 3.43552854e+00 5.05188159e+00 6.12510101e+00
  3.54812419e+00 2.99604638e-29 3.40168473e+00 1.16044863e+01
  6.57582156e+00 6.25881244e+00 5.47067503e+00 6.81327120e+00
  5.37288148e+00 4.90130963e+00 8.37498299e+00 4.64529681e+00
  2.24818233e+00 2.01058133e+00 1.86325356e+00 2.03566187e+00
  9.02842449e+00 5.74625484e+00 3.35031061e+00]
 [1.94964429e+01 1.88865593e+01 1.10564652e+01 1.04476972e+01
  1.28340347e+01 1.04280892e+01 1.54395027e+01 1.35835840e+01
  1.81410593e+01 1.53531364e+01 7.62675766e+00 6.84479730e+00
  4.98549672e+00 5.09910049e+00 1.02006967e+01 8.12058864e+00
  5.02366429e+00 1.82464403e-29 5.29793991e+00 1.55128200e+01
  7.93613316e+00 8.05414745e+00 1.03518267e+01 9.64610231e+00
  1.16599087e+01 9.53885339e+00 1.59435115e+01 8.31174432e+00
  3.09654556e+00 2.82266790e+00 3.71987085e+00 2.36886157e+00
  1.09044323e+01 6.87816717e+00 1.21242350e+01]
 [7.86531666e+01 8.55610682e+01 3.89430030e+01 4.25685651e+01
  5.04550316e+01 5.13576056e+01 1.16238028e+02 1.21647128e+02
  9.88449999e+01 1.17418605e+02 2.69255713e+01 2.93738615e+01
  2.13788353e+01 1.87494679e+01 8.02039750e+01 5.68529608e+01
  2.54815522e+01 7.75264719e-29 3.97712805e+01 8.07582664e+01
  2.87471626e+01 3.01204773e+01 6.55261205e+01 5.21262991e+01
  4.24667649e+01 4.79669480e+01 7.20037249e+01 3.98228968e+01
  1.16141226e+01 1.25478777e+01 2.64712371e+01 1.98497822e+01
  5.72104913e+01 3.45612877e+01 4.10940608e+00]
 [7.77950970e+01 1.02884666e+02 2.43203966e+01 2.74252179e+01
  2.71904129e+01 2.18513209e+01 8.61866896e+01 1.01842230e+02
  1.34093492e+02 1.37430302e+02 1.31373692e+01 1.56040712e+01
  1.52725834e+01 8.95569717e+00 7.14314775e+01 6.95441198e+01
  1.56257773e+01 8.12385192e-28 4.10228294e+01 1.08854728e+02
  1.42168146e+01 1.29054430e+01 4.24454958e+01 3.48033350e+01
  3.50128447e+01 5.90046987e+01 8.05551015e+01 3.13050778e+01
  6.36518615e+00 6.44893623e+00 2.67770943e+01 1.43378184e+01
  4.77724694e+01 4.31766392e+01 1.60537095e+01]
 [3.49134902e+01 3.86285903e+01 8.58465221e+00 8.05023191e+00
  5.94949326e+00 6.54509481e+00 1.21501926e+01 1.54385305e+01
  3.80980127e+01 2.85860015e+01 5.38223609e+00 5.39255296e+00
  1.82831281e+00 2.19340882e+00 7.78969310e+00 8.24406733e+00
  4.93659362e+00 5.32270628e-30 4.78960614e+00 2.88119218e+01
  4.44413192e+00 4.96454308e+00 5.63255970e+00 6.67490103e+00
  1.43480837e+01 1.68982358e+01 3.33206089e+01 1.28285126e+01
  1.84334513e+00 1.38886641e+00 2.11021388e+00 2.24805440e+00
  1.94023999e+01 2.68164317e+01 1.17960789e+01]
 [1.57718030e+01 1.31727884e+01 1.17289178e+01 1.14873774e+01
  1.50860706e+01 1.38856664e+01 2.78299563e+01 2.58580717e+01
  4.67547104e+01 4.06277486e+01 3.56204917e+00 4.50028266e+00
  5.17956367e+00 5.24521269e+00 2.05024727e+01 1.70447531e+01
  2.72928109e+00 6.54570792e-30 1.10383161e+01 4.47030536e+01
  7.76479343e+00 7.53505397e+00 1.58786799e+01 1.37569472e+01
  9.86426001e+00 8.44892480e+00 1.26622204e+01 4.97005820e+00
  1.56594010e+00 1.55238791e+00 6.51990414e+00 4.82865483e+00
  2.93249829e+00 2.05008198e+00 6.03261374e+00]
 [1.40448855e+02 1.49296311e+02 2.20135185e+01 2.56500987e+01
  2.89718122e+01 2.75145114e+01 4.06390970e+01 4.45334289e+01
  4.95641275e+01 5.34365189e+01 1.08516567e+01 1.76286337e+01
  1.33698263e+01 1.34789421e+01 3.72361174e+01 3.22728710e+01
  1.31608002e+01 3.57076506e-28 2.56234744e+01 4.42292143e+01
  1.41031815e+01 1.45253449e+01 3.32583023e+01 2.89965755e+01
  3.11283091e+01 4.28025332e+01 9.53763252e+01 3.39255236e+01
  5.20427475e+00 5.86243670e+00 1.91592774e+01 1.55283004e+01
  7.13903355e+01 4.39762816e+01 1.63998599e+01]
 [6.46576377e+01 6.62674971e+01 2.34284745e+01 1.78376690e+01
  4.18515359e+01 2.70882618e+01 5.50032181e+01 4.70747367e+01
  4.60922885e+01 4.00485667e+01 1.10579238e+01 1.03565130e+01
  7.67974231e+00 3.45359060e+00 2.56125598e+01 2.08283041e+01
  8.13051003e+00 3.16884393e-28 1.71043346e+01 4.11999625e+01
  1.67411659e+01 1.00759318e+01 3.58171189e+01 2.17107110e+01
  2.46948052e+01 2.87018444e+01 5.21612638e+01 1.85839281e+01
  3.65013994e+00 3.30145048e+00 8.36668817e+00 5.72805912e+00
  2.18295277e+01 1.91747437e+01 3.88265409e+00]
 [1.18909710e+02 2.56798785e+02 1.57708596e+01 2.79708071e+01
  2.63498435e+01 1.61480703e+01 3.05202489e+01 2.55408207e+01
  3.90603474e+01 3.94022004e+01 6.85327022e+00 1.22474963e+01
  9.04632089e+00 1.44992953e+01 2.49929329e+01 1.89192742e+01
  9.15511498e+00 3.92924877e-28 1.30730738e+01 3.84079967e+01
  1.03046053e+01 8.74039625e+00 2.45893588e+01 1.83464236e+01
  3.10027815e+01 7.12623007e+01 1.57933361e+02 3.77173656e+01
  2.59823773e+00 2.59347104e+00 9.26594026e+00 7.77486065e+00
  4.93477730e+01 5.45086055e+01 1.22473387e+01]]