[[6.31460303e+00 6.68147638e+00 5.96177074e+00 5.99300676e+00
  7.44282275e+00 7.70789925e+00 9.47754654e+00 1.15606647e+01
  1.30584408e+01 1.06628183e+01 3.28174258e+00 3.72755220e+00
  5.56607051e+00 2.37657014e+00 7.21079486e+00 6.76999401e+00
  2.22506161e+00 2.18435353e-29 4.83152794e+00 1.07842240e+01
  6.40767244e+00 4.93701785e+00 6.59529337e+00 6.48254070e+00
  4.82139528e+00 5.85175001e+00 5.57289839e+00 3.05230820e+00
  1.33174189e+00 1.28761714e+00 2.48039767e+00 1.72303534e+00
  8.62011894e+00 3.08165950e+00 4.50855945e+00]
 [6.29971749e+01 7.31682012e+01 1.27676175e+01 1.64823059e+01
  6.78794208e+00 1.32086564e+01 5.94532168e+00 6.54254787e+00
  7.75071231e+00 9.07116944e+00 1.82194966e+01 2.55361709e+01
  2.77497946e+00 3.36679011e+00 3.97295195e+00 3.45066034e+00
  5.57499902e+00 1.46789798e-29 2.30378849e+00 8.22755166e+00
  1.01706177e+01 1.38615718e+01 4.32685948e+00 3.59881818e+00
  5.03321565e+01 3.93478628e+01 6.78901314e+01 3.34545837e+01
  3.10896901e+00 3.25950160e+00 1.60867038e+00 1.20407202e+00
  5.09798205e+01 5.16300227e+01 3.16483364e+00]
 [1.33651148e+01 2.80966781e+01 1.08700803e+01 5.95389808e+01
  1.05564717e+01 1.10152824e+01 1.10424061e+01 1.24139762e+01
  1.32228389e+01 1.30995355e+01 5.99822883e+00 1.16446969e+01
  4.44849950e+00 5.43671646e+00 8.75252803e+00 8.93595358e+00
  3.26065798e+00 2.70933068e-29 6.42039109e+00 1.26179695e+01
  7.41267169e+00 5.84384384e+01 8.68855869e+00 1.01106363e+01
  1.63301575e+01 5.63708272e+01 1.55615526e+01 1.01585739e+01
  2.51394422e+00 2.90957135e+00 3.89142393e+00 3.27609231e+00
  8.84167261e+00 3.62474659e+01 2.85626280e+00]
 [2.29779054e+02 9.83676671e+01 3.08388263e+01 2.18524991e+01
  3.02019256e+01 4.59971514e+01 1.98594274e+01 2.24170019e+01
  2.84861364e+01 2.47774311e+01 2.88640081e+01 3.00159447e+01
  3.75598068e+00 4.23889927e+00 8.94612087e+00 1.07479043e+01
  1.22473050e+01 9.10773411e-30 5.86145595e+00 2.25598932e+01
  1.17048811e+01 1.81676336e+01 1.36116446e+01 1.65875227e+01
  1.43597804e+02 5.50286565e+01 8.70452892e+01 6.73274811e+01
  6.01579259e+00 4.69799363e+00 2.65653411e+00 2.77272862e+00
  1.47268017e+02 5.87690433e+01 3.57516013e+00]
 [5.10805411e+01 1.11411179e+02 3.14603397e+01 2.15015920e+01
  2.46547998e+01 2.49780854e+01 1.67981482e+01 2.13610902e+01
  1.79726152e+01 2.02456488e+01 1.31832168e+01 1.67791040e+01
  5.43791748e+00 5.19644954e+00 9.08963273e+00 1.13679990e+01
  6.50578562e+00 2.42391086e-29 5.90713127e+00 1.72555231e+01
  1.44126271e+01 1.38630080e+01 1.04125905e+01 1.09474510e+01
  4.44097584e+01 5.59327187e+01 6.52733478e+01 1.79309206e+01
  2.74428104e+00 3.37726457e+00 3.16197660e+00 2.83764339e+00
  3.53683274e+01 9.48921114e+01 5.39712704e+00]
 [5.63343110e+00 1.02299883e+01 9.03233376e+00 1.26603061e+01
  4.54463057e+00 2.84426087e+00 3.03428890e+00 3.32956556e+00
  3.99255126e+00 3.57533251e+00 4.24028772e+00 2.13427824e+00
  1.60291606e+00 1.19385112e+00 2.03688213e+00 1.97093866e+00
  1.04802791e+00 8.68662333e-30 1.31641001e+00 3.77401568e+00
  7.15059212e+00 2.33824167e+00 2.28613709e+00 2.13500940e+00
  1.14587321e+01 3.68863780e+00 3.96928168e+00 1.69264272e+00
  9.77435456e-01 7.21823901e-01 1.12875019e+00 7.34429724e-01
  1.03733494e+01 1.47607632e+01 3.21958427e+00]
 [2.01174617e+01 1.92270355e+01 1.38010507e+01 1.35206355e+01
  1.53294265e+01 1.43530315e+01 1.73353516e+01 1.56542544e+01
  2.23893696e+01 2.21029728e+01 8.77438759e+00 8.17246981e+00
  6.38694211e+00 6.33013011e+00 1.24571005e+01 1.16074948e+01
  6.09038714e+00 5.27226364e-29 9.53746557e+00 2.15313289e+01
  1.33840742e+01 8.87078831e+00 1.17298872e+01 1.13596859e+01
  1.70076563e+01 1.30533835e+01 1.92294270e+01 9.35766393e+00
  5.51996591e+00 4.64149595e+00 5.28086174e+00 4.51483598e+00
  3.49344208e+01 1.74454619e+01 6.58886643e+00]
 [2.87570601e+01 2.67253208e+01 1.07612527e+01 4.48772390e+00
  8.70735116e+00 7.28047555e+00 7.93775473e+00 1.04219558e+01
  1.38146178e+01 7.28387275e+00 6.40135139e+00 7.67597003e+00
  2.15758603e+00 2.14196870e+00 3.93951313e+00 4.71764352e+00
  2.87582919e+00 2.48376996e-29 2.71377795e+00 9.98408448e+00
  4.67546921e+00 5.13179734e+00 3.51320387e+00 5.65993239e+00
  1.97243429e+01 1.81821423e+01 2.30789132e+01 1.09007786e+01
  1.24284305e+00 1.10495839e+00 1.43678974e+00 1.48617332e+00
  2.97483356e+01 2.78615917e+01 1.41092008e+01]
 [1.19060702e+02 1.11414897e+02 1.39998060e+01 1.40311357e+01
  6.81026764e+00 4.42240228e+00 7.81645697e+00 7.41325988e+00
  1.03580116e+01 1.07707635e+01 6.55088834e+00 6.94631380e+00
  2.98092580e+00 1.81428584e+00 4.56829624e+00 4.21824223e+00
  5.95920646e+00 1.23191037e-29 3.29212763e+00 1.03579850e+01
  8.51634394e+00 5.05658778e+00 4.74293191e+00 3.74636119e+00
  2.87246671e+01 2.55832691e+01 9.11846304e+01 2.07260442e+01
  1.88700511e+00 1.83000905e+00 1.75679114e+00 1.47001054e+00
  6.60086506e+01 3.48739944e+01 4.22071635e+00]
 [3.21581199e+01 8.62382224e+00 1.06069116e+01 8.48820186e+00
  3.99729939e+00 3.61426419e+00 5.39941891e+00 6.00885351e+00
  7.39747896e+00 6.25796632e+00 4.14249326e+00 7.78545277e+00
  2.17823990e+00 1.72356407e+00 3.13317060e+00 2.95495455e+00
  1.46576113e+00 2.83307493e-29 2.30714562e+00 7.36451680e+00
  7.26579132e+00 4.24617234e+00 3.78889639e+00 3.53929578e+00
  1.29772952e+01 7.07550316e+00 8.78104982e+00 3.65097278e+00
  1.12020022e+00 1.34539267e+00 1.26366197e+00 1.11281754e+00
  1.61922425e+01 3.17560918e+00 1.24766584e+01]
 [4.77742265e+00 9.09709704e+00 7.96932249e+00 8.65723721e+00
  8.97214477e+00 8.51041970e+00 1.03450648e+01 1.19202233e+01
  1.25897362e+01 1.18221600e+01 4.63564439e+00 5.64219873e+00
  6.09312842e+00 4.73888439e+00 6.79100414e+00 6.83717843e+00
  3.04733494e+00 3.19182718e-29 4.41087557e+00 1.13368567e+01
  6.12355342e+00 6.14013584e+00 7.25088418e+00 7.14837690e+00
  4.88278957e+00 7.12142956e+00 8.03014986e+00 4.15926639e+00
  2.08257854e+00 2.07667648e+00 3.05501680e+00 2.93500346e+00
  6.45308878e+00 3.82360224e+00 2.58044222e+00]
 [1.43884734e+01 1.30652779e+01 8.79404229e+00 8.08094686e+00
  1.44224538e+01 2.23445119e+01 8.94019375e+00 1.02596517e+01
  1.13729127e+01 1.15334222e+01 5.06020771e+00 4.93563410e+00
  3.14771102e+00 4.43691411e+00 5.95244684e+00 6.83989479e+00
  3.39081771e+00 2.94162038e-29 4.19575871e+00 1.02299774e+01
  7.97642627e+00 8.93487933e+00 6.19106147e+00 1.16530563e+01
  8.04788398e+00 9.01244962e+00 1.55268201e+01 5.25339648e+00
  2.44473332e+00 2.21359205e+00 2.39939828e+00 2.24587417e+00
  1.80870170e+01 8.63710888e+00 7.39658026e+00]
 [2.96765991e+01 2.73233146e+01 2.10316836e+01 1.76012558e+01
  1.71628105e+01 1.43801262e+01 1.84661885e+01 1.76829111e+01
  2.46722520e+01 2.17034818e+01 1.31553754e+01 1.07357554e+01
  7.49566041e+00 5.58833822e+00 1.25078037e+01 9.86853002e+00
  8.04321392e+00 2.56516093e-29 7.52139627e+00 2.21011557e+01
  1.53224097e+01 1.18656041e+01 1.30779193e+01 1.15556580e+01
  1.91041649e+01 1.46698447e+01 2.33300440e+01 1.25737303e+01
  4.92110787e+00 4.07505068e+00 5.26799546e+00 3.25275184e+00
  2.07011765e+01 1.25377202e+01 1.87628458e+01]
 [1.14648052e+02 1.88161422e+02 2.74682628e+01 3.55253343e+01
  2.36477837e+01 2.55834083e+01 3.11701674e+01 3.34444530e+01
  3.21671004e+01 3.50397525e+01 2.20481017e+01 2.16632311e+01
  7.97671351e+00 1.00721255e+01 2.01760509e+01 1.88110900e+01
  1.50070375e+01 5.97369265e-29 1.38092254e+01 2.96372914e+01
  1.64155093e+01 1.79997596e+01 1.91932339e+01 2.15211496e+01
  5.09360256e+01 6.86293700e+01 1.10738562e+02 3.11151653e+01
  7.27761983e+00 7.42107320e+00 7.43457053e+00 6.48183070e+00
  1.49066016e+02 1.16478591e+02 5.83776330e+00]
 [5.17081325e+01 7.28486484e+01 9.53979489e+00 1.13509581e+01
  8.69877294e+00 6.73934598e+00 1.35473867e+01 1.36574352e+01
  1.85113588e+01 1.92965255e+01 5.45906449e+00 6.98513673e+00
  3.35400684e+00 2.65734432e+00 9.09128243e+00 7.84868500e+00
  5.28653347e+00 3.00256129e-28 4.69532241e+00 1.67444853e+01
  5.12169626e+00 4.77845138e+00 8.18052209e+00 6.49579879e+00
  1.81318592e+01 3.83123454e+01 5.39652955e+01 1.58837781e+01
  2.39725375e+00 2.34720758e+00 3.54339891e+00 2.10774973e+00
  4.94985105e+01 4.36277373e+01 1.29388538e+01]
 [2.58263014e+01 3.19223754e+01 1.38473078e+01 7.09683092e+00
  5.89738129e+00 4.88815376e+00 6.01272557e+00 6.24056041e+00
  9.69612318e+00 8.92223855e+00 6.80839729e+00 5.30897876e+00
  1.82613855e+00 1.88231991e+00 3.63623312e+00 3.56260818e+00
  3.88458225e+00 2.78772571e-30 2.33252802e+00 8.51518085e+00
  4.88521959e+00 5.05029626e+00 4.08296191e+00 4.40822183e+00
  1.16832896e+01 1.51797998e+01 2.68089969e+01 1.02055517e+01
  1.84834020e+00 1.58317522e+00 1.54417948e+00 1.44779146e+00
  1.00311426e+01 2.38003359e+01 1.38085889e+01]
 [1.07542231e+01 1.15674114e+01 8.68976470e+00 8.50825391e+00
  1.75818007e+01 1.54396043e+01 9.95007839e+00 1.07505782e+01
  1.35813086e+01 1.47469576e+01 7.08199183e+00 7.30983742e+00
  4.17050272e+00 5.38288250e+00 7.64213636e+00 7.50454055e+00
  1.62791067e+00 5.08127716e-30 3.64954602e+00 1.45151923e+01
  1.02798642e+01 8.42512876e+00 8.37148070e+00 1.39863380e+01
  5.36384948e+01 1.90040240e+01 1.35486901e+01 3.75356366e+00
  1.34707941e+00 1.20462546e+00 3.05687870e+00 2.32424208e+00
  1.17019554e+01 4.50819094e+00 9.38989200e+00]
 [1.33333684e+02 1.40310225e+02 1.57877969e+01 2.04893540e+01
  2.18138823e+01 2.17908399e+01 1.80266429e+01 1.85266031e+01
  2.47402402e+01 2.84155237e+01 7.10959242e+00 1.42560410e+01
  5.87294435e+00 5.27918977e+00 1.32425393e+01 1.12535292e+01
  7.36334998e+00 1.38465804e-28 8.26033364e+00 2.48513448e+01
  1.11212982e+01 9.98643474e+00 1.42151497e+01 1.41046438e+01
  2.55894091e+01 3.61184367e+01 8.43888754e+01 2.64362389e+01
  2.86199796e+00 3.91585477e+00 5.79355305e+00 4.31110607e+00
  7.29456036e+01 4.94804996e+01 2.00538597e+01]
 [5.10492246e+01 7.37622685e+01 1.41187316e+01 1.10154310e+01
  1.12645057e+01 7.57451349e+00 1.00457351e+01 9.30397011e+00
  9.40142846e+00 9.23081653e+00 6.52570381e+00 1.12625624e+01
  1.98933714e+00 2.18310990e+00 4.91548901e+00 4.61320936e+00
  4.89336088e+00 7.21220129e-29 3.46712917e+00 8.70411341e+00
  8.85336702e+00 6.67990273e+00 5.12183951e+00 4.76156722e+00
  1.69349236e+01 3.50952044e+01 5.05066685e+01 1.33436145e+01
  2.06555273e+00 1.92436537e+00 1.96739591e+00 1.71684434e+00
  2.54333010e+01 3.16515683e+01 6.33853913e+00]
 [8.92135431e+01 1.79821585e+02 1.40472603e+01 2.17648127e+01
  3.90330966e+01 1.99308477e+01 2.53740490e+01 1.71121924e+01
  1.83712149e+01 2.14007440e+01 6.26912536e+00 1.23487893e+01
  5.00766889e+00 5.86463085e+00 9.13135885e+00 8.84389874e+00
  8.39352323e+00 3.05222566e-28 5.07309351e+00 1.86051348e+01
  1.15169222e+01 2.13866968e+01 1.21847484e+01 1.05740111e+01
  2.49751594e+01 4.99304883e+01 1.11456974e+02 2.85598328e+01
  2.75370658e+00 3.22191955e+00 3.25904081e+00 2.70034538e+00
  4.84331395e+01 3.73743617e+01 3.11119786e+01]]