[[ 0.64946295  0.28897306  0.4056874   0.3175037   2.0030861   0.1901119
   0.80585462  0.44426617  0.53797536  0.67289838  0.61558807  0.84103958
   8.93197021  1.86862613  1.03416381  0.89730234  0.7693358   0.19005711
   1.26103943  0.64973794  0.3480032   0.97316364  1.52648879  0.91577058
   0.18851071  0.20886642  0.46786352  0.46431058  2.2122823   2.53913345
   1.74912512  1.6849522   0.23384519  0.21321675  2.46162949]
 [ 6.64624908  6.9226715   4.25476864  4.32673749  3.09194931  9.77673651
   1.37339769  1.74750804  1.39193122  2.6443019  12.86028887 14.467806
   3.62222382  5.24950139  1.44885388  1.49273271  5.29273582  2.84931452
   1.52277829  2.1922446   7.57631664  8.39392134  1.53870365  1.80942936
  13.88621794 10.11435292  6.9678386   9.91230682  5.6250873   7.48267836
   1.75904625  1.65098016  6.07343837  6.25605435 11.47345098]
 [ 7.26428689 10.05552828  2.26291361 17.44745691  4.9797061   3.90971987
   2.9237117   2.25713619  2.93763213  3.4334972   1.86520828 13.24970885
   4.87110872  6.0052067   3.04328284  3.04667684  5.37856204  4.8606183
   2.70844101  3.25026488  5.82610106 25.03909188  3.95438712  3.3255285
   8.77281987 14.69502845  8.70267113  4.07181516  3.29491796  5.27049077
   2.52301942  3.03808675  2.09996505 12.16251957  6.99689435]
 [16.10038398 10.15368502  3.53884267  1.90909635  9.17565926 14.99130286
   3.41581336  1.63537795  3.90918236  2.17832729 10.6906101  17.85976146
   3.94330813  3.15601107  2.58585041  1.82391716  7.19515061  1.82834523
   2.27254043  3.23635642  4.11824587  6.75329595  6.25177936  6.43866846
  14.43940129 16.61542848  8.94154679 13.69370599  7.01105203  8.2477632
   2.33854721  2.50263052 12.69319062  3.30372155  6.47684104]
 [ 7.26139912  9.28473563  5.78319349  2.91397522 12.80562413  9.883213
   4.5341809   3.58427227  4.11082699  5.10154575  9.94062841 11.57161826
   6.65635662  5.09216744  3.13321801  2.61996733  7.35455992  6.82601682
   3.06400684  4.80339181  7.76057114  7.65178317  5.02117793  3.89008871
  13.35547535 14.77099582  9.40516416  9.33724755  6.16416656  7.65470537
   3.27382266  2.87823317  9.19115087  6.28155051  7.83980445]
 [ 9.98796931 19.73867709 17.82444091 20.48662474  7.62946975  3.54503607
   2.34856187  1.96759156  2.74598773  2.71388195  8.68852141  5.40807988
   5.03603482  2.34601668  2.22501771  1.87268882  3.00505759 10.76008467
   1.80372296  3.10726014 11.79956872  5.05673967  3.84753043  2.02240534
  18.70022317  4.11790963  5.18675008  3.65581151  3.07979889  2.25036905
   2.66343455  1.91621184  8.13479492  5.2414345   6.1576108 ]
 [ 2.29351512  2.33690086  0.66174856  0.57906057  2.12493261  1.88662881
   2.06772836  1.67576875  1.44562026  1.51404787  1.40322173  1.3472539
   2.19268016  2.00446788  1.65710031  1.51123354  2.21394208  2.25972484
   1.55767515  2.05527697  0.40611366  0.93824487  1.5788845   1.61400065
   0.73364313  1.18278435  2.83921451  2.25115773  1.77358441  2.12014235
   2.03096244  1.98980598  1.38889812  0.66443046  2.0316303 ]
 [ 1.64604616  2.03851814  1.7853068   2.27283883  8.85404619  4.58023372
   5.64556094  4.27403911  9.8550166   2.77403151  3.26058586  8.36490099
   2.54889232  3.72251207  2.82212354  1.78920795  2.55481929  2.96012758
   2.05920023  5.98414     4.14365289  9.67495748  3.03761516  5.03767668
   2.52172669  4.68482807  1.81904741  2.69910478  2.12274105  3.33170442
   2.52253813  2.05772177  1.77711049  1.85939563  5.3925908 ]
 [ 4.10656573  4.00809359  6.65582153  3.20889954  3.79964592  1.46433334
   1.6631586   1.26422387  1.47295343  1.58379662  3.80795747  2.59299683
   6.04061453  2.37825805  1.42172523  1.40158983  3.178464    1.54927292
   1.39935095  1.66884415  9.45677417  2.0422635   2.20318731  1.43074447
   5.23372015  3.69086995  4.02632398  3.87753018  3.00926062  2.53759761
   1.69077617  1.68048429  4.53213196  1.51037464  4.07172405]
 [ 3.7632999   0.70384826  2.29920171  0.62192731  0.6669189   0.47726713
   1.34450031  0.10805117  1.44839967  0.23200464  1.97460612  0.05427315
   3.67945763  1.05488435  1.30938059  0.84859141  2.13815308  0.78317066
   0.65458475  0.20767001  0.79495135  0.14093116  0.13886154  0.12424224
   3.57003951  0.06598018  1.12900308  0.99469301  2.94154665  0.2271189
   1.5623176   1.70625766  2.15219948  0.74059311  5.32231804]
 [ 1.60145468  1.91086733  1.40674158  1.96136388  1.19063607  2.24225544
   2.18313131  4.52793341  5.54019185  4.26226654  3.01400729  2.96841822
   1.90345036  2.38019279  2.16785246  2.14184762  2.24525687  1.85251252
   2.18322359  4.57325775  1.80007707  2.190851    1.6564089   1.81768345
   3.13168754  2.14578837  2.79213439  2.07493094  2.3349352   2.82355772
   2.34683994  2.50574007  0.92197485  3.40795567  3.49192308]
 [ 9.12055643  6.56394171  1.74470003  1.39761329  6.59174247 12.8034129
   3.36361308  5.60666735  2.48529852  2.50344645  4.18677415  3.67197626
   3.20658582  7.84379895  2.68693874  3.37513455  2.72422618  2.93502495
   2.80177204  2.48479538  4.6155286   8.28150295  2.50607072  9.81585401
   7.55999012  4.25903131  8.14885295  4.3595463   3.57062994  3.59054445
   2.85375542  3.25642248  2.71257447  5.75307307  9.14388787]
 [ 4.81258166  5.52091544  2.36571608  3.06631844  1.75597238  3.71074019
   3.82858839  4.51868402  8.08519426  8.04179524  3.33945607  4.69141336
   4.15549355  4.28448082  3.93611392  4.3260122   4.09797347  1.9162958
   4.03289136  7.70419398  7.52943268  4.82396658  3.48464334  4.13765319
   1.8288732   4.73969933  4.43730104  3.96656181  3.88772767  4.48828549
   3.90844172  4.54396188  1.84758231  1.55252969  5.56164138]
 [ 6.45438335  9.09395115  1.9455421   2.89753804  1.07931818  1.17175608
   0.89296642  0.99764503  1.27352373  1.30001065  3.71666922  3.10614278
   1.40314706  1.82744144  0.97582649  1.39176815  2.82102792  3.42317754
   1.08023926  1.49657101  1.74071905  1.44738033  0.93453362  1.5337333
   5.6016737   7.03028738  6.88664201  4.08102071  2.19992356  2.14488027
   0.84270524  1.5895043  12.9515829   6.16613981  6.94184626]
 [ 1.34640917  2.41562553  0.64788416  1.26886812  1.53813022  1.3150434
   0.86994894  0.78790665  0.77203576  0.82963487  1.44134218  2.32254855
   1.5825725   1.71205312  0.8726474   0.65983322  1.64091275  1.44236183
   0.68872396  0.82505021  1.22469643  1.38884894  1.21990934  1.16344447
   0.79664023  2.1657207   1.58336306  1.08119637  1.57804512  2.05706883
   1.03118309  0.99502394  1.29585168  1.51811229  3.38095846]
 [ 2.16162514  2.10578526  7.82026934  2.90336976  4.49630657  4.69501888
   3.11988885  2.10045418  1.35353985  1.48443259  5.91560698  3.92108874
   5.37088338  5.34882228  2.62875992  2.67199185  2.76838437  3.18121861
   2.60751166  1.57863154  3.00006146  3.1039792   4.22590578  1.4979047
   2.67347296  2.47044936  2.2518083   2.2222369   4.51763798  4.99110311
   4.26184247  4.76035751  2.20649179  2.07862884  6.25946758]
 [ 5.96553178  6.0038005   5.88941929  5.88924354 10.90822052  8.11988894
   2.55327244  3.02082747  4.38522402  5.35344538 11.69228594 10.48223574
   7.69085998  5.33857114  1.81363774  2.42035564  2.88230285  7.79352488
   1.71228601  5.25031818 13.1645509   7.99177782  4.34596551  9.52568629
  19.93836774 12.42956163 11.07416194  6.15752548  5.01374064  4.30753605
   2.0834997   2.16225972 14.94848654  7.77905334  8.45832939]
 [ 3.35550207  3.2522893   2.94048778  3.02496752  7.23876146  8.65841126
   3.23000597  4.56402465  2.88157105  2.86825462  3.05967448  3.35958533
   4.60232751  5.15171739  2.26346532  3.37565927  2.79985172  2.94430229
   2.19711598  3.07769921  6.57031274  4.39982317  4.96050995  9.24285331
   2.97646698  3.08352074  3.29198005  3.12085936  3.28374811  3.39296745
   2.40388317  2.96900733  3.63673896  4.07115187  6.47891483]
 [ 2.55897304  2.00729159  3.76377379  3.42184703  3.26898194  1.77367518
   1.29023202  1.30248828  0.70185131  0.85223947  2.39498362  5.94849937
   1.65671456  2.53603551  0.73799382  0.81571336  2.18951919  1.12275545
   0.84048871  0.78118004  6.56248833  4.26119092  0.76326708  0.97766347
   1.65847343  4.42789778  3.58099315  2.79973585  2.15747827  2.79019403
   0.90087247  0.8572632   4.12858307  3.0116679   5.6311706 ]
 [ 1.4665938   1.33829834  0.13226146  0.28716958  0.74028999  0.93574614
   3.07817231  0.80526883  1.4718091   1.38685666  1.3942871   1.90267302
   0.86766274  3.97742471  1.7097212   2.24945437  1.01310577  0.46136927
   1.84067865  1.5413532   0.26508671  2.70516276  1.55234119  0.50277805
   1.11220394  1.15946496  1.55787885  0.66933796  1.99665438  3.7504148
   2.70549766  2.22841131  2.42301394  1.13883847 13.17035347]]