[[ 5.36083769  2.31103199  4.73590684  4.29647159 23.55795807  5.93154382
  50.71163617 58.12560301 59.09639788 60.66013069  5.06936609  6.50766914
  20.19202787 21.69710988 53.00926133 57.75905572  5.96720752  9.55099153
  49.67828725 57.46330827  1.71393776 11.49869958 37.8858014  47.91881938
   1.81541507  1.67438739  4.75510868  5.14796072 15.22812486 14.26939234
  44.35559019 42.42619659  0.59634529  0.57917785  8.26479634]
 [11.83318603 12.14850048  3.62620422  7.06011073 10.19983764  6.94431398
  18.11366561 13.55051874 21.06385512 14.33554322  6.14197251  8.48881107
  35.32746195 30.73924804 27.02022698 13.78476596 10.34560384  8.29911292
  13.83435534 15.64108699  5.75446558  6.33070943 26.27774479 14.48468067
   7.85529237 11.57871719 12.06551631 11.74261305  7.94285812 11.22391269
  32.4607358  17.98835532 12.59770341  7.86176397  6.74477157]
 [10.69290868  7.01454287  4.23831175  4.78890185 13.21314225 19.74723274
  19.93167184 16.06527035 27.48356763 24.89600642  3.92438696  9.76754551
  24.59243362 31.61336247 34.53955007 35.86720431 16.06555337 17.37650466
  31.5260006  24.01624532 13.01927825  5.90675524 26.00880263 35.82392134
   7.72896113  4.85410407 11.02133257  4.57346207 16.55382292 15.42153693
  44.80736266 37.13738428  1.6671874   3.46517469  8.76195706]
 [ 9.36844647 17.41089957  8.53590173  9.98739321 27.88515279 24.47708178
  45.04299914 50.03745472 46.57153077 51.76290897 15.01115744 18.94799828
  27.40472406 32.64397592 44.72406765 45.60807529 19.31866179  2.96229346
  44.53442494 48.65597157 17.65656927 20.72385017 38.59217323 39.87760551
   8.19332243 16.28137442 11.9295622  13.55652818 23.20415309 30.59641698
  46.0513479  38.92620002  7.9296125   3.40736775 20.89094162]
 [ 8.24713046  6.38777251  4.66387269  4.42554525 12.68424432 13.80379534
  23.41849147 25.94735444 25.40506053 21.03865212 10.00908964  9.57339326
  21.30990055 25.97492984 34.17646118 27.49580382 16.54373756 15.91170762
  28.91151916 22.10182024  7.58953155  8.90678472 25.27227726 22.55406873
   7.27839291  7.08990196  8.13849814 11.5474949  15.63046847 15.23604242
  42.48329554 30.44581313  6.17448265  3.34251562  5.85785155]
 [ 6.47864052  5.43726537  5.57240957  6.10747294  9.71027631 15.69344029
  14.5097541  16.20341252 15.19837541 13.79051324  4.518614    6.89003362
  17.55202723 22.27899543 13.29916886 15.90018625  7.5220912   5.50966363
  12.60969806 14.35245696  5.33379543 13.12573173 12.32115209 21.49319389
   4.17039693  4.21454419  7.24628965  5.7434319   7.96129056  6.95167859
  13.96926856 12.11319994  0.97367997  0.44311025  9.67570424]
 [16.35780811 15.11571889  2.17848499  4.19844613  8.93437174 11.35191269
  23.76092841 31.67436683 22.63442305 39.38609615  7.92934477  9.41067193
  10.69360065 14.44270918 28.46360126 39.73860157 15.64558188 19.44295378
  39.99060583 40.26481653  2.28289541  6.87929775 16.07270597 21.67761382
   4.96499005  8.03619432 18.31598453 17.20072594  9.9787452  12.864345
  28.15010173 33.88575863  3.73518491  1.85040369  3.02671679]
 [ 3.32058916  3.60118567  3.54880799  8.39282648 13.3496735  11.3692641
  18.36039696 19.63834165 20.80894118 22.32884371  5.16423988  8.88053309
  15.32644658 19.5093962  23.88311363 24.87397264  7.19168364 15.23650137
  19.72957926 21.87719272  8.47624946 12.14330731 20.43043902 18.02398812
   3.57428702  4.69113331  3.56814064  4.17935611  9.30222661 12.75344906
  28.44609267 23.64006933  4.13700381  3.31129213  4.99947802]
 [10.29279317  9.64158749 14.69948227 11.34822718 20.27539674 24.89747736
  23.24923136 31.80070556 19.83657079 27.76847411 16.12875342 13.09058303
  20.96806532 24.68132499 23.09696514 31.57907087 13.00302375 25.50969498
  30.85268791 23.20807601 16.52217356 13.85311918 20.78466651 27.69916827
  11.35349118 10.55564295  9.82393024 11.31148908 16.68495062 15.65835809
  24.28976937 29.40124641  9.55478669  6.88759603 10.38240236]
 [ 2.00237491  2.141327    2.59975324  0.67776404  2.78739726  2.26504915
  11.41373235  1.15461095 13.57205503  3.48324844  1.98544558  0.27458082
   6.45988499  4.92412782 21.80223133 15.75511738  7.39137411  1.61710219
  13.14865125  2.3381893   0.67972584  0.41178686  0.95471423  0.93320869
   2.40959893  0.23263117  2.63709168  2.46790791  8.18548435  0.8245972
  18.77381138 16.67251187  0.70879843  0.72096809  4.23326482]
 [16.12572185 10.28681688 13.46660834 16.64742844 23.0461735  30.60373373
  36.79024274 37.44194515 27.45357688 30.00868772 17.41454842 15.9665049
  31.35696624 28.82244824 27.18549435 33.59668843 15.06606211 27.7369898
  29.63566345 27.67337007 18.51029688 22.01388068 29.30936271 32.38271306
  18.93979715 13.33159906 12.7648828  15.68341862 17.92760192 19.72793784
  27.86564049 23.98321102  1.74374142  9.77373608 14.14094245]
 [ 6.95477575  6.06659916  4.14679251  3.18930469  6.93223148  7.30158604
  10.94060523 13.52535564 14.51608459 15.0071936   9.92107496  6.22911328
   9.44856988 13.49699981 12.41351387 15.29001601  9.15784103 10.78889912
  14.25722591 15.10029386  7.49867916  7.2837305   9.16084288  9.90566113
   9.60062299  3.7425782   5.7708461   8.7064219  13.64470193 10.61891246
  13.15015757 14.42909737  1.71771462  5.48446363  7.41586221]
 [16.99829581 17.69931555  7.84439066 11.41893732  7.85446222 20.43774933
  23.03094789 22.76099102 21.36296556 20.80351176 13.74549315 17.96046563
  19.52096648 27.00423239 22.50097121 24.8897013  17.74065271  5.39019664
  20.51783624 20.09699679 15.22779122 18.5926791  21.94352707 24.96523052
   6.62792179 17.77630774 15.32158205 16.04640499 17.48569455 19.51663307
  21.23794784 23.14833849  4.12981438  3.42926159  7.99512427]
 [ 7.75122182  6.65108363  9.89650194 10.47149951 17.65751234 18.50033808
  32.47142252 31.70506035 29.96690598 31.29012773 12.50733119 13.61123618
  26.10396209 21.57628569 34.59122376 33.56387336 14.03797862 12.50042562
  25.4877204  26.65976182 13.61724815 14.90799958 29.7970463  25.76989097
   9.8454789   9.97831942  7.98976491 12.03652719 14.90816891 16.28165908
  30.1074198  32.78944471  8.31656808  2.818864   10.25825111]
 [ 6.11315785 11.0169416   7.50807227 11.74926466 30.23234757 25.46806576
  48.97279649 49.98368107 52.01894278 53.2372011  17.35214355 18.6490663
  48.08089768 34.04549177 58.08595836 58.47352981 20.6292037  13.90788953
  55.03930822 50.29223158 20.66363626 18.84671645 48.49088043 44.87829306
   5.45714362 10.77972958  7.24222983  7.25355023 23.09500364 24.85122226
  59.07810863 54.28633143  3.58486017  4.51444101 13.72201398]
 [ 6.24600265  5.27826131  5.72203677  6.92288165  8.94037589 12.21125212
  18.01177083 20.03290748 30.74901846 25.31224577  7.00031725  7.77612442
  10.77460217 13.02253987 18.87280638 20.05654958  7.91422989 18.00032482
  15.59650331 27.10154994  5.65410863  6.70636827 14.14925458  6.2849766
   6.57410254  6.01605312  5.95710389  6.33711475  9.18569898  9.13506249
  13.78664203 16.63514379 10.68336918  5.24037958  9.63183263]
 [18.03239783 14.61796162 17.72569131 15.18157538 20.60883628 21.37349871
  35.17334072 32.19692278 42.04612725 39.54966649 13.97608521 10.49050644
  21.80423166 21.08000405 37.73584069 37.19068605 13.48304191 24.20380538
  35.71483868 41.42261828 16.9226857  17.79967012 31.13297647 24.58621835
   8.76589517  9.01178833 18.70703025 18.31429889 16.22270619 19.18294893
  35.88519121 32.63974899  5.90583964  5.57209773  9.17120223]
 [ 7.10691008  7.14090405 11.40346314 10.05258172 19.84322889 18.01262791
  29.78648828 32.73286328 28.84574713 29.13504016 13.07234245 12.51410436
  29.9534864  33.43406373 35.68715788 39.14228829 14.77842577 30.09793211
  37.04185688 26.30951896 14.93991298 14.69884004 32.18101722 31.73700731
   8.66281628  8.85725001  7.7832109   9.60092907 18.4387954  17.41616959
  40.72053293 43.60184358  7.18869656  6.21766365 11.60963747]
 [ 5.71514781  2.55561713 10.9791965  15.94926215 26.36355996 20.75715673
  27.09611154 22.72818334 20.1626989  18.45355947 10.47810572 10.7557063
  27.56920541 16.21852439 25.2264833  21.71347471  9.96477412 28.05112966
  26.66961299 18.73662018 19.82625899 17.16796488 33.04318589 21.83885849
   4.63888101  5.11519332  5.73657318  7.93731299 11.79808074 13.9544651
  25.30987837 17.37481801  4.83775237  2.4863945   5.63277268]
 [ 5.57878087  5.87870921  0.38335933  1.13632451  0.94908268  1.43397736
  10.75970902  3.89424174 10.10810485 12.11798489  4.0606851   4.50285609
   4.62035908 27.02352511 18.16345836 22.50457959  3.10765453  1.56380639
  19.35397091 12.31754777  0.45593901  1.12943019  9.61042328  2.95912056
   3.88818002  5.4576127   6.73920959  2.82099712  4.99241569  5.52684573
  27.02445485 27.8967254   5.86972867  5.01623265  9.48747489]]