[[ 4.15012687  1.75248315  3.18596014  2.68549456 10.74277559  1.92343555
  11.59180052  8.64493865  9.54414357 10.613371    4.36756786  4.90208362
  10.33684979 10.72344042 11.34159298 10.89249444  7.07841256  2.17268116
  13.28117146 10.44944041  1.23758565  5.83125982 11.71929337 10.78976849
   1.53753514  1.32758062  3.50521501  4.47815533 18.71779435 16.17081751
  14.01944183 14.53470588  0.89610319  0.44935998  9.66381382]
 [ 8.99173051  8.89354076 10.41646295 11.25637611 15.16405309 15.11437455
  16.03669934 16.59656533 12.18833686 12.10360386  8.74930956 10.32929295
  13.46912436 15.9809813  14.42055607 17.12114708 11.89494353 16.81302603
  14.80527918 12.08447443 12.30359738 14.36716474 16.08822788 19.19951075
   7.32861385  9.28946492  9.01888682  8.97360517 13.42673946 16.5591972
  14.14145961 17.37616105  8.87490192  7.09551887  8.43607462]
 [ 9.40711945  8.55242438  4.74494158  4.90916156 12.79227384 12.45564634
  16.18112763  8.14284994 10.88910534 10.35353231  3.51857145  9.18139798
  10.93109134  8.37982391 10.44904671  9.38763462 10.86897376 12.4005562
   9.50507908 10.73680115 12.08647891  4.14481542 12.56026208  9.57484976
   6.81320545  5.2142722  10.93881681  4.08721753 10.36308839 10.26812755
   8.29798453  8.44860969  1.78059463  4.08734243  6.63226707]
 [ 6.88915124  9.19878     6.38713533  6.01071054  9.45268591  8.75320605
  11.04355992 10.72137504  9.18530614  9.54388988  9.19077824  8.81727293
  11.79258198 14.22907137 10.58538442 11.48798196 11.31003187  3.623347
  11.90187286  9.94358946  9.58673264  9.40680349 11.03871983 11.70867708
   6.28013539  7.86491602  7.991882    8.2898163  12.41633871 13.84666158
  11.92941177 13.8360918   5.35704028  3.33561614 10.69127011]
 [10.53338255 12.37943317  7.04373249  7.55027628 11.48180654 10.49575106
  17.40074672 14.9682324  17.50624082 15.28512824 10.18980556 12.25752474
  10.82272957 11.05246326 15.90731957 13.38040576 16.33250766 17.08339136
  15.59443931 17.29560964  9.98287973  9.88505679 15.87208805 13.49844574
   6.55618134  9.31330877 12.32885978 13.78715442 14.55662785 17.46926874
  13.67446495 13.04990947 11.55581016  8.04374532  5.75100876]
 [13.14609096 10.94985498 12.70628914  9.64714978 18.28410709 18.31930359
  18.70807155 18.31208919 16.2422867  17.5499959   6.88716809 10.58987486
  13.73478596 11.68200752 14.45937939 15.62153635 11.49353832  6.19762808
  13.6511031  17.25116144  9.33326655 14.16181851 16.47065344 16.56089659
   6.98747481  9.81035489 14.8639521   9.39989864 12.92704156  9.35260814
  13.7009044  12.11933236  1.36453516  1.03869364 13.06025782]
 [14.5508179  11.63072977  5.20629655  4.21676866 10.87513477  9.76637653
  14.06502681 14.50523286  8.55573256 10.91317123 11.31147112  8.82339597
  11.16955039 11.21494277 14.97164053 14.30863762 19.16363736 11.52661426
  15.88673215 12.28601551  5.13743486  6.80515132 13.37988296 12.99405564
   7.7663209   7.11028194 14.74258398 16.24981534 14.45679877 15.46390779
  15.24865895 15.70778311  6.76577618  2.91664933  4.09607535]
 [11.62721917 11.62322029 10.7578604  16.00564741 17.68897632 14.78067186
  17.35478472 15.49134821 12.81838565 14.05180913 12.86318812 15.64296021
  16.70566385 17.58310364 18.33824325 14.79633133 15.55206281 14.09964558
  15.68204145 13.43092726 16.1451141  16.87427568 19.82975181 16.74613518
  11.22596984 12.70403853 12.16107547 10.90911934 16.00897928 18.24913263
  17.26477297 16.14848958 13.23570409  4.01664253  6.2792302 ]
 [13.49265661 13.75379644 14.14193167 13.39491349 12.13143724 14.14085717
  14.12652193 11.83919355  9.82418679 10.90731252 14.91604948 14.37786995
  13.08202898 13.81339188 11.62081326  9.81116711 13.7737801  15.65706738
   9.79377629 11.95430337 12.03958131 13.5790965  13.43422035 11.81217353
  13.36987178 13.73361024 13.74928025 14.0354801  13.20626723 13.96555299
  12.28432681  9.45812114 11.15843955 23.24377671  7.96032994]
 [ 2.1499317   2.80677039  3.16125585  0.99296102  3.18116226  2.95967172
   6.01552392  0.73864478  4.04313653  1.31568847  2.66480883  0.56557475
   7.17738871  7.26587857  8.67223681  6.30950726  7.71194575  1.71151147
   4.47120653  0.99292417  1.06942548  0.64150919  0.9471066   0.94365557
   2.24493736  0.39038522  3.18936067  2.67002945 10.3763077   1.20754649
  12.10053875 11.19395509  1.1944583   1.27500799  3.4186379 ]
 [12.01160241  9.5472125   9.75006837 13.95346972 10.79167024 15.23121402
  11.70612807 11.99497823 12.36551602 12.03420836 12.76147591 13.85419462
   9.65211932 11.65377783 12.39439059 12.15964038 14.55236535 13.44021465
  11.51614208 12.39766501 11.64791012 15.92253537 12.52930061 13.45561416
  13.81191757 12.16744251 11.38803122 15.23120329 11.74697871 12.86492942
  11.94982754 11.0956981   3.39745558 10.74058391  9.32288469]
 [11.96928023  9.70661767 10.12056244  7.70390907 15.42628671 12.45351834
  23.12077065 23.37831672 20.65098541 20.09679938 19.03439435 12.29040553
  20.09289713 17.78299298 23.18049133 23.25226651 16.68513983 19.8011045
  25.52440139 22.07186082 15.33536233 12.11297368 20.92129921 17.12683854
  16.75866551  7.31442498  9.57923536 15.91239909 26.61202006 20.05172172
  25.1662902  21.93938881  3.47672255  9.25024596 12.59016145]
 [11.13122361 11.97477075  7.61364138 10.05855447  5.88104392 13.64370262
  13.09328955 12.77358012 12.8007623  12.51153442  9.76222823 13.88683708
  11.53394168 10.91719213 11.62274862 11.89685901 15.02381586  3.90791281
  13.30342023 13.01549941 10.88816856 12.3266552  12.4099927  12.40385214
   5.10532802 13.81017037 10.72532357 12.3837609  13.50237564 13.67147469
  11.07266915 11.99510517  4.00448646  2.84989621  5.02648285]
 [20.91075095 18.82920839 39.30090839 39.08868939 48.16184298 43.33564327
  40.09804962 36.27477468 38.41394882 36.15501792 43.95492752 47.06478027
  42.9824183  44.10290278 37.48368628 34.74817546 47.92536812 43.032045
  46.49406799 39.87219115 47.66277752 47.99988932 42.00799321 39.65022651
  30.78669603 31.31894384 23.11246074 38.64740136 48.90259411 50.81051529
  42.43826458 36.27026058 12.30413643  6.13476477 19.56519367]
 [ 6.12057414  7.70128637  5.69871979  7.82822641 14.11889874 12.7656219
  10.75002683  8.6309183   6.89051326  7.1634087   8.79234112  9.00250294
  10.63967099 10.76850607  7.30001324  7.3933067   7.68934161  5.77779055
   6.68312523  7.30600177 11.29845488 10.77607482 10.99664582 10.42035588
   4.09072524  7.20071469  6.96367582  4.39744975  9.56744321  9.67952499
   7.12766217  7.87716649  5.67972939  5.33041012  8.34962147]
 [ 8.34283404  8.09943825 12.02314496 13.93249276 19.80630963 17.1406345
  18.81788471 14.47028101 10.79410123 10.83103633 11.6623599  13.40492101
  22.3517013  18.32241584 17.1572846  13.25006761 12.79451715 16.39889865
  12.91848378 11.70894173 13.35265749 12.39377342 21.7603625   7.3757089
   9.42645038  9.14536853  8.54224311  9.507393   14.71198167 16.44138885
  16.25839615 13.67314976  8.20724164  7.39032572  9.96832157]
 [13.03399585 12.9071542  15.46684341 16.24367082 13.16351646 14.92826416
  16.61112626 13.99434174 12.45940577 12.01764195 12.82512364 11.86944721
  13.15079107 13.31625044 14.23417964 13.97461844 13.9458944  12.39643422
  15.85051685 11.8661973  14.44688867 16.84466446 14.12149219 13.12498659
   6.42700345  9.69831778 13.36657509 16.43296326 15.25564313 19.72922499
  13.13120469 14.03982614  6.23232386  7.59987059  7.94133776]
 [11.69480919 11.66830442 22.10706537 18.95165082 24.59770157 18.4999767
  24.48367782 17.83776033 19.89380975 17.02717347 22.10017194 18.99744673
  24.33033778 21.78505696 21.29561514 15.92055443 17.85880154 22.96134923
  18.80893355 19.70484131 26.48214444 21.022135   24.13214461 18.4253941
  14.38693533 13.93056171 12.54612838 14.23133323 21.7882813  19.64006141
  19.40271636 16.81355663 10.97813019  8.69162217 14.90232176]
 [ 6.95331704  6.70107962  9.97580849 21.79508775 25.02212389 20.68433623
  27.97332075 19.53894779 18.83440873 16.44571594 10.11667289 14.73473971
  30.59928776 25.62551915 26.304029   19.04982272 16.02528465 28.26995983
  18.61324752 16.94445903 16.90475893 24.73271911 31.9858706  21.65658169
   8.23536344 11.61781635  7.14661053 10.43675353 13.22859447 21.34327896
  25.86953148 14.53650088  7.35608495  3.86935177  9.72871042]
 [10.92771648 12.67573471  0.48021396  2.1599246   0.46966818  1.2192536
   5.36409589  2.4921256   4.2733244   5.53462304  5.94424538  9.78087555
   2.03249366  8.02388995  6.10048178 10.29003128  6.28934407  1.1606322
   9.75997871  5.63688644  0.33325404  1.24496273  3.29692271  1.66878822
   7.73700917 11.96656257 14.03365661  5.89055657  7.15538073 10.76842595
  10.63489601 10.76177675 11.8176614  11.85403606  8.34114603]]