[[88.0095466  94.75594299 90.28463181 91.48440949 58.15858349 90.93698627
  32.0093013  28.94707488 26.32706979 23.04568789 87.99763227 85.15398753
  49.35873613 58.47597953 27.66586134 23.15351454 83.52056672 87.144673
  26.34084252 26.53923639 95.99134329 78.47556488 42.45635056 34.16042405
  95.78807332 96.13031178 89.74723124 88.21268367 56.62610317 59.43123887
  30.65836515 31.0707801  97.7208059  98.33307781 74.14825907]
 [62.2892924  61.43448641 74.43158461 69.08118398 65.37328992 55.19749032
  58.90555535 62.22127019 60.11648575 64.71229935 53.27377805 41.57378619
  40.23166772 38.45487436 50.62735546 61.52473229 62.01414504 65.75574737
  63.74418384 64.26346461 64.00561006 55.41197687 50.14468885 58.26115713
  50.99617671 54.39722296 61.34982636 54.64702354 61.10628529 49.08903313
  44.86357872 56.78582184 62.69142732 69.1985186  55.00409756]
 [52.56808826 50.54397123 81.75807309 35.33725638 49.60744789 40.56454522
  39.63814516 59.26923243 38.95414049 41.44144433 84.129591   37.62057972
  33.25857424 23.74147942 28.26556962 28.11254916 50.07052996 41.03980204
  32.86729849 42.25993099 47.59686589 10.76407203 34.42178065 27.7322808
  55.40362636 40.46292859 44.91575979 77.91647476 47.26356723 44.54150063
  22.5507302  27.86065622 89.74142065 55.99387076 62.09017331]
 [45.69054395 45.57813595 75.02560027 77.24326623 36.7678537  32.28382019
  27.05555916 27.12436218 26.93690457 25.00605187 44.34405277 31.56891863
  43.41757245 38.10357246 28.88325603 29.6624338  47.93197841 88.75473571
  29.87351899 25.85126898 59.38474056 51.14915142 28.69850029 27.57501301
  47.88664991 39.2392817  57.60542651 43.50065326 40.15042418 29.85070846
  27.72556299 31.90095549 58.25497247 85.66170844 47.23171768]
 [59.3603366  53.96831307 71.80059247 78.00216083 42.10267402 46.19252954
  37.04841246 37.01131342 34.3445947  39.79250342 50.28257807 45.3310868
  45.45330081 41.19963727 28.85846272 38.41496017 42.28312521 42.27757584
  34.46497087 37.14546307 59.82835762 59.93149917 36.22669959 43.47228861
  49.85611769 42.60666211 51.71496532 47.05426074 47.50553316 39.96625864
  22.93100196 36.52161311 55.6976167  71.29569807 68.22514696]
 [60.04437316 48.22064299 51.30760738 44.15649871 53.10941863 53.49465139
  56.00845882 55.32294975 57.13270008 57.1282905  71.8987298  68.6236479
  54.02576073 56.21721425 61.79530726 59.01833121 72.26086842 69.51895441
  64.39894268 56.0199544  62.1398687  58.69400507 58.91268716 52.00645334
  54.57623349 76.04409441 64.48545383 75.70747828 69.29917501 75.17274133
  60.4475381  67.43237864 85.25856896 89.67247975 58.07948647]
 [56.33155414 61.54256195 89.6991304  88.43340208 68.96099556 68.35180545
  48.40298217 40.81645637 60.33615199 38.34425895 70.55147419 72.3643534
  64.85561573 60.39173068 41.35109634 31.58215929 49.90501926 55.50287783
  29.08887707 33.98109768 89.62104832 79.71551829 58.03374678 52.23406632
  82.7241755  78.28975766 52.57238583 52.62762458 60.45927797 53.74244076
  39.55410642 33.09056256 84.12954916 92.66629644 87.37729094]
 [80.2618768  79.16875432 80.5848206  68.18127751 44.36674561 58.67726706
  44.5379677  47.82600458 39.79199752 51.28736591 72.73913007 54.32741399
  56.02895791 48.41616495 43.2278548  49.18509497 69.64449551 59.50856017
  53.556333   45.99327363 64.05128551 48.99398358 45.97262421 47.65659028
  78.31043995 69.95084265 79.12912841 77.81142201 66.7032378  57.43240066
  40.94951015 48.56699952 77.75929833 87.05866623 73.81609074]
 [63.54364609 64.39853267 52.24101822 62.72264863 52.70919706 50.50300598
  51.75802886 48.30595989 61.83237711 51.39321569 55.86999405 61.19138349
  45.31097901 45.90941436 54.22625522 48.90124849 62.3984125  49.72073773
  49.2158235  54.27049446 46.93027365 60.56902025 52.77555566 50.34124243
  59.78828794 63.54238448 64.24368819 62.60608413 57.90518431 57.28142065
  51.06734649 50.70877681 66.22134415 65.27751832 68.3558406 ]
 [86.12518939 92.30712145 87.14105053 96.78756289 91.197364   92.56404802
  75.93426688 97.5607807  76.91780709 94.05645255 89.92506268 98.89194692
  75.59133498 82.14003612 61.77872324 72.93362205 77.33143781 93.9940895
  78.75343872 95.70574701 96.40981898 98.38897426 97.37254992 97.47000159
  86.00261583 99.10044002 90.2640055  91.3888772  69.610673   96.80232484
  59.33583543 63.03242833 92.489656   95.64145738 78.32450228]
 [63.48832434 71.46047026 69.14321566 58.93913577 57.47306005 40.78880234
  38.87960262 32.14781845 40.0304659  38.99764928 52.59349887 53.44790595
  36.34813012 38.74507175 44.19866108 35.7770358  56.44813965 45.43135622
  39.65067007 40.7576099  58.61406621 48.54329595 44.7427875  38.04572333
  52.16381576 63.57702816 64.45020919 56.9101091  52.92356721 48.72384614
  39.61726906 44.45527122 92.11463986 66.8303084  61.94291944]
 [59.232297   67.6566579  79.63278002 84.47814688 57.71371903 49.54555728
  50.11801771 41.77954439 49.16519026 49.09750535 54.55342838 69.51898182
  55.23718565 43.44511193 47.09266784 41.00823581 62.68096583 55.88206279
  39.83123204 47.03133058 63.45458373 61.92377348 57.0446312  46.20953096
  51.7002255  77.80217269 65.80219139 61.17548336 41.33503594 54.04770504
  41.89572721 44.45597549 88.65181946 71.26860288 54.47786916]
 [41.18386571 39.19927738 67.2545985  56.21868383 74.00483733 34.0245606
  32.50135003 30.31681953 28.69696029 29.23492378 49.44325553 35.29110483
  35.43995794 28.19891724 34.35011628 28.64026494 34.73361682 81.20783075
  33.01702479 30.55106534 36.95408579 36.86542401 34.43961123 28.5858823
  75.57836567 36.33556052 47.09581496 43.32880463 37.33549782 34.14768538
  33.70424847 28.52694616 82.17800063 85.91735623 69.0439062 ]
 [53.58514795 50.79904188 41.87659679 38.80334754 24.82542181 27.7764571
  17.83008687 22.30584556 20.59349971 21.9173258  29.57939856 26.17955028
  19.77075456 20.90269144 18.24752156 19.1908152  26.94813562 31.41232567
  18.08822777 22.18767103 29.20339    26.73582785 18.53258404 22.40665077
  41.95716224 37.39583174 49.72322527 35.83044779 24.64758441 21.13363701
  18.15580095 18.64358831 44.75830124 75.38008459 48.66198465]
 [82.35662107 71.0654767  83.2002456  74.29076564 44.43867301 52.59645286
  31.70936377 33.89448984 33.13738929 31.29474437 65.2037135  61.67765847
  29.13782929 43.37193326 26.34861983 26.87406181 63.06124266 73.73162673
  31.28924549 33.84055697 59.36900841 62.01005472 29.94691508 35.16168742
  86.82943778 72.854448   79.35903269 83.58744923 57.06147742 54.36712981
  24.94527083 28.86104505 85.72517596 84.07542989 63.48783556]
 [78.62922819 80.15459988 65.20472783 70.13826139 57.89494129 56.83321471
  51.13703022 55.29865859 49.27757084 54.47184861 66.56648539 67.24225639
  50.7410243  52.13065552 52.53131247 55.35411246 70.29519841 52.99202884
  61.28203725 51.60118552 71.77788388 70.97367089 49.60788502 80.69070091
  75.97284504 76.96386769 78.45589568 76.89184844 62.37409108 59.01934573
  55.60454497 54.21798764 73.37953944 80.63968186 62.86527418]
 [50.67243343 53.63462342 47.78536921 51.44110754 31.30121406 31.81295211
  33.08669292 37.40193172 28.89568366 28.72360808 33.71954426 50.11801503
  39.79769492 38.63188863 32.15060244 30.03985739 61.64664752 36.81739788
  34.914131   28.0108394  33.06181298 37.46163964 33.98578876 27.76692653
  17.20277376 48.59026878 36.83554149 45.26360637 49.55254003 41.89466225
  32.07521335 35.44723102 49.34645732 66.79577051 60.15395867]
 [71.09590627 71.22740638 55.37057461 59.94077605 33.37965282 40.5634104
  29.28717245 31.24796857 33.98033933 35.47661714 53.20330997 55.00887424
  27.95622344 26.53430881 28.06208957 27.9126074  56.29452394 32.32515179
  30.010774   36.1252468  40.22651312 49.773486   24.97162798 25.15708836
  66.85240681 66.65457664 69.49210359 65.56541815 46.34908895 47.91755171
  25.15942991 24.51045747 70.85112899 74.02367515 52.81278268]
 [80.2602744  85.89135741 68.664814   48.98453428 38.24947823 50.98064386
  38.69152782 51.93832491 56.18846221 59.99511389 70.8267068  56.8643752
  33.03334897 45.36774427 42.89009956 53.61172561 65.82310629 36.1717954
  48.47059464 59.57934716 46.22161187 42.45651418 29.48250869 50.73722398
  82.28608287 72.58448562 77.98121847 73.12705567 66.1395113  53.77821603
  41.96819299 62.02374506 78.04117676 86.52831793 69.81169064]
 [77.84135656 75.99073199 98.66270331 95.53237765 96.4350443  94.64112817
  71.85257201 90.19924588 79.39262661 74.37882449 84.8862136  79.27349837
  89.92184492 50.044767   67.39018048 54.43606911 86.74075932 95.59943322
  61.53493421 74.53749586 98.43614089 92.1568647  80.77806625 93.163816
  84.1303745  77.59244075 72.91324963 88.48303113 80.56440598 73.08820549
  50.13003934 49.42406485 74.12865947 78.55146355 44.89994341]]