[[6.89700319e+02 1.85131402e+03 1.43615542e+03 8.46998911e+02
  1.47692992e+02 8.88586626e+02 8.28307887e+01 9.52106621e+01
  1.06760189e+02 6.32790935e+01 3.03491583e+02 1.01430777e+02
  1.98322392e+01 9.11656026e+00 3.37730072e+01 2.48538906e+01
  4.67691146e+01 4.42174472e-26 1.71245277e+01 7.42118480e+01
  1.66341175e+03 1.38695569e+02 4.53033842e+01 2.86087755e+01
  1.64272562e+03 2.35157738e+03 9.11445269e+02 5.09112389e+02
  1.12872381e+01 7.69898970e+00 9.16274638e+00 6.47276076e+00
  3.09972259e+03 2.15153246e+03 1.14077954e+02]
 [1.32906707e+02 1.31057374e+02 7.60545335e+01 7.90562530e+01
  5.68877573e+01 5.36551266e+01 5.02633424e+01 5.97813340e+01
  7.19061870e+01 6.98416865e+01 3.45753432e+01 3.53078054e+01
  1.26411044e+01 1.26319571e+01 2.47093313e+01 2.83319196e+01
  2.51707024e+01 9.36399394e-29 1.83420693e+01 7.10555219e+01
  4.29268414e+01 4.18483860e+01 3.01741306e+01 3.30615649e+01
  7.25978934e+01 7.61720552e+01 1.38507790e+02 6.87502655e+01
  1.30737429e+01 9.88221313e+00 8.54472337e+00 9.02953000e+00
  3.16887870e+01 9.24796866e+01 6.77830275e+00]
 [7.88993935e+01 1.23556450e+02 4.67316232e+02 2.31969406e+02
  3.03977874e+01 2.42778885e+01 2.25424281e+01 1.50588221e+02
  2.56444918e+01 2.36772753e+01 1.47796367e+02 2.58774833e+01
  6.17772825e+00 5.36997197e+00 1.18650796e+01 1.14450990e+01
  1.14782580e+01 5.41706482e-28 9.45189816e+00 2.28987786e+01
  2.47186974e+01 1.66356070e+01 1.59548067e+01 1.42539921e+01
  2.18384805e+02 1.47314239e+02 4.75523665e+01 4.76623955e+02
  6.06981280e+00 8.35478951e+00 4.68416816e+00 4.44690184e+00
  2.74102288e+02 1.37347240e+02 2.09663054e+01]
 [4.99864945e+02 3.63785810e+02 2.88370535e+02 4.04709459e+02
  5.91546235e+01 7.25097994e+01 3.18347475e+01 5.64271608e+01
  4.59289174e+01 4.56395613e+01 4.07233834e+01 7.13292396e+01
  1.06726197e+01 1.51968795e+01 1.54089578e+01 2.27189191e+01
  1.58909467e+01 1.27290782e-28 1.22080492e+01 3.84993186e+01
  6.20782369e+01 9.46237816e+01 2.33257965e+01 3.22341812e+01
  2.69042019e+02 1.86057684e+02 2.55862211e+02 1.42870649e+02
  8.76982806e+00 1.18096551e+01 5.04947020e+00 5.74457039e+00
  7.95211367e+02 1.40554426e+03 1.51759589e+01]
 [1.12578850e+03 1.79594127e+03 2.09286614e+02 1.77745129e+02
  3.57243665e+01 3.68806036e+01 3.44832001e+01 5.64595524e+01
  4.36181706e+01 4.87796968e+01 6.84480106e+01 7.00439094e+01
  1.18243551e+01 7.81758016e+00 2.00954173e+01 2.87208344e+01
  6.50855376e+01 2.69051547e-28 1.59786788e+01 4.18586977e+01
  4.69965928e+01 3.60611754e+01 2.05089858e+01 2.29098447e+01
  3.09855180e+02 3.28841241e+02 1.06168664e+03 2.37465526e+02
  1.61015746e+01 1.35394315e+01 5.83773499e+00 7.04367057e+00
  5.85683917e+02 1.99194113e+03 1.41568423e+01]
 [3.98047349e+01 9.04224793e+01 4.24337976e+01 4.98869978e+01
  2.99920611e+01 2.52033205e+01 3.05880479e+01 3.16959775e+01
  4.60460213e+01 3.83675998e+01 1.62804938e+01 1.76938533e+01
  9.09135504e+00 6.01009541e+00 1.57576991e+01 1.65106674e+01
  1.41323697e+01 1.07450176e-28 1.24658328e+01 4.07577464e+01
  9.07090528e+01 1.78615211e+01 1.67239043e+01 1.40302992e+01
  4.73827590e+01 9.26181385e+01 1.25887941e+02 2.06311338e+01
  8.45610359e+00 7.02201650e+00 6.09183983e+00 5.61329387e+00
  9.63589696e+01 1.40268974e+02 5.18574330e+00]
 [1.74351813e+02 1.28233328e+02 1.72981441e+02 2.11544086e+02
  5.64625392e+01 7.06975125e+01 1.49501365e+02 5.32805391e+01
  6.11669807e+01 7.79229817e+01 3.24180356e+01 4.92552298e+01
  1.97769152e+01 3.05959063e+01 2.87526181e+01 2.97739656e+01
  2.46318490e+01 3.09371257e-28 2.16401038e+01 5.50775812e+01
  2.06788195e+02 6.39400157e+01 3.78743296e+01 4.46796657e+01
  7.61864002e+01 1.18713649e+02 1.50115844e+02 4.21451279e+01
  1.71860277e+01 1.38965849e+01 1.11090970e+01 1.14218499e+01
  3.95379229e+02 4.97945519e+02 1.67691085e+02]
 [1.65689960e+02 1.68303277e+02 6.13425043e+01 6.19213580e+01
  2.93779012e+01 2.28215877e+01 2.62438026e+01 3.99626809e+01
  2.99167451e+01 3.43237678e+01 2.14676311e+01 1.64496965e+01
  1.12634447e+01 7.09944185e+00 1.39264972e+01 1.85848502e+01
  2.01486269e+01 1.17696780e-28 1.11077980e+01 3.37276792e+01
  1.98562358e+01 1.51068875e+01 1.93431486e+01 1.69350049e+01
  6.38401658e+01 6.76954693e+01 1.36604901e+02 5.00245108e+01
  8.66919027e+00 5.07586002e+00 7.10346863e+00 7.86709587e+00
  1.58923245e+02 1.13609751e+02 1.27600554e+02]
 [5.22458608e+01 5.75962063e+01 3.59224946e+01 3.69944796e+01
  2.91892050e+01 2.53657509e+01 4.18191574e+01 4.80248636e+01
  5.95988506e+01 6.22624579e+01 1.50022432e+01 1.67414866e+01
  1.09686941e+01 7.08902199e+00 2.20779720e+01 2.09339591e+01
  1.51668349e+01 1.59530304e-28 1.61933317e+01 5.96243759e+01
  2.45595193e+01 2.01439528e+01 2.15192848e+01 1.89977985e+01
  2.48881314e+01 2.72220737e+01 4.80603988e+01 2.30256681e+01
  7.31714522e+00 7.32438265e+00 7.85752477e+00 6.61830459e+00
  3.12896073e+01 2.54825793e+01 1.41593752e+02]
 [2.78026386e+02 2.66706046e+02 4.75448887e+01 4.35459770e+02
  5.97749562e+01 3.76460526e+01 9.92579415e+01 1.93658674e+02
  8.03275941e+01 1.03045275e+02 4.84832556e+01 1.31963796e+03
  1.11614051e+01 2.18964355e+01 5.64082267e+01 3.24896405e+01
  3.09611543e+01 9.86073046e-27 4.15200420e+01 1.58051605e+02
  1.96241450e+02 4.92364844e+02 8.77441267e+01 1.44807196e+02
  9.16942003e+01 1.11998361e+03 2.02664336e+02 8.52811282e+01
  1.03673163e+01 5.16635645e+01 6.47806606e+00 7.15407312e+00
  2.48302543e+02 4.24365391e+02 1.71053208e+02]
 [1.40271433e+02 2.54816670e+02 1.50980613e+03 1.77670708e+03
  2.44572614e+02 5.83036519e+01 5.03973094e+01 4.22728300e+01
  5.60616216e+01 4.31655813e+01 2.96559352e+02 5.39001572e+02
  1.35436046e+01 1.36836870e+01 2.09015571e+01 2.09328591e+01
  8.80617207e+01 1.82007066e-28 1.12971642e+01 4.37840124e+01
  1.42009929e+02 7.51251032e+01 3.36632633e+01 2.78745109e+01
  1.01239715e+03 4.28004239e+02 1.00367628e+02 1.84573396e+02
  2.49291945e+01 1.40104136e+01 6.69666926e+00 1.26360410e+01
  1.03008385e+03 4.03298892e+02 8.01636298e+01]
 [2.91345062e+02 2.42394710e+02 7.06130814e+01 1.55554201e+02
  4.08969452e+01 4.10587761e+01 3.84129005e+01 3.00717637e+01
  5.45895654e+01 5.09033350e+01 2.89255570e+01 3.28405639e+01
  1.28413395e+01 8.06253175e+00 2.15505633e+01 1.83907281e+01
  2.40017260e+01 6.51817484e-29 1.26789901e+01 4.68211343e+01
  2.99702180e+01 3.45456181e+01 3.46907430e+01 3.49542468e+01
  1.18268586e+02 1.20955824e+02 2.77893445e+02 6.63892350e+01
  8.80207579e+00 1.15666567e+01 6.40047324e+00 6.06782604e+00
  3.62725442e+02 1.79568100e+02 2.23475922e+01]
 [2.51072355e+01 4.84813390e+01 1.73697473e+01 2.27576600e+01
  1.94418152e+01 8.94482047e+00 1.10807042e+01 8.96968881e+00
  1.23389960e+01 1.21722380e+01 7.56027601e+00 1.04209176e+01
  5.35331601e+00 2.95121034e+00 7.28573651e+00 4.54689653e+00
  5.10747809e+00 1.71989965e-28 6.07868065e+00 1.18370121e+01
  7.50744557e+00 8.81590875e+00 3.22431719e+01 6.49834745e+00
  1.68513091e+01 1.66521702e+01 2.61775882e+01 8.95853541e+00
  4.35482142e+00 2.98349806e+00 4.51418723e+00 1.64194755e+00
  4.37698573e+01 5.47447301e+01 7.40071276e+01]
 [5.11964145e+01 5.01041849e+01 4.64006997e+01 5.57543409e+01
  4.46738272e+01 4.03993645e+01 3.08311145e+01 3.47347940e+01
  2.93818134e+01 3.42049472e+01 1.46213087e+01 2.03847787e+01
  5.59470464e+00 8.67615464e+00 1.65993347e+01 1.52542960e+01
  1.19990502e+01 2.35277401e-29 1.14311342e+01 2.78261037e+01
  2.42219948e+01 2.76571139e+01 1.76608954e+01 2.23559226e+01
  2.84408963e+01 3.45001559e+01 4.24821605e+01 2.06153949e+01
  5.89807631e+00 5.84399197e+00 5.29872942e+00 4.64246037e+00
  2.52505098e+01 4.05033077e+01 7.38144688e+01]
 [3.40919303e+02 1.82623739e+02 6.82569766e+01 5.69960937e+01
  2.92718942e+01 3.09919693e+01 3.96657849e+01 5.14940387e+01
  5.26111076e+01 5.58856409e+01 2.07805299e+01 2.49561384e+01
  8.31252479e+00 6.64383293e+00 2.51381151e+01 2.09309330e+01
  2.12064101e+01 1.52058121e-28 1.86537364e+01 5.05381595e+01
  2.78022280e+01 2.38398299e+01 2.02045961e+01 1.89014697e+01
  8.90885175e+01 8.84992673e+01 2.54453817e+02 7.89998774e+01
  7.74951074e+00 7.85472287e+00 1.03348004e+01 5.60479705e+00
  2.19472355e+02 1.18556215e+02 2.14317584e+02]
 [5.27957469e+01 1.06628377e+02 3.65303141e+01 4.32561766e+01
  3.23649030e+01 2.52657334e+01 3.06167509e+01 2.69747363e+01
  3.67929369e+01 3.46437339e+01 1.80447405e+01 2.54700569e+01
  7.46698429e+00 7.00037679e+00 1.79134859e+01 1.34104432e+01
  1.21647722e+01 2.93074237e-29 1.22060844e+01 3.32740784e+01
  2.55074936e+01 2.75527664e+01 1.97718162e+01 2.90497205e+01
  2.88401220e+01 5.95497046e+01 7.43588013e+01 3.06803527e+01
  5.60851780e+00 5.59239321e+00 6.15900796e+00 4.46247295e+00
  3.50290308e+01 6.75605082e+01 7.66104916e+01]
 [4.90423051e+01 1.63304249e+01 4.27220735e+01 2.75396272e+01
  2.13611386e+01 2.09343318e+01 2.75835661e+01 2.74719708e+01
  3.13755349e+01 2.91741340e+01 8.16337135e+00 1.18836140e+01
  1.53561749e+01 1.19886597e+01 1.65490647e+01 1.35279167e+01
  9.77163614e+00 2.36209750e-29 1.09466057e+01 2.91094528e+01
  1.50768857e+01 1.39681067e+01 1.71324338e+01 1.60966025e+01
  2.01735691e+01 2.23321146e+01 3.67479556e+01 1.06145666e+01
  5.17244350e+00 4.77108338e+00 7.96093756e+00 6.97993779e+00
  6.55997351e+01 2.33982416e+01 1.64456929e+01]
 [4.63559734e+03 3.76767070e+03 9.34391749e+02 4.08836048e+02
  8.73614103e+01 1.62348590e+02 3.30177760e+01 7.85158441e+01
  6.21356994e+01 7.42185668e+01 2.28507974e+02 1.09412177e+02
  2.50829696e+01 2.51121969e+01 2.08683358e+01 4.21649700e+01
  1.28693678e+02 1.47589576e-28 2.30338108e+01 6.97732983e+01
  1.65908328e+02 1.20457811e+02 2.41198110e+01 6.21974389e+01
  1.02266338e+03 5.23512590e+02 2.52314463e+03 6.41242602e+02
  4.83934631e+01 1.74600390e+01 8.49084648e+00 1.48654965e+01
  1.55665146e+03 4.98602881e+03 6.06235303e+01]
 [1.58691679e+02 2.07782251e+02 4.25037212e+01 4.01365702e+01
  4.26113296e+01 2.99937796e+01 3.41633742e+01 3.12145961e+01
  4.19520039e+01 3.78482144e+01 2.02286665e+01 2.50789969e+01
  6.26518983e+00 6.12633550e+00 1.39354666e+01 1.41017025e+01
  1.36793421e+01 4.84015048e-29 9.70098664e+00 4.32712055e+01
  2.07505356e+01 2.04807641e+01 2.03912284e+01 2.16407195e+01
  5.18517445e+01 6.81107024e+01 1.31736278e+02 3.87907132e+01
  4.66927631e+00 5.14114198e+00 4.99140675e+00 4.55511714e+00
  7.91583508e+01 1.23594279e+02 1.37296600e+02]
 [1.13408003e+03 2.59869825e+03 2.84255779e+02 7.54207831e+02
  2.43871984e+02 3.30885898e+02 5.94022964e+01 1.14437567e+02
  6.82495381e+01 8.18662186e+01 5.19058259e+01 1.90911319e+02
  1.64163981e+01 1.99208225e+01 3.22328858e+01 2.81182228e+01
  8.99100989e+01 5.47190204e-29 2.77298822e+01 7.86323456e+01
  1.83546534e+02 1.98368102e+02 4.40757857e+01 6.05490514e+01
  3.00607808e+02 9.64255164e+02 1.54408236e+03 4.53185977e+02
  1.62535647e+01 2.71612670e+01 1.35755721e+01 8.77821077e+00
  4.87185782e+02 5.80633938e+02 6.61507218e+01]]