[[6.86298600e+00 9.86935911e+00 6.68689157e+00 5.62481871e+00
  7.25949142e+00 7.14624861e+00 1.12144377e+01 1.43907218e+01
  1.66855851e+01 1.17072030e+01 2.97898829e+00 3.06325497e+00
  3.20655168e+00 2.20062876e+00 5.65581509e+00 6.03417000e+00
  1.80947162e+00 3.07052758e-28 3.43051513e+00 1.27844324e+01
  6.26220718e+00 4.12149263e+00 5.38316535e+00 6.61630045e+00
  5.56453338e+00 6.97394080e+00 6.97026719e+00 3.00516425e+00
  9.99160743e-01 8.72976623e-01 1.67512961e+00 1.49348183e+00
  6.40511837e+00 5.42679731e+00 1.24670814e+01]
 [4.04349380e+01 2.07148224e+01 1.66868276e+01 1.91970109e+01
  8.22558610e+00 9.97640934e+00 5.23007745e+00 6.04755468e+00
  6.43718562e+00 6.30024196e+00 1.76122760e+01 4.48401269e+01
  2.60382663e+00 3.62794603e+00 2.69254878e+00 2.88604209e+00
  5.14920588e+00 1.46390780e-29 1.59439651e+00 6.03699639e+00
  1.79416358e+01 1.88197749e+01 3.40761677e+00 3.56669703e+00
  4.15337992e+01 4.62718204e+01 2.81754735e+01 2.26760779e+01
  2.72617783e+00 4.49229932e+00 9.86963630e-01 9.60255149e-01
  2.22983334e+01 4.55497900e+01 3.21180136e+00]
 [1.89066983e+01 1.53202716e+01 1.86638124e+01 1.53773654e+01
  1.58310407e+01 1.82435139e+01 1.05306835e+01 1.31600049e+01
  1.43918161e+01 1.40370090e+01 2.28579930e+01 1.00049210e+01
  4.80819337e+00 4.85713006e+00 7.88767083e+00 8.54669912e+00
  3.40737611e+00 3.51146720e-29 5.57663481e+00 1.30362571e+01
  8.31973342e+00 1.12853515e+01 8.63784925e+00 9.90634448e+00
  1.44175705e+01 1.56679554e+01 1.46742004e+01 9.38165056e+00
  2.32708494e+00 2.48037306e+00 3.81952273e+00 3.04964852e+00
  9.78602097e+00 9.80483445e+00 1.27826408e+01]
 [7.83238394e+02 4.54338726e+02 5.00662800e+01 3.91551991e+01
  3.95900856e+01 6.40309007e+01 2.27224648e+01 2.40765575e+01
  3.31362594e+01 3.04399537e+01 4.80310791e+01 6.28608802e+01
  4.56000608e+00 3.75647676e+00 1.01251567e+01 1.17990222e+01
  1.23169558e+01 6.31386199e-29 6.80350912e+00 2.73834252e+01
  1.59277621e+01 2.54207838e+01 1.44132076e+01 1.46592500e+01
  2.91289502e+02 1.35631515e+02 2.52950273e+02 1.87532157e+02
  9.34994897e+00 7.23175862e+00 2.85947204e+00 3.04016148e+00
  4.84994596e+02 2.16967363e+02 7.00160394e+00]
 [1.20513247e+02 1.71887058e+02 3.47869766e+01 2.32625729e+01
  3.93127544e+01 7.64684829e+01 1.75220428e+01 2.30467930e+01
  1.99375011e+01 1.93969593e+01 1.19940024e+01 1.44487704e+01
  7.90609322e+00 1.02690237e+01 1.06151013e+01 1.41403836e+01
  8.99249231e+00 6.20581777e-29 6.16707134e+00 1.73770974e+01
  3.13803206e+01 3.13953461e+01 1.16492719e+01 2.61130869e+01
  3.33136496e+01 4.30765300e+01 1.17730611e+02 2.75102227e+01
  3.56756379e+00 4.42735034e+00 3.76968728e+00 3.42682785e+00
  7.66341086e+01 1.49951802e+02 3.71008865e+00]
 [1.01400895e+01 2.85460332e+01 5.44810762e+00 2.61996153e+01
  4.35722687e+00 4.39066328e+00 4.61834134e+00 7.24086434e+00
  8.56423818e+00 7.56941850e+00 4.04179629e+00 3.80327515e+00
  2.33141459e+00 1.32318103e+00 3.05547610e+00 2.78789166e+00
  1.36108279e+00 1.81187562e-29 1.74945997e+00 7.28369580e+00
  1.10107484e+01 4.15876821e+00 3.07118714e+00 2.88433931e+00
  1.55081328e+01 7.93346526e+00 1.00799864e+01 2.98743587e+00
  1.11085434e+00 8.68544014e-01 1.31729312e+00 8.25803570e-01
  9.95461057e+00 3.81214650e+01 7.21736586e-01]
 [2.02340162e+01 1.44965479e+01 1.00673102e+01 7.94113560e+00
  1.43950455e+01 1.17360493e+01 2.56088445e+01 1.48879904e+01
  2.35070699e+01 2.15537743e+01 5.61162099e+00 5.54275444e+00
  5.65480671e+00 4.84967428e+00 1.16031250e+01 9.81504275e+00
  3.70655268e+00 1.78959528e-29 8.40281984e+00 2.24928705e+01
  8.96294688e+00 7.13919458e+00 1.20055744e+01 9.31136522e+00
  8.39955514e+00 8.02411492e+00 1.66264469e+01 5.78273867e+00
  3.89668046e+00 3.37901420e+00 4.85141370e+00 3.71883222e+00
  3.14462537e+01 3.60376255e+01 1.72521203e+01]
 [5.61759580e+01 5.91432828e+01 1.09203879e+01 1.01032984e+01
  5.46967637e+00 5.37522997e+00 7.21697806e+00 1.35299102e+01
  2.34296566e+01 1.83665608e+01 5.02331137e+00 3.44645258e+00
  3.07892111e+00 2.71739489e+00 5.63917416e+00 5.86163377e+00
  4.16144661e+00 3.55370948e-29 3.12133129e+00 1.73586493e+01
  6.04512299e+00 5.13775690e+00 4.63087962e+00 4.74103082e+00
  2.01533497e+01 2.99249273e+01 4.20386559e+01 1.16665868e+01
  1.66407158e+00 1.04894263e+00 2.44755127e+00 1.74756367e+00
  6.79544656e+01 4.36878687e+01 4.09556430e+01]
 [1.06472079e+01 1.57778459e+01 1.26967668e+01 8.08308727e+00
  5.77555457e+00 7.08770340e+00 7.61170366e+00 8.44202840e+00
  9.97927863e+00 1.29390590e+01 4.59166299e+00 3.93022091e+00
  2.99448206e+00 2.29416735e+00 5.39939826e+00 4.51449620e+00
  2.77961146e+00 4.11019000e-29 3.14130635e+00 1.10720060e+01
  4.75885163e+00 4.77736120e+00 5.28237181e+00 4.30654902e+00
  1.05224888e+01 6.47054688e+00 1.10154162e+01 5.06292365e+00
  1.47125178e+00 1.59246648e+00 2.29814049e+00 1.65631883e+00
  9.61109668e+00 1.29716877e+01 3.68838453e+01]
 [4.26222841e+01 4.81457736e+01 8.82692585e+00 6.75922857e+00
  5.62955158e+00 3.20523704e+00 1.07535087e+01 6.96406636e+00
  1.34278752e+01 1.01235819e+01 7.90984482e+00 4.45417691e+00
  4.65273375e+00 1.50116890e+00 5.48573004e+00 3.66473812e+00
  4.35021256e+00 1.21762401e-28 3.01964700e+00 1.08864985e+01
  2.06072119e+01 2.66116070e+00 5.23588797e+00 2.88430385e+00
  2.93063307e+01 1.11025801e+01 3.59556716e+01 1.24598786e+01
  1.46772475e+00 1.40807274e+00 1.87552332e+00 9.30673176e-01
  2.67486523e+01 2.70931782e+01 1.23687971e+01]
 [1.04894810e+01 1.57820696e+01 1.12534183e+01 1.41888045e+01
  9.71343692e+00 8.01093315e+00 1.15439026e+01 1.18760801e+01
  1.84904511e+01 1.48226099e+01 6.37575812e+00 7.46260519e+00
  4.42463822e+00 4.16285757e+00 7.74561959e+00 6.75726379e+00
  3.52873463e+00 2.96629999e-30 4.47052892e+00 1.54061187e+01
  6.84772154e+00 6.90438664e+00 7.59238932e+00 6.97375688e+00
  1.07210348e+01 1.27461946e+01 1.17671259e+01 6.43974858e+00
  1.91287308e+00 1.80873130e+00 2.99695537e+00 2.88885754e+00
  7.93773108e+00 5.80446693e+00 6.98253457e+00]
 [4.34834868e+01 3.36168311e+01 1.47548208e+01 1.25099732e+01
  2.10369735e+01 2.04227384e+01 1.76471619e+01 1.43865501e+01
  2.32633776e+01 2.15022518e+01 6.90003842e+00 6.96459744e+00
  6.70239176e+00 5.57421799e+00 9.93761814e+00 8.46786728e+00
  4.58535728e+00 2.28466634e-29 5.97557089e+00 1.94698435e+01
  1.91335429e+01 1.39993156e+01 1.57098978e+01 1.09197554e+01
  1.61584730e+01 1.76779653e+01 4.09305558e+01 9.98716013e+00
  2.83290240e+00 2.83023114e+00 3.70734633e+00 2.64888623e+00
  4.76362508e+01 2.75743952e+01 5.12117557e+00]
 [7.58524784e+00 1.58813256e+01 8.21159363e+00 1.32066284e+01
  1.07024927e+01 1.01592215e+01 1.77034598e+01 1.47312130e+01
  2.11421667e+01 1.52741997e+01 4.84874529e+00 6.76003040e+00
  4.74034657e+00 3.40024301e+00 1.04461073e+01 6.64224283e+00
  3.36598138e+00 1.25134164e-28 5.01370834e+00 1.57726452e+01
  6.11450228e+00 8.11690871e+00 1.00884098e+01 7.80745841e+00
  4.40940402e+00 8.96663415e+00 8.56480500e+00 4.45578527e+00
  2.24325282e+00 2.26703794e+00 3.97181853e+00 2.01848242e+00
  8.47888918e+00 1.10158786e+01 1.45797566e+01]
 [1.54039685e+01 1.35384994e+01 1.75748928e+01 1.34216232e+01
  2.87288537e+01 1.75764264e+01 2.26968286e+01 2.31722966e+01
  1.93497494e+01 2.62903403e+01 8.63250691e+00 8.78588276e+00
  6.27840692e+00 7.99968239e+00 1.18550723e+01 1.12515993e+01
  5.01922332e+00 7.25112552e-30 5.82081248e+00 1.80476493e+01
  1.48141590e+01 1.40835489e+01 1.53680411e+01 1.17728904e+01
  1.27724074e+01 1.29235952e+01 1.46760120e+01 7.35207764e+00
  3.16386789e+00 3.32828510e+00 3.76807620e+00 3.46191772e+00
  5.13687467e+00 5.09333356e+00 1.41688630e+01]
 [2.45064939e+01 2.12904460e+01 9.06859929e+00 8.33542984e+00
  8.03152601e+00 6.82999351e+00 1.53470331e+01 1.51048380e+01
  2.09302613e+01 2.06447258e+01 4.23478122e+00 4.83821336e+00
  3.43263447e+00 2.68198416e+00 8.67625459e+00 7.28606917e+00
  3.66424014e+00 3.61420821e-29 4.14793615e+00 1.78345345e+01
  4.94274114e+00 4.95229891e+00 7.80909673e+00 6.30409767e+00
  1.06228796e+01 1.24307074e+01 2.12874361e+01 8.49000642e+00
  1.95921052e+00 1.95276639e+00 3.12335436e+00 1.88595914e+00
  1.56708794e+01 8.95855766e+00 2.14675610e+01]
 [8.00596862e+00 2.20641503e+01 4.67403988e+00 5.15051707e+00
  4.63700375e+00 3.33450797e+00 5.57993743e+00 5.63077966e+00
  7.82781622e+00 7.17644740e+00 4.99619096e+00 5.66136883e+00
  1.25300467e+00 1.17836563e+00 3.07660171e+00 2.64529855e+00
  2.40120347e+00 4.66986940e-30 1.45188595e+00 6.41532999e+00
  3.91966939e+00 3.39857341e+00 3.68840789e+00 3.03602586e+00
  1.34261539e+01 1.81721848e+01 1.19782398e+01 1.17820383e+01
  1.16730153e+00 8.17730024e-01 1.00087850e+00 7.73588068e-01
  5.20452269e+00 1.43028606e+01 1.19722866e+01]
 [1.02657270e+01 5.57177121e+00 7.45510504e+00 5.03170627e+00
  7.64867237e+00 1.34209217e+01 8.29487257e+00 1.04299793e+01
  1.58321548e+01 1.97293360e+01 1.93446046e+00 2.74993124e+00
  2.89495654e+00 3.42714876e+00 3.99647109e+00 4.67463986e+00
  1.03535807e+00 1.06322846e-29 2.03796032e+00 1.87621987e+01
  6.39159158e+00 9.12405044e+00 4.94827466e+00 8.56630319e+00
  7.34995511e+00 6.21584333e+00 6.31896969e+00 1.77752050e+00
  8.29876175e-01 9.11208618e-01 1.24489876e+00 1.26232365e+00
  9.43511678e+00 5.04124897e+00 2.55412440e+00]
 [2.02152556e+02 2.06338524e+02 1.33514206e+01 3.25021352e+01
  9.58922815e+00 8.58003661e+00 1.19157504e+01 1.56619138e+01
  2.06789670e+01 2.32547769e+01 8.48456920e+00 1.73313324e+01
  3.49305523e+00 3.75046237e+00 8.49471060e+00 7.98998038e+00
  8.42927905e+00 8.00569328e-30 5.36416101e+00 1.88642919e+01
  6.34912605e+00 9.23437500e+00 7.37745305e+00 7.38780907e+00
  3.43830236e+01 5.36752917e+01 1.22706372e+02 3.49271640e+01
  3.02686901e+00 3.46334078e+00 4.11780110e+00 2.85077362e+00
  1.76247948e+02 6.86892637e+01 8.10182014e+00]
 [2.05244256e+01 2.50276382e+01 6.08902716e+00 5.61148534e+00
  7.14818799e+00 8.70932538e+00 1.00799680e+01 9.20141583e+00
  1.29039083e+01 1.33002823e+01 3.05654458e+00 3.25729200e+00
  2.27946564e+00 1.83108380e+00 5.00446780e+00 4.25945177e+00
  2.06746279e+00 1.00687937e-29 2.77722988e+00 1.23408490e+01
  4.04569940e+00 4.50850793e+00 5.27190895e+00 5.52511651e+00
  6.45731405e+00 8.77966882e+00 1.70963905e+01 4.89718017e+00
  9.32030456e-01 1.15944583e+00 1.91396747e+00 1.23395403e+00
  1.16670310e+01 1.51574617e+01 2.82910387e+01]
 [7.74234093e+01 1.84046746e+02 1.11723948e+01 2.53866729e+01
  1.33595485e+01 9.90314738e+00 2.10785125e+01 2.36165198e+01
  2.97874568e+01 3.35114145e+01 6.09937256e+00 1.22745086e+01
  4.29446450e+00 5.81062786e+00 1.23560083e+01 1.14864054e+01
  7.06033742e+00 3.23904135e-30 6.57286631e+00 2.79348226e+01
  6.00549539e+00 7.76027950e+00 1.10354545e+01 1.14341137e+01
  2.53607107e+01 5.79639537e+01 1.03550319e+02 2.72496143e+01
  2.37922202e+00 2.78297610e+00 3.88181524e+00 2.94923362e+00
  3.38000421e+01 3.55452146e+01 1.42012755e+01]]