[[2.05308926e+01 2.36864916e+01 2.20634917e+01 2.28367271e+01
  3.75050097e+01 5.70373791e+01 1.51242556e+02 2.73857910e+02
  3.10100766e+02 2.35088394e+02 6.88839907e+00 7.53154315e+00
  8.45697076e+00 8.06915990e+00 6.18480916e+01 6.31351758e+01
  3.47153267e+00 4.58019588e-27 2.55283481e+01 2.57615633e+02
  1.50743718e+01 1.85378967e+01 4.53364085e+01 6.25258564e+01
  1.21138925e+01 1.53763770e+01 1.93600141e+01 6.57142256e+00
  2.25565614e+00 1.95558631e+00 9.59773789e+00 7.39948889e+00
  1.74954038e+01 1.38162096e+01 1.46326844e+01]
 [1.19304980e+01 1.19002286e+01 7.68136386e+00 7.04868264e+00
  7.89094414e+00 6.32089096e+00 1.30219723e+01 1.89575012e+01
  2.97820380e+01 2.25040532e+01 3.94734233e+00 4.04611461e+00
  3.70794186e+00 5.48434921e+00 7.12182503e+00 6.95171022e+00
  2.33884839e+00 2.38394991e-29 3.15240030e+00 2.16490704e+01
  5.40121651e+00 4.55713734e+00 7.24517070e+00 7.28423805e+00
  7.55401489e+00 7.61134587e+00 1.06710053e+01 5.99228932e+00
  1.72118402e+00 1.33340508e+00 2.36959602e+00 2.22428213e+00
  3.11528158e+00 6.33638241e+00 2.11609436e+00]
 [1.40638370e+01 1.23401118e+01 8.74575689e+00 7.34035754e+00
  8.16288703e+00 1.21377728e+01 1.42188058e+01 2.82851256e+01
  5.17712293e+01 5.59317036e+01 8.45673363e+00 2.51334457e+00
  3.01989492e+00 4.83275994e+00 1.06888737e+01 1.51654013e+01
  1.87156502e+00 1.87179706e-29 7.77376223e+00 4.77921368e+01
  4.66936090e+00 4.75098972e+00 8.25741365e+00 1.52989512e+01
  9.08657460e+00 7.88734303e+00 1.23214334e+01 5.76745088e+00
  1.17181378e+00 1.11467780e+00 3.87311159e+00 3.67305032e+00
  8.49983337e+00 6.77298714e+00 6.49226224e+00]
 [1.54179238e+02 1.37708194e+02 3.50897233e+01 4.18914368e+01
  3.44299853e+01 4.62120722e+01 6.16981380e+01 1.01896758e+02
  1.05923427e+02 1.15135658e+02 1.99770280e+01 2.57513710e+01
  5.63227758e+00 1.03814408e+01 2.71706532e+01 4.57517713e+01
  1.61528920e+01 1.69690843e-28 2.02128527e+01 8.93700655e+01
  1.69839444e+01 2.49883702e+01 2.56107045e+01 3.73418496e+01
  6.78317163e+01 5.79409256e+01 1.00734378e+02 5.57562661e+01
  7.08169835e+00 7.51179612e+00 7.90477339e+00 9.22418000e+00
  8.38217095e+01 4.22536668e+01 9.04749503e+00]
 [8.26169792e+01 1.11248837e+02 2.36696740e+01 1.75628431e+01
  1.50022156e+01 2.67125915e+01 2.77224331e+01 6.10135136e+01
  3.96253584e+01 4.05032501e+01 9.73969923e+00 9.46041088e+00
  4.42522599e+00 9.44027569e+00 1.73691880e+01 3.21725420e+01
  8.79911047e+00 5.67596734e-29 1.11059583e+01 3.36468127e+01
  1.21565997e+01 1.17568755e+01 1.26637692e+01 2.75903254e+01
  2.65723997e+01 2.84091160e+01 7.72970098e+01 2.19673961e+01
  3.45171905e+00 2.79829514e+00 4.41667971e+00 7.07409990e+00
  4.25338986e+01 8.68377673e+01 2.66828922e+00]
 [5.98808055e+00 8.66868762e+00 3.78449819e+00 5.72204915e+00
  4.32780736e+00 4.66104315e+00 1.24540810e+01 2.77071402e+01
  3.27208226e+01 2.22328107e+01 1.84672544e+00 2.03895855e+00
  1.48732907e+00 1.58911431e+00 7.26966693e+00 7.96157683e+00
  1.51126582e+00 3.40259204e-29 4.17137185e+00 2.17633842e+01
  3.65535026e+00 2.58688888e+00 4.29717259e+00 6.13156410e+00
  3.33750281e+00 3.89643099e+00 6.59555249e+00 2.50346545e+00
  9.29796674e-01 7.75397293e-01 1.79240907e+00 1.28832152e+00
  3.29736370e+00 4.35820315e+00 5.18722134e-01]
 [1.74546129e+01 1.38255501e+01 1.13738143e+01 9.29616819e+00
  1.52633860e+01 1.28805816e+01 3.27366755e+01 3.73559256e+01
  6.42542356e+01 7.28373433e+01 5.19580198e+00 4.32078021e+00
  3.99821883e+00 3.64898240e+00 1.70699500e+01 1.91166691e+01
  3.44415643e+00 1.48908240e-29 1.34132547e+01 6.28424651e+01
  8.22765427e+00 6.06617603e+00 1.41388124e+01 1.27521457e+01
  8.56764834e+00 7.69547827e+00 1.46087339e+01 5.80734362e+00
  2.60745257e+00 1.60253506e+00 4.24826290e+00 4.20295027e+00
  2.34852473e+01 2.56576447e+01 1.26025522e+01]
 [3.02569511e+01 3.17790996e+01 8.36228935e+00 7.31481608e+00
  5.82970565e+00 8.98228585e+00 1.97143434e+01 5.98313069e+01
  4.14318594e+01 4.28924503e+01 3.76820824e+00 2.79553717e+00
  2.92910778e+00 3.05070324e+00 9.92891233e+00 1.74642440e+01
  2.99177532e+00 6.99726473e-29 5.04017452e+00 3.57003781e+01
  3.85403995e+00 3.37311922e+00 6.96844240e+00 1.24272873e+01
  1.32659506e+01 1.13621896e+01 2.45797557e+01 8.46252183e+00
  1.37829103e+00 8.18215500e-01 2.88494287e+00 3.21481418e+00
  2.58159024e+01 1.61657069e+01 2.61322524e+01]
 [2.96116202e+01 2.54020981e+01 1.99961256e+01 1.32205893e+01
  2.17018547e+01 1.79145346e+01 4.97403345e+01 7.61490238e+01
  8.67310738e+01 8.76028315e+01 8.49319296e+00 6.12347282e+00
  5.88224122e+00 3.97552031e+00 2.03361501e+01 2.19000402e+01
  5.98415006e+00 5.03776348e-29 1.30527113e+01 7.83087120e+01
  1.20359687e+01 7.46024325e+00 1.74150527e+01 1.82921885e+01
  1.36437398e+01 1.09679274e+01 2.38796162e+01 1.10783647e+01
  2.97081433e+00 2.21885962e+00 5.64059443e+00 4.71424367e+00
  6.25271635e+00 8.54600487e+00 5.50320501e+01]
 [4.25542485e+01 5.18843979e+01 6.93529325e+00 8.47380741e+00
  9.15640846e+00 8.66611490e+00 4.76269634e+01 5.34196637e+01
  1.11148630e+02 9.34230251e+01 4.08159993e+00 4.72858685e+00
  3.02054227e+00 2.78776269e+00 3.36263014e+01 3.25509250e+01
  5.42249631e+00 1.76667032e-28 2.17476515e+01 8.20538439e+01
  6.39531737e+00 3.36723019e+00 1.60882680e+01 1.52615230e+01
  1.35469998e+01 1.34358391e+01 4.04647419e+01 1.24542996e+01
  1.59102940e+00 1.61484933e+00 6.49261376e+00 4.72831073e+00
  3.43505692e+01 2.56067961e+01 7.47274819e+00]
 [9.20614921e+00 1.06326442e+01 1.15030025e+01 1.22733351e+01
  1.22413263e+01 9.22360987e+00 1.73230796e+01 1.67536476e+01
  3.18436265e+01 2.67949337e+01 4.61336125e+00 5.79252449e+00
  3.03826015e+00 3.77421771e+00 8.83193073e+00 8.23310834e+00
  2.99551329e+00 2.37844876e-30 4.81384167e+00 2.61188805e+01
  6.69058734e+00 5.95182600e+00 7.65861451e+00 7.38827040e+00
  7.37937101e+00 8.56716147e+00 8.54207888e+00 5.06488730e+00
  1.42667789e+00 1.53414881e+00 2.61522341e+00 2.48216600e+00
  4.93771814e+00 2.72352868e+00 3.77514882e+00]
 [3.93272434e+01 3.73903294e+01 1.53259065e+01 1.59119056e+01
  1.88236452e+01 1.56702712e+01 4.31547221e+01 3.57089692e+01
  9.11949989e+01 9.69920308e+01 8.04452933e+00 7.62945738e+00
  4.49122155e+00 3.82401512e+00 1.81464896e+01 1.45541390e+01
  6.14406635e+00 3.82194917e-29 1.00787840e+01 7.66275017e+01
  1.07766142e+01 9.71498742e+00 1.53240462e+01 1.16151667e+01
  1.76846741e+01 1.52666571e+01 3.38386987e+01 1.25032187e+01
  3.45104380e+00 2.79050773e+00 4.41960099e+00 3.28179139e+00
  5.61765159e+01 3.97598264e+01 4.30693332e+00]
 [4.19340019e+00 6.81695468e+00 4.27478237e+00 5.44345166e+00
  7.58462112e+00 6.31813198e+00 2.49042486e+01 1.98271734e+01
  3.58619412e+01 2.80383546e+01 1.80276755e+00 2.55523932e+00
  2.67680973e+00 1.66515395e+00 1.16731393e+01 7.17374007e+00
  1.37208233e+00 9.47800107e-29 4.01112955e+00 2.19789900e+01
  3.08552463e+00 3.40968227e+00 8.33442675e+00 6.23290590e+00
  2.36049365e+00 3.58439195e+00 4.25603644e+00 2.01798187e+00
  8.85483237e-01 9.43738463e-01 2.65645215e+00 1.22568893e+00
  5.91683294e+00 6.00857665e+00 6.50221365e+00]
 [4.57478840e+01 3.89417260e+01 6.10788008e+01 4.36849556e+01
  5.19970229e+01 4.61280838e+01 8.50422724e+01 8.26903669e+01
  8.53080690e+01 1.00754658e+02 2.67963049e+01 2.27787679e+01
  1.18094705e+01 1.32157191e+01 4.55128023e+01 4.49007425e+01
  1.87374969e+01 1.74871587e-29 2.68979482e+01 7.08463401e+01
  3.98165116e+01 2.97020090e+01 3.86095512e+01 3.63524916e+01
  3.55887181e+01 3.05338982e+01 4.16981108e+01 2.65266424e+01
  1.10970932e+01 7.18935622e+00 1.16204810e+01 1.63227730e+01
  6.91375909e+00 6.62723688e+00 1.56697884e+01]
 [3.27509953e+01 3.07708504e+01 2.05315616e+01 1.97041210e+01
  2.30424624e+01 1.72346341e+01 7.64714817e+01 8.59979989e+01
  1.34018684e+02 1.31804582e+02 9.25872639e+00 1.08362940e+01
  7.08779756e+00 6.26296429e+00 4.49839813e+01 4.59049945e+01
  9.28340079e+00 2.65439657e-28 2.87708210e+01 1.08262955e+02
  1.25637040e+01 1.11507538e+01 2.80906801e+01 2.26674600e+01
  1.81832804e+01 2.16113997e+01 3.04601999e+01 1.55622362e+01
  4.58590781e+00 4.62206046e+00 1.44699931e+01 9.89111330e+00
  1.46563800e+01 9.27757735e+00 3.39259480e+01]
 [6.31057739e+00 1.27770152e+01 4.32644592e+00 5.35516727e+00
  6.07753789e+00 5.44313463e+00 1.43243533e+01 1.79814791e+01
  3.27418695e+01 2.30381065e+01 2.20455229e+00 3.47105019e+00
  1.47590292e+00 1.51644847e+00 6.42873658e+00 5.92549486e+00
  1.57209125e+00 4.56118647e-30 2.48183499e+00 2.18823551e+01
  2.97587345e+00 3.34919475e+00 6.12650386e+00 5.80031910e+00
  4.10164734e+00 7.24414948e+00 8.27716472e+00 4.28746088e+00
  7.40579147e-01 7.19237594e-01 1.41487775e+00 1.20280507e+00
  3.23008808e+00 7.23944477e+00 8.68205906e+00]
 [5.63864198e+00 3.16517489e+00 5.31802209e+00 4.51781539e+00
  6.53794744e+00 7.19181372e+00 2.32408502e+01 3.79331137e+01
  6.76234498e+01 5.55839299e+01 1.68817423e+00 1.92340519e+00
  2.06488679e+00 2.28369986e+00 1.51895469e+01 1.35841654e+01
  1.07700780e+00 2.59435202e-29 6.13379753e+00 5.60207231e+01
  3.51067194e+00 3.25349959e+00 7.45331462e+00 8.46154918e+00
  3.27363266e+00 2.93239467e+00 3.50554900e+00 1.40368165e+00
  7.94885040e-01 7.51393627e-01 2.65488217e+00 2.47171698e+00
  4.54063585e+00 2.43567028e+00 1.40686244e+00]
 [2.19960514e+02 2.27173922e+02 1.39836824e+01 3.00775246e+01
  6.65936236e+00 9.60151303e+00 1.23087752e+01 3.51598804e+01
  2.78167713e+01 3.78783474e+01 7.14823578e+00 1.40778427e+01
  2.93488353e+00 5.03717572e+00 8.52122318e+00 1.35598533e+01
  7.48997583e+00 8.12021154e-30 5.57267799e+00 2.28693633e+01
  5.04602793e+00 8.31240349e+00 6.35420690e+00 1.13545705e+01
  3.67886558e+01 5.22591051e+01 1.31541420e+02 3.51139574e+01
  2.22020978e+00 2.54910722e+00 3.16659858e+00 3.87757968e+00
  1.76306365e+02 8.93919072e+01 9.67789266e+00]
 [2.10321832e+01 2.43997898e+01 6.25984535e+00 5.31480544e+00
  9.65850830e+00 7.31290779e+00 1.95295520e+01 1.60604286e+01
  3.17784629e+01 2.77200386e+01 3.42447051e+00 3.11053435e+00
  2.90508109e+00 1.75147001e+00 9.96380568e+00 8.20335687e+00
  2.38678468e+00 7.63503792e-30 6.59506791e+00 2.98416767e+01
  4.73271812e+00 3.40243097e+00 8.69605559e+00 6.32533941e+00
  7.18893174e+00 8.11146619e+00 1.70598679e+01 5.58809551e+00
  1.13657086e+00 1.16587233e+00 3.33474507e+00 2.09392173e+00
  1.38932179e+01 1.42506128e+01 1.92884735e+01]
 [6.49889448e+01 1.38658520e+02 1.49685428e+01 2.34376314e+01
  2.08998775e+01 1.62848547e+01 5.75502918e+01 5.45078181e+01
  8.98751139e+01 9.34801238e+01 6.13312490e+00 9.64586144e+00
  8.47927934e+00 1.51364671e+01 3.17548745e+01 2.65076675e+01
  6.50025010e+00 5.00806133e-30 1.45844233e+01 7.20368621e+01
  9.87275397e+00 9.82945695e+00 2.72485978e+01 2.14975493e+01
  2.02539943e+01 4.68398598e+01 8.69407394e+01 2.28691356e+01
  2.64801492e+00 2.68691261e+00 8.94249829e+00 8.28005595e+00
  2.50697706e+01 3.34903722e+01 1.01204597e+01]]