[[2.11436961e+00 2.97811205e+00 2.22044534e+00 1.54440513e+00
  2.60660724e+00 1.36244842e+00 1.19825347e+00 1.48346851e+00
  1.67202456e+00 1.62213328e+00 1.01123690e+00 1.10141610e+00
  1.88350969e+00 5.32753844e-01 7.63236247e-01 7.41610187e-01
  4.63941270e-01 7.06299323e-29 5.15098069e-01 1.55363650e+00
  2.68476735e+00 1.44360961e+00 1.16322427e+00 1.09366860e+00
  1.55070389e+00 2.00851503e+00 2.10521135e+00 7.03702494e-01
  3.14179501e-01 2.89961612e-01 3.01657761e-01 2.27838749e-01
  2.54898540e+00 1.69031183e+00 6.69321209e+00]
 [2.91984942e+01 1.63826384e+01 1.08738137e+01 1.30558678e+01
  5.98308292e+00 6.53200193e+00 1.54618767e+00 2.25599516e+00
  1.94681063e+00 2.94435734e+00 1.33210166e+01 2.97250695e+01
  2.32771915e+00 2.02141301e+00 7.99071417e-01 8.90609257e-01
  3.20974487e+00 8.59024866e-30 5.77359861e-01 2.47034936e+00
  1.71118244e+01 1.22681737e+01 1.68374563e+00 1.43284193e+00
  2.66876383e+01 2.61905533e+01 2.20300691e+01 1.64787552e+01
  1.48864193e+00 2.72843442e+00 3.70059088e-01 3.46061724e-01
  2.10373716e+01 4.96751494e+01 2.37672752e+00]
 [8.16112450e+00 6.66565610e+00 9.60297603e+00 7.00342213e+00
  9.34447105e+00 7.90681178e+00 1.48581153e+00 2.50414517e+00
  2.11214680e+00 2.54883381e+00 1.47368356e+01 4.73073036e+00
  1.11997140e+00 8.29261203e-01 1.14321585e+00 1.20785304e+00
  1.01651744e+00 1.74148358e-29 7.53265275e-01 2.32883483e+00
  2.90534934e+00 4.22524031e+00 2.31720138e+00 1.75455185e+00
  6.86117216e+00 6.90672467e+00 5.37538865e+00 2.97392292e+00
  3.75259162e-01 5.49628644e-01 5.95747547e-01 4.65673753e-01
  4.10628117e+00 4.40823590e+00 6.34858662e+00]
 [4.66000271e+02 2.68674885e+02 2.36591704e+01 1.65864569e+01
  2.16289945e+01 3.66477701e+01 7.61884804e+00 5.48899178e+00
  1.11081514e+01 7.04723716e+00 2.55173974e+01 4.16414126e+01
  1.49591419e+00 1.02098823e+00 2.32662932e+00 2.06737842e+00
  5.28085998e+00 1.93369928e-29 1.58587756e+00 8.68170911e+00
  8.75743062e+00 1.03424064e+01 6.36458831e+00 5.26182028e+00
  1.53449951e+02 8.91501974e+01 1.48293476e+02 1.13679793e+02
  3.94880673e+00 3.39242459e+00 6.75169234e-01 6.40858583e-01
  3.06437333e+02 1.44977301e+02 3.65884131e+00]
 [8.93585260e+01 1.28795709e+02 2.98473214e+01 1.81866165e+01
  2.72208731e+01 7.48634217e+01 3.83876789e+00 5.44705763e+00
  4.13299956e+00 4.61384553e+00 7.53686778e+00 1.08628560e+01
  5.80955757e+00 9.73597151e+00 2.25019137e+00 3.11327972e+00
  5.02640898e+00 3.78996310e-29 1.41705185e+00 4.25746354e+00
  2.87729583e+01 3.34137906e+01 5.49365350e+00 2.28600967e+01
  2.14518382e+01 3.04750826e+01 8.51325355e+01 1.79357241e+01
  1.90374509e+00 3.30432031e+00 9.58340526e-01 8.41767277e-01
  5.68480757e+01 1.18704672e+02 2.32155691e+00]
 [1.06300359e+01 3.38149861e+01 3.55080827e+00 3.06591976e+01
  2.05976697e+00 2.17545184e+00 8.84059843e-01 1.22456017e+00
  1.74881483e+00 2.22288383e+00 4.06061346e+00 3.31406955e+00
  9.93380881e-01 4.38411560e-01 6.02906351e-01 6.09720391e-01
  8.38220244e-01 1.00423499e-29 3.91607344e-01 1.89670511e+00
  1.22736949e+01 3.17673605e+00 8.02416687e-01 6.91543107e-01
  1.52519457e+01 7.68481089e+00 8.28064465e+00 2.42191075e+00
  4.38093666e-01 4.02245810e-01 3.11325544e-01 2.20310884e-01
  1.27232426e+01 6.02561655e+01 3.98575277e-01]
 [1.36929058e+01 1.01694403e+01 3.69792437e+00 3.04057151e+00
  5.47578904e+00 3.76750871e+00 1.42297823e+01 6.70903167e+00
  5.66913972e+00 4.83830913e+00 1.42904907e+00 1.62155134e+00
  1.24642055e+00 9.94002779e-01 1.62240794e+00 1.37750225e+00
  1.21152297e+00 9.59306081e-30 9.71157012e-01 5.50384389e+00
  2.34861694e+00 1.65370808e+00 2.88713759e+00 2.10059370e+00
  4.13645051e+00 4.83960909e+00 1.07765816e+01 3.07968182e+00
  6.36108788e-01 5.63786664e-01 5.96939004e-01 4.82304843e-01
  2.02881884e+01 1.98052665e+01 1.03911031e+01]
 [3.13338554e+01 3.17734339e+01 6.09984482e+00 5.96236897e+00
  2.85184429e+00 2.24910094e+00 2.00056782e+00 2.66600437e+00
  1.76502098e+01 1.29835513e+01 2.45170364e+00 1.43005316e+00
  7.34445081e-01 1.50558076e+00 1.61961517e+00 1.66638641e+00
  2.06990022e+00 1.72587966e-29 1.03541866e+00 1.19670330e+01
  5.13714432e+00 4.17094190e+00 1.09089606e+00 1.23309283e+00
  9.72881348e+00 1.80113674e+01 2.29335364e+01 6.11062340e+00
  6.55989754e-01 3.96271068e-01 4.64710642e-01 4.83663076e-01
  4.14707510e+01 2.51200263e+01 2.29751162e+01]
 [3.50631425e+00 8.33688358e+00 6.38975619e+00 2.44717984e+00
  8.28295974e-01 1.18299461e+00 8.56996698e-01 1.67177087e+00
  2.21257106e+00 4.11673863e+00 1.58763177e+00 9.21634579e-01
  3.83151533e-01 3.72401353e-01 5.20578093e-01 6.34830017e-01
  7.40474029e-01 1.35067524e-29 3.82393755e-01 2.98972090e+00
  1.25452916e+00 9.09558850e-01 5.52841058e-01 5.70707572e-01
  5.88547932e+00 2.24478332e+00 5.74661977e+00 2.00689660e+00
  3.40344354e-01 2.75910613e-01 2.44711003e-01 2.15388117e-01
  6.48139132e+00 8.01829540e+00 1.40032487e+01]
 [2.65095041e+01 2.96649811e+01 5.88658191e+00 3.59698392e+00
  3.04429825e+00 1.04508010e+00 3.68931220e+00 1.36344867e+00
  3.90629260e+00 1.98804562e+00 5.20614347e+00 1.19148264e+00
  5.27723820e+00 5.47817837e-01 1.43313514e+00 6.94505363e-01
  2.51897735e+00 6.71929951e-29 7.43857486e-01 2.56945544e+00
  2.71515453e+01 1.24521042e+00 1.79802356e+00 8.02442030e-01
  2.08032954e+01 6.20666990e+00 2.26502156e+01 7.66082916e+00
  6.63595569e-01 5.78664939e-01 7.49540455e-01 2.57625901e-01
  1.58134068e+01 1.67181230e+01 7.64683257e+00]
 [3.01062931e+00 5.58959340e+00 3.23367283e+00 3.59539138e+00
  1.91255999e+00 1.76507809e+00 2.93928060e+00 4.46640049e+00
  7.41939811e+00 4.60743709e+00 1.57527747e+00 1.75191678e+00
  6.58680047e-01 6.40295103e-01 1.18391930e+00 1.06156145e+00
  8.18817016e-01 1.19812292e-30 5.88836763e-01 5.15274978e+00
  1.76691743e+00 1.65576043e+00 1.18825897e+00 1.07397629e+00
  3.58054029e+00 4.33215261e+00 4.00397351e+00 1.93757668e+00
  3.62699735e-01 3.86084114e-01 3.96838208e-01 4.02226578e-01
  3.80620959e+00 2.83360733e+00 2.22374538e+00]
 [3.02909462e+01 2.36842597e+01 7.63924160e+00 5.51089889e+00
  1.30917896e+01 1.04622272e+01 6.34061105e+00 3.22938110e+00
  3.57555209e+00 3.56190785e+00 3.44635427e+00 2.82166243e+00
  3.79846778e+00 3.34652681e+00 2.21575621e+00 1.45813920e+00
  1.87309048e+00 5.55975224e-30 8.55623530e-01 3.26901294e+00
  1.80459185e+01 1.10129369e+01 1.04554114e+01 5.26503390e+00
  9.24651054e+00 1.00349855e+01 2.81102655e+01 5.19269597e+00
  1.02368283e+00 9.05794358e-01 7.18303506e-01 5.14322208e-01
  3.03598071e+01 1.82171669e+01 2.50096830e+00]
 [2.56623822e+00 4.70763883e+00 2.32084237e+00 3.64160811e+00
  2.78008206e+00 2.77233096e+00 3.78568088e+00 3.51603819e+00
  7.11037222e+00 3.70335150e+00 1.29517882e+00 2.14445674e+00
  1.10353465e+00 8.14528190e-01 2.48859872e+00 1.69845349e+00
  9.10962453e-01 3.88488674e-29 1.46496971e+00 5.11557310e+00
  1.70609703e+00 2.19776473e+00 2.31198312e+00 2.00478279e+00
  1.52443992e+00 2.76880505e+00 2.81583539e+00 1.36455490e+00
  5.34194375e-01 6.65747266e-01 9.99898453e-01 5.56079694e-01
  2.71508790e+00 3.43801532e+00 4.74611897e+00]
 [4.53677786e+00 3.71786514e+00 4.35656048e+00 3.04524898e+00
  1.55436283e+01 4.96785962e+00 3.55103055e+00 2.19198305e+00
  2.20470262e+00 2.92662358e+00 1.74457203e+00 2.54087202e+00
  1.70631579e+00 4.69773672e+00 1.55268239e+00 1.58875937e+00
  1.10010047e+00 1.73216463e-30 7.81022838e-01 2.39450182e+00
  5.91325576e+00 7.98251501e+00 5.09929889e+00 2.01018089e+00
  4.35948039e+00 4.37725665e+00 5.32914446e+00 1.76927011e+00
  6.56552344e-01 8.14680953e-01 5.92878966e-01 4.90454472e-01
  2.07785304e+00 1.77808216e+00 5.80380819e+00]
 [7.95969332e+00 5.94274545e+00 2.51010411e+00 1.83904892e+00
  1.68466121e+00 1.10495310e+00 1.34350515e+00 1.81207746e+00
  2.35544381e+00 2.81661090e+00 8.41978937e-01 9.48796536e-01
  4.22059367e-01 3.84779169e-01 8.58600848e-01 7.40811468e-01
  7.13440503e-01 5.43501715e-30 4.15764344e-01 2.07487683e+00
  1.06857083e+00 8.39405668e-01 8.41411619e-01 8.24624936e-01
  3.04578771e+00 3.16578816e+00 6.41002828e+00 2.15798441e+00
  3.30085668e-01 3.30566824e-01 3.51242953e-01 2.17633911e-01
  6.13463945e+00 3.89778952e+00 7.20329046e+00]
 [3.74599524e+00 1.21777003e+01 2.36934053e+00 2.43516789e+00
  2.13185691e+00 1.13225008e+00 1.53542207e+00 1.09502720e+00
  1.07321276e+00 1.23159527e+00 3.23947079e+00 3.28706994e+00
  4.14193453e-01 4.15513547e-01 6.14106004e-01 6.03417995e-01
  1.24513209e+00 2.15416786e-30 3.50316775e-01 1.12309166e+00
  1.71231569e+00 1.69124267e+00 1.21298769e+00 7.54291874e-01
  1.10850777e+01 1.02574796e+01 6.59889252e+00 6.92780885e+00
  5.08167420e-01 3.68623455e-01 2.58434020e-01 2.56642535e-01
  3.35288921e+00 7.78913376e+00 5.86603070e+00]
 [5.62446248e+00 2.87287165e+00 5.34767296e+00 2.88520522e+00
  4.87341334e+00 5.38454614e+00 3.36567264e+00 4.27311146e+00
  8.46594108e+00 1.11555044e+01 9.80641201e-01 1.52138052e+00
  1.88976118e+00 1.62024364e+00 1.16764771e+00 1.56101120e+00
  4.17337497e-01 5.81296317e-30 6.66894019e-01 1.13188423e+01
  4.69674826e+00 6.80172358e+00 1.96991649e+00 4.68017869e+00
  3.74051918e+00 3.73352498e+00 3.17323703e+00 8.36494831e-01
  3.88565278e-01 3.92107951e-01 3.90972803e-01 4.02203984e-01
  5.50865386e+00 3.08289051e+00 1.51695597e+00]
 [6.65399414e+01 6.69492804e+01 3.46540273e+00 9.86941092e+00
  3.41173683e+00 2.35062078e+00 2.98904652e+00 3.19824138e+00
  4.95002721e+00 4.64643711e+00 2.13022868e+00 5.06015346e+00
  7.12285167e-01 9.72536618e-01 1.48078080e+00 1.54225969e+00
  2.47407209e+00 1.72115724e-30 9.20763941e-01 4.81764462e+00
  1.52345009e+00 2.52754218e+00 1.43131118e+00 1.84608617e+00
  1.03325309e+01 1.72047688e+01 3.99243725e+01 1.11522455e+01
  6.84524728e-01 8.93312310e-01 6.36921703e-01 6.23332412e-01
  6.47035275e+01 2.58146664e+01 2.74628642e+00]
 [1.22929321e+01 1.43059766e+01 2.64384362e+00 1.72558759e+00
  1.76796112e+00 4.50158646e+00 1.22759736e+00 1.74743541e+00
  2.26470475e+00 2.96489283e+00 1.15661842e+00 1.08596235e+00
  3.28690651e-01 6.76961286e-01 8.56668648e-01 9.51168532e-01
  6.98231885e-01 3.37999660e-30 4.35380952e-01 2.71282937e+00
  1.25867040e+00 2.05885546e+00 6.99723229e-01 3.43339505e+00
  3.26658048e+00 4.05329213e+00 9.49236819e+00 2.21039793e+00
  2.56329812e-01 3.27726948e-01 2.88445102e-01 2.15993083e-01
  6.12138276e+00 8.77790822e+00 1.00628390e+01]
 [6.04897052e+01 1.58815021e+02 4.81322670e+00 1.51145149e+01
  3.39970357e+00 1.92246769e+00 3.21320775e+00 3.43819027e+00
  4.57091802e+00 5.22556257e+00 3.02978154e+00 6.69596710e+00
  8.56429269e-01 1.12550867e+00 1.75731529e+00 1.68453110e+00
  4.73110621e+00 1.54587856e-30 1.19835810e+00 4.70738809e+00
  1.57473291e+00 2.76256781e+00 1.78411910e+00 1.86116011e+00
  1.83839828e+01 4.48383984e+01 7.69183965e+01 2.07452503e+01
  9.65149521e-01 1.32218692e+00 7.43472488e-01 5.73897590e-01
  2.83540596e+01 2.61568182e+01 3.93580155e+00]]