[[ 2.00181445  1.01045872  1.11268013  1.61363832  6.58493793  1.52976166
  11.38187367  8.08860707  8.21664506  7.31988925  1.90354239  4.39089251
  10.56515179 12.45596968 10.6499102   9.80820119  7.79709935  1.29918075
  11.52934351  7.505184    0.62564845  4.46133673 11.00848001 10.47948794
   0.61488187  0.59031343  1.52755592  1.18212927 14.70676751 12.68595664
  13.20612639 12.25947062  0.31622305  0.6540046   7.12353727]
 [14.51790814 15.50669519 20.01499469 17.77886678 21.50277525 21.43457333
  22.82938079 21.62738469 16.05030132 16.83166257 13.97367297  9.55513087
  22.06100293 22.22084678 24.42075055 23.10042259 21.08252663 19.00447911
  22.61959359 15.92198861 16.70683544 16.74780012 24.47239713 23.52260843
  12.65128917 12.21316871 14.31885153 14.28956774 20.63487122 17.61139696
  26.33736379 25.01783936  6.22344028  4.89408701 11.47653747]
 [ 9.74654552  5.64281237  2.492184    2.8945867  10.81887598 10.55515741
  13.94702057  3.92132647  9.04792157  8.46093468  4.34503029  6.6932859
  12.18872771  9.98379299 12.71012365 10.5310706  11.02043273  2.6928235
  12.09456457  8.9727962  11.69912687 10.92622815 12.83984966 10.62054309
   3.10971282  3.61347605 11.01792861  1.14138145 11.63781839  9.77603041
  11.15931297 10.98895507  1.79008186  3.71571902  9.22548475]
 [ 4.76769567  6.52368409  5.98363225  4.57374487  7.77627298  6.00455591
  11.29203799  8.38315035  8.28981479  7.65174124  6.94044276  5.76548628
  11.20688593  9.72477094 11.71773     8.66758429 12.7113875  13.79041457
  10.79798346  8.48901726  9.10819338  7.38073124 11.91029494  9.15716572
   3.92184017  5.70331112  6.70096645  3.80630134  9.69853112  9.90349842
  12.41967453 11.05424982  4.15816576  2.14382041  8.25810452]
 [ 8.99482682  8.82871223  9.09414046 12.06623032  9.71013601  5.71517001
  15.42783979 12.19400534 13.78998499 12.50738244 10.73278824 11.58814671
   9.50021087  7.94485354 13.12567858 10.29502814 11.61343469 12.76505655
  12.37912324 13.70173842  8.06356512  8.61694385 13.89928897  8.43958666
   9.27083019 10.0579488   9.32795163 10.31315771 12.52123683 11.46328019
  12.50523168 10.42177397  8.4772416   7.00796225 10.13787639]
 [13.46671981  7.48664529 15.972956    8.56907427 21.0368343  19.31621804
  19.84524094 14.21063247 13.12102624 13.52015875 12.86860365 12.242209
  19.98924514 18.36699942 19.89271775 14.72017979 14.02224933 17.47870263
  15.36980419 13.65718168  6.67542308 15.24361489 23.84875131 19.59196409
   6.6418691   4.86592039  6.97880839 11.4418067  15.99180359 14.99647634
  20.55709603 15.41590351  5.76958665  2.81362677 11.35634764]
 [10.10503981  8.05618628  8.37257016  7.44831577 12.40877432 11.27567599
   7.3047599  10.98598919  9.2158533   8.18265659  9.79697412  8.80488428
  13.31519343  9.45580227 12.48452778 11.29381849 12.53518287  7.68916229
  11.20551601  9.20147636  4.6626224  10.09463564 12.98783422 12.09043277
  10.16864931  6.40432171  8.66744092 10.26807848  9.76435541 11.23246048
  12.30637517 11.46527349  7.83062893  7.2016675   8.0647124 ]
 [19.6930929  16.08579404 15.98835442 12.63910335 25.9984461  22.65560766
  28.41134575 16.97422741 16.59864495 15.89771173 33.88759978 27.75840641
  20.12708559 18.18687201 27.22015854 21.46866485 62.78554195 24.31693355
  29.06433673 17.26556769 21.22055128 14.86062977 26.77681524 23.65308843
  31.70670977 15.5363345  25.11547463 51.54820914 48.12049021 38.52933341
  25.04654203 26.9015163  14.88391448 12.87182595 12.16815056]
 [15.72863412 14.46394317 19.908062   18.37374004 21.39404018 18.17221049
  18.73609409 15.67393027 12.36798274 11.08365788 18.66816496 16.05763148
  17.90060333 17.18515872 17.1018144  14.25441465 16.98853527 15.44276441
  14.32322399 11.83506649 19.38182476 17.30502299 20.44318515 17.01188223
  15.11478194 16.11467751 14.51484555 15.50526123 16.22796754 14.92195775
  17.21580914 14.88213244  8.65065889  9.63627583 12.87302367]
 [ 5.6615158   6.59381469  9.23269547  1.57675235  6.3384848   7.95467981
   4.02822661  2.55168233  3.86772727  3.58496187  4.27413181  0.63014004
   6.19586915  6.38542958  3.9829902   5.10273169  7.34133722  1.21635846
   4.04524874  3.28757907  1.40433657  0.73033187  3.83452703  2.03565452
   5.3539382   0.81531018  7.24035454  6.59321731  6.9468857   2.17627957
   8.63491336  7.58786245  4.21565972  2.4067651   2.61992177]
 [ 6.98581338  4.60505005  0.99592441  0.99231515  4.58173406 12.65943224
  13.03309044 14.2079667  10.37637181 12.83669819  2.38268282  1.62551408
  13.69829631 14.56547589 15.84540439 15.60851099  5.40981734  1.49850042
  16.72941023 12.34591668  4.97971609  8.35254843 13.76094715 15.34450007
   1.06352183  2.46146266  8.85125309  4.43142773  7.58085084 10.99797798
  16.81514214 12.19210029  0.74439692  0.89050864  5.08464308]
 [ 6.85131915  8.34942639 17.13779971 10.67889626 19.38169175 18.10675508
  17.41615045 19.21880625 12.52339239 11.82514545 16.12396575 16.97964977
  20.4915978  23.15159743 21.26455931 21.36592752 20.98211518 23.29763756
  22.61879096 12.95294756 16.26197581 16.68282962 18.21803654 18.89083844
   8.43401153  9.06336326  7.4614612  12.94564696 24.2564307  23.24952545
  26.18083523 24.11237104  3.30470012  4.25062776 10.3808643 ]
 [11.49218423 12.50453751 12.91746266 12.78360811 11.71425906 12.40450067
   8.29032447  8.6500334   5.74534905  6.9091163   8.60662558  9.54170708
  10.09768509 10.91056385  7.84734548  8.89360725 10.99883513 10.47231383
   7.94156915  7.42318673 12.32258296 10.84121271  7.39604707 10.34303602
   7.35217939 11.84422279 11.17629858 10.76644681  8.30731973  9.23677848
   8.31775045  9.95513215 13.19066098  9.145807    7.085027  ]
 [29.08548454 29.67957037 34.69449756 33.24015948 33.81637632 35.31864227
  32.7380527  29.68210667 27.95748014 25.00251551 39.70636412 35.05743871
  34.6965135  28.18712912 31.44056591 26.71768884 58.42125647 27.23430744
  30.29229744 29.0351571  32.6807515  31.60141667 37.3226004  32.85116635
  34.67521883 31.98637823 34.28284653 51.7627779  45.95653032 43.86984266
  35.22010991 26.13209421 38.77427262 24.03175537 11.97080326]
 [10.81203155 11.89977083 12.69448606 12.08802705 13.99492557 12.32007345
  10.19542594  8.56191775  6.67162616  6.52751658 13.8485791  12.0101843
  12.01179505 13.31025774  7.91269254  7.96110376 12.99469479  5.84092602
   6.38026025  6.74372984 12.6756417  12.98522071 11.825333   10.94745458
  12.52347166 12.77850045 11.08517998 11.44104503 13.39798406 12.73034941
   8.20984297  8.3022236   9.56170504  8.71462525  7.22500476]
 [19.54280505 16.96847584 26.11720773 22.95453633 24.08774161 23.18414123
  21.4285869  18.34656633 14.74437249 15.43455945 16.63851211 18.45477918
  23.37231039 23.54440361 20.79262696 20.08665717 23.2989322  18.41749303
  19.95641884 16.05552364 20.34473574 20.34634876 23.76855265 16.676913
  15.46945259 16.84021874 17.74186656 16.96866777 19.55896628 20.27824369
  22.65487225 22.81211718 14.44585399 13.61061315 13.18791657]
 [15.46300535 18.77870266 16.9948118  20.24823912 17.38009856 14.72665062
  13.21983773 10.07355057  8.14557991  8.03306252 20.56299215 17.36354829
  11.37342608 11.77056012 13.64846869 11.59069144 18.05349153 12.33839152
  13.47590087  8.20889049 17.97013703 15.08861374 14.96553221 11.99718493
  17.90452599 14.72310776 14.19934058 20.94437419 16.56263522 14.6361788
  14.24185435 11.73190183  8.59987957 11.21301744  8.5696647 ]
 [12.62124172 13.0333536   7.09124964 11.0155695  13.48486471  9.71669389
  20.6414295  12.41455809 13.06976993 11.21621873  9.9769921  16.73369404
  11.93125543 12.9202261  18.25815517 11.18457105 13.94122571  8.86454767
  13.28353466 12.31501898  8.71415644 10.26429797 19.96749161 12.06671916
  11.21925048 16.18416304 12.71758984 13.28011373 11.0938927  16.31077893
  17.63104521 12.51386947 16.22381974  8.20250642  8.0513962 ]
 [14.69528455 12.17696647 23.57542631 21.05392858 22.21930393 21.28970845
  24.96662706 22.49259657 17.27011222 16.87299541 22.43480578 17.55850312
  26.48796463 22.20190937 24.48215516 21.43739315 24.9326512  14.17812861
  20.96718356 15.97821644 25.50098452 21.34998833 26.32340216 19.87268573
  18.71782038 14.24690243 14.31649958 19.75955035 26.99300309 24.67423017
  25.0255608  21.83928553 11.29528118 10.85614874 12.02133723]
 [11.30853222 11.22350395  6.76985146  6.61222263  4.61692434  3.13084809
   9.76906778  7.04865633  8.12973518  7.28404528 15.14629893 10.53175853
  11.64982328  9.89273073 10.04456367  9.95337318 15.81887399 11.29574596
  11.12917402  8.3406243   4.18982669  5.30463717 10.33513577  9.85940274
  11.97381422 10.75848467 11.5571108  10.7317641  19.7746016  15.79916368
  11.20063839 11.3408909  10.2303149  11.87996654  9.98125453]]