[[ 0.28810055  0.15615767  0.14966257  0.17325833  1.24828903  0.14061002
   0.43080322  0.35420242  0.35261369  0.48232603  0.31554758  0.93086017
   5.0465872   2.34144174  0.66831759  0.70582246  0.81457672  0.14176281
   0.97795155  0.4151289   0.1581082   0.84718517  1.06514212  0.99050198
   0.0927323   0.0840367   0.22056554  0.13388402  1.80378044  2.34043794
   1.2625598   1.28198303  0.08127911  0.07729729  4.20394905]
 [11.63771597  7.68777748  7.814637    9.06968627  5.94595568  6.70972544
   1.70307692  2.03128902  1.48479029  2.4104389  16.49905684 23.59990231
   8.52514326  6.61558554  1.70975286  1.75337897  7.06204455  4.94476421
   1.88776786  2.05214983 17.09369221 13.17985144  2.99146755  2.41656604
  15.71125049 14.71518628  9.46695033 12.4006464   6.21503592 12.1928623
   2.22139744  2.06593863 25.24722354 24.34743294 14.52718528]
 [ 6.13649267  3.98367523  1.85665634  2.59875719 13.07499682 11.30364228
   2.62124769  1.23675358  2.04540872  2.42547219  7.27194544 10.23521774
   6.50188368  4.6979904   3.15946418  2.97168052  5.08893464  2.76462607
   2.81106077  2.4633646   6.31679493 10.20018346  5.7430564   3.80505416
   2.67248488  3.74467984  5.98464634  0.59423892  3.3345551   3.96734277
   4.07989341  3.56245206  1.36015219  2.68069844 12.36944427]
 [23.31670233 20.51007126  5.60027517  3.15080509 12.88539373 15.70061492
   5.45595848  2.67648922  5.19504065  3.28251876 17.68832307 19.46622557
   5.94016202  3.03632224  3.73241693  2.29323945  9.28572879  4.39320684
   3.46636796  4.84627484  7.67227795  6.1651103   8.04217689  5.34094023
  18.86251301 17.93285261 18.25666611 21.87760994 12.23257622 10.20668265
   3.58614556  3.05642622 17.58164103  7.83919485  9.62246324]
 [ 5.73377887  5.31845414  9.11754786  6.75467526 20.95995683 32.84160386
   3.88496719  3.27666244  3.32021783  3.56310402  6.88502814  9.16277781
  17.54579227 24.05200507  3.88405016  3.57373319  5.05402829  7.7651777
   3.5814181   3.78228776 22.17216866 27.11116531  9.40079651 21.04161391
   4.97531177  6.36253228  5.75262494  5.27618874  6.65494148 12.15459105
   5.59653622  4.10108344  6.8306324   4.70240392  9.12727255]
 [13.8192794  19.37624926  5.4034587  24.92444352  3.99259322  4.81804489
   1.45972376  1.54790775  1.70560635  2.73088836 13.48882674 10.83179619
   5.7166376   3.82326749  1.80984952  1.86570195  4.03903712  4.8851769
   1.76490181  2.2840079   9.73606986  9.69081108  2.45454173  2.34249804
  17.47529698  6.51983285  5.1064331   7.5140291   3.36570365  3.77057163
   2.5999106   2.34466916  9.8003383  24.09861048  5.17689688]
 [ 5.45299678  5.60814439  1.71022849  1.21390576  5.23633233  3.37367874
   5.93953925  5.3210306   3.32908526  2.50767514  2.88670858  2.43458665
   3.5221167   2.24505872  2.40457855  2.03372999  3.2116559   2.51752871
   1.94099838  3.42483549  0.98932328  1.88678853  3.75477001  2.68233832
   3.81933117  3.25236751  5.12291179  4.86396713  2.3595762   2.57412605
   2.5160275   2.15378102  3.97355261  3.17181502  4.59422657]
 [ 8.87728104  9.16237383  5.90899794  6.10629138  4.84826876  4.411952
   2.59567126  1.90833054 13.09322633 10.05787313  4.95517514  4.28283041
   3.25794369  8.56990446  3.78847405  3.00303384  2.62259543  5.43196273
   3.61729194 10.02580443 11.5985068  12.77898196  2.493615    2.66418728
   6.21014456 11.97935864  7.59369879  3.88216858  2.75175335  3.31899261
   2.69998848  2.65565043 11.99950918 11.02137712  9.27094498]
 [ 3.07758362  6.65749182  6.82310485  3.28838642  1.13243068  1.8777883
   0.69623271  1.04978997  1.22312576  2.1929245   4.35134545  2.79123665
   1.55505363  2.24602065  0.89284751  1.13443308  2.49149439  4.31766354
   0.99977177  1.73419432  2.3736338   2.25933994  0.98241491  1.12319287
   9.09340475  4.01456225  5.53821104  4.1184439   2.35639548  2.05702048
   1.26290377  1.38844463 11.03892804 13.1694275   4.9292814 ]
 [ 6.41720996  6.99012196  7.72193498  0.77929737  3.674155    1.9024922
   2.19472402  0.52021431  1.79838169  0.91896424  7.58764009  0.08901983
  20.53037486  1.91835472  1.41929381  0.94966633  5.39629466  0.6490651
   1.06482746  0.98003187 10.691184    0.24740215  1.55960627  0.48004937
  12.67421638  0.53497113  6.96315049  6.07158381  4.38261874  1.02428304
   4.39105889  1.82146261  4.65746026  3.30423301  3.75059537]
 [ 1.71821819  1.8590655   0.20845655  0.19702145  0.67982864  1.99426126
   3.10959905  5.0840769   5.84240046  4.49263793  0.49745243  0.31108526
   2.62380475  2.4573544   2.5769387   2.42225913  0.81182564  0.62591855
   2.31610411  4.99282295  1.06723981  1.69289574  2.04529264  2.09921311
   0.34257185  0.9314495   2.92713193  0.93513556  1.17075476  1.93706156
   2.59812255  1.91852423  0.36090951  0.67727065  2.26600949]
 [ 6.9763492   6.43952922  5.8431325   2.5977488  11.24608629  9.77909479
   4.96073238  3.12810186  1.81190381  1.81586244  6.10921469  4.66121643
  10.8506284  12.35986132  3.36465003  2.67452966  4.04345637  3.23536694
   2.23763066  1.94652727 19.3917802  13.24568912 11.22424477  6.80500215
   5.24711883  5.56650763  6.83158504  4.80531188  4.81308579  3.84233777
   3.47799584  3.11925486  5.90795406  6.57923075  6.53898471]
 [ 5.75715904  5.42774963  6.28104105  7.0502223   6.05893844  8.6131576
   6.04069666  6.82742107  8.76592779  5.82461692  7.63339198  8.86554784
   7.15080511  8.2170472   7.19050557  7.71334442  7.5374599   8.07434691
   8.13971746  8.65716489  8.12369272  8.69333358  4.04127771  7.97315333
   5.61671919  7.63437229  5.98152142  7.24921804  6.10915814  8.80833458
   7.54984755  9.20071579  3.8714258   4.15330055  4.41713385]
 [ 2.75247705  2.45941936  2.19847982  1.75400791  7.29891672  2.94602362
   1.68060186  1.07946099  1.16579036  1.33691067  2.03083725  3.02825884
   4.38886205  9.75324828  1.40957599  1.59500412  1.24107216  2.52093448
   1.21171145  1.42657116  4.69617894  6.87430197  4.16497281  1.86202975
   3.50883233  3.61587926  3.36147014  1.51687772  1.7046054   2.66228071
   1.804809    1.45394567  3.23060705  2.50134958  4.66763119]
 [ 1.74795642  2.17579713  2.18344079  1.86100707  2.33577531  1.7250629
   0.90834075  1.07307824  1.04722969  1.24685612  2.06565804  2.00782954
   1.92865307  2.08822616  0.99258431  0.91077895  1.78025737  1.11475536
   0.74870271  1.08273015  2.01202689  1.7909907   1.30283901  1.5079772
   2.20302555  2.19657166  1.82317843  1.81644952  1.95464218  1.95448668
   1.14007569  1.13392664  2.16776897  2.52904133  2.41332801]
 [ 4.25345118  6.58087316  3.65455075  3.33858645  3.57950483  2.47258604
   2.31748899  1.7300548   1.16652582  1.57589016  9.4803418   7.07437469
   2.99136966  3.14204972  1.73516372  2.13512892  5.49398078  4.31877563
   1.70044885  1.50374925  3.99805221  3.74290086  3.00222926  1.62653587
  16.30946458  8.95797354  5.36306654 10.71628664  5.0940466   3.91936128
   2.26289638  2.95865409  6.12718559  6.94483399  4.93782663]
 [ 6.73753006  8.3513363   7.29558902  5.7561955   9.96113948  9.78356061
   4.6743026   4.79683554  6.3069953   8.87159988  6.10177451  6.9542641
   7.5423184   7.39932837  2.7322685   4.13844983  2.78013226  7.71967408
   2.91643432  9.0179509  12.98271151 17.42351198  5.3171382  10.89466717
   8.89115107  9.04141859  5.47315181  4.51943898  4.51181472  4.9037277
   2.73669176  3.19370261  5.91757308  8.06054927  6.3263135 ]
 [ 1.13463962  1.36414568  0.33357731  1.82474769  2.7580086   1.16043817
   3.93825585  2.11353624  3.72297586  2.9466698   0.77869334  2.88823647
   1.9467363   2.42852049  3.07485327  2.09902881  1.44754876  0.94814816
   2.28839665  3.63151976  0.77767607  1.61394244  2.91607207  1.9608702
   0.83078859  2.22999796  1.23688449  1.33869505  1.12026423  3.06826016
   3.19656583  2.45453903  2.74613143  0.45836677  3.11175189]
 [ 4.93384331  4.62733634  3.51421115  2.58064719  2.24746307  7.01381673
   1.41707806  2.32617941  2.10754454  3.01176018  3.21942032  2.7519427
   2.05143847  5.07096602  2.17381995  2.7157708   2.7832898   4.1746599
   1.76379994  2.5852972   3.04569482  5.317768    1.47047406  7.4505599
   3.86121484  3.90300207  4.63745347  3.44485863  2.67562407  3.16726868
   2.05403215  2.08447993  4.89891396  4.83678624  4.54149932]
 [ 4.01270952  4.57728598  1.42361575  1.72525421  1.15182361  0.51874568
   2.05268965  1.63053189  2.18165443  2.26310496  3.82753358  2.72893362
   2.51827993  2.41505689  2.02404442  2.23736641  3.68080638  2.12558905
   2.12634417  2.3537882   0.75062585  1.19605832  1.90117987  1.75962645
   4.43840663  3.59229378  3.7554049   3.5338078   3.48061111  3.27888907
   2.43226656  2.47219597  4.43121904  3.41055024  3.75280641]]