[[ 0.93513927  0.51750106  0.45071021  0.63101754  3.47652819  0.73752089
   4.03188138  3.43602067  3.51882734  3.48102639  0.92956709  2.58890536
   8.59148363  9.67171631  4.95243868  5.74298029  3.17702595  0.61629198
   6.51308512  3.41597748  0.36878664  2.41870614  4.92926109  5.99217962
   0.33275985  0.2917912   0.73028332  0.57175225  5.73642327  7.04626932
   7.01109529  8.40339221  0.20423904  0.24816528  7.83046677]
 [16.11625315  9.7207142  11.99225068 13.33583251  8.17454331 10.24784873
   5.76076526  5.44519404  4.90950202  5.1577803  21.81409657 35.60034115
   9.53637169 11.87337133  5.76117837  5.68186943 11.32922483  8.4266232
   5.21312735  5.01500772 17.92262429 20.21831805  6.05422507  6.01542901
  24.45131769 25.99786459 12.10780624 17.06427578 11.38171158 20.07524408
   5.92456327  5.7325849  26.7605203  22.32545791 19.63137679]
 [14.21627807  9.15603591  3.60849443  5.70607315 22.15115288 26.08107547
  18.57808283  6.49949668 13.93707404 13.35762844 11.27936028 21.64624433
  27.9134931  27.51696369 21.7988697  21.02744168 17.05815725  5.5744963
  20.81107396 13.78932243 18.08871971 27.24404936 21.40843515 21.48364963
   5.61576627  8.49483357 16.33740469  1.87460875 20.6784904  17.9038888
  26.15746503 23.33012455  3.24149206  5.96243146 24.90541163]
 [39.18996966 34.68325534 11.85100491  7.43802014 23.58564757 27.43207869
  16.27185942 11.73997872 15.49710744 14.17856624 33.2945101  29.38574837
  18.107439   11.17140592 16.24294246 13.08806501 21.65781937 14.34457879
  14.87092482 15.28588471 13.95411772 15.15333371 18.21226437 14.87967547
  35.80615034 27.28272111 31.14114524 36.0904545  28.96418371 21.75796785
  15.18801871 14.49934432 27.82624689 11.73183267 18.41366455]
 [ 7.73285257  7.09785631 10.62647864  8.63993179 30.27065414 33.54572326
  17.73291939 13.86373455 16.01665942 14.9795617  10.95667937 12.18748302
  23.87766499 25.36887158 18.32270203 16.23174363  9.04190462 12.71497281
  15.58648749 15.43763843 24.18137733 25.47344682 19.93435419 24.03583416
   7.72641445  8.99343954  7.95536098  8.09273865 12.47116982 16.28553765
  22.0142954  16.69547786  9.20804124  5.94023749 14.58632792]
 [13.18233835 16.35709837  8.29068264 21.29901894  8.44592362  9.72414667
   7.6256179   9.15282915  8.35263904  9.299288   13.42631858 12.43072925
  13.41665876 11.53910044  9.17215741  8.53075442  6.55849574  8.81400567
   7.88449228  8.77100962  8.73424148 12.68655514  9.39456658  9.77026467
  17.76882966  6.73079249  6.2160349   9.26858271  8.53426287  8.14155755
  11.00084596  8.78865415  7.66774273 15.24614665  9.37427908]
 [ 8.05789705  7.99441577  4.65596347  3.17038762 13.76554896 10.50924181
  10.68918234 11.80788173 13.80404148 11.17123001 11.33559008  8.32185553
  15.97926887 10.95349407 17.19704687 14.490827    9.82579124  4.6964755
  16.79425618 13.9964691   3.77552077  8.14542216 15.61344731 11.89008218
   7.75560656  5.39245426  7.90378838  9.13310286 14.45431132 15.42783652
  20.44813656 16.60682113  6.15892072  5.77142863  7.6276935 ]
 [15.91536571 17.05490406 10.57871982 10.34717646  9.29870579 10.54432737
   9.36379281  9.68473312 17.3805184  14.2278899  10.15269025 10.32169456
  13.65786481 15.46766215 13.19070442 10.56338705  5.27261689 11.18479919
  10.90454231 14.54282138 13.64851672 15.74112138 10.58545478 10.24334393
  12.86438631 19.90306603 13.91974115  7.41195355  6.98046656  8.78548331
  14.22037637  9.59535353 19.66253837 19.16799256 16.52646763]
 [ 9.34533252 12.59953788 13.55785238 10.86161055  7.89622958 11.25043719
   6.18382434  5.30117908  5.51661954  6.8924413  12.58472665 11.90295686
  12.15336442 13.83654277  9.26054966  8.06734665  9.35263912 13.13892269
   8.21297253  6.42234191  9.00399249 11.86694291  9.38693091  8.47559305
  16.25785163 11.5719023  10.61592765 10.38985615 10.18630396 11.87245439
  11.86023619 10.67703738 16.36935643 21.30498971 12.98347669]
 [10.31766359 11.3448523  11.57903661  1.46440718  6.79428997  5.83490054
   6.39712299  2.65709084  6.1819345   4.67957559 11.52812171  0.33278712
  18.10082555  5.25681031  5.43274842  5.0111613   9.31926954  1.17618994
   4.32260627  4.15228665  8.11428932  0.52872741  4.54161106  1.72549318
  17.85461239  0.95696402 11.05352624  9.87506651  9.69337089  2.49240091
  10.98744345  6.5800309   7.87817494  5.35479813  6.06661031]
 [ 5.98652814  5.24902243  0.72544408  0.7775228   3.45268784  9.05109736
  12.21282127 13.51847083 14.56029431 14.45328895  2.01338268  1.3251237
  17.6252292  15.9764089  16.85924614 15.41864941  3.49860493  1.5496425
  17.58417794 14.92795624  4.13610783  7.05923783 13.06841221 13.63102891
   1.02574595  2.74053978  8.60243703  3.10802558  6.17454343  9.0747683
  19.62123898 13.77915704  0.7526655   1.38734645  7.11524338]
 [10.01474125  9.14010271 11.2857241   5.89699946 18.07114437 19.08923314
  13.80668942 13.93536188 11.78866972 10.96185897 12.23142277 11.50509558
  19.14592056 20.58748225 15.09038182 15.5318246   9.8984498  13.29507793
  15.62734095 11.59327972 20.56051951 16.83752329 16.86511716 14.11367154
   9.16945129  9.80614556  9.94727614  9.24210074 13.31955747 12.00570958
  17.95081745 16.06493189  9.26991335  9.95864561 13.38972942]
 [17.016923   18.31063559 22.22355013 25.56828296 23.32511889 31.56296183
  28.24887625 28.60497766 26.06483896 24.02320225 28.57703735 27.94711203
  30.71701861 34.30201393 30.1827659  30.16503373 27.85070841 26.0078791
  27.85734675 26.69229571 29.11460302 32.10671014 17.63424022 31.05077678
  16.24621861 24.72352583 18.1937356  23.67142503 25.65430655 29.99460858
  29.98966977 33.39716107 12.08999174 13.30775179 13.56913659]
 [ 9.34563495  8.95590516  8.86893398  7.73061032 13.49038381 10.423114
  10.74176402 11.41139763 10.23165265 12.00968813 10.04900702 10.47117956
  16.1488641  16.60861244 10.76242337 11.29582462  5.66240857 10.55304564
   9.03065162 10.75223901 11.76508242 12.12832896 12.55221054 10.90522361
  10.28017833 10.6756728   9.25720376  6.3032788   8.21434322 10.87644087
  11.47056686 10.26280839  7.98671665  7.16514007 11.39510901]
 [ 5.38164997  7.79499841  7.88841767  8.43495445 11.13567527 10.66304846
  10.37609389  8.9448014   9.30558861  9.13899849 10.38934527 10.23855728
  15.68585257 14.55533442 10.03017195  8.95774257  9.1434261   7.41296278
   7.46954637  9.30657081  9.30675611 10.56643006 12.0915799  11.52819318
   7.68355424  8.62500526  6.05469943  7.14632972 11.6017019  11.54579235
  10.13788413  9.82631472  5.53754566  5.81266958  7.1923056 ]
 [ 9.09050719 11.9235464   7.20939676  7.06129815  7.78578398  7.28183466
   8.42207746  8.89617847  8.50842451  9.18263746 14.62139992 12.1842994
   9.04939497  8.91062015  8.6929742   9.36010109 10.59499288  9.36237075
   7.04750089  8.58972423  9.15195892  7.52140633  9.12906715  6.54680921
  19.75388784 15.86997556  9.73498155 18.22505529 11.70143567  8.69445324
   8.76387845  8.91816119  9.51092459 12.75250822 10.07786675]
 [12.29728967 16.19694186 10.17066355 10.03862212 15.6337021  24.38541668
  11.5200581  11.70830574 11.79471069 15.69008166 12.03665676 12.56999663
  11.55420284 15.65110232  9.35164944 12.3930966   6.89713335 14.11978183
   8.91232675 14.94822365 17.66758295 23.37245848 13.35623125 19.94091001
  17.47071945 15.0528098  10.89886449  9.60364027  9.6360837  11.39563462
   8.71391601 10.02348681 10.1355058  13.1808884  10.65172093]
 [ 3.44710702  4.20431412  1.28519867  6.00929445  7.75182117  4.23573299
  15.69974683 10.35007006 15.55290341 14.74767594  3.10148745  9.89238505
   9.54681877  9.36527689 17.63933511 10.87443257  4.93186617  4.41016264
  13.33167771 14.21982197  3.24104049  5.89653848 15.03040367  7.84716061
   2.76457181  6.95712872  3.80152772  4.19259259  4.95364586 11.895538
  20.66631145 11.2256879   7.48027269  1.21965071  9.17997991]
 [ 8.23760347  8.09530892  8.09356764  8.39207696  9.0869015  13.56979647
  11.63581964 12.24888996 12.00843568 13.51052558  8.50782033  8.25432016
  14.22670072 13.71624036 12.69897287 12.16156164  8.24131383 12.43604484
  11.25101563 11.76069634  9.78966831 11.64491617 11.07895959 11.98965192
   7.63277593  8.45413174  8.35236409  7.63215217  9.72872841 11.20529295
  13.62945909 11.9084943   9.33707024  8.3520356  12.76813965]
 [ 5.13604175  5.30450195  3.30447706  2.89777506  4.52623089  2.67219831
  13.46556087 11.19992955 14.21726161 14.51324092  7.70535862  5.00246174
  12.62762046 12.46813746 14.23143014 15.25605418  5.49295109  4.4536945
  11.66277085 13.96797004  2.86263153  3.35982589 11.75951981 10.81033749
   6.12278348  4.64386681  5.0556615   4.64178056  8.58016961  6.90149766
  12.69933931 12.70450269  5.28232614  4.63468986 13.54098699]]