[[93.9774398  97.07387845 96.79982247 95.02015874 70.72931399 91.70562612
  29.77981802 22.73310588 22.51468371 18.81544166 94.70187861 85.72406953
  53.13756803 40.06708721 29.57288108 23.65452151 82.11606594 88.74975804
  32.51217457 19.82927312 97.95971429 81.39377045 41.48343852 25.91008723
  98.23521358 98.39050772 95.49322313 96.86197812 64.80276177 62.14273493
  38.34980152 36.4203609  98.8403855  98.38872306 71.65138349]
 [52.97295466 61.50046785 54.65778487 54.91901613 56.53474783 55.11498195
  55.36348547 53.82687398 54.84129111 57.17686353 42.82410041 28.03225607
  46.29734914 41.34127587 52.86992974 55.77821201 55.38029608 53.90151538
  59.97224815 59.0267027  42.88135484 44.95824112 53.60960182 55.76013188
  42.73902677 42.79733879 59.52075592 51.73617306 54.58248903 44.16175914
  51.29242128 53.90499324 38.03012589 45.32735165 41.43077374]
 [59.32583798 73.84250887 90.35174517 86.07679927 42.53327678 34.70786635
  39.76903282 74.37289355 24.83419589 22.53131314 72.93065784 55.98748092
  35.86419298 30.42235264 32.79109014 28.15837412 57.46296365 85.99655384
  35.27291251 24.22157208 53.7432591  40.1601401  39.54311241 30.91228785
  85.06273797 79.87066021 52.94205022 95.23733893 53.93639201 60.30674376
  32.0788678  34.01925596 90.79281474 83.52242048 40.85028074]
 [25.01114883 27.77063768 68.25912838 76.87962716 35.24114888 31.06460321
  22.79728634 27.51446778 21.47995519 21.25836159 28.22891191 33.34447563
  42.38016509 45.19407961 24.71930293 25.20096035 27.9422332  28.91942604
  26.68402126 21.49096184 54.38598476 56.40525285 29.47404807 32.7188741
  33.0714252  37.42610924 31.49963888 27.49537327 27.16709063 35.5313431
  26.82014261 27.39739475 45.6247307  76.00041697 39.91157141]
 [72.23734092 74.1610988  63.93138907 66.01616249 27.50761065 16.1790384
  34.89820298 33.96308748 35.0403685  37.67077435 62.52816054 59.08177178
  35.71144218 19.31275963 34.68665367 32.96864025 65.44317221 55.12541983
  40.38407582 37.18684565 36.21512852 29.25919121 35.09518795 21.08740453
  71.86452311 68.65487585 71.74090417 69.85572093 56.28644173 49.80335988
  34.0913219  34.31670664 70.37338538 78.90937792 55.6580618 ]
 [51.74702665 51.81278185 64.57382526 40.55571431 58.13575117 55.81862454
  50.50574407 40.06536425 44.90834872 47.13590095 54.08167067 57.83107729
  52.31828302 52.41240074 47.30264365 50.52149295 68.09805206 52.26994903
  56.18120089 49.0803839  71.9546705  54.48756961 51.15736211 47.52552397
  54.28997722 78.5777023  77.63143791 64.0085272  64.96496281 65.82297564
  50.87356082 59.73974956 74.22247038 56.09861373 67.35505149]
 [69.43302547 70.71687318 80.001038   84.45602537 53.9934276  63.30727107
  62.40216546 42.25757054 35.91904665 40.38715156 65.48510012 73.95148221
  55.88531359 69.10403843 42.6143924  43.95797308 65.29717139 81.1890008
  43.25089131 34.27271163 87.10674489 72.95198573 49.25618989 57.05338416
  70.3456     79.77925627 71.36123978 66.56288829 63.74969604 63.44875394
  46.82353372 51.00542516 77.43718365 79.74601498 74.14139122]
 [46.94208001 48.53292045 59.42327085 63.41604433 49.94380692 44.76799942
  34.05047487 28.60535605 22.19275116 26.58934317 43.38855241 49.26478432
  49.9638019  40.41067735 32.57574667 33.49219242 25.52862037 37.04340104
  38.80570249 28.25655416 44.83087706 46.28466367 44.21536322 36.58931705
  40.75077186 45.02424967 45.23229435 31.78130463 36.36561886 42.51317663
  41.2714531  43.195889   45.98423938 49.84612261 51.48952064]
 [45.85755704 45.99395795 38.35873233 49.7111582  39.90693199 40.26350584
  33.97430258 30.15725489 32.94668845 33.166271   41.11781069 50.70279689
  44.51739387 42.75518791 37.86610035 37.40871558 51.03228833 50.99657998
  42.33760535 34.58525311 46.46787604 50.03748475 38.24040548 37.38901118
  38.45359741 48.68385674 46.31742525 47.25202204 50.66071375 54.60610951
  40.551089   42.6632146  53.29160154 41.85315763 49.8423948 ]
 [67.30241656 62.84540626 62.36871324 94.34366727 72.14222661 68.53189655
  59.0472631  73.8891133  36.9812734  47.63216774 70.66142068 98.59476375
  43.42192307 76.67718636 55.86343163 44.42632019 66.32672262 95.25183354
  59.43568696 60.28343896 77.27197194 97.82452716 76.10928631 86.62881685
  55.86384804 96.53468019 62.3032599  67.58948754 68.46940646 91.44862453
  37.95067951 50.58061563 73.13156756 83.8731798  83.89766155]
 [80.05533178 84.75050784 97.3286416  97.36058232 86.93451116 65.87397739
  53.31761302 48.11890898 44.14568935 42.09006527 93.64964172 95.70970701
  53.94997822 52.5158921  45.49468149 47.76436536 87.30981565 95.08339889
  44.43575883 42.42508007 85.77573942 76.81000478 57.94294556 54.48401352
  96.86213151 92.0245358  73.3744334  89.08093692 80.468692   70.29305938
  43.84347843 60.27088247 97.67382751 96.39391392 81.68720543]
 [67.10007926 65.90486    54.01080534 73.32573998 35.13122263 38.37783811
  30.05327372 29.12865879 27.66315221 25.95054624 51.27518066 54.25063405
  36.68231803 29.77767099 32.724766   33.73240916 51.81273029 37.93098409
  33.15815431 27.87955156 32.20539209 41.54936338 37.24170931 45.17800442
  67.11389351 67.09541498 67.5359222  61.43648341 41.38503128 49.06522247
  30.99082646 36.80007506 70.58560165 64.85201428 58.42959464]
 [56.32616134 55.89735724 47.00883489 44.05926106 42.37168506 27.79002565
  17.68114514 17.41728593 15.21196709 19.14444886 44.55797874 43.0818404
  34.68900536 29.77212451 21.05125614 20.64924314 42.26015154 35.74638684
  33.77458425 20.03196193 35.74719371 34.87162869 56.36010504 25.84435621
  62.08776737 45.91470493 55.60758456 47.59235165 49.80264484 39.47391219
  34.08488663 27.16713619 62.4111487  66.13446891 68.87720065]
 [31.06102182 33.14461325 23.41549089 32.11348412 20.97776263 23.95749702
  14.59149043 17.10544933 15.53635155 15.62515906 17.02050575 24.29496088
  14.39029456 18.01307636 15.06942038 15.31425414 13.53666099 34.24148629
  17.73473913 16.57794396 19.23658075 23.81747513 14.42495345 20.70828205
  22.89133736 28.49921947 26.79651769 17.67453881 15.3131625  19.09747249
  16.13009582 13.76251117 39.25902037 56.97876838 59.36424941]
 [74.86621153 66.86340709 59.37405797 57.67662419 40.58535174 48.38494643
  26.81794616 30.49380268 23.39088438 24.73943192 50.98164195 52.81181996
  37.98512177 36.05659254 29.0608827  25.73320478 52.91663095 31.18805355
  33.59139193 26.37225887 52.34920217 50.86564841 31.28473066 34.56478725
  64.43793823 61.40492435 72.37327062 66.49690753 45.8896645  46.44129456
  33.54502773 29.20238232 77.55392362 76.92400156 71.803106  ]
 [59.94778891 57.62235948 56.34558865 59.3037079  54.34244966 55.17482489
  46.21138683 42.61791132 39.9919872  44.32845819 52.80810312 54.81621295
  53.92772411 52.93577572 50.61476452 47.45139401 53.6754493  58.7568824
  59.24872485 44.55190267 59.55694477 60.97721798 48.93662598 62.64208085
  42.43244504 52.00543405 60.4330497  47.45792802 56.22172905 59.46070194
  53.92941997 51.44476074 64.01326126 60.23731633 64.48812579]
 [58.74765927 47.47196772 58.28379796 54.94357103 43.66165276 38.03705989
  38.30851916 30.83900967 23.37428878 23.2012139  50.79436924 54.32026322
  61.2887819  54.74980909 38.72442675 35.86431976 65.09465601 31.36889447
  47.8712594  23.19209047 41.67539906 35.78114752 46.24334001 37.47017756
  47.95223381 54.08132991 63.38232459 57.34869387 60.05968123 59.667481
  55.72416304 55.42422855 70.46934453 61.17722262 68.58512142]
 [79.04624319 76.76933442 89.94391462 75.58937826 70.62195399 80.14712656
  43.50298624 51.88666585 46.73301766 47.06780789 83.52982897 62.45032757
  68.55390174 62.70764867 43.33326775 57.38688967 75.2970678  81.30389327
  57.24648104 52.59481173 84.69127944 76.91740038 49.14033255 66.06468685
  82.22739212 67.85514073 78.16875435 76.9735837  79.19869575 59.97000329
  42.61363615 58.53689067 66.06702414 88.53222801 68.69108177]
 [63.69187362 67.20815991 56.49617479 60.02496042 54.16826694 46.73260753
  39.4365202  41.55275229 39.04072557 38.44649755 56.30602001 63.55281315
  39.10257693 45.89101299 35.36162467 40.26309814 54.52855139 59.78107235
  39.30029459 41.23699323 50.2115557  52.89927077 42.85233254 46.96094526
  61.29061467 65.58525869 64.35916168 60.45450968 48.73888055 49.68580727
  35.54405976 43.95997366 63.35005741 68.10268394 61.96386718]
 [75.23154064 74.8983626  84.07478591 86.0894474  82.62411784 89.28401286
  37.9478978  54.27102262 32.57483654 35.45490902 65.57281081 77.80568647
  48.2714538  42.74504562 37.12526332 37.3461596  69.95016608 75.23886662
  49.2033835  39.31774558 87.49088337 85.88379892 46.9677143  57.24586055
  72.57511607 77.25271095 75.3870947  77.19705078 58.61510236 67.35717962
  44.41241691 37.81416348 76.13819496 75.70803147 63.07504323]]