[[1.60744243e+00 1.69642425e+00 1.57774571e+00 1.74967338e+00
  1.75556037e+00 1.66943716e+00 1.43608055e+00 1.75628741e+00
  1.92758908e+00 1.88487105e+00 9.61696625e-01 1.07441402e+00
  7.14861765e-01 6.20074093e-01 1.05943437e+00 1.00771837e+00
  6.89966513e-01 6.18743628e-30 7.01531452e-01 1.83447448e+00
  1.28652065e+00 1.17636705e+00 1.38924781e+00 1.18410183e+00
  1.08715196e+00 1.49870394e+00 1.47301201e+00 8.93544065e-01
  4.12110316e-01 4.19820124e-01 4.41650353e-01 3.31599235e-01
  1.38734337e+00 1.05726442e+00 1.35924332e+00]
 [2.07088646e+00 1.94499240e+00 1.38365968e+00 1.69055801e+00
  8.51377972e-01 5.18391241e+00 6.35486177e-01 1.30031390e+00
  9.30196386e-01 1.64099899e+00 5.92795755e-01 7.73541787e-01
  2.82042179e-01 4.48364758e-01 4.57500038e-01 8.54640929e-01
  4.16108101e-01 1.94492358e-30 3.21498674e-01 1.29199283e+00
  7.39561760e-01 1.34395980e+00 7.41302346e-01 9.14617443e+00
  1.04797068e+00 1.29652551e+00 1.76933640e+00 9.68044633e-01
  2.68279887e-01 2.32879622e-01 2.13516823e-01 2.43970168e-01
  8.41255150e+00 6.50233185e+00 1.49898007e+00]
 [3.68807450e+00 2.89533914e+00 2.38747105e+00 1.70129347e+00
  5.45220382e+00 3.53018847e+00 1.34474784e+00 1.53003282e+00
  1.64269804e+00 1.68492839e+00 1.25077666e+00 8.21149415e-01
  5.12084312e-01 5.92658825e-01 1.25248463e+00 1.14063308e+00
  6.44187987e-01 3.53993666e-30 7.70462529e-01 1.52796835e+00
  1.08345940e+00 9.88790518e-01 1.13563010e+00 1.25139304e+00
  4.81167665e+00 1.94534746e+00 3.16596565e+00 1.91285290e+00
  3.19433526e-01 3.06598276e-01 5.00144100e-01 4.18003249e-01
  6.18208616e-01 1.35551248e+00 5.86284213e-01]
 [4.11114582e+00 3.05114600e+00 1.90834471e+00 1.75529426e+00
  4.73057088e+00 1.14923550e+01 1.75362161e+00 1.98608061e+00
  3.74472286e+00 2.87275956e+00 8.34142984e-01 4.48475749e+00
  3.10233721e-01 4.54273876e-01 6.77570299e-01 7.17335413e-01
  3.86605429e-01 2.31560172e-30 4.10205983e-01 3.15441627e+00
  9.48450209e-01 1.16735361e+00 1.50282506e+00 1.54987682e+00
  3.63422475e+00 1.29251000e+00 1.96424807e+00 9.94804827e-01
  2.13670683e-01 3.05966923e-01 2.06340834e-01 2.16044170e-01
  1.35566447e+00 1.38927924e+00 2.73540966e+00]
 [2.90727259e+00 2.86855216e+00 3.20009999e+00 3.31007169e+00
  1.03617470e+01 7.00988595e+01 2.46952054e+00 4.54841467e+00
  3.51334797e+00 2.48141805e+00 1.28400431e+00 1.89791739e+00
  8.82487695e-01 1.65227205e+00 1.47839010e+00 2.35665994e+00
  8.97164054e-01 6.75839622e-30 8.54062494e-01 2.67759839e+00
  1.61025043e+00 5.67951713e+00 2.56508254e+00 1.66977607e+01
  1.81899175e+00 2.07593938e+00 2.53513314e+00 1.37569793e+00
  5.19201896e-01 6.24637357e-01 5.49600027e-01 5.82081180e-01
  7.41526995e-01 5.30249796e-01 3.70314817e+00]
 [1.83973004e+00 1.47744804e+00 1.68828211e+00 1.08097978e+00
  1.57399860e+00 7.27556512e-01 6.79538328e-01 1.13051092e+00
  1.35994797e+00 2.80138427e+00 6.19400284e-01 5.62196130e-01
  5.28765383e-01 3.47124279e-01 4.96145337e-01 5.53519677e-01
  3.78930257e-01 5.99487534e-30 3.21315903e-01 1.93553547e+00
  9.50438724e-01 2.18426449e+00 8.20869472e-01 5.46173510e-01
  1.15886675e+00 8.21565811e-01 1.66235275e+00 6.43105548e-01
  2.92076817e-01 2.21217096e-01 2.33107332e-01 1.89433060e-01
  5.11190423e-01 2.81588939e-01 4.55195152e-01]
 [3.02917199e+00 2.75047137e+00 2.26748987e+00 2.20664711e+00
  1.49593870e+00 6.48959983e+00 1.93032665e+00 1.80462147e+00
  3.12084467e+00 2.35470859e+00 1.03398767e+00 1.19670847e+00
  7.38772521e-01 9.41848623e-01 1.13328600e+00 1.13182466e+00
  8.24146265e-01 4.34126370e-30 8.91906604e-01 2.67449497e+00
  1.31660174e+00 1.46364064e+00 1.12303707e+00 1.18224186e+00
  1.79452259e+00 1.89106980e+00 2.81054541e+00 1.28512950e+00
  5.94297536e-01 5.50110937e-01 5.50029908e-01 4.69643842e-01
  9.37683347e-01 5.86052795e-01 1.39489246e+00]
 [2.06902454e+00 1.46988132e+00 2.45907423e+00 1.72263320e+00
  3.55613948e+00 1.40611128e+01 1.87265401e+00 2.31416400e+00
  5.20367320e+00 1.02553134e+01 7.79835314e-01 7.02840353e-01
  7.15228097e-01 5.27770961e-01 9.27594720e-01 1.14570858e+00
  4.75774071e-01 1.09187711e-29 6.45054917e-01 7.21153704e+00
  1.33486721e+00 1.05709815e+00 1.47182668e+00 1.90260305e+00
  1.27222753e+00 1.12784891e+00 1.66444650e+00 7.91693921e-01
  3.21695302e-01 2.88128569e-01 3.63780171e-01 3.54822699e-01
  3.76205946e+01 1.44073308e+00 2.78292238e+00]
 [1.20001887e+00 9.57103644e-01 7.39174814e-01 7.58367595e-01
  7.85727782e-01 6.32622146e-01 7.46909214e-01 8.90962112e-01
  9.18215209e-01 1.82824275e+00 4.43521644e-01 4.78863324e-01
  2.78832648e-01 3.02091910e-01 3.62610263e-01 4.28200228e-01
  3.66627816e-01 3.17403239e-31 2.87086654e-01 1.39704453e+00
  5.64005269e-01 5.41298475e-01 4.41685083e-01 4.44285912e-01
  6.22757428e-01 6.05522315e-01 9.73256516e-01 4.53041216e-01
  2.23405620e-01 2.10468236e-01 1.97527060e-01 1.90939937e-01
  1.03905079e+00 1.08412468e+00 6.43883382e-01]
 [4.28377153e+00 1.76186902e+00 1.45370239e+00 1.05810735e+00
  2.18101133e+00 8.05446318e-01 5.14023189e+00 7.55540243e-01
  1.42549550e+00 7.58456684e-01 6.42015463e-01 9.24991297e-01
  3.03889478e-01 2.91808133e-01 9.92881984e-01 3.56262763e-01
  3.48416258e-01 1.89817894e-30 3.08751285e-01 1.13063787e+00
  8.47154909e-01 5.95757188e-01 6.69682714e-01 4.43610034e-01
  2.91946381e+00 1.66107136e+00 2.28880312e+00 6.23935368e-01
  1.68975201e-01 2.27325007e-01 2.29495898e-01 1.74077692e-01
  1.36792172e+00 4.42107194e-01 1.76770865e+00]
 [3.07731933e+00 3.31315092e+00 3.80959126e+00 2.24710337e+00
  3.63978031e+00 1.95279678e+00 2.79293060e+00 1.66078722e+00
  4.79848165e+00 2.67129014e+00 8.86128895e-01 1.21356646e+00
  5.99755891e-01 5.61796123e-01 1.12459263e+00 9.18803942e-01
  6.02671307e-01 1.47552348e-30 5.33059074e-01 3.05631029e+00
  2.94882378e+00 1.45085503e+00 1.34261030e+00 9.67618183e-01
  1.55385023e+00 1.94306147e+00 3.23270132e+00 1.03607950e+00
  2.99210341e-01 3.44407693e-01 3.49613143e-01 3.74933924e-01
  9.54271418e-01 1.08380625e+00 2.06418268e+00]
 [2.79502455e+00 3.33346844e+00 1.99622695e+00 1.79878510e+00
  2.32722322e+00 1.80920258e+00 1.93153272e+00 1.84407256e+00
  2.68133140e+00 2.62562777e+00 1.12938689e+00 1.38042077e+00
  8.26379261e-01 8.59296113e-01 1.47978182e+00 1.30304632e+00
  1.01356370e+00 1.51454698e-30 8.43802584e-01 2.30007490e+00
  1.49933489e+00 1.38087722e+00 1.26470599e+00 1.62475280e+00
  1.64580683e+00 3.15867918e+00 2.76763422e+00 1.25646218e+00
  5.86598807e-01 9.83032463e-01 5.28414525e-01 4.78995036e-01
  2.56204561e+00 1.93350446e+00 4.02693959e+00]
 [2.64484353e+00 2.68290883e+00 2.27012924e+00 2.41284114e+00
  1.77777704e+00 1.89498051e+00 2.56611178e+00 2.48914926e+00
  7.34216443e+00 5.25745860e+00 1.37182492e+00 1.59183019e+00
  7.64214241e-01 7.85155835e-01 1.68086719e+00 1.27587169e+00
  8.86447297e-01 6.41302174e-30 9.14995920e-01 6.20024382e+00
  1.39864224e+00 1.68328798e+00 1.44568575e+00 1.44024515e+00
  1.97233548e+00 1.97352228e+00 2.32476910e+00 1.37100025e+00
  5.47574919e-01 5.45931427e-01 6.11374075e-01 3.93504972e-01
  6.52457051e-01 7.40784817e-01 6.57969344e+00]
 [4.05891397e+00 4.32440482e+00 3.78958136e+00 4.06425745e+00
  3.00346716e+00 3.47181094e+00 3.10286144e+00 3.61431541e+00
  3.37340412e+00 5.13448534e+00 2.49451171e+00 3.48020104e+00
  1.25640867e+00 2.06859925e+00 2.08668445e+00 2.43066859e+00
  2.19447359e+00 3.32619715e-30 1.41200769e+00 3.56423982e+00
  2.89888122e+00 3.15208386e+00 2.34673871e+00 3.13366321e+00
  3.19325500e+00 3.89024302e+00 3.86342884e+00 2.84727506e+00
  1.19043666e+00 1.73329526e+00 6.05528189e-01 9.79367746e-01
  1.13507305e+00 1.22093067e+00 1.01979831e+01]
 [1.29321131e+00 1.37287623e+00 1.09606969e+00 1.04514218e+00
  9.15516576e-01 1.13926687e+00 1.69742940e+00 1.75837002e+00
  2.60297381e+00 1.81774325e+00 5.15546377e-01 6.62561418e-01
  5.20179876e-01 4.03784336e-01 1.10455052e+00 7.20125005e-01
  4.54271225e-01 6.83568829e-30 4.66991860e-01 1.97900601e+00
  6.79844313e-01 6.68718638e-01 9.85735729e-01 8.53787567e-01
  8.84342760e-01 1.01049196e+00 1.36551059e+00 9.43950662e-01
  2.85912200e-01 3.03227021e-01 4.64622964e-01 2.29273547e-01
  7.76489352e-01 1.43531935e+00 9.93982978e+00]
 [3.67156357e+00 3.61655916e+00 3.75530595e+00 2.15054469e+00
  2.65603971e+00 1.49985057e+00 2.06338027e+00 2.10910946e+00
  2.06344331e+00 2.47339307e+00 4.99133645e+00 3.12963038e+00
  1.23169849e+00 8.03636253e-01 1.13959466e+00 9.97085504e-01
  1.18566243e+00 1.57702236e-29 5.28625263e-01 2.25579608e+00
  2.73969611e+00 4.20111416e+00 1.35563519e+00 1.55584862e+00
  3.19402319e+00 4.16360731e+00 2.48511589e+00 2.68487857e+00
  5.71187366e-01 1.11278434e+00 3.76862092e-01 3.65668341e-01
  2.32197636e+00 3.77782111e+00 3.16762960e+01]
 [1.88257299e+00 1.71243687e+00 1.32642585e+00 1.27720296e+00
  1.20458326e+00 1.08305388e+00 1.47870289e+00 4.13135528e+00
  1.32316784e+01 1.83086511e+01 4.95945930e-01 7.15508512e-01
  6.97292118e-01 5.17101358e-01 1.28154912e+00 1.78768611e+00
  4.01524051e-01 4.44068082e-30 9.53268068e-01 1.97333470e+01
  9.45716206e-01 8.08975586e-01 7.48742318e-01 1.02236564e+00
  9.93610448e-01 1.15349895e+00 1.39292056e+00 6.41191827e-01
  2.32793109e-01 2.65686250e-01 3.86163410e-01 3.85157682e-01
  9.47377116e-01 1.35156633e+00 7.99608644e-01]
 [3.35040561e+00 3.65316049e+00 2.28394747e+00 2.46884932e+00
  1.80199784e+00 1.92733875e+00 2.62476271e+00 3.67835211e+00
  5.47376189e+00 7.49255320e+00 1.29397574e+00 1.78273125e+00
  8.71068861e-01 1.12826552e+00 1.70141829e+00 2.20888590e+00
  9.34727049e-01 1.51944459e-29 1.28409022e+00 6.74325797e+00
  1.57720667e+00 1.60633886e+00 1.57535016e+00 1.88228708e+00
  1.87122411e+00 2.18890159e+00 2.63879434e+00 1.55358455e+00
  5.61294359e-01 7.06985400e-01 7.63479673e-01 8.08272075e-01
  1.59040170e+00 9.92962891e-01 2.03072438e+00]
 [7.54445098e-01 7.61777165e-01 1.03320936e+00 7.30664601e-01
  7.44827607e-01 7.84181588e-01 9.09036291e-01 1.35943829e+00
  2.50106466e+00 3.86361961e+00 5.30146327e-01 4.31361261e-01
  3.68372563e-01 3.30412840e-01 6.65717030e-01 8.18767152e-01
  3.18520025e-01 1.21357600e-30 4.79381287e-01 3.32896250e+00
  6.13189350e-01 5.75675095e-01 6.15381720e-01 6.75061962e-01
  6.78403997e-01 6.22697884e-01 7.08334041e-01 4.74528731e-01
  2.05194405e-01 2.24880566e-01 2.82305277e-01 2.32613853e-01
  3.01992347e-01 1.97020257e-01 2.57989095e-01]
 [4.00468956e+00 6.69291382e+00 8.39369772e+00 6.87843373e+00
  9.41548392e+00 4.80655819e+00 5.75014263e+00 7.66052448e+00
  4.73519508e+00 6.76582576e+00 2.12914166e+00 2.73097630e+00
  1.46580135e+00 1.37156676e+00 2.50480530e+00 1.90835182e+00
  1.70015803e+00 8.62081579e-30 1.24743411e+00 5.12019553e+00
  4.24399295e+00 3.98897036e+00 3.68163407e+00 2.92878877e+00
  2.54723483e+00 2.51086204e+00 3.14997849e+00 2.88201836e+00
  9.86153136e-01 1.20343302e+00 9.42886155e-01 6.71653860e-01
  1.09794497e+00 7.04445556e-01 1.26421463e+01]]