[[1.08067273e+01 1.04085698e+01 1.26888697e+01 1.09932638e+01
  1.92914917e+01 2.04933632e+01 4.04134715e+01 6.70799032e+01
  6.17482447e+01 4.77045022e+01 5.88229931e+00 5.57109681e+00
  7.24459292e+00 6.68725227e+00 2.77580718e+01 2.87837267e+01
  3.87612998e+00 2.03028598e-29 1.59765098e+01 4.65061673e+01
  9.98050122e+00 9.32112287e+00 2.15671162e+01 2.43772826e+01
  8.10254905e+00 8.50116030e+00 1.07051078e+01 6.14203587e+00
  2.39088299e+00 2.02794713e+00 8.50683699e+00 6.55302411e+00
  4.02365579e+00 3.08183824e+00 5.95375221e+00]
 [5.77512585e+00 5.41247519e+00 4.86858413e+00 5.02101113e+00
  5.47420474e+00 5.43791676e+00 1.05191774e+01 1.09241432e+01
  2.32859198e+01 1.63811018e+01 3.17618721e+00 3.62197526e+00
  7.27984458e+00 4.00187118e+00 7.85209540e+00 5.62764285e+00
  2.81412203e+00 9.25413588e-30 3.88209971e+00 1.72317692e+01
  3.60592626e+00 3.86967478e+00 7.95136660e+00 5.98094608e+00
  4.38269537e+00 4.54586207e+00 5.21264543e+00 4.67766072e+00
  1.77223555e+00 1.55837287e+00 3.76480194e+00 2.20434630e+00
  2.02896733e+00 1.51383219e+00 4.12402932e+00]
 [1.47246668e+01 1.54795627e+01 1.67585746e+01 1.82168455e+01
  2.31458938e+01 2.57941342e+01 4.95639663e+01 5.79504085e+01
  1.47364076e+02 1.05980135e+02 8.65912007e+00 7.79620487e+00
  8.90466386e+00 8.84297778e+00 3.86773240e+01 3.23588457e+01
  6.28672864e+00 1.34860624e-28 2.55099442e+01 9.86109031e+01
  1.11063709e+01 1.22380487e+01 2.71829124e+01 3.04607210e+01
  1.26930535e+01 1.38242652e+01 1.49648167e+01 1.02121176e+01
  3.58176224e+00 3.30808571e+00 1.45467787e+01 8.14861838e+00
  2.89041210e+00 3.66805399e+00 9.59263579e-01]
 [1.22525636e+01 1.20704293e+01 1.23259013e+01 1.22018992e+01
  1.31318613e+01 1.71125445e+01 1.55582526e+01 1.90009846e+01
  2.05738351e+01 2.02519746e+01 5.17202928e+00 6.23419588e+00
  2.72221733e+00 3.67800503e+00 7.81498815e+00 1.01324775e+01
  3.74742817e+00 9.32871716e-30 5.24318671e+00 1.73380726e+01
  6.88908786e+00 7.82590890e+00 8.97348951e+00 9.66020268e+00
  9.63570130e+00 8.74114157e+00 1.08584458e+01 7.10632764e+00
  2.21926089e+00 2.13621175e+00 2.38632632e+00 2.60587112e+00
  3.01237536e+00 2.82174103e+00 2.06611934e+00]
 [1.48503113e+01 1.49755292e+01 1.58253092e+01 1.58361903e+01
  1.88423860e+01 3.42499853e+01 3.62475972e+01 6.22378714e+01
  5.19199771e+01 5.45067238e+01 6.48816401e+00 7.22569483e+00
  6.84207479e+00 5.80959645e+00 2.38862025e+01 2.77238033e+01
  5.52869604e+00 1.03520804e-28 1.26072127e+01 4.59876620e+01
  8.78789835e+00 1.05048138e+01 1.80460623e+01 2.41801169e+01
  1.01728329e+01 1.02859644e+01 1.39193632e+01 8.46054506e+00
  2.45621215e+00 2.67489491e+00 7.92306328e+00 4.62124770e+00
  2.61635486e+00 2.19563761e+00 1.39538541e+01]
 [4.49996826e+00 4.19064661e+00 5.64279817e+00 4.62536961e+00
  6.38574853e+00 8.39580137e+00 1.25595653e+01 3.12974019e+01
  2.61186665e+01 2.20518121e+01 2.90047919e+00 2.44697876e+00
  4.28800089e+00 4.64002145e+00 7.76162927e+00 1.11210856e+01
  1.97722355e+00 2.90885408e-29 4.51962601e+00 1.97057813e+01
  4.16204346e+00 4.85472985e+00 6.02129874e+00 1.17610352e+01
  3.97733841e+00 3.23297144e+00 4.10464603e+00 2.69765990e+00
  1.59325931e+00 1.09451282e+00 2.58966852e+00 2.39320304e+00
  1.35333944e+00 1.20238194e+00 1.76624155e+00]
 [1.27379199e+01 1.29228568e+01 1.30206050e+01 1.46159976e+01
  1.79232081e+01 2.00830894e+01 3.76954022e+01 4.33774839e+01
  6.88835453e+01 7.78230402e+01 7.14633848e+00 7.80744042e+00
  6.64392836e+00 6.20568000e+00 2.85962173e+01 3.16532147e+01
  5.97054364e+00 6.91582931e-29 3.20907129e+01 6.94489210e+01
  9.38844320e+00 1.02648046e+01 1.94797330e+01 1.98917410e+01
  1.00211754e+01 1.06145350e+01 1.29030487e+01 8.54610646e+00
  4.41621610e+00 3.38141414e+00 1.07594425e+01 9.26933112e+00
  2.43429561e+00 2.99493481e+00 6.18519159e+00]
 [1.02937213e+01 9.37031372e+00 1.15187335e+01 8.97237744e+00
  1.54442729e+01 1.50859286e+01 5.68985743e+01 7.83345466e+01
  9.55473087e+01 6.59923699e+01 5.95214358e+00 5.25705096e+00
  6.46316284e+00 5.04260398e+00 3.84922628e+01 3.77263912e+01
  4.61771050e+00 1.40608217e-28 1.88257145e+01 6.64621064e+01
  8.43757424e+00 6.40895415e+00 2.15103633e+01 2.01428605e+01
  8.39823592e+00 7.38079384e+00 9.39644469e+00 6.74139421e+00
  2.67317756e+00 1.96425145e+00 8.96405698e+00 8.01511841e+00
  2.35668053e+01 1.80343353e+00 9.35234962e+00]
 [1.44878799e+01 1.31837454e+01 1.60221103e+01 1.16614747e+01
  2.45586023e+01 2.19001629e+01 6.73452863e+01 9.74465806e+01
  1.15225604e+02 1.11302878e+02 6.97920864e+00 5.89626190e+00
  5.69040705e+00 5.25826783e+00 2.16365801e+01 2.67073112e+01
  5.12435620e+00 3.24813856e-30 1.26084383e+01 1.02634037e+02
  1.07198930e+01 8.00911352e+00 2.12476603e+01 2.31225710e+01
  9.90867906e+00 8.58790498e+00 1.31885241e+01 8.16206631e+00
  2.80806575e+00 2.25473590e+00 4.95666387e+00 5.48636044e+00
  4.98757706e+00 5.36894429e+00 3.91048851e+00]
 [8.45658393e+00 7.73230849e+00 6.96251886e+00 7.37697346e+00
  9.73197480e+00 1.25199402e+01 3.76582008e+01 5.38315363e+01
  7.78551151e+01 8.29895289e+01 3.36780428e+00 5.02016697e+00
  2.45079343e+00 3.58579728e+00 2.54195552e+01 3.38317345e+01
  3.22282133e+00 7.59550145e-29 2.05280492e+01 6.38452259e+01
  4.15662838e+00 4.83217887e+00 1.21561112e+01 1.63972507e+01
  6.72610823e+00 1.32225344e+01 8.37505231e+00 5.37970668e+00
  1.78364333e+00 1.37384517e+00 5.00253957e+00 5.69671016e+00
  1.67416900e+00 2.13632523e+00 1.12149951e+01]
 [2.95713142e+01 2.99858417e+01 4.17413948e+01 3.50196726e+01
  6.96831967e+01 4.88334078e+01 2.04800299e+02 1.54263250e+02
  2.57024276e+02 1.92165044e+02 1.26857243e+01 1.18809653e+01
  1.38716350e+01 9.68555483e+00 6.93756055e+01 6.86763770e+01
  8.37801782e+00 7.42373413e-29 3.19536694e+01 1.72027503e+02
  2.65883073e+01 2.15101352e+01 5.80362610e+01 4.30501440e+01
  1.96640230e+01 2.30370340e+01 2.82776400e+01 1.46718512e+01
  4.85646617e+00 4.21352632e+00 1.41067390e+01 1.15502905e+01
  7.07704976e+00 8.47560566e+00 1.18573207e+01]
 [1.48565502e+01 1.61205293e+01 1.60848564e+01 1.67696864e+01
  1.69501889e+01 1.58982408e+01 2.87677720e+01 2.48178436e+01
  7.44221404e+01 6.27467461e+01 7.83643455e+00 8.30171900e+00
  4.61287391e+00 4.85961680e+00 1.65062497e+01 1.31540869e+01
  6.48642044e+00 1.55209014e-29 9.73663070e+00 5.94349359e+01
  1.18477942e+01 1.13823397e+01 1.30926304e+01 1.30418872e+01
  1.11160130e+01 1.11329539e+01 1.62841800e+01 9.36190203e+00
  3.37112596e+00 4.11680249e+00 3.82489457e+00 3.22006108e+00
  2.34878517e+00 1.77440713e+00 6.04908887e+00]
 [8.07991460e+00 8.57391454e+00 8.17779640e+00 7.98346554e+00
  1.08527779e+01 8.30014820e+00 1.81161268e+01 1.45148664e+01
  2.04008056e+01 1.50483041e+01 4.62387230e+00 5.01905635e+00
  4.71417889e+00 3.27902495e+00 1.14491254e+01 6.85901723e+00
  3.28997727e+00 2.51415430e-29 4.49160381e+00 1.43224410e+01
  6.19656251e+00 5.62112571e+00 1.06114072e+01 7.46916861e+00
  6.30125993e+00 6.25126850e+00 7.79947408e+00 4.99876656e+00
  1.95980408e+00 1.98938634e+00 4.09254397e+00 1.72524362e+00
  1.54178781e+00 2.07133863e+00 1.54492804e+01]
 [5.38558081e+01 4.99310514e+01 4.95316154e+01 4.30473525e+01
  5.20629571e+01 4.92271847e+01 1.48819285e+02 1.42954084e+02
  1.27831526e+02 1.47989934e+02 2.66080409e+01 2.96707933e+01
  1.75340393e+01 1.62519480e+01 1.00210464e+02 6.36205685e+01
  2.60144627e+01 9.76939254e-29 4.80455534e+01 1.05326675e+02
  3.17171200e+01 3.19630210e+01 6.64809896e+01 5.11251631e+01
  4.09123252e+01 3.96547946e+01 5.13043612e+01 3.73018226e+01
  1.22712538e+01 1.21188619e+01 3.13521325e+01 1.99557631e+01
  9.68380343e+00 9.71992932e+00 3.92541527e+01]
 [1.98777903e+01 2.10750548e+01 1.98891783e+01 1.88177922e+01
  3.16566050e+01 2.39509364e+01 8.31132810e+01 8.44756374e+01
  1.28038956e+02 1.28877646e+02 9.11964659e+00 9.90621582e+00
  1.59139936e+01 8.29510564e+00 5.83643465e+01 4.96815550e+01
  9.39797861e+00 3.60216728e-28 2.87189813e+01 1.06246527e+02
  1.47844644e+01 1.15538105e+01 4.30389250e+01 3.04571077e+01
  1.52641063e+01 1.68514616e+01 2.11861586e+01 1.49163113e+01
  4.62750637e+00 4.48241784e+00 2.04429156e+01 9.76069400e+00
  4.09272971e+00 5.94259525e+00 3.95378758e+01]
 [1.17767981e+01 1.21753157e+01 1.39028971e+01 7.25576726e+00
  1.31329521e+01 9.52735455e+00 1.91746232e+01 3.05381252e+01
  3.81008368e+01 3.98929580e+01 1.79131283e+01 8.96454019e+00
  4.92541361e+00 3.27018613e+00 7.99328111e+00 1.19205687e+01
  2.74292092e+00 5.45542360e-29 3.76060594e+00 3.12843714e+01
  9.32670479e+00 1.38471751e+01 8.32780461e+00 1.17755779e+01
  1.05631523e+01 1.38526632e+01 6.64160112e+00 8.59060008e+00
  8.92415158e-01 2.59281042e+00 1.85177680e+00 2.71740091e+00
  8.30071662e+00 1.26540013e+01 9.56085815e+01]
 [7.17899355e+00 6.79973554e+00 7.06340628e+00 7.05812344e+00
  1.10887559e+01 1.05414282e+01 1.89507495e+01 1.73741819e+01
  2.79011581e+01 2.30772567e+01 2.42018439e+00 3.08568506e+00
  4.73019940e+00 5.03903197e+00 1.60224476e+01 1.02209381e+01
  1.77017621e+00 7.46343192e-30 6.64163462e+00 2.45566663e+01
  5.16852326e+00 5.32608107e+00 1.27672454e+01 1.12845223e+01
  4.38665106e+00 4.76995558e+00 6.32886492e+00 3.13507118e+00
  1.15041710e+00 1.34003727e+00 5.81730792e+00 3.05853094e+00
  2.01997683e+00 1.42274225e+00 1.75701206e+00]
 [2.68583324e+01 2.80991838e+01 2.75383604e+01 3.14741349e+01
  4.36670117e+01 5.73556469e+01 8.39317803e+01 1.20937648e+02
  9.46810150e+01 1.07837796e+02 1.23777193e+01 1.69729936e+01
  1.68683085e+01 2.55134502e+01 5.11655467e+01 5.56613649e+01
  1.02928061e+01 2.29956158e-28 3.44519434e+01 7.81515148e+01
  2.10206911e+01 2.69191028e+01 4.75156478e+01 6.06853289e+01
  1.83816499e+01 2.11365001e+01 2.41425699e+01 1.65702430e+01
  5.75402395e+00 6.38245681e+00 2.20891665e+01 2.19289323e+01
  4.86136888e+00 4.33429954e+00 6.41589658e+00]
 [1.10209652e+01 1.02045884e+01 1.46861138e+01 9.56245011e+00
  3.01162432e+01 1.57942516e+01 3.28135098e+01 2.16805094e+01
  2.26029403e+01 1.94003547e+01 6.99562425e+00 4.31753946e+00
  9.93687643e+00 4.26687919e+00 1.83047290e+01 1.32161166e+01
  3.44230023e+00 9.96396804e-30 9.03698788e+00 1.92707544e+01
  1.35157209e+01 6.40450852e+00 2.72758808e+01 1.31067035e+01
  8.78334233e+00 7.31591936e+00 1.03121174e+01 6.20032878e+00
  2.55528530e+00 1.82321672e+00 6.83190577e+00 4.45311951e+00
  1.93653061e+00 1.49314269e+00 7.25767114e-01]
 [7.21071187e+00 6.91493992e+00 1.66683378e+01 1.22236204e+01
  2.19657571e+01 1.22004145e+01 2.47556745e+01 3.32993214e+01
  2.90831770e+01 3.62007090e+01 3.35879291e+00 4.19460991e+00
  4.77599134e+00 4.12355480e+00 1.56573538e+01 1.32379366e+01
  2.46723998e+00 1.80358706e-29 8.91774974e+00 2.77020212e+01
  8.41184638e+00 7.87758631e+00 1.51705496e+01 1.25693615e+01
  4.93890057e+00 4.41443582e+00 6.00660843e+00 4.51503657e+00
  1.46786948e+00 1.66844548e+00 5.26182117e+00 2.90499496e+00
  2.27772484e+00 1.66868851e+00 2.33455027e+01]]