[[1.66564049e+01 1.77855569e+01 1.77366430e+01 1.81186358e+01
  1.70613286e+01 1.99952547e+01 2.29554403e+01 2.74290394e+01
  2.74050940e+01 2.67879131e+01 9.62529483e+00 9.81679451e+00
  5.97995137e+00 4.95607516e+00 1.17758784e+01 1.14676347e+01
  7.40911820e+00 3.44280405e-29 7.15712964e+00 2.63091380e+01
  1.25371959e+01 1.27476613e+01 1.35573464e+01 1.49560558e+01
  1.31084960e+01 1.52454350e+01 1.69857422e+01 1.06761777e+01
  4.39555103e+00 3.46181115e+00 3.75695274e+00 2.89003467e+00
  5.74022956e+00 3.96170535e+00 5.39688072e+00]
 [2.05072645e+01 2.01157558e+01 1.73181767e+01 1.78055621e+01
  1.50853132e+01 1.47569534e+01 1.40782727e+01 1.48738297e+01
  1.38158377e+01 1.23927323e+01 1.00052159e+01 1.07842053e+01
  4.98764240e+00 6.30942626e+00 8.64586543e+00 8.71201090e+00
  7.91300439e+00 2.22595962e-29 5.27079717e+00 1.22656251e+01
  1.15924620e+01 1.16049788e+01 1.06247513e+01 1.09474318e+01
  1.48823504e+01 1.59144832e+01 1.92024230e+01 1.43872527e+01
  5.15284206e+00 3.67720683e+00 3.81918851e+00 4.02751156e+00
  3.49179541e+00 4.00076426e+00 4.87122558e+00]
 [8.34490851e+00 8.27122524e+00 1.11071139e+01 9.36584486e+00
  1.15841551e+01 8.68291720e+00 1.66942556e+01 1.23247980e+01
  1.45354509e+01 1.20688157e+01 4.62187080e+00 3.82768731e+00
  2.44797378e+00 1.92759527e+00 6.20643143e+00 4.68496295e+00
  2.52181219e+00 1.95784443e-29 3.38047400e+00 1.23836368e+01
  5.72367632e+00 5.12671162e+00 7.84982281e+00 5.69962962e+00
  6.86987099e+00 6.66911606e+00 7.87370242e+00 5.35333123e+00
  1.19789937e+00 1.53313736e+00 1.88747987e+00 1.38022614e+00
  3.73056745e+00 3.64621559e+00 6.73995798e-01]
 [1.61052532e+01 1.70327558e+01 1.75517491e+01 1.78454390e+01
  1.40290579e+01 1.56617743e+01 1.42394473e+01 1.73645191e+01
  1.68781108e+01 2.06400303e+01 6.42663757e+00 8.47125432e+00
  3.04584695e+00 3.98882358e+00 7.53630378e+00 9.93757424e+00
  4.91471230e+00 7.76655537e-30 5.88461358e+00 1.85959478e+01
  8.27525506e+00 1.02599033e+01 9.57139970e+00 1.06981135e+01
  1.26995632e+01 1.21117163e+01 1.39691964e+01 9.32135214e+00
  2.67075738e+00 3.06701823e+00 2.51653217e+00 2.87750616e+00
  5.09869428e+00 6.04215951e+00 2.34285687e+00]
 [1.84174499e+01 1.81384036e+01 2.25842800e+01 1.56115131e+01
  1.62535197e+01 1.47423212e+01 1.92175471e+01 2.11413875e+01
  1.89729002e+01 1.93166417e+01 7.71848224e+00 7.44721002e+00
  4.26448083e+00 3.27237195e+00 9.61450103e+00 9.88852000e+00
  5.02503265e+00 5.11950794e-29 5.58209652e+00 1.80704422e+01
  1.06794557e+01 9.61710647e+00 1.07142423e+01 1.00595666e+01
  1.16179966e+01 1.02495146e+01 1.64746612e+01 9.02851170e+00
  2.57062600e+00 2.20805571e+00 2.51172083e+00 2.21766561e+00
  4.68097607e+00 4.73915204e+00 7.86242321e+00]
 [8.45709003e+00 8.44858508e+00 9.33573208e+00 6.86792898e+00
  7.82920361e+00 6.48698345e+00 8.38546608e+00 8.45838563e+00
  9.49297533e+00 8.50823118e+00 4.06101316e+00 3.66090540e+00
  2.26398981e+00 1.89287781e+00 4.30172743e+00 3.62177315e+00
  3.02201502e+00 3.89137172e-29 2.69667119e+00 8.72171395e+00
  6.15182580e+00 4.14817760e+00 5.01670657e+00 4.36148594e+00
  6.19162127e+00 5.31084365e+00 8.19022591e+00 4.42365806e+00
  1.92487739e+00 1.37469463e+00 1.61298589e+00 1.17066713e+00
  4.52377250e+00 4.07578032e+00 1.15431649e+00]
 [2.09019426e+01 1.97985953e+01 2.10717800e+01 1.95197612e+01
  2.06319693e+01 1.78232141e+01 2.77469691e+01 2.28535438e+01
  3.00250813e+01 2.75205798e+01 1.09886066e+01 1.09055124e+01
  6.60324343e+00 6.13077639e+00 1.75920840e+01 1.40936989e+01
  1.04372673e+01 5.09601629e-29 1.75911075e+01 2.70800857e+01
  1.42526697e+01 1.27166135e+01 1.71860777e+01 1.44984609e+01
  1.62494311e+01 1.54620788e+01 2.03230056e+01 1.36295899e+01
  6.01365347e+00 4.67831267e+00 6.37860795e+00 4.69750893e+00
  3.56590054e+00 4.86806919e+00 7.29717951e+00]
 [1.96949198e+01 1.81850485e+01 1.67704455e+01 1.76873744e+01
  1.64851068e+01 1.87393761e+01 3.18983362e+01 3.67374165e+01
  3.28496002e+01 2.59624680e+01 8.98889669e+00 9.92312014e+00
  4.52635544e+00 5.31511702e+00 1.54807659e+01 1.70996475e+01
  1.11659396e+01 1.06149018e-28 8.42613971e+00 2.67389201e+01
  1.08169984e+01 1.15445005e+01 1.28129578e+01 1.64048281e+01
  1.54130229e+01 1.43735526e+01 2.07709681e+01 1.78282852e+01
  4.15319271e+00 3.63580046e+00 3.72132141e+00 4.51739678e+00
  3.59948456e+01 2.98222421e+00 1.96989209e+01]
 [1.03275611e+01 9.68460786e+00 1.05085661e+01 8.20278123e+00
  9.92456764e+00 7.60784626e+00 1.11208256e+01 1.42625938e+01
  1.08866351e+01 1.36626610e+01 4.85902989e+00 4.80362045e+00
  3.24439322e+00 2.41787221e+00 4.69188828e+00 5.12575618e+00
  3.22232981e+00 2.69407785e-30 2.96916421e+00 1.16772134e+01
  6.71033571e+00 5.20737438e+00 6.46047184e+00 5.68874401e+00
  6.77311738e+00 5.80988643e+00 8.53298233e+00 5.19484666e+00
  2.02931752e+00 1.60749934e+00 1.78502828e+00 1.58481727e+00
  2.51170993e+00 2.59029814e+00 2.23746080e+00]
 [7.39067907e+00 7.69436953e+00 5.23447865e+00 6.39066392e+00
  5.37441011e+00 6.20259133e+00 7.02155846e+00 1.01124815e+01
  9.00438524e+00 1.06770906e+01 2.45527063e+00 1.21426207e+01
  1.68919806e+00 2.39268181e+00 4.20112528e+00 4.65778838e+00
  2.13184371e+00 2.59907028e-29 3.45244742e+00 1.11640395e+01
  3.35257681e+00 4.63656783e+00 5.44384306e+00 5.55240967e+00
  5.24734475e+00 1.35451844e+01 6.96548265e+00 3.90280473e+00
  1.18607149e+00 1.10119684e+00 1.69529176e+00 1.52487896e+00
  3.61637270e+00 3.25589794e+00 6.79907971e+00]
 [1.32451133e+01 1.36760755e+01 1.79334108e+01 1.58372614e+01
  1.80422338e+01 1.30760774e+01 2.05021299e+01 1.48001365e+01
  1.48923656e+01 1.27012211e+01 5.74138812e+00 6.19015687e+00
  3.49997083e+00 3.44581998e+00 7.57682446e+00 6.13657892e+00
  5.72604895e+00 6.26451163e-30 3.43574098e+00 1.20874606e+01
  9.79045260e+00 8.98027611e+00 9.63371667e+00 7.92842430e+00
  9.97395892e+00 1.05843581e+01 1.42925143e+01 1.09891170e+01
  2.36488799e+00 2.07739013e+00 2.38603832e+00 2.08560194e+00
  4.80353045e+00 5.50463805e+00 6.58494924e+00]
 [2.62140770e+01 2.78804144e+01 3.05672890e+01 2.85852936e+01
  3.07916376e+01 2.49457946e+01 3.33888483e+01 2.68836799e+01
  5.44829233e+01 4.89097849e+01 1.40138911e+01 1.42002037e+01
  1.01292907e+01 7.98860942e+00 2.10677946e+01 1.72081619e+01
  1.47513689e+01 2.49281710e-29 1.33964835e+01 4.93391072e+01
  2.18460939e+01 1.83960488e+01 2.26306991e+01 1.92089608e+01
  1.88632642e+01 1.86233625e+01 2.78188985e+01 1.64294012e+01
  8.00841561e+00 7.80369205e+00 6.45988966e+00 5.52509539e+00
  7.07600761e+00 5.70824783e+00 1.22724101e+01]
 [7.51781344e+00 7.82743099e+00 8.62858343e+00 6.78184567e+00
  8.64859105e+00 5.78945853e+00 8.92795871e+00 7.07926941e+00
  1.11426647e+01 9.80564767e+00 4.02454066e+00 3.48873606e+00
  2.75026961e+00 1.65827288e+00 5.32943942e+00 3.54718181e+00
  2.54867321e+00 2.01165362e-29 3.19578670e+00 1.08798913e+01
  5.13657438e+00 3.90778891e+00 6.23610351e+00 4.03617214e+00
  6.55986587e+00 4.69106938e+00 7.26010788e+00 3.99085520e+00
  1.73224410e+00 1.17460597e+00 1.97767558e+00 1.02902488e+00
  2.10473468e+00 2.61317733e+00 1.11032974e+01]
 [1.35556114e+02 1.30238715e+02 1.10619929e+02 9.82575185e+01
  1.05104922e+02 8.69705813e+01 1.17976784e+02 1.07361652e+02
  1.05708174e+02 1.06814269e+02 7.39561177e+01 7.18641658e+01
  2.26252438e+01 2.35505838e+01 7.26643144e+01 4.78797624e+01
  6.56550515e+01 1.80943715e-28 6.12299392e+01 1.00013777e+02
  7.01254184e+01 6.27538688e+01 7.25159791e+01 5.58396812e+01
  9.81956100e+01 9.61809601e+01 1.33956261e+02 9.34445322e+01
  2.93311613e+01 2.94477920e+01 2.83158397e+01 1.53484088e+01
  3.04190374e+01 2.08816708e+01 5.68012307e+01]
 [1.05843764e+01 1.06815507e+01 1.03629680e+01 9.14147105e+00
  1.02883020e+01 8.68372129e+00 1.48914188e+01 1.36048442e+01
  1.43960970e+01 1.39700647e+01 3.74286757e+00 4.48258229e+00
  3.03521274e+00 2.54695888e+00 7.79014051e+00 6.69517311e+00
  3.28700206e+00 5.55909979e-29 3.66186427e+00 1.22778124e+01
  6.63824712e+00 5.48290456e+00 8.33172969e+00 6.41760809e+00
  6.94392580e+00 8.07642946e+00 1.05806488e+01 7.29363002e+00
  1.87240603e+00 1.70903233e+00 2.79206119e+00 1.80153221e+00
  5.15522733e+00 6.69910605e+00 7.93193890e+01]
 [2.83020456e+01 2.59573274e+01 2.87115706e+01 1.65703755e+01
  2.48873362e+01 1.28156473e+01 2.16003387e+01 2.16046679e+01
  2.35265577e+01 2.39815705e+01 2.77412061e+01 1.80928718e+01
  8.61132728e+00 4.14888331e+00 1.05643215e+01 8.09579533e+00
  5.58931037e+00 6.40192112e-29 4.75374557e+00 2.26135904e+01
  1.63666315e+01 2.42665553e+01 1.31543833e+01 1.04304147e+01
  2.06275373e+01 2.71895659e+01 1.74265063e+01 1.80717053e+01
  2.12029360e+00 3.83467317e+00 3.09267619e+00 2.28955147e+00
  1.23709492e+01 2.20865302e+01 1.10853042e+02]
 [1.45849062e+01 1.38597631e+01 1.28813930e+01 1.22672362e+01
  1.36408956e+01 1.25427932e+01 1.71270959e+01 1.57875857e+01
  1.94047741e+01 1.77378159e+01 4.08092681e+00 5.64454919e+00
  3.61969165e+00 3.94857305e+00 1.10712216e+01 8.48239411e+00
  3.30602458e+00 7.65693191e-30 5.48701352e+00 1.86344470e+01
  7.95783997e+00 7.67777400e+00 1.04668327e+01 9.45403927e+00
  8.12281094e+00 9.26344307e+00 1.24512827e+01 5.72322887e+00
  1.84283930e+00 1.97884430e+00 2.97796801e+00 2.43664779e+00
  4.03441773e+00 3.36179516e+00 2.02315767e+00]
 [9.24023909e+01 8.65073321e+01 9.84862463e+01 8.39245502e+01
  9.83375807e+01 8.37761356e+01 9.14738728e+01 8.35465130e+01
  8.38411196e+01 7.51766734e+01 3.78597253e+01 3.97465335e+01
  2.25012026e+01 2.12761801e+01 5.09975516e+01 3.83103247e+01
  2.41400573e+01 5.94114201e-28 4.40910160e+01 6.97787521e+01
  5.90716052e+01 5.31821278e+01 5.93882687e+01 5.31039764e+01
  5.99536189e+01 5.75222308e+01 7.89259110e+01 4.85108979e+01
  1.38479792e+01 1.17734087e+01 2.21643850e+01 1.64394202e+01
  8.57596402e+00 7.66251584e+00 9.46347360e+00]
 [3.57421577e+01 3.56044718e+01 3.52562229e+01 2.91854729e+01
  4.99250406e+01 3.43190963e+01 5.81161849e+01 4.51252031e+01
  5.35456435e+01 4.55953439e+01 1.73759885e+01 1.55254907e+01
  1.25391007e+01 8.57083799e+00 2.92253519e+01 2.39492161e+01
  1.43314717e+01 1.85121410e-29 1.41106573e+01 4.82038305e+01
  2.52926962e+01 1.83234031e+01 3.98213242e+01 2.69661328e+01
  2.55917980e+01 2.43275756e+01 3.48614943e+01 2.22949322e+01
  7.32840794e+00 5.65481316e+00 9.64131761e+00 6.66351231e+00
  4.72221975e+00 4.08933287e+00 1.79597883e+00]
 [2.00882606e+01 1.86625385e+01 3.92338914e+01 2.71232621e+01
  3.60746460e+01 2.13048314e+01 2.58241744e+01 3.89728339e+01
  2.89172780e+01 4.00677442e+01 9.02378914e+00 1.06471267e+01
  5.64409005e+00 4.45778213e+00 1.35012206e+01 1.20908028e+01
  5.90180221e+00 3.32401306e-29 7.53960840e+00 3.18593036e+01
  1.79214729e+01 1.56352853e+01 1.77797261e+01 1.47178745e+01
  1.29321449e+01 1.02025158e+01 1.61593746e+01 1.17292366e+01
  3.52083950e+00 3.32172861e+00 4.19959300e+00 2.74319311e+00
  4.84989057e+00 2.80534579e+00 2.46616664e+01]]