[[1.46767454e+02 1.46776285e+02 2.21625247e+02 1.01873398e+02
  6.59915051e+01 5.38255024e+01 6.99899415e+01 7.09714841e+01
  7.79816501e+01 5.85691883e+01 4.80349627e+01 3.07188492e+01
  2.27863357e+01 1.10909516e+01 3.41152383e+01 2.23760480e+01
  2.59399686e+01 1.17515469e-27 1.69714419e+01 6.25155517e+01
  1.18702856e+02 3.63547983e+01 4.37630084e+01 2.79071395e+01
  1.37259717e+02 1.32318827e+02 1.42310989e+02 4.49260195e+01
  1.55098819e+01 1.10172073e+01 1.10282367e+01 6.17192287e+00
  5.37611052e+02 3.68367297e+02 6.18274615e+01]
 [1.94332211e+02 1.73504846e+02 7.89626610e+01 9.75949810e+01
  5.17622267e+01 4.74148712e+01 4.40079243e+01 5.40109214e+01
  5.14723510e+01 5.08207574e+01 3.65497666e+01 5.29704469e+01
  1.71363631e+01 1.71880183e+01 2.83903612e+01 3.19668931e+01
  2.97051375e+01 7.89062038e-29 2.12796039e+01 4.96402862e+01
  4.27319226e+01 4.47203596e+01 3.23345966e+01 3.17376570e+01
  9.50189169e+01 1.34324653e+02 1.76587271e+02 1.75801181e+02
  1.68126322e+01 1.39277751e+01 1.25522836e+01 1.16877254e+01
  1.27539680e+02 1.28390248e+02 2.43022944e+01]
 [5.32274217e+01 5.08563292e+01 5.56428240e+01 5.48646118e+01
  2.45467520e+01 2.44680134e+01 2.27121814e+01 3.90338686e+01
  2.73274359e+01 2.67802879e+01 2.09509557e+01 1.32432918e+01
  5.33594560e+00 5.46194024e+00 1.08478295e+01 1.25406375e+01
  1.32560321e+01 5.57350115e-29 9.02771639e+00 2.49481441e+01
  1.55629232e+01 1.79787876e+01 1.32496963e+01 1.38941371e+01
  3.43412756e+01 5.34239676e+01 4.49946060e+01 3.54294982e+01
  4.89470838e+00 4.74298527e+00 3.84289784e+00 4.53301712e+00
  1.13861346e+02 4.39103122e+01 3.76211684e+00]
 [6.19466096e+01 5.35093866e+01 9.44312688e+01 8.73570932e+01
  2.76736218e+01 2.91556143e+01 2.22351392e+01 2.58240728e+01
  2.72848512e+01 2.96401969e+01 1.35237813e+01 2.70201084e+01
  5.90383480e+00 8.87575453e+00 1.08375592e+01 1.46806521e+01
  7.79905258e+00 2.59261881e-29 7.84134226e+00 2.59177761e+01
  1.79488085e+01 2.32827505e+01 1.53732713e+01 1.71602474e+01
  4.51290330e+01 3.55722244e+01 4.12624520e+01 2.11415003e+01
  3.75466895e+00 4.94055819e+00 3.92950900e+00 4.57247458e+00
  5.85952086e+01 8.03831947e+01 4.01274698e+01]
 [1.47541236e+02 2.51411232e+02 2.53150697e+02 2.44011616e+02
  6.03427818e+01 4.27724136e+01 3.10994192e+01 3.37691773e+01
  2.67407019e+01 2.94992371e+01 3.09995663e+01 4.67113202e+01
  1.75646480e+01 1.04301200e+01 1.47552106e+01 1.55940633e+01
  1.52484146e+01 3.33345339e-28 9.53510867e+00 2.52355733e+01
  6.13640973e+01 5.65286782e+01 2.66419467e+01 1.91826528e+01
  6.90921891e+01 1.04454565e+02 1.39098604e+02 3.65991118e+01
  8.02369892e+00 9.16838808e+00 5.54409795e+00 4.55187495e+00
  2.00828316e+02 1.14027050e+02 8.21942571e+01]
 [1.08146629e+02 1.57711686e+02 1.07870535e+02 6.23120524e+01
  3.15021472e+01 1.97436669e+01 1.87608930e+01 1.91535811e+01
  2.42244531e+01 2.25524884e+01 2.40536520e+01 1.51833531e+01
  6.50478360e+00 5.50904557e+00 1.10728988e+01 1.17144699e+01
  1.36582489e+01 1.52935104e-28 8.53201953e+00 2.24800505e+01
  3.51127538e+01 1.55041813e+01 1.29069014e+01 1.10397154e+01
  1.30389776e+02 9.62012292e+01 1.01797734e+02 3.62583653e+01
  7.10208655e+00 4.49020706e+00 4.11947753e+00 4.57358770e+00
  2.46127282e+02 1.14820163e+02 4.55363179e+00]
 [2.24979508e+02 1.88265135e+02 2.16415632e+02 2.11150063e+02
  6.20204565e+01 6.48846761e+01 6.05959326e+01 4.82182147e+01
  6.79642273e+01 5.33388027e+01 4.91424908e+01 5.45657619e+01
  2.36870026e+01 3.11649962e+01 2.69629152e+01 2.66336040e+01
  4.23492037e+01 3.09254708e-28 1.90050368e+01 4.82279640e+01
  6.90688759e+01 6.38005878e+01 4.09803853e+01 4.81541196e+01
  1.12472018e+02 1.01329462e+02 1.80343876e+02 7.15994320e+01
  2.12523868e+01 1.61904339e+01 1.83894967e+01 9.88139996e+00
  2.71992921e+02 3.48556308e+02 1.32322461e+02]
 [8.35017765e+01 6.35939294e+01 1.16545222e+02 8.99406913e+01
  3.83466960e+01 3.70253911e+01 3.27651257e+01 4.28842186e+01
  3.56157874e+01 3.80430225e+01 2.60011453e+01 2.62651885e+01
  1.24094066e+01 9.71358814e+00 1.79124490e+01 2.15226053e+01
  1.69470844e+01 2.54984754e-28 1.20571219e+01 3.19681393e+01
  3.41544511e+01 3.45168613e+01 1.98019079e+01 2.17902515e+01
  4.84929157e+01 4.46031941e+01 6.81109362e+01 3.39128138e+01
  8.96907442e+00 8.65472174e+00 6.66091177e+00 7.22877934e+00
  3.05814678e+02 4.29209766e+01 1.10432695e+02]
 [6.03391371e+01 4.25236256e+01 5.57720054e+01 4.13155789e+01
  3.08873487e+01 2.47730880e+01 3.48887348e+01 3.52249411e+01
  3.29376875e+01 3.68789308e+01 1.99772275e+01 1.59675428e+01
  9.20274682e+00 6.16667492e+00 1.55464233e+01 1.39944518e+01
  1.45335176e+01 1.80773923e-29 9.85343802e+00 3.76779753e+01
  2.26986416e+01 2.53077406e+01 2.09131482e+01 1.71696211e+01
  3.92425966e+01 2.09455381e+01 3.73934810e+01 2.12278204e+01
  8.05916202e+00 8.40092671e+00 6.69921034e+00 4.41171818e+00
  5.31747395e+01 6.51236933e+01 2.38589992e+01]
 [3.65010472e+02 3.03908980e+02 1.26513949e+02 4.52735931e+02
  9.01560699e+01 7.66708204e+01 7.02217082e+01 6.08522243e+02
  6.83955028e+01 4.79629893e+02 5.55089802e+01 1.56359743e+03
  2.63395363e+01 2.31536463e+01 3.39878240e+01 3.71134679e+01
  2.36141698e+01 1.81736149e-27 4.94961834e+01 5.20666647e+02
  3.09814700e+02 4.56571488e+02 2.52411159e+02 2.24585688e+02
  1.90828135e+02 1.39511824e+03 2.27257393e+02 8.34270142e+01
  1.09599050e+01 7.07461692e+01 8.95312477e+00 9.37991051e+00
  6.02325517e+02 1.81436220e+02 1.11032966e+02]
 [5.84700466e+01 6.97680990e+01 1.01811605e+02 8.59085365e+01
  8.42976961e+01 3.51478169e+01 4.82996928e+01 3.79926513e+01
  4.75843980e+01 4.36032711e+01 3.08519751e+01 4.33145489e+01
  1.02637449e+01 9.93926568e+00 2.43769113e+01 2.00355801e+01
  2.14170561e+01 2.37107206e-29 1.27329085e+01 4.13298878e+01
  4.46664144e+01 2.97270825e+01 2.67644449e+01 2.21746533e+01
  4.20098773e+01 6.12451908e+01 5.59183142e+01 4.28062469e+01
  9.47910221e+00 8.53419919e+00 7.58035353e+00 8.55263120e+00
  1.63413831e+02 1.01431078e+02 4.17058947e+01]
 [1.99721245e+02 2.17012971e+02 8.01372358e+01 1.00263337e+02
  5.80740391e+01 4.88050705e+01 4.95823156e+01 4.87639564e+01
  6.87916742e+01 7.89056857e+01 3.74384277e+01 4.87700200e+01
  2.34311024e+01 1.27694110e+01 4.29925763e+01 2.89036282e+01
  4.30435993e+01 4.57191651e-29 1.96009316e+01 6.50778405e+01
  4.59261234e+01 4.25567533e+01 3.35630536e+01 6.24039174e+01
  9.21161888e+01 9.10957104e+01 1.92132241e+02 7.60428329e+01
  1.46211843e+01 3.66602698e+01 9.56358537e+00 9.01689812e+00
  2.73625882e+02 1.76363632e+02 6.21558492e+01]
 [3.33645241e+01 3.63568289e+01 3.90478361e+01 4.52495368e+01
  3.05210732e+01 1.97084726e+01 2.02177688e+01 1.69110790e+01
  2.12498979e+01 1.78401842e+01 1.23068017e+01 1.23410326e+01
  9.07091535e+00 5.62388741e+00 1.24233835e+01 8.11753515e+00
  6.89486485e+00 1.12164406e-28 9.60764013e+00 2.33293372e+01
  1.60448945e+01 1.71256353e+01 2.27198355e+01 1.18359208e+01
  2.08495435e+01 1.95307990e+01 2.79438487e+01 1.17093286e+01
  9.02565728e+00 4.15080411e+00 6.61555559e+00 2.84754291e+00
  5.25476287e+01 1.78985604e+02 2.08281069e+02]
 [1.03425059e+02 1.42310304e+02 7.12170143e+01 9.77827871e+01
  5.61270694e+01 6.67215788e+01 5.74517150e+01 8.00929169e+01
  6.53814176e+01 7.59852533e+01 4.70812763e+01 5.86153816e+01
  1.06992673e+01 1.48579570e+01 3.06405519e+01 2.52282425e+01
  5.06385606e+01 2.62796903e-28 2.36705047e+01 6.73048949e+01
  3.56286083e+01 5.04694223e+01 3.09680937e+01 3.77281161e+01
  7.28237753e+01 9.69843814e+01 1.06326962e+02 7.34309491e+01
  1.97100281e+01 2.43043087e+01 1.09214204e+01 7.60831541e+00
  1.06096746e+02 7.62984340e+01 1.60245869e+02]
 [5.14902253e+01 6.13458490e+01 4.93416263e+01 6.43351654e+01
  2.89124640e+01 2.87028317e+01 3.25552660e+01 4.55074338e+01
  3.32943838e+01 3.95960132e+01 1.17488942e+01 1.77067612e+01
  8.93982664e+00 9.12001733e+00 1.85054445e+01 1.84791477e+01
  1.01762373e+01 1.95452798e-28 1.09105378e+01 3.38815901e+01
  2.91879272e+01 2.30923795e+01 2.04143130e+01 2.05670284e+01
  2.95671159e+01 5.65780625e+01 5.40681842e+01 3.84559373e+01
  6.25250404e+00 7.24198372e+00 7.67510794e+00 5.95670986e+00
  1.40472760e+02 7.42540323e+01 9.31125024e+02]
 [3.14898843e+02 2.73192174e+02 2.39955071e+02 1.31610764e+02
  2.02384141e+02 4.33618028e+01 1.02088889e+02 7.60519860e+01
  5.58388507e+01 7.70319167e+01 4.06610133e+02 2.00882904e+02
  7.65227124e+01 1.90622751e+01 3.61672244e+01 1.75177149e+01
  3.62610499e+01 4.26114361e-28 1.54792162e+01 6.06476435e+01
  1.09102266e+02 3.34048913e+02 4.83795700e+01 4.11218018e+01
  2.52155594e+02 3.18631123e+02 1.90701658e+02 2.68657519e+02
  7.63708539e+00 3.19159481e+01 7.26731140e+00 5.30873153e+00
  4.04503885e+02 9.30437492e+02 8.08212035e+02]
 [1.89730828e+02 1.84246790e+02 5.25335512e+01 4.55125165e+01
  2.62613708e+01 2.54926729e+01 3.40207939e+01 3.92627188e+01
  5.95158212e+01 5.51689527e+01 1.34732110e+01 2.00864471e+01
  1.07402925e+01 1.07518836e+01 2.56436473e+01 2.28527454e+01
  1.68208237e+01 1.24960652e-28 1.78217200e+01 5.66013507e+01
  1.90314369e+01 1.95890259e+01 2.08873962e+01 2.17216366e+01
  5.69162140e+01 5.89675006e+01 1.12284977e+02 3.78105193e+01
  6.08747282e+00 5.66041565e+00 8.99214130e+00 7.23964660e+00
  2.40884809e+02 1.48587327e+02 1.14737931e+01]
 [1.93063326e+02 1.46349983e+02 2.96205749e+02 3.58534949e+02
  9.15010386e+01 9.63100407e+01 5.32240200e+01 5.82109497e+01
  5.95939384e+01 5.59185775e+01 4.87876456e+01 7.65551618e+01
  1.91127874e+01 2.75534769e+01 3.43234792e+01 3.21942384e+01
  2.05351795e+01 5.54281883e-28 4.59342708e+01 5.50067252e+01
  7.95129606e+01 1.05518572e+02 3.72411307e+01 4.59670538e+01
  1.01365498e+02 1.21278778e+02 1.11349634e+02 4.80091921e+01
  1.49379315e+01 1.62398454e+01 1.58037109e+01 1.24310645e+01
  1.08618333e+02 3.46168346e+02 4.33989437e+01]
 [1.12253245e+02 1.11747831e+02 8.18348393e+01 7.47619416e+01
  7.44548532e+01 6.64366142e+01 8.11958860e+01 6.75063943e+01
  8.87808484e+01 8.00611125e+01 4.68448641e+01 5.69089768e+01
  1.96763704e+01 1.33791223e+01 3.63084296e+01 3.32371330e+01
  4.06991796e+01 3.54210508e-29 2.02600463e+01 8.12410809e+01
  4.94497581e+01 4.12395335e+01 4.99682290e+01 5.07827209e+01
  7.55331899e+01 8.32622920e+01 1.16093981e+02 7.45868846e+01
  1.71979431e+01 1.67652884e+01 1.21446365e+01 8.33098037e+00
  2.75620372e+01 1.92372438e+01 7.98275034e+00]
 [1.02786567e+03 8.73297638e+02 1.21652185e+04 1.76444300e+03
  5.24096056e+03 1.07039127e+03 8.04593504e+02 1.62492091e+03
  6.94391402e+02 7.27881588e+02 1.90400592e+02 2.47651938e+02
  1.17017448e+02 3.21370537e+01 3.03585827e+02 1.69588350e+02
  1.10854722e+02 3.52435836e-27 4.40241952e+01 6.52091468e+02
  3.09438382e+03 7.47071142e+02 5.92523684e+02 3.04243507e+02
  4.28321422e+02 2.93919498e+02 3.87489347e+02 1.03337672e+03
  2.83004730e+01 4.49654170e+01 4.51241147e+01 1.78947997e+01
  2.84765292e+03 1.06300242e+03 2.67084667e+02]]