[[ 2.81366241  3.1155883   2.18884993  4.12059724  6.19239612  6.95272692
   5.70099597  5.31262147  5.68617256  6.23559435  4.70782448  7.10617143
   7.24332204 10.90472877  7.45218635  8.63300524  5.40593225  1.40985881
   9.06706733  6.30730204  3.19308261  6.97327514  7.335008    9.05286344
   2.43630478  3.14030076  2.87954449  4.61867404  5.99977888  7.31668719
   8.55658582 11.00705719  0.61849012  0.60876476  4.43451426]
 [ 2.12650126  2.11519212  4.09443348  3.66455766  4.11070315 10.16435502
   5.02672665  5.59440207  5.1316895   5.86131604  4.37715468  3.85714352
   3.99175611  5.22447416  5.20556006  5.7790543   3.32814881  3.99307303
   4.71237931  5.55216253  4.36901823  5.16950504  5.09780953 16.17045371
   2.91871441  2.24137686  1.83503346  1.84706852  4.03819531  4.43399753
   4.57853754  4.80031803  8.77251974  5.39259224 13.75294545]
 [12.26893104 11.7705516  11.9352779  11.57900073 21.44212151 19.21233336
  18.00363904 14.78574338 12.59415589 13.66924768 14.09273506 17.18606094
  23.11418582 21.44580091 19.77454528 18.13118336 12.13239214 13.52120889
  17.65431921 14.03606463 18.51625996 17.17538242 20.6780447  17.95589571
  17.70618375 10.22991746 12.77384668 11.36912945 21.36034558 20.03439608
  20.44615182 19.9181454   1.90748174  6.94185646 19.95716991]
 [ 9.66176493  9.84256446  6.35963497  6.70535491 14.733052   24.01038236
  13.08687806 12.86533443 14.84593269 12.61694523 13.27859589 15.78648969
  11.72855764 12.01937893 13.64770631 12.32083088 11.05773804 12.36196645
  13.33850362 13.41793374 12.19733981 12.05978373 13.07548687 14.2079571
  12.59955688  9.25975033  9.15103253  9.64019099 13.5985547  14.41397406
  12.6223107  12.63130265  5.33769878  3.80639304  9.23235214]
 [ 5.26159194  3.45827176  3.83217502  3.682405   13.64941588 29.19971446
  14.86232675 14.22763229 13.86807772 12.11747583 10.42512519  9.62860312
  12.44807918 17.35822604 15.42429577 15.18617192 12.20053622  6.52821969
  14.06992745 12.80874566  7.68754    12.01549738 14.24696773 22.30048146
   7.16949295  5.65011664  5.00878448  9.1179839  14.49315278 14.85545052
  16.39560991 17.32641128  0.88308422  1.26442224  8.70723364]
 [ 3.03193301  2.02168965  3.34642999  4.16238594  7.3912625   8.51016484
   8.93059172  9.8441154  10.16838681 12.16017052  5.6372553   8.0063051
  10.05499981  9.70470148  9.19843793  9.23809814  5.88263268  6.58768922
   8.39512337 10.89778487  5.70761256 12.05648971  9.47569944  9.51932504
   2.05356214  2.41552387  2.9563869   4.03597721  7.91003076  9.57033287
   9.85197253  8.43062187  0.49749062  0.65830525 11.9772074 ]
 [ 5.55321197  6.09935704  5.20748036  5.09681826 11.2598941  13.53030594
  11.37313037 11.83341299 11.0926429  11.09378188 10.52433175  9.80346164
  14.30632322 11.93854236 14.11652024 13.94325383  8.27029517  7.71568101
  12.52058253 12.05345792  9.39759765  9.95282348 12.83420377 11.9405402
   7.03558887  7.57212855  6.25855406  7.83557486 13.79836468 14.67725541
  13.01896511 15.85138472  0.94688933  0.69546655  3.99336067]
 [ 4.26474621  4.33616989  4.01432971  3.80703032  8.37136882 17.69896128
   6.38481441  7.97319323  7.35339592 10.94027407  6.19677171  5.70991813
   9.40359522  9.78875977  7.43672174  8.28890238  4.97701975  5.75050078
   7.72075162  9.47098967  6.37144061  6.0900431   7.66212749  9.57145021
   4.89102335  5.09461131  4.18382273  4.32301702  6.49988575  6.57465795
   8.78607636  8.42265947 12.16700336  3.25188694  4.9922311 ]
 [ 6.50912262  7.98689761  5.65702585  8.35142705  7.58359629  8.34037372
   5.83002151  4.80592322  4.93806674  5.56316031  8.62166225 11.56786569
  10.52008941 12.5982713   8.87534264  7.55882385  8.24742064  5.99807389
   8.91277521  5.55614799  8.22096647  9.56702547  7.97771745  7.98521748
   6.69237927 10.34130819  7.95705043  8.53234355  9.16778045 10.50998871
  10.94200614 10.53192613  3.12338432  3.10559258  6.54095323]
 [ 1.60382528  1.2094945   2.61615883  0.72799191  4.04218549  4.2427373
   6.46454664  0.95012689  4.31647172  1.19432518  2.88262869  0.21012535
   3.91348848  4.49296566  5.39841217  4.15385837  3.94162886  0.66667472
   2.712708    1.07317121  0.82030388  0.48365109  1.10099977  1.1804675
   2.48498428  0.69679192  1.90780719  2.54970138  4.93367309  1.42051638
   6.84336593  5.65129894  0.32692158  1.11624171  6.61924053]
 [ 7.45358756  7.81130421  5.62424972  5.98157849  5.45121562  8.20526125
   5.80418415  5.89820562  6.96259949  6.36252171  7.76871531  7.42086488
  17.43596965 15.26147332  8.89895162  7.95247697  7.78607905  6.88344745
   9.17115888  6.90044077  7.92974999  8.92434553  8.69189226  9.0016466
   7.00602228  6.73120618  8.24064185  6.16272558 10.43444115 11.22220705
  12.58361661 11.29868625  1.23671694  2.11645485  9.85966397]
 [ 3.8342718   3.75629166  6.75057157  5.79786819  8.00298548  9.3268102
   8.61718811 10.11676075  7.73309187  8.10408626  7.90411533  7.42224609
   9.92064973 16.20775592  9.48470349 12.09116608  6.55452441  8.27639667
  10.41240726  7.88095863  8.15079129  9.16464114  9.465116    8.21333084
   5.40322344  6.57997453  3.97665459  5.44999779  9.90561027  6.51611196
  12.9206488  13.54859826  1.76031488  1.52960855  9.69133154]
 [23.57423987 23.55965762 20.73188909 21.38838252 21.07491967 27.22509562
  25.65475975 27.81706747 29.19220964 29.26287516 31.69651805 30.18082925
  28.17483375 30.96625213 27.41310556 29.93020304 31.51300563 19.72696604
  25.68495062 28.10917594 27.55145008 28.83544791 22.68763689 29.04442802
  26.41410377 27.68175797 25.04338835 30.31453409 23.14721476 30.47063503
  26.55934691 31.24168504  5.53592571  2.14202771  7.72202032]
 [ 5.88274176  5.70565825  8.03790686  7.71162791  9.764389   10.01342052
   8.64308324  7.97384334  8.93318994  8.74146908  7.77946481  7.67439091
  11.86846099 12.08044428  7.3785661   9.51341611  6.12146178  4.18616577
   7.25759344  8.6633711   9.31371994  9.25850089  8.85420565 10.50460149
   6.62476581  6.47489002  5.63347821  5.9539343   8.25329594  7.37215096
   7.42873124  9.97143487  3.93261808  4.89719953 10.93080027]
 [ 7.75464881  6.93248324  7.61960204  6.23390599  9.58008151  9.60319358
   8.44960212  7.6454582   7.78956704  7.12504099 11.8920166  10.5561851
  11.70406385 12.34783997  9.30947783  8.0346305  10.57325589  7.2657209
   8.09660115  7.65192706  8.37882916  9.46999225  9.94093879  9.53808097
   8.75300332  6.59401103  7.32775803  7.48474763 12.23030996 11.19210907
   9.85283132  9.87374863  2.02379124  4.79530401  2.91064827]
 [ 2.73103066  3.17738314  4.11797085  3.95874837  4.09215593  6.95252747
   5.32479297  5.70612152  6.63737555  5.83714404  3.52628261  3.85969786
   4.0541673   7.23123241  7.15933958  8.27762347  5.62591129  8.32579292
   6.9732606   6.39675547  5.98440753  3.22979135  6.57183923  7.83220682
   3.20975274  3.22329914  2.65741062  2.44554008  8.66647731  7.32082443
   9.26093965  9.42515575  1.68092009  1.26129076  8.73969773]
 [ 3.40518948  3.28597936  8.38947589  8.88681217 11.20335971 11.42006152
  10.53003465 11.95651933 14.65025269 18.83298062 11.60898379 10.0123604
  11.91704381 11.62391295 10.54669247 11.87079855  6.79441764  5.47150482
  10.18604395 18.59419513 12.42617999 11.27060037 10.95774285 11.28814165
   5.70532132  5.95373055  4.32773616  5.26431999 12.88789647 12.68217115
  10.79507255 11.84199749  0.89727306  1.50353377 10.9831668 ]
 [ 5.81258068  7.10016752  4.19583668  3.81857596  6.33361983  7.0366111
   8.25444978  9.22673354 10.96886391 12.32667113 10.25222186  9.85149385
   9.37989564  9.40974399  9.60707909 11.37317604 12.92021135  8.14478088
   8.31798581 12.76628332  7.39536358  6.60106114  8.6903584   9.25263489
   7.58057947  7.39235329  7.36894434  9.97115191 13.63784151 13.76535595
   9.38071045 11.17772966  4.04189157  1.10299912 10.11334019]
 [ 5.79898909  6.05203273  6.59294966  7.85570657  6.17298186  8.36872326
   5.83951638  8.03257471  6.68119935  8.30329791  7.16526918  6.48320465
   9.4538826  11.11448359  8.15807632  9.11071011  6.28634165  6.85028177
   9.32246218  7.70530563  7.20474159  9.66451738  6.77530484  8.09460527
   6.38128886  6.36537059  5.64617498  5.90605688  8.53699349  7.8890815
  10.25211034 10.59007903  4.01301758  4.13668891  7.13381072]
 [ 0.94038209  1.39229317  0.18398303  0.95772179  0.48564212  1.26413302
   2.1600695   1.43197686  2.16942867  2.94014892  2.55936597  2.65942409
   3.47461673  8.96006201  2.74839649  3.69684309  3.27247658  0.68309914
   7.06781192  2.61041637  0.3695616   1.41093634  2.00094891  2.99207714
   1.51195181  2.00991415  1.87998325  0.66637167  6.43768815  4.95733858
   5.75992982  8.36119424  0.08865633  0.19183784 13.03394471]]