[[ 0.88843946  0.93032212  0.60845339  1.2638541   1.58198936  1.61836652
   1.00464433  0.99438841  1.07533143  1.30965862  1.42071505  2.11538765
   1.80549662  2.36554055  1.31240988  1.44687694  1.72138793  0.49351471
   1.56328369  1.25306345  0.87395029  1.83613535  1.60363601  1.57385944
   0.66475275  0.92130116  0.83428909  1.36063924  1.70590689  2.29874239
   1.70163336  1.85055292  0.25124955  0.27912807  1.7427071 ]
 [ 0.91018461  0.94729344  1.29422293  1.33369778  1.11568336  6.3975373
   0.87165587  1.51347688  0.98594319  1.90164784  1.12639806  1.09127414
   0.91216306  1.52048417  0.95639373  1.70744378  0.98476239  1.66178409
   0.99612552  1.51717549  1.20547419  2.07101885  1.36202264 13.26224447
   0.88213505  0.81205351  0.85656366  0.48518823  1.07242494  1.14740697
   1.00119395  1.27870807  5.42475177  4.38131993  3.71538823]
 [ 4.04523884  3.29607844  2.44775094  1.78767177  6.6170269   4.56493851
   1.22088518  1.17630511  0.75224846  0.99281277  3.02825691  2.64721797
   2.28898205  2.76703495  1.76331999  1.84094893  2.49257357  1.43242567
   1.63986978  0.95547791  2.63720846  2.25408548  1.82282342  2.00112384
   6.74385287  2.30197463  3.88955693  3.2044012   2.51357174  2.47879847
   1.91499313  2.31179473  0.50075452  2.39903478  7.84528781]
 [ 3.93360595  3.21120196  1.41579757  1.3742861   6.77177174 11.89420383
   2.83366346  2.69660612  4.65641508  3.41980299  2.78688563  8.17300558
   2.28546774  2.35145226  2.17780211  1.77329715  2.04095279  4.47613433
   1.83437871  4.20138117  2.44487773  2.41342699  3.68799272  3.40344015
   4.46750288  2.03200922  2.62216786  2.33094102  2.08407202  2.50594323
   1.99470816  1.83758652  1.88549303  1.4744608   5.25231552]
 [ 1.49921603  0.96360834  1.04405704  1.14366267  8.45689256 30.6617417
   2.36144658  3.20573863  2.99180037  2.06110581  2.47395115  2.71036092
   2.61434323  6.45172784  2.51407726  3.59730726  2.95028339  1.27666589
   2.568004    2.53843561  1.80304597  6.06958324  3.79461312 18.50265506
   1.8215131   1.54144038  1.39986347  2.25419195  3.27164121  3.6239134
   2.77998759  4.01931554  0.35188808  0.43092945  3.13860442]
 [ 1.4510339   0.84245615  1.31027757  1.38341032  3.08231422  1.88278582
   1.53236212  1.69757522  1.99631078  4.40092797  1.84761031  2.3666075
   3.50076652  2.52994718  1.90631379  1.85993783  1.87345743  2.46767566
   1.83166002  3.26363441  1.9324022   7.19678337  3.00045653  1.78350716
   0.80093699  0.75944533  1.3936398   1.40188746  2.46486487  2.7859093
   2.45629205  2.08316257  0.20143204  0.23237699  5.05304617]
 [ 1.09343458  1.1543507   0.85032399  0.8461584   1.30055563  5.13498112
   1.33688082  1.36861959  1.63221375  1.29999978  1.35433772  1.44932323
   1.68046672  1.86621066  1.31024025  1.32496319  1.26883553  0.92371971
   1.12136902  1.59540288  1.26865475  1.49352078  1.24274944  1.24342354
   1.18706505  1.35182842  1.21759872  1.24598043  1.58720226  1.89259923
   1.32609157  1.62513643  0.33298744  0.16301632  0.90977709]
 [ 1.71408399  1.51820053  1.60248706  1.40044705  4.41330648 13.62877798
   1.42025595  1.32878682  2.84903081  6.51204802  1.75329643  1.57232989
   2.68709808  2.31131064  1.17920045  1.35589482  1.36146412  2.00734831
   1.48984173  4.93163503  2.28302541  1.85460186  2.44447017  2.85604388
   1.64455254  1.58610537  1.59572184  1.27790678  1.86624597  1.85097237
   1.6834956   1.61530771  8.19939153  2.83612763  1.85847354]
 [ 1.29918755  1.32731414  0.83976868  1.12213957  1.09761572  1.05594577
   0.61643595  0.57374782  0.54565435  1.0548702   1.25634044  1.55995196
   1.35476792  1.86663337  0.78230801  0.85575002  1.44703797  1.22597285
   1.01678969  0.86019607  1.27206195  1.25305442  0.8284226   0.88057461
   1.02760287  1.51021064  1.49083073  1.18268408  1.54668477  1.5099698
   1.28983793  1.46336034  1.63109229  1.41633789  1.96329833]
 [ 1.09442043  0.54206562  1.0100059   0.2246558   1.94786234  0.80174946
   4.00522421  0.11116123  0.87053871  0.13054468  1.0060797   0.05835849
   0.94855225  0.94717891  1.45396589  0.4495359   1.1415906   0.09814277
   0.40709359  0.18741486  0.26407357  0.12705317  0.24468286  0.17749421
   1.38387179  0.11587233  0.91680638  0.65145648  1.13939379  0.3051059
   1.34625043  0.97904256  0.22388925  0.23344418  1.26186059]
 [ 2.72886654  2.61629927  2.17508609  1.51978419  1.95907497  1.81048673
   0.95183461  0.74878035  1.37662325  0.9959865   1.62919274  1.7947652
   1.75378349  2.0144252   0.9999769   0.88311555  1.53845092  1.30001073
   0.99510352  1.2452503   3.23236123  2.14271297  1.27996454  1.18794743
   1.97398004  1.87199324  2.91611469  1.398824    1.57643922  2.0156042
   1.25137112  1.47393774  0.53473862  0.91065437  2.99082301]
 [ 1.1034484   1.21365062  1.44540236  1.14945545  1.9797621   1.79367158
   1.55281221  1.6200952   1.23465686  1.24896296  1.72153404  1.75901029
   1.90872775  2.7194369   1.63252606  1.89122203  1.45054002  1.58434414
   1.73469424  1.20282906  1.69765573  1.70156337  1.62293752  1.5489343
   1.25817375  2.37950334  1.11194231  1.1523699   1.98776154  1.85412948
   2.2581578   2.27014306  0.8812442   1.02483128  4.30353964]
 [ 3.9167904   3.69910647  3.09592918  3.0383528   2.70869888  3.86369299
   3.8287374   4.38289743  8.64517892  7.7556859   4.19672382  4.95263007
   3.17289905  4.77706862  3.95070615  4.51524493  4.45743595  3.14213153
   3.73409488  8.14407189  3.52124097  4.22722564  2.72521626  4.12377746
   4.06737255  4.39865508  3.84433566  4.32890825  3.17239111  4.8288487
   3.37664191  4.51297932  1.08421159  0.39309877  2.51502596]
 [ 1.28669294  1.24773967  1.48197223  1.54258996  1.25298974  1.51371017
   0.86594561  0.99577451  1.01624452  1.39485619  1.53220519  1.96364124
   2.12471105  3.20594484  0.94002827  1.58051233  1.42567709  0.58501958
   0.97465716  1.17861821  1.87282683  1.92819137  1.24132742  1.89714431
   1.38603594  1.53704881  1.23397222  1.29344554  1.74741772  2.3748713
   0.78733865  2.00882539  0.74010756  1.0739261   3.40836323]
 [ 1.4330214   1.35241846  1.25487113  1.04991805  1.15337333  1.64839042
   1.1749841   1.1172866   1.34592103  0.91621342  1.80776987  1.80907877
   1.61672093  1.73783766  1.16799241  0.8762909   1.74236089  1.02557274
   0.98079828  1.18377736  1.2144189   1.48388109  1.21991997  1.32489163
   1.53236614  1.14384472  1.45119494  1.41746593  1.9246658   1.96037104
   1.33497482  1.16426196  0.50550761  1.54701136  0.91049296]
 [ 0.99576175  1.11184096  1.25754492  1.31064372  1.04803156  2.07660175
   1.34792442  1.52624847  1.61172078  1.62436894  1.05309277  1.30213217
   1.29449935  2.73235834  1.89388376  2.3735346   2.44426372  2.57953792
   2.00537875  1.80776797  1.8727858   1.08018555  1.77842093  2.21009683
   1.07890683  1.10747457  1.11347379  0.87891861  4.64919706  2.6138324
   2.71642917  3.10076405  0.5340255   0.38496819  2.76273568]
 [ 0.85223115  0.80155685  1.6464323   1.76011335  2.04927112  1.93187568
   1.84834323  4.75128861  9.4068149  13.00222102  2.14150418  2.1802285
   3.10396092  2.25602605  2.12219946  3.63483315  1.67832821  2.90455264
   2.77044345 13.43985021  2.50184845  2.14897989  1.48583428  2.08580056
   1.33049031  1.46292433  1.00608357  1.28395116  2.17738217  2.50937674
   1.89548112  2.58801645  0.37875247  0.86040302  4.43381895]
 [ 0.99965662  1.28256088  0.51544006  0.49843872  0.71730192  0.74851723
   1.04132186  1.25348837  2.00063865  2.66570146  1.1576209   1.18994246
   1.32993888  1.35428651  1.11294883  1.52496067  1.45602506  1.00153742
   0.93612231  2.80541183  0.9061572   0.80133225  0.98712782  1.0567559
   0.95244563  1.00288242  1.12613004  1.22001612  1.38099416  1.73680773
   1.13753932  1.3911214   1.23426439  0.2734201   2.977294  ]
 [ 0.44482149  0.4520466   0.72666786  0.58934052  0.45017083  0.61240111
   0.49467152  0.92151998  1.3939895   2.37899645  0.68596945  0.52264528
   0.78443416  1.10628835  0.72352277  1.0448733   0.50772121  1.73618469
   0.99047651  2.02075917  0.6402632   0.7815066   0.48749469  0.67782603
   0.57431218  0.50469013  0.41261703  0.43116757  0.68779322  0.84656642
   0.87668367  1.0567961   0.83965817  0.75497505  2.22610887]
 [ 0.37454164  0.72879437  0.06850848  0.37624547  0.1765076   0.4280494
   0.65347683  0.44290182  0.61184822  0.80981279  1.01245702  1.00230052
   1.09762127  2.96667806  0.7266127   0.9337223   1.35996312  0.23887605
   1.87799584  0.69569266  0.13530756  0.50772343  0.57346171  0.8494771
   0.55905948  0.79100374  0.74872085  0.2720005   2.69192896  2.23572437
   1.60021959  2.54183228  0.038411    0.06582164  3.35466462]]