[[ 5.97291871  5.70807844  4.89342843  7.94084301 17.38415556 19.86643978
  28.27220581 37.97981933 34.44708679 33.14635901  8.68992459 10.96879712
  18.29736694 25.51141326 34.38624297 41.32752933  9.67050322  1.61937182
  35.60184956 31.76668795  6.77988492 14.54889709 24.89534553 32.40128118
   4.95440563  5.22593466  6.06319197  9.35275088  9.89692227 11.10410809
  32.77596743 36.57040366  0.72868891  0.81363522  7.63339877]
 [ 2.5382515   2.63610401  4.55388946  3.9611249   7.17364005  6.71100754
  14.42848488 12.7149592  24.68144822 18.98300185  6.03521714  5.10970188
  23.54401502 13.57105272 16.41463209 11.24318227  6.65990767  7.90693061
  12.02822563 20.23511063  5.87760383  5.96310204 14.60934449  8.67256246
   3.6891578   2.84721218  2.52352388  2.34446412  7.08435367  7.67816384
  17.65339551 11.55352485  1.30835979  1.02003148 10.22186375]
 [16.15064826 17.62206443 17.18170222 19.14175361 28.09084301 33.35477336
  44.99870527 44.55287557 67.48312646 62.44682657 20.96460627 25.13337188
  39.80324186 41.28653381 54.45216406 52.22624483 24.32540499 54.57098194
  54.29593936 61.6639345  27.03360673 27.89833371 43.63185624 48.71025567
  17.79007436 16.35857266 18.38507202 17.1072862  28.18431883 26.74534865
  55.6979105  45.06647519  2.34125971  6.49185399 12.83626388]
 [11.72343654 12.70361576  9.14456438  9.55332725 18.79814707 17.71091242
  25.14045896 25.79863629 25.582752   24.10844402 17.27983614 11.36117568
  20.05436376 19.038412   25.11842351 25.04810609 19.78328139 18.03271725
  23.44673276 23.0926566  17.75842036 16.17955319 22.02130163 21.21324818
  11.8450361  13.74231559 14.49545404 16.65093506 21.64592471 17.4960918
  23.06874744 22.16451221  4.18968917  2.99475182  3.9671976 ]
 [ 7.65797633  5.03060223  5.16312788  5.47156113 15.37849106 14.98118815
  34.66128859 43.86547023 44.21258815 45.27416295 12.501049   10.31880575
  20.26944062 22.68508695 40.61969755 42.31880778 18.18086673 19.55515394
  37.90749847 43.59754605  9.84007483 11.22627862 26.69614871 26.79379409
  10.18693368  7.63760303  7.68606891 13.86328506 15.47730264 15.51874445
  40.07644922 31.91007249  1.24157865  1.78437582 11.82659355]
 [ 3.54921991  2.38955002  4.37938178  5.91942993 12.50501965 21.72682877
  28.32187884 46.99617943 38.34041927 34.64302904  8.65184501 10.30074375
  28.38932056 33.81788566 29.82211022 37.3690922   9.77553016 11.97374092
  25.76411001 33.22722147  8.46213622 15.99551665 22.00915705 38.40517731
   2.74889021  2.98851904  3.44114573  5.88055194 13.4456714  13.78380556
  27.28778253 26.31763952  0.53327667  0.99224742 19.60675567]
 [ 4.59798329  5.42361898  4.8828147   5.60463389 15.58227567 15.8910083
  26.10659725 32.89735566 36.02635869 42.96494932  9.360417    9.4555233
  15.11277181 12.2961439  33.06130575 37.05463023  9.19210365 14.71527249
  40.34674829 41.42801148  9.04654209 10.47436004 21.5562139  20.92114969
   6.62894254  7.58778446  5.58992413  8.28576533 11.79447628 11.63340219
  25.94041836 32.07521605  0.86446012  0.8330704   4.03410714]
 [ 8.52783643  9.67834273  7.50632948  7.29426294 19.16693925 14.622084
  43.15294658 44.97948857 52.31251392 41.90466579 13.38214861 11.76059157
  24.28197734 22.08348902 48.93310932 44.64749538 13.21393402 25.84994802
  43.48053849 45.45034575 14.43079599 11.24404417 35.72529439 30.23693951
  10.85602993 10.37968536  9.00846735 10.88157072 15.50786351 12.61858606
  41.48370833 36.48831528  5.13637452  3.55011469  6.24562671]
 [15.68514768 18.28325684 18.20254988 17.25522336 34.30692982 36.5548131
  55.58112679 62.75212183 68.47343827 64.22018601 19.76963729 19.20774641
  27.64805684 32.49096674 46.67951125 53.37405387 20.22524663 12.54596423
  44.65595984 63.19440315 24.17773144 18.54033506 39.8520184  45.82893192
  16.35016549 21.41877381 20.20213237 21.30743419 19.44083834 16.17623243
  32.36666941 42.04737061  7.82945215  7.01417411 11.92367406]
 [ 2.16049295  2.37896153  4.83743109  1.56626817  8.69163167 12.46247588
  29.3429442   7.92013394 47.54549657 14.28406138  5.27756682  0.31672663
   7.64983918 11.6391258  37.22412807 42.68921913 10.55961782  3.92715125
  27.0665669  10.58300338  1.29569653  1.03052659  4.44149443  6.56075587
   3.18828115  0.92237211  3.3547234   5.6169997  12.02704383  1.84391622
  29.34549647 32.03926717  0.27401308  1.12803571  8.00570856]
 [26.2228782  23.67895017 23.83224892 23.68486714 37.50627641 45.27467358
  69.79622496 69.55092684 73.73698981 71.64844682 23.32334502 17.57097267
  40.5629101  34.72937049 61.68811829 66.0088334  21.38673114 65.40684797
  59.65044121 70.09016756 29.14484552 31.76750599 55.32830797 52.85277703
  24.98077885 22.19444546 25.50833913 19.80865137 25.58709615 24.65915105
  50.49228317 45.40642497  3.96571854  7.12151952 17.18023695]
 [ 5.86522097  5.86916923 11.64651615 10.71612579 14.41947695 15.76176326
  23.12720203 21.80351809 34.26872421 29.84747609 11.94514378 10.57852025
  10.65457575 15.37935651 18.21003775 19.09164597  9.28290199 16.23617469
  20.01662173 31.08162615 13.41493209 14.02570197 16.80115486 12.43329226
   8.49788415  8.38670203  6.5424356   8.58631022 11.42347113  7.76483498
  16.34553006 15.26111709  0.80789089  0.94050361  6.46458513]
 [11.96567269 11.8214314  11.15261548 10.05312142 16.53576729 16.92324767
  27.02995742 25.55779668 24.02133819 22.19892319 14.14547489 15.6156917
  19.57253991 19.95034172 26.90999655 24.27371269 16.54341211 12.31837944
  18.33021812 18.81264556 15.60055112 14.11628136 20.00322644 21.38607382
  12.99452953 13.93304456 12.89753737 15.78351408 11.3541816  17.59643273
  22.60327363 19.78625257  2.56204482  1.09915951  5.9053422 ]
 [17.07251962 14.40682729 19.37007593 16.33863372 21.71968174 21.46306101
  41.53244002 39.38506083 38.50949482 40.20357673 16.34347036 16.74121493
  29.65179085 25.18750248 45.14370574 41.36849141 16.90073813 17.18264346
  33.16408463 34.82928869 20.49089589 19.55240531 35.16568552 30.95157511
  17.75804096 15.66774993 16.38652062 16.94528096 18.01272347 16.6046362
  40.76564238 40.93216642  6.31418052  8.54961385 13.11949718]
 [22.02679391 20.76100712 22.77077455 18.90378173 39.88118275 34.65429851
  57.53216246 53.67669879 66.20517009 64.95935521 31.9781557  27.0482468
  49.46074958 35.701105   61.71660968 60.45546883 36.04602165 54.04407587
  60.31695606 63.55323467 26.40977152 25.63780929 53.26381358 47.26277176
  26.4492466  19.075318   22.51556773 22.39880093 31.15083312 28.97895475
  58.73747031 49.56526771  2.66443578  6.40502921  3.62168754]
 [ 3.19397578  3.74306464  4.65568396  4.42200799  5.18205667 13.19099486
  12.52602018 22.09878999 29.75992124 26.19918465  3.77938577  3.7298386
   5.1765467  11.11861282 13.28397349 28.37658566  5.6545792   8.92344484
  14.26613477 25.07092063  6.37549552  3.56036946 10.92502034 16.7273134
   3.56811974  3.68465878  2.97581646  2.81220847  7.2638405   6.09028327
  13.34764255 23.04279069  1.90906092  1.28947027  8.3387666 ]
 [ 3.24989359  3.18281783  8.76748611  9.72679963 18.8645051  18.80306156
  23.68798347 19.98127666 19.83580778 16.38873285 10.4504033   9.4024018
  21.05624554 21.98444701 26.53259957 20.78183877  7.39914998  4.88166832
  19.30230723 16.72488285 13.67308905 14.14831465 25.33583374 23.02235328
   5.87392849  6.0494932   4.57123487  6.2778066  10.76018822 12.65650128
  28.5542261  20.55139688  0.80756777  0.9057134   9.74260774]
 [ 8.01368932  9.86513295  6.21484261  6.35434789 17.3820583  22.27511373
  33.29824718 41.21245867 34.60554228 38.36654363 11.0733966  11.32918144
  25.75435813 30.62445936 33.46892173 38.42724159 16.03311218 15.15749235
  25.11601781 32.51353955 12.07707968 13.42876382 29.77370945 34.07003109
   9.35618663  9.68404634 10.30306637 13.01246433 14.15705211 15.67939072
  32.91154476 37.74200297  3.77276665  1.1934833   9.40650073]
 [ 6.49797069  6.05551038 10.32891039  7.71289502 18.20213692 12.33441002
  17.8561724  14.69652779 12.59793957 11.94563122  9.0518113   5.2312106
  21.16016798 14.28636589 19.89417067 16.8658054   5.48702965 14.25480458
  18.67182655 11.69780484 14.11247389  8.69442801 21.60747832 13.16036941
   7.43565849  5.92947617  6.00698972  5.63375936  8.56508688  6.86352798
  21.21611145 20.23112249  5.38432102  5.72167296  6.26242209]
 [ 0.67438731  0.75297089  0.13604523  0.6686234   0.4117816   1.08651138
   2.81336668  1.92523763  3.75792122  4.33292228  1.59718517  1.53947132
   3.5763575   8.91918635  4.54200259  6.47708487  1.97355501  0.49975983
  13.42555629  3.76393691  0.26818764  1.00267357  2.36300763  3.64566572
   1.08397513  1.3906918   1.42771546  0.42612226  4.00688312  3.09961931
   8.93010175 10.99377282  0.07968496  0.1559181   6.19486044]]