[[ 9.20605743  9.75363146  6.84008863 13.08776399 15.37448717 19.38356913
  16.05902457 15.52998603 15.28829938 18.61295567 14.21945431 19.32804815
  15.10331439 18.90709017 14.58776459 16.46517187 18.48490677  2.74600716
  15.94885593 17.97082465  8.51668101 19.89721793 15.64951105 19.87897417
   8.01535489  9.37185567  9.62043711 16.25709009 18.19513004 18.95528959
  14.47515226 16.1283909   1.03956249  1.04592868  6.91942513]
 [ 9.01323992  9.79722267 16.19876746 14.04698245 19.76846179 18.21175828
  19.31026894 17.31212543 14.64382284 14.36113782 19.0113637  15.2138185
  16.13071903 21.39637997 18.07399082 17.40528481 18.7269344  19.01907268
  16.33094005 14.40341251 18.8955331  17.88307197 19.52125464 15.874125
  12.52729983  9.96772662  9.29619586  7.2109543  20.59802697 18.11774123
  17.90841762 21.10918555  2.25165021  2.69574494 12.0738725 ]
 [ 9.15305483  9.41603242 11.38755112  9.84136877 14.05902428 11.22800761
  15.15657334  9.47543261  6.65628759  7.11132556 11.19001709 12.33968195
  10.94227631  8.9996525   8.73777158  7.56139525  9.75771444  7.92236384
   7.19507693  7.74380665 13.93178888 11.68705202 12.59991334  9.1143744
   9.62853545  7.89171923  9.67326154  8.96787255  9.42608014 12.39517259
   7.22693917  7.63343237  3.02179308  6.45320361  9.01898925]
 [15.40974777 17.92625424 13.02161163 13.97186753 20.08247633 16.20941367
  23.00941177 23.57672104 20.98726461 24.5703951  21.47150338 15.43798276
  22.43851809 20.64729824 24.22269444 24.56629323 25.9455637  15.01300712
  26.31509608 24.76802623 21.33162777 21.21167699 23.48859712 23.49244052
  15.61139978 19.04133764 18.64814248 21.84098975 26.04966972 25.11962237
  24.32745459 24.47493275  7.0913952   6.41262539  4.49856694]
 [ 9.49747066  6.09307973  7.36829367  5.39393292 13.26554967  6.44839657
  18.37652698 14.90052413 16.15642123 16.04471379 14.87156065 10.63514518
  12.63339609 12.77783109 16.34994615 15.09426297 16.52459245  9.67078716
  16.78430598 17.13126742 11.95810869 10.27760405 15.84994    11.14692524
  11.63410064  7.61053812  9.09706709 14.79394418 16.19825742 12.81031723
  12.70478964 15.3131524   2.22133475  3.85146815  6.66379932]
 [ 6.67028533  4.81747055  7.2454718   8.78940015 15.33169441 16.7871502
  18.90926542 12.70111206 13.9350397  13.36628929 12.11360405 15.41086053
  14.98906697 13.79586836 16.52830674 12.16988875 14.94105153 16.01808669
  15.37236336 14.70625888 12.50769926 13.66754607 18.33715408 14.24225318
   4.27926551  4.90927856  6.86630728  9.64300614 16.24422887 17.31229014
  16.99630973 12.87362376  1.78257004  3.36347576 12.81387666]
 [ 7.54493537  8.3093111   7.9020596   7.48502553 17.93724826 14.1028523
  19.21663929 17.33206009 15.70323283 15.19370503 14.3930966  13.20757132
  15.02022684 12.14772735 20.33895818 16.49869717 16.06896259 10.84313463
  22.11680338 16.15394574 13.73362692 12.97622245 19.01806185 15.24876438
  10.74889325 11.05304392  8.80443543 13.21438998 16.06078408 16.09524614
  15.37846956 16.25506866  1.26631244  1.35410105  4.75936817]
 [16.31626208 18.78284307 10.92867459 14.37928355 20.45865437 18.1631995
  24.19229684 21.09452697 17.98528069 16.48597478 20.20965215 22.19909301
  17.00542956 23.27692769 19.67985135 20.23666744 31.95219567 19.51483821
  19.46131139 18.2855048  18.50032864 20.25398687 21.28028635 24.62568797
  19.92373636 20.21367301 19.91333897 28.77739237 24.09385244 23.35681674
  17.22146706 20.56516071  7.84506027  5.87060059 13.1552082 ]
 [11.18102313 13.43064261 11.93867067 12.13747194 13.86404006 12.69869083
   9.17819278  9.18460161  6.46944177  7.8831621  13.76391844 15.64834211
  15.76357674 14.94009205 10.12244313 10.24372633 12.71816646 10.40589978
  10.51604287  7.18995915 15.13454427 12.05457578 12.11723262 11.27508972
  11.17622131 14.49022125 13.07079075 13.5613764  14.04939816 11.53274005
  11.65611021 12.14601186  3.94285892  3.38405489  6.82235818]
 [ 1.88817496  2.36728904  3.63682027  1.35685638  4.79988841  6.17412252
   5.47113759  1.48783062  5.4989061   1.83772844  3.84756765  0.76608834
   5.27261635  7.76639682  6.15208348  5.8772437   6.98501483  1.34381412
   4.55210811  1.85055446  1.04505906  0.98880993  1.98902414  2.2215922
   2.48732399  0.9448794   2.79010408  4.07495321  7.99763805  1.47797929
   9.94478458  8.57617873  0.5918957   1.71919943  4.8534529 ]
 [11.74533501 10.79960046 10.23908067 10.71122042  9.71104999 12.12315841
   6.98715421  6.67277016  4.27242994  4.73563112 10.5558321   9.15473402
  10.23448228 12.35563276  6.73723912  5.89822052 14.61699794  5.51935121
   6.41376935  4.92486446 10.7318313  13.2626305   9.18421058  9.73374774
  12.67071658 10.19723105 12.89281221 14.83654537 12.45980395 12.15767344
   8.5403524   8.19890441  2.69172189  4.62520189  9.54102462]
 [10.34906164 10.1507132  22.13276988 18.26650744 26.19435754 24.73164882
  26.84221226 23.618442   25.08743045 23.26548745 21.36149331 18.09470334
  23.3961077  25.28176135 23.24242893 24.97567012 21.11110635 26.0769737
  27.54056824 25.80199104 24.73573234 22.66823023 29.04090842 18.3125816
  14.42044312 14.02939356 11.17669742 15.06829862 27.13749223 14.71879722
  27.6060735  26.18556775  2.43387185  3.02558956 13.11537014]
 [11.13324825 10.79220444 11.76738432  8.53999026 13.17737171 11.80417966
  13.32085749 12.46518728 13.12015433 14.46507318 12.31198337 10.85443616
  11.41869304 10.08931348 12.52630145 12.5532958  12.81581843  9.85632127
  13.04199341 14.29082787 12.93191041  9.8135944  11.75548053 11.55655735
  13.52782962 10.45561851 12.00561879 12.60105238 10.03580627 10.38957321
  10.92277629 11.80154846  3.49751409  1.38668717  4.24413105]
 [42.97186314 37.57835288 43.25957081 37.29366642 43.84778693 37.91918843
  32.92492429 29.57904442 31.8447921  29.01761991 45.42610352 40.54807132
  38.26152016 36.49903322 32.73447009 31.13322605 42.65392087 31.82481736
  42.26478291 33.07242646 45.30463821 38.38776935 38.35794459 33.80578141
  42.6219154  38.00143832 42.78538864 42.44950363 43.05461419 40.34783781
  36.8176996  31.48181415 19.83428257 18.36744037 18.98407009]
 [11.72866169 10.52238073 11.86438196  9.18324379 12.96126518 12.56436344
  10.30804601  8.64465954  7.4437974   7.04145695 13.1244123  12.23938527
   9.43345215 10.96179486  8.23758149  8.14708455 12.60732251  8.34043474
   7.69081967  7.34419009 11.85802779 12.16651956 10.31112409  9.95872455
  12.03225411  9.14226098 11.24457341 10.95234366 12.6044144  11.04894105
   8.02227111  9.14826613  3.35613958  7.22040928  7.26569238]
 [ 7.67577462  7.98007679  9.61468662 10.0987711   9.82015201 17.74376467
  14.11064384 15.63412997 18.3761976  15.74958653  5.85295419  7.52782521
   9.05039481 14.10617785 17.55676617 19.27181801 11.52246058 10.4716323
  18.03368287 18.1222606  11.18780833  6.23938827 17.25687761 14.81649697
   6.9677612   7.23213083  7.80806966  5.91593164 17.2581947   9.00730947
  22.2920691  19.41474852  2.84516347  2.25066549  9.66835431]
 [ 6.6025123   6.48747303 15.98908933 16.90547765 23.20627738 22.37295631
  21.40846017 18.15660263 13.79546205 12.59683201 17.62152141 17.19952567
  16.11287595 17.22695857 18.33354663 17.24692449 13.81883428  5.00823245
  15.94667982 12.69141907 21.05209729 20.39540157 20.77080254 19.28785514
  10.87681921 11.74835591  8.9933564  11.46044919 17.236616   18.68996179
  14.61734073 16.37273476  1.61292232  2.1401086  11.21838149]
 [27.56999369 30.37121423 22.22632397 16.94362022 39.14418441 32.5359934
  36.29042082 28.47051585 30.64360274 26.74636569 33.87019402 26.53012782
  34.35460226 25.53835363 33.3590311  26.44850883 37.6029862  39.16086243
  32.1430559  29.0302014  33.93858364 26.53023915 37.21319478 29.81369896
  30.51615342 26.35478661 33.68236694 38.09517638 34.0712108  28.92301207
  33.02361585 28.29397417  6.65555564  2.10993371 13.8746269 ]
 [21.07360744 21.12806899 24.79610145 23.54046149 30.17449489 26.80125759
  31.62516364 30.58893992 29.84411637 28.07501055 22.48322146 18.8109714
  26.7014971  28.69688175 31.76305631 30.5628976  22.84437876 26.48412268
  29.15481902 29.26086803 26.40943226 24.87490004 31.54576035 27.07654662
  21.66508635 19.71724576 20.30743337 20.2576811  24.56416539 21.2876329
  29.94058697 30.27323504 13.12963861 15.67018705 15.49695114]
 [ 1.87876986  2.03217215  0.32022292  1.48362329  0.67627423  1.89730781
   2.93479669  2.25325812  3.73648493  4.79577407  4.29102435  3.90762111
   4.22640712  9.64211496  3.91653531  5.91581288  4.7208749   0.92105796
  11.35078241  4.32879637  0.57137485  1.99008766  2.76942031  4.26882866
   2.83830849  3.21412646  3.84093439  1.10698746  9.61093107  6.17107017
   7.12734083 10.38144378  0.16967076  0.26212452  6.54411187]]