[[2.40398061e+00 5.12635053e+00 1.30085413e+00 1.08891604e+00
  2.07502680e+00 1.51378671e+00 1.54939796e+00 1.48847052e+00
  1.64916466e+00 1.59736279e+00 5.95821902e-01 7.84952451e-01
  4.49847658e-01 4.07665907e-01 7.43096651e-01 7.44946315e-01
  4.35017893e-01 1.82478613e-29 5.01153105e-01 1.51087032e+00
  1.03430224e+00 6.88248659e-01 1.34874702e+00 8.07665963e-01
  1.57538843e+00 2.46699792e+00 1.73380605e+00 6.60466876e-01
  2.10322038e-01 2.51425622e-01 2.70982352e-01 2.11493606e-01
  2.33413792e+00 3.02861784e+00 7.59974075e+00]
 [1.05839594e+02 9.48270868e+01 2.72942295e+01 4.51389890e+01
  5.52601114e+00 7.38284387e+00 2.08390655e+00 2.43195082e+00
  2.30747598e+00 3.28089879e+00 2.56082699e+01 7.09105419e+01
  2.04960610e+00 4.21265873e+00 1.17734470e+00 1.06457936e+00
  7.12953971e+00 1.37502435e-29 8.13446874e-01 2.85409956e+00
  1.36257744e+01 2.63410957e+01 1.72263142e+00 1.17061875e+00
  5.52623887e+01 8.46706148e+01 8.22032965e+01 4.42076030e+01
  2.74733767e+00 7.44442241e+00 5.52865468e-01 3.78882229e-01
  5.08757927e+01 3.51814616e+01 5.28141664e+00]
 [2.05542140e+01 5.72084262e+01 5.88566553e+00 5.63633861e+01
  2.07836792e+00 7.24103432e+00 1.68477031e+00 2.67328428e+00
  2.16241968e+00 2.17970924e+00 3.13621066e+00 1.06760404e+01
  7.74100869e-01 1.81928565e+00 1.19736509e+00 1.16169248e+00
  2.72867571e+00 4.84727065e-29 7.99442882e-01 2.08364568e+00
  2.41788168e+00 4.80969195e+01 1.23936788e+00 1.92726449e+00
  1.62050561e+01 7.88026266e+01 2.41008102e+01 1.36006654e+01
  5.27114327e-01 1.15055770e+00 5.74788214e-01 4.43813536e-01
  1.53123184e+01 6.25234412e+01 3.24723642e+00]
 [2.33158419e+02 1.25171158e+02 1.64320237e+01 1.09101239e+01
  2.01086921e+01 4.80075625e+01 6.98581749e+00 5.66752233e+00
  6.53267355e+00 9.19367838e+00 2.23826618e+01 3.67969281e+01
  1.20450375e+00 1.01615147e+00 1.97284450e+00 2.14763089e+00
  9.80354618e+00 6.71037871e-29 1.56201695e+00 7.35461668e+00
  4.53930182e+00 8.23847927e+00 4.55683524e+00 4.91339747e+00
  1.46830906e+02 9.39052192e+01 8.36819779e+01 6.76245226e+01
  3.81430855e+00 3.79184644e+00 6.23570822e-01 6.50650811e-01
  1.36080393e+02 1.16678852e+02 4.48011814e+00]
 [7.36347994e+01 9.05144444e+01 2.62042378e+01 1.18958769e+01
  3.99066456e+00 8.69352472e+00 2.65719265e+00 2.98513844e+00
  5.15321242e+00 3.09889169e+00 6.84183655e+00 1.01879615e+01
  1.40120712e+00 1.33611724e+00 1.69394701e+00 1.65833493e+00
  3.76701652e+00 7.65116887e-29 1.19983684e+00 4.35446211e+00
  6.50230881e+00 5.20495410e+00 1.70010877e+00 2.54128485e+00
  3.12792736e+01 4.71675991e+01 5.61498723e+01 1.32616936e+01
  1.15585472e+00 1.63060088e+00 6.64104462e-01 5.35953026e-01
  4.02407179e+01 6.50270645e+01 3.69321137e+00]
 [1.82306822e+00 2.46033104e+00 2.03320572e+00 4.43562173e+00
  1.20700955e+00 1.87777404e+00 1.00425937e+00 1.26106012e+00
  2.21095182e+00 3.19478701e+00 1.15673069e+00 1.11191245e+00
  5.09011344e-01 8.21662319e-01 6.01946670e-01 6.12468897e-01
  4.83646858e-01 1.23433903e-30 4.07112955e-01 2.47971524e+00
  3.28715792e+00 8.77421730e+00 6.55955468e-01 8.04739257e-01
  2.12106866e+00 1.62110447e+00 1.87588858e+00 8.32893058e-01
  3.31898670e-01 3.54817858e-01 2.76243472e-01 2.20685368e-01
  3.17897475e+00 2.53786316e+00 1.09164097e+00]
 [1.42933855e+01 1.06624955e+01 3.14534533e+00 6.02168951e+00
  5.25109534e+00 3.07050173e+00 2.85612717e+00 1.87661005e+00
  3.53175199e+00 3.26519596e+00 1.49202604e+00 2.25836699e+00
  9.84146527e-01 1.05540669e+00 1.29858117e+00 1.18152813e+00
  1.46369439e+00 7.53008284e-31 9.44932716e-01 3.36833767e+00
  2.40835214e+00 2.05849017e+00 1.41235058e+00 1.31101058e+00
  5.45247376e+00 6.07112155e+00 9.18488228e+00 3.36518037e+00
  7.31117749e-01 8.12196515e-01 6.02714316e-01 4.96586737e-01
  2.91596355e+01 2.73202007e+01 1.12083177e+01]
 [3.48031158e+01 5.66666257e+01 7.36241646e+00 6.77982401e+00
  7.15523508e+00 3.27012746e+00 4.26022022e+00 3.92844564e+00
  2.73415947e+01 2.41190722e+01 9.64471476e+00 1.10057067e+01
  1.40015424e+00 2.03228526e+00 2.02014345e+00 2.17043436e+00
  2.60591219e+00 1.04062139e-29 1.56053798e+00 2.31691759e+01
  1.14042390e+01 8.36673968e+00 1.78080616e+00 1.90157588e+00
  2.47726130e+01 2.34717783e+01 3.35143168e+01 1.54549217e+01
  8.54743169e-01 7.06572053e-01 5.87311565e-01 6.52950950e-01
  4.44189972e+01 3.31833897e+01 1.52747517e+01]
 [1.80435506e+01 1.78553369e+01 8.43806814e+00 3.95687021e+00
  9.56468873e-01 3.85759394e+00 1.74383815e+00 1.90119466e+00
  3.18469099e+00 3.38032060e+00 1.98457190e+00 1.48389752e+00
  4.00022731e-01 4.67792749e-01 7.55125899e-01 6.63978666e-01
  1.21980030e+00 2.64178990e-30 4.71557111e-01 3.29556927e+00
  1.41979901e+00 1.53327513e+00 7.63123414e-01 8.52553514e-01
  1.14199346e+01 4.12802081e+00 1.45465529e+01 4.21369899e+00
  4.13969594e-01 3.68826249e-01 3.07792461e-01 2.44411466e-01
  7.68301729e+00 1.52271260e+01 2.96430813e+00]
 [5.22496592e+01 1.66306298e+01 9.69523393e+00 5.27377824e+00
  4.64354203e+00 1.20427692e+00 2.41054494e+00 1.56282418e+00
  4.26238507e+00 2.63076407e+00 5.26997085e+00 2.54943452e+00
  3.89078605e+00 5.27197930e-01 1.98403117e+00 8.55207394e-01
  1.98911807e+00 6.63252879e-29 6.73331319e-01 2.97995651e+00
  2.18727250e+01 1.36354756e+00 2.74065151e+00 8.27914914e-01
  3.71054277e+01 8.26402015e+00 2.41105832e+01 6.02951986e+00
  7.15297364e-01 5.82760487e-01 4.99239631e-01 3.15700407e-01
  3.02935848e+01 1.58130300e+01 1.79431071e+01]
 [1.86357360e+00 8.55918391e+00 2.53518621e+00 3.43530788e+00
  1.30933677e+00 1.74705922e+00 1.89164613e+00 5.54679252e+00
  5.21885250e+00 3.74941603e+00 1.67821875e+00 2.76542375e+00
  6.00274606e-01 6.62308359e-01 1.01234584e+00 9.84300574e-01
  6.96038555e-01 5.63983424e-29 5.48444436e-01 3.82353937e+00
  1.48733548e+00 3.20040409e+00 9.60861048e-01 1.03701671e+00
  4.07457108e+00 1.02175331e+01 3.47872902e+00 1.88989180e+00
  3.39449889e-01 4.58220972e-01 3.93866301e-01 3.95348019e-01
  5.80017909e+00 7.61306907e+00 3.60858358e+00]
 [1.93523298e+01 1.29018509e+01 6.79058192e+00 5.80986822e+00
  9.52079023e+00 1.08315652e+01 2.39091709e+00 3.60859490e+00
  2.83667638e+00 2.45990696e+00 2.22744532e+00 1.93323653e+00
  1.80286319e+00 2.41136025e+00 1.59505730e+00 1.59735232e+00
  1.46093376e+00 1.19760031e-30 8.81025672e-01 2.40481658e+00
  7.54162316e+00 1.20394347e+01 3.54498644e+00 8.77474152e+00
  7.18937662e+00 6.70966097e+00 1.57553325e+01 3.87669328e+00
  7.60776142e-01 7.46404409e-01 6.57272412e-01 5.66103923e-01
  1.32534058e+01 7.87212548e+00 5.10034582e+00]
 [2.31319799e+01 3.09841560e+01 3.12937120e+00 6.61040151e+00
  2.00473314e+00 1.81263661e+00 2.47778638e+00 2.66472776e+00
  4.00976075e+00 7.32310393e+00 2.12242617e+00 3.50962227e+00
  8.76790249e-01 8.23516087e-01 1.62683795e+00 1.52127699e+00
  2.23379102e+00 2.79430501e-30 1.26640495e+00 5.40149199e+00
  2.80606981e+00 2.30151771e+00 1.59122170e+00 1.47621083e+00
  7.22242183e+00 1.05576846e+01 2.20293988e+01 6.32513018e+00
  7.49630665e-01 7.98530756e-01 7.64835126e-01 5.00846343e-01
  2.01262593e+01 1.83470241e+01 1.27643088e+01]
 [2.76829646e+00 3.60445519e+00 2.07672282e+00 2.41449026e+00
  1.49294528e+00 1.84391152e+00 1.56272923e+00 2.01165221e+00
  1.92381477e+00 3.99373054e+00 1.26928829e+00 2.30689959e+00
  6.69381512e-01 9.56926511e-01 1.20949445e+00 1.26378041e+00
  1.11959085e+00 1.63102074e-29 8.30886068e-01 2.39397192e+00
  1.62411805e+00 1.62259853e+00 1.15476854e+00 1.64676450e+00
  2.17966940e+00 4.98965931e+00 3.07961622e+00 1.63355516e+00
  6.30522894e-01 8.38352368e-01 4.28970949e-01 5.13582977e-01
  1.08564928e+00 2.16818283e+00 2.69313573e+01]
 [6.56495677e+00 3.45366534e+00 1.98172551e+00 1.70248834e+00
  9.91332052e-01 9.60596792e-01 1.31172272e+00 1.24889179e+00
  2.86605586e+00 1.77446950e+00 7.20329013e-01 8.75383150e-01
  4.18759208e-01 3.60205485e-01 8.85130877e-01 6.27746620e-01
  6.29324608e-01 5.99812359e-30 4.22975261e-01 2.16168900e+00
  8.80675100e-01 7.81196069e-01 8.22504207e-01 6.83379307e-01
  2.55837712e+00 3.21463230e+00 6.06447622e+00 1.86134868e+00
  3.11611200e-01 3.35146588e-01 3.77493189e-01 2.14841217e-01
  6.65059928e+00 5.29723307e+00 5.59474986e+00]
 [4.74130974e+00 9.59003472e+00 2.18469315e+00 2.53364794e+00
  2.04821088e+00 1.17244325e+00 1.52054278e+00 1.13007635e+00
  1.14444983e+00 1.18130927e+00 2.26010914e+00 2.43165191e+00
  4.70807146e-01 5.59008087e-01 6.51462239e-01 6.55642268e-01
  1.01088047e+00 2.05607708e-30 3.68239137e-01 1.17409903e+00
  1.61640033e+00 2.47027296e+00 1.21291639e+00 9.03362617e-01
  4.35053710e+00 6.46096572e+00 6.35977064e+00 3.21175503e+00
  4.42297592e-01 3.70666040e-01 2.67421774e-01 2.63675286e-01
  2.12676893e+00 6.02146738e+00 3.82824685e+00]
 [1.13873984e+01 6.66995395e+00 5.25971366e+00 5.49010696e+00
  4.68172745e+00 1.20198426e+00 1.97857458e+00 2.03926256e+00
  9.04082903e+00 6.73628500e+00 5.02772795e+00 6.56267884e+00
  7.36111784e-01 6.16092749e-01 1.21863009e+00 9.48200111e-01
  8.88898467e-01 4.36043288e-30 6.23128898e-01 9.54560478e+00
  4.88015404e+00 2.51237064e+00 1.34200151e+00 8.88051743e-01
  2.19439840e+01 1.60314246e+01 8.36348664e+00 3.00372857e+00
  5.57036483e-01 3.72257696e-01 3.43165374e-01 2.73314477e-01
  1.61369313e+01 2.51630302e+00 2.22505334e+00]
 [1.60136443e+01 1.73116399e+01 3.62661962e+00 3.80533962e+00
  2.64207895e+00 4.01750926e+00 3.11915822e+00 4.02802319e+00
  3.60989527e+00 5.37121916e+00 2.29705814e+00 4.86772654e+00
  8.43711363e-01 1.11579460e+00 1.72437514e+00 2.01468127e+00
  1.36625148e+00 6.55139267e-30 1.19322417e+00 4.18435122e+00
  1.79811642e+00 1.88820865e+00 1.69783219e+00 3.83380329e+00
  6.95277577e+00 8.95792879e+00 1.03957617e+01 3.70849640e+00
  6.79220539e-01 6.91419276e-01 7.57515273e-01 7.56954882e-01
  1.26686157e+01 1.03422019e+01 1.07416981e+00]
 [3.63727237e+01 6.77992211e+01 1.51145720e+01 5.56377569e+00
  7.80621318e+00 3.28911514e+00 2.76082515e+00 3.06897757e+00
  2.95060162e+00 4.30501167e+00 2.99745205e+00 5.66415045e+00
  7.01242129e-01 9.14335962e-01 9.42895652e-01 1.38233519e+00
  2.01067435e+00 1.12822250e-29 6.30505793e-01 3.61310038e+00
  7.92757008e+00 6.49471268e+00 1.33737706e+00 5.77007824e+00
  9.04411487e+00 3.33377559e+01 3.22648555e+01 7.70940651e+00
  5.98006799e-01 5.78600537e-01 3.76757174e-01 3.70715408e-01
  1.70593129e+01 2.77091147e+01 2.06677122e+01]
 [8.59233416e+00 5.71400642e+00 2.92306017e+00 3.30719332e+00
  2.20895048e+00 2.89829295e+00 2.81949695e+00 2.70339938e+00
  4.00407149e+00 4.54824104e+00 1.24850760e+00 2.55845550e+00
  8.61202649e-01 9.07037602e-01 1.30667358e+00 1.27943865e+00
  8.89515236e-01 6.82680662e-31 8.63773510e-01 3.88733927e+00
  1.48040347e+00 1.44182269e+00 1.55556257e+00 1.78504225e+00
  2.78896296e+00 3.88674565e+00 7.14612928e+00 1.76295132e+00
  5.50712540e-01 5.48061037e-01 5.83911366e-01 4.74714391e-01
  2.72306481e+00 2.28265947e+00 1.29434351e+00]]