[[9.46866168e+02 2.36076000e+03 1.02787152e+02 2.50768420e+02
  9.24575075e+01 8.01850405e+02 8.39427548e+01 1.13124955e+02
  1.12725345e+02 7.37027194e+01 7.68798441e+01 5.48640887e+01
  3.44591745e+01 9.11147902e+00 3.34436252e+01 3.43423694e+01
  7.95428383e+01 6.37728396e-27 2.53872346e+01 8.05165555e+01
  7.08461915e+02 6.04216833e+01 3.61758323e+01 3.84813227e+01
  1.32065261e+03 1.65054966e+03 9.48452935e+02 9.40379215e+01
  8.85308104e+00 8.12292600e+00 9.38516191e+00 8.25122583e+00
  1.67960314e+03 1.55288907e+03 2.42861461e+02]
 [2.94084332e+02 3.19269828e+02 9.47344757e+01 1.40574854e+02
  5.67194678e+01 5.33558300e+01 5.13916674e+01 8.26771952e+01
  6.95387372e+01 7.43783087e+01 5.64389669e+01 5.92764617e+01
  1.49437711e+01 1.49455537e+01 2.79433565e+01 3.57282036e+01
  3.94035822e+01 5.99215788e-29 2.32037834e+01 7.24541137e+01
  5.01634345e+01 5.98556075e+01 3.10419479e+01 3.62792334e+01
  1.50778899e+02 2.69813746e+02 3.01529621e+02 1.89843995e+02
  1.71582064e+01 1.28882860e+01 1.16653894e+01 1.18737293e+01
  1.05191174e+02 8.87300439e+01 2.14737379e+01]
 [1.77122523e+02 1.62818339e+02 7.77666427e+01 5.37139358e+01
  2.42492516e+01 2.55553025e+01 2.44488734e+01 9.34833258e+01
  3.26903671e+01 3.00335733e+01 2.70759005e+01 1.90245338e+01
  7.20523037e+00 5.45981335e+00 1.35492689e+01 1.30839814e+01
  1.89175504e+01 2.75014008e-28 1.10487763e+01 2.93893710e+01
  2.34208228e+01 2.12285856e+01 1.47977879e+01 1.40799423e+01
  8.65684343e+01 8.79197807e+01 1.48724128e+02 6.33208416e+01
  6.69945822e+00 6.30960378e+00 5.51198375e+00 4.70435829e+00
  6.06980376e+01 9.33265260e+01 1.02493695e+01]
 [2.14094143e+02 1.70794500e+02 8.06560291e+01 1.74514490e+02
  2.72349802e+01 2.86381067e+01 3.13338394e+01 4.24112684e+01
  4.20614452e+01 4.06154904e+01 2.12545320e+01 2.26142111e+01
  4.88261423e+00 6.18012343e+00 1.46177464e+01 1.66571200e+01
  1.69489559e+01 9.73785090e-28 1.08384266e+01 3.61821085e+01
  1.76466910e+01 1.68600833e+01 1.71579817e+01 1.83213235e+01
  2.67895814e+02 1.53126687e+02 1.27940058e+02 1.17971697e+02
  6.09674448e+00 5.25072867e+00 4.50345702e+00 4.69796655e+00
  1.65022483e+03 1.91487047e+03 2.02676859e+01]
 [1.06522680e+03 9.58038856e+02 3.92394939e+02 1.22773314e+02
  4.72382400e+01 7.18697350e+01 5.28519190e+01 9.22834754e+01
  7.55848170e+01 7.77924683e+01 1.02552896e+02 4.33218848e+01
  2.12774035e+01 1.36048904e+01 3.02944793e+01 4.27681499e+01
  5.69568154e+01 9.30286715e-28 2.30119997e+01 7.14655224e+01
  9.50253671e+01 4.53135724e+01 2.72676290e+01 4.20943857e+01
  3.83277508e+02 1.67674642e+02 7.53782225e+02 1.90876889e+02
  2.27732182e+01 1.01858198e+01 7.68788597e+00 1.19192952e+01
  4.22122243e+02 1.08119724e+03 3.45865999e+01]
 [3.80861345e+01 1.47226110e+02 1.38634965e+02 1.01352848e+02
  4.39773683e+01 3.50001477e+01 2.73896459e+01 3.11343346e+01
  3.48504632e+01 3.34344013e+01 2.17852114e+01 1.83830513e+01
  1.02138710e+01 7.11747501e+00 1.45011784e+01 1.72428386e+01
  1.03910143e+01 9.76206655e-30 1.21713224e+01 3.33485922e+01
  3.68040851e+01 2.88790720e+01 1.83852964e+01 1.69867023e+01
  1.32752783e+02 9.03339946e+01 3.66695311e+01 2.58583856e+01
  8.18919931e+00 5.00463457e+00 7.98362800e+00 5.50205933e+00
  2.33880687e+02 1.71973181e+02 1.33792453e+01]
 [9.51232232e+02 6.61260093e+02 2.38731185e+02 6.96044694e+02
  7.71141395e+01 5.32971922e+01 8.44136416e+01 5.03858051e+01
  1.62425257e+02 8.44337000e+01 5.27955502e+01 1.08887180e+02
  2.00344093e+01 2.57147955e+01 4.52426225e+01 3.45138893e+01
  7.93622319e+01 1.29148296e-28 2.99356175e+01 8.60812941e+01
  1.83738898e+02 7.45992423e+01 5.24863469e+01 3.25418461e+01
  4.48828403e+02 4.26656055e+02 6.18667526e+02 2.39505298e+02
  2.35960402e+01 2.04342410e+01 1.80055169e+01 1.31599883e+01
  2.71126597e+03 1.71264367e+04 2.46083649e+02]
 [1.74171786e+02 2.18086295e+02 1.27918515e+02 1.27354842e+02
  4.70939938e+01 4.94180307e+01 3.70418008e+01 6.67662162e+01
  4.41434622e+01 4.94010170e+01 3.79062503e+01 3.68882666e+01
  1.32314779e+01 1.08572322e+01 2.31104210e+01 2.94129906e+01
  3.05887935e+01 5.87393175e-29 1.92882216e+01 4.45981276e+01
  3.72643098e+01 3.68291963e+01 2.36389627e+01 2.68826924e+01
  1.02420319e+02 9.43236562e+01 1.85213892e+02 1.15243143e+02
  1.27097063e+01 1.18522972e+01 9.85594064e+00 1.08171128e+01
  2.31559280e+02 1.90575366e+02 3.70028458e+01]
 [2.60969669e+02 2.01193833e+02 7.44929278e+01 6.32915964e+01
  5.04644541e+01 2.96180315e+01 5.77089346e+01 5.41731114e+01
  6.14192835e+01 7.18279896e+01 3.27661587e+01 2.68539383e+01
  1.42423290e+01 9.43427049e+00 2.76617738e+01 2.13154709e+01
  3.76825665e+01 1.37250942e-28 1.80627134e+01 6.94495753e+01
  3.61227075e+01 3.44774810e+01 3.19106622e+01 2.23383976e+01
  8.13906642e+01 1.09552214e+02 1.66068864e+02 7.02257273e+01
  1.23638142e+01 1.13692347e+01 1.07031208e+01 8.79952266e+00
  1.52660391e+02 1.71150009e+02 3.01218390e+01]
 [5.32795088e+02 5.53385114e+02 2.44517552e+02 5.67677869e+02
  2.36518043e+02 1.57810496e+02 1.64801574e+02 6.19968054e+02
  1.59778926e+02 3.78614615e+02 1.08220355e+02 1.27214103e+03
  2.27517948e+01 7.42267013e+01 5.40938061e+01 7.64748310e+01
  8.58983192e+01 1.83113570e-26 1.16712822e+02 4.69460808e+02
  4.38517867e+02 5.06420828e+02 3.75251433e+02 3.60979628e+02
  2.67706109e+02 1.42302609e+03 4.92626782e+02 2.13526710e+02
  1.83614330e+01 1.02315230e+02 1.18218664e+01 2.47562904e+01
  6.66515690e+02 9.35692349e+02 6.39145866e+02]
 [7.46462209e+01 1.46318679e+02 6.16527892e+02 8.30813089e+02
  7.19626108e+01 4.85764110e+01 4.08980026e+01 4.13273533e+01
  4.01147213e+01 3.97646864e+01 6.83532764e+01 1.43207160e+02
  9.17803293e+00 1.18733540e+01 1.91659513e+01 1.95870727e+01
  4.32424518e+01 2.86238558e-27 1.20245323e+01 3.87672865e+01
  3.89845146e+01 4.96367580e+01 2.45318656e+01 2.56734857e+01
  2.40852132e+02 4.37303735e+02 2.23184954e+02 1.49197766e+02
  1.27742170e+01 1.08868771e+01 6.42314747e+00 7.97318708e+00
  7.08771074e+02 4.12121160e+02 4.74658384e+01]
 [1.45326820e+02 1.01656210e+02 1.40344183e+02 1.49685862e+02
  5.64874842e+01 6.27018622e+01 4.24959031e+01 4.05423487e+01
  6.90881670e+01 5.81566893e+01 3.90612340e+01 3.04330339e+01
  1.68509858e+01 1.31467516e+01 2.55372589e+01 2.37889791e+01
  2.58321336e+01 1.80449778e-29 1.59786634e+01 5.57930442e+01
  5.55265468e+01 4.89351971e+01 3.48088007e+01 4.48293267e+01
  7.79809156e+01 5.39002076e+01 1.12635037e+02 4.16864467e+01
  1.16766245e+01 1.54736910e+01 7.81236209e+00 7.95249709e+00
  1.36247627e+02 1.45324708e+02 3.57929214e+01]
 [3.89384616e+02 5.26058239e+02 6.42139414e+01 1.39142266e+02
  4.36077938e+01 1.65185953e+01 3.35269260e+01 2.19691100e+01
  3.63836755e+01 3.18991941e+01 2.15304008e+01 4.72365275e+01
  1.19162358e+01 5.81363999e+00 2.13194149e+01 1.31680430e+01
  2.94455950e+01 6.35466566e-29 1.69976100e+01 3.26627398e+01
  2.31853409e+01 2.83150490e+01 2.49672941e+01 1.15108040e+01
  9.48970529e+01 1.68259867e+02 3.50458584e+02 9.17424916e+01
  8.95128904e+00 8.94916497e+00 8.44322158e+00 4.04689449e+00
  5.95722462e+02 2.99082682e+02 1.24496084e+02]
 [1.51575633e+02 1.41952538e+02 1.25566458e+02 1.07758088e+02
  1.40372344e+02 8.47134765e+01 1.04940547e+02 8.41188957e+01
  7.78611028e+01 8.22987718e+01 1.18716272e+02 1.08765251e+02
  2.65583154e+01 2.46058761e+01 5.50673225e+01 3.29068624e+01
  1.07432372e+02 6.98023168e-28 2.94612190e+01 7.16418982e+01
  8.13723370e+01 6.32779435e+01 7.96948322e+01 4.87579400e+01
  1.40927850e+02 1.22230442e+02 1.59171482e+02 1.61241376e+02
  3.36028848e+01 4.72832523e+01 1.76556424e+01 9.91582176e+00
  3.97909792e+01 8.89003940e+01 4.75087203e+02]
 [4.87937426e+02 2.10488938e+02 6.56994493e+01 7.39180862e+01
  2.66863971e+01 3.09403148e+01 4.13667650e+01 6.01058107e+01
  5.41635334e+01 6.03804641e+01 2.21675375e+01 2.03626910e+01
  7.19746348e+00 7.93270005e+00 2.49041818e+01 2.59386241e+01
  2.45739358e+01 1.93399616e-28 1.70381026e+01 5.01147450e+01
  2.23569894e+01 2.03892383e+01 2.02573798e+01 2.34407793e+01
  1.68719047e+02 2.40672008e+02 3.38462891e+02 1.38044989e+02
  8.39503360e+00 7.14070669e+00 9.62365118e+00 6.84346072e+00
  2.36590775e+03 4.25987131e+02 1.32358863e+02]
 [4.60698069e+02 5.41901643e+02 6.15141139e+01 6.68255350e+01
  3.91071542e+01 2.99660919e+01 3.96929232e+01 4.46889504e+01
  5.40079792e+01 5.00913185e+01 3.93195663e+01 4.45903463e+01
  9.02945111e+00 8.05058942e+00 2.29311005e+01 2.13361124e+01
  3.81477256e+01 1.44906046e-28 1.64942467e+01 4.96687253e+01
  3.29041342e+01 6.84027405e+01 2.47535281e+01 5.49583919e+01
  1.55972346e+02 1.84273864e+02 4.49975424e+02 1.35869413e+02
  1.06897204e+01 8.24816230e+00 7.81355227e+00 7.09908310e+00
  5.21344347e+01 2.51744773e+02 7.62294791e+01]
 [3.30513398e+01 2.51967019e+01 3.89369701e+01 2.33749435e+01
  2.15521226e+01 1.76516077e+01 2.59938574e+01 2.44233158e+01
  3.55604221e+01 3.28489354e+01 8.16022041e+00 1.03075501e+01
  8.90158720e+00 9.30613774e+00 1.72812622e+01 1.29152924e+01
  8.09531016e+00 1.21767553e-29 1.10087947e+01 4.09973073e+01
  1.58987185e+01 1.33639593e+01 1.61222646e+01 1.38999228e+01
  1.80647941e+01 1.89595434e+01 2.29032341e+01 1.09396191e+01
  4.82966875e+00 3.77595059e+00 6.57230554e+00 5.27376575e+00
  2.61460047e+01 1.15205357e+01 1.55394473e+01]
 [3.21582486e+02 2.85782531e+02 1.20743249e+02 8.86558958e+01
  5.32837075e+01 4.87067652e+01 4.85291475e+01 4.55522141e+01
  8.37113490e+01 6.35473807e+01 3.74798322e+01 4.01622672e+01
  1.41690719e+01 1.19725939e+01 4.33378976e+01 3.01389135e+01
  2.73650744e+01 1.17804486e-28 5.76051053e+01 7.08159038e+01
  4.00038984e+01 3.73490277e+01 3.24642608e+01 2.76181373e+01
  1.06595505e+02 1.00412865e+02 1.92335511e+02 6.91502306e+01
  1.23563070e+01 1.11822408e+01 2.07974228e+01 1.45196592e+01
  1.26702757e+02 2.34659636e+02 1.10014537e+01]
 [4.79709356e+02 4.84636480e+02 1.42210059e+02 5.67710270e+01
  4.25786341e+01 5.49403416e+01 6.12055578e+01 7.16736844e+01
  8.08775109e+01 8.18938060e+01 5.54049713e+01 3.64170489e+01
  9.97232816e+00 9.12743362e+00 2.77975503e+01 3.43073513e+01
  3.42372416e+01 1.03417946e-28 2.05005821e+01 8.06775607e+01
  3.91589032e+01 2.72205332e+01 2.93617438e+01 4.01334762e+01
  1.83317846e+02 1.24437749e+02 3.78053798e+02 1.02759815e+02
  1.27787677e+01 9.65289983e+00 9.85091737e+00 9.44200141e+00
  1.14763030e+02 4.05669770e+02 5.84467821e+01]
 [1.52372881e+02 2.15330507e+02 3.26554286e+02 3.74965780e+02
  4.49987959e+02 4.44362435e+02 6.52186846e+01 1.10734308e+02
  5.69293405e+01 8.73707363e+01 4.44561462e+01 1.27130375e+02
  2.90858622e+01 2.07403040e+01 2.93906128e+01 2.78397718e+01
  3.83555171e+01 8.65818995e-30 1.74233185e+01 7.74176365e+01
  3.13132091e+02 1.94904317e+02 5.04981802e+01 1.13457428e+02
  7.10675433e+01 1.18924372e+02 1.51420852e+02 9.71268755e+01
  1.55746264e+01 1.55107483e+01 1.54806800e+01 9.20655234e+00
  1.07432474e+02 8.47348153e+01 4.81533046e+01]]