[[1.85863752e+01 1.98397252e+01 1.48274087e+01 1.23742816e+01
  1.55367521e+01 1.50354595e+01 3.58814329e+01 4.24104752e+01
  3.88049076e+01 2.66804600e+01 5.14380993e+00 5.60705350e+00
  4.56455122e+00 3.19012750e+00 1.34744109e+01 1.17008785e+01
  3.68749101e+00 2.61690196e-28 6.08901844e+00 2.74534059e+01
  1.03523794e+01 8.05441490e+00 1.38856635e+01 1.28946008e+01
  1.17161593e+01 1.23772356e+01 1.30299814e+01 5.44314575e+00
  2.18320085e+00 1.77893753e+00 3.29971166e+00 2.27427361e+00
  8.89817291e+00 1.32634692e+01 2.80225966e+01]
 [4.93265639e+01 5.31233855e+01 2.84469838e+01 2.75595464e+01
  2.51931598e+01 1.85539267e+01 2.68866515e+01 2.31969168e+01
  2.39974465e+01 2.17186764e+01 1.31715963e+01 1.36532193e+01
  6.89035411e+00 6.22549260e+00 1.41610113e+01 1.32849160e+01
  1.04562728e+01 1.32906616e-29 8.14065815e+00 2.12694585e+01
  1.76025252e+01 1.57809652e+01 1.74788319e+01 1.37034026e+01
  2.58483236e+01 2.95896654e+01 4.46054106e+01 2.44582378e+01
  5.86611303e+00 4.21075387e+00 5.07996136e+00 4.89510986e+00
  1.35343503e+01 1.36619128e+01 4.88457359e+00]
 [3.19958571e+01 3.24507727e+01 1.36479797e+01 1.23350391e+01
  7.99223117e+00 7.36143272e+00 1.00585559e+01 1.49566967e+01
  9.34173114e+00 8.41014707e+00 5.38523143e+00 5.78900735e+00
  2.09388580e+00 2.36639348e+00 4.39118645e+00 4.32845562e+00
  3.78502738e+00 6.91519657e-29 3.07227283e+00 8.36324774e+00
  5.72178660e+00 6.79017395e+00 5.19236312e+00 5.16606250e+00
  1.66008237e+01 2.20199315e+01 2.85678127e+01 1.20669409e+01
  1.43986751e+00 1.62279498e+00 1.53171122e+00 1.51931239e+00
  1.17899573e+01 1.47872048e+01 1.77371532e+00]
 [3.99822254e+01 3.25985122e+01 1.59364829e+01 1.53199000e+01
  1.09801875e+01 1.20968477e+01 1.37303884e+01 1.45307804e+01
  1.71995634e+01 1.71943300e+01 6.16811754e+00 7.36832090e+00
  2.01295934e+00 2.12603953e+00 6.49372837e+00 6.63845631e+00
  5.41265222e+00 6.59621305e-29 4.78134096e+00 1.54874271e+01
  5.59529419e+00 7.52064563e+00 7.53252901e+00 6.85152192e+00
  2.36180084e+01 1.30130301e+01 2.44065004e+01 1.43557343e+01
  2.16511860e+00 2.27517100e+00 2.01636257e+00 1.95146532e+00
  3.63363992e+01 2.71444905e+01 3.06899991e+00]
 [8.34849733e+01 8.53682900e+01 3.73975514e+01 1.81909476e+01
  2.00512756e+01 1.43611780e+01 2.23865614e+01 2.52467045e+01
  2.38348309e+01 2.27389380e+01 1.27725385e+01 8.44955157e+00
  5.03532013e+00 3.64276598e+00 1.07478949e+01 1.19095383e+01
  8.07454291e+00 1.82305077e-28 6.55110198e+00 2.14242620e+01
  1.62822483e+01 9.35604801e+00 1.23414016e+01 1.07510024e+01
  3.30689894e+01 2.32101851e+01 6.67989557e+01 2.05762816e+01
  3.78593902e+00 2.61712253e+00 2.73027696e+00 2.68912472e+00
  2.50859284e+01 6.15306810e+01 2.43255946e+00]
 [9.29769349e+00 9.00465863e+00 1.36440801e+01 9.58397966e+00
  1.08129044e+01 7.67268188e+00 1.09701077e+01 8.74935061e+00
  1.09467502e+01 9.43276565e+00 5.12540805e+00 4.13054241e+00
  3.23923098e+00 2.07222218e+00 6.04197442e+00 4.24135054e+00
  3.82903009e+00 3.56993294e-30 3.22160226e+00 9.86020814e+00
  7.99812943e+00 4.93403144e+00 7.33492021e+00 5.06815462e+00
  7.27258740e+00 5.91608118e+00 8.48406064e+00 5.53882054e+00
  2.40437513e+00 1.61851225e+00 2.33937500e+00 1.43349243e+00
  7.87431643e+00 6.65850074e+00 2.06704146e+00]
 [5.42040687e+01 6.40148346e+01 2.30351678e+01 5.00847403e+01
  2.02412554e+01 1.44682583e+01 2.42095158e+01 1.63909125e+01
  2.31148221e+01 2.16012937e+01 6.71771973e+00 1.32167891e+01
  6.03070289e+00 5.43413752e+00 1.35148613e+01 9.90201076e+00
  1.03191242e+01 5.10181826e-30 9.86987235e+00 2.02482539e+01
  1.42296421e+01 1.18978106e+01 1.58096228e+01 1.04922702e+01
  2.80746208e+01 3.43807005e+01 5.02638008e+01 1.87085019e+01
  3.85798127e+00 4.36325174e+00 4.78526218e+00 3.18775808e+00
  1.09210484e+02 3.42008491e+02 3.07662241e+01]
 [5.46427981e+01 4.78924730e+01 2.51567873e+01 2.06686309e+01
  1.56372153e+01 1.29184936e+01 2.08197320e+01 2.28697038e+01
  2.16493508e+01 1.87963816e+01 2.02716361e+01 1.30960285e+01
  4.70761859e+00 3.87004586e+00 1.12322942e+01 1.06712784e+01
  3.53597035e+01 1.84314660e-29 7.03345696e+00 1.80602961e+01
  1.29109528e+01 9.39405223e+00 1.09301594e+01 1.07569868e+01
  4.29445170e+01 2.50404195e+01 5.90968553e+01 5.75744239e+01
  8.92640871e+00 4.82136400e+00 3.61553909e+00 3.80716301e+00
  3.71391751e+01 1.72391177e+01 9.36243462e+00]
 [4.20596027e+01 3.16768712e+01 1.79224478e+01 1.36227061e+01
  1.35684319e+01 9.66756781e+00 1.77361627e+01 1.87760817e+01
  1.71154373e+01 1.78684147e+01 8.68136358e+00 7.17588068e+00
  4.30028094e+00 2.51487764e+00 8.41665805e+00 6.53345366e+00
  7.51403852e+00 3.21838749e-29 4.82752356e+00 1.71549943e+01
  9.79635068e+00 7.49644747e+00 9.96082396e+00 7.05536660e+00
  1.66732459e+01 1.39264707e+01 3.22648567e+01 1.44308502e+01
  2.94295805e+00 2.24537985e+00 2.90132906e+00 1.96139741e+00
  1.20511632e+01 2.49653395e+01 4.96218605e+00]
 [2.50667950e+01 2.46452102e+01 6.97883958e+00 8.01259324e+00
  4.83589837e+00 4.87132512e+00 8.84601873e+00 9.07433967e+00
  1.00564728e+01 9.75309914e+00 4.31737611e+00 1.42949287e+01
  1.76625920e+00 2.13324162e+00 5.37446574e+00 4.89753574e+00
  4.03123402e+00 2.05198960e-28 3.63755096e+00 8.96110694e+00
  4.34022161e+00 4.21303590e+00 4.34189737e+00 4.51491350e+00
  1.11396338e+01 1.19973671e+01 2.31903127e+01 8.96930939e+00
  1.43341289e+00 1.52656935e+00 1.91684850e+00 1.53669387e+00
  1.47020716e+01 1.52149466e+01 5.27457540e+01]
 [1.36552872e+01 1.61430154e+01 2.37718780e+01 2.18768023e+01
  1.63196259e+01 1.28140204e+01 1.38863592e+01 1.42571728e+01
  1.27793383e+01 1.31507973e+01 7.76269887e+00 8.25134896e+00
  3.96487776e+00 4.04391101e+00 7.48356236e+00 6.93975981e+00
  5.98611495e+00 4.67781025e-28 3.74618124e+00 1.18694968e+01
  1.06005488e+01 9.31422013e+00 9.25384673e+00 8.59617045e+00
  1.22716448e+01 1.63245876e+01 1.50051396e+01 9.79320222e+00
  2.86699662e+00 2.49654770e+00 2.60371547e+00 2.51486513e+00
  9.99712529e+00 6.74756746e+00 4.59927524e+00]
 [5.21716457e+01 4.46566966e+01 3.77555330e+01 3.22587096e+01
  2.64118077e+01 2.47788763e+01 2.78345966e+01 2.53832892e+01
  3.32341477e+01 3.20858166e+01 1.37808254e+01 1.18057214e+01
  8.79394652e+00 7.24681253e+00 1.74122786e+01 1.47645082e+01
  1.37063775e+01 6.27457733e-30 1.15251729e+01 3.13048075e+01
  2.06718897e+01 1.72899784e+01 2.00928396e+01 1.75808140e+01
  2.70938868e+01 1.96434490e+01 4.51155447e+01 1.95451403e+01
  7.07996349e+00 6.73155493e+00 6.91110283e+00 5.39022509e+00
  2.65801601e+01 1.63979789e+01 6.11703178e+00]
 [5.51435816e+01 6.61282805e+01 1.06808869e+01 1.49677228e+01
  7.55672704e+00 5.79143410e+00 8.99007383e+00 7.17750553e+00
  8.82490847e+00 8.49341634e+00 5.46940234e+00 7.14869890e+00
  2.66906907e+00 1.79646903e+00 4.87581387e+00 3.64005790e+00
  5.88993778e+00 4.74892302e-30 3.38444095e+00 8.32892320e+00
  5.12845777e+00 5.33470158e+00 5.52863310e+00 4.16698484e+00
  1.69047150e+01 2.00875299e+01 4.76800374e+01 1.40541978e+01
  2.08099789e+00 2.01712680e+00 1.98745087e+00 1.10070235e+00
  3.12601984e+01 2.95463163e+01 9.65279206e+00]
 [1.20473588e+02 1.20559071e+02 1.18253976e+02 1.02306464e+02
  1.31594085e+02 1.03042299e+02 1.31221130e+02 1.11467831e+02
  9.82559386e+01 1.03685045e+02 9.22106835e+01 8.24689465e+01
  2.75082086e+01 2.66477822e+01 7.17186754e+01 5.47682442e+01
  8.52321352e+01 7.39936478e-28 4.13038184e+01 9.35647005e+01
  8.27147981e+01 6.65305964e+01 9.57546065e+01 6.61495441e+01
  1.03795709e+02 9.86490796e+01 1.28886224e+02 1.19225771e+02
  3.05457085e+01 3.39340585e+01 2.11719400e+01 1.51826062e+01
  2.96069918e+01 2.34729340e+01 1.38932592e+02]
 [3.50994013e+01 2.12736896e+01 1.35479762e+01 1.10874642e+01
  9.77664053e+00 9.25900816e+00 1.45368672e+01 1.64083294e+01
  1.51342316e+01 1.59401797e+01 5.10442852e+00 5.29369553e+00
  2.67797075e+00 2.74986276e+00 7.95461337e+00 7.09994373e+00
  4.54108047e+00 5.16355713e-29 4.30983295e+00 1.35218440e+01
  6.79567999e+00 6.12856830e+00 8.01320942e+00 7.27488093e+00
  1.40845789e+01 1.37014169e+01 2.99291477e+01 1.11481463e+01
  2.23040328e+00 2.16117312e+00 2.99511990e+00 1.95324623e+00
  2.48360144e+01 1.76945871e+01 1.31914238e+01]
 [9.05344817e+01 1.09703089e+02 2.05884119e+01 1.98444462e+01
  1.47858997e+01 1.28229779e+01 1.92318443e+01 1.92253150e+01
  2.12225148e+01 1.95403395e+01 1.02245253e+01 1.13269386e+01
  3.49934406e+00 3.40646124e+00 9.24028269e+00 7.03016851e+00
  9.75999689e+00 3.89368327e-29 4.90742240e+00 1.79543024e+01
  1.06653893e+01 1.21115707e+01 1.09668668e+01 1.08644280e+01
  3.18185746e+01 3.80941380e+01 8.83494218e+01 2.68460257e+01
  2.98406051e+00 2.46369187e+00 2.85257008e+00 2.13279960e+00
  1.26432704e+01 5.14682369e+01 1.35557402e+01]
 [1.43216347e+01 1.10669423e+01 1.45991150e+01 1.41559103e+01
  1.37107818e+01 1.28056442e+01 1.61449725e+01 1.49076814e+01
  1.60832271e+01 1.42603217e+01 4.43430060e+00 5.29741117e+00
  3.58022696e+00 3.76967512e+00 8.72471959e+00 6.31591206e+00
  2.76370766e+00 5.98668023e-30 4.16439657e+00 1.44273981e+01
  9.21019694e+00 8.27418485e+00 8.99309584e+00 8.56723661e+00
  8.29846268e+00 7.65159103e+00 1.07579750e+01 4.45449294e+00
  1.82620548e+00 1.68617656e+00 2.34725844e+00 1.95053386e+00
  6.68793041e+00 2.80211554e+00 1.86021650e+00]
 [9.24736054e+01 9.11010132e+01 5.21851140e+01 4.25738957e+01
  4.76938859e+01 3.70165537e+01 5.19678212e+01 4.36523723e+01
  5.53289274e+01 4.30588720e+01 2.86191514e+01 2.51837564e+01
  1.42498552e+01 1.36000166e+01 3.18940453e+01 2.35340990e+01
  2.02674062e+01 9.37834332e-29 3.00329333e+01 4.44704629e+01
  3.50046755e+01 2.64920687e+01 3.23762319e+01 2.70027239e+01
  4.49951964e+01 4.07273377e+01 6.86076252e+01 3.81943310e+01
  1.13523327e+01 7.95764313e+00 1.27392392e+01 1.04366156e+01
  2.89423125e+01 2.32776916e+01 2.83299298e+00]
 [4.75084052e+01 5.34525269e+01 3.24283795e+01 2.39960262e+01
  4.39639188e+01 3.54259832e+01 5.21704367e+01 4.55805592e+01
  3.78375928e+01 3.54880769e+01 1.37730342e+01 1.18395315e+01
  1.01177419e+01 7.60037905e+00 2.30392673e+01 1.95544011e+01
  1.31413966e+01 5.86841595e-29 1.04021413e+01 3.45618463e+01
  2.20103966e+01 1.66566756e+01 3.63808415e+01 2.77204408e+01
  2.43006053e+01 2.58758153e+01 4.14093007e+01 2.24113716e+01
  4.68716098e+00 4.66431114e+00 7.45993777e+00 5.16499265e+00
  1.10894491e+01 1.97432044e+01 1.89910649e+01]
 [1.65130918e+01 1.95873795e+01 1.95876382e+01 2.07776880e+01
  1.35429727e+01 1.25610743e+01 1.36123240e+01 1.41798985e+01
  1.45585137e+01 1.58304005e+01 8.25191666e+00 1.51175939e+01
  4.40657099e+00 4.77587048e+00 7.99595727e+00 7.83156045e+00
  7.17921619e+00 2.07170840e-30 5.98122587e+00 1.46664697e+01
  8.90949737e+00 1.06844287e+01 9.90651356e+00 1.24081791e+01
  1.06876326e+01 1.32405072e+01 1.58214402e+01 1.04556819e+01
  3.69718548e+00 2.83096427e+00 3.60141810e+00 2.74571093e+00
  1.18254831e+01 9.54504403e+00 5.78387908e+00]]