[[4.07375259e+01 4.16107065e+01 3.20960237e+01 2.94156467e+01
  5.73863180e+01 6.89954145e+01 2.27183113e+02 3.16473112e+02
  4.16375046e+02 2.68011417e+02 9.66724658e+00 1.01935304e+01
  1.39791952e+01 9.78217931e+00 9.97015294e+01 7.81509855e+01
  5.09004107e+00 1.77159300e-27 3.70457634e+01 3.11690932e+02
  2.34800298e+01 2.34007964e+01 7.21226040e+01 7.40138447e+01
  2.46030064e+01 2.44647785e+01 2.94507498e+01 9.56431292e+00
  2.98395068e+00 2.67670212e+00 1.60348694e+01 9.51116489e+00
  1.86889502e+01 2.21482170e+01 4.49299212e+01]
 [2.26556113e+01 2.87047201e+01 9.31677562e+00 1.07639511e+01
  7.93865830e+00 5.76451938e+00 1.45898446e+01 1.82566506e+01
  3.57661669e+01 2.30939772e+01 4.76484786e+00 6.11521375e+00
  3.72642701e+00 5.47148788e+00 7.99709216e+00 6.86727516e+00
  2.85730705e+00 9.23673220e-30 3.69039581e+00 2.47192295e+01
  5.74900400e+00 5.44764693e+00 7.33371803e+00 6.74445461e+00
  1.14715130e+01 1.61816977e+01 2.07972390e+01 1.07813759e+01
  1.85052928e+00 1.96263572e+00 2.47231894e+00 2.00030215e+00
  7.54140697e+00 1.45855497e+01 6.54542594e+00]
 [2.50418551e+01 2.37832008e+01 1.00192482e+01 1.11470231e+01
  8.91123416e+00 1.42065781e+01 1.90211100e+01 3.61940305e+01
  7.60652441e+01 6.99620509e+01 4.82190090e+00 4.55896906e+00
  3.61830027e+00 5.28463305e+00 1.49833050e+01 1.96146500e+01
  3.39031379e+00 8.50595635e-29 1.13660878e+01 6.01994596e+01
  5.54563722e+00 8.55388386e+00 1.02917932e+01 1.77630758e+01
  1.24723453e+01 1.67914183e+01 2.14107235e+01 8.61414412e+00
  1.56640166e+00 1.99760321e+00 5.74468587e+00 4.95688551e+00
  1.31610265e+01 1.06629944e+01 2.19787314e+00]
 [9.19104836e+01 8.90095430e+01 3.00501918e+01 3.17256499e+01
  2.78455998e+01 4.13146734e+01 5.66085874e+01 1.07018847e+02
  1.11983990e+02 1.25976793e+02 1.52236342e+01 2.06496611e+01
  3.75882534e+00 7.70723330e+00 2.41957000e+01 4.42282057e+01
  1.25512630e+01 2.33969568e-28 1.95653845e+01 9.46999086e+01
  1.44915325e+01 1.96233274e+01 1.88514641e+01 3.36084339e+01
  5.37603665e+01 4.05968678e+01 6.48789287e+01 3.74319593e+01
  5.53949988e+00 6.01105911e+00 6.27289163e+00 7.88003698e+00
  5.60332843e+01 3.79651182e+01 7.39412108e+00]
 [5.17735947e+01 5.62312149e+01 2.40838216e+01 1.93088168e+01
  2.09660146e+01 2.88285414e+01 4.75803431e+01 9.09170041e+01
  6.68953687e+01 6.98836562e+01 1.00207543e+01 9.19310963e+00
  5.70303478e+00 1.09550741e+01 2.74057104e+01 4.49727123e+01
  8.16837229e+00 2.51956737e-28 1.63135100e+01 6.01539654e+01
  1.13292627e+01 1.30888036e+01 1.99468523e+01 3.31292782e+01
  2.26186516e+01 2.08460576e+01 4.40052891e+01 1.66903643e+01
  4.00493552e+00 3.13888444e+00 6.41838600e+00 9.28065292e+00
  2.07493843e+01 3.79715813e+01 3.40370349e+00]
 [5.07219890e+00 5.15884098e+00 4.68051532e+00 4.06864948e+00
  4.13790006e+00 4.20084977e+00 8.70811618e+00 1.91921910e+01
  2.36490581e+01 1.70915706e+01 2.10461829e+00 1.99300620e+00
  1.45529367e+00 1.34920997e+00 5.80345658e+00 5.93740781e+00
  1.44404713e+00 2.40101482e-30 3.41240624e+00 1.62752170e+01
  3.00742695e+00 2.74545521e+00 3.61634635e+00 5.06850855e+00
  3.44503427e+00 3.03012766e+00 4.77127995e+00 2.35805831e+00
  1.02507276e+00 7.59770400e-01 1.56876989e+00 1.14237992e+00
  4.76707282e+00 2.99011104e+00 1.49752712e+00]
 [4.23604922e+01 4.55485546e+01 1.34765361e+01 2.73756490e+01
  2.01256165e+01 1.67806329e+01 4.13001639e+01 4.74303220e+01
  9.58918579e+01 1.11411194e+02 6.88444783e+00 1.06314104e+01
  5.22546470e+00 5.43622837e+00 2.87041382e+01 3.50504345e+01
  7.13775539e+00 6.30877711e-30 2.66984571e+01 9.56983336e+01
  9.57489143e+00 1.00487620e+01 1.99059430e+01 1.86661754e+01
  2.09003275e+01 2.49687436e+01 4.07094933e+01 1.45934676e+01
  3.79840549e+00 3.60934673e+00 8.16273837e+00 8.34496196e+00
  3.25094726e+01 6.19170182e+01 3.95615262e+01]
 [1.80811676e+01 2.01180782e+01 9.61602755e+00 8.58255159e+00
  9.18333774e+00 1.25753950e+01 3.14245056e+01 6.73446557e+01
  6.14687336e+01 5.28265206e+01 5.99345332e+00 5.12527540e+00
  3.36939285e+00 3.97449931e+00 1.66748021e+01 2.17824269e+01
  3.38307439e+00 3.38252609e-29 8.22752801e+00 4.94064115e+01
  5.45595398e+00 5.15676462e+00 9.77550300e+00 1.51746753e+01
  1.10301733e+01 9.73071126e+00 1.60609301e+01 7.63267788e+00
  1.58517079e+00 1.29906622e+00 3.77228058e+00 4.19120930e+00
  2.13556552e+01 9.84851169e+00 7.84080815e+00]
 [5.56835981e+01 4.89093665e+01 2.52537271e+01 2.04600485e+01
  2.70442583e+01 2.39974059e+01 5.10387055e+01 8.10633342e+01
  8.52693269e+01 8.43930340e+01 1.29283058e+01 1.12077283e+01
  7.53916148e+00 5.50445819e+00 2.25901499e+01 2.57319892e+01
  1.07508572e+01 8.32206280e-29 1.57187388e+01 7.51883700e+01
  1.59304662e+01 1.14151323e+01 2.08848601e+01 2.14445598e+01
  2.32195459e+01 2.09570176e+01 4.61718562e+01 2.11828654e+01
  4.48988725e+00 3.90945239e+00 6.67805466e+00 6.35404322e+00
  1.14862282e+01 1.75701211e+01 8.54864439e+00]
 [6.25725967e+01 7.98307954e+01 1.30628864e+01 1.88181556e+01
  1.21545151e+01 1.23095827e+01 7.12825251e+01 8.03978747e+01
  1.62085521e+02 1.39131549e+02 8.36778934e+00 1.54147180e+01
  3.38236081e+00 4.03584574e+00 5.43566886e+01 5.13448804e+01
  1.10181309e+01 5.60831526e-28 3.61119497e+01 1.18058516e+02
  8.00121597e+00 7.07874071e+00 2.14235878e+01 2.26940377e+01
  2.46401923e+01 3.57121904e+01 5.91482142e+01 2.40288017e+01
  3.23038376e+00 3.51584261e+00 1.04447235e+01 8.38617430e+00
  4.21204354e+01 4.18392991e+01 9.95459782e+01]
 [1.27875935e+01 1.44313659e+01 1.65773346e+01 1.58918252e+01
  1.96312656e+01 1.83194246e+01 4.20549368e+01 4.15670460e+01
  4.75541220e+01 4.75105996e+01 5.84546735e+00 5.50470852e+00
  5.67400167e+00 5.11917082e+00 1.64167139e+01 1.93443168e+01
  3.81687945e+00 6.42222981e-28 8.91635510e+00 3.97040584e+01
  1.00326711e+01 9.29235120e+00 1.56226712e+01 1.47991741e+01
  8.98990438e+00 1.22519681e+01 1.23240207e+01 6.55885406e+00
  2.38070823e+00 1.86744186e+00 4.48270440e+00 4.52799354e+00
  6.30142873e+00 5.18044342e+00 5.62478446e+00]
 [3.18020751e+01 2.80119979e+01 1.65826914e+01 1.47295723e+01
  1.72667534e+01 1.52600248e+01 3.93279129e+01 3.29875259e+01
  6.10819196e+01 6.64694940e+01 6.34194997e+00 6.63032808e+00
  4.05026013e+00 3.74819963e+00 1.47662299e+01 1.16271521e+01
  4.85081409e+00 5.70229625e-30 7.13403681e+00 5.05743615e+01
  9.71039628e+00 9.50285663e+00 1.44854695e+01 1.16134653e+01
  1.52105632e+01 1.15440606e+01 2.67280322e+01 9.64841774e+00
  2.78337700e+00 2.37205540e+00 3.49024278e+00 2.77790335e+00
  3.06206052e+01 2.18509080e+01 3.67135091e+00]
 [4.29173029e+01 5.27249101e+01 1.21826351e+01 1.60915729e+01
  1.41929196e+01 1.25833794e+01 3.44676742e+01 2.78534894e+01
  4.49015959e+01 3.53507078e+01 7.65475571e+00 9.39524670e+00
  6.00934042e+00 5.41270399e+00 1.95757807e+01 1.57570703e+01
  7.00777843e+00 9.48534978e-30 1.04004667e+01 3.04762402e+01
  8.03119057e+00 9.02554246e+00 1.50060943e+01 1.34578406e+01
  1.63723003e+01 2.00946362e+01 3.87659863e+01 1.45105757e+01
  3.05983547e+00 3.22666862e+00 6.65937793e+00 3.87286530e+00
  2.77801016e+01 2.46475661e+01 1.41299272e+01]
 [5.01903656e+01 4.97818475e+01 5.88057286e+01 5.33703478e+01
  6.63925688e+01 6.27409954e+01 1.19065743e+02 1.16542542e+02
  1.08452644e+02 1.19027198e+02 2.72299763e+01 2.70085086e+01
  1.68842247e+01 1.68861151e+01 7.33276260e+01 5.88540129e+01
  2.27843555e+01 4.13628181e-28 3.68620205e+01 8.51707198e+01
  4.02642580e+01 3.58305756e+01 6.13230551e+01 5.12130126e+01
  3.65415224e+01 3.69053730e+01 4.82351988e+01 3.31282930e+01
  1.07764736e+01 9.78428995e+00 2.17081238e+01 1.93871184e+01
  8.36093538e+00 9.38500757e+00 8.00615423e+01]
 [3.73735595e+01 3.73141536e+01 2.49469540e+01 2.47557534e+01
  2.75910524e+01 2.13902578e+01 7.61712170e+01 7.94777028e+01
  1.34187803e+02 1.34132089e+02 1.15683603e+01 1.31366213e+01
  8.19558909e+00 6.55270061e+00 4.28154205e+01 4.32913776e+01
  1.15889945e+01 1.26547351e-28 2.81049265e+01 1.15021205e+02
  1.53973506e+01 1.34542982e+01 2.98894127e+01 2.33620179e+01
  2.29615542e+01 2.92313274e+01 3.65409016e+01 2.00964132e+01
  5.55736838e+00 5.43889230e+00 1.40001524e+01 9.41816152e+00
  1.07355004e+01 1.01625784e+01 2.17880764e+01]
 [2.98744769e+01 3.63878663e+01 8.36871201e+00 8.58442454e+00
  1.07898529e+01 1.21671636e+01 3.38300985e+01 5.43669623e+01
  8.61993680e+01 7.17530289e+01 4.45741115e+00 4.73563791e+00
  2.75737214e+00 3.39838546e+00 1.41976333e+01 1.52785346e+01
  3.52859549e+00 2.43553034e-29 5.44051159e+00 6.25090664e+01
  5.00228749e+00 5.88429356e+00 1.19282017e+01 1.50998852e+01
  1.15398528e+01 1.50667584e+01 2.93562389e+01 9.84483271e+00
  1.44868251e+00 1.06512610e+00 2.73002695e+00 2.84823452e+00
  6.29378811e+00 1.56580056e+01 9.82647236e+00]
 [9.91752091e+00 8.58096223e+00 8.54545753e+00 9.19253622e+00
  1.12239948e+01 1.18791008e+01 3.23300609e+01 4.41353526e+01
  7.74029192e+01 5.78077787e+01 3.28028907e+00 4.01792951e+00
  2.90177102e+00 4.01314779e+00 2.08075880e+01 1.72522545e+01
  2.13727595e+00 1.61413242e-29 9.85859704e+00 6.17254557e+01
  6.05051254e+00 6.00562540e+00 1.14371367e+01 1.25958188e+01
  6.05035751e+00 6.84251135e+00 7.84675993e+00 3.32367505e+00
  1.40621779e+00 1.28581494e+00 4.10873673e+00 3.97405216e+00
  4.44483791e+00 2.27561946e+00 1.56380321e+00]
 [8.84157984e+01 9.64707494e+01 2.54523586e+01 2.55091925e+01
  2.74358046e+01 3.18965192e+01 5.03718911e+01 8.41394088e+01
  5.96791913e+01 7.07124621e+01 1.31320609e+01 1.47953322e+01
  1.29818801e+01 2.40290610e+01 3.10913244e+01 4.34436750e+01
  1.03213266e+01 9.05099892e-29 1.98310501e+01 4.61571235e+01
  1.61855507e+01 1.60707594e+01 2.85282252e+01 4.21728321e+01
  2.80048279e+01 3.27027249e+01 6.21098476e+01 2.44685814e+01
  5.62321095e+00 4.59627565e+00 1.39024358e+01 1.94658409e+01
  3.76151985e+01 2.81195061e+01 2.25666151e+00]
 [2.67067055e+01 3.23204741e+01 1.63898056e+01 1.32476612e+01
  3.21306368e+01 2.38078216e+01 4.75339831e+01 4.05087806e+01
  5.22279297e+01 4.34417308e+01 7.13663031e+00 7.71456939e+00
  7.43106369e+00 5.30036947e+00 2.51287078e+01 2.06703660e+01
  5.10422866e+00 6.45373331e-29 1.59624218e+01 4.49973637e+01
  1.36957303e+01 9.55789613e+00 2.96186955e+01 2.03326192e+01
  1.23989614e+01 1.62044853e+01 2.31153290e+01 9.79819648e+00
  2.35110462e+00 2.83685398e+00 8.50341459e+00 5.59010913e+00
  8.17731589e+00 1.19203284e+01 1.42741321e+01]
 [9.57367297e+00 1.37511666e+01 1.13136487e+01 1.03886922e+01
  1.50158935e+01 1.44986405e+01 4.62544178e+01 5.25910904e+01
  8.00532377e+01 9.47753598e+01 4.06281646e+00 6.96655312e+00
  5.03024989e+00 8.68781313e+00 1.78618305e+01 2.07573163e+01
  2.55914295e+00 2.88459488e-30 8.19151681e+00 6.94574599e+01
  7.38805085e+00 7.22129120e+00 1.54397838e+01 1.79311449e+01
  5.70356627e+00 7.18654406e+00 1.02648864e+01 4.85462557e+00
  1.75457505e+00 1.49593371e+00 4.37192765e+00 4.88168741e+00
  8.01782221e+00 6.64587889e+00 4.48148962e+00]]