[[2.66710979e+01 2.60965901e+01 7.71681385e+00 6.03559542e+00
  7.87429262e+00 8.18307571e+00 1.32171147e+01 1.68710096e+01
  1.87861968e+01 1.28563211e+01 2.62917471e+00 3.44327973e+00
  3.10059126e+00 2.68882992e+00 7.06462515e+00 7.21229731e+00
  2.73787478e+00 1.40868159e-28 4.51195118e+00 1.40892660e+01
  6.19724330e+00 4.44874107e+00 6.79954992e+00 7.41308588e+00
  1.70094402e+01 1.24163320e+01 1.28057483e+01 3.88657776e+00
  1.10429798e+00 1.06656918e+00 2.08505200e+00 1.87548688e+00
  9.14740117e+00 1.49024275e+01 4.25935450e+01]
 [1.51826178e+02 1.44917566e+02 4.20615445e+01 7.10135866e+01
  9.54627967e+00 1.22574160e+01 6.53337386e+00 7.41827209e+00
  7.96486858e+00 7.68056739e+00 3.61007926e+01 1.15836528e+02
  2.47856686e+00 7.90165006e+00 3.54752120e+00 3.42388732e+00
  1.11753074e+01 2.09923141e-29 2.23122311e+00 7.49514910e+00
  1.66513912e+01 3.87144216e+01 3.95314416e+00 3.71832128e+00
  8.96711021e+01 1.47084938e+02 1.17419080e+02 6.77894803e+01
  4.65170091e+00 1.23924747e+01 1.35879346e+00 1.09381301e+00
  7.62097392e+01 5.90133877e+01 9.38766953e+00]
 [6.74231817e+01 1.48501461e+02 2.14327209e+01 1.04792760e+02
  1.17785100e+01 1.77505183e+01 1.33712216e+01 1.65726209e+01
  1.92928531e+01 1.77278841e+01 1.08763245e+01 2.28689805e+01
  5.65813133e+00 7.67663851e+00 1.02242980e+01 9.40818689e+00
  7.01286412e+00 1.75489051e-28 7.16478320e+00 1.66449174e+01
  1.08060250e+01 9.00633261e+01 9.91069806e+00 1.07667674e+01
  4.26471386e+01 1.92084470e+02 7.47392692e+01 2.98512097e+01
  3.29237264e+00 4.85644272e+00 4.78764956e+00 3.52067017e+00
  3.33036362e+01 1.37280872e+02 6.43633597e+00]
 [3.80021850e+02 2.29875418e+02 3.95043057e+01 3.00510935e+01
  4.24998105e+01 8.77407515e+01 2.31317228e+01 2.52625459e+01
  2.92933949e+01 3.18712042e+01 4.26207177e+01 5.46287280e+01
  3.71406097e+00 3.80574405e+00 9.58774155e+00 1.13232144e+01
  1.82647702e+01 1.74621267e-28 6.72780197e+00 2.59061122e+01
  1.11655861e+01 2.16953599e+01 1.14437055e+01 1.37867977e+01
  2.75768063e+02 1.34709761e+02 1.39716257e+02 1.13228220e+02
  8.65475695e+00 7.99104094e+00 2.73999004e+00 2.84375390e+00
  2.25117477e+02 1.68762739e+02 8.50173607e+00]
 [1.38252926e+02 1.70444118e+02 5.34724178e+01 2.99997874e+01
  1.54465627e+01 2.25079332e+01 1.94060934e+01 2.41398624e+01
  2.28493718e+01 2.08588673e+01 1.90890876e+01 2.16903112e+01
  6.52774795e+00 6.47114518e+00 1.23077270e+01 1.42094909e+01
  1.03119406e+01 2.25666649e-28 7.46201906e+00 2.02275616e+01
  1.61890182e+01 1.53586040e+01 1.11682307e+01 1.32040055e+01
  6.15632445e+01 8.42986468e+01 1.09582591e+02 2.84488472e+01
  4.51053652e+00 5.14302831e+00 4.60868914e+00 3.87050558e+00
  6.82492588e+01 1.18265926e+02 8.08017133e+00]
 [4.30340053e+00 5.16358159e+00 4.63297352e+00 5.59679344e+00
  3.62132035e+00 3.64201255e+00 4.97332908e+00 6.57216406e+00
  8.52760006e+00 8.03621697e+00 2.74877398e+00 2.28140076e+00
  1.77899254e+00 1.47671862e+00 3.13510305e+00 2.67832914e+00
  1.37707208e+00 1.92786162e-30 1.71325715e+00 7.31337421e+00
  4.66619880e+00 7.18014437e+00 2.81033405e+00 2.76685290e+00
  4.31144044e+00 3.60399833e+00 4.25482663e+00 2.25519164e+00
  1.09920924e+00 8.36483382e-01 1.17135051e+00 8.11747265e-01
  5.18588931e+00 3.38419690e+00 2.03029085e+00]
 [4.11404009e+01 3.93711591e+01 1.10121828e+01 2.05874121e+01
  1.62123789e+01 1.29363138e+01 1.94359779e+01 1.65723517e+01
  2.49927769e+01 2.46527199e+01 7.70698078e+00 1.14605498e+01
  5.83128893e+00 5.46250560e+00 1.26880289e+01 1.16432928e+01
  6.68885018e+00 2.51941071e-30 9.99628297e+00 2.39088700e+01
  9.08462005e+00 1.01467485e+01 1.15743095e+01 1.01892309e+01
  1.68060489e+01 2.12639071e+01 3.39296454e+01 1.21522773e+01
  5.35099376e+00 5.12111966e+00 5.37009837e+00 4.28511755e+00
  5.61349677e+01 6.78892618e+01 3.59610471e+01]
 [4.77246140e+01 8.07530281e+01 1.20159721e+01 1.07734374e+01
  9.95253772e+00 7.30877664e+00 9.98299026e+00 1.35406600e+01
  3.21572320e+01 2.75774418e+01 1.20885286e+01 1.36565953e+01
  3.30970424e+00 3.15891641e+00 5.96282908e+00 6.88429064e+00
  4.17260889e+00 1.56109905e-29 3.89960131e+00 2.67793841e+01
  1.00794446e+01 9.13668884e+00 4.94894618e+00 5.44425619e+00
  3.54896892e+01 3.30389991e+01 4.73206899e+01 1.88312064e+01
  1.74506235e+00 1.43880252e+00 2.15013519e+00 1.98290720e+00
  5.80396528e+01 4.42941236e+01 2.02215504e+01]
 [3.65428240e+01 3.43448507e+01 1.58965338e+01 1.18976966e+01
  7.68108965e+00 1.15649755e+01 1.06719453e+01 1.03842590e+01
  1.28577691e+01 1.35923696e+01 6.24222556e+00 6.22165324e+00
  3.20271890e+00 2.44017493e+00 6.81371863e+00 5.37062524e+00
  4.89980544e+00 1.89026529e-29 4.26693370e+00 1.30500791e+01
  5.47063723e+00 6.18730548e+00 6.73433774e+00 5.39260391e+00
  2.18379320e+01 1.14301073e+01 2.87054901e+01 1.10446491e+01
  2.15053117e+00 2.15553432e+00 2.73629560e+00 1.92722906e+00
  1.31166530e+01 2.32938972e+01 5.35889422e+00]
 [8.66190722e+01 3.82811133e+01 1.76043965e+01 1.08563732e+01
  7.38337764e+00 4.36102854e+00 9.13388147e+00 8.39497739e+00
  1.48420752e+01 1.30560536e+01 1.01772618e+01 7.07417428e+00
  4.47815430e+00 1.82771698e+00 6.39233925e+00 4.82046101e+00
  4.77981222e+00 2.47968513e-28 3.46233711e+00 1.23864718e+01
  2.04638221e+01 3.86136718e+00 5.73251245e+00 3.88941617e+00
  5.54109179e+01 1.85960180e+01 4.20470711e+01 1.32471411e+01
  1.95078011e+00 1.73937037e+00 1.95718360e+00 1.39680473e+00
  5.28805961e+01 2.92280129e+01 1.47786837e+02]
 [9.14665503e+00 1.99365754e+01 1.15987835e+01 1.30465723e+01
  9.49813521e+00 8.91349404e+00 1.22238697e+01 1.41460542e+01
  1.81983592e+01 1.73712865e+01 6.23228959e+00 8.90619751e+00
  4.42410925e+00 4.45374839e+00 8.47916054e+00 7.83951877e+00
  3.65471458e+00 3.69852544e-28 5.46694265e+00 1.64052130e+01
  7.21222046e+00 1.04636575e+01 8.25069620e+00 7.68748990e+00
  1.00812859e+01 2.05988380e+01 1.20481943e+01 6.60848536e+00
  2.18875060e+00 2.22845177e+00 3.32171258e+00 3.34010691e+00
  1.17030083e+01 1.41185851e+01 8.58100850e+00]
 [3.95910504e+01 2.57385568e+01 1.65314617e+01 1.35859956e+01
  1.99739995e+01 2.07056898e+01 1.57965122e+01 1.45255259e+01
  2.26279937e+01 1.98547554e+01 6.93416504e+00 5.88985398e+00
  7.02311397e+00 5.23250772e+00 1.10053271e+01 8.32922777e+00
  4.64720242e+00 3.89716349e-30 6.16367587e+00 1.83205897e+01
  1.32156918e+01 1.41192398e+01 1.20420983e+01 1.34425227e+01
  1.72576979e+01 1.50657700e+01 3.29005718e+01 9.63785802e+00
  3.31738268e+00 2.67931369e+00 4.23559824e+00 2.66584629e+00
  3.00914997e+01 1.88536968e+01 8.12172469e+00]
 [8.37250659e+01 1.18481933e+02 1.82924007e+01 3.29018199e+01
  1.51779997e+01 1.23717968e+01 2.09593077e+01 1.68983384e+01
  2.39004260e+01 2.50080405e+01 1.23252497e+01 1.61634957e+01
  6.63350268e+00 5.21187876e+00 1.33727836e+01 9.94069588e+00
  1.02257794e+01 1.05039242e-29 8.25121496e+00 2.22995388e+01
  1.25989823e+01 1.38188428e+01 1.30954360e+01 1.04496283e+01
  2.76006964e+01 4.12354133e+01 7.82783300e+01 2.41455804e+01
  4.47599252e+00 4.30620660e+00 5.45821138e+00 3.14353941e+00
  6.51765716e+01 5.97436136e+01 2.28944806e+01]
 [1.67117182e+01 1.77390157e+01 1.82486446e+01 1.85964811e+01
  2.13761687e+01 1.89638273e+01 2.45718744e+01 2.45332087e+01
  2.21803402e+01 2.81704697e+01 1.01950922e+01 1.35871555e+01
  7.10041992e+00 6.32279747e+00 1.35068674e+01 1.29821455e+01
  6.95069849e+00 1.27785774e-28 7.77654857e+00 2.10509695e+01
  1.31283561e+01 1.36649067e+01 1.50651253e+01 1.39599620e+01
  1.30730573e+01 1.73213082e+01 1.59779665e+01 1.00758471e+01
  4.09502650e+00 5.06850824e+00 4.49073167e+00 4.10686353e+00
  4.25582367e+00 7.74033299e+00 9.05841752e+01]
 [1.63820320e+01 1.27672174e+01 7.84420622e+00 7.15382937e+00
  8.00517172e+00 6.61499624e+00 1.53630805e+01 1.42020943e+01
  2.14071557e+01 1.98729511e+01 3.94276164e+00 4.35883613e+00
  3.68260377e+00 2.81083201e+00 9.17290651e+00 7.35371283e+00
  3.32269453e+00 3.42330045e-29 4.34443135e+00 1.83979904e+01
  4.88690526e+00 4.64154671e+00 8.30087084e+00 6.31026265e+00
  8.22808968e+00 9.51307069e+00 1.57374339e+01 6.80778526e+00
  2.02699073e+00 1.92720709e+00 3.38409022e+00 2.03655864e+00
  1.22001644e+01 9.94616551e+00 1.77838893e+01]
 [1.33770812e+01 2.22745381e+01 5.33544869e+00 5.99621794e+00
  5.72596068e+00 4.73584265e+00 7.19246103e+00 7.90535367e+00
  1.13939557e+01 1.04556280e+01 4.43155876e+00 5.25468154e+00
  1.76748815e+00 1.78468883e+00 4.16473254e+00 3.67003219e+00
  2.50318101e+00 6.49624857e-30 2.02606880e+00 9.79667345e+00
  4.18560791e+00 5.20327115e+00 4.84007034e+00 4.18856223e+00
  8.45256153e+00 1.31560185e+01 1.62312049e+01 7.38562228e+00
  1.24914111e+00 9.16300199e-01 1.34267946e+00 1.09401653e+00
  4.81265308e+00 1.57777441e+01 9.11333614e+00]
 [1.89740919e+01 1.31073584e+01 9.95201113e+00 1.02179724e+01
  1.06767225e+01 5.86430106e+00 7.67420579e+00 8.82644764e+00
  1.68697884e+01 1.45760944e+01 9.09501028e+00 1.12994635e+01
  2.26354282e+00 3.20107849e+00 5.08254522e+00 5.32663618e+00
  1.95914607e+00 9.83241578e-30 2.67726781e+00 1.69422077e+01
  7.93654801e+00 6.75470170e+00 4.75233072e+00 6.15530579e+00
  3.34107585e+01 2.59161847e+01 1.38716746e+01 5.27451393e+00
  1.40464859e+00 1.27521531e+00 1.62490300e+00 1.52857170e+00
  2.45360071e+01 4.55059988e+00 3.73798926e+00]
 [5.58367526e+01 5.85968983e+01 1.81540788e+01 1.68469105e+01
  1.58096952e+01 1.73403550e+01 2.36918293e+01 2.76045781e+01
  3.17473561e+01 3.60764244e+01 1.21709083e+01 1.52067015e+01
  7.00247634e+00 7.89788298e+00 1.87261484e+01 1.72919512e+01
  7.76181807e+00 5.21500225e-29 1.31641316e+01 3.11504524e+01
  1.14103970e+01 1.08385660e+01 1.59742783e+01 1.84587866e+01
  2.40436736e+01 2.56775512e+01 3.72752185e+01 1.63885614e+01
  4.93151967e+00 4.34927755e+00 8.69921968e+00 7.08475381e+00
  4.03160715e+01 3.03109391e+01 3.05116538e+00]
 [6.44718387e+01 1.17622768e+02 2.78723404e+01 1.56003746e+01
  1.64999837e+01 9.60195976e+00 1.23760533e+01 1.21041793e+01
  1.26522975e+01 1.37619350e+01 8.17590432e+00 1.30404253e+01
  3.31780511e+00 2.94059259e+00 6.17361640e+00 5.89873491e+00
  5.51815838e+00 2.69610759e-29 3.93721255e+00 1.20311355e+01
  1.48256134e+01 1.14504599e+01 7.03575190e+00 8.86681178e+00
  1.96265445e+01 6.08211440e+01 5.67087532e+01 1.64128656e+01
  2.08864963e+00 2.02868301e+00 2.78174793e+00 1.89651572e+00
  2.86655157e+01 4.54952078e+01 3.53248573e+01]
 [1.36117835e+01 1.51057672e+01 1.00124864e+01 9.67056926e+00
  1.02554685e+01 1.25643878e+01 1.78663994e+01 1.77936646e+01
  2.34755311e+01 2.73629068e+01 4.25618814e+00 8.02092549e+00
  3.83634071e+00 5.03076402e+00 9.03648761e+00 8.51228417e+00
  2.78106581e+00 2.23822711e-30 4.65720736e+00 2.19461605e+01
  6.38270985e+00 5.89048561e+00 9.06400089e+00 9.68373097e+00
  6.59153314e+00 1.03690472e+01 1.34156524e+01 5.10360870e+00
  1.83268112e+00 1.76565443e+00 3.03555916e+00 2.46656794e+00
  7.66768074e+00 5.99668531e+00 5.10372472e+00]]