[[91.46122326 96.22270678 64.75668339 83.67793215 52.73345222 89.53438767
  23.2031042  23.06939887 19.15987672 19.25115589 80.99785848 73.25672423
  60.93214368 36.1849766  21.65655162 25.98712488 86.93846481 74.41679963
  34.52395854 18.49845265 94.52134257 62.28148034 27.75659254 28.80111738
  96.00859795 96.96139908 94.32901002 82.78538086 57.73176489 58.45278065
  30.20089188 37.29596049 97.72681077 96.67901412 66.35427344]
 [47.14912823 49.82032013 46.93217444 47.64426792 54.05788628 54.82822218
  50.6394468  61.70815575 49.82188005 57.14707717 41.47347997 22.30182609
  49.66568372 38.56236094 50.96704191 59.18316614 55.48080466 51.13132208
  60.93509353 56.25666606 48.33067286 40.95779063 50.4498781  58.87953677
  45.27456712 49.29539585 53.22163053 56.32004425 53.16436241 33.13305626
  55.20946547 58.65934772 41.51969665 42.01783117 45.13866589]
 [54.98349337 38.33164516 60.40021706 22.53553707 44.08185821 35.43694098
  35.64779549 57.04378183 23.42511968 23.40642646 52.78409339 30.23725422
  37.23700884 24.15123783 30.55392824 27.48910784 52.79154615 42.10339217
  33.02937556 25.18787237 48.88284323 12.14916418 35.71583382 28.32808972
  49.6111812  22.11160724 49.984122   49.68140667 49.53310193 39.59090693
  30.3676868  31.0620396  45.2076479  29.29443842 42.87626371]
 [22.3208384  26.37960143 44.17595364 66.47632717 21.16665478 13.14893356
  23.77551778 21.76153653 20.31256499 18.06325117 19.74416951 15.91901552
  31.35314735 29.66180407 25.70480392 20.56570982 26.91114055 64.25750317
  24.93026763 20.14255616 33.02248789 22.80303384 28.81635337 23.64606976
  34.88802946 35.17311043 29.0361258  33.64735152 23.20763244 20.73760102
  27.87435737 26.0652436  78.44047932 84.52600658 46.36571053]
 [75.42106293 70.4131282  73.54376471 60.72813858 43.86389684 49.13803274
  36.47925835 39.17418156 38.89756598 40.0222972  67.7914153  46.66153554
  53.2671326  37.78087492 36.74295698 37.02285888 65.2585607  55.81518683
  42.19407097 40.23375719 65.38673411 51.3049768  37.64987466 41.38262257
  72.07069992 48.85665618 73.16008673 70.73337264 62.85651111 44.84092166
  34.7721148  42.12430238 73.22821581 79.26709607 66.26262014]
 [65.01282352 87.10907155 84.72686832 81.0577067  68.97707123 66.80250499
  51.63429034 46.53228694 43.46266757 46.96519555 66.17472697 65.88927791
  59.39540416 55.4437585  48.20284103 56.14293051 59.29316223 51.66422594
  58.16446665 48.13796898 66.00090795 54.99422203 56.04785866 55.34036728
  88.55917453 86.43962479 65.4163717  70.18467705 62.7536627  58.36840514
  59.8501269  60.39340629 91.75859962 91.69758347 66.67704008]
 [86.22243162 80.55726916 82.49165204 86.99317011 55.49996398 53.00413291
  49.01630673 37.98230356 52.40260329 34.41159438 69.83840967 74.34891476
  52.57545477 59.65884409 44.59675794 37.39674634 75.60348654 89.79150345
  38.65395392 37.54007134 83.88509623 68.59633985 51.86983612 44.45575009
  86.30288538 83.11365107 82.18706487 83.06790123 63.20163895 59.50538265
  48.76064539 44.6488568  92.27389768 97.16812038 67.68335219]
 [52.87169727 51.49416726 70.25798475 73.12549622 52.90133309 57.80507043
  35.77906843 38.27247815 23.63641785 28.60172135 44.12599299 46.24219727
  50.85441245 45.44109864 39.16987991 41.47264712 40.19019362 42.87126828
  48.20929007 27.52743223 48.32309928 53.46596428 46.28340844 44.6851879
  47.27295756 50.81941186 54.28202335 53.66726711 49.22218862 58.91359535
  49.32605226 50.42627242 58.99407694 64.57106374 41.25067964]
 [63.14303073 60.24123523 52.45843971 55.89702491 50.60883973 37.63142777
  41.54723292 32.57592849 34.15094583 37.59404868 52.33991137 50.72226465
  47.97898814 46.33369942 41.76154681 35.75490361 60.71265771 50.05506859
  41.66959408 38.98626126 52.54979367 56.41905309 45.42196843 39.13285777
  52.66595555 68.47277399 57.7113697  57.99092347 55.29146983 56.70885999
  45.88377311 45.62505015 77.49358629 67.86106385 57.97581285]
 [70.16894967 77.63835339 83.77936905 92.96459667 89.07214038 87.40217777
  64.25650332 86.17872078 45.51777031 69.70256206 79.36792813 97.0008367
  62.73007809 89.69917849 44.26613499 55.25920942 79.74472616 94.42892922
  72.67389912 76.72848213 88.91353517 96.8415555  91.63871101 91.87431863
  67.60216341 95.02071244 76.83811225 80.33315254 71.46943873 93.28541385
  44.37660588 68.02736636 82.64171862 90.16221769 66.77471158]
 [66.58935492 71.23984605 91.8804347  93.87043961 60.61490921 53.7525628
  36.86005231 35.36955699 32.38573765 32.71553921 76.05629528 84.92145577
  38.49636716 45.40046793 36.46647193 35.81147077 75.34027042 65.07432458
  39.1647248  35.06143515 57.06390626 60.6010733  41.84901122 44.42291636
  87.18012619 88.04241474 83.89117563 85.72209677 62.16126986 60.69325819
  37.28936398 42.52026125 95.44802332 92.44927928 67.92527862]
 [50.41799991 47.73369371 64.37675119 69.27655697 43.56557186 46.69555223
  33.23995716 34.63758159 36.57995858 32.48493191 57.15250539 53.6811906
  43.74474081 41.36067428 36.31777083 39.57757372 51.15531144 51.38586877
  38.33415649 35.22341078 52.05639087 48.02903023 40.96396662 46.58034224
  53.87936219 50.43853615 48.31332471 49.39471059 45.57954594 55.25722338
  33.81012094 41.09270619 57.53863316 69.10371409 60.86882198]
 [65.51959409 66.22269975 59.18377322 66.34865094 52.83220534 33.65794944
  33.386114   28.69409627 30.82830241 29.51594049 43.84810779 56.60215085
  42.39908207 30.50465203 35.08177313 29.90891929 53.73001228 69.77079888
  42.17754838 32.93646358 44.80255528 48.15840507 41.48171119 28.03310356
  58.22005579 64.65686095 65.23651081 60.8460826  46.33713083 46.37426227
  36.21664518 31.95375518 80.49590032 69.33366294 67.68387159]
 [44.35672758 42.54701037 38.88089892 37.88351286 38.85975089 31.22449994
  27.51730394 24.83770923 25.22439306 24.40831004 47.55854804 46.45372671
  33.73746157 32.62535144 25.63297778 20.46764302 48.06405671 34.97664134
  25.3463652  26.16365017 37.13870414 34.97436876 31.50088149 26.83028945
  47.52761751 43.63878897 44.79281367 49.56623922 42.18785282 48.79166548
  26.97354233 20.19269174 47.88302954 67.51919184 58.53733798]
 [83.64296852 73.77871065 57.62082965 62.31627753 36.53138968 44.73395076
  27.80965491 35.05880712 23.78109567 26.01483169 50.95585364 46.25022372
  32.46138407 38.87377765 29.04878964 30.76526141 55.02937872 46.96289404
  31.42386241 25.15579786 44.43174798 44.91531399 30.10755508 38.38263082
  77.91168965 81.21689124 79.31456515 77.57137059 45.32611108 41.9964351
  31.67705928 33.43775528 97.75145217 90.8118323  69.40066247]
 [76.88226413 75.27905041 62.77502587 64.38888469 53.97285547 49.23408946
  39.11871143 35.10063115 31.04473016 32.73479731 64.78416906 65.24850979
  51.52483879 46.80811182 44.80024593 44.47757864 69.42213314 66.85384385
  56.41664739 35.20036586 60.51466435 72.71306259 46.09459643 63.8942375
  73.52543208 71.68745896 76.23186904 74.18167563 63.57667792 63.13683463
  52.06865135 52.82917091 66.82966678 73.89691062 67.72746449]
 [37.70746266 38.99095288 50.37562957 37.44096323 34.84841292 35.73009132
  30.90031024 25.89079022 22.94854669 26.02320179 27.20295781 27.49777508
  48.42229831 44.51391482 32.53571513 30.20534927 51.09276264 25.10795006
  38.85614438 28.5421092  36.1530641  36.20605385 37.8041341  33.0114757
  20.5823542  25.14486441 35.93051363 40.52306673 48.18212442 44.97634185
  43.82597886 40.56668631 33.54128371 48.68139105 62.34104787]
 [55.99338443 52.03019652 54.84305507 49.97760813 36.28069658 35.04646023
  27.31269093 22.22312932 35.76235575 29.04805893 40.00024317 40.07579011
  28.77144469 20.4256975  34.18521867 25.88735102 40.79354325 32.65097194
  47.28456582 35.98766025 38.31694214 40.31690402 29.23632804 23.19170312
  50.61707754 48.16463538 51.88105698 45.52046554 35.36173671 38.85845158
  36.55350804 27.78147095 51.45395032 71.8250602  54.41834389]
 [73.26390448 64.11964824 60.76959338 49.28944832 29.77956132 43.23790654
  34.76662929 41.44516432 43.35527973 45.77871845 63.32865795 48.76691676
  31.61785333 35.26405201 33.45795454 41.93376639 57.05094482 39.04291628
  39.85891646 45.87053613 40.11434113 38.13452975 28.30472922 39.031452
  73.71396803 47.73638387 71.12263187 64.59158068 56.78521111 48.84737412
  34.00060033 42.0310759  63.84427167 79.45932874 39.57006244]
 [75.93442804 79.90331533 88.16471801 89.4671683  91.64514342 91.26643657
  44.74040804 55.92575128 31.80042433 38.0058426  71.38616729 79.55896482
  67.29687605 51.6676122  44.80852721 42.04109887 74.09624115 52.36153602
  46.94155982 41.31693626 92.83688684 88.53558674 58.4036781  73.07316158
  73.38713583 77.42108408 76.44855199 81.41142354 66.53042453 70.02164679
  57.18020254 46.55597402 78.03819716 77.59237296 74.29146151]]