[[ 3.93498477  1.69601942 20.22073783  9.81559196 32.73048063  7.70400832
  62.79700312 64.53787717 70.77108114 70.0046026  10.18506579 13.6108092
  24.71859368 38.84856986 64.56211925 59.13742869  5.56329603 20.67279461
  50.37832677 71.61011686  3.13265102 24.12107976 55.33743396 55.39522239
   1.78858553  1.43718133  2.92904368  8.419851   19.45861991 19.26161608
  51.59925441 42.99094913  1.08740658  1.37889294 12.27569109]
 [ 3.63226534  4.47921544  4.61560098  3.64816719  7.56613389  5.92359541
  14.37629288 13.62629965 25.6251084  17.74379275  3.50138979  2.30075193
  12.38479529 14.1174757  14.58622667 11.37552539  4.023129    7.88174042
   9.69129084 19.19313299  5.53895949  3.72769723 11.9188777  10.94594141
   3.44456545  2.95642163  3.67082666  3.1984555   5.73382829  5.04552117
  11.70088736  9.88201911  2.9766464   6.90694087 13.75875015]
 [ 7.77365098  5.59918016  7.78180394  4.67670351 16.19941791 19.69993
  27.73381941 22.08569669 54.50649851 54.52436783  9.40022909  7.24594398
  18.69956574 23.37633567 33.78771442 41.20987427  9.46105089 13.02223179
  33.97795119 51.59335674 11.57459401  4.89540573 24.84019767 35.73835698
   7.14772988  4.22300013  7.19584797  6.75864038 11.58134446 12.53437227
  31.64973433 32.72943184  9.80227823  3.34702732  9.1943791 ]
 [ 9.58232217 13.74772762 16.45873091 12.08498323 21.64121998 18.96926714
  42.95351297 54.91216472 54.07997932 56.0266643  14.14183168 14.536093
  24.13686583 36.99124244 42.5473056  54.60634511 19.9285906  15.4390331
  45.00378963 52.71937726 27.11819766 26.54028396 31.66051    43.37608973
   7.00120403  9.32507679 14.72433856 10.6761734  21.08644663 23.74050407
  38.8263555  43.71999697  2.66344174  1.67585217 16.91528471]
 [ 3.66571658  4.13283419  4.51385768  9.55084178 19.46836085 19.71035251
  32.84073047 38.59411677 34.42578974 35.95340938  6.62410469  9.90179936
  14.27732054 30.42231677 33.23928518 38.93126977  9.35895407 15.1168582
  29.91193317 33.86556139  7.79563934 14.81941787 27.54168653 32.56910372
   4.25316387  6.07407689  4.27103566  6.18495916 11.05404918 13.81827615
  29.0301984  32.79900546  3.59952695  2.7838556   6.52097378]
 [ 8.65821581  3.0523244   2.86050064  3.25393319  6.49016161  8.01788866
  16.41632758 28.68397708 29.49318471 24.008474    6.39298549  7.14341364
   8.46278121 10.51008565 19.29105951 19.33228531  8.24001566 12.70699923
  16.30724936 23.49292254  5.39323036  5.22815184 11.02448744 16.51251199
   2.29817698  2.89949646  8.51169386  6.40022789  7.85511109  8.86110382
  11.76045238 12.53934396  1.87026954  1.594353    7.46310227]
 [ 3.83967713  5.54890158  4.65670928  3.42146778 14.48464574 16.68836315
  23.98168664 35.75437337 30.93720193 45.4064764   9.10680703  7.25920011
  13.7129665  12.61215941 28.29437002 37.97810779  6.7996978   4.38623349
  34.47401518 41.73406438  4.3713699   9.24015141 19.6721255  25.50005386
   4.01881556  4.86397279  5.40806431  5.06146937 10.17397199 10.51057184
  22.10546876 28.31256408  1.10641146  0.35129084 10.88108341]
 [ 5.48873067  4.75024661  5.28150844  4.92798965 10.31576999 14.70964312
  30.3532634  38.60405773 32.91315629 30.58498617  6.97687261  6.42491551
  12.95006459 16.63459091 28.26214186 30.71346654  4.44497475 24.68758405
  20.5640153  30.49526335  7.07509697  7.48621801 19.13973989 25.22378366
   5.09106905  5.24268294  4.70709714  3.5544411   6.13905422  6.45720066
  18.87914265 19.53821377  5.4407544   3.33688918  8.74091325]
 [13.47294941 14.64438848 17.78385092 18.06963177 27.12163555 30.49009687
  36.74503781 48.7458319  47.41227835 44.17046681 20.65137949 21.16938507
  25.39762559 27.03355934 34.10481229 43.16324044 17.32135498 30.3503509
  36.26218573 42.20779499 23.17497141 18.67975661 29.72772699 37.56701459
  15.02481376 13.09864113 16.04539831 17.49236319 20.0789548  19.50004507
  28.62850469 32.9453712   5.83064808  6.96656176 16.45366365]
 [ 8.24079179 11.20003294  4.47575388  3.08171649  4.57736188  6.81757146
  27.79321639 11.17571454 46.17487224 25.61397537  6.13686863  1.17537325
   9.32567118  4.87711351 44.48125748 37.10080113 10.22881286  2.8921243
  22.48592863 19.29543549  1.62232021  1.35364942  5.23177209  5.77594716
   6.22223495  2.38463497  9.22572073  9.0401308  12.57383963  3.20555243
  39.20712365 23.04421795  5.22254048  4.03158581 10.40005786]
 [11.40737729  7.02636392  2.4705009   1.79555744 16.53563382 20.27148567
  37.90275981 35.57469532 38.39177412 39.08832248  6.50421771  3.26427716
  23.79904857 19.57431324 31.23558164 35.36763484  6.65005609 14.60048817
  29.04117892 35.90865892 14.68540547 11.34494836 26.65077959 25.60705945
   3.25403388  2.46669024  4.63237581  3.76841248 11.58488593 10.41080282
  26.02418779 24.14736623  0.84859405  1.16210549  8.04926373]
 [11.03304278 13.1533148   7.60658388  6.81703695 13.31686117 11.36449958
  30.76198047 28.18307664 32.34090854 37.12826525  9.27923399 11.6953146
  10.51437476 11.79211935 20.99976971 19.34401915  9.60605535 16.23817166
  17.11515395 31.92873839  9.10354081  9.32688566 17.04690421 12.06708259
  10.50943602 10.80265815 11.46463959 11.43251198 10.86487448  8.47071298
  15.10497456 14.35417895 12.93136483 10.39037972  6.24343574]
 [ 7.22145701  6.6372611  11.22831429  7.67311174 17.19516569 25.63963455
  34.32291109 36.37974893 38.04563329 32.70958463 15.58942429 11.25804963
  21.3817955  28.40090753 32.21256773 35.78944453 12.78724445 10.41440207
  25.80752157 30.73164041 15.51919641 15.3506967  24.93175545 32.77486433
  10.04452939  7.72172312  7.21613852  9.62380321 15.839506   16.72048482
  28.56496484 30.57964321  3.75373505  5.71382478  7.68191375]
 [14.68758754 14.9209645  18.20884039 18.76291882 18.3796794  23.1256736
  31.22118509 34.41140968 35.13502927 35.30128924 10.90851424 11.53535583
  21.44830633 22.3895885  34.13286359 36.60643526 10.19346901 20.72613804
  31.71349543 31.10438129 18.37679018 19.80392684 24.239091   28.18125524
  12.32355068 13.17597933 13.57397853 10.18376879 13.52968015 10.09642483
  33.16475166 39.48014742 10.06124816  7.12784385  9.86469334]
 [ 6.40663187 13.07902528 21.87939478 20.87021565 37.76978526 30.92634147
  51.20766051 46.35813773 58.91663252 57.79060754 26.59184294 29.83749402
  36.96304484 32.11116331 49.94085531 51.34700062 25.95169004 30.72927435
  51.83472376 57.73650431 30.60032773 29.63838164 44.42317563 38.25366448
  10.60326924  9.8643692   8.56290542 11.29274102 30.00510881 31.98760258
  46.08268209 46.01797148  0.44355523  2.16645598 11.42429678]
 [ 4.98551563  5.05487307  8.54025328  8.27141184 14.89137182 19.99056878
  33.34070042 42.70215955 49.5489029  46.89077721  7.3441725   6.92960119
  15.73441768 19.75905093 27.73776432 31.84986149  6.42142152 11.23656115
  18.60863544 44.30035187  9.19980895  6.25508573 22.21201123 17.55501964
   5.43989164  5.86137178  4.97334041  5.37505957  8.61598039  8.15317252
  18.19259877 21.1956764   8.06783012  4.59623539  8.73050775]
 [11.31465627 13.27871778 11.05588859 14.7242029  18.14848644 24.04547867
  38.43249956 46.78722442 49.95116473 45.79580646 10.93519054 10.71875673
  15.7848728  19.19603209 39.17478659 40.34832158 13.48920927 33.28272211
  34.79645859 42.9729369  13.75862892 16.27062699 26.81825801 29.91430762
   6.89355222  9.07479768 12.30996955 12.31171808 14.02882145 15.31568033
  27.39821022 30.56907244  5.70204019  9.61590013  6.27365497]
 [15.39480541 17.56367697 11.56077147 14.38018772 18.68094674 22.95081776
  28.34980548 41.04830025 25.49556893 32.32327979 14.01515419 14.76347501
  26.36075592 40.99448595 24.52504117 37.315269   15.3861626  25.08596422
  16.27811611 23.45641007 15.50300928 17.34779466 25.69165379 35.41367738
  13.29814556 15.68638465 16.75366408 16.10726684 16.09271325 15.97212558
  24.43489292 37.24534348 15.27552046  8.60687101 11.16250506]
 [ 4.07879791  4.27614824  7.00373677 11.50181607 22.47221616 18.73669392
  27.00075658 23.42412116 27.99735645 24.28397043  8.15726837 10.33075921
  23.56062479 20.4781007  30.24565665 25.26532254  8.50538928 24.36449166
  31.03545223 25.58398123 14.02989235 13.39010784 28.55243075 19.77430622
   4.98574832  6.21630922  4.34864837  6.15883749 10.44764055 14.35556882
  29.34967271 24.88437474  4.54915468  2.33485797  9.66397595]
 [ 4.7710024   5.10268524  3.05451402  2.4787512   3.05815675  2.97783779
  31.73080749 26.56084009 44.7173093  41.22681756  6.52393246  4.35971146
  11.63864768 21.6428149  27.23190305 31.34581682  4.94382263 17.44496479
  22.06942244 37.06867805  2.19039715  3.28028267 17.85688435 11.54869689
   5.88972649  4.67851983  5.18248106  4.06913099  7.49505125  6.75323591
  16.14836741 24.68586544  5.82408991  6.08568641  6.91409275]]