[[ 0.23220917  0.20894599  0.81954795  0.36335613  1.18349856  0.16902899
   0.42827809  0.30354151  0.28030778  0.41723128  0.62773668  1.04809989
   0.79543932  1.61898867  0.48119517  0.56370639  0.4754644   0.21293507
   0.68151531  0.34711822  0.1379942   0.70943315  1.03485169  0.60449279
   0.11452734  0.14492358  0.17243682  0.58143567  1.37152957  1.80926513
   0.87200506  0.95596186  0.13581057  0.18855422  2.07639068]
 [16.96875363 14.79725114 13.52176737 15.2987111   5.26670107  7.58657872
   2.05340438  1.81514624  1.65321943  2.52081258 18.81792186 26.67896375
   6.81187418 10.86945791  2.14740763  1.76345774 10.03849341 11.73313761
   2.13618014  2.21605258 13.12794576 18.02459499  2.79964857  1.89986069
  16.59370604 15.46945452 14.50933231 13.11484285  8.5125713  19.13803488
   2.61657849  1.87177793 20.08103335 16.66006967 11.10175147]
 [ 6.38056907 13.46834209  4.57131057 23.64710679  3.77819166 10.04097315
   2.45648732  1.6312454   1.5495372   1.69873905  6.11399929 16.96830781
   4.00059393  8.04752794  2.70008717  2.44068596  7.61467563  7.4209506
   2.38986639  1.78576811  5.04648929 27.52596822  2.99132936  3.87755292
   9.28689515 19.81866553  8.09994891 10.67105512  3.89727152  7.21941095
   3.16673438  2.9304217  11.40455156 19.62560032 13.58418836]
 [24.30842484 19.3329718   8.99995112  4.15590115 15.62820099 22.04224801
   5.30070464  2.90804776  3.15479783  4.08877795 20.79213359 25.90277717
   7.73458268  4.8770686   3.46917915  2.65157204 15.56583256  4.42800148
   3.59291085  4.0943103   8.49445594 11.14243138  7.65307814  6.34138353
  19.12176572 21.56997396 18.99170964 19.28755914 14.51939986 14.97578783
   3.8596207   3.60993883  6.46833756  5.15042537 10.24901715]
 [ 5.21355156  6.65255395  4.91127205  5.88413257  3.70560161  5.94384691
   1.8340378   1.26718629  2.6519535   1.59430298  4.52271756 10.97334357
   3.50786625  3.71040685  2.05452028  1.43556129  4.31607832  4.59053551
   2.19998269  2.45148101  4.47422357  5.89315816  2.34743116  2.49831491
   5.88168911 13.74358783  5.44975642  4.9143944   3.19028231  7.17837619
   3.00372777  1.89412602  6.98081189  4.76740634  7.07562646]
 [ 3.11196749  1.45570071  1.24259528  3.54742202  1.89315521  3.58398515
   1.8932052   1.88473633  2.75731956  4.487707    3.51368348  3.9853617
   2.95998789  6.4005911   2.00090909  1.99420754  2.75978368  6.53254822
   1.94551645  3.57941512  5.89487299 16.70868284  1.99969033  2.62173112
   1.41496159  1.55121738  3.34647925  2.2606334   2.54333256  4.13819475
   2.07088893  2.42235503  1.24720974  1.35321053  5.44032097]
 [ 1.29559367  1.29894655  1.08684893  0.75260377  3.77927582  3.0536183
   1.65846187  1.41464392  1.13943485  1.33075536  1.97366493  1.5420285
   2.5826542   2.44856479  1.28004317  1.28021816  1.39437105  0.52353572
   1.22013136  1.4689328   1.0995214   1.89284619  1.39576094  1.79098502
   1.0484279   1.18266944  1.22016832  1.16714943  1.9582879   2.36515094
   1.63220746  1.68480622  0.99240475  0.1550032   3.0827587 ]
 [10.5648558  13.38002787  4.04373474  3.89288689  8.03757429  3.82512103
   4.11499191  2.2519076  14.63993366 13.96422632 11.22724123 13.79647528
   5.38141103  8.5057843   3.42394352  3.06033683  3.42387206  7.59504206
   3.90043364 14.30077793 14.78863228 12.1462277   3.48669185  3.16085436
  11.4340074  12.64605312  9.82229199  7.19716066  3.31025192  3.51212084
   2.93931975  3.04386976 11.31657407 11.2432515  17.02825488]
 [ 4.36573521  5.34622524  5.94214649  3.49457566  0.95920546  4.90129696
   1.25546677  1.14324578  1.77078278  1.76922587  3.17010969  2.80281581
   1.34758057  2.29742921  1.14002905  1.11376818  1.9652939   0.96345404
   1.08785391  1.85000303  2.06546381  2.50905601  1.0862378   1.49352053
   7.38956699  2.5801125   5.05514082  3.47958369  1.85128853  1.8396767
   1.31949173  1.26726026  3.90005921  6.03756302  5.7054343 ]
 [ 6.88126409  2.33322993  3.3218907   0.86364943  1.74874704  0.66697988
   0.93987688  0.21724053  1.21426692  0.48432096  3.86495375  0.19439455
  10.72747512  0.63709178  1.62357575  0.61795605  1.84662142  0.34202959
   0.41926509  0.48704287  4.43489638  0.2607477   0.66928398  0.21071582
   9.37000355  0.55181917  3.76068002  2.26842974  2.78419996  0.53132904
   1.87403238  0.86750749  3.7561215   1.52372503  1.87460463]
 [ 1.66243063  4.16730761  0.37781585  0.38814249  1.10286896  1.93322044
   1.70487972  4.74716086  4.21332574  3.08475128  1.8673443   1.63988875
   2.5177935   2.53248656  1.92615961  1.79961813  1.21269102  1.28217668
   1.78632107  3.45803871  2.17709964  3.9073447   1.63913684  1.7943534
   1.47485355  2.05709719  1.30759113  1.08584393  1.65181444  2.55453639
   2.2865774   2.10835402  0.7810923   1.70780542  5.1640096 ]
 [ 6.71387268  6.05819358  3.11488224  2.68888231  7.34284199  8.0665215
   1.87015632  3.08302316  1.50192875  1.37404503  3.2590901   3.41005892
   4.6801881   7.5863216   2.26840812  2.65750493  2.89308357  3.41035235
   2.11365464  1.5182151   7.07030612 11.81649214  4.17183883  9.1174794
   4.96735674  6.27874162  6.75804365  4.59353477  2.96967938  2.6654426
   2.84452506  2.92521228  5.59703585  3.74329401  8.67355973]
 [ 3.89229022  3.90043213  2.88423341  3.15210637  2.42879686  3.693391
   2.46737975  3.48043024  3.39751592  6.77597996  4.3224635   4.20547782
   3.11970174  4.32105733  2.67701343  3.45531608  4.07604665  3.06799607
   3.14243332  5.44675815  5.42235279  3.91443511  2.64372258  3.59512428
   4.43101012  4.05697901  4.10068743  4.19499609  3.88052872  4.13795866
   3.28071011  3.9546179   2.71952372  4.25322649  6.93947799]
 [ 0.8101076   1.08035259  0.64304474  0.84883998  0.41329709  0.67964647
   0.40977579  0.59397871  0.62325164  1.18446741  0.50848555  0.98527868
   0.85032626  1.26880521  0.56300076  0.78605508  0.50089258  0.81727413
   0.71483606  0.87427951  0.74125486  0.89682686  0.45644399  0.90617381
   0.73508887  1.78141129  0.8666419   0.50216134  0.79161082  0.86509718
   0.65536364  1.04586619  1.30643119  1.64671882  3.31831705]
 [ 1.12537478  1.21054806  1.73804604  1.43527439  1.35704859  1.38884461
   0.88183246  0.72845962  1.25837338  0.7645275   1.6557987   1.98827682
   1.88865196  1.76516796  1.03243627  0.74455718  1.40927129  1.45651397
   0.78010543  1.08509006  1.75023271  1.72089149  1.22244787  1.11898565
   1.1814166   1.08480602  1.42113451  1.04594429  1.68243804  1.97108809
   1.24255066  1.04973322  0.27478068  1.12926285  2.93353491]
 [ 0.79123976  1.33221354  2.22947483  2.44126388  2.82679198  1.92631645
   1.49854607  0.88761076  0.65784976  0.77198845  3.72382776  3.55820657
   2.68657109  3.25021084  1.27275481  1.36676166  1.83962419  0.94859159
   1.25951903  0.8320873   2.97275482  2.62593444  2.25862315  1.05024298
   2.05084509  2.51348838  1.0774304   1.75354677  2.63054697  2.83732056
   1.78206924  1.96218956  2.72624533  1.76753555  3.40127541]
 [12.99160348 10.32150402  6.80487944  8.79381348  7.57005582  2.43303659
   2.35203908  2.16179161  5.8344045   5.3365414  16.76046289 17.50746445
   4.00425493  2.94694759  2.29433482  2.21758166  5.61019621  8.99102662
   2.1993676   6.64559973 11.09727946  6.80659262  3.1467791   2.10906917
  25.00215889 21.26148244 13.1206086  11.12655684  5.55715154  4.43405944
   2.28832307  2.10238057 20.70118921 10.63293709  8.92645372]
 [ 2.78826796  3.15179527  1.64725483  2.14516779  1.79898264  2.89075815
   1.75549353  1.96511371  1.54218467  2.45523087  2.45152869  4.85724539
   1.71322406  1.90358775  1.36019845  1.73047914  2.03669239  1.8157996
   0.97944594  2.12642926  1.72229022  2.0382519   1.52901614  3.21934919
   3.30153874  4.29681371  2.80417851  2.44124251  1.94381848  2.40269217
   1.3314073   1.44833427  5.14472091  3.1655605   5.31334714]
 [ 5.55504644  8.97015058  6.45880046  4.83055265  5.45967735  2.5885251
   1.56823314  1.77463013  1.58170247  2.40650578  3.42612966  7.58499554
   2.22332944  3.53255825  1.13489712  1.6896239   3.3504706   4.25932812
   1.22588118  2.05428684  8.12099484  9.09874955  1.28923185  5.61163779
   3.63673047 12.78891588  6.06993357  4.84588995  2.65737221  2.92794056
   1.30038347  1.6502399   9.49033326  5.42743832 13.99260373]
 [ 4.28195605  2.12031293  0.78918203  0.78909926  0.44987778  0.5952728
   1.93419179  1.36533694  2.23665287  1.97846259  2.00481104  1.60109707
   1.99259171  2.25958439  1.99213671  1.93209223  1.71838996  4.12860058
   2.32716149  2.07462997  0.43890758  0.65495018  1.79908613  1.1496707
   2.87999267  2.53031449  3.60789962  1.47769992  2.35248911  2.47416409
   2.15676379  2.40055018  1.97801521  2.0902502   1.99692776]]