[[ 1.79532511  0.80865148  9.34137971  4.12912556  8.86143915  1.67885512
   9.91819519  8.64870327  6.59565286  6.96893818  5.41933446  7.48676195
   8.07122907 12.66914938  8.72540804  8.85414133  4.03034157  3.0536741
   8.28042217  6.30734295  1.3811904   8.30233213 10.65403834  9.65088735
   0.85173953  0.72709965  1.29590536  4.79182107 14.23685581 12.80127942
  10.61827553 10.2798324   0.51773543  0.82575063  7.65629518]
 [ 7.90829105  8.28961537 14.09285051  9.34060659 24.01096171 19.06593554
  26.49311116 17.31358874 17.19326446 16.68710807  9.6789854   5.13680664
  22.90011982 16.06295076 25.82885337 22.00623917 14.72258098 11.34097457
  21.37805531 16.51457404 16.95940274 10.79854496 28.40688152 22.23999572
   7.76150823  5.40607842  7.87309941  7.25589996 18.17603493 10.82495726
  24.04222798 24.18313108  5.34210331  6.46955553 10.26757131]
 [ 9.93235625  7.63975059 10.60018674  5.17513244 14.52879482 10.2079268
  14.66592493  9.12661738  6.69405667  6.55438122 10.49843416  9.20094487
  10.82131173 10.46763471  9.90223141  9.09397371 10.56254344 10.58685102
   9.18429789  7.1676395  11.94224474  3.88603084 12.53225005 10.39384103
   9.51370415  5.53795827  9.60124665  9.46769792 10.64580177 10.18256094
   8.43879968 10.031749    8.78111151  4.64158348  7.41999653]
 [ 4.16843161  5.03491481  8.72853942  5.83567981  8.53365178  5.55416072
  10.41835598  7.45585123  8.30611615  7.64697159  5.72980662  5.18684532
  12.92598754 10.20403053 11.41899782  8.19616873  8.59407776  4.35266657
  10.99791639  8.62184057 10.47054853 10.17157112 12.65067313  8.84278721
   3.0757695   2.98908541  5.53907999  4.09447733  8.24165699  8.98572205
  12.4803702  10.82711391  1.72718561  1.19820918  7.02084894]
 [ 5.91097166  6.27432625  7.00915441  8.9979031  18.61896383  9.81887629
  15.45157054 10.71718399 12.26591457 11.6986201   8.44314007  9.10092099
  12.60572349 10.1159864  13.03568989 10.30966165  9.25144858 10.93790956
  12.01189228 12.06146023 11.20377721 10.59311373 17.04043374 10.56921646
   6.21822352  6.762931    6.48332798  7.62496603 10.4495955  11.5213295
  12.348974    9.5037081   4.35181469  4.51107183  4.66041079]
 [15.87111198  5.32777407  8.33859033  7.66486021 16.9596888  14.64434876
  20.68057857 13.07647324 13.65189789 13.25017545 15.56893216 14.80485763
  18.83668133 16.14221135 20.08390803 13.8098984  21.84919547 18.89331742
  15.39543296 14.23299643 14.34307638  9.39584279 22.36061703 16.5113589
   4.8515317   5.66103426 15.13508486 15.03343389 18.42467628 18.8764989
  17.53737656 15.73474318  3.08933694  3.55037003 10.30134383]
 [ 4.91321304  7.79853543  7.95961803  6.25969909 14.56787244 14.38870329
  14.05769294 12.35595247  7.4574415   8.80377099  8.88625766  9.02451445
  15.82611909 12.60730859 13.32192888 10.72910043  9.83039102  3.5470846
  12.74433678  8.830268    6.49647357 10.94040953 15.62392115 14.33359805
   5.3983232   6.6974452   6.67730903  6.4886915  10.33354482 12.70597542
  12.95894329 10.81534049  3.71681611  1.94041077  8.46200547]
 [16.58740231 11.30828977 13.81711772 11.86765941 17.56549968 15.11097107
  20.11000005 13.10962772 11.5920473  10.8825466  23.59785169 16.41684978
  18.09345704 16.19741877 19.03762866 15.04662241 46.45862635 13.45232389
  17.579535   11.14740919 16.74248789 13.63760578 21.40047503 17.88057415
  19.82140216 13.49120086 17.31995828 26.81167761 34.57022251 23.96530252
  18.09469806 17.7479003   9.46190262  5.84098666 10.43721861]
 [10.17654964  9.48465379 12.62111286 12.0311192  13.60725298 12.28320593
  12.76905366 11.29062518  9.5166915   9.35214887 13.86741133 13.55394933
  14.48661439 12.35109643 12.70680117 10.95931716 12.10632107 11.73737715
  11.13680671  9.63013939 14.25131844 12.26720908 14.17834041 12.35973426
  10.78885931  8.70437985 11.21251169 11.91669149 13.16102574 11.19978038
  12.43786055 10.16973973  6.11742083  9.89876954  9.55077046]
 [ 3.30128921  3.45765271  2.39116895  1.31216582  1.82118799  2.69794744
   3.44908254  1.26137949  2.86488482  1.79553554  3.16632851  1.08998925
   4.869839    2.57791357  4.39804191  3.53886304  3.74244404  1.05818035
   2.26500402  1.46459965  0.88001989  0.80564804  1.06031808  1.14910806
   2.81302264  0.80110855  3.61713962  3.3744392   5.57936926  1.39184219
   7.19541465  4.22265354  1.82291952  1.46609441  5.51060829]
 [12.1814173   7.85973426  3.54269533  2.47177744 13.74620284 14.17944275
  12.5153282  12.20184325 10.31711759 10.81953522  8.63751013  4.89302746
  16.63029446 15.46281295 14.23874624 12.6881137  10.42946227 10.63467288
  12.20156875 10.73486513 15.51664117 11.37164795 15.78617549 14.87398186
   4.4419102   3.28663123  5.64015977  5.6267185  13.95123869 13.91800539
  15.11578152 13.41154061  1.34628215  1.51365135  6.58172409]
 [18.09982517 20.96900018 17.31869822 14.9297489  20.36991946 18.45341224
  21.7719999  21.68635458 17.59641046 17.92236762 20.16343613 20.82425236
  22.82886684 22.79901998 24.76284348 24.56361876 27.14270598 17.86783065
  27.64985842 19.76343305 19.37999085 16.96980792 23.6458135  18.26751349
  18.71998203 18.38187374 19.3517224  23.159243   27.63654177 24.03867536
  29.90967647 27.85275283 11.22504748  7.79744382 10.40251825]
 [ 9.27870526  8.32454078  9.84420478  7.13721464  9.15521102 11.80050677
   8.95231582  9.37461893  7.4774454   7.85885595 11.13880534  8.56607702
   9.49679749  9.42622227  8.0233063   8.2677584  10.74749649  5.21406115
   8.39808782  8.39872212  9.9100554   9.07329242  9.18550327 10.14816318
  10.37116983  7.71899238  8.87545466  9.32112114 10.77246762 10.45268109
   8.52504014  8.69100334  4.22397672  6.84945822  5.24786256]
 [35.25510039 36.13481034 36.61663285 35.96693575 36.42963553 37.98031193
  34.40854658 32.91300434 31.83163769 30.75108737 36.94022869 35.2225537
  34.9441265  35.33274967 33.38392224 34.06513995 38.13191596 37.07683925
  35.53490668 34.16986646 37.75140947 36.7721434  37.84880938 36.40045939
  35.00488218 35.21975611 36.2701695  36.65047524 38.34961978 35.01661055
  32.34559282 30.91803123 35.62798637 17.82751982 17.11842387]
 [ 6.01679224  7.45666449 11.88207261  9.34723191 13.3833827  13.38680675
   9.77270666  9.57072948  6.644851    6.86780232 11.73339677 12.02368598
  12.07795462 13.47555725  9.27843732  8.42109527 10.1690197  12.53857641
   7.94874878  6.78747892 13.50557249 13.5005813  11.90964215 11.91210689
   6.50402761  4.62366395  7.0135232   6.26445767 12.04229926 12.71044597
   9.85868967  9.5437341   1.02614164  3.77212775  6.9167529 ]
 [15.10858499 15.23956331 21.01043167 19.12086092 20.40642543 21.06806737
  18.95362972 15.10039244 12.19907235 12.76965894 16.8462534  16.57457106
  19.96833876 19.80600555 18.0526415  14.65519428 17.76147316 17.96389459
  16.78526606 12.72426484 19.61493501 12.87476778 20.42186857 12.63090707
  14.99928998 14.81963801 14.96757645 14.65733262 17.74757872 18.85871063
  19.00921267 15.871632   16.20705303 15.1079351  12.04384342]
 [16.33920163 17.12567888 18.8879517  22.67431858 22.16946294 25.92097253
  19.19240584 15.80340918 10.37914247 11.29714628 14.78221005 14.13207017
  19.47549508 18.03143281 16.42617239 14.77119709 17.44287205 12.34427928
  14.69846595 10.04427847 20.94362769 22.41667875 21.08737267 20.34666865
   9.45495961 10.1478298  16.8770736  16.50054843 18.21873595 20.08449302
  15.65217838 15.00383202  8.57958125 11.84067181  7.46280379]
 [16.10134372 16.58605097 23.7031148  23.99999973 32.47460595 26.63488684
  29.24801094 21.29627141 23.63709115 19.68258391 30.54370707 25.12953095
  28.93548167 23.20214205 25.15823269 20.21424828 30.2129385  25.99323976
  24.65222839 22.59927251 33.52853549 28.59721544 29.15705184 22.67492376
  21.36605423 19.53551844 18.5063907  25.14270326 32.48852602 27.65292711
  22.39046092 19.96910046 11.75346415  7.12487937 14.0133105 ]
 [ 7.25575021  7.07201657 13.85738426 20.83370616 30.74843154 27.88015698
  29.63440409 26.35686699 20.28325802 19.83787006 15.74277092 15.85459188
  32.07889609 29.36424118 27.73074422 23.90128226 21.89805765 22.15476915
  20.22469792 19.65069847 22.5474282  23.33512306 35.07114138 26.9592658
   9.77152027  9.92639178  7.79026283 14.08708186 20.82841094 23.60320268
  25.74809561 22.9919684   6.16921491  3.86713994 12.85746792]
 [ 8.22923458  7.26834569  5.28836605  4.95757482  2.75817975  2.57988615
   9.33813574  7.16147952  8.13230769  6.88614672 13.25064708  9.46068254
  10.19562216 11.89750275 12.19052734 11.82651242 13.86900697 12.52892746
  16.11450035  7.82733263  2.64147311  4.85341822 11.45737979  7.99158668
  11.03646905  8.61971694  7.98784434  8.76391774 15.79333673 12.78009138
  13.30237538 13.88459456  8.58994813  8.74047596  8.9234339 ]]